"*BAG, DRAINAGE SUCTION 500ML","CcicMR100777","CDM","270","RC","","","","","facility","both","","","","166.41","166.41","","","","","","","","","","","","","Gross Charge Type: Main Acute Price List"
"*BAG, DRAINAGE SUCTION 500ML","CcthChSup100777","CDM","270","RC","","","","","facility","both","","","","166.41","166.41","","","","","","","","","","","","","Gross Charge Type: Main Acute Price List"
"*BAG, DRAINAGE SUCTION 500ML","MiddUS100777","CDM","270","RC","","","","","facility","both","","","","166.41","166.41","","","","","","","","","","","","","Gross Charge Type: Main Acute Price List"
"*BAG, DRAINAGE SUCTION 500ML","S10747100777","CDM","270","RC","","","","","facility","both","","","","166.41","166.41","","","","","","","","","","","","","Gross Charge Type: Main Acute Price List"
"*BAG, DRAINAGE W/TWIST VALVE","CcimMR7963","CDM","270","RC","","","","","facility","both","","","","61.25","61.25","","","","","","","","","","","","","Gross Charge Type: Main Acute Price List"
"*BAG, DRAINAGE W/TWIST VALVE","Midd387963","CDM","270","RC","","","","","facility","both","","","","61.25","61.25","","","","","","","","","","","","","Gross Charge Type: Main Acute Price List"
"*BAG, LEG URI-DRAIN MED","Ccsp382465","CDM","270","RC","","","","","facility","both","","","","16.86","16.86","","","","","","","","","","","","","Gross Charge Type: Main Acute Price List"
"*BAG, LEG URI-DRAIN MED","ChrsMR2465","CDM","270","RC","","","","","facility","both","","","","16.86","16.86","","","","","","","","","","","","","Gross Charge Type: Main Acute Price List"
"*BAG, URINARY DRAINAGE 4L STE","Chrs54598","CDM","270","RC","","","","","facility","both","","","","25.34","25.34","","","","","","","","","","","","","Gross Charge Type: Main Acute Price List"
"*BAG, URINARY DRAINAGE CYSTOFLO","Ccim47837","CDM","270","RC","","","","","facility","both","","","","16.46","16.46","","","","","","","","","","","","","Gross Charge Type: Main Acute Price List"
"*BAG, URINARY DRAINAGE CYSTOFLO","Ccsm41837","CDM","270","RC","","","","","facility","both","","","","16.46","16.46","","","","","","","","","","","","","Gross Charge Type: Main Acute Price List"
"*BAG, URINARY DRAINAGE CYSTOFLO","Ccsp41837","CDM","270","RC","","","","","facility","both","","","","16.46","16.46","","","","","","","","","","","","","Gross Charge Type: Main Acute Price List"
"*BAG, URINARY DRAINAGE CYSTOFLO","ChrsMR837","CDM","270","RC","","","","","facility","both","","","","16.46","16.46","","","","","","","","","","","","","Gross Charge Type: Main Acute Price List"
"*BAG, URINARY DRAINAGE CYSTOFLO","Fcin38837","CDM","270","RC","","","","","facility","both","","","","16.46","16.46","","","","","","","","","","","","","Gross Charge Type: Main Acute Price List"
"*BAG, URINARY DRAINAGE CYSTOFLO","Midd38837","CDM","270","RC","","","","","facility","both","","","","16.46","16.46","","","","","","","","","","","","","Gross Charge Type: Main Acute Price List"
"*BAG-O-JET","CcthChSup81235","CDM","270","RC","","","","","facility","both","","","","0.52","0.52","","","","","","","","","","","","","Gross Charge Type: Main Acute Price List"
"*BALL, JURGAN  W045","Chrs5495339","CDM","270","RC","","","","","facility","both","","","","42.82","42.82","","","","","","","","","","","","","Gross Charge Type: Main Acute Price List"
"*BALL, JURGAN  W062","CcthChSup95340","CDM","270","RC","","","","","facility","both","","","","42.82","42.82","","","","","","","","","","","","","Gross Charge Type: Main Acute Price List"
"*BANDAGE, 6"" ELASTIC - STERILE","Chrs54203453","CDM","270","RC","","","","","facility","both","","","","8.8","8.8","","","","","","","","","","","","","Gross Charge Type: Main Acute Price List"
"*BANDAGE, CHIN LARGE","CcthChSup33423","CDM","270","RC","","","","","facility","both","","","","186.84","186.84","","","","","","","","","","","","","Gross Charge Type: Main Acute Price List"
"*BANDAGE, CHIN MEDIUM","CcthChSup26471","CDM","270","RC","","","","","facility","both","","","","186.84","186.84","","","","","","","","","","","","","Gross Charge Type: Main Acute Price List"
"*BANDAGE, ELASTIC 4""","Wilm548","CDM","270","RC","","","","","facility","both","","","","0.66","0.66","","","","","","","","","","","","","Gross Charge Type: Main Acute Price List"
"*BANDAGE, ELASTIC DOUBLE 6""","Chrs3882180","CDM","270","RC","","","","","facility","both","","","","8.97","8.97","","","","","","","","","","","","","Gross Charge Type: Main Acute Price List"
"*BANDAGE, ELASTIC DOUBLE 6""","Wilm3882180","CDM","270","RC","","","","","facility","both","","","","8.97","8.97","","","","","","","","","","","","","Gross Charge Type: Main Acute Price List"
"*BANDAGE, ELASTOPLAST 4""","EplbChSup26","CDM","270","RC","","","","","facility","both","","","","35.35","35.35","","","","","","","","","","","","","Gross Charge Type: Main Acute Price List"
"*BIOPATCH DISK STERILE 1 INCH 4MM HOLE","Wilm5442609","CDM","272","RC","","","","","facility","both","","","","34.2","34.2","","","","","","","","","","","","","Gross Charge Type: Main Acute Price List"
"*BIOPATCH DISK STERILE 1 INCH 7MM HOLE","CcthChSup42610","CDM","272","RC","","","","","facility","both","","","","34.2","34.2","","","","","","","","","","","","","Gross Charge Type: Main Acute Price List"
"*BIT, 4.2X340MM STERILE AO","Wilm5423129","CDM","270","RC","","","","","facility","both","","","","138.67","138.67","","","","","","","","","","","","","Gross Charge Type: Main Acute Price List"
"*BIT, DRILL 2.0 MINI-QUICK 65MM","Wilm54211378","CDM","270","RC","","","","","facility","both","","","","440.7","440.7","","","","","","","","","","","","","Gross Charge Type: Main Acute Price List"
"*BIT, DRILL 2.0MM CALIBATED","EplbChSup113666","CDM","272","RC","","","","","facility","both","","","","698.29","698.29","","","","","","","","","","","","","Gross Charge Type: Main Acute Price List"
"*BIT, DRILL 2.0MM HAND MINI QUICK CONNECT NON-STERILE DISPOSABLE FRACTURE SYSTEM","AngiWmSup118819","CDM","272","RC","","","","","facility","both","","","","233.54","233.54","","","","","","","","","","","","","Gross Charge Type: Main Acute Price List"
"*BIT, DRILL 2.4MM QUCK COUPHALL","Chrs5494064","CDM","270","RC","","","","","facility","both","","","","1050.95","1050.95","","","","","","","","","","","","","Gross Charge Type: Main Acute Price List"
"*BIT, DRILL 2.5MM - 26628","Wilm5426628","CDM","270","RC","","","","","facility","both","","","","495.11","495.11","","","","","","","","","","","","","Gross Charge Type: Main Acute Price List"
"*BIT, DRILL 2.5MM 3 FLUTED","EplbChSup24217","CDM","270","RC","","","","","facility","both","","","","1033.26","1033.26","","","","","","","","","","","","","Gross Charge Type: Main Acute Price List"
"*BIT, DRILL 2.5MMQK COUP STRL","AngiChSup107230","CDM","272","RC","","","","","facility","both","","","","726.56","726.56","","","","","","","","","","","","","Gross Charge Type: Main Acute Price List"
"*BIT, DRILL 2.5X60MM","EplbChSup57700","CDM","272","RC","","","","","facility","both","","","","1138.53","1138.53","","","","","","","","","","","","","Gross Charge Type: Main Acute Price List"
"*BIT, DRILL 2.7MM QUICK COUP.","EplbChSup6426","CDM","270","RC","","","","","facility","both","","","","431.77","431.77","","","","","","","","","","","","","Gross Charge Type: Main Acute Price List"
"*BIT, DRILL 2.7X45MM","EplbChSup112085","CDM","272","RC","","","","","facility","both","","","","640.21","640.21","","","","","","","","","","","","","Gross Charge Type: Main Acute Price List"
"*BIT, DRILL 3.2MM THREE FLUTED QC 200MM CALIB","Wilm5431751","CDM","272","RC","","","","","facility","both","","","","1372.71","1372.71","","","","","","","","","","","","","Gross Charge Type: Main Acute Price List"
"*BIT, DRILL 4.3MM LONG CALIBRATED","EplbChSup112388","CDM","272","RC","","","","","facility","both","","","","1664.01","1664.01","","","","","","","","","","","","","Gross Charge Type: Main Acute Price List"
"*BIT, DRILL ATLANTIS TRANSLAT 11MM","CcthChSup59486","CDM","272","RC","","","","","facility","both","","","","682.53","682.53","","","","","","","","","","","","","Gross Charge Type: Main Acute Price List"
"*BIT, DRILL ATLANTIS TRANSLAT 11MM","Wilm5459486","CDM","272","RC","","","","","facility","both","","","","682.53","682.53","","","","","","","","","","","","","Gross Charge Type: Main Acute Price List"
"*BIT, DRILL CALIBRATED CMP FT 2.2MM","EplbChSup63159","CDM","272","RC","","","","","facility","both","","","","1233.4","1233.4","","","","","","","","","","","","","Gross Charge Type: Main Acute Price List"
"*BIT, DRILL CALIBRATED QC 2.8 X 250X95MM","Wilm5453841","CDM","272","RC","","","","","facility","both","","","","723.58","723.58","","","","","","","","","","","","","Gross Charge Type: Main Acute Price List"
"*BIT, DRILL CANNULATED 1.6MM","EplbChSup117151","CDM","272","RC","","","","","facility","both","","","","1722.39","1722.39","","","","","","","","","","","","","Gross Charge Type: Main Acute Price List"
"*BIT, DRILL FLEXIBLE CANNULATED 16MM","Wilm5468916","CDM","272","RC","","","","","facility","both","","","","4478.45","4478.45","","","","","","","","","","","","","Gross Charge Type: Main Acute Price List"
"*BIT, DRILL GRAY 2.2X100MM","Wilm5468224","CDM","272","RC","","","","","facility","both","","","","512.51","512.51","","","","","","","","","","","","","Gross Charge Type: Main Acute Price List"
"*BIT, DRILL J-LATCH 1.5X12MM","AngiWmSup112227","CDM","272","RC","","","","","facility","both","","","","1080.14","1080.14","","","","","","","","","","","","","Gross Charge Type: Main Acute Price List"
"*BIT, DRILL MICA CANNULATED 3X60MM COMPT","AngiWmSup110059","CDM","272","RC","","","","","facility","both","","","","1173.56","1173.56","","","","","","","","","","","","","Gross Charge Type: Main Acute Price List"
"*BIT, DRILL NEEDLE POINT QUICK 3.2X145MM","EplbChSup62952","CDM","272","RC","","","","","facility","both","","","","937.98","937.98","","","","","","","","","","","","","Gross Charge Type: Main Acute Price List"
"*BIT, DRILL QUICK COUPLING 2.5X170MM","AngiWmSup115123","CDM","272","RC","","","","","facility","both","","","","817.23","817.23","","","","","","","","","","","","","Gross Charge Type: Main Acute Price List"
"*BIT, DRILL SHORT STP J NTCH 1.5MM","Chrs5466323","CDM","272","RC","","","","","facility","both","","","","794.05","794.05","","","","","","","","","","","","","Gross Charge Type: Main Acute Price List"
"*BIT, DRILL SOLID CORE AO/QC 3.0MM","AngiChSup118821","CDM","272","RC","","","","","facility","both","","","","671.44","671.44","","","","","","","","","","","","","Gross Charge Type: Main Acute Price List"
"*BIT, DRILL STEPPED LARGE 4.5X6.5X485MM","CcthChSup53835","CDM","272","RC","","","","","facility","both","","","","2992.58","2992.58","","","","","","","","","","","","","Gross Charge Type: Main Acute Price List"
"*BIT, RINGLOC QUICK CONNECT 3.2X20MM","EplbChSup38789","CDM","272","RC","","","","","facility","both","","","","437.9","437.9","","","","","","","","","","","","","Gross Charge Type: Main Acute Price List"
"*BIT, TWIST DRILL J NOTCH 7MM STOP 1.5X50MM","EplbChSup111216","CDM","272","RC","","","","","facility","both","","","","815.27","815.27","","","","","","","","","","","","","Gross Charge Type: Main Acute Price List"
"*BLADE AND HANDLE, LARYNGOSCOPE DISP MILLER 2","EplbChSup75382","CDM","272","RC","","","","","facility","both","","","","54","54","","","","","","","","","","","","","Gross Charge Type: Main Acute Price List"
"*BLADE, CAUTERY - COATED","EplbChSup202344","CDM","270","RC","","","","","facility","both","","","","21.66","21.66","","","","","","","","","","","","","Gross Charge Type: Main Acute Price List"
"*BLADE, DUAL CUT SAG","CcthChSup9703","CDM","270","RC","","","","","facility","both","","","","301.27","301.27","","","","","","","","","","","","","Gross Charge Type: Main Acute Price List"
"*BLADE, DUAL CUT SAG","EplbChSup9703","CDM","270","RC","","","","","facility","both","","","","301.27","301.27","","","","","","","","","","","","","Gross Charge Type: Main Acute Price List"
"*BLADE, FIN, STRAIGHT,SINGLE USE","AngiWmSup116216","CDM","272","RC","","","","","facility","both","","","","1080.14","1080.14","","","","","","","","","","","","","Gross Charge Type: Main Acute Price List"
"*BLADE, FLAT, 12 MM X 3 CM, SINGLE USE","AngiWmSup116209","CDM","272","RC","","","","","facility","both","","","","1080.14","1080.14","","","","","","","","","","","","","Gross Charge Type: Main Acute Price List"
"*BLADE, FULL RADIUS 52MM","EplbChSup47210","CDM","272","RC","","","","","facility","both","","","","3328.01","3328.01","","","","","","","","","","","","","Gross Charge Type: Main Acute Price List"
"*BLADE, LARYNGOSCOPE DISP MAC 3","EplbChSup75379","CDM","272","RC","","","","","facility","both","","","","22.48","22.48","","","","","","","","","","","","","Gross Charge Type: Main Acute Price List"
"*BLADE, OVAL 3.5 AGGRESSIVE 8-FLUTE","CcthChSup72316","CDM","272","RC","","","","","facility","both","","","","227.71","227.71","","","","","","","","","","","","","Gross Charge Type: Main Acute Price List"
"*BLADE, PERFORATED HELICAL 110MM","EplbChSup75148","CDM","272","RC","","","","","facility","both","","","","3823.36","3823.36","","","","","","","","","","","","","Gross Charge Type: Main Acute Price List"
"*BLADE, QUADCUT M4 4.3MMX13CM","Wilm5455174","CDM","272","RC","","","","","facility","both","","","","2721.73","2721.73","","","","","","","","","","","","","Gross Charge Type: Main Acute Price List"
"*BLADE, SABRE 3.5 AGGRESSIVE","Chrs5472314","CDM","272","RC","","","","","facility","both","","","","227.71","227.71","","","","","","","","","","","","","Gross Charge Type: Main Acute Price List"
"*BLADE, SAG DUAL CUT 18X90X1.27MM RES","EplbChSup76844","CDM","272","RC","","","","","facility","both","","","","69.01","69.01","","","","","","","","","","","","","Gross Charge Type: Main Acute Price List"
"*BLADE, SAGITAL SYSTEM 6","Chrs3137024","CDM","270","RC","","","","","facility","both","","","","319.08","319.08","","","","","","","","","","","","","Gross Charge Type: Main Acute Price List"
"*BLADE, SAW STRYKER UNIV NARROW","AngiWmSup116325","CDM","272","RC","","","","","facility","both","","","","1138.53","1138.53","","","","","","","","","","","","","Gross Charge Type: Main Acute Price List"
"*BLADE, SHAVER STRAIGHT SERATED STRL 0 DEGREE 4MM","AngiChSup115750","CDM","272","RC","","","","","facility","both","","","","2510.6","2510.6","","","","","","","","","","","","","Gross Charge Type: Main Acute Price List"
"*BLANKET, MAXI-THERM DISP.","EplbChSup80780","CDM","270","RC","","","","","facility","both","","","","69.36","69.36","","","","","","","","","","","","","Gross Charge Type: Main Acute Price List"
"*BOWL, STERILE UTILITY 32OZ","CcthChSup18370","CDM","270","RC","","","","","facility","both","","","","0.74","0.74","","","","","","","","","","","","","Gross Charge Type: Main Acute Price List"
"*BUR, CARBIDE FG 6 SL","Wilm5460323","CDM","272","RC","","","","","facility","both","","","","14.01","14.01","","","","","","","","","","","","","Gross Charge Type: Main Acute Price List"
"*BUR, CLEARCUT SLAP 6-FLUTE 4.0MMX13CM","CcthChSup50131","CDM","272","RC","","","","","facility","both","","","","231.2","231.2","","","","","","","","","","","","","Gross Charge Type: Main Acute Price List"
"*BUR, MR8 26CM BALL 6MM DIAMETER","EplbChSup111337","CDM","272","RC","","","","","facility","both","","","","803.39","803.39","","","","","","","","","","","","","Gross Charge Type: Main Acute Price List"
"*BUR, MR8 7CM BALL 7MM DIAMETER","AngiWmSup111307","CDM","272","RC","","","","","facility","both","","","","600.68","600.68","","","","","","","","","","","","","Gross Charge Type: Main Acute Price List"
"*BUR, MR8 7CM BALL DIAMOND FINE 4MM","CcthChSup111301","CDM","272","RC","","","","","facility","both","","","","660.75","660.75","","","","","","","","","","","","","Gross Charge Type: Main Acute Price List"
"*BUR, MR8 F3/9CM TAPER 3.0MM DIAMETER","EplbChSup111345","CDM","272","RC","","","","","facility","both","","","","675.76","675.76","","","","","","","","","","","","","Gross Charge Type: Main Acute Price List"
"*BUR, OVAL 4.0MM","EplbChSup64101","CDM","272","RC","","","","","facility","both","","","","176.5","176.5","","","","","","","","","","","","","Gross Charge Type: Main Acute Price List"
"*BUR, ROUND 3.0MM","Wilm3164108","CDM","272","RC","","","","","facility","both","","","","172.35","172.35","","","","","","","","","","","","","Gross Charge Type: Main Acute Price List"
"*BUR, ROUND DIAMOND 2.0MM","Chrs5464111","CDM","272","RC","","","","","facility","both","","","","426.92","426.92","","","","","","","","","","","","","Gross Charge Type: Main Acute Price List"
"*BUR, ROUND DIAMOND 5.0MM","EplbChSup61413","CDM","272","RC","","","","","facility","both","","","","896.23","896.23","","","","","","","","","","","","","Gross Charge Type: Main Acute Price List"
"*BUR, ROUND HL 8 FLUTE 4.0MM X 19CM","EplbChSup55190","CDM","272","RC","","","","","facility","both","","","","231.2","231.2","","","","","","","","","","","","","Gross Charge Type: Main Acute Price List"
"*BUR, ROUND MICRO MED 2MM","EplbChSup64553","CDM","272","RC","","","","","facility","both","","","","105.85","105.85","","","","","","","","","","","","","Gross Charge Type: Main Acute Price List"
"*BUR, ROUND MULTI FLUTED 4.0MM","CcthChSup61409","CDM","272","RC","","","","","facility","both","","","","916.66","916.66","","","","","","","","","","","","","Gross Charge Type: Main Acute Price List"
"*BUR, ST RD CARBIDE 2.3MM","Chrs545511","CDM","270","RC","","","","","facility","both","","","","82.44","82.44","","","","","","","","","","","","","Gross Charge Type: Main Acute Price List"
"*BURR, SCULPTING SHAPE CYL 3X12MM","AngiWmSup114702","CDM","272","RC","","","","","facility","both","","","","1887.76","1887.76","","","","","","","","","","","","","Gross Charge Type: Main Acute Price List"
"*CANISTER, 12 LTR LARGE VOLUME","Ccbc30203755","CDM","270","RC","","","","","facility","both","","","","108.39","108.39","","","","","","","","","","","","","Gross Charge Type: Main Acute Price List"
"*CANISTER, 12 LTR LARGE VOLUME","Ccsp47203755","CDM","270","RC","","","","","facility","both","","","","108.39","108.39","","","","","","","","","","","","","Gross Charge Type: Main Acute Price List"
"*CANISTER, 12 LTR LARGE VOLUME","CcthChSup203755","CDM","270","RC","","","","","facility","both","","","","108.39","108.39","","","","","","","","","","","","","Gross Charge Type: Main Acute Price List"
"*CANISTER, 12 LTR LARGE VOLUME","ChrsMR203755","CDM","270","RC","","","","","facility","both","","","","108.39","108.39","","","","","","","","","","","","","Gross Charge Type: Main Acute Price List"
"*CANISTER, SUCTION 2000CC","CcicMR2089","CDM","270","RC","","","","","facility","both","","","","9.43","9.43","","","","","","","","","","","","","Gross Charge Type: Main Acute Price List"
"*CANISTER, SUCTION 2000CC","Ccim412089","CDM","270","RC","","","","","facility","both","","","","9.43","9.43","","","","","","","","","","","","","Gross Charge Type: Main Acute Price List"
"*CANISTER, SUCTION 2000CC","CcsbMR2089","CDM","270","RC","","","","","facility","both","","","","9.43","9.43","","","","","","","","","","","","","Gross Charge Type: Main Acute Price List"
"*CANISTER, SUCTION 2000CC","Chrs382089","CDM","270","RC","","","","","facility","both","","","","9.43","9.43","","","","","","","","","","","","","Gross Charge Type: Main Acute Price List"
"*CANISTER, SUCTION 2000CC","Midd382089","CDM","270","RC","","","","","facility","both","","","","9.43","9.43","","","","","","","","","","","","","Gross Charge Type: Main Acute Price List"
"*CANNULA, 8.25MM X 9CM","Chrs5418711","CDM","270","RC","","","","","facility","both","","","","159.4","159.4","","","","","","","","","","","","","Gross Charge Type: Main Acute Price List"
"*CANNULA, DUAL STAGE VENOUS W/DOUBLE BASKET","CcthChSup24423","CDM","270","RC","","","","","facility","both","","","","236.81","236.81","","","","","","","","","","","","","Gross Charge Type: Main Acute Price List"
"*CANNULA, NASAL AIRLIFE","FcinCT752","CDM","270","RC","","","","","facility","both","","","","0.45","0.45","","","","","","","","","","","","","Gross Charge Type: Main Acute Price List"
"*CANNULA, NASAL AIRLIFE","Midd38752","CDM","270","RC","","","","","facility","both","","","","0.45","0.45","","","","","","","","","","","","","Gross Charge Type: Main Acute Price List"
"*CANNULA, PERFUSION DLP 9FR 5.5IN PEDIATRIC ADULT AORTIC ROOT FLANGED TIP W/SS STANDARD INTRO NDL BODY PVC NON-RADIOLUCENT TIP","CcthChSup118898","CDM","272","RC","","","","","facility","both","","","","97.62","97.62","","","","","","","","","","","","","Gross Charge Type: Main Acute Price List"
"*CANNULA, SOFT TIP 23G","Wilm5435349","CDM","270","RC","","","","","facility","both","","","","113.62","113.62","","","","","","","","","","","","","Gross Charge Type: Main Acute Price List"
"*CANNULA, VENOUS 3/8"" CONN 24FR","EplbChSup82523","CDM","270","RC","","","","","facility","both","","","","188.27","188.27","","","","","","","","","","","","","Gross Charge Type: Main Acute Price List"
"*CANNULA,ADULT NASAL CO2 SAMPLE W/FEMALE LUER","Wilm5448543","CDM","270","RC","","","","","facility","both","","","","9.92","9.92","","","","","","","","","","","","","Gross Charge Type: Main Acute Price List"
"*CANNULA,DLP HIGH FLOW OSTIAL 90 DEG 14 FR","EplbChSup69773","CDM","272","RC","","","","","facility","both","","","","127.18","127.18","","","","","","","","","","","","","Gross Charge Type: Main Acute Price List"
"*CAP, LEUR LOCK MALE/FEMALE RED","CcthChSup2872","CDM","270","RC","","","","","facility","both","","","","0.11","0.11","","","","","","","","","","","","","Gross Charge Type: Main Acute Price List"
"*CAP, LEUR LOCK MALE/FEMALE RED","Chrs542872","CDM","270","RC","","","","","facility","both","","","","0.11","0.11","","","","","","","","","","","","","Gross Charge Type: Main Acute Price List"
"*CAPS, SAMPLE CUP","EplbChSup212958","CDM","270","RC","","","","","facility","both","","","","0.05","0.05","","","","","","","","","","","","","Gross Charge Type: Main Acute Price List"
"*CATH, 16FR FOLEY W/TEMP SENSOR","EplbChSup206111","CDM","270","RC","","","","","facility","both","","","","131.96","131.96","","","","","","","","","","","","","Gross Charge Type: Main Acute Price List"
"*CATH, 4FR 125CM BERNSTEIN","Chrs5444871","CDM","272","RC","","","","","facility","both","","","","75.9","75.9","","","","","","","","","","","","","Gross Charge Type: Main Acute Price List"
"*CATH, BALLOON BILIARY 5FR","Wilm5480832","CDM","270","RC","","","","","facility","both","","","","613.05","613.05","","","","","","","","","","","","","Gross Charge Type: Main Acute Price List"
"*CATH, COBRA RENAL ACCESS .038","CcthChSup101962","CDM","272","RC","","","","","facility","both","","","","151.05","151.05","","","","","","","","","","","","","Gross Charge Type: Main Acute Price List"
"*CATH, COUDE FOLEY 20F 5CC","CcthChSup578","CDM","272","RC","","","","","facility","both","","","","53.6","53.6","","","","","","","","","","","","","Gross Charge Type: Main Acute Price List"
"*CATH, EMBOL FOGARTY 6FR LONG","Wilm5480840","CDM","272","RC","C1757","HCPCS","","","facility","both","","","","218.89","218.89","","","","","","","","","","","","","Gross Charge Type: Main Acute Price List"
"*CATH, FOLEY 5CC 14FR","CcthChSup1045","CDM","270","RC","","","","","facility","both","","","","46.86","46.86","","","","","","","","","","","","","Gross Charge Type: Main Acute Price List"
"*CATH, IV INTROCAN 14G 2","Chrs548476","CDM","270","RC","","","","","facility","both","","","","8.23","8.23","","","","","","","","","","","","","Gross Charge Type: Main Acute Price List"
"*CATH, IV PROTECTIVE 22G 1","Ccim4193817","CDM","270","RC","","","","","facility","both","","","","8.75","8.75","","","","","","","","","","","","","Gross Charge Type: Main Acute Price List"
"*CATH, LATEX 2 WAY 10F 3CC","CcsbCT2986","CDM","270","RC","","","","","facility","both","","","","41.04","41.04","","","","","","","","","","","","","Gross Charge Type: Main Acute Price List"
"*CATH, LATEX 2 WAY 10F 3CC","Chrs472986","CDM","270","RC","","","","","facility","both","","","","41.04","41.04","","","","","","","","","","","","","Gross Charge Type: Main Acute Price List"
"*CATH, LATEX 2 WAY 12F 5CC","Ccsm382470","CDM","270","RC","","","","","facility","both","","","","21.13","21.13","","","","","","","","","","","","","Gross Charge Type: Main Acute Price List"
"*CATH, LATEX 2 WAY 12F 5CC","CuroGr2470","CDM","270","RC","","","","","facility","both","","","","21.13","21.13","","","","","","","","","","","","","Gross Charge Type: Main Acute Price List"
"*CATH, LATEX 2 WAY 12F 5CC","S107412470","CDM","270","RC","","","","","facility","both","","","","21.13","21.13","","","","","","","","","","","","","Gross Charge Type: Main Acute Price List"
"*CATH, LATEX 2 WAY 14F 5CC","CcbcMg2471","CDM","270","RC","","","","","facility","both","","","","21.13","21.13","","","","","","","","","","","","","Gross Charge Type: Main Acute Price List"
"*CATH, LATEX 2 WAY 14F 5CC","MiddCT2471","CDM","270","RC","","","","","facility","both","","","","21.13","21.13","","","","","","","","","","","","","Gross Charge Type: Main Acute Price List"
"*CATH, LATEX 2 WAY 16F 5CC","CcicUS2472","CDM","270","RC","","","","","facility","both","","","","21.13","21.13","","","","","","","","","","","","","Gross Charge Type: Main Acute Price List"
"*CATH, LATEX 2 WAY 16F 5CC","Ccsm412472","CDM","270","RC","","","","","facility","both","","","","21.13","21.13","","","","","","","","","","","","","Gross Charge Type: Main Acute Price List"
"*CATH, LATEX 2 WAY 16F 5CC","S107US2472","CDM","270","RC","","","","","facility","both","","","","21.13","21.13","","","","","","","","","","","","","Gross Charge Type: Main Acute Price List"
"*CATH, LATEX 2 WAY 16F 5CC","Wilm542472","CDM","270","RC","","","","","facility","both","","","","21.13","21.13","","","","","","","","","","","","","Gross Charge Type: Main Acute Price List"
"*CATH, LATEX 2 WAY 18F 5CC","CcbcMg2473","CDM","270","RC","","","","","facility","both","","","","21.13","21.13","","","","","","","","","","","","","Gross Charge Type: Main Acute Price List"
"*CATH, LATEX 2 WAY 18F 5CC","WilmCT2473","CDM","270","RC","","","","","facility","both","","","","21.13","21.13","","","","","","","","","","","","","Gross Charge Type: Main Acute Price List"
"*CATH, LATEX 2 WAY 20F 5CC","HcccMR2474","CDM","270","RC","","","","","facility","both","","","","21.13","21.13","","","","","","","","","","","","","Gross Charge Type: Main Acute Price List"
"*CATH, LATEX 2 WAY 20F 5CC","Wilm382474","CDM","270","RC","","","","","facility","both","","","","21.13","21.13","","","","","","","","","","","","","Gross Charge Type: Main Acute Price List"
"*CATH, LATEX 2 WAY 22F 5CC","CcsbCT2475","CDM","270","RC","","","","","facility","both","","","","21.13","21.13","","","","","","","","","","","","","Gross Charge Type: Main Acute Price List"
"*CATH, LATEX 2 WAY 22F 5CC","FcinCT2475","CDM","270","RC","","","","","facility","both","","","","21.13","21.13","","","","","","","","","","","","","Gross Charge Type: Main Acute Price List"
"*CATH, LATEX 2 WAY 22F 5CC","Midd382475","CDM","270","RC","","","","","facility","both","","","","21.13","21.13","","","","","","","","","","","","","Gross Charge Type: Main Acute Price List"
"*CATH, LATEX 2 WAY 22F 5CC","S107US2475","CDM","270","RC","","","","","facility","both","","","","21.13","21.13","","","","","","","","","","","","","Gross Charge Type: Main Acute Price List"
"*CATH, LATEX 2 WAY 26F 5CC","CcbcMg2477","CDM","270","RC","","","","","facility","both","","","","21.13","21.13","","","","","","","","","","","","","Gross Charge Type: Main Acute Price List"
"*CATH, LATEX 2 WAY 26F 5CC","HcccMR2477","CDM","270","RC","","","","","facility","both","","","","21.13","21.13","","","","","","","","","","","","","Gross Charge Type: Main Acute Price List"
"*CATH, LATEX 3 WAY 18F 30CC","CcthChSup2492","CDM","270","RC","","","","","facility","both","","","","55.17","55.17","","","","","","","","","","","","","Gross Charge Type: Main Acute Price List"
"*CATH, LAUNCHER 5FR  1.0 AL AMPLATZ LT","EplbChSup64434","CDM","272","RC","C1887","HCPCS","","","facility","both","","","","233.54","233.54","","","","","","","","","","","","","Gross Charge Type: Main Acute Price List"
"*CATH, PEZZER MUSHROOM 32FR","EplbChSup2805","CDM","270","RC","","","","","facility","both","","","","100.36","100.36","","","","","","","","","","","","","Gross Charge Type: Main Acute Price List"
"*CATH, ROB-NEL 14FR","Wilm54612","CDM","272","RC","","","","","facility","both","","","","0.45","0.45","","","","","","","","","","","","","Gross Charge Type: Main Acute Price List"
"*CATH, ROBINSON 14FR","Chrs54636","CDM","270","RC","","","","","facility","both","","","","0.43","0.43","","","","","","","","","","","","","Gross Charge Type: Main Acute Price List"
"*CATH, ROBINSON 14FR","EplbChSup636","CDM","270","RC","","","","","facility","both","","","","0.43","0.43","","","","","","","","","","","","","Gross Charge Type: Main Acute Price List"
"*CATH, ROBINSON 2-EYE 20FR","EplbChSup80799","CDM","270","RC","","","","","facility","both","","","","10.21","10.21","","","","","","","","","","","","","Gross Charge Type: Main Acute Price List"
"*CATH, SECURE LARGE","MUroCh2358","CDM","270","RC","","","","","facility","both","","","","9.71","9.71","","","","","","","","","","","","","Gross Charge Type: Main Acute Price List"
"*CATH, SILICONE 2 WAY/30CC 20FR","Chrs544782","CDM","270","RC","","","","","facility","both","","","","29.54","29.54","","","","","","","","","","","","","Gross Charge Type: Main Acute Price List"
"*CATH, SILICONE 2 WAY/30CC 24FR","AngiChSup204622","CDM","270","RC","","","","","facility","both","","","","32.5","32.5","","","","","","","","","","","","","Gross Charge Type: Main Acute Price List"
"*CATH, SILICONE 2WAY/5CC 10FR","EplbChSup214337","CDM","270","RC","","","","","facility","both","","","","21.08","21.08","","","","","","","","","","","","","Gross Charge Type: Main Acute Price List"
"*CATH, SILICONE 2WAY/5CC 20FR","Wilm544781","CDM","270","RC","","","","","facility","both","","","","20.61","20.61","","","","","","","","","","","","","Gross Charge Type: Main Acute Price List"
"*CATH, SILICONE 2WAY/5CC 24FR","EplbChSup101950","CDM","270","RC","","","","","facility","both","","","","20.61","20.61","","","","","","","","","","","","","Gross Charge Type: Main Acute Price List"
"*CATH, THORACIC 40FR","EplbChSup2669","CDM","270","RC","","","","","facility","both","","","","37.11","37.11","","","","","","","","","","","","","Gross Charge Type: Main Acute Price List"
"*CATH, URETERAL LASER 7.1FR 40CM","Chrs5464824","CDM","272","RC","C1758","HCPCS","","","facility","both","","","","158.23","158.23","","","","","","","","","","","","","Gross Charge Type: Main Acute Price List"
"*CATH, WORD","EplbChSup1637","CDM","270","RC","","","","","facility","both","","","","104.22","104.22","","","","","","","","","","","","","Gross Charge Type: Main Acute Price List"
"*CATH,E-CATH PLUS ECHOGENIC STIM NEED 18GX75","CcthChSup72042","CDM","272","RC","","","","","facility","both","","","","251.06","251.06","","","","","","","","","","","","","Gross Charge Type: Main Acute Price List"
"*CAUTERY, FINE TIP DISPOSABLE","EplbChSup2220","CDM","270","RC","","","","","facility","both","","","","78.09","78.09","","","","","","","","","","","","","Gross Charge Type: Main Acute Price List"
"*CIRCUIT, VENTILATOR NONCONDUCT","Wilm5482442","CDM","270","RC","","","","","facility","both","","","","8.41","8.41","","","","","","","","","","","","","Gross Charge Type: Main Acute Price List"
"*CLIP, RANEY DISP","EplbChSup95924","CDM","270","RC","","","","","facility","both","","","","0.78","0.78","","","","","","","","","","","","","Gross Charge Type: Main Acute Price List"
"*COLD PACK, INSTANT MEDIUM","Chrs54211295","CDM","270","RC","","","","","facility","both","","","","0.35","0.35","","","","","","","","","","","","","Gross Charge Type: Main Acute Price List"
"*CONNECTOR, PH 6-IN-1","EplbChSup486","CDM","270","RC","","","","","facility","both","","","","11.24","11.24","","","","","","","","","","","","","Gross Charge Type: Main Acute Price List"
"*CONNECTOR, STR  1/2X1/2","Chrs5482355","CDM","270","RC","","","","","facility","both","","","","15.51","15.51","","","","","","","","","","","","","Gross Charge Type: Main Acute Price List"
"*CONNECTOR, SUCTION TUBING SIMS IRRIG STRL","Chrs5482497","CDM","270","RC","","","","","facility","both","","","","0.2","0.2","","","","","","","","","","","","","Gross Charge Type: Main Acute Price List"
"*CONNECTOR, Y  3/8","EplbChSup82362","CDM","270","RC","","","","","facility","both","","","","19.54","19.54","","","","","","","","","","","","","Gross Charge Type: Main Acute Price List"
"*CONTAINER, SPECIMEN SOCK STANDARD","Wilm5433420","CDM","270","RC","","","","","facility","both","","","","5.43","5.43","","","","","","","","","","","","","Gross Charge Type: Main Acute Price List"
"*COVER, PROBE LG T-SHAPED LATEX FREE W/GEL","CcthChSup19464","CDM","270","RC","","","","","facility","both","","","","54.88","54.88","","","","","","","","","","","","","Gross Charge Type: Main Acute Price List"
"*COVER, TRANSDUCER LATEX FREE","Wilm5425241","CDM","270","RC","","","","","facility","both","","","","82.95","82.95","","","","","","","","","","","","","Gross Charge Type: Main Acute Price List"
"*CROWN, SS UPPER LEFT E6","CcthChSup57101","CDM","270","RC","","","","","facility","both","","","","42.61","42.61","","","","","","","","","","","","","Gross Charge Type: Main Acute Price List"
"*CRUTCHES, ALUMINUM ADULT","Wilm543020x","CDM","270","RC","","","","","facility","both","","","","58.27","58.27","","","","","","","","","","","","","Gross Charge Type: Main Acute Price List"
"*CUFF, 34"" POSI-LOK DUAL PORT","EplbChSup203032","CDM","270","RC","","","","","facility","both","","","","87.58","87.58","","","","","","","","","","","","","Gross Charge Type: Main Acute Price List"
"*CUFF, REPROCESSED DUAL PORT POSI-LOK 34IN","EplbChSup69421","CDM","272","RC","","","","","facility","both","","","","49.63","49.63","","","","","","","","","","","","","Gross Charge Type: Main Acute Price List"
"*CURETTE, BUSSE VACUUM CURVED 12MM","EplbChSup1484","CDM","270","RC","","","","","facility","both","","","","27.71","27.71","","","","","","","","","","","","","Gross Charge Type: Main Acute Price List"
"*CURETTE, BUSSE VACUUM CURVED 16MM","Wilm54203051","CDM","270","RC","","","","","facility","both","","","","31.58","31.58","","","","","","","","","","","","","Gross Charge Type: Main Acute Price List"
"*CUSHION, PRONE VIEW INSERT -LG","Chrs548472","CDM","270","RC","","","","","facility","both","","","","145.97","145.97","","","","","","","","","","","","","Gross Charge Type: Main Acute Price List"
"*DEVICE, GRASPING RAPTOR","CcthChSup72708","CDM","272","RC","","","","","facility","both","","","","554.67","554.67","","","","","","","","","","","","","Gross Charge Type: Main Acute Price List"
"*DEVICE, HAN-HELD PTM BOLUS CONTROLLER","CcthChSup76399","CDM","272","RC","","","","","facility","both","","","","4443.19","4443.19","","","","","","","","","","","","","Gross Charge Type: Main Acute Price List"
"*DEVICE, SPECIMEN TRANS SPEC","EplbChSup93874","CDM","270","RC","","","","","facility","both","","","","113.06","113.06","","","","","","","","","","","","","Gross Charge Type: Main Acute Price List"
"*DEVICE,STATLOCK CATH SECUREM LG 12-14FR","AngiWmSup66627","CDM","272","RC","","","","","facility","both","","","","60.61","60.61","","","","","","","","","","","","","Gross Charge Type: Main Acute Price List"
"*DEVICE,STATLOCK CATH SECUREM MED 10-12FR","Wilm3166626","CDM","272","RC","","","","","facility","both","","","","60.61","60.61","","","","","","","","","","","","","Gross Charge Type: Main Acute Price List"
"*DRESSING, DUODERM 4X4 CGF","CcspMR2342","CDM","270","RC","","","","","facility","both","","","","9.88","9.88","","","","","","","","","","","","","Gross Charge Type: Main Acute Price List"
"*DRESSING, DUODERM 4X4 CGF","Wilm542342x","CDM","270","RC","","","","","facility","both","","","","9.88","9.88","","","","","","","","","","","","","Gross Charge Type: Main Acute Price List"
"*DRESSING, DUODERM 4X4 CGF","WilmMR2342","CDM","270","RC","","","","","facility","both","","","","9.88","9.88","","","","","","","","","","","","","Gross Charge Type: Main Acute Price List"
"*DRESSING, JONES STER 1LB RL CSR/INNER WRAP","Wilm5454","CDM","270","RC","","","","","facility","both","","","","51.88","51.88","","","","","","","","","","","","","Gross Charge Type: Main Acute Price List"
"*DRESSING, MEPITEL ONE 3"" X 4""","Chrs5456026","CDM","272","RC","","","","","facility","both","","","","25.23","25.23","","","","","","","","","","","","","Gross Charge Type: Main Acute Price List"
"*DRESSING, PACK STRIP 1/4 X 2""","Chrs546011x","CDM","270","RC","","","","","facility","both","","","","111.42","111.42","","","","","","","","","","","","","Gross Charge Type: Main Acute Price List"
"*DRESSING, PREVENA INCISION","Chrs5449328","CDM","270","RC","","","","","facility","both","","","","1636.27","1636.27","","","","","","","","","","","","","Gross Charge Type: Main Acute Price List"
"*DRESSING, TEGADERM 4X4 3/4","Ccsb472656","CDM","270","RC","","","","","facility","both","","","","0.62","0.62","","","","","","","","","","","","","Gross Charge Type: Main Acute Price List"
"*DRESSING, TEGADERM 4X4 W/PAD","HcccUS212120","CDM","270","RC","","","","","facility","both","","","","9.69","9.69","","","","","","","","","","","","","Gross Charge Type: Main Acute Price List"
"*DRESSING, TEGADERM INFANT 2-3/8","Ccim382984","CDM","270","RC","","","","","facility","both","","","","0.21","0.21","","","","","","","","","","","","","Gross Charge Type: Main Acute Price List"
"*DRESSING, TEGADERM INFANT 2-3/8","Ccsb382984","CDM","270","RC","","","","","facility","both","","","","0.21","0.21","","","","","","","","","","","","","Gross Charge Type: Main Acute Price List"
"*DRESSING, TEGADERM INFANT 2-3/8","Hccc382984","CDM","270","RC","","","","","facility","both","","","","0.21","0.21","","","","","","","","","","","","","Gross Charge Type: Main Acute Price List"
"*DRESSING, VAC GRANUFOAM MEDIUM","Chrs541520","CDM","270","RC","","","","","facility","both","","","","240.19","240.19","","","","","","","","","","","","","Gross Charge Type: Main Acute Price List"
"*DRESSING, VAC GRANUFOAM X LARGE","EplbChSup39455","CDM","272","RC","","","","","facility","both","","","","574.94","574.94","","","","","","","","","","","","","Gross Charge Type: Main Acute Price List"
"*DRESSING, VAC VERAFLOW CLEANSE MEDIUM","Chrs5466115","CDM","270","RC","","","","","facility","both","","","","765.44","765.44","","","","","","","","","","","","","Gross Charge Type: Main Acute Price List"
"*DRESSING, VAC VERAFLOW LARGE FOR INSTALLATION","Wilm5454523","CDM","272","RC","","","","","facility","both","","","","1198.09","1198.09","","","","","","","","","","","","","Gross Charge Type: Main Acute Price List"
"*DRILL 1.5X105, W/NOTCH","Wilm54211986","CDM","270","RC","","","","","facility","both","","","","759.02","759.02","","","","","","","","","","","","","Gross Charge Type: Main Acute Price List"
"*DRILL BIT, 1.6X26MM","EplbChSup79551","CDM","272","RC","","","","","facility","both","","","","583.86","583.86","","","","","","","","","","","","","Gross Charge Type: Main Acute Price List"
"*DRILL BIT, 3.2MM CANNULATED","Chrs5453728","CDM","272","RC","","","","","facility","both","","","","1634.81","1634.81","","","","","","","","","","","","","Gross Charge Type: Main Acute Price List"
"*DRILL, 4.0MM LONG STRL","EplbChSup112502","CDM","272","RC","","","","","facility","both","","","","1423.17","1423.17","","","","","","","","","","","","","Gross Charge Type: Main Acute Price List"
"*DRILL, ANTERIOR CERVICAL PLATE 14MM","AngiChSup118318","CDM","272","RC","","","","","facility","both","","","","1123.94","1123.94","","","","","","","","","","","","","Gross Charge Type: Main Acute Price List"
"*DRILL, BONE GRAFT 10MM","AngiWmSup113662","CDM","272","RC","","","","","facility","both","","","","5330.66","5330.66","","","","","","","","","","","","","Gross Charge Type: Main Acute Price List"
"*DRILL, CANNULATED 4MM","EplbChSup68955","CDM","272","RC","","","","","facility","both","","","","1233.4","1233.4","","","","","","","","","","","","","Gross Charge Type: Main Acute Price List"
"*DRILL, FREEHAND 4.2X185MM","EplbChSup79778","CDM","272","RC","","","","","facility","both","","","","1017.67","1017.67","","","","","","","","","","","","","Gross Charge Type: Main Acute Price List"
"*DRILL, INBONE SZ 2MM ANTI-ROTATION NOTCH","CcthChSup118599","CDM","272","RC","","","","","facility","both","","","","1103.5","1103.5","","","","","","","","","","","","","Gross Charge Type: Main Acute Price List"
"*DRILL, INBONE SZ 3MM ANTI-ROTATION NOTCH","EplbChSup117952","CDM","272","RC","","","","","facility","both","","","","1103.5","1103.5","","","","","","","","","","","","","Gross Charge Type: Main Acute Price List"
"*DRILL, LONG STRAIGHT","EplbChSup108231","CDM","272","RC","","","","","facility","both","","","","1108.17","1108.17","","","","","","","","","","","","","Gross Charge Type: Main Acute Price List"
"*DRILL, TWIST 2.30MM","EplbChSup26673","CDM","270","RC","","","","","facility","both","","","","875.79","875.79","","","","","","","","","","","","","Gross Charge Type: Main Acute Price List"
"*DRILL, VALOR NAIL FREE HAND STERILE","CcthChSup120082","CDM","272","RC","","","","","facility","both","","","","1658.17","1658.17","","","","","","","","","","","","","Gross Charge Type: Main Acute Price List"
"*ELECTRODE, RETURN PEDIATRIC","CcthChSup834","CDM","270","RC","","","","","facility","both","","","","25.51","25.51","","","","","","","","","","","","","Gross Charge Type: Main Acute Price List"
"*EVACUATOR, WOUND 400CC WITH 3/16"" DRAIN HEMOVAC TYPE","CcthChSup1685","CDM","270","RC","","","","","facility","both","","","","53.6","53.6","","","","","","","","","","","","","Gross Charge Type: Main Acute Price List"
"*FORCEP, HOT BX RADIAL JAW 3","Chrs54213827","CDM","270","RC","","","","","facility","both","","","","137.72","137.72","","","","","","","","","","","","","Gross Charge Type: Main Acute Price List"
"*FORCEP, HOT BX RADIAL JAW 3","EplbChSup213827","CDM","270","RC","","","","","facility","both","","","","137.72","137.72","","","","","","","","","","","","","Gross Charge Type: Main Acute Price List"
"*GOWN, PATIENT WARMING BAIR PAWS ADULT STD","EplbChSup38437","CDM","270","RC","","","","","facility","both","","","","51.04","51.04","","","","","","","","","","","","","Gross Charge Type: Main Acute Price List"
"*HOLDER, DRAINAGE BULB PRODY UNIVERSAL","EplbChSup63435","CDM","270","RC","","","","","facility","both","","","","36.79","36.79","","","","","","","","","","","","","Gross Charge Type: Main Acute Price List"
"*HOLDER, NASOGASTRIC TUBE","EplbChSup72517","CDM","270","RC","","","","","facility","both","","","","10.22","10.22","","","","","","","","","","","","","Gross Charge Type: Main Acute Price List"
"*INSTRUMENT KIT, MINI BUNION","AngiChSup119835","CDM","278","RC","C1713","HCPCS","","","facility","both","","","","3714.06","3714.06","","","","","","","","","","","","","Gross Charge Type: Main Acute Price List"
"*INSTRUMENT, PACK DART FIRE EDGE PC GF 30 SS","CcthChSup117119","CDM","272","RC","","","","","facility","both","","","","700.63","700.63","","","","","","","","","","","","","Gross Charge Type: Main Acute Price List"
"*INSTRUMENTS, DRIVER PEG TORQUE LIMITING","EplbChSup119807","CDM","272","RC","","","","","facility","both","","","","513.8","513.8","","","","","","","","","","","","","Gross Charge Type: Main Acute Price List"
"*IV SET, Y EXT W/2 SMARTSITES","CcthChSup383","CDM","270","RC","","","","","facility","both","","","","19.87","19.87","","","","","","","","","","","","","Gross Charge Type: Main Acute Price List"
"*IV, 0.9% NACL 100 ML - 2397","S107412397","CDM","270","RC","","","","","facility","both","","","","9.6","9.6","","","","","","","","","","","","","Gross Charge Type: Main Acute Price List"
"*IV, 0.9% NACL 1000 ML","Chrs38950","CDM","270","RC","","","","","facility","both","","","","9.56","9.56","","","","","","","","","","","","","Gross Charge Type: Main Acute Price List"
"*IV, 0.9% NACL 1000 ML","Chrs54950","CDM","270","RC","","","","","facility","both","","","","9.56","9.56","","","","","","","","","","","","","Gross Charge Type: Main Acute Price List"
"*IV, 0.9% NACL 250 ML","EplbChSup948","CDM","270","RC","","","","","facility","both","","","","9.96","9.96","","","","","","","","","","","","","Gross Charge Type: Main Acute Price List"
"*IV, 0.9% NACL 500 ML","Ccsb38949","CDM","270","RC","","","","","facility","both","","","","11.68","11.68","","","","","","","","","","","","","Gross Charge Type: Main Acute Price List"
"*IV, 0.9% NACL 500 ML","WilmUS949","CDM","270","RC","","","","","facility","both","","","","11.68","11.68","","","","","","","","","","","","","Gross Charge Type: Main Acute Price List"
"*IV, 0.9% NACL/20 KCL 1000 ML","Wilm54104206","CDM","270","RC","","","","","facility","both","","","","17.09","17.09","","","","","","","","","","","","","Gross Charge Type: Main Acute Price List"
"*IV, D5/0.45% NACL 1000 ML","ChrsCT925","CDM","270","RC","","","","","facility","both","","","","13.54","13.54","","","","","","","","","","","","","Gross Charge Type: Main Acute Price List"
"*IV, D5/0.45% NACL 1000 ML","HcccMR925","CDM","270","RC","","","","","facility","both","","","","13.54","13.54","","","","","","","","","","","","","Gross Charge Type: Main Acute Price List"
"*IV, D5/0.45% NACL 1000 ML","Midd38925","CDM","270","RC","","","","","facility","both","","","","13.54","13.54","","","","","","","","","","","","","Gross Charge Type: Main Acute Price List"
"*IV, D5/WATER-1000 ML","CcspMR920","CDM","270","RC","","","","","facility","both","","","","15.02","15.02","","","","","","","","","","","","","Gross Charge Type: Main Acute Price List"
"*IV, GLYCINE 1.5% 3000ML","CcthChSup972","CDM","270","RC","","","","","facility","both","","","","80.56","80.56","","","","","","","","","","","","","Gross Charge Type: Main Acute Price List"
"*IV, LACT RINGERS 1000 ML","Ccsm47944","CDM","270","RC","","","","","facility","both","","","","10.71","10.71","","","","","","","","","","","","","Gross Charge Type: Main Acute Price List"
"*IV, WATER F/ 1000 CC","Wilm542041","CDM","270","RC","","","","","facility","both","","","","14.78","14.78","","","","","","","","","","","","","Gross Charge Type: Main Acute Price List"
"*KIT, ASPIRATION WITH CANNULA 6MM","Chrs3137874","CDM","272","RC","","","","","facility","both","","","","87.58","87.58","","","","","","","","","","","","","Gross Charge Type: Main Acute Price List"
"*KIT, CANNULA DISP 8MM","Chrs5418127","CDM","270","RC","","","","","facility","both","","","","159.1","159.1","","","","","","","","","","","","","Gross Charge Type: Main Acute Price List"
"*KIT, LAPAROSCOPIC ANTI-FOGGING D-HELP","CcthChSup48527","CDM","272","RC","","","","","facility","both","","","","239.38","239.38","","","","","","","","","","","","","Gross Charge Type: Main Acute Price List"
"*KIT, LEVINE SUCTION IRRIGATION","Wilm54100734","CDM","270","RC","","","","","facility","both","","","","259.53","259.53","","","","","","","","","","","","","Gross Charge Type: Main Acute Price List"
"*KIT, LUMBAR PUNCTURE 18G","CcsmUS886","CDM","270","RC","","","","","facility","both","","","","86.12","86.12","","","","","","","","","","","","","Gross Charge Type: Main Acute Price List"
"*KIT, LUMBAR PUNCTURE 18G","CcspUS886","CDM","270","RC","","","","","facility","both","","","","86.12","86.12","","","","","","","","","","","","","Gross Charge Type: Main Acute Price List"
"*KIT, LUMBAR PUNCTURE 18G","HcccUS886","CDM","270","RC","","","","","facility","both","","","","86.12","86.12","","","","","","","","","","","","","Gross Charge Type: Main Acute Price List"
"*KIT, LUMBAR PUNCTURE 18G","S10741886","CDM","270","RC","","","","","facility","both","","","","86.12","86.12","","","","","","","","","","","","","Gross Charge Type: Main Acute Price List"
"*KIT, SUCTION W/SALINE 2 GLOVES","Chrs381024","CDM","270","RC","","","","","facility","both","","","","8.91","8.91","","","","","","","","","","","","","Gross Charge Type: Main Acute Price List"
"*KIT, SUCTION W/SALINE 2 GLOVES","Chrs541024","CDM","270","RC","","","","","facility","both","","","","8.91","8.91","","","","","","","","","","","","","Gross Charge Type: Main Acute Price List"
"*KIT, SUTURE REMOVAL INSTRUMENT","Chrs542192","CDM","270","RC","","","","","facility","both","","","","6.13","6.13","","","","","","","","","","","","","Gross Charge Type: Main Acute Price List"
"*KIT, SYNCHROMED PUMP ACCESS","Chrs54215385","CDM","270","RC","","","","","facility","both","","","","145.97","145.97","","","","","","","","","","","","","Gross Charge Type: Main Acute Price List"
"*KIT, TRANSPAC TRANSDUCER UN-BONDED 60IN","Chrs5470129","CDM","272","RC","","","","","facility","both","","","","45.37","45.37","","","","","","","","","","","","","Gross Charge Type: Main Acute Price List"
"*KIT,PORT ACC W POW LOC NDLE WO Y-S 19GX3/4I","CcsbUS64222","CDM","272","RC","","","","","facility","both","","","","72.69","72.69","","","","","","","","","","","","","Gross Charge Type: Main Acute Price List"
"*KIT,PORT ACC W POW LOC NDLE WO Y-S 19GX3/4I","Ccsm3864222","CDM","272","RC","","","","","facility","both","","","","72.69","72.69","","","","","","","","","","","","","Gross Charge Type: Main Acute Price List"
"*KIT,PORT ACC W POW LOC NDLE WO Y-S 19GX3/4I","FcinCT64222","CDM","272","RC","","","","","facility","both","","","","72.69","72.69","","","","","","","","","","","","","Gross Charge Type: Main Acute Price List"
"*KIT,PORT ACC W POW LOC NDLE WO Y-S 19GX3/4I","Wilm4164222","CDM","272","RC","","","","","facility","both","","","","72.69","72.69","","","","","","","","","","","","","Gross Charge Type: Main Acute Price List"
"*KIT,PORT ACCESS W POW LOC NDLE WO Y 19GX1I","CcicCT64221","CDM","272","RC","","","","","facility","both","","","","72.69","72.69","","","","","","","","","","","","","Gross Charge Type: Main Acute Price List"
"*KIT,PORT ACCESS W POW LOC NDLE WO Y 19GX1I","Ccsm4164221","CDM","272","RC","","","","","facility","both","","","","72.69","72.69","","","","","","","","","","","","","Gross Charge Type: Main Acute Price List"
"*KIT,PORT ACCESS W POW LOC NDLE WO Y 19GX1I","Hccc3864221","CDM","272","RC","","","","","facility","both","","","","72.69","72.69","","","","","","","","","","","","","Gross Charge Type: Main Acute Price List"
"*KNIFE, DUAL BEVEL SIDEPORT 1.2MM","EplbChSup60648","CDM","272","RC","","","","","facility","both","","","","66.56","66.56","","","","","","","","","","","","","Gross Charge Type: Main Acute Price List"
"*LENS, VITRECTOMY DISPOSABLE","Chrs5422810","CDM","276","RC","","","","","facility","both","","","","115.29","115.29","","","","","","","","","","","","","Gross Charge Type: Main Acute Price List"
"*LOOP, VESSEL BLUE MAXI","CcthChSup1602","CDM","270","RC","","","","","facility","both","","","","0.54","0.54","","","","","","","","","","","","","Gross Charge Type: Main Acute Price List"
"*MANIPUJECTOR, KRONNER","Chrs54204731","CDM","270","RC","","","","","facility","both","","","","206.79","206.79","","","","","","","","","","","","","Gross Charge Type: Main Acute Price List"
"*MOUTHPIECE, PEDS ISODRY","Wilm5453337","CDM","270","RC","","","","","facility","both","","","","12.85","12.85","","","","","","","","","","","","","Gross Charge Type: Main Acute Price List"
"*NEEDLE, 1/2 CIRCLE TAPER PT - 1511","CcthChSup1511","CDM","270","RC","","","","","facility","both","","","","17.57","17.57","","","","","","","","","","","","","Gross Charge Type: Main Acute Price List"
"*NEEDLE, FREE SUTURE NEEDLE","Wilm541600x","CDM","270","RC","","","","","facility","both","","","","13.38","13.38","","","","","","","","","","","","","Gross Charge Type: Main Acute Price List"
"*NEEDLE, SPC 20G X 2.5""","EplbChSup559","CDM","270","RC","","","","","facility","both","","","","30.16","30.16","","","","","","","","","","","","","Gross Charge Type: Main Acute Price List"
"*NEEDLE, SPINAL 22G X 5""","AngiChSup1129","CDM","270","RC","","","","","facility","both","","","","34.98","34.98","","","","","","","","","","","","","Gross Charge Type: Main Acute Price List"
"*NEEDLE, SPINAL 22G X 5""","Ccsb471129","CDM","270","RC","","","","","facility","both","","","","34.98","34.98","","","","","","","","","","","","","Gross Charge Type: Main Acute Price List"
"*NEEDLE, SPINAL 22G X 5""","CcsmCT1129","CDM","270","RC","","","","","facility","both","","","","34.98","34.98","","","","","","","","","","","","","Gross Charge Type: Main Acute Price List"
"*NEEDLE, SPINAL 22G X 5""","Ccsp381129","CDM","270","RC","","","","","facility","both","","","","34.98","34.98","","","","","","","","","","","","","Gross Charge Type: Main Acute Price List"
"*NEEDLE, SPINAL 25G X 3-1/2""","CcicUS1210","CDM","270","RC","","","","","facility","both","","","","13.6","13.6","","","","","","","","","","","","","Gross Charge Type: Main Acute Price List"
"*NEEDLE, SPINAL 25G X 3-1/2""","Ccsm471210","CDM","270","RC","","","","","facility","both","","","","13.6","13.6","","","","","","","","","","","","","Gross Charge Type: Main Acute Price List"
"*NEEDLE, SPINAL 25G X 3-1/2""","Ccsp471210","CDM","270","RC","","","","","facility","both","","","","13.6","13.6","","","","","","","","","","","","","Gross Charge Type: Main Acute Price List"
"*NEEDLE, SPINAL 25G X 3-1/2""","EplbChSup1210","CDM","270","RC","","","","","facility","both","","","","13.6","13.6","","","","","","","","","","","","","Gross Charge Type: Main Acute Price List"
"*NEEDLE, SPINAL DISP 18G X 3-1/2""","CcsbMR2736","CDM","270","RC","","","","","facility","both","","","","12.9","12.9","","","","","","","","","","","","","Gross Charge Type: Main Acute Price List"
"*NEEDLE, SPINAL DISP 18G X 3-1/2""","CcthChSup2736","CDM","270","RC","","","","","facility","both","","","","12.9","12.9","","","","","","","","","","","","","Gross Charge Type: Main Acute Price List"
"*NEEDLE, SPINAL DISP 20G X 3-1/2""","WilmCT2737","CDM","270","RC","","","","","facility","both","","","","12.96","12.96","","","","","","","","","","","","","Gross Charge Type: Main Acute Price List"
"*NEEDLE, SPINAL DISP 22G X 3-1/2""","Ccim472738","CDM","270","RC","","","","","facility","both","","","","12.5","12.5","","","","","","","","","","","","","Gross Charge Type: Main Acute Price List"
"*NEEDLE, SPINAL DISP 22G X 3-1/2""","CcsmMR2738","CDM","270","RC","","","","","facility","both","","","","12.5","12.5","","","","","","","","","","","","","Gross Charge Type: Main Acute Price List"
"*NEEDLE, SPINAL WHITACRE 22G  X 3-1/2""","CcsbUS203909","CDM","270","RC","","","","","facility","both","","","","43.03","43.03","","","","","","","","","","","","","Gross Charge Type: Main Acute Price List"
"*NEEDLE, SPINAL WHITACRE 22G  X 3-1/2""","CcsmCT203909","CDM","270","RC","","","","","facility","both","","","","43.03","43.03","","","","","","","","","","","","","Gross Charge Type: Main Acute Price List"
"*NEEDLE, SPINAL WHITACRE 22G  X 3-1/2""","Wilm41203909","CDM","270","RC","","","","","facility","both","","","","43.03","43.03","","","","","","","","","","","","","Gross Charge Type: Main Acute Price List"
"*NEEDLE, SPINAL/WHT 25G X 3-1/2""","Chrs5482933","CDM","270","RC","","","","","facility","both","","","","41.92","41.92","","","","","","","","","","","","","Gross Charge Type: Main Acute Price List"
"*PAD, GROUNDING DISPOSABLE","MiddCT2164","CDM","270","RC","","","","","facility","both","","","","13.9","13.9","","","","","","","","","","","","","Gross Charge Type: Main Acute Price List"
"*PAD, GROUNDING NON-REM","Chrs541584","CDM","270","RC","","","","","facility","both","","","","12.15","12.15","","","","","","","","","","","","","Gross Charge Type: Main Acute Price List"
"*PAD, GROUNDING NON-REM","EplbChSup1584","CDM","270","RC","","","","","facility","both","","","","12.15","12.15","","","","","","","","","","","","","Gross Charge Type: Main Acute Price List"
"*PAD, SENSA TRAC PAD ONLY","Chrs3139456","CDM","270","RC","","","","","facility","both","","","","96.47","96.47","","","","","","","","","","","","","Gross Charge Type: Main Acute Price List"
"*PADDING, CAST 6IN WEBRIL STERILE","CcthChSup4199","CDM","270","RC","","","","","facility","both","","","","22.29","22.29","","","","","","","","","","","","","Gross Charge Type: Main Acute Price List"
"*PADDING, CAST SOF-ROL 4IN X 4YD","EplbChSup80923","CDM","272","RC","","","","","facility","both","","","","0.52","0.52","","","","","","","","","","","","","Gross Charge Type: Main Acute Price List"
"*PLASTER, ROLL 3""","EplbChSup30","CDM","270","RC","","","","","facility","both","","","","0.89","0.89","","","","","","","","","","","","","Gross Charge Type: Main Acute Price List"
"*POSITIONER, URETERAL STENT 7FR","CcthChSup211411","CDM","270","RC","","","","","facility","both","","","","55.28","55.28","","","","","","","","","","","","","Gross Charge Type: Main Acute Price List"
"*POUCH, UROSTOMY WITH 2-3/4"" FLANGE","AngiChSup30980","CDM","270","RC","","","","","facility","both","","","","9.33","9.33","","","","","","","","","","","","","Gross Charge Type: Main Acute Price List"
"*PREP,SKIN APP CHLORAPR CLEAR ONE-STEP 1ML","Chrs5466241","CDM","270","RC","","","","","facility","both","","","","0.43","0.43","","","","","","","","","","","","","Gross Charge Type: Main Acute Price List"
"*PUNCH, SKIN BIOPSY 5MM","EplbChSup9889","CDM","270","RC","","","","","facility","both","","","","14.23","14.23","","","","","","","","","","","","","Gross Charge Type: Main Acute Price List"
"*RETRIEVER, SUTURE","Wilm546855","CDM","270","RC","","","","","facility","both","","","","250.48","250.48","","","","","","","","","","","","","Gross Charge Type: Main Acute Price List"
"*SET, 6"" EXT 300PSI W/SMARTSITE","CcccCR356","CDM","270","RC","","","","","facility","both","","","","13.47","13.47","","","","","","","","","","","","","Gross Charge Type: Main Acute Price List"
"*SET, CANNISTER AND LID 1ST TRI","Wilm542178","CDM","270","RC","","","","","facility","both","","","","79.74","79.74","","","","","","","","","","","","","Gross Charge Type: Main Acute Price List"
"*SET, ENDOTRACHEAL FILTER LINE H SET 29765","EplbChSup29765","CDM","270","RC","","","","","facility","both","","","","72.11","72.11","","","","","","","","","","","","","Gross Charge Type: Main Acute Price List"
"*SET, GASTROINTESTINAL ANCHOR","EplbChSup44125","CDM","272","RC","","","","","facility","both","","","","163.29","163.29","","","","","","","","","","","","","Gross Charge Type: Main Acute Price List"
"*SET, GMK PRIMARY PS INSTRUMENT DRILLS AND REAMERS","AngiChSup117898","CDM","278","RC","C1776","HCPCS","","","facility","both","","","","291.93","291.93","","","","","","","","","","","","","Gross Charge Type: Main Acute Price List"
"*SET, INTRO COAXIAL MICROPUNCT","FcinMR203417","CDM","272","RC","C1894","HCPCS","","","facility","both","","","","141.53","141.53","","","","","","","","","","","","","Gross Charge Type: Main Acute Price List"
"*SET, IV ADMINISTRATION 15 DROP WITH 2 CARESITE 84IN","Wilm5448610","CDM","272","RC","","","","","facility","both","","","","12.72","12.72","","","","","","","","","","","","","Gross Charge Type: Main Acute Price List"
"*SET, IV BLOOD 210 MICRON 80IN","CcthChSup1848","CDM","270","RC","","","","","facility","both","","","","19.36","19.36","","","","","","","","","","","","","Gross Charge Type: Main Acute Price List"
"*SET, IV BLOOD 210 MICRON 80IN","Chrs541848","CDM","270","RC","","","","","facility","both","","","","19.36","19.36","","","","","","","","","","","","","Gross Charge Type: Main Acute Price List"
"*SET, IV EXT 1.2 MICRON FILTER 15IN W/CLAVE","Ccsb381843","CDM","270","RC","","","","","facility","both","","","","13.87","13.87","","","","","","","","","","","","","Gross Charge Type: Main Acute Price List"
"*SET, IV EXT 1.2 MICRON FILTER 15IN W/CLAVE","Ccsb471843","CDM","270","RC","","","","","facility","both","","","","13.87","13.87","","","","","","","","","","","","","Gross Charge Type: Main Acute Price List"
"*SET, IV EXT 1.2 MICRON FILTER 15IN W/CLAVE","EplbChSup1843","CDM","270","RC","","","","","facility","both","","","","13.87","13.87","","","","","","","","","","","","","Gross Charge Type: Main Acute Price List"
"*SET, IV EXT 1.2 MICRON FILTER 15IN W/CLAVE","Hccc381843","CDM","270","RC","","","","","facility","both","","","","13.87","13.87","","","","","","","","","","","","","Gross Charge Type: Main Acute Price List"
"*SET, PROSTATE SEEDING","RadtCy25354","CDM","272","RC","C1715","HCPCS","","","facility","both","","","","28.91","28.91","","","","","","","","","","","","","Gross Charge Type: Main Acute Price List"
"*SET,KOLENDA SALIVARY ACC INTROD 2.2X5.5","EplbChSup790295","CDM","272","RC","C1769","HCPCS","","","facility","both","","","","1.13","1.13","","","","","","","","","","","","","Gross Charge Type: Main Acute Price List"
"*SET,MICROPUNCTURE ACCE STD 4FR 10CM .018","CcthChSup61348","CDM","272","RC","C1769","HCPCS","","","facility","both","","","","109.76","109.76","","","","","","","","","","","","","Gross Charge Type: Main Acute Price List"
"*SHAFT, REAMER BIXCUT MOD TRINKLE 8.0X450MM","CcthChSup25762","CDM","278","RC","","","","","facility","both","","","","1476.23","1476.23","","","","","","","","","","","","","Gross Charge Type: Main Acute Price List"
"*SHOE, DARCO MENS LARGE POST OP","Wilm5497073","CDM","270","RC","","","","","facility","both","","","","54.36","54.36","","","","","","","","","","","","","Gross Charge Type: Main Acute Price List"
"*SHOE, DARCO MENS X-LG POST OP","EplbChSup200455","CDM","270","RC","","","","","facility","both","","","","54.36","54.36","","","","","","","","","","","","","Gross Charge Type: Main Acute Price List"
"*SHOE, DARCO ORTHOWEDGE MEDIUM","EplbChSup215079","CDM","270","RC","","","","","facility","both","","","","77.31","77.31","","","","","","","","","","","","","Gross Charge Type: Main Acute Price List"
"*SHOE, DARCO ORTHOWEDGE SMALL","EplbChSup18234","CDM","270","RC","","","","","facility","both","","","","77.31","77.31","","","","","","","","","","","","","Gross Charge Type: Main Acute Price List"
"*SHOE, DARCO WOMENS SMALL","Wilm5497574","CDM","270","RC","","","","","facility","both","","","","54.36","54.36","","","","","","","","","","","","","Gross Charge Type: Main Acute Price List"
"*SKINMARKER, RULER","AngiChSup667","CDM","270","RC","","","","","facility","both","","","","0.4","0.4","","","","","","","","","","","","","Gross Charge Type: Main Acute Price List"
"*SLEEVE, CALF LENGTH LARGE","AngiWmSup57720","CDM","272","RC","","","","","facility","both","","","","81.74","81.74","","","","","","","","","","","","","Gross Charge Type: Main Acute Price List"
"*SLEEVE, CALF LENGTH LARGE","Chrs5457720","CDM","272","RC","","","","","facility","both","","","","81.74","81.74","","","","","","","","","","","","","Gross Charge Type: Main Acute Price List"
"*SLEEVE, US COVER SITE RITE","Ccsb38214652","CDM","270","RC","","","","","facility","both","","","","43.03","43.03","","","","","","","","","","","","","Gross Charge Type: Main Acute Price List"
"*SLING, ARM LARGE","Chrs54843","CDM","270","RC","","","","","facility","both","","","","14.78","14.78","","","","","","","","","","","","","Gross Charge Type: Main Acute Price List"
"*SOLUTION, IRRIG. WATER BOTTLE 1000ML","ChrsCT965","CDM","270","RC","","","","","facility","both","","","","12.93","12.93","","","","","","","","","","","","","Gross Charge Type: Main Acute Price List"
"*SOLUTION, IRRIG. WATER BOTTLE 1000ML","S10741965","CDM","270","RC","","","","","facility","both","","","","12.93","12.93","","","","","","","","","","","","","Gross Charge Type: Main Acute Price List"
"*SOLUTION, NACL IRRIG  500 ML","CcsbMR962","CDM","270","RC","","","","","facility","both","","","","12.1","12.1","","","","","","","","","","","","","Gross Charge Type: Main Acute Price List"
"*SOLUTION, NACL IRRIG  500 ML","Ccsp41962","CDM","270","RC","","","","","facility","both","","","","12.1","12.1","","","","","","","","","","","","","Gross Charge Type: Main Acute Price List"
"*SOLUTION, NACL IRRIG  500 ML","S107MR962","CDM","270","RC","","","","","facility","both","","","","12.1","12.1","","","","","","","","","","","","","Gross Charge Type: Main Acute Price List"
"*SOLUTION, SODIUM CHLOR VIAL 0.9% 10ML LS","Wilm5461463","CDM","270","RC","","","","","facility","both","","","","6.36","6.36","","","","","","","","","","","","","Gross Charge Type: Main Acute Price List"
"*SPINT, NASAL AQUAPLAST PS THERMOPLASTIC IVORY 3INX3IN","CcthChSup77326","CDM","270","RC","","","","","facility","both","","","","32.93","32.93","","","","","","","","","","","","","Gross Charge Type: Main Acute Price List"
"*SPLINT, CONFORMABLE FIBERGLASS 3IN X 15FT","Wilm545506","CDM","270","RC","","","","","facility","both","","","","287.67","287.67","","","","","","","","","","","","","Gross Charge Type: Main Acute Price List"
"*SPLINT, CONFORMABLE FIBERGLASS 4IN X 15FT","CcthChSup5507","CDM","270","RC","","","","","facility","both","","","","345.23","345.23","","","","","","","","","","","","","Gross Charge Type: Main Acute Price List"
"*SPONGE, LAP 18X18","Wilm542195","CDM","270","RC","","","","","facility","both","","","","0.24","0.24","","","","","","","","","","","","","Gross Charge Type: Main Acute Price List"
"*SPONGE, RAYTEC 8X4 12 PLY","CcthChSup123","CDM","270","RC","","","","","facility","both","","","","0.1","0.1","","","","","","","","","","","","","Gross Charge Type: Main Acute Price List"
"*STERI-STRIP, 1/2X4","Ccsb382404","CDM","270","RC","","","","","facility","both","","","","0.85","0.85","","","","","","","","","","","","","Gross Charge Type: Main Acute Price List"
"*STERI-STRIP, 1/2X4","ChrsCT2404","CDM","270","RC","","","","","facility","both","","","","0.85","0.85","","","","","","","","","","","","","Gross Charge Type: Main Acute Price List"
"*STERI-STRIP, 1/2X4","MiddCT2404","CDM","270","RC","","","","","facility","both","","","","0.85","0.85","","","","","","","","","","","","","Gross Charge Type: Main Acute Price List"
"*STERI-STRIP, 1/2X4","Wilm382404","CDM","270","RC","","","","","facility","both","","","","0.85","0.85","","","","","","","","","","","","","Gross Charge Type: Main Acute Price List"
"*STOPCOCK, HIGH PRESS W/ROTATOR","Chrs83202411","CDM","270","RC","","","","","facility","both","","","","9.17","9.17","","","","","","","","","","","","","Gross Charge Type: Main Acute Price List"
"*STOPCOCK, HIGH PRESS W/ROTATOR","Hccc38202411","CDM","270","RC","","","","","facility","both","","","","9.17","9.17","","","","","","","","","","","","","Gross Charge Type: Main Acute Price List"
"*SUCTION, COAG DISP 6"" 8F","EplbChSup1160","CDM","270","RC","","","","","facility","both","","","","38.06","38.06","","","","","","","","","","","","","Gross Charge Type: Main Acute Price List"
"*SUCTION, COAG SWITCHING 10FR","Wilm541583x","CDM","270","RC","","","","","facility","both","","","","56.28","56.28","","","","","","","","","","","","","Gross Charge Type: Main Acute Price List"
"*SYRINGE, ALLIANCE INFLATION","CcthChSup214556","CDM","270","RC","","","","","facility","both","","","","172.69","172.69","","","","","","","","","","","","","Gross Charge Type: Main Acute Price List"
"*SYSTEM, OASIS DRY CHEST DRAINAGE","Cccc561763","CDM","270","RC","","","","","facility","both","","","","241.8","241.8","","","","","","","","","","","","","Gross Charge Type: Main Acute Price List"
"*SYSTEM, OASIS DRY CHEST DRAINAGE","CcsbUS1763","CDM","270","RC","","","","","facility","both","","","","241.8","241.8","","","","","","","","","","","","","Gross Charge Type: Main Acute Price List"
"*TOOL, LINX SYSTEM SIZING","EplbChSup67685","CDM","272","RC","","","","","facility","both","","","","1202.75","1202.75","","","","","","","","","","","","","Gross Charge Type: Main Acute Price List"
"*TOOL, TUNNELING 20""","Chrs3138787","CDM","272","RC","","","","","facility","both","","","","289.02","289.02","","","","","","","","","","","","","Gross Charge Type: Main Acute Price List"
"*TRAP, SPECIMEN 40CC(BRONCTRAP)","Chrs542177","CDM","270","RC","","","","","facility","both","","","","5.69","5.69","","","","","","","","","","","","","Gross Charge Type: Main Acute Price List"
"*TRAY, TRACHEOSTOMY CLEANING","CcthChSup1089","CDM","270","RC","","","","","facility","both","","","","13.45","13.45","","","","","","","","","","","","","Gross Charge Type: Main Acute Price List"
"*TUBE, 12FR DOBBHOFF FEEDING","CcimCT49633","CDM","270","RC","","","","","facility","both","","","","92.83","92.83","","","","","","","","","","","","","Gross Charge Type: Main Acute Price List"
"*TUBE, 12FR DOBBHOFF FEEDING","Ccsm3849633","CDM","270","RC","","","","","facility","both","","","","92.83","92.83","","","","","","","","","","","","","Gross Charge Type: Main Acute Price List"
"*TUBE, 12FR DOBBHOFF FEEDING","FcinMR49633","CDM","270","RC","","","","","facility","both","","","","92.83","92.83","","","","","","","","","","","","","Gross Charge Type: Main Acute Price List"
"*TUBE, 12FR DOBBHOFF FEEDING","Hccc4149633","CDM","270","RC","","","","","facility","both","","","","92.83","92.83","","","","","","","","","","","","","Gross Charge Type: Main Acute Price List"
"*TUBE, CONNECTING 1/4""6","Ccsb412061","CDM","270","RC","","","","","facility","both","","","","0.44","0.44","","","","","","","","","","","","","Gross Charge Type: Main Acute Price List"
"*TUBE, CONNECTING 1/4""6","ChrsMR2061","CDM","270","RC","","","","","facility","both","","","","0.44","0.44","","","","","","","","","","","","","Gross Charge Type: Main Acute Price List"
"*TUBE, CONNECTING 3/16"" 18","Hccc412062","CDM","270","RC","","","","","facility","both","","","","0.21","0.21","","","","","","","","","","","","","Gross Charge Type: Main Acute Price List"
"*TUBE, DIP 16""","CcthChSup1754","CDM","270","RC","","","","","facility","both","","","","0.81","0.81","","","","","","","","","","","","","Gross Charge Type: Main Acute Price List"
"*TUBE, FEED 12FX43"" W/STYLET","Ccbc30152","CDM","270","RC","","","","","facility","both","","","","90.99","90.99","","","","","","","","","","","","","Gross Charge Type: Main Acute Price List"
"*TUBE, FEED 12FX43"" W/STYLET","Ccim47152","CDM","270","RC","","","","","facility","both","","","","90.99","90.99","","","","","","","","","","","","","Gross Charge Type: Main Acute Price List"
"*TUBE, FEED 12FX43"" W/STYLET","CcsmUS152","CDM","270","RC","","","","","facility","both","","","","90.99","90.99","","","","","","","","","","","","","Gross Charge Type: Main Acute Price List"
"*TUBE, FEED 12FX43"" W/STYLET","MiddCT152","CDM","270","RC","","","","","facility","both","","","","90.99","90.99","","","","","","","","","","","","","Gross Charge Type: Main Acute Price List"
"*TUBE, FEEDING 5 FR","Chrs83756","CDM","270","RC","","","","","facility","both","","","","0.84","0.84","","","","","","","","","","","","","Gross Charge Type: Main Acute Price List"
"*TUBE, FEEDING 5 FR","FcinMR756","CDM","270","RC","","","","","facility","both","","","","0.84","0.84","","","","","","","","","","","","","Gross Charge Type: Main Acute Price List"
"*TUBE, FEEDING 8FR","Ccim47893","CDM","270","RC","","","","","facility","both","","","","0.84","0.84","","","","","","","","","","","","","Gross Charge Type: Main Acute Price List"
"*TUBE, FEEDING 8FR","HcccMR893","CDM","270","RC","","","","","facility","both","","","","0.84","0.84","","","","","","","","","","","","","Gross Charge Type: Main Acute Price List"
"*TUBE, FEEDING 8FR","WilmMR893","CDM","270","RC","","","","","facility","both","","","","0.84","0.84","","","","","","","","","","","","","Gross Charge Type: Main Acute Price List"
"*TUBE, GOODE T-TUBE SILICONE 1.14MMX12.0MM","EplbChSup32832","CDM","270","RC","","","","","facility","both","","","","228.23","228.23","","","","","","","","","","","","","Gross Charge Type: Main Acute Price List"
"*TUBE, MIC - 18FR","Chrs54201223","CDM","270","RC","","","","","facility","both","","","","1894.69","1894.69","","","","","","","","","","","","","Gross Charge Type: Main Acute Price List"
"*TUBE, MIC ACCESSORY EXTENSION 6IN","AngiWmSup52587","CDM","272","RC","","","","","facility","both","","","","14.02","14.02","","","","","","","","","","","","","Gross Charge Type: Main Acute Price List"
"*TUBE, MIC-KEY LP GASTROSTOMY FEEDING 18FR 3.0","Chrs5454392","CDM","272","RC","","","","","facility","both","","","","532.19","532.19","","","","","","","","","","","","","Gross Charge Type: Main Acute Price List"
"*TUBE, SALEM SUMP 12F ANTIREFLX","Chrs542920","CDM","270","RC","","","","","facility","both","","","","21.25","21.25","","","","","","","","","","","","","Gross Charge Type: Main Acute Price List"
"*TUBE, SALEM SUMP 12F ANTIREFLX","S107472920","CDM","270","RC","","","","","facility","both","","","","21.25","21.25","","","","","","","","","","","","","Gross Charge Type: Main Acute Price List"
"*TUBE, SALEM SUMP 12F ANTIREFLX","Wilm472920","CDM","270","RC","","","","","facility","both","","","","21.25","21.25","","","","","","","","","","","","","Gross Charge Type: Main Acute Price List"
"*TUBE, SALEM SUMP 14F ANTIREFLX","CcsbCT2207","CDM","270","RC","","","","","facility","both","","","","19.28","19.28","","","","","","","","","","","","","Gross Charge Type: Main Acute Price List"
"*TUBE, SALEM SUMP 14F ANTIREFLX","HcccCT2207","CDM","270","RC","","","","","facility","both","","","","19.28","19.28","","","","","","","","","","","","","Gross Charge Type: Main Acute Price List"
"*TUBE, SALEM SUMP 14F ANTIREFLX","MiddUS2207","CDM","270","RC","","","","","facility","both","","","","19.28","19.28","","","","","","","","","","","","","Gross Charge Type: Main Acute Price List"
"*TUBE, SALEM SUMP 16F ANTIREFLX","AngiChSup2363","CDM","270","RC","","","","","facility","both","","","","19.28","19.28","","","","","","","","","","","","","Gross Charge Type: Main Acute Price List"
"*TUBE, SALEM SUMP 18F ANTIREFLX","ChrsCT2208","CDM","270","RC","","","","","facility","both","","","","19.28","19.28","","","","","","","","","","","","","Gross Charge Type: Main Acute Price List"
"*TUBE, SALEM SUMP 18F ANTIREFLX","Fcin472208","CDM","270","RC","","","","","facility","both","","","","19.28","19.28","","","","","","","","","","","","","Gross Charge Type: Main Acute Price List"
"*TUBE, SALEM SUMP 18F ANTIREFLX","S107MR2208","CDM","270","RC","","","","","facility","both","","","","19.28","19.28","","","","","","","","","","","","","Gross Charge Type: Main Acute Price List"
"*TUBE, SALEM SUMP PVC 12FR 48IN ENFIT","CcthChSup114025","CDM","272","RC","","","","","facility","both","","","","10.82","10.82","","","","","","","","","","","","","Gross Charge Type: Main Acute Price List"
"*TUBE, SUCTION KAMVAC MINI","CcthChSup1479","CDM","270","RC","","","","","facility","both","","","","155.42","155.42","","","","","","","","","","","","","Gross Charge Type: Main Acute Price List"
"*TUBE, TAPERGUARD ENDOTRACHEAL SIZE 7.5","CcthChSup49520","CDM","272","RC","","","","","facility","both","","","","99.26","99.26","","","","","","","","","","","","","Gross Charge Type: Main Acute Price List"
"*TUBING, HIGH PRESSURE 10IN FIXED MALE","CcthChSup52958","CDM","270","RC","","","","","facility","both","","","","19.32","19.32","","","","","","","","","","","","","Gross Charge Type: Main Acute Price List"
"*TUBING, VACUUM - 83230","Chrs5483230","CDM","270","RC","","","","","facility","both","","","","51.86","51.86","","","","","","","","","","","","","Gross Charge Type: Main Acute Price List"
"*TUBING,ARTERIAL PRESSURE 48IN","Wilm542408","CDM","270","RC","","","","","facility","both","","","","5.83","5.83","","","","","","","","","","","","","Gross Charge Type: Main Acute Price List"
"*URI-DRAIN MEDIUM 28MM #8300","Wilm542364","CDM","270","RC","","","","","facility","both","","","","0.91","0.91","","","","","","","","","","","","","Gross Charge Type: Main Acute Price List"
"*URINE STRAINER, PLASTIC","CcthChSup2749","CDM","270","RC","","","","","facility","both","","","","0.6","0.6","","","","","","","","","","","","","Gross Charge Type: Main Acute Price List"
"*VEST, STYLE W/CUPS SIZE 1","CcthChSup5528","CDM","270","RC","","","","","facility","both","","","","270.57","270.57","","","","","","","","","","","","","Gross Charge Type: Main Acute Price List"
"10180611 SCREW, CORTEX SELF-TAP T15 STARDRIVE 3.5X50MM","OperChSup10180611","CDM","278","RC","C1713","HCPCS","","","facility","both","","","","144.55","144.55","","","","","","","","","","","","","Gross Charge Type: Main Acute Price List"
"10180795 DRILL, 4.5MM","OperChSup10180795","CDM","278","RC","","","","","facility","both","","","","1459.53","1459.53","","","","","","","","","","","","","Gross Charge Type: Main Acute Price List"
"10180795 DRILL, 4.5MM","ScorWmSup10180795","CDM","278","RC","","","","","facility","both","","","","1459.53","1459.53","","","","","","","","","","","","","Gross Charge Type: Main Acute Price List"
"10180922 SCREW, CORTEX 3.5X16MM","OperWmSup10180922","CDM","278","RC","C1713","HCPCS","","","facility","both","","","","224.76","224.76","","","","","","","","","","","","","Gross Charge Type: Main Acute Price List"
"113996 SCREW, BONE 2.0X16MM","EplbChSup113996","CDM","278","RC","C1713","HCPCS","","","facility","both","","","","599.8","599.8","","","","","","","","","","","","","Gross Charge Type: Main Acute Price List"
"113996 SCREW, BONE 2.0X16MM","OperChSup113996","CDM","278","RC","C1713","HCPCS","","","facility","both","","","","599.8","599.8","","","","","","","","","","","","","Gross Charge Type: Main Acute Price List"
"113996 SCREW, BONE 2.0X16MM","ScanChSup113996","CDM","278","RC","C1713","HCPCS","","","facility","both","","","","599.8","599.8","","","","","","","","","","","","","Gross Charge Type: Main Acute Price List"
"114151 SCREW, LOCKING LOW PROFILE 3.5X10MM","CcthChSup114151","CDM","278","RC","C1713","HCPCS","","","facility","both","","","","941.2","941.2","","","","","","","","","","","","","Gross Charge Type: Main Acute Price List"
"114151 SCREW, LOCKING LOW PROFILE 3.5X10MM","GyscChSup114151","CDM","278","RC","C1713","HCPCS","","","facility","both","","","","941.2","941.2","","","","","","","","","","","","","Gross Charge Type: Main Acute Price List"
"114215 GUIDEWIRE, 3.2X330MM","GastChSup114215","CDM","278","RC","C1713","HCPCS","","","facility","both","","","","810.52","810.52","","","","","","","","","","","","","Gross Charge Type: Main Acute Price List"
"114219 SCREW, CORTEX BONE 3.5X42MM","AnesChSup114219","CDM","278","RC","C1713","HCPCS","","","facility","both","","","","556.03","556.03","","","","","","","","","","","","","Gross Charge Type: Main Acute Price List"
"114219 SCREW, CORTEX BONE 3.5X42MM","OperChSup114219","CDM","278","RC","C1713","HCPCS","","","facility","both","","","","556.03","556.03","","","","","","","","","","","","","Gross Charge Type: Main Acute Price List"
"114220 SCREW, CORTEX BONE 3.5X44MM","GyscChSup114220","CDM","278","RC","C1713","HCPCS","","","facility","both","","","","591.34","591.34","","","","","","","","","","","","","Gross Charge Type: Main Acute Price List"
"114220 SCREW, CORTEX BONE 3.5X44MM","PacuWmSup114220","CDM","278","RC","C1713","HCPCS","","","facility","both","","","","591.34","591.34","","","","","","","","","","","","","Gross Charge Type: Main Acute Price List"
"114603 POST, MAXFRAME STANDOFF 100MM","AnesChSup114603","CDM","272","RC","","","","","facility","both","","","","1183.27","1183.27","","","","","","","","","","","","","Gross Charge Type: Main Acute Price List"
"114663 SCREW, CORTEX 2.4X18MM","GastWmSup114663","CDM","278","RC","C1713","HCPCS","","","facility","both","","","","598.82","598.82","","","","","","","","","","","","","Gross Charge Type: Main Acute Price List"
"114664 SCREW, CORTEX 2.4X16MM","EplbChSup114664","CDM","278","RC","C1713","HCPCS","","","facility","both","","","","636.84","636.84","","","","","","","","","","","","","Gross Charge Type: Main Acute Price List"
"114851 POST, MAXFRAME STANDOFF 100MM","AnesChSup114851","CDM","278","RC","C1713","HCPCS","","","facility","both","","","","4327.82","4327.82","","","","","","","","","","","","","Gross Charge Type: Main Acute Price List"
"115017 PIN, GUIDE 3.2MM","CspuChSup115017","CDM","278","RC","C1713","HCPCS","","","facility","both","","","","286.58","286.58","","","","","","","","","","","","","Gross Charge Type: Main Acute Price List"
"115316 SCREW, HEADED 2.5X20MM","DelrChSup115316","CDM","278","RC","C1713","HCPCS","","","facility","both","","","","1234.66","1234.66","","","","","","","","","","","","","Gross Charge Type: Main Acute Price List"
"115316 SCREW, HEADED 2.5X20MM","EplbChSup115316","CDM","278","RC","C1713","HCPCS","","","facility","both","","","","1234.66","1234.66","","","","","","","","","","","","","Gross Charge Type: Main Acute Price List"
"115351 KIT, CAP CODE TOTAL HIP","CspuChSup115351","CDM","278","RC","C1776","HCPCS","","","facility","both","","","","24605.3","24605.3","","","","","","","","","","","","","Gross Charge Type: Main Acute Price List"
"11537 PLATE, DHS 4-HOLE 130 DEGREE 78MM STRL","AnesWmSup115537","CDM","278","RC","C1713","HCPCS","","","facility","both","","","","3466.39","3466.39","","","","","","","","","","","","","Gross Charge Type: Main Acute Price List"
"11537 PLATE, DHS 4-HOLE 130 DEGREE 78MM STRL","GastChSup115537","CDM","278","RC","C1713","HCPCS","","","facility","both","","","","3466.39","3466.39","","","","","","","","","","","","","Gross Charge Type: Main Acute Price List"
"11537 PLATE, DHS 4-HOLE 130 DEGREE 78MM STRL","ScanChSup115537","CDM","278","RC","C1713","HCPCS","","","facility","both","","","","3466.39","3466.39","","","","","","","","","","","","","Gross Charge Type: Main Acute Price List"
"11537 PLATE, DHS 4-HOLE 130 DEGREE 78MM STRL","ScorChSup115537","CDM","278","RC","C1713","HCPCS","","","facility","both","","","","3466.39","3466.39","","","","","","","","","","","","","Gross Charge Type: Main Acute Price List"
"115446 PLATE, STRAIGHT 10-HOLE","EplbChSup115446","CDM","278","RC","C1713","HCPCS","","","facility","both","","","","2913.52","2913.52","","","","","","","","","","","","","Gross Charge Type: Main Acute Price List"
"115712 HEAD, CERAMIC MODULAR BIOLOX DELTA 36MM","GastChSup115712","CDM","278","RC","C1776","HCPCS","","","facility","both","","","","4355.04","4355.04","","","","","","","","","","","","","Gross Charge Type: Main Acute Price List"
"116757 SIZER, NATRELLE SM RND LOW PROFILE 420-440CC","GastWmSup116757","CDM","272","RC","","","","","facility","both","","","","40.62","40.62","","","","","","","","","","","","","Gross Charge Type: Main Acute Price List"
"116758 SIZER, NATRELLE SM RND LOW PROFILE 480-500CC","GastWmSup116758","CDM","272","RC","","","","","facility","both","","","","40.62","40.62","","","","","","","","","","","","","Gross Charge Type: Main Acute Price List"
"116758 SIZER, NATRELLE SM RND LOW PROFILE 480-500CC","ScorWmSup116758","CDM","272","RC","","","","","facility","both","","","","40.62","40.62","","","","","","","","","","","","","Gross Charge Type: Main Acute Price List"
"117165 SCREW, CORTICAL 3.5MMX28MM","AnesWmSup117165","CDM","278","RC","C1713","HCPCS","","","facility","both","","","","1301.24","1301.24","","","","","","","","","","","","","Gross Charge Type: Main Acute Price List"
"117298 PLATE, TUBULAR STRAIGHT 10-HOLE","ScpuChSup117298","CDM","278","RC","C1713","HCPCS","","","facility","both","","","","4016.15","4016.15","","","","","","","","","","","","","Gross Charge Type: Main Acute Price List"
"118186 SCREW, LOCKING 2.0X12MM","ScanWmSup118186","CDM","278","RC","C1713","HCPCS","","","facility","both","","","","1093.48","1093.48","","","","","","","","","","","","","Gross Charge Type: Main Acute Price List"
"118188 SCREW, LOCKING 2.0X18MM","CcthChSup118188","CDM","278","RC","C1713","HCPCS","","","facility","both","","","","1093.48","1093.48","","","","","","","","","","","","","Gross Charge Type: Main Acute Price List"
"118188 SCREW, LOCKING 2.0X18MM","ScorChSup118188","CDM","278","RC","C1713","HCPCS","","","facility","both","","","","1093.48","1093.48","","","","","","","","","","","","","Gross Charge Type: Main Acute Price List"
"118710 SCREW, NON-LOCKING 3.5X24MM","GyscChSup118710","CDM","278","RC","C1713","HCPCS","","","facility","both","","","","781.91","781.91","","","","","","","","","","","","","Gross Charge Type: Main Acute Price List"
"118711 SCREW, NON-LOCKING 3.5X26MM","GastChSup118711","CDM","278","RC","C1713","HCPCS","","","facility","both","","","","831.56","831.56","","","","","","","","","","","","","Gross Charge Type: Main Acute Price List"
"118711 SCREW, NON-LOCKING 3.5X26MM","ScanWmSup118711","CDM","278","RC","C1713","HCPCS","","","facility","both","","","","831.56","831.56","","","","","","","","","","","","","Gross Charge Type: Main Acute Price List"
"118713 SCREW, NON-LOCKING 3.5X32MM","AngiChSup118713","CDM","278","RC","C1713","HCPCS","","","facility","both","","","","831.56","831.56","","","","","","","","","","","","","Gross Charge Type: Main Acute Price List"
"118714 SCREW, NON-LOCKING 3.5X40MM","GastWmSup118714","CDM","278","RC","C1713","HCPCS","","","facility","both","","","","831.56","831.56","","","","","","","","","","","","","Gross Charge Type: Main Acute Price List"
"118715 SCREW, NON-LOCKING 3.5X42MM","AnesWmSup118715","CDM","278","RC","C1713","HCPCS","","","facility","both","","","","831.56","831.56","","","","","","","","","","","","","Gross Charge Type: Main Acute Price List"
"118715 SCREW, NON-LOCKING 3.5X42MM","DelrChSup118715","CDM","278","RC","C1713","HCPCS","","","facility","both","","","","831.56","831.56","","","","","","","","","","","","","Gross Charge Type: Main Acute Price List"
"118715 SCREW, NON-LOCKING 3.5X42MM","PacuWmSup118715","CDM","278","RC","C1713","HCPCS","","","facility","both","","","","831.56","831.56","","","","","","","","","","","","","Gross Charge Type: Main Acute Price List"
"118780 AUGMENT, TIBIAL PERSONA AUGMENT HALF BLOCK 15MM THICKNESSS GH","ScanWmSup118780","CDM","278","RC","C1776","HCPCS","","","facility","both","","","","5420.57","5420.57","","","","","","","","","","","","","Gross Charge Type: Main Acute Price List"
"118811 SCREW, NON-LOCKING 3.5X16MM","OperWmSup118811","CDM","278","RC","C1713","HCPCS","","","facility","both","","","","831.56","831.56","","","","","","","","","","","","","Gross Charge Type: Main Acute Price List"
"118845 LENS, 3-PIECE PRELOADED 33.0 DIOPTER 6MM 13MM POSTERIOR CHAMBER","AngiWmSup118845","CDM","276","RC","V2632","HCPCS","","","facility","both","","","","897.75","897.75","","","","","","","","","","","","","Gross Charge Type: Main Acute Price List"
"118845 LENS, 3-PIECE PRELOADED 33.0 DIOPTER 6MM 13MM POSTERIOR CHAMBER","CcthChSup118845","CDM","276","RC","V2632","HCPCS","","","facility","both","","","","897.75","897.75","","","","","","","","","","","","","Gross Charge Type: Main Acute Price List"
"118852 SCREW, NON-LOCKING 2.7X18MM","AnesWmSup118852","CDM","278","RC","C1713","HCPCS","","","facility","both","","","","831.56","831.56","","","","","","","","","","","","","Gross Charge Type: Main Acute Price List"
"118883 SCREW, CANNULATED FULLY THREADED 150MM","DelrChSup118893","CDM","278","RC","C1713","HCPCS","","","facility","both","","","","1282.34","1282.34","","","","","","","","","","","","","Gross Charge Type: Main Acute Price List"
"118883 SCREW, CANNULATED FULLY THREADED 150MM","ScorChSup118893","CDM","278","RC","C1713","HCPCS","","","facility","both","","","","1282.34","1282.34","","","","","","","","","","","","","Gross Charge Type: Main Acute Price List"
"118883 SCREW, CORTEX 3.5X18MM","AngiWmSup118883","CDM","278","RC","C1713","HCPCS","","","facility","both","","","","211.3","211.3","","","","","","","","","","","","","Gross Charge Type: Main Acute Price List"
"118883 SCREW, CORTEX 3.5X18MM","OperWmSup118883","CDM","278","RC","C1713","HCPCS","","","facility","both","","","","211.3","211.3","","","","","","","","","","","","","Gross Charge Type: Main Acute Price List"
"118883 SCREW, CORTEX 3.5X18MM","ScpuChSup118883","CDM","278","RC","C1713","HCPCS","","","facility","both","","","","211.3","211.3","","","","","","","","","","","","","Gross Charge Type: Main Acute Price List"
"118924 LINER, ACETABULAR ALTRX NEUTRAL 49/58","OperChSup118924","CDM","278","RC","C1776","HCPCS","","","facility","both","","","","28162.33","28162.33","","","","","","","","","","","","","Gross Charge Type: Main Acute Price List"
"118933 SCREW, RECON IM NAIL 6.5MM/75MM XL40 STRL","GastChSup118933","CDM","278","RC","C1713","HCPCS","","","facility","both","","","","1608.06","1608.06","","","","","","","","","","","","","Gross Charge Type: Main Acute Price List"
"118933 SCREW, RECON IM NAIL 6.5MM/75MM XL40 STRL","GastWmSup118933","CDM","278","RC","C1713","HCPCS","","","facility","both","","","","1608.06","1608.06","","","","","","","","","","","","","Gross Charge Type: Main Acute Price List"
"118938 SCREW, CODA 3.5MMX14MM CODA VARIABLE SELF-DRILLING","AnesWmSup118938","CDM","278","RC","C1713","HCPCS","","","facility","both","","","","880.84","880.84","","","","","","","","","","","","","Gross Charge Type: Main Acute Price List"
"118943 SCREW, MOTOBAND  NON-LOCKING 3.0MM X 16MM","AnesWmSup118943","CDM","278","RC","C1713","HCPCS","","","facility","both","","","","550.24","550.24","","","","","","","","","","","","","Gross Charge Type: Main Acute Price List"
"118943 SCREW, MOTOBAND  NON-LOCKING 3.0MM X 16MM","GyscChSup118943","CDM","278","RC","C1713","HCPCS","","","facility","both","","","","550.24","550.24","","","","","","","","","","","","","Gross Charge Type: Main Acute Price List"
"118951 SCREW, HEADLESS DARTFIRE 3.0X32MM","OperChSup118951","CDM","278","RC","C1713","HCPCS","","","facility","both","","","","1476.95","1476.95","","","","","","","","","","","","","Gross Charge Type: Main Acute Price List"
"118957SCREW NON LOCKING TI 3.5X32MM","AnesChSup118957","CDM","278","RC","C1713","HCPCS","","","facility","both","","","","150.59","150.59","","","","","","","","","","","","","Gross Charge Type: Main Acute Price List"
"118957SCREW NON LOCKING TI 3.5X32MM","AngiChSup118957","CDM","278","RC","C1713","HCPCS","","","facility","both","","","","150.59","150.59","","","","","","","","","","","","","Gross Charge Type: Main Acute Price List"
"118957SCREW NON LOCKING TI 3.5X32MM","ScorChSup118957","CDM","278","RC","C1713","HCPCS","","","facility","both","","","","150.59","150.59","","","","","","","","","","","","","Gross Charge Type: Main Acute Price List"
"118959 SCREW CANNULATED LOCKING COCR 4.0X44MM","GastChSup118959","CDM","278","RC","C1713","HCPCS","","","facility","both","","","","926.71","926.71","","","","","","","","","","","","","Gross Charge Type: Main Acute Price List"
"118966 SCREW NON LOCKING SS 2.5X28MM","ScorWmSup118966","CDM","278","RC","C1713","HCPCS","","","facility","both","","","","110.05","110.05","","","","","","","","","","","","","Gross Charge Type: Main Acute Price List"
"118968 SCREW CANCELLOUS FULLY THREADED SS 4.0X40MM","ScorChSup118968","CDM","278","RC","C1713","HCPCS","","","facility","both","","","","92.67","92.67","","","","","","","","","","","","","Gross Charge Type: Main Acute Price List"
"118970 SCREW, PLATE 2.7MM X 16MM","AngiChSup118970","CDM","278","RC","C1713","HCPCS","","","facility","both","","","","739.16","739.16","","","","","","","","","","","","","Gross Charge Type: Main Acute Price List"
"118977 SCREW, CSS+ CANNULATED ST 4.5X80MM","AngiWmSup118977","CDM","278","RC","C1713","HCPCS","","","facility","both","","","","2896.44","2896.44","","","","","","","","","","","","","Gross Charge Type: Main Acute Price List"
"118977 SCREW, CSS+ CANNULATED ST 4.5X80MM","ScorChSup118977","CDM","278","RC","C1713","HCPCS","","","facility","both","","","","2896.44","2896.44","","","","","","","","","","","","","Gross Charge Type: Main Acute Price List"
"118984 SCREW POLYAXIAL LOCKING 3.5X40MM","GastWmSup118984","CDM","278","RC","C1713","HCPCS","","","facility","both","","","","1013.59","1013.59","","","","","","","","","","","","","Gross Charge Type: Main Acute Price List"
"118985 SCREW POLYAXIAL LOCKING 3.5X48MM","CspuChSup118985","CDM","278","RC","C1713","HCPCS","","","facility","both","","","","1013.59","1013.59","","","","","","","","","","","","","Gross Charge Type: Main Acute Price List"
"118985 SCREW POLYAXIAL LOCKING 3.5X48MM","GastChSup118985","CDM","278","RC","C1713","HCPCS","","","facility","both","","","","1013.59","1013.59","","","","","","","","","","","","","Gross Charge Type: Main Acute Price List"
"118985 SCREW POLYAXIAL LOCKING 3.5X48MM","OperWmSup118985","CDM","278","RC","C1713","HCPCS","","","facility","both","","","","1013.59","1013.59","","","","","","","","","","","","","Gross Charge Type: Main Acute Price List"
"118995 SCREW NON-LOCKING 2.7X12MM","ScorChSup118995","CDM","278","RC","C1713","HCPCS","","","facility","both","","","","781.91","781.91","","","","","","","","","","","","","Gross Charge Type: Main Acute Price List"
"118996 SCREW POLYAXIAL LOCKING 2.7X10MM","EplbChSup118996","CDM","278","RC","C1713","HCPCS","","","facility","both","","","","1013.59","1013.59","","","","","","","","","","","","","Gross Charge Type: Main Acute Price List"
"118996 SCREW POLYAXIAL LOCKING 2.7X10MM","GastWmSup118996","CDM","278","RC","C1713","HCPCS","","","facility","both","","","","1013.59","1013.59","","","","","","","","","","","","","Gross Charge Type: Main Acute Price List"
"119000 SCREW NON-LOCKING 3.5X48MM","ScorChSup119000","CDM","278","RC","C1713","HCPCS","","","facility","both","","","","781.91","781.91","","","","","","","","","","","","","Gross Charge Type: Main Acute Price List"
"119121 SCREW, LOCKING 5.5X30MM","OperChSup119121","CDM","278","RC","C1713","HCPCS","","","facility","both","","","","1539.93","1539.93","","","","","","","","","","","","","Gross Charge Type: Main Acute Price List"
"119121 SCREW, LOCKING 5.5X30MM","OperWmSup119121","CDM","278","RC","C1713","HCPCS","","","facility","both","","","","1539.93","1539.93","","","","","","","","","","","","","Gross Charge Type: Main Acute Price List"
"119126 SLEEVE, CENTERING 6MM","AnesChSup119126","CDM","272","RC","","","","","facility","both","","","","1429.1","1429.1","","","","","","","","","","","","","Gross Charge Type: Main Acute Price List"
"119126 SLEEVE, CENTERING 6MM","ScpuWmSup119126","CDM","272","RC","","","","","facility","both","","","","1429.1","1429.1","","","","","","","","","","","","","Gross Charge Type: Main Acute Price List"
"119249 SCREW, CORTICAL LOCKING 3.5X20MM","AngiChSup119249","CDM","278","RC","C1713","HCPCS","","","facility","both","","","","556.03","556.03","","","","","","","","","","","","","Gross Charge Type: Main Acute Price List"
"119249 SCREW, CORTICAL LOCKING 3.5X20MM","ScpuWmSup119249","CDM","278","RC","C1713","HCPCS","","","facility","both","","","","556.03","556.03","","","","","","","","","","","","","Gross Charge Type: Main Acute Price List"
"119575 SHEATH, 10FR FLEXOR INTRODUCER","ScorChSup119575","CDM","272","RC","C1894","HCPCS","","","facility","both","","","","677.51","677.51","","","","","","","","","","","","","Gross Charge Type: Main Acute Price List"
"119812 BLADE, OSTEOTOME SZ 10","CspuChSup119812","CDM","272","RC","","","","","facility","both","","","","752.95","752.95","","","","","","","","","","","","","Gross Charge Type: Main Acute Price List"
"120723 SCREW, CORTICAL 2.7X40MM","OperChSup120723","CDM","278","RC","C1713","HCPCS","","","facility","both","","","","752.95","752.95","","","","","","","","","","","","","Gross Charge Type: Main Acute Price List"
"133 XENON,DX,PER 10 MCI","Ccsm574499","CDM","343","RC","A9558","HCPCS","11994-0127-11","NDC","facility","both","1","EA","","182.41","182.41","","","","","","","","","","","","","Gross Charge Type: Main Acute Price List | NDC EA = 10.0000 UN"
"17-OH PREGNENOLONE","ChemCh9982","CDM","301","RC","82542","HCPCS","","","facility","both","","","","269.09","269.09","","","","","","","","","","","","","Gross Charge Type: Main Acute Price List"
"2.4Fr PROGREAT COAXIAL MICROCATHETER 150cm .018","GastChSup118286","CDM","272","RC","C1887","HCPCS","","","facility","both","","","","3141.46","3141.46","","","","","","","","","","","","","Gross Charge Type: Main Acute Price List"
"20560 NDL INSJ W/O NJX 1 OR 2 MUSC PT","PhytPm2000","CDM","420","RC","20560","HCPCS","","","facility","both","","","","46.57","46.57","","","","","","","","","","","","","Gross Charge Type: Main Acute Price List"
"20560 NDL INSJ W/O NJX 1 OR 2 MUSC PT","PhytSb2000","CDM","420","RC","20560","HCPCS","","","facility","both","","","","46.57","46.57","","","","","","","","","","","","","Gross Charge Type: Main Acute Price List"
"24 HOUR BP, RECORDING ONLY GLB","CDM1501114","CDM","480","RC","93786","HCPCS","","","facility","both","","","","204.07","204.07","","","","","","","","","","","","","Gross Charge Type: Main Acute Price List"
"24 HOUR BP,PHYS REVIEW/INTERP/REPORT PF","CdpkPf502118","CDM","960","RC","93790","HCPCS","","","facility","both","","","","201.27","201.27","","","","","","","","","","","","","Gross Charge Type: Main Acute Price List"
"2d tte w or w/o fol w/con,fu","C8924","HCPCS","","","","","","","facility","outpatient","","","","","","Amerihealth","Caritas Next Other Commercial Plan","603.21","","","","","","","fee schedule","358.15","1131.01","Radiology"
"2d tte w or w/o fol w/con,fu","C8924","HCPCS","","","","","","","facility","outpatient","","","","","","Bcbs","Highmark Medicare Managed Care Plan","358.15","","","","","","","fee schedule","358.15","1131.01","APC"
"3-d radiotherapy plan","77295","HCPCS","","","","","","","facility","outpatient","","","","","","Amerihealth","Medicare Managed Care Plan","1615.39","","","","","","","fee schedule","1420.95","4487.2","APC"
"33016 PERICARDIOCENTESIS,W IMG NR","Wilm549330","CDM","361","RC","33016","HCPCS","","","facility","both","","","","3688.71","3688.71","","","","","","","","","","","","","Gross Charge Type: Main Acute Price List"
"3D ECHO IMG&PST-PXESSING TEE/TTE CGEN CAR ANOMAL","Wilm502164","CDM","483","RC","93319","HCPCS","","","facility","both","","","","756.22","756.22","","","","","","","","","","","","","Gross Charge Type: Main Acute Price List"
"3d bn img algor drvd fr mri","G0566","HCPCS","","","","","","","facility","outpatient","","","","","","Jefferson Health Plan","Health Partners Medicaid Managed Care/Aca Plan","417.14","","","","","","","fee schedule","132.1","417.14","APC"
"51797 VOIDING PRESSURE STU,INTRA-ABD GLB","CuroSm1280","CDM","361","RC","51797","HCPCS","","","facility","both","","","","957.48","957.48","","","","","","","","","","","","","Gross Charge Type: Main Acute Price List"
"58562 HYSTEROSCOPY,SX,RM IMPACT BODY GLB","MUroCh1235","CDM","361","RC","58562","HCPCS","","","facility","both","","","","4099.65","4099.65","","","","","","","","","","","","","Gross Charge Type: Main Acute Price List"
"62329 PUNCT,LUMBAR,TX,W GUID GLP","Midd549255","CDM","361","RC","62329","HCPCS","","","facility","both","","","","1413.14","1413.14","","","","","","","","","","","","","Gross Charge Type: Main Acute Price List"
"64096 SCREW, LOCKING 4.0X14MM","CcthChSup64096","CDM","278","RC","C1713","HCPCS","","","facility","both","","","","933.26","933.26","","","","","","","","","","","","","Gross Charge Type: Main Acute Price List"
"64451 INJ,SACROILI JT NERVE,IMG NR","Chrs388816","CDM","361","RC","64451","HCPCS","","","facility","both","","","","1413.14","1413.14","","","","","","","","","","","","","Gross Charge Type: Main Acute Price List"
"77081 DXA,BONE DENS,1 OR>SITE,APPEND GLB","BRML5410752","CDM","320","RC","77081","HCPCS","","","facility","both","","","","183.11","183.11","","","","","","","","","","","","","Gross Charge Type: Main Acute Price List"
"77086 DXA,BONE DENS,VER FX GLB","Fcin753422","CDM","320","RC","77086","HCPCS","","","facility","both","","","","232.03","232.03","","","","","","","","","","","","","Gross Charge Type: Main Acute Price List"
"77086 DXA,BONE DENS,VER FX PF","MDIA54P3423","CDM","975","RC","77086","HCPCS","","","facility","both","","","26","78.28","78.28","","","","","","","","","","","","","Gross Charge Type: Main Acute Price List | The modified price is presented in the standard charge value. | Modifier 26: Professional Component"
"82424 SET, MINI CAP PD TRANS/W/TWIST","EplbChSup82424","CDM","272","RC","","","","","facility","both","","","","445.77","445.77","","","","","","","","","","","","","Gross Charge Type: Main Acute Price List"
"95721 EEG,INTERP,36-60H WO VID PP","EmgNs95721","CDM","983","RC","95721","HCPCS","","","facility","both","","","","620.6","620.6","","","","","","","","","","","","","Gross Charge Type: Main Acute Price List"
"95909 NERVE CONDUCT STUDIES, 5-6 STU GLB","CuroGr1204","CDM","922","RC","95909","HCPCS","","","facility","both","","","","1286.66","1286.66","","","","","","","","","","","","","Gross Charge Type: Main Acute Price List"
"95909 NERVE CONDUCT STUDIES, 5-6 STU GLB","WuroWm1204","CDM","922","RC","95909","HCPCS","","","facility","both","","","","1286.66","1286.66","","","","","","","","","","","","","Gross Charge Type: Main Acute Price List"
"95910 NERVE CONDUCT STUDIES, 7-8 STU GLB","EmggNs1205","CDM","922","RC","95910","HCPCS","","","facility","both","","","","1694.1","1694.1","","","","","","","","","","","","","Gross Charge Type: Main Acute Price List"
"95910 NERVE CONDUCT STUDIES, 7-8 STU PF","CuroGrPf2205","CDM","977","RC","95910","HCPCS","","","facility","both","","","26","611.52","611.52","","","","","","","","","","","","","Gross Charge Type: Main Acute Price List | The modified price is presented in the standard charge value. | Modifier 26: Professional Component"
"95911 NERVE CONDUCT STUDIES, 9-10 ST PF","EmggWmPf2206","CDM","977","RC","95911","HCPCS","","","facility","both","","","26","763.17","763.17","","","","","","","","","","","","","Gross Charge Type: Main Acute Price List | The modified price is presented in the standard charge value. | Modifier 26: Professional Component"
"96365 IV MED,TX,START&INFUS INIT HR","CcciWm96365","CDM","940","RC","96365","HCPCS","","","facility","both","","","","787.65","787.65","","","","","","","","","","","","","Gross Charge Type: Main Acute Price List"
"96374 INJECTION,IVP","GobgM214024","CDM","940","RC","96374","HCPCS","","","facility","both","","","","311","311","","","","","","","","","","","","","Gross Charge Type: Main Acute Price List"
"96375 INJ TX,PROP,DX EA IVP NEW SUBS","CcciWm96375","CDM","940","RC","96375","HCPCS","","","facility","both","","","","193.6","193.6","","","","","","","","","","","","","Gross Charge Type: Main Acute Price List"
"97129 TX COGNITIVE FUNC,INIT 15M ST","SphrCh1364","CDM","440","RC","97129","HCPCS","","","facility","both","","","GN","51.72","51.72","","","","","","","","","","","","","Gross Charge Type: Main Acute Price List | The modified price is presented in the standard charge value. | Modifier GN: Services delivered under an outpatient speech language pathology plan of care"
"ABLATION,1 OR > LIVER TUMOR,RF,PERC GLP","Wilm383153","CDM","361","RC","47382","HCPCS","","","facility","both","","","","17290.37","17290.37","","","","","","","","","","","","","Gross Charge Type: Main Acute Price List"
"ABUTMENT, MULTI UNIT PLUS CONICAL CONNECTION RP 4.5MM","OperChSup74116","CDM","270","RC","","","","","facility","both","","","","757.58","757.58","","","","","","","","","","","","","Gross Charge Type: Main Acute Price List"
"ACCESS PORT A CATH","ChcuCh1480","CDM","260","RC","","","","","facility","both","","","","283.75","283.75","","","","","","","","","","","","","Gross Charge Type: Main Acute Price List"
"ACCESS PORT A CATH","CtnuCh1480","CDM","260","RC","","","","","facility","both","","","","283.75","283.75","","","","","","","","","","","","","Gross Charge Type: Main Acute Price List"
"ACCESS PORT A CATH","Me6bCh1480","CDM","260","RC","","","","","facility","both","","","","283.75","283.75","","","","","","","","","","","","","Gross Charge Type: Main Acute Price List"
"ACCESS PORT A CATH","WspuWm1480","CDM","260","RC","","","","","facility","both","","","","283.75","283.75","","","","","","","","","","","","","Gross Charge Type: Main Acute Price List"
"ACCESSORY, PHONE CLIP BAHA 4 WIRELESS","GyscChSup61024","CDM","270","RC","","","","","facility","both","","","","1708.63","1708.63","","","","","","","","","","","","","Gross Charge Type: Main Acute Price List"
"ACCUMODEL, IMPLANT MODEL","EplbChSup117869","CDM","272","RC","","","","","facility","both","","","","3475.17","3475.17","","","","","","","","","","","","","Gross Charge Type: Main Acute Price List"
"ACCUMODEL, IMPLANT MODEL","ScpuWmSup117869","CDM","272","RC","","","","","facility","both","","","","3475.17","3475.17","","","","","","","","","","","","","Gross Charge Type: Main Acute Price List"
"ACCUMODEL, MANDIBLE","AngiWmSup110990","CDM","272","RC","","","","","facility","both","","","","9239.61","9239.61","","","","","","","","","","","","","Gross Charge Type: Main Acute Price List"
"ACCUMODEL, MANDIBLE","PacuWmSup110990","CDM","272","RC","","","","","facility","both","","","","9239.61","9239.61","","","","","","","","","","","","","Gross Charge Type: Main Acute Price List"
"ACCUMODEL, ONE 2 ONE MANDIBLE AND MAXILLA FUSED","PacuChSup113839","CDM","272","RC","","","","","facility","both","","","","22578.97","22578.97","","","","","","","","","","","","","Gross Charge Type: Main Acute Price List"
"ACCUMODEL, SKULL MANDIBLE FUSED","OperChSup113027","CDM","272","RC","","","","","facility","both","","","","31842.15","31842.15","","","","","","","","","","","","","Gross Charge Type: Main Acute Price List"
"ACCUMODEL, SKULL MODEL","EplbChSup117868","CDM","272","RC","","","","","facility","both","","","","23167.8","23167.8","","","","","","","","","","","","","Gross Charge Type: Main Acute Price List"
"ACCUMODEL, SKULL MODEL","ScanWmSup117868","CDM","272","RC","","","","","facility","both","","","","23167.8","23167.8","","","","","","","","","","","","","Gross Charge Type: Main Acute Price List"
"ACETONE,SERUM,QUALITATIVE","ChemWm2635","CDM","301","RC","82009","HCPCS","","","facility","both","","","","62.21","62.21","","","","","","","","","","","","","Gross Charge Type: Main Acute Price List"
"ACIS, PROTI LOR/M 7MM H","GastWmSup115524","CDM","278","RC","C1776","HCPCS","","","facility","both","","","","6947.38","6947.38","","","","","","","","","","","","","Gross Charge Type: Main Acute Price List"
"ACTH","ChemCh6304","CDM","301","RC","82024","HCPCS","","","facility","both","","","","343.85","343.85","","","","","","","","","","","","","Gross Charge Type: Main Acute Price List"
"ACTIVATED CLOTTING TIME","OperCh800026","CDM","305","RC","85347","HCPCS","","","facility","both","","","","71.28","71.28","","","","","","","","","","","","","Gross Charge Type: Main Acute Price List"
"ADAPTER, 20FR UNIVERSAL PEG","EplbChSup203706","CDM","270","RC","","","","","facility","both","","","","24.93","24.93","","","","","","","","","","","","","Gross Charge Type: Main Acute Price List"
"ADAPTER, AIRLESS ROTATING W/59IN TUBING","GyscChSup54065","CDM","272","RC","","","","","facility","both","","","","35.23","35.23","","","","","","","","","","","","","Gross Charge Type: Main Acute Price List"
"ADAPTER, ANATOMIC OFFSET TAPER","CcthChSup119257","CDM","278","RC","C1776","HCPCS","","","facility","both","","","","1447.99","1447.99","","","","","","","","","","","","","Gross Charge Type: Main Acute Price List"
"ADAPTER, BIOLOX 12/14 +0MM","OperChSup110402","CDM","278","RC","C1776","HCPCS","","","facility","both","","","","3428.83","3428.83","","","","","","","","","","","","","Gross Charge Type: Main Acute Price List"
"ADAPTER, CHECKFLOW VALVE","PacuChSup39197","CDM","272","RC","","","","","facility","both","","","","70.78","70.78","","","","","","","","","","","","","Gross Charge Type: Main Acute Price List"
"ADAPTER, FENESTRATED","ScanWmSup116632","CDM","272","RC","","","","","facility","both","","","","1462.95","1462.95","","","","","","","","","","","","","Gross Charge Type: Main Acute Price List"
"ADAPTER, HUMERAL HEAD UNIVERS REVERS 42","OperWmSup113865","CDM","278","RC","C1776","HCPCS","","","facility","both","","","","11530.72","11530.72","","","","","","","","","","","","","Gross Charge Type: Main Acute Price List"
"ADAPTER, HUMERAL HEAD UNIVERS REVERS 42","ScanChSup113865","CDM","278","RC","C1776","HCPCS","","","facility","both","","","","11530.72","11530.72","","","","","","","","","","","","","Gross Charge Type: Main Acute Price List"
"ADAPTER, HUMERAL UNIVERS REVERS 39","AngiChSup109925","CDM","278","RC","C1776","HCPCS","","","facility","both","","","","13243.44","13243.44","","","","","","","","","","","","","Gross Charge Type: Main Acute Price List"
"ADAPTER, HUMERAL UNIVERS REVERS 39","ScanChSup109925","CDM","278","RC","C1776","HCPCS","","","facility","both","","","","13243.44","13243.44","","","","","","","","","","","","","Gross Charge Type: Main Acute Price List"
"ADAPTER, LEAD IS-1 OSCOR 6162","GastChSup57889","CDM","278","RC","C1883","HCPCS","","","facility","both","","","","2033.72","2033.72","","","","","","","","","","","","","Gross Charge Type: Main Acute Price List"
"ADAPTER, LEAD IS-1 OSCOR 6162","OperChSup57889","CDM","278","RC","C1883","HCPCS","","","facility","both","","","","2033.72","2033.72","","","","","","","","","","","","","Gross Charge Type: Main Acute Price List"
"ADAPTER, SHEATH CONTAMINATION SHIELD","AngiWmSup70236","CDM","270","RC","","","","","facility","both","","","","169.13","169.13","","","","","","","","","","","","","Gross Charge Type: Main Acute Price List"
"ADAPTER, SHEATH CONTAMINATION SHIELD","ScanWmSup70236","CDM","270","RC","","","","","facility","both","","","","169.13","169.13","","","","","","","","","","","","","Gross Charge Type: Main Acute Price List"
"ADAPTER, SHEATH","ScorWmSup1149","CDM","270","RC","","","","","facility","both","","","","51.84","51.84","","","","","","","","","","","","","Gross Charge Type: Main Acute Price List"
"ADAPTER,ELBOW AEROECLIPSE II BAN NEBULIZER","GyscChSup70598","CDM","270","RC","","","","","facility","both","","","","0.59","0.59","","","","","","","","","","","","","Gross Charge Type: Main Acute Price List"
"ADAPTER,UNIPOLAR LEAD 3.2MM LOW-PROF CONN TO IS-1 RECEP 47CM","ScpuChSup51241","CDM","278","RC","C1883","HCPCS","","","facility","both","","","","1693.93","1693.93","","","","","","","","","","","","","Gross Charge Type: Main Acute Price List"
"ADAPTER-B, 8-CHANNEL 10CM","AngiWmSup107250","CDM","278","RC","C1883","HCPCS","","","facility","both","","","","9036.34","9036.34","","","","","","","","","","","","","Gross Charge Type: Main Acute Price List"
"ADAPTOR, HUMERAL HEAD TRIAL REUNION RFX","AngiChSup79208","CDM","272","RC","","","","","facility","both","","","","3757.45","3757.45","","","","","","","","","","","","","Gross Charge Type: Main Acute Price List"
"ADAPTOR, PERITONEAL DIALYSIS TI","CspuChSup61037","CDM","270","RC","","","","","facility","both","","","","769.97","769.97","","","","","","","","","","","","","Gross Charge Type: Main Acute Price List"
"ADAPTOR, ROD","CcthChSup23480","CDM","270","RC","","","","","facility","both","","","","2284.03","2284.03","","","","","","","","","","","","","Gross Charge Type: Main Acute Price List"
"ADAPTOR, VERSA-DIAL TAPER TI STD","GyscChSup44971","CDM","270","RC","","","","","facility","both","","","","579.19","579.19","","","","","","","","","","","","","Gross Charge Type: Main Acute Price List"
"ADENOVIRUS DNA, QUANT, RT-PCR FADNA","ChemCh2935","CDM","306","RC","87799","HCPCS","","","facility","both","","","","604.21","604.21","","","","","","","","","","","","","Gross Charge Type: Main Acute Price List"
"ADHESIVE,SHIN CLOSURE DERMABOND PRINEO 22","ScpuChSup64907","CDM","270","RC","","","","","facility","both","","","","477.41","477.41","","","","","","","","","","","","","Gross Charge Type: Main Acute Price List"
"ADMINISTRATION,FLU VACCINE","PharRh4008","CDM","771","RC","G0008","HCPCS","","","facility","both","","","","37.74","37.74","","","","","","","","","","","","","Gross Charge Type: Main Acute Price List"
"AFB CULT,BLOOD","MicrRR2478","CDM","306","RC","87116","HCPCS","","","facility","both","","","","100.71","100.71","","","","","","","","","","","","","Gross Charge Type: Acute Discounted"
"AIRWAY, 100MM GUEDEL","AnesChSup2645","CDM","270","RC","","","","","facility","both","","","","0.31","0.31","","","","","","","","","","","","","Gross Charge Type: Main Acute Price List"
"AIRWAY, 80MM GUEDEL","CcbcMg2643","CDM","270","RC","","","","","facility","both","","","","0.31","0.31","","","","","","","","","","","","","Gross Charge Type: Main Acute Price List"
"AIRWAY, 80MM GUEDEL","CcspMR2643","CDM","270","RC","","","","","facility","both","","","","0.31","0.31","","","","","","","","","","","","","Gross Charge Type: Main Acute Price List"
"AIRWAY, LARYNGEAL MASK I-GEL SIZE 4","AnesChSup48013","CDM","270","RC","","","","","facility","both","","","","56.78","56.78","","","","","","","","","","","","","Gross Charge Type: Main Acute Price List"
"AIRWAY, LARYNGEAL MASK I-GEL SIZE 4","EplbChSup48013","CDM","270","RC","","","","","facility","both","","","","56.78","56.78","","","","","","","","","","","","","Gross Charge Type: Main Acute Price List"
"AIRWAY, LMA SIZE 3 DISPOSABLE","ScanChSup38411","CDM","270","RC","","","","","facility","both","","","","111.8","111.8","","","","","","","","","","","","","Gross Charge Type: Main Acute Price List"
"AIRWAY, LMA SIZE 4 DISPOSABLE","ScorChSup38412","CDM","270","RC","","","","","facility","both","","","","111.8","111.8","","","","","","","","","","","","","Gross Charge Type: Main Acute Price List"
"AIRWAY, LMA SIZE 5 DISPOSABLE","ScanChSup38413","CDM","270","RC","","","","","facility","both","","","","111.8","111.8","","","","","","","","","","","","","Gross Charge Type: Main Acute Price List"
"AIRWAY, LMA UNIQUE PLUS SZ 2","GastWmSup61268","CDM","272","RC","","","","","facility","both","","","","111.8","111.8","","","","","","","","","","","","","Gross Charge Type: Main Acute Price List"
"AIRWAY, NASAL 36 FR","ScpuWmSup82714","CDM","270","RC","","","","","facility","both","","","","23.4","23.4","","","","","","","","","","","","","Gross Charge Type: Main Acute Price List"
"AIRWAY, NASOPHARYNGEAL 16FR PVC","CcthChSup30965","CDM","270","RC","","","","","facility","both","","","","11.7","11.7","","","","","","","","","","","","","Gross Charge Type: Main Acute Price List"
"AIRWAY, NASOPHARYNGEAL 18FR PVC","GastWmSup30966","CDM","270","RC","","","","","facility","both","","","","11.72","11.72","","","","","","","","","","","","","Gross Charge Type: Main Acute Price List"
"AIRWAY, NASOPHARYNGEAL 25/26FR","OperChSup2700","CDM","270","RC","","","","","facility","both","","","","17.25","17.25","","","","","","","","","","","","","Gross Charge Type: Main Acute Price List"
"AIRWAY, NASOPHARYNGEAL 33F","ScpuChSup2702","CDM","270","RC","","","","","facility","both","","","","16.77","16.77","","","","","","","","","","","","","Gross Charge Type: Main Acute Price List"
"AIRWAY, NASOPHARYNGEAL PVC 19FR","PacuChSup34596","CDM","270","RC","","","","","facility","both","","","","11.7","11.7","","","","","","","","","","","","","Gross Charge Type: Main Acute Price List"
"AIRWAY, NASOPHARYNGEAL PVC 19FR","ScanWmSup34596","CDM","270","RC","","","","","facility","both","","","","11.7","11.7","","","","","","","","","","","","","Gross Charge Type: Main Acute Price List"
"AIRWAY, ORAL 0 GUEDAL","ScpuWmSup82930","CDM","270","RC","","","","","facility","both","","","","11.01","11.01","","","","","","","","","","","","","Gross Charge Type: Main Acute Price List"
"ALBUMIN SERUM PLASMA/WHOLE BLOOD","ChemCh2741","CDM","301","RC","82040","HCPCS","","","facility","both","","","","83.2","83.2","","","","","","","","","","","","","Gross Charge Type: Main Acute Price List"
"ALLOGRAFT, ALLOPURE BICORTICAL WEDGE 10MM EVANS 22X20X10MM COMPT","AngiWmSup109528","CDM","278","RC","C1762","HCPCS","","","facility","both","","","","13175.68","13175.68","","","","","","","","","","","","","Gross Charge Type: Main Acute Price List"
"ALLOGRAFT, ALLOPURE BICORTICAL WEDGE 10MM EVANS 22X20X10MM COMPT","DelrChSup109528","CDM","278","RC","C1762","HCPCS","","","facility","both","","","","13175.68","13175.68","","","","","","","","","","","","","Gross Charge Type: Main Acute Price List"
"ALLOGRAFT, ALLOPURE BICORTICAL WEDGE 10MM EVANS 22X20X10MM COMPT","ScorWmSup109528","CDM","278","RC","C1762","HCPCS","","","facility","both","","","","13175.68","13175.68","","","","","","","","","","","","","Gross Charge Type: Main Acute Price List"
"ALLOGRAFT, ALLOPURE BICORTICAL WEDGE 8MM EVANS 22X20X8MM COMPT","OperWmSup109522","CDM","278","RC","C1762","HCPCS","","","facility","both","","","","13175.68","13175.68","","","","","","","","","","","","","Gross Charge Type: Main Acute Price List"
"ALLOGRAFT, ALLOPURE PLUS COTTON BONE WEDGE 6MM COMPT","OperChSup110034","CDM","278","RC","C1762","HCPCS","","","facility","both","","","","10847.3","10847.3","","","","","","","","","","","","","Gross Charge Type: Main Acute Price List"
"ALLOGRAFT, ALLOPURE PLUS EVANS BONE WEDGE 12MM COMPT","GyscChSup110035","CDM","278","RC","C1762","HCPCS","","","facility","both","","","","13175.68","13175.68","","","","","","","","","","","","","Gross Charge Type: Main Acute Price List"
"ALLOGRAFT, ALLOPURE TRICORTICAL BLOCK MEDIUM COMPT","ScanWmSup109527","CDM","278","RC","C1762","HCPCS","","","facility","both","","","","11697.34","11697.34","","","","","","","","","","","","","Gross Charge Type: Main Acute Price List"
"ALLOGRAFT, ALLOPURE TRICORTICAL BONE WEDGE SMALL COMPT","OperWmSup110036","CDM","278","RC","C1762","HCPCS","","","facility","both","","","","11401.68","11401.68","","","","","","","","","","","","","Gross Charge Type: Main Acute Price List"
"ALLOGRAFT, COALITION AGX 10x16MM 7 DEG 7MM H","OperChSup10192917","CDM","278","RC","C1762","HCPCS","","","facility","both","","","","4672","4672","","","","","","","","","","","","","Gross Charge Type: Main Acute Price List"
"ALLOGRAFT, FEMORAL FRESH HEMI CONDYLAR 10MM","GastChSup61575","CDM","278","RC","C1762","HCPCS","","","facility","both","","","","17863.24","17863.24","","","","","","","","","","","","","Gross Charge Type: Main Acute Price List"
"ALLOGRAFT, FEMORAL FRESH HEMI CONDYLAR 10MM","ScorChSup61575","CDM","278","RC","C1762","HCPCS","","","facility","both","","","","17863.24","17863.24","","","","","","","","","","","","","Gross Charge Type: Main Acute Price List"
"ALLOGRAFT, FIBRO-GIDE 15X20X6MM","ScorWmSup10194580","CDM","278","RC","C1762","HCPCS","","","facility","both","","","","1016.16","1016.16","","","","","","","","","","","","","Gross Charge Type: Main Acute Price List"
"ALLOGRAFT, FRESH DISTAL WHOLE FEMUR CON LEFT","AngiWmSup116204","CDM","278","RC","C1762","HCPCS","","","facility","both","","","","131510.42","131510.42","","","","","","","","","","","","","Gross Charge Type: Main Acute Price List"
"ALLOGRAFT, FRESH DISTAL WHOLE FEMUR CON LEFT","PacuWmSup116204","CDM","278","RC","C1762","HCPCS","","","facility","both","","","","131510.42","131510.42","","","","","","","","","","","","","Gross Charge Type: Main Acute Price List"
"ALLOGRAFT, FRESH FEMORAL CONDYLE MEDIAL RT","CLDRChSup76461","CDM","278","RC","C1762","HCPCS","","","facility","both","","","","72978.57","72978.57","","","","","","","","","","","","","Gross Charge Type: Main Acute Price List"
"ALLOGRAFT, FRESH RIGHT LATERAL CONDYLE","OperChSup69769","CDM","278","RC","C1762","HCPCS","","","facility","both","","","","73916.87","73916.87","","","","","","","","","","","","","Gross Charge Type: Main Acute Price List"
"ALLOGRAFT, HUMERUS PROXIMAL RIGHT W/ CUFF FROZEN","OperChSup10195485","CDM","278","RC","C1762","HCPCS","","","facility","both","","","","36984.72","36984.72","","","","","","","","","","","","","Gross Charge Type: Main Acute Price List"
"ALLOGRAFT, OSTEOCHONDRAL CARTIFORM 12X19MM","ScorWmSup79614","CDM","278","RC","C1762","HCPCS","","","facility","both","","","","38498.36","38498.36","","","","","","","","","","","","","Gross Charge Type: Main Acute Price List"
"ALLOGRAFT, PRESUTURED GRAFTLINK TENDON XL","CspuChSup107425","CDM","278","RC","C1762","HCPCS","","","facility","both","","","","14479.88","14479.88","","","","","","","","","","","","","Gross Charge Type: Main Acute Price List"
"ALLOGRAFT, PROPEL DBM PUTTY PLUS 10CC","ScorWmSup118379","CDM","278","RC","C1713","HCPCS","","","facility","both","","","","10625.55","10625.55","","","","","","","","","","","","","Gross Charge Type: Main Acute Price List"
"ALLOGRAFT, SPACER CC NATURAL LORDOTIC 6MM","Chrs5470022","CDM","278","RC","C1762","HCPCS","","","facility","both","","","","6590.92","6590.92","","","","","","","","","","","","","Gross Charge Type: Main Acute Price List"
"ALLOGRAFT, SPACER CC NATURAL LORDOTIC 6MM","GastChSup70022","CDM","278","RC","C1762","HCPCS","","","facility","both","","","","6590.92","6590.92","","","","","","","","","","","","","Gross Charge Type: Main Acute Price List"
"ALLOGRAFT, SPACER CC NATURAL LORDOTIC 7MM","CcthChSup70023","CDM","278","RC","C1762","HCPCS","","","facility","both","","","","6590.92","6590.92","","","","","","","","","","","","","Gross Charge Type: Main Acute Price List"
"ALLOGRAFT, SPACER CC NATURAL LORDOTIC 7MM","ScpuChSup70023","CDM","278","RC","C1762","HCPCS","","","facility","both","","","","6590.92","6590.92","","","","","","","","","","","","","Gross Charge Type: Main Acute Price List"
"ALLOGRAFT, SPACER CC NATURAL LORDOTIC 8MM","CcthChSup70024","CDM","278","RC","C1762","HCPCS","","","facility","both","","","","6590.92","6590.92","","","","","","","","","","","","","Gross Charge Type: Main Acute Price List"
"ALLOGRAFT, SPACER CC NATURAL LORDOTIC 9MM","CcthChSup70025","CDM","278","RC","C1762","HCPCS","","","facility","both","","","","6590.92","6590.92","","","","","","","","","","","","","Gross Charge Type: Main Acute Price List"
"ALLOGRAFT, SPACER CC NATURAL LORDOTIC 9MM","Chrs5470025","CDM","278","RC","C1762","HCPCS","","","facility","both","","","","6590.92","6590.92","","","","","","","","","","","","","Gross Charge Type: Main Acute Price List"
"ALLOGRAFT, SPACER CC NATURAL LORDOTIC FD LARGE 10MM","CLDRChSup71625","CDM","278","RC","C1762","HCPCS","","","facility","both","","","","6590.92","6590.92","","","","","","","","","","","","","Gross Charge Type: Main Acute Price List"
"ALLOGRAFT, SPACER CC NATURAL LORDOTIC LARGE 7MM","Wilm5470595","CDM","278","RC","C1762","HCPCS","","","facility","both","","","","6590.92","6590.92","","","","","","","","","","","","","Gross Charge Type: Main Acute Price List"
"ALLOGRAFT, SPACER CC NATURAL PARALLEL FD LARGE 6MM","EplbChSup71560","CDM","278","RC","C1762","HCPCS","","","facility","both","","","","6590.92","6590.92","","","","","","","","","","","","","Gross Charge Type: Main Acute Price List"
"AMIBS/C - AMPHIPHYSIN IMMUNOBLOT","CHEMSN2289","CDM","302","RC","84182","HCPCS","","","facility","both","","","","147.26","147.26","","","","","","","","","","","","","Gross Charge Type: Main Acute Price List"
"AMIBS/C - AMPHIPHYSIN IMMUNOBLOT","ChemCh2289","CDM","302","RC","84182","HCPCS","","","facility","both","","","","147.26","147.26","","","","","","","","","","","","","Gross Charge Type: Main Acute Price List"
"AMIKACIN LEVEL","ChemRN6116","CDM","301","RC","80150","HCPCS","","","facility","both","","","","239.72","239.72","","","","","","","","","","","","","Gross Charge Type: Main Acute Price List"
"AMINOPHYLLINE UP TO 250MG IV","Mnum4287777","CDM","636","RC","J0280","HCPCS","00409592101","NDC","facility","both","1","EA","","5.6","5.6","","","","","","","","","","","","","Gross Charge Type: Main Acute Price List | NDC EA = 1.0000 UN"
"AMYLASE,SERUM","ChemWm2732","CDM","301","RC","82150","HCPCS","","","facility","both","","","","130.7","130.7","","","","","","","","","","","","","Gross Charge Type: Main Acute Price List"
"AN MITOCHONDRIAL AN","CHEMSR6134","CDM","301","RC","83516","HCPCS","","","facility","both","","","","257.2","257.2","","","","","","","","","","","","","Gross Charge Type: Main Acute Price List"
"AN PARIET","ChemCh6347","CDM","302","RC","86256","HCPCS","","","facility","both","","","","133.5","133.5","","","","","","","","","","","","","Gross Charge Type: Main Acute Price List"
"AN1BS/C - ANNA-2 IMMUNOBLOT","ChemCh2291","CDM","302","RC","84182","HCPCS","","","facility","both","","","","147.26","147.26","","","","","","","","","","","","","Gross Charge Type: Main Acute Price List"
"ANCA IMMUNOASSAY","ChemWm3018","CDM","302","RC","86036","HCPCS","","","facility","both","","","","111.22","111.22","","","","","","","","","","","","","Gross Charge Type: Acute Discounted"
"ANCHOR,  BIO MINI 2.5MM","ScanWmSup55606","CDM","278","RC","C1713","HCPCS","","","facility","both","","","","2838.72","2838.72","","","","","","","","","","","","","Gross Charge Type: Main Acute Price List"
"ANCHOR,  SUTURE BIO-COMP CORKSCREW TIGERTAIL 5.5X14.7MM","ScanWmSup51337","CDM","278","RC","C1713","HCPCS","","","facility","both","","","","2164.74","2164.74","","","","","","","","","","","","","Gross Charge Type: Main Acute Price List"
"ANCHOR,  SUTURE BIO-COMP CORKSCREW TIGERTAIL 5.5X14.7MM","ScpuChSup51337","CDM","278","RC","C1713","HCPCS","","","facility","both","","","","2164.74","2164.74","","","","","","","","","","","","","Gross Charge Type: Main Acute Price List"
"ANCHOR, 1.4MMX1.2MM BRAID TT SUTURE TAPE WITH NEEDLES","AnesChSup118444","CDM","278","RC","C1713","HCPCS","","","facility","both","","","","4157.83","4157.83","","","","","","","","","","","","","Gross Charge Type: Main Acute Price List"
"ANCHOR, 1.4MMX1.2MM BRAID TT SUTURE TAPE WITH NEEDLES","AnesWmSup118444","CDM","278","RC","C1713","HCPCS","","","facility","both","","","","4157.83","4157.83","","","","","","","","","","","","","Gross Charge Type: Main Acute Price List"
"ANCHOR, 1.4MMX1.2MM BRAID TT SUTURE TAPE WITH NEEDLES","PacuWmSup118444","CDM","278","RC","C1713","HCPCS","","","facility","both","","","","4157.83","4157.83","","","","","","","","","","","","","Gross Charge Type: Main Acute Price List"
"ANCHOR, AIR CVD UP","DelrChSup120087","CDM","278","RC","C1713","HCPCS","","","facility","both","","","","2403.66","2403.66","","","","","","","","","","","","","Gross Charge Type: Main Acute Price List"
"ANCHOR, BIOCOMPOSITE 3.0 SUTURE TAK W/ #0 FIBERWIRE","GyscChSup68799","CDM","278","RC","C1713","HCPCS","","","facility","both","","","","2040.51","2040.51","","","","","","","","","","","","","Gross Charge Type: Main Acute Price List"
"ANCHOR, CORKSCREW FT SUTURE W/#2 FIBERWIRE","GyscChSup35528","CDM","278","RC","C1713","HCPCS","","","facility","both","","","","1788.27","1788.27","","","","","","","","","","","","","Gross Charge Type: Main Acute Price List"
"ANCHOR, CORKSCREW FT SUTURE W/#2 FIBERWIRE","ScanChSup35528","CDM","278","RC","C1713","HCPCS","","","facility","both","","","","1788.27","1788.27","","","","","","","","","","","","","Gross Charge Type: Main Acute Price List"
"ANCHOR, FIBERTAK KNOTLESS W/# 2 SUTURE","ScpuChSup111631","CDM","278","RC","C1713","HCPCS","","","facility","both","","","","14013.41","14013.41","","","","","","","","","","","","","Gross Charge Type: Main Acute Price List"
"ANCHOR, GRAVITY 2.7 COMPT","OperWmSup111931","CDM","278","RC","C1713","HCPCS","","","facility","both","","","","1700.09","1700.09","","","","","","","","","","","","","Gross Charge Type: Main Acute Price List"
"ANCHOR, GRAVITY 3.5MM","GastChSup118190","CDM","278","RC","C1713","HCPCS","","","facility","both","","","","1598.58","1598.58","","","","","","","","","","","","","Gross Charge Type: Main Acute Price List"
"ANCHOR, INJECTABLE SANDSHARK PERCUTANEOUS","AnesChSup115666","CDM","272","RC","","","","","facility","both","","","","2316.78","2316.78","","","","","","","","","","","","","Gross Charge Type: Main Acute Price List"
"ANCHOR, INJECTABLE SANDSHARK PERCUTANEOUS","PacuWmSup115666","CDM","272","RC","","","","","facility","both","","","","2316.78","2316.78","","","","","","","","","","","","","Gross Charge Type: Main Acute Price List"
"ANCHOR, INJEX BI WING","CspuChSup79047","CDM","278","RC","","","","","facility","both","","","","1693.93","1693.93","","","","","","","","","","","","","Gross Charge Type: Main Acute Price List"
"ANCHOR, INJEX BUMPY","GyscChSup53902","CDM","272","RC","","","","","facility","both","","","","1592.11","1592.11","","","","","","","","","","","","","Gross Charge Type: Main Acute Price List"
"ANCHOR, KNOTLESS ICONIX (BLACK / WHITE)","PacuWmSup120102","CDM","278","RC","C1713","HCPCS","","","facility","both","","","","2606.38","2606.38","","","","","","","","","","","","","Gross Charge Type: Main Acute Price List"
"ANCHOR, KNOTLESS ICONIX (BLUE/BLACK)","EplbChSup120092","CDM","278","RC","C1713","HCPCS","","","facility","both","","","","2606.38","2606.38","","","","","","","","","","","","","Gross Charge Type: Main Acute Price List"
"ANCHOR, KNOTLESS ICONIX (BLUE/BLACK)","GastChSup120092","CDM","278","RC","C1713","HCPCS","","","facility","both","","","","2606.38","2606.38","","","","","","","","","","","","","Gross Charge Type: Main Acute Price List"
"ANCHOR, KNOTLESS SUTURE TAK 3MM","AngiChSup79516","CDM","278","RC","C1713","HCPCS","","","facility","both","","","","2669.22","2669.22","","","","","","","","","","","","","Gross Charge Type: Main Acute Price List"
"ANCHOR, MINI GII W/SUTURE 2/0","PacuWmSup103109","CDM","278","RC","C1713","HCPCS","","","facility","both","","","","3455.61","3455.61","","","","","","","","","","","","","Gross Charge Type: Main Acute Price List"
"ANCHOR, MINI GII W/SUTURE 2/0","ScorChSup103109","CDM","278","RC","C1713","HCPCS","","","facility","both","","","","3455.61","3455.61","","","","","","","","","","","","","Gross Charge Type: Main Acute Price List"
"ANCHOR, NANOTACK 1.4","GastChSup120103","CDM","278","RC","C1713","HCPCS","","","facility","both","","","","2248.3","2248.3","","","","","","","","","","","","","Gross Charge Type: Main Acute Price List"
"ANCHOR, NANOTACK 1.4","ScanChSup120103","CDM","278","RC","C1713","HCPCS","","","facility","both","","","","2248.3","2248.3","","","","","","","","","","","","","Gross Charge Type: Main Acute Price List"
"ANCHOR, SUTURE BIOCOMPOSITE SWIVEL LOCK 4.75MM","CcthChSup41798","CDM","278","RC","C1713","HCPCS","","","facility","both","","","","2670.55","2670.55","","","","","","","","","","","","","Gross Charge Type: Main Acute Price List"
"ANCHOR, SUTURE BIOCOMPOSITE SWIVELOCK 3.5X14.8MM","EplbChSup58431","CDM","278","RC","C1713","HCPCS","","","facility","both","","","","2511.1","2511.1","","","","","","","","","","","","","Gross Charge Type: Main Acute Price List"
"ANCHOR, SUTURE BIOCOMPOSITE W/NEEDLES 5.5MM","ScorWmSup45541","CDM","278","RC","C1713","HCPCS","","","facility","both","","","","1865.12","1865.12","","","","","","","","","","","","","Gross Charge Type: Main Acute Price List"
"ANCHOR, SUTURE DOUBLE LOADED 4.75 SWIVEL LOCK","OperChSup112319","CDM","278","RC","C1713","HCPCS","","","facility","both","","","","2838.72","2838.72","","","","","","","","","","","","","Gross Charge Type: Main Acute Price List"
"ANCHOR, SUTURE MICRO CORKSCREW 2.2X4MM","CcthChSup50737","CDM","278","RC","C1713","HCPCS","","","facility","both","","","","1901.83","1901.83","","","","","","","","","","","","","Gross Charge Type: Main Acute Price List"
"ANCHOR, SUTURE NANO CORKSCREW 1.7X5MM","AnesChSup76344","CDM","278","RC","C1713","HCPCS","","","facility","both","","","","2838.72","2838.72","","","","","","","","","","","","","Gross Charge Type: Main Acute Price List"
"ANCHOR, SWIFT LOCK","AngiWmSup43823","CDM","278","RC","C1883","HCPCS","","","facility","both","","","","970.17","970.17","","","","","","","","","","","","","Gross Charge Type: Main Acute Price List"
"ANCHOR,SUTURE FIBERTAK DX FIBERWIRE 1.3","ScpuWmSup76994","CDM","278","RC","C1713","HCPCS","","","facility","both","","","","3102.97","3102.97","","","","","","","","","","","","","Gross Charge Type: Main Acute Price List"
"ANGIOGR,EXTREMITY,BIL,RS&I GLB","IrraWm1858","CDM","320","RC","75716","HCPCS","","","facility","both","","","","649.95","649.95","","","","","","","","","","","","","Gross Charge Type: Main Acute Price List"
"ANGIOGR,VISCERAL,SEL/SUPRASEL,RS&I","AngiCh3514","CDM","320","RC","75726","HCPCS","","","facility","both","","","","524.17","524.17","","","","","","","","","","","","","Gross Charge Type: Main Acute Price List"
"ANTI RO","ChemMe6235","CDM","302","RC","86235","HCPCS","","","facility","both","","","","126.51","126.51","","","","","","","","","","","","","Gross Charge Type: Main Acute Price List"
"ANTI-DELTA TOTAL","BlbkWm2320","CDM","302","RC","86692","HCPCS","","","facility","both","","","","389.98","389.98","","","","","","","","","","","","","Gross Charge Type: Main Acute Price List"
"ANTI-HBC (IGM)","BlbkCh2290","CDM","302","RC","86705","HCPCS","","","facility","both","","","","182.41","182.41","","","","","","","","","","","","","Gross Charge Type: Main Acute Price List"
"ANTI-HBC (TOTAL)","BoneCh2282","CDM","302","RC","86704","HCPCS","","","facility","both","","","","111.22","111.22","","","","","","","","","","","","","Gross Charge Type: Acute Discounted"
"ANTIBODY IDENTIFICATION","BlbkMe1391","CDM","302","RC","86870","HCPCS","","","facility","both","","","","445.9","445.9","","","","","","","","","","","","","Gross Charge Type: Main Acute Price List"
"ANTIMICROBIAL STRIP/STRIP","MicrCh1818","CDM","309","RC","87181","HCPCS","","","facility","both","","","","65","65","","","","","","","","","","","","","Gross Charge Type: Main Acute Price List"
"AORTIC PUNCH, 4.0MM 7/12""","CspuChSup86251","CDM","270","RC","","","","","facility","both","","","","158.8","158.8","","","","","","","","","","","","","Gross Charge Type: Main Acute Price List"
"AORTIC PUNCH, 4.0MM 7/12""","ScorChSup86251","CDM","270","RC","","","","","facility","both","","","","158.8","158.8","","","","","","","","","","","","","Gross Charge Type: Main Acute Price List"
"AORTOGR,THORACIC,SERIALOGRAPHY,RS&I","AngiCh1300","CDM","320","RC","75605","HCPCS","","","facility","both","","","","423.53","423.53","","","","","","","","","","","","","Gross Charge Type: Main Acute Price List"
"APPLIC,VASOPNEUMATIC DEVICE,OT","OcthMd1578","CDM","430","RC","97016","HCPCS","","","facility","both","","","GO","183.11","183.11","","","","","","","","","","","","","Gross Charge Type: Main Acute Price List | The modified price is presented in the standard charge value. | Modifier GO: Services delivered under an outpatient occupational therapy plan of care"
"APPLIC,WHIRLPOOL,OT","OcthFk1826","CDM","430","RC","97022","HCPCS","","","facility","both","","","GO","183.11","183.11","","","","","","","","","","","","","Gross Charge Type: Main Acute Price List | The modified price is presented in the standard charge value. | Modifier GO: Services delivered under an outpatient occupational therapy plan of care"
"APPLIC,WHIRLPOOL,PT","PhytSo1400","CDM","420","RC","97022","HCPCS","","","facility","both","","","GP","183.11","183.11","","","","","","","","","","","","","Gross Charge Type: Main Acute Price List | The modified price is presented in the standard charge value. | Modifier GP: Services delivered under an outpatient physical therapy plan of care"
"APPLICATIOR, COSEAL TIP","PacuChSup31324","CDM","270","RC","","","","","facility","both","","","","144.21","144.21","","","","","","","","","","","","","Gross Charge Type: Main Acute Price List"
"APPLICATOR, ENDOSCOPIC FLOSEAL","GastWmSup38847","CDM","272","RC","","","","","facility","both","","","","375.01","375.01","","","","","","","","","","","","","Gross Charge Type: Main Acute Price List"
"APPLIER, CLIP XI LARGE","CcthChSup60312","CDM","272","RC","","","","","facility","both","","","","90.54","90.54","","","","","","","","","","","","","Gross Charge Type: Main Acute Price List"
"APPLIER, ENDO CLIP II MED/LARGE 10 MM 20 TI CLIPS","GastWmSup106312","CDM","270","RC","","","","","facility","both","","","","492.65","492.65","","","","","","","","","","","","","Gross Charge Type: Main Acute Price List"
"APPLIER, ENDO LIGA 10MM  ER320","Chrs5484386","CDM","270","RC","","","","","facility","both","","","","1863.87","1863.87","","","","","","","","","","","","","Gross Charge Type: Main Acute Price List"
"APPLIER, ENDO LIGA 10MM  ER320","EplbChSup84386","CDM","270","RC","","","","","facility","both","","","","1863.87","1863.87","","","","","","","","","","","","","Gross Charge Type: Main Acute Price List"
"APPLIER, ENDOANCHOR APTUS 16FR","GastWmSup75729","CDM","278","RC","","","","","facility","both","","","","27795.83","27795.83","","","","","","","","","","","","","Gross Charge Type: Main Acute Price List"
"APPLIER, ENDOCLIP 5MM","GyscChSup202321","CDM","270","RC","","","","","facility","both","","","","836.3","836.3","","","","","","","","","","","","","Gross Charge Type: Main Acute Price List"
"APPLIER, ENDOCLIP 5MM","PacuWmSup202321","CDM","270","RC","","","","","facility","both","","","","836.3","836.3","","","","","","","","","","","","","Gross Charge Type: Main Acute Price List"
"APPLIER, SURGICLIP 11.5IN MED","AnesWmSup106829","CDM","270","RC","","","","","facility","both","","","","345.49","345.49","","","","","","","","","","","","","Gross Charge Type: Main Acute Price List"
"APPLIER, SURGICLIP 11.5IN MED","AngiChSup106829","CDM","270","RC","","","","","facility","both","","","","345.49","345.49","","","","","","","","","","","","","Gross Charge Type: Main Acute Price List"
"APPLIER, SURGICLIP 11.5IN MED","DelrChSup106829","CDM","270","RC","","","","","facility","both","","","","345.49","345.49","","","","","","","","","","","","","Gross Charge Type: Main Acute Price List"
"APPLIER, SURGICLIP III 9.0IN SMALL","PacuWmSup106827","CDM","270","RC","","","","","facility","both","","","","301.21","301.21","","","","","","","","","","","","","Gross Charge Type: Main Acute Price List"
"ARCH, FOOT HOFFMAN LRF CARBON FIBER 180MM","GastWmSup55725","CDM","272","RC","","","","","facility","both","","","","9439.92","9439.92","","","","","","","","","","","","","Gross Charge Type: Main Acute Price List"
"ARTHROCENTE,ASP/INJ,INMD JT/BURSA,US GLP","IrraWm1249","CDM","361","RC","20606","HCPCS","","","facility","both","","","","413.04","413.04","","","","","","","","","","","","","Gross Charge Type: Main Acute Price List"
"ARTHROCENTESIS,ASP/INJ,SMALL JOINT/BURSA,WO US GUID NR","Midd547022","CDM","361","RC","20600","HCPCS","","","facility","both","","","","246.71","246.71","","","","","","","","","","","","","Gross Charge Type: Main Acute Price List"
"ARTHROGR,SHOULDER,RS&I,RT NR","Chrs547144","CDM","320","RC","73040","HCPCS","","","facility","both","","","RT","564.7","564.7","","","","","","","","","","","","","Gross Charge Type: Acute Discounted | The modified price is presented in the standard charge value. | Modifier RT: Right side (used to identify procedures performed on the right side of the body)"
"ARTHROGRAM TRAY","Ccim474248","CDM","270","RC","","","","","facility","both","","","","146.08","146.08","","","","","","","","","","","","","Gross Charge Type: Main Acute Price List"
"ARTHROGRAM TRAY","S107474248","CDM","270","RC","","","","","facility","both","","","","146.08","146.08","","","","","","","","","","","","","Gross Charge Type: Main Acute Price List"
"ARTHROGRAPHY,HIP,RS&I,RT GLP","Ccsp546011","CDM","320","RC","73525","HCPCS","","","facility","both","","","RT","564.7","564.7","","","","","","","","","","","","","Gross Charge Type: Acute Discounted | The modified price is presented in the standard charge value. | Modifier RT: Right side (used to identify procedures performed on the right side of the body)"
"ARTHROGRAPHY,SACROILIAC JOINT GLB","IrraCh3707","CDM","361","RC","G0260","HCPCS","","","facility","both","","","","1156.66","1156.66","","","","","","","","","","","","","Gross Charge Type: Main Acute Price List"
"ASCOPE,3 SLIM 3.8MM OD/1.2MM WORK CHANNEL","ScanChSup73185","CDM","272","RC","","","","","facility","both","","","","1795.5","1795.5","","","","","","","","","","","","","Gross Charge Type: Main Acute Price List"
"ASP,PUNC,ABSCESS/HEMATOMA/BULLA/CYST GLP","CcicCT1367","CDM","361","RC","10160","HCPCS","","","facility","both","","","","508.1","508.1","","","","","","","","","","","","","Gross Charge Type: Main Acute Price List"
"ASPERGILLUS GALACT AG","ChemMe7451","CDM","306","RC","87305","HCPCS","","","facility","both","","","","171","171","","","","","","","","","","","","","Gross Charge Type: Main Acute Price List"
"AUDIO ADVANCED CIC MONAURAL","AudiCh5028","CDM","290","RC","V5254","HCPCS","","","facility","both","","","","2273.76","2273.76","","","","","","","","","","","","","Gross Charge Type: Main Acute Price List"
"AUGMENT, ATTUNE FEMORAL DISTAL KNEE SZ 9 4MM","GastChSup119352","CDM","278","RC","C1776","HCPCS","","","facility","both","","","","6464.04","6464.04","","","","","","","","","","","","","Gross Charge Type: Main Acute Price List"
"AUGMENT, FEMORAL CONE TRIATHLON SZ 3&4 RT","ScorChSup120083","CDM","278","RC","C1776","HCPCS","","","facility","both","","","","27718.83","27718.83","","","","","","","","","","","","","Gross Charge Type: Main Acute Price List"
"AUGMENT, FEMORAL DISTAL  SZ 1 10MM","OperWmSup120791","CDM","278","RC","C1776","HCPCS","","","facility","both","","","","6688.98","6688.98","","","","","","","","","","","","","Gross Charge Type: Main Acute Price List"
"AUGMENT, FEMORAL DISTAL RIGHT SIZE 1 5MM","AngiChSup115791","CDM","278","RC","C1776","HCPCS","","","facility","both","","","","6371.45","6371.45","","","","","","","","","","","","","Gross Charge Type: Main Acute Price List"
"AUGMENT, FEMORAL DISTAL RIGHT SIZE 1 5MM","GastChSup115791","CDM","278","RC","C1776","HCPCS","","","facility","both","","","","6371.45","6371.45","","","","","","","","","","","","","Gross Charge Type: Main Acute Price List"
"AUGMENT, FEMORAL DISTAL RIGHT SIZE 1 5MM","GastWmSup115791","CDM","278","RC","C1776","HCPCS","","","facility","both","","","","6371.45","6371.45","","","","","","","","","","","","","Gross Charge Type: Main Acute Price List"
"AUGMENT, FEMORAL DISTAL TRIATHLON LEFT 15MM SIZE 4","CcthChSup113923","CDM","278","RC","C1776","HCPCS","","","facility","both","","","","6286.91","6286.91","","","","","","","","","","","","","Gross Charge Type: Main Acute Price List"
"AUGMENT, FEMORAL TRIATHLON DISTAL SZ 3 LEFT 10MM","DelrChSup118454","CDM","278","RC","C1776","HCPCS","","","facility","both","","","","6371.45","6371.45","","","","","","","","","","","","","Gross Charge Type: Main Acute Price List"
"AUGMENT, FEMORAL TRIATHLON DISTAL SZ 7 5MM","ScorChSup119562","CDM","278","RC","C1776","HCPCS","","","facility","both","","","","5704.09","5704.09","","","","","","","","","","","","","Gross Charge Type: Main Acute Price List"
"AUGMENT, FEMORAL TRIATHLON POSTERIOR SZ 1","OperWmSup120789","CDM","278","RC","C1776","HCPCS","","","facility","both","","","","6371.45","6371.45","","","","","","","","","","","","","Gross Charge Type: Main Acute Price List"
"AUGMENT, METAL SYSTEM SZ 54MM  10MM THICK","ScorWmSup10189985","CDM","278","RC","C1776","HCPCS","","","facility","both","","","","16644.3","16644.3","","","","","","","","","","","","","Gross Charge Type: Main Acute Price List"
"AUGMENT, TIBIAL NEXGEN HALF BLOCK RIGHT SZ5 5MM","ScorChSup108942","CDM","278","RC","C1776","HCPCS","","","facility","both","","","","12222.83","12222.83","","","","","","","","","","","","","Gross Charge Type: Main Acute Price List"
"AUGMENT, TIBIAL NEXGEN HALF BLOCK RIGHT SZ5 5MM","ScorWmSup108942","CDM","278","RC","C1776","HCPCS","","","facility","both","","","","12222.83","12222.83","","","","","","","","","","","","","Gross Charge Type: Main Acute Price List"
"AUGMENT, TIBIAL RIGHT LATERAL 5MM THICKNESSS SZ EF","CcthChSup117105","CDM","278","RC","C1776","HCPCS","","","facility","both","","","","5420.57","5420.57","","","","","","","","","","","","","Gross Charge Type: Main Acute Price List"
"AUGMENT, TIBIAL RIGHT LATERAL 5MM THICKNESSS SZ EF","ScpuChSup117105","CDM","278","RC","C1776","HCPCS","","","facility","both","","","","5420.57","5420.57","","","","","","","","","","","","","Gross Charge Type: Main Acute Price List"
"AUGMENT, TIBIAL RIGHT LATERAL 5MM THICKNESSS SZ EF","ScpuWmSup117105","CDM","278","RC","C1776","HCPCS","","","facility","both","","","","5420.57","5420.57","","","","","","","","","","","","","Gross Charge Type: Main Acute Price List"
"AVITENE, SHEET 70X35MM","ScpuChSup27767","CDM","272","RC","","","","","facility","both","","","","401.92","401.92","","","","","","","","","","","","","Gross Charge Type: Main Acute Price List"
"Abdomen surgery procedure","22999","HCPCS","","","","","","","facility","outpatient","","","","","","Aetna","All Commercial Plans","373.18","","","","","","","fee schedule","253.23","799.67","Radiology"
"Abl1 gene","81170","HCPCS","","","","","","","facility","outpatient","","","","","","Ambetter","All Commercial Plans","450","","","","","","","fee schedule","195","900","Radiology"
"Ablate heart dysrhythm focus","93650","HCPCS","","","","","","","facility","outpatient","","","","","","Jefferson Health Plan","Health Partners Medicare Managed Care Plan","8849.97","","","","","","","fee schedule","8007.12","25285.64","APC"
"Ablate inf turbinate superf","30801","HCPCS","","","","","","","facility","outpatient","","","","","","Bcbs","Highmark Wholecare Medicare Managed Care Plan","1844.36","","","","","","","fee schedule","1592.85","5030.06","APC"
"Ablt b9 brst tum perq lsr ea","0970T","HCPCS","","","","","","","facility","outpatient","","","","","","Amerihealth","Medicare Managed Care Plan","4569.62","","","","","","","fee schedule","4019.58","12693.4","APC"
"Ablt b9 brst tum perq lsr ea","0970T","HCPCS","","","","","","","facility","outpatient","","","","","","Bcbs","Highmark Health Options Medicare Managed Care Plan","4336.91","","","","","","","fee schedule","4019.58","12693.4","APC"
"Ablt b9 brst tum perq lsr ea","0970T","HCPCS","","","","","","","facility","outpatient","","","","","","Bcbs","Highmark Wholecare Medicare Managed Care Plan","4654.25","","","","","","","fee schedule","4019.58","12693.4","APC"
"Abltj 1/+thyr ndul 1lobe prq","60660","HCPCS","","","","","","","facility","outpatient","","","","","","Jefferson Health Plan","Health Partners Medicaid Managed Care/Aca Plan","5354.29","","","","","","","fee schedule","1695.53","5354.29","APC"
"Abltj b9 prst8 tissue hifu","0950T","HCPCS","","","","","","","facility","outpatient","","","","","","Healthspring","Medicare Managed Care Plan","10229.74","","","","","","","fee schedule","9718.25","30689.22","APC"
"Abltj ire liver 1+ tum perq","47384","HCPCS","","","","","","","facility","outpatient","","","","","","Amerihealth","Caritas Next Other Commercial Plan","18379.06","","","","","","","fee schedule","10912.57","34460.74","Radiology"
"Abo gnotyp next gnrj seq abo","0221U","HCPCS","","","","","","","facility","outpatient","","","","","","Bcbs","Highmark Health Options Medicare Managed Care Plan","281.7","","","","","","","fee schedule","261.09","824.49","APC"
"Abo gnotyp next gnrj seq abo","0221U","HCPCS","","","","","","","facility","outpatient","","","","","","Unitedhealthcare","All Commercial Plans","274.83","","","","","","","fee schedule","261.09","824.49",""
"Abortion With D&C, Aspiration Curettage Or Hysterotomy","770","MS-DRG","","","","","","","facility","inpatient","","","","","","Aetna","Medicare Managed Care Plan","9651.77","","","","","","","fee schedule","8902.12","24012.76","MSDRG Base Rate"
"Abortion Without D&C","779","MS-DRG","","","","","","","facility","inpatient","","","","","","Aetna","All Commercial Plans","","","[SNF-(% BC): 65] [Bariatric Surgery-Case Rate: 20177] [All Other IP (%BC): 86.5]","","","","0","other","","","No services performed during 15-month lookback period."
"Abortion Without D&C","779","MS-DRG","","","","","","","facility","inpatient","","","","","","Aetna","Medicare Managed Care Plan","8175.23","","","","","","","fee schedule","7540.26","19770.55","MSDRG Base Rate"
"Abortion Without D&C","779","MS-DRG","","","","","","","facility","inpatient","","","","","","Cigna","All Commercial Plans","","","[SNF-(% BC): 60] [All Other IP (%BC): 88.46]","","","","0","other","","","No services performed during 15-month lookback period."
"Abortion","59840","HCPCS","","","","","","","facility","outpatient","","","","","","Aetna","All Commercial Plans","4897.39","","","","","","","fee schedule","3323.23","10494.4","Radiology"
"Abrasion lesion single","15786","HCPCS","","","","","","","facility","outpatient","","","","","","Bcbs","Highmark All Commercial Plans","319.91","","","","","","","fee schedule","205.97","650.43","Radiology"
"Acetone assay","82010","HCPCS","","","","","","","facility","outpatient","","","","","","Bcbs","Highmark Medicare Managed Care Plan","7.76","","","","","","","fee schedule","5.31","24.51","APC"
"Acetone assay","82010","HCPCS","","","","","","","facility","outpatient","","","","","","Jefferson Health Plan","Health Partners Medicare Managed Care Plan","8.58","","","","","","","fee schedule","5.31","24.51","APC"
"Acetylcholn rcptr bndng antb","86041","HCPCS","","","","","","","facility","outpatient","","","","","","Jefferson Health Plan","Health Partners Medicaid Managed Care/Aca Plan","55.2","","","","","","","fee schedule","17.48","55.2","APC"
"Acne surgery","10040","HCPCS","","","","","","","facility","outpatient","","","","","","Bcbs","Highmark Health Options Medicare Managed Care Plan","222.23","","","","","","","fee schedule","205.97","650.43","APC"
"Acute Adjustment Reaction And Psychosocial Dysfunction","880","MS-DRG","","","","","","","facility","inpatient","","","","","","Bcbs","Highmark Wholecare Medicare Managed Care Plan","","","[MSDRG Base Rate: FEE SCHEDULE]","8534.06","8534.06","8534.06","1 through 10","other","","","Contracting method is an algorithm described in the 'standard_charges|algorithm' field. The allowed amount provided accounts for the structural rates, conditions, and utilization elements inherent in the payer’s algorithm."
"Acute Adjustment Reaction And Psychosocial Dysfunction","880","MS-DRG","","","","","","","facility","inpatient","","","","","","Jefferson Health Plan","Health Partners Medicaid Managed Care/Aca Plan","","","[Inpatient Services: Payer leverages state specific Medicaid payment methodology. Available, referenceable algorithm logic found here: https://www.pa.gov/agencies/dhs/resources/for-providers] [MSDRG Base Rate: FEE SCHEDULE]","","","","0","other","","","No services performed during 15-month lookback period."
"Acute And Subacute Endocarditis With Cc","289","MS-DRG","","","","","","","facility","inpatient","","","","","","Bcbs","Highmark Health Options Medicaid Managed Care Plan","","","[Inpatient Services: Payer leverages state specific Medicaid payment methodology. Available, referenceable algorithm logic found here: https://medicaidpublications.dhss.delaware.gov/docs/search]","","","","0","other","","","No services performed during 15-month lookback period."
"Acute And Subacute Endocarditis Without Cc/Mcc","290","MS-DRG","","","","","","","facility","inpatient","","","","","","Amerihealth","Caritas Next Other Commercial Plan","","94","","","","","0","percent of total billed charges","","","No services performed during 15-month lookback period."
"Acute Major Eye Infections With Cc/Mcc","121","MS-DRG","","","","","","","facility","inpatient","","","","","","Amerihealth","Caritas Next Other Commercial Plan","","94","","","","","0","percent of total billed charges","","","No services performed during 15-month lookback period."
"Acute Major Eye Infections With Cc/Mcc","121","MS-DRG","","","","","","","facility","inpatient","","","","","","Bcbs","Highmark Wholecare Medicaid Managed Care Plan","","","[Inpatient Services: Payer leverages state specific Medicaid payment methodology. Available, referenceable algorithm logic found here: https://www.pa.gov/agencies/dhs/resources/for-providers]","","","","0","other","","","No services performed during 15-month lookback period."
"Acute Major Eye Infections Without Cc/Mcc","122","MS-DRG","","","","","","","facility","inpatient","","","","","","Ambetter","All Commercial Plans","","91","","","","","0","percent of total billed charges","","","No services performed during 15-month lookback period."
"Acute Major Eye Infections Without Cc/Mcc","122","MS-DRG","","","","","","","facility","inpatient","","","","","","Ibc","All Commercial Plans","","","[Psych-Per Diem: 1800] [All Other IP (%BC): 89.50]","","","","0","other","","","No services performed during 15-month lookback period."
"Acute Major Eye Infections","044","MS-DRG","","","","","","","facility","inpatient","","","","","","Amerihealth","Medicare Managed Care Plan","","","[MSDRG Base Rate: FEE SCHEDULE]","","","","0","other","","","No services performed during 15-month lookback period."
"Acute Myocardial Infarction, Discharged Alive With Mcc","280","MS-DRG","","","","","","","facility","inpatient","","","","","","Bcbs","Highmark All Commercial Plans","","","[Lesser Than Charges paid at %: 100] [MSDRG Base Rate: FEE SCHEDULE] [Normal Newborn-Per Diem: 6037.44] [Psych-Per Diem: 2159.84] [All Other IP (%BC): 85.44]","433.27","433.27","49861.38","1 through 10","other","","","Contracting method is an algorithm described in the 'standard_charges|algorithm' field. The allowed amount provided accounts for the structural rates, conditions, and utilization elements inherent in the payer’s algorithm."
"Acute Myocardial Infarction, Discharged Alive With Mcc","280","MS-DRG","","","","","","","facility","inpatient","","","","","","Bcbs","Highmark Health Options Medicare Managed Care Plan","15080.02","","","","","","","fee schedule","13976.6","37696.35","MSDRG Base Rate"
"Acute Myocardial Infarction, Discharged Alive Without Cc/Mcc","282","MS-DRG","","","","","","","facility","inpatient","","","","","","Ambetter","All Commercial Plans","","91","","","","","0","percent of total billed charges","","","No services performed during 15-month lookback period."
"Acute Myocardial Infarction, Discharged Alive Without Cc/Mcc","282","MS-DRG","","","","","","","facility","inpatient","","","","","","Ibc","All Commercial Plans","","","[Psych-Per Diem: 1800] [All Other IP (%BC): 89.50]","31753.07","31753.07","31753.07","1 through 10","other","","","Contracting method is an algorithm described in the 'standard_charges|algorithm' field. The allowed amount provided accounts for the structural rates, conditions, and utilization elements inherent in the payer’s algorithm."
"Acute Myocardial Infarction, Expired With Cc","284","MS-DRG","","","","","","","facility","inpatient","","","","","","Bcbs","Highmark Health Options Medicaid Managed Care Plan","","","[Inpatient Services: Payer leverages state specific Medicaid payment methodology. Available, referenceable algorithm logic found here: https://medicaidpublications.dhss.delaware.gov/docs/search]","","","","0","other","","","No services performed during 15-month lookback period."
"Acute Myocardial Infarction, Expired With Cc","284","MS-DRG","","","","","","","facility","inpatient","","","","","","Unitedhealthcare","Medicare Managed Care Plan","6745.1","","","","","","","fee schedule","6282.2","16266.7","MSDRG Base Rate"
"Acute Myocardial Infarction, Expired With Mcc","283","MS-DRG","","","","","","","facility","inpatient","","","","","","Bcbs","Highmark All Commercial Plans","","","[Lesser Than Charges paid at %: 100] [MSDRG Base Rate: FEE SCHEDULE] [Normal Newborn-Per Diem: 6037.44] [Psych-Per Diem: 2159.84] [All Other IP (%BC): 85.44]","","","","0","other","","","No services performed during 15-month lookback period."
"Acute Myocardial Infarction, Expired With Mcc","283","MS-DRG","","","","","","","facility","inpatient","","","","","","Bcbs","Highmark Health Options Medicare Managed Care Plan","","","[MSDRG Base Rate: FEE SCHEDULE]","14794.65","14794.65","14998.8","1 through 10","other","","","Contracting method is an algorithm described in the 'standard_charges|algorithm' field. The allowed amount provided accounts for the structural rates, conditions, and utilization elements inherent in the payer’s algorithm."
"Acute Myocardial Infarction, Expired With Mcc","283","MS-DRG","","","","","","","facility","inpatient","","","","","","Jefferson Health Plan","Health Partners Medicaid Managed Care/Aca Plan","46548.8","","","","","","","fee schedule","17155.1","46548.8",""
"Acute Myocardial Infarction, Expired With Mcc","283","MS-DRG","","","","","","","facility","inpatient","","","","","","Unitedhealthcare","All Commercial Plans","","91","","","","","0","percent of total billed charges","","","No services performed during 15-month lookback period."
"Acute Myocardial Infarction, Expired Without Cc/Mcc","285","MS-DRG","","","","","","","facility","inpatient","","","","","","Healthspring","Medicare Managed Care Plan","5784.16","","","","","","","fee schedule","5494.95","14074.15","MSDRG Base Rate"
"Acute hepatitis panel","80074","HCPCS","","","","","","","facility","outpatient","","","","","","Cigna","All Commercial Plans","30.96","","","","","","","fee schedule","30.96","142.89",""
"Acute venous thrombus image","78456","HCPCS","","","","","","","facility","outpatient","","","","","","Cigna","All Commercial Plans","2196.11","","","","","","","fee schedule","1329.08","4197.11",""
"Addition of walker to cast","29440","HCPCS","","","","","","","facility","outpatient","","","","","","Healthspring","Medicare Managed Care Plan","175.6","","","","","","","fee schedule","166.82","526.81","APC"
"Admin hepatitis b vaccine","G0010","HCPCS","","","","","","","facility","outpatient","","","","","","Amerihealth","Medicare Managed Care Plan","54.65","","","","","","","fee schedule","48.07","151.8","APC"
"Admin pneumococcal vaccine","G0009","HCPCS","","","","","","","facility","outpatient","","","","","","Amerihealth","Medicare Managed Care Plan","54.65","","","","","","","fee schedule","48.07","151.8","APC"
"Admin pneumococcal vaccine","G0009","HCPCS","","","","","","","facility","outpatient","","","","","","Bcbs","Highmark Wholecare Medicare Managed Care Plan","55.66","","","","","","","fee schedule","48.07","151.8","APC"
"Admit For Renal Dialysis","685","MS-DRG","","","","","","","facility","inpatient","","","","","","Jefferson Health Plan","Health Partners Medicaid Managed Care/Aca Plan","","","[Inpatient Services: Payer leverages state specific Medicaid payment methodology. Available, referenceable algorithm logic found here: https://www.pa.gov/agencies/dhs/resources/for-providers] [MSDRG Base Rate: FEE SCHEDULE]","","","","0","other","","","No services performed during 15-month lookback period."
"Adrenal And Pituitary Procedures With Cc/Mcc","614","MS-DRG","","","","","","","facility","inpatient","","","","","","Jefferson Health Plan","Health Partners Medicare Managed Care Plan","20928.68","","","","","","","fee schedule","18935.48","51507.3","MSDRG Base Rate"
"Adrenal And Pituitary Procedures Without Cc/Mcc","615","MS-DRG","","","","","","","facility","inpatient","","","","","","Healthspring","Medicare Managed Care Plan","","","[MSDRG Base Rate: FEE SCHEDULE]","","","","0","other","","","No services performed during 15-month lookback period."
"Aftercare With Cc/Mcc","949","MS-DRG","","","","","","","facility","inpatient","","","","","","Bcbs","Highmark Medicare Managed Care Plan","10479.98","","","","","","","fee schedule","10479.98","27957.95","MSDRG Base Rate"
"Aftercare With Cc/Mcc","949","MS-DRG","","","","","","","facility","inpatient","","","","","","Wellcare","Medicare Managed Care Plan","","","[MSDRG Base Rate: FEE SCHEDULE]","21115.49","21115.49","21115.49","1 through 10","other","","","Contracting method is an algorithm described in the 'standard_charges|algorithm' field. The allowed amount provided accounts for the structural rates, conditions, and utilization elements inherent in the payer’s algorithm."
"Aftercare Without Cc/Mcc","950","MS-DRG","","","","","","","facility","inpatient","","","","","","Aetna - De","Better Health Medicaid Managed Care Plan","","","[Inpatient Services: Payer leverages state specific Medicaid payment methodology. Available, referenceable algorithm logic found here: https://medicaidpublications.dhss.delaware.gov/docs/search]","","","","0","other","","","No services performed during 15-month lookback period."
"Aftercare Without Cc/Mcc","950","MS-DRG","","","","","","","facility","inpatient","","","","","","Amerihealth","Medicare Managed Care Plan","6523.15","","","","","","","fee schedule","5737.95","14750.95","MSDRG Base Rate"
"Aftercare Without Cc/Mcc","950","MS-DRG","","","","","","","facility","inpatient","","","","","","Cigna","All Commercial Plans","","","[SNF-(% BC): 60] [All Other IP (%BC): 88.46]","42965.32","42965.32","42965.32","1 through 10","other","","","Contracting method is an algorithm described in the 'standard_charges|algorithm' field. The allowed amount provided accounts for the structural rates, conditions, and utilization elements inherent in the payer’s algorithm."
"Aftercare Without Cc/Mcc","950","MS-DRG","","","","","","","facility","inpatient","","","","","","Ibc","All Commercial Plans","","","[Psych-Per Diem: 1800] [All Other IP (%BC): 89.50]","","","","0","other","","","No services performed during 15-month lookback period."
"Aftercare, Musculoskeletal System And Connective Tissue With Mcc","559","MS-DRG","","","","","","","facility","inpatient","","","","","","Aetna","All Commercial Plans","","","[SNF-(% BC): 65] [Bariatric Surgery-Case Rate: 20177] [All Other IP (%BC): 86.5]","","","","0","other","","","No services performed during 15-month lookback period."
"Ag detect polyval ia mult","87451","HCPCS","","","","","","","facility","outpatient","","","","","","Jefferson Health Plan","Health Partners Medicaid Managed Care/Aca Plan","31.53","","","","","","","fee schedule","6.83","31.53","APC"
"Ag detection polyval if","87300","HCPCS","","","","","","","facility","outpatient","","","","","","Aetna","All Commercial Plans","13.3","","","","","","","fee schedule","7.79","35.94","Laboratory"
"Ag detection polyval if","87300","HCPCS","","","","","","","facility","outpatient","","","","","","Aetna","All Commercial Plans","16.77","","","","","","","fee schedule","7.79","35.94","Radiology"
"Ag detection polyval if","87300","HCPCS","","","","","","","facility","outpatient","","","","","","Ambetter","All Commercial Plans","15.57","","","","","","","fee schedule","7.79","35.94","Laboratory"
"Ai ibd mrna xprsn prfl 17","0203U","HCPCS","","","","","","","facility","outpatient","","","","","","Jefferson Health Plan","Health Partners Medicaid Managed Care/Aca Plan","2280","","","","","","","fee schedule","722","2280","APC"
"Aicd Lead Procedures","265","MS-DRG","","","","","","","facility","inpatient","","","","","","Aetna","Medicare Managed Care Plan","","","[MSDRG Base Rate: FEE SCHEDULE] [Psych-Per Diem: 1065] [Rehab-Per Diem: 1598] [SNF-Per Diem: 365]","","","","0","other","","","No services performed during 15-month lookback period."
"Aicd Lead Procedures","265","MS-DRG","","","","","","","facility","inpatient","","","","","","Bcbs","Highmark Health Options Medicare Managed Care Plan","33416.19","","","","","","","fee schedule","30971.1","85027.7","MSDRG Base Rate"
"Aicd Lead Procedures","265","MS-DRG","","","","","","","facility","inpatient","","","","","","Healthspring","Medicare Managed Care Plan","32601.16","","","","","","","fee schedule","30971.1","85027.7","MSDRG Base Rate"
"Air displacmnt plethysmograp","1002T","HCPCS","","","","","","","facility","outpatient","","","","","","Bcbs","Highmark Medicare Managed Care Plan","29.69","","","","","","","fee schedule","29.69","93.77","APC"
"Airway inhalation treatment","94640","HCPCS","","","","","","","facility","outpatient","","","","","","Jefferson Health Plan","Health Partners Medicaid Managed Care/Aca Plan","709.9","","","","","","","fee schedule","224.8","709.9","APC"
"Alanine amino (ALT) (SGPT)","84460","HCPCS","","","","","","","facility","outpatient","","","","","","Amerihealth","Caritas Next Other Commercial Plan","8.48","","","","","","","fee schedule","3.45","15.9","Radiology"
"Alc/Drug Abuse or Depend w/o Rehabilitation therapy w/o CC","523","MS-DRG","","","","","","","facility","inpatient","","","","","","Cigna","All Commercial Plans","","","[SNF-(% BC): 60] [All Other IP (%BC): 88.46]","","","","0","other","","","No services performed during 15-month lookback period."
"Alc/Drug Abuse or Depend w/o Rehabilitation therapy w/o CC","523","MS-DRG","","","","","","","facility","inpatient","","","","","","Jefferson Health Plan","Health Partners Medicaid Managed Care/Aca Plan","","","[Inpatient Services: Payer leverages state specific Medicaid payment methodology. Available, referenceable algorithm logic found here: https://www.pa.gov/agencies/dhs/resources/for-providers] [MSDRG Base Rate: FEE SCHEDULE]","","","","0","other","","","No services performed during 15-month lookback period."
"Alcohol, Drug Abuse Or Dependence With Rehabilitation Therapy","895","MS-DRG","","","","","","","facility","inpatient","","","","","","Jefferson Health Plan","Health Partners Medicare Managed Care Plan","13689.87","","","","","","","fee schedule","12386.07","33266.6","MSDRG Base Rate"
"Alcohol, Drug Abuse Or Dependence Without Rehabilitation Therapy With Mcc","896","MS-DRG","","","","","","","facility","inpatient","","","","","","Bcbs","Highmark Medicare Managed Care Plan","15166.32","","","","","","","fee schedule","15166.32","41009.85","MSDRG Base Rate"
"Alcohol, Drug Abuse Or Dependence, Left Ama","894","MS-DRG","","","","","","","facility","inpatient","","","","","","Unitedhealthcare","Medicare Managed Care Plan","6062.91","","","","","","","fee schedule","5646.83","14497.15","MSDRG Base Rate"
"Allergic Reactions Without Mcc","916","MS-DRG","","","","","","","facility","inpatient","","","","","","Ibc","All Commercial Plans","","","[Psych-Per Diem: 1800] [All Other IP (%BC): 89.50]","","","","0","other","","","No services performed during 15-month lookback period."
"Allg spec ige recomb ea","86008","HCPCS","","","","","","","facility","outpatient","","","","","","Jefferson Health Plan","Health Partners Medicare Managed Care Plan","18.83","","","","","","","fee schedule","11.65","53.79","APC"
"Alpha-1-antitrypsin total","82103","HCPCS","","","","","","","facility","outpatient","","","","","","Aetna","All Commercial Plans","18.82","","","","","","","fee schedule","8.74","40.32","Radiology"
"Alt elec fld dos&dlv sim mdl","1025T","HCPCS","","","","","","","facility","outpatient","","","","","","Amerihealth","Medicare Managed Care Plan","156.87","","","","","","","fee schedule","137.98","435.74","APC"
"Alveoplasty w/ extraction","D7310","HCPCS","","","","","","","facility","outpatient","","","","","","Jefferson Health Plan","Health Partners Medicare Managed Care Plan","1760.52","","","","","","","fee schedule","1592.85","5030.06","APC"
"Amines vaginal fluid qual","82120","HCPCS","","","","","","","facility","outpatient","","","","","","Amerihealth","Medicare Managed Care Plan","6.47","","","","","","","fee schedule","3.89","17.97","APC"
"Amino acids mult qual","82128","HCPCS","","","","","","","facility","outpatient","","","","","","Amerihealth","Caritas Next Other Commercial Plan","22.19","","","","","","","fee schedule","9.02","41.61","Radiology"
"Amniocentesis diagnostic","59000","HCPCS","","","","","","","facility","outpatient","","","","","","Bcbs","Highmark All Commercial Plans","1468.59","","","","","","","fee schedule","945.55","2985.94","Radiology"
"Amniocentesis diagnostic","59000","HCPCS","","","","","","","facility","outpatient","","","","","","Bcbs","Highmark Wholecare Medicare Managed Care Plan","1094.85","","","","","","","fee schedule","945.55","2985.94","APC"
"Amniocentesis diagnostic","59000","HCPCS","","","","","","","facility","outpatient","","","","","","Jefferson Health Plan","Health Partners Medicare Managed Care Plan","1045.08","","","","","","","fee schedule","945.55","2985.94","APC"
"Amniocentesis therapeutic","59001","HCPCS","","","","","","","facility","outpatient","","","","","","Ambetter","All Commercial Plans","493.95","","","","","","","fee schedule","312.83","987.9","Radiology"
"Amniotic fluid scan","82143","HCPCS","","","","","","","facility","outpatient","","","","","","Amerihealth","Medicare Managed Care Plan","10.1","","","","","","","fee schedule","6.08","28.05","APC"
"Amniotic fluid scan","82143","HCPCS","","","","","","","facility","outpatient","","","","","","Jefferson Health Plan","Health Partners Medicaid Managed Care/Aca Plan","28.05","","","","","","","fee schedule","6.08","28.05","APC"
"Amputate hand at wrist","25922","HCPCS","","","","","","","facility","outpatient","","","","","","Jefferson Health Plan","Health Partners Medicaid Managed Care/Aca Plan","5212.93","","","","","","","fee schedule","1650.76","5212.93","APC"
"Amputate leg at thigh","27590","HCPCS","","","","","","","facility","outpatient","","","","","","Bcbs","Highmark Health Options Medicare Managed Care Plan","3624.22","","","","","","","fee schedule","3359.03","10607.46","APC"
"Amputate lower leg at knee","27598","HCPCS","","","","","","","facility","outpatient","","","","","","Aetna","All Commercial Plans","4950.15","","","","","","","fee schedule","3359.03","10607.46","Radiology"
"Amputation For Circulatory System Disorders Except Upper Limb And Toe With Cc","240","MS-DRG","","","","","","","facility","inpatient","","","","","","Bcbs","Highmark Health Options Medicare Managed Care Plan","26427.12","","","","","","","fee schedule","24493.43","66986.75","MSDRG Base Rate"
"Amputation For Circulatory System Disorders Except Upper Limb And Toe With Cc","240","MS-DRG","","","","","","","facility","inpatient","","","","","","Jefferson Health Plan","Health Partners Medicare Managed Care Plan","27071.69","","","","","","","fee schedule","24493.43","66986.75","MSDRG Base Rate"
"Amputation For Circulatory System Disorders Except Upper Limb And Toe Without Cc/Mcc","241","MS-DRG","","","","","","","facility","inpatient","","","","","","Bcbs","Highmark Health Options Medicaid Managed Care Plan","","","[Inpatient Services: Payer leverages state specific Medicaid payment methodology. Available, referenceable algorithm logic found here: https://medicaidpublications.dhss.delaware.gov/docs/search]","","","","0","other","","","No services performed during 15-month lookback period."
"Amputation For Musculoskeletal System And Connective Tissue Disorders With Cc","475","MS-DRG","","","","","","","facility","inpatient","","","","","","Unitedhealthcare","Medicare Managed Care Plan","21090.81","","","","","","","fee schedule","19643.4","53478.95","MSDRG Base Rate"
"Amputation For Musculoskeletal System And Connective Tissue Disorders Without Cc/Mcc","476","MS-DRG","","","","","","","facility","inpatient","","","","","","Aetna","Medicare Managed Care Plan","11275.6","","","","","","","fee schedule","10399.82","27734.7","MSDRG Base Rate"
"Amputation Of Lower Limb For Endocrine, Nutritional And Metabolic Disorders With Mcc","616","MS-DRG","","","","","","","facility","inpatient","","","","","","Jefferson Health Plan","Health Partners Medicaid Managed Care/Aca Plan","","","[Inpatient Services: Payer leverages state specific Medicaid payment methodology. Available, referenceable algorithm logic found here: https://www.pa.gov/agencies/dhs/resources/for-providers] [MSDRG Base Rate: FEE SCHEDULE]","","","","0","other","","","No services performed during 15-month lookback period."
"Amputation Of Lower Limb For Endocrine, Nutritional And Metabolic Disorders With Mcc","616","MS-DRG","","","","","","","facility","inpatient","","","","","","Jefferson Health Plan","Health Partners Medicaid Managed Care/Aca Plan","81953.9","","","","","","","fee schedule","29867.45","81953.9",""
"Amputation follow-up surgery","24925","HCPCS","","","","","","","facility","outpatient","","","","","","Aetna","Medicare Managed Care Plan","3641.9","","","","","","","fee schedule","3359.03","10607.46","APC"
"Amputation follow-up surgery","24930","HCPCS","","","","","","","facility","outpatient","","","","","","Ambetter","All Commercial Plans","11761.92","","","","","","","fee schedule","7449.22","23523.84","Radiology"
"Amputation follow-up surgery","25907","HCPCS","","","","","","","facility","outpatient","","","","","","Bcbs","Highmark Health Options Medicare Managed Care Plan","3624.22","","","","","","","fee schedule","3359.03","10607.46","APC"
"Amputation follow-up surgery","25909","HCPCS","","","","","","","facility","outpatient","","","","","","Ambetter","All Commercial Plans","11761.92","","","","","","","fee schedule","7449.22","23523.84","Radiology"
"Amputation follow-up surgery","27596","HCPCS","","","","","","","facility","outpatient","","","","","","Jefferson Health Plan","Health Partners Medicare Managed Care Plan","3712.61","","","","","","","fee schedule","3359.03","10607.46","APC"
"Amputation of forearm","25905","HCPCS","","","","","","","facility","outpatient","","","","","","Bcbs","Highmark Medicare Managed Care Plan","7449.22","","","","","","","fee schedule","7449.22","23523.84","APC"
"Amputation of hand","25927","HCPCS","","","","","","","facility","outpatient","","","","","","Amerihealth","Medicare Managed Care Plan","3818.69","","","","","","","fee schedule","3359.03","10607.46","APC"
"Amputation of leg at hip","27295","HCPCS","","","","","","","facility","outpatient","","","","","","Healthspring","Medicare Managed Care Plan","18947.56","","","","","","","fee schedule","18000.18","56842.69","APC"
"Amputation of lower leg","27881","HCPCS","","","","","","","facility","outpatient","","","","","","Amerihealth","Medicare Managed Care Plan","3818.69","","","","","","","fee schedule","3359.03","10607.46","APC"
"Amputation of lower leg","27882","HCPCS","","","","","","","facility","outpatient","","","","","","Amerihealth","Medicare Managed Care Plan","3818.69","","","","","","","fee schedule","3359.03","10607.46","APC"
"Amputation of toe","28820","HCPCS","","","","","","","facility","outpatient","","","","","","Aetna","Medicare Managed Care Plan","3641.9","","","","","","","fee schedule","3359.03","10607.46","APC"
"Ana crown exp 1-3 per quad","D4231","HCPCS","","","","","","","facility","outpatient","","","","","","Bcbs","Highmark Wholecare Medicare Managed Care Plan","1844.36","","","","","","","fee schedule","1592.85","5030.06","APC"
"Anal And Stomal Procedures With Mcc","347","MS-DRG","","","","","","","facility","inpatient","","","","","","Jefferson Health Plan","Health Partners Medicare Managed Care Plan","","","[MSDRG Base Rate: FEE SCHEDULE]","","","","0","other","","","No services performed during 15-month lookback period."
"Anal And Stomal Procedures Without Cc/Mcc","349","MS-DRG","","","","","","","facility","inpatient","","","","","","Unitedhealthcare","All Commercial Plans","","91","","","","","0","percent of total billed charges","","","No services performed during 15-month lookback period."
"Anal/urinary muscle study","51785","HCPCS","","","","","","","facility","outpatient","","","","","","Jefferson Health Plan","Health Partners Medicare Managed Care Plan","283.49","","","","","","","fee schedule","256.49","809.98","APC"
"Analysis skeletal muscle","88355","HCPCS","","","","","","","facility","outpatient","","","","","","Amerihealth","Caritas Next Other Commercial Plan","294.57","","","","","","","fee schedule","35.19","552.32","Radiology"
"Analysis skeletal muscle","88355","HCPCS","","","","","","","facility","outpatient","","","","","","Bcbs","Highmark Health Options Medicare Managed Care Plan","188.71","","","","","","","fee schedule","35.19","552.32","APC"
"Analyze neurostim no prog","95970","HCPCS","","","","","","","facility","outpatient","","","","","","Amerihealth","Caritas Next Other Commercial Plan","230.04","","","","","","","fee schedule","136.59","431.33","Radiology"
"Anaplsma phgcytophlm amp prb","87468","HCPCS","","","","","","","facility","outpatient","","","","","","Amerihealth","Medicare Managed Care Plan","37.9","","","","","","","fee schedule","33.34","105.27","APC"
"Anca titer each antibody","86037","HCPCS","","","","","","","facility","outpatient","","","","","","Amerihealth","Caritas Next Other Commercial Plan","12.05","","","","","","","fee schedule","11.45","36.15","Laboratory"
"Angina Pectoris","311","MS-DRG","","","","","","","facility","inpatient","","","","","","Aetna - Md","Better Health Medicaid Managed Care Plan","","","[Inpatient Services: Payer leverages state specific Medicaid payment methodology. Available, referenceable algorithm logic found here: https://health.maryland.gov/mmcp/provider/Pages/default.aspx]","","","","0","other","","","No services performed during 15-month lookback period."
"Ankle arthroscopy/surgery","29895","HCPCS","","","","","","","facility","outpatient","","","","","","Bcbs","Highmark Health Options Medicare Managed Care Plan","3624.22","","","","","","","fee schedule","3359.03","10607.46","APC"
"Anoscopy and dilation","46604","HCPCS","","","","","","","facility","outpatient","","","","","","Aetna","All Commercial Plans","1810.38","","","","","","","fee schedule","1228.47","3879.38","Radiology"
"Anoscopy remove for body","46608","HCPCS","","","","","","","facility","outpatient","","","","","","Aetna","All Commercial Plans","1406.92","","","","","","","fee schedule","954.69","3014.82","Radiology"
"Antepartum manipulation","59412","HCPCS","","","","","","","facility","outpatient","","","","","","Amerihealth","Medicare Managed Care Plan","3777.98","","","","","","","fee schedule","3323.23","10494.4","APC"
"Anti-phospholipid antibody","86148","HCPCS","","","","","","","facility","outpatient","","","","","","Amerihealth","Caritas Next Other Commercial Plan","16.07","","","","","","","fee schedule","10.45","48.21","Laboratory"
"Anti-phospholipid antibody","86148","HCPCS","","","","","","","facility","outpatient","","","","","","Amerihealth","Medicare Managed Care Plan","17.36","","","","","","","fee schedule","10.45","48.21","APC"
"Anti-phospholipid antibody","86148","HCPCS","","","","","","","facility","outpatient","","","","","","Bcbs","Highmark All Commercial Plans","23.71","","","","","","","fee schedule","10.45","48.21","Radiology"
"Antinomyces antibody","86602","HCPCS","","","","","","","facility","outpatient","","","","","","Unitedhealthcare","All Commercial Plans","10.18","","","","","","","fee schedule","6.62","30.54",""
"Anus surgery procedure","46999","HCPCS","","","","","","","facility","outpatient","","","","","","Aetna","Medicare Managed Care Plan","1035.09","","","","","","","fee schedule","954.69","3014.82","APC"
"Aortic And Heart Assist Procedures Except Pulsation Balloon With Mcc","268","MS-DRG","","","","","","","facility","inpatient","","","","","","Ibc","Medicare Managed Care Plan","61553.37","","","","","","","fee schedule","58475.7","161630.65","MSDRG Base Rate"
"Aortic And Heart Assist Procedures Except Pulsation Balloon Without Mcc","269","MS-DRG","","","","","","","facility","inpatient","","","","","","Bcbs","Highmark Wholecare Medicare Managed Care Plan","41772.16","","","","","","","fee schedule","36075.96","99245.2","MSDRG Base Rate"
"Aortic dysfunction/dilation","81410","HCPCS","","","","","","","facility","outpatient","","","","","","Ambetter","All Commercial Plans","655.2","","","","","","","fee schedule","327.6","1512","Laboratory"
"Aortic dysfunction/dilation","81410","HCPCS","","","","","","","facility","outpatient","","","","","","Amerihealth","Caritas Next Other Commercial Plan","504","","","","","","","fee schedule","327.6","1512","Laboratory"
"Apc mrna seq alys","0157U","HCPCS","","","","","","","facility","outpatient","","","","","","Aetna","All Commercial Plans","396.03","","","","","","","fee schedule","268.74","848.64","Radiology"
"Apc mrna seq alys","0157U","HCPCS","","","","","","","facility","outpatient","","","","","","Jefferson Health Plan","Health Partners Medicare Managed Care Plan","297.02","","","","","","","fee schedule","268.74","848.64","APC"
"Aphakia prosth service temp","92358","HCPCS","","","","","","","facility","outpatient","","","","","","Ambetter","All Commercial Plans","95.62","","","","","","","fee schedule","60.56","191.25","Radiology"
"Apheresis rbc","36512","HCPCS","","","","","","","facility","outpatient","","","","","","Amerihealth","Caritas Next Other Commercial Plan","2692.8","","","","","","","fee schedule","1598.85","5049.01","Radiology"
"Apheresis wbc","36511","HCPCS","","","","","","","facility","outpatient","","","","","","Ambetter","All Commercial Plans","2524.5","","","","","","","fee schedule","1598.85","5049.01","Radiology"
"Apheresis wbc","36511","HCPCS","","","","","","","facility","outpatient","","","","","","Bcbs","Highmark Health Options Medicare Managed Care Plan","1725.08","","","","","","","fee schedule","1598.85","5049.01","APC"
"Appendectomy","44950","HCPCS","","","","","","","facility","outpatient","","","","","","Healthspring","Medicare Managed Care Plan","6995.8","","","","","","","fee schedule","6646.01","20987.41","APC"
"Appendix Procedures With Mcc","397","MS-DRG","","","","","","","facility","inpatient","","","","","","Aetna - De","Better Health Medicaid Managed Care Plan","","","[Inpatient Services: Payer leverages state specific Medicaid payment methodology. Available, referenceable algorithm logic found here: https://medicaidpublications.dhss.delaware.gov/docs/search]","","","","0","other","","","No services performed during 15-month lookback period."
"Appendix Procedures With Mcc","397","MS-DRG","","","","","","","facility","inpatient","","","","","","Amerihealth","Medicare Managed Care Plan","23474.86","","","","","","","fee schedule","20649.18","56280.15","MSDRG Base Rate"
"Appendix Procedures Without Cc/Mcc","399","MS-DRG","","","","","","","facility","inpatient","","","","","","Amerihealth","Caritas Next Other Commercial Plan","","94","","","","","0","percent of total billed charges","","","No services performed during 15-month lookback period."
"Appl multlay comprs arm/hand","29584","HCPCS","","","","","","","facility","outpatient","","","","","","Amerihealth","Medicare Managed Care Plan","189.65","","","","","","","fee schedule","166.82","526.81","APC"
"Application lower leg splint","29515","HCPCS","","","","","","","facility","outpatient","","","","","","Jefferson Health Plan","Health Partners Medicaid Managed Care/Aca Plan","526.81","","","","","","","fee schedule","166.82","526.81","APC"
"Application of body cast","29000","HCPCS","","","","","","","facility","outpatient","","","","","","Jefferson Health Plan","Health Partners Medicaid Managed Care/Aca Plan","906.73","","","","","","","fee schedule","287.13","906.73","APC"
"Application of body cast","29015","HCPCS","","","","","","","facility","outpatient","","","","","","Aetna","All Commercial Plans","423.14","","","","","","","fee schedule","287.13","906.73","Radiology"
"Application of body cast","29035","HCPCS","","","","","","","facility","outpatient","","","","","","Bcbs","Highmark Health Options Medicare Managed Care Plan","309.8","","","","","","","fee schedule","287.13","906.73","APC"
"Application of figure eight","29049","HCPCS","","","","","","","facility","outpatient","","","","","","Jefferson Health Plan","Health Partners Medicaid Managed Care/Aca Plan","906.73","","","","","","","fee schedule","287.13","906.73","APC"
"Application of halo","20664","HCPCS","","","","","","","facility","outpatient","","","","","","Aetna","Medicare Managed Care Plan","1789.77","","","","","","","fee schedule","1650.76","5212.93","APC"
"Application of leg cast","29450","HCPCS","","","","","","","facility","outpatient","","","","","","Amerihealth","Caritas Next Other Commercial Plan","280.96","","","","","","","fee schedule","166.82","526.81","Radiology"
"Application of long leg cast","29355","HCPCS","","","","","","","facility","outpatient","","","","","","Bcbs","Highmark All Commercial Plans","445.96","","","","","","","fee schedule","287.13","906.73","Radiology"
"Application of shoulder cast","29055","HCPCS","","","","","","","facility","outpatient","","","","","","Ambetter","All Commercial Plans","453.37","","","","","","","fee schedule","287.13","906.73","Radiology"
"Application of shoulder cast","29058","HCPCS","","","","","","","facility","outpatient","","","","","","Bcbs","Highmark Medicare Managed Care Plan","287.13","","","","","","","fee schedule","287.13","906.73","APC"
"Application of thigh brace","20663","HCPCS","","","","","","","facility","outpatient","","","","","","Aetna","Medicare Managed Care Plan","3641.9","","","","","","","fee schedule","3359.03","10607.46","APC"
"Apply bone fixation device","20692","HCPCS","","","","","","","facility","outpatient","","","","","","Aetna","Medicare Managed Care Plan","14290.08","","","","","","","fee schedule","13180.17","41621.58","APC"
"Apply bone fixation device","20692","HCPCS","","","","","","","facility","outpatient","","","","","","Bcbs","Highmark All Commercial Plans","20470.88","","","","","","","fee schedule","13180.17","41621.58","Radiology"
"Apply bone fixation device","20692","HCPCS","","","","","","","facility","outpatient","","","","","","Bcbs","Highmark Wholecare Medicare Managed Care Plan","15261.25","","","","","","","fee schedule","13180.17","41621.58","APC"
"Apply finger cast","29086","HCPCS","","","","","","","facility","outpatient","","","","","","Amerihealth","Caritas Next Other Commercial Plan","280.96","","","","","","","fee schedule","166.82","526.81","Radiology"
"Apply finger cast","29086","HCPCS","","","","","","","facility","outpatient","","","","","","Amerihealth","Medicare Managed Care Plan","189.65","","","","","","","fee schedule","166.82","526.81","APC"
"Apply intrcav radiat compl","77763","HCPCS","","","","","","","facility","outpatient","","","","","","Ambetter","All Commercial Plans","1128.95","","","","","","","fee schedule","715","2257.89","Radiology"
"Apply intrcav radiat simple","77761","HCPCS","","","","","","","facility","outpatient","","","","","","Healthspring","Medicare Managed Care Plan","597.09","","","","","","","fee schedule","567.24","1791.28","APC"
"Apply rem fixation device","20660","HCPCS","","","","","","","facility","outpatient","","","","","","Bcbs","Highmark Medicare Managed Care Plan","1650.76","","","","","","","fee schedule","1650.76","5212.93","APC"
"Apply short leg cast","29405","HCPCS","","","","","","","facility","outpatient","","","","","","Aetna","Medicare Managed Care Plan","311.31","","","","","","","fee schedule","287.13","906.73","APC"
"Apply short leg cast","29405","HCPCS","","","","","","","facility","outpatient","","","","","","Bcbs","Highmark Health Options Medicare Managed Care Plan","309.8","","","","","","","fee schedule","287.13","906.73","APC"
"Apply short leg cast","29405","HCPCS","","","","","","","facility","outpatient","","","","","","Bcbs","Highmark Medicare Managed Care Plan","287.13","","","","","","","fee schedule","287.13","906.73","APC"
"Aqaprn-4 antb flo cytmtry ea","86053","HCPCS","","","","","","","facility","outpatient","","","","","","Aetna","All Commercial Plans","41.88","","","","","","","fee schedule","12.05","113.19","Laboratory"
"Aqueous shunt eye w/graft","66180","HCPCS","","","","","","","facility","outpatient","","","","","","Aetna","Medicare Managed Care Plan","5922.87","","","","","","","fee schedule","5462.84","17251.07","APC"
"Aqueous shunt eye w/graft","66180","HCPCS","","","","","","","facility","outpatient","","","","","","Jefferson Health Plan","Health Partners Medicaid Managed Care/Aca Plan","17251.07","","","","","","","fee schedule","5462.84","17251.07","APC"
"Aqueous shunt eye w/o graft","66179","HCPCS","","","","","","","facility","outpatient","","","","","","Bcbs","Highmark Wholecare Medicare Managed Care Plan","6325.39","","","","","","","fee schedule","5462.84","17251.07","APC"
"Ar gene known famil variant","81174","HCPCS","","","","","","","facility","outpatient","","","","","","Aetna","Medicare Managed Care Plan","190.76","","","","","","","fee schedule","120.38","555.6","APC"
"Arm tendon lengthening","24305","HCPCS","","","","","","","facility","outpatient","","","","","","Bcbs","Highmark Wholecare Medicare Managed Care Plan","3889.4","","","","","","","fee schedule","3359.03","10607.46","APC"
"Artery x-rays adrenal gland","75731","HCPCS","","","","","","","facility","outpatient","","","","","","Bcbs","Highmark All Commercial Plans","5034.51","","","","","","","fee schedule","2815.72","10236.2","Radiology"
"Artery x-rays arms/legs","75716","HCPCS","","","","","","","facility","outpatient","","","","","","Ambetter","All Commercial Plans","5118.1","","","","","","","fee schedule","3241.46","10236.2","Radiology"
"Artery x-rays arms/legs","75716","HCPCS","","","","","","","facility","outpatient","","","","","","Cigna","All Commercial Plans","4783.89","","","","","","","fee schedule","3241.46","10236.2",""
"Arthroscopy of joint","29999","HCPCS","","","","","","","facility","outpatient","","","","","","Bcbs","Highmark Health Options Medicare Managed Care Plan","273.22","","","","","","","fee schedule","253.23","799.67","APC"
"Artificial insemination","58321","HCPCS","","","","","","","facility","outpatient","","","","","","Healthspring","Medicare Managed Care Plan","329.3","","","","","","","fee schedule","312.83","987.9","APC"
"Aspa gene","81200","HCPCS","","","","","","","facility","outpatient","","","","","","Jefferson Health Plan","Health Partners Medicaid Managed Care/Aca Plan","141.75","","","","","","","fee schedule","30.71","141.75","APC"
"Aspergillus ag ia","87305","HCPCS","","","","","","","facility","outpatient","","","","","","Ambetter","All Commercial Plans","15.57","","","","","","","fee schedule","7.79","35.94","Laboratory"
"Aspergillus antibody","86606","HCPCS","","","","","","","facility","outpatient","","","","","","Bcbs","Highmark Medicare Managed Care Plan","14.3","","","","","","","fee schedule","9.78","45.15","APC"
"Aspergillus antibody","86606","HCPCS","","","","","","","facility","outpatient","","","","","","First Health","Delaware Medicaid Managed Care Plan","16.56","","","","","","","fee schedule","9.78","45.15","Laboratory"
"Aspirate pleura w/o imaging","32554","HCPCS","","","","","","","facility","outpatient","","","","","","Jefferson Health Plan","Health Partners Medicare Managed Care Plan","711.78","","","","","","","fee schedule","643.99","2033.65","APC"
"Assay 17- ketosteroids","83586","HCPCS","","","","","","","facility","outpatient","","","","","","Ambetter","All Commercial Plans","16.64","","","","","","","fee schedule","8.32","38.4","Laboratory"
"Assay Of Haloperidol","80173","HCPCS","","","","","","","facility","outpatient","","","","","","Ambetter","All Commercial Plans","20.51","","","","","","","fee schedule","10.26","47.34","Laboratory"
"Assay Of Homocystine","83090","HCPCS","","","","","","","facility","outpatient","","","","","","Bcbs","Highmark All Commercial Plans","26.44","","","","","","","fee schedule","11.65","53.76","Radiology"
"Assay RBC protoporphyrin","84202","HCPCS","","","","","","","facility","outpatient","","","","","","Aetna","All Commercial Plans","20.09","","","","","","","fee schedule","9.33","43.05","Radiology"
"Assay RBC protoporphyrin","84202","HCPCS","","","","","","","facility","outpatient","","","","","","Jefferson Health Plan","Health Partners Medicaid Managed Care/Aca Plan","43.05","","","","","","","fee schedule","9.33","43.05","APC"
"Assay alkaline phosphatase","84078","HCPCS","","","","","","","facility","outpatient","","","","","","Jefferson Health Plan","Health Partners Medicaid Managed Care/Aca Plan","24.78","","","","","","","fee schedule","5.37","24.78","APC"
"Assay alkaline phosphatases","84080","HCPCS","","","","","","","facility","outpatient","","","","","","Bcbs","Highmark All Commercial Plans","21.81","","","","","","","fee schedule","9.61","44.34","Radiology"
"Assay c-d transfer measure","82373","HCPCS","","","","","","","facility","outpatient","","","","","","Amerihealth","Medicare Managed Care Plan","19.5","","","","","","","fee schedule","11.74","54.18","APC"
"Assay dipropylacetic acd tot","80164","HCPCS","","","","","","","facility","outpatient","","","","","","Bcbs","Highmark All Commercial Plans","19.98","","","","","","","fee schedule","8.8","40.62","Radiology"
"Assay for calprotectin fecal","83993","HCPCS","","","","","","","facility","outpatient","","","","","","Amerihealth","Caritas Next Other Commercial Plan","31.41","","","","","","","fee schedule","12.76","58.89","Radiology"
"Assay for calprotectin fecal","83993","HCPCS","","","","","","","facility","outpatient","","","","","","Bcbs","Highmark All Commercial Plans","28.96","","","","","","","fee schedule","12.76","58.89","Radiology"
"Assay free hydroxyproline","83500","HCPCS","","","","","","","facility","outpatient","","","","","","Aetna","Medicare Managed Care Plan","23.33","","","","","","","fee schedule","14.72","67.95","APC"
"Assay glucose blood quant","82947","HCPCS","","","","","","","facility","outpatient","","","","","","First Health","Delaware Medicaid Managed Care Plan","4.32","","","","","","","fee schedule","2.55","11.79","Laboratory"
"Assay growth hormone (hgh)","83003","HCPCS","","","","","","","facility","outpatient","","","","","","Aetna","All Commercial Plans","23.34","","","","","","","fee schedule","10.84","50.01","Radiology"
"Assay iga/igd/igg/igm each","82784","HCPCS","","","","","","","facility","outpatient","","","","","","Aetna","All Commercial Plans","13.02","","","","","","","fee schedule","6.05","27.9","Radiology"
"Assay malate dehydrogenase","83775","HCPCS","","","","","","","facility","outpatient","","","","","","Aetna","Medicare Managed Care Plan","7.59","","","","","","","fee schedule","4.79","22.11","APC"
"Assay malate dehydrogenase","83775","HCPCS","","","","","","","facility","outpatient","","","","","","Cigna","All Commercial Plans","4.79","","","","","","","fee schedule","4.79","22.11",""
"Assay nephelometry not spec","83883","HCPCS","","","","","","","facility","outpatient","","","","","","Bcbs","Highmark All Commercial Plans","20.07","","","","","","","fee schedule","8.84","40.8","Radiology"
"Assay neurflmnt light chain","83884","HCPCS","","","","","","","facility","outpatient","","","","","","Bcbs","Highmark Medicare Managed Care Plan","110.42","","","","","","","fee schedule","110.42","348.69","APC"
"Assay nonendocrine receptor","84238","HCPCS","","","","","","","facility","outpatient","","","","","","Aetna","All Commercial Plans","40.59","","","","","","","fee schedule","23.77","109.71","Laboratory"
"Assay of 17-hydroxypregneno","84143","HCPCS","","","","","","","facility","outpatient","","","","","","Amerihealth","Medicare Managed Care Plan","24.63","","","","","","","fee schedule","14.83","68.43","APC"
"Assay of acth","82024","HCPCS","","","","","","","facility","outpatient","","","","","","Aetna","All Commercial Plans","54.07","","","","","","","fee schedule","25.1","115.86","Radiology"
"Assay of acth","82024","HCPCS","","","","","","","facility","outpatient","","","","","","Bcbs","Highmark All Commercial Plans","56.98","","","","","","","fee schedule","25.1","115.86","Radiology"
"Assay of aluminum","82108","HCPCS","","","","","","","facility","outpatient","","","","","","Amerihealth","Caritas Next Other Commercial Plan","40.77","","","","","","","fee schedule","16.56","76.44","Radiology"
"Assay of ammonia","82140","HCPCS","","","","","","","facility","outpatient","","","","","","Ambetter","All Commercial Plans","21.86","","","","","","","fee schedule","9.47","43.71","Radiology"
"Assay of androsterone","82160","HCPCS","","","","","","","facility","outpatient","","","","","","Amerihealth","Medicare Managed Care Plan","27.59","","","","","","","fee schedule","16.61","76.65","APC"
"Assay of androsterone","82160","HCPCS","","","","","","","facility","outpatient","","","","","","First Health","Delaware Medicaid Managed Care Plan","28.11","","","","","","","fee schedule","16.61","76.65","Laboratory"
"Assay of arsenic","82175","HCPCS","","","","","","","facility","outpatient","","","","","","Jefferson Health Plan","Health Partners Medicaid Managed Care/Aca Plan","56.91","","","","","","","fee schedule","12.33","56.91","APC"
"Assay of ascorbic acid","82180","HCPCS","","","","","","","facility","outpatient","","","","","","Bcbs","Highmark All Commercial Plans","14.59","","","","","","","fee schedule","6.43","29.67","Radiology"
"Assay of b hexosaminidase","83080","HCPCS","","","","","","","facility","outpatient","","","","","","Aetna","All Commercial Plans","18.73","","","","","","","fee schedule","10.97","50.61","Laboratory"
"Assay of beta-2 protein","82232","HCPCS","","","","","","","facility","outpatient","","","","","","Ambetter","All Commercial Plans","24.27","","","","","","","fee schedule","10.52","48.54","Radiology"
"Assay of bradykinin","82286","HCPCS","","","","","","","facility","outpatient","","","","","","Jefferson Health Plan","Health Partners Medicaid Managed Care/Aca Plan","15.48","","","","","","","fee schedule","3.35","15.48","APC"
"Assay of calcium in urine","82340","HCPCS","","","","","","","facility","outpatient","","","","","","Bcbs","Highmark All Commercial Plans","8.9","","","","","","","fee schedule","3.92","18.09","Radiology"
"Assay of carnitine","82379","HCPCS","","","","","","","facility","outpatient","","","","","","Jefferson Health Plan","Health Partners Medicaid Managed Care/Aca Plan","50.61","","","","","","","fee schedule","10.97","50.61","APC"
"Assay of cathepsin-d","82387","HCPCS","","","","","","","facility","outpatient","","","","","","Aetna","All Commercial Plans","25.28","","","","","","","fee schedule","11.74","54.18","Radiology"
"Assay of cathepsin-d","82387","HCPCS","","","","","","","facility","outpatient","","","","","","Ambetter","All Commercial Plans","27.09","","","","","","","fee schedule","11.74","54.18","Radiology"
"Assay of cathepsin-d","82387","HCPCS","","","","","","","facility","outpatient","","","","","","Jefferson Health Plan","Health Partners Medicaid Managed Care/Aca Plan","54.18","","","","","","","fee schedule","11.74","54.18","APC"
"Assay of chloramphenicol","82415","HCPCS","","","","","","","facility","outpatient","","","","","","Aetna","All Commercial Plans","17.74","","","","","","","fee schedule","8.24","38.01","Radiology"
"Assay of ck (cpk)","82550","HCPCS","","","","","","","facility","outpatient","","","","","","Jefferson Health Plan","Health Partners Medicare Managed Care Plan","6.84","","","","","","","fee schedule","4.23","19.53","APC"
"Assay of corticosterone","82528","HCPCS","","","","","","","facility","outpatient","","","","","","Bcbs","Highmark All Commercial Plans","33.23","","","","","","","fee schedule","14.64","67.56","Radiology"
"Assay of cpk in blood","82552","HCPCS","","","","","","","facility","outpatient","","","","","","First Health","Delaware Medicaid Managed Care Plan","14.73","","","","","","","fee schedule","8.7","40.17","Laboratory"
"Assay of creatine","82540","HCPCS","","","","","","","facility","outpatient","","","","","","Amerihealth","Caritas Next Other Commercial Plan","4.64","","","","","","","fee schedule","3.02","13.92","Laboratory"
"Assay of cryoglobulin","82595","HCPCS","","","","","","","facility","outpatient","","","","","","Amerihealth","Medicare Managed Care Plan","6.99","","","","","","","fee schedule","4.21","19.41","APC"
"Assay of csf protein","83873","HCPCS","","","","","","","facility","outpatient","","","","","","Bcbs","Highmark All Commercial Plans","25.38","","","","","","","fee schedule","11.18","51.6","Radiology"
"Assay of cyanide","82600","HCPCS","","","","","","","facility","outpatient","","","","","","Ambetter","All Commercial Plans","29.1","","","","","","","fee schedule","12.61","58.2","Radiology"
"Assay of digoxin total","80162","HCPCS","","","","","","","facility","outpatient","","","","","","Unitedhealthcare","All Commercial Plans","13.28","","","","","","","fee schedule","8.63","39.84",""
"Assay of estradiol","82670","HCPCS","","","","","","","facility","outpatient","","","","","","Cigna","All Commercial Plans","18.16","","","","","","","fee schedule","18.16","83.82",""
"Assay of estradiol","82670","HCPCS","","","","","","","facility","outpatient","","","","","","Unitedhealthcare","All Commercial Plans","27.94","","","","","","","fee schedule","18.16","83.82",""
"Assay of estriol","82677","HCPCS","","","","","","","facility","outpatient","","","","","","Amerihealth","Medicare Managed Care Plan","26.11","","","","","","","fee schedule","15.72","72.54","APC"
"Assay of estriol","82677","HCPCS","","","","","","","facility","outpatient","","","","","","Bcbs","Highmark Medicare Managed Care Plan","22.97","","","","","","","fee schedule","15.72","72.54","APC"
"Assay of estrogen","82672","HCPCS","","","","","","","facility","outpatient","","","","","","Ambetter","All Commercial Plans","32.55","","","","","","","fee schedule","14.11","65.1","Radiology"
"Assay of estrogen","82672","HCPCS","","","","","","","facility","outpatient","","","","","","Unitedhealthcare","All Commercial Plans","21.7","","","","","","","fee schedule","14.11","65.1",""
"Assay of estrogen","84233","HCPCS","","","","","","","facility","outpatient","","","","","","Jefferson Health Plan","Health Partners Medicaid Managed Care/Aca Plan","263.64","","","","","","","fee schedule","57.12","263.64","APC"
"Assay of ethosuximide","80168","HCPCS","","","","","","","facility","outpatient","","","","","","Amerihealth","Medicare Managed Care Plan","17.65","","","","","","","fee schedule","10.62","49.02","APC"
"Assay of etiocholanolone","82696","HCPCS","","","","","","","facility","outpatient","","","","","","Aetna","All Commercial Plans","36.74","","","","","","","fee schedule","17.06","78.72","Radiology"
"Assay of fecal fat","82715","HCPCS","","","","","","","facility","outpatient","","","","","","Amerihealth","Caritas Next Other Commercial Plan","22.97","","","","","","","fee schedule","14.93","68.91","Laboratory"
"Assay of fetal fibronectin","82731","HCPCS","","","","","","","facility","outpatient","","","","","","Cigna","All Commercial Plans","41.87","","","","","","","fee schedule","41.87","193.23",""
"Assay of folic acid serum","82746","HCPCS","","","","","","","facility","outpatient","","","","","","Jefferson Health Plan","Health Partners Medicaid Managed Care/Aca Plan","44.1","","","","","","","fee schedule","9.56","44.1","APC"
"Assay of free thyroxine","84439","HCPCS","","","","","","","facility","outpatient","","","","","","Ambetter","All Commercial Plans","11.73","","","","","","","fee schedule","5.86","27.06","Laboratory"
"Assay of gastrin","82941","HCPCS","","","","","","","facility","outpatient","","","","","","Ambetter","All Commercial Plans","22.92","","","","","","","fee schedule","11.46","52.89","Laboratory"
"Assay of gastrin","82941","HCPCS","","","","","","","facility","outpatient","","","","","","Bcbs","Highmark Health Options Medicare Managed Care Plan","18.07","","","","","","","fee schedule","11.46","52.89","APC"
"Assay of gdh enzyme","82965","HCPCS","","","","","","","facility","outpatient","","","","","","Cigna","All Commercial Plans","8.55","","","","","","","fee schedule","8.55","39.45",""
"Assay of glucosidase","82963","HCPCS","","","","","","","facility","outpatient","","","","","","Amerihealth","Caritas Next Other Commercial Plan","34.37","","","","","","","fee schedule","13.96","64.44","Radiology"
"Assay of gonadotropin (fsh)","83001","HCPCS","","","","","","","facility","outpatient","","","","","","Aetna","All Commercial Plans","20.62","","","","","","","fee schedule","12.08","55.74","Laboratory"
"Assay of gonadotropin (lh)","83002","HCPCS","","","","","","","facility","outpatient","","","","","","Aetna","All Commercial Plans","20.56","","","","","","","fee schedule","12.04","55.56","Laboratory"
"Assay of haptoglobins","83012","HCPCS","","","","","","","facility","outpatient","","","","","","Bcbs","Highmark All Commercial Plans","39.68","","","","","","","fee schedule","17.48","80.67","Radiology"
"Assay of histamine","83088","HCPCS","","","","","","","facility","outpatient","","","","","","Amerihealth","Caritas Next Other Commercial Plan","47.25","","","","","","","fee schedule","19.19","88.59","Radiology"
"Assay of iron","83540","HCPCS","","","","","","","facility","outpatient","","","","","","Cigna","All Commercial Plans","4.21","","","","","","","fee schedule","4.21","19.41",""
"Assay of lactic acid","83605","HCPCS","","","","","","","facility","outpatient","","","","","","Aetna","All Commercial Plans","16.2","","","","","","","fee schedule","7.52","34.71","Radiology"
"Assay of lactic acid","83605","HCPCS","","","","","","","facility","outpatient","","","","","","Amerihealth","Medicare Managed Care Plan","12.5","","","","","","","fee schedule","7.52","34.71","APC"
"Assay of lidocaine","80176","HCPCS","","","","","","","facility","outpatient","","","","","","Ambetter","All Commercial Plans","19.1","","","","","","","fee schedule","9.55","44.07","Laboratory"
"Assay of lidocaine","80176","HCPCS","","","","","","","facility","outpatient","","","","","","Unitedhealthcare","All Commercial Plans","14.69","","","","","","","fee schedule","9.55","44.07",""
"Assay of lipase","83690","HCPCS","","","","","","","facility","outpatient","","","","","","Bcbs","Highmark Health Options Medicare Managed Care Plan","7.06","","","","","","","fee schedule","4.48","20.67","APC"
"Assay of lipoprotein","83718","HCPCS","","","","","","","facility","outpatient","","","","","","Bcbs","Highmark All Commercial Plans","12.08","","","","","","","fee schedule","5.32","24.57","Radiology"
"Assay of magnesium","83735","HCPCS","","","","","","","facility","outpatient","","","","","","Bcbs","Highmark All Commercial Plans","9.89","","","","","","","fee schedule","4.36","20.1","Radiology"
"Assay of metanephrines","83835","HCPCS","","","","","","","facility","outpatient","","","","","","Bcbs","Highmark Health Options Medicare Managed Care Plan","17.36","","","","","","","fee schedule","11.01","50.82","APC"
"Assay of myoglobin","83874","HCPCS","","","","","","","facility","outpatient","","","","","","Cigna","All Commercial Plans","8.4","","","","","","","fee schedule","8.4","38.76",""
"Assay of phenobarbital","80184","HCPCS","","","","","","","facility","outpatient","","","","","","Ambetter","All Commercial Plans","22.95","","","","","","","fee schedule","9.95","45.9","Radiology"
"Assay of phenylketones","84035","HCPCS","","","","","","","facility","outpatient","","","","","","Amerihealth","Medicare Managed Care Plan","4.3","","","","","","","fee schedule","2.59","11.94","APC"
"Assay of phenylketones","84035","HCPCS","","","","","","","facility","outpatient","","","","","","Bcbs","Highmark All Commercial Plans","5.87","","","","","","","fee schedule","2.59","11.94","Radiology"
"Assay of phenytoin total","80185","HCPCS","","","","","","","facility","outpatient","","","","","","Aetna","All Commercial Plans","18.55","","","","","","","fee schedule","8.61","39.75","Radiology"
"Assay of porphobilinogen","84110","HCPCS","","","","","","","facility","outpatient","","","","","","Ambetter","All Commercial Plans","12.66","","","","","","","fee schedule","5.49","25.32","Radiology"
"Assay of pregnanediol","84135","HCPCS","","","","","","","facility","outpatient","","","","","","Jefferson Health Plan","Health Partners Medicaid Managed Care/Aca Plan","63.81","","","","","","","fee schedule","13.83","63.81","APC"
"Assay of pregnenolone","84140","HCPCS","","","","","","","facility","outpatient","","","","","","First Health","Delaware Medicaid Managed Care Plan","22.74","","","","","","","fee schedule","13.44","62.01","Laboratory"
"Assay of procainamide","80192","HCPCS","","","","","","","facility","outpatient","","","","","","First Health","Delaware Medicaid Managed Care Plan","18.42","","","","","","","fee schedule","10.89","50.25","Laboratory"
"Assay of progesterone","84234","HCPCS","","","","","","","facility","outpatient","","","","","","Amerihealth","Caritas Next Other Commercial Plan","64.88","","","","","","","fee schedule","42.17","194.64","Laboratory"
"Assay of progesterone","84234","HCPCS","","","","","","","facility","outpatient","","","","","","Amerihealth","Medicare Managed Care Plan","70.07","","","","","","","fee schedule","42.17","194.64","APC"
"Assay of proinsulin","84206","HCPCS","","","","","","","facility","outpatient","","","","","","Jefferson Health Plan","Health Partners Medicare Managed Care Plan","28.02","","","","","","","fee schedule","17.35","80.07","APC"
"Assay of prolactin","84146","HCPCS","","","","","","","facility","outpatient","","","","","","Amerihealth","Caritas Next Other Commercial Plan","19.38","","","","","","","fee schedule","12.6","58.14","Laboratory"
"Assay of prostaglandin","84150","HCPCS","","","","","","","facility","outpatient","","","","","","Amerihealth","Medicare Managed Care Plan","45.11","","","","","","","fee schedule","27.15","125.31","APC"
"Assay of pyruvate kinase","84220","HCPCS","","","","","","","facility","outpatient","","","","","","Jefferson Health Plan","Health Partners Medicaid Managed Care/Aca Plan","28.32","","","","","","","fee schedule","6.14","28.32","APC"
"Assay of quinine","84228","HCPCS","","","","","","","facility","outpatient","","","","","","Aetna","Medicare Managed Care Plan","11.98","","","","","","","fee schedule","7.56","34.89","APC"
"Assay of rbc galactokinase","82759","HCPCS","","","","","","","facility","outpatient","","","","","","Cigna","All Commercial Plans","13.96","","","","","","","fee schedule","13.96","64.44",""
"Assay of semen fructose","82757","HCPCS","","","","","","","facility","outpatient","","","","","","Ambetter","All Commercial Plans","22.54","","","","","","","fee schedule","11.27","52.02","Laboratory"
"Assay of semen fructose","82757","HCPCS","","","","","","","facility","outpatient","","","","","","Ambetter","All Commercial Plans","26.01","","","","","","","fee schedule","11.27","52.02","Radiology"
"Assay of serum albumin","82040","HCPCS","","","","","","","facility","outpatient","","","","","","Ambetter","All Commercial Plans","6.44","","","","","","","fee schedule","3.22","14.85","Laboratory"
"Assay of serum albumin","82040","HCPCS","","","","","","","facility","outpatient","","","","","","Bcbs","Highmark All Commercial Plans","7.3","","","","","","","fee schedule","3.22","14.85","Radiology"
"Assay of sialic acid","84275","HCPCS","","","","","","","facility","outpatient","","","","","","Aetna","All Commercial Plans","18.82","","","","","","","fee schedule","8.74","40.32","Radiology"
"Assay of sialic acid","84275","HCPCS","","","","","","","facility","outpatient","","","","","","Ambetter","All Commercial Plans","20.16","","","","","","","fee schedule","8.74","40.32","Radiology"
"Assay of sialic acid","84275","HCPCS","","","","","","","facility","outpatient","","","","","","Amerihealth","Caritas Next Other Commercial Plan","13.44","","","","","","","fee schedule","8.74","40.32","Laboratory"
"Assay of somatostatin","84307","HCPCS","","","","","","","facility","outpatient","","","","","","Cigna","All Commercial Plans","11.88","","","","","","","fee schedule","11.88","54.84",""
"Assay of theophylline","80198","HCPCS","","","","","","","facility","outpatient","","","","","","Unitedhealthcare","All Commercial Plans","14.14","","","","","","","fee schedule","9.19","42.42",""
"Assay of thyroglobulin","84432","HCPCS","","","","","","","facility","outpatient","","","","","","Ambetter","All Commercial Plans","20.88","","","","","","","fee schedule","10.44","48.18","Laboratory"
"Assay of thyroid (t3 or t4)","84479","HCPCS","","","","","","","facility","outpatient","","","","","","Aetna","Medicare Managed Care Plan","6.66","","","","","","","fee schedule","4.21","19.41","APC"
"Assay of thyroid activity","84442","HCPCS","","","","","","","facility","outpatient","","","","","","Jefferson Health Plan","Health Partners Medicaid Managed Care/Aca Plan","44.34","","","","","","","fee schedule","9.61","44.34","APC"
"Assay of total testosterone","84403","HCPCS","","","","","","","facility","outpatient","","","","","","Aetna","Medicare Managed Care Plan","26.58","","","","","","","fee schedule","16.78","77.43","APC"
"Assay of total thyroxine","84436","HCPCS","","","","","","","facility","outpatient","","","","","","Cigna","All Commercial Plans","4.47","","","","","","","fee schedule","4.47","20.61",""
"Assay of tsi globulin","84445","HCPCS","","","","","","","facility","outpatient","","","","","","Bcbs","Highmark All Commercial Plans","75.04","","","","","","","fee schedule","33.06","152.58","Radiology"
"Assay of urine albumin","82042","HCPCS","","","","","","","facility","outpatient","","","","","","Jefferson Health Plan","Health Partners Medicare Managed Care Plan","8.17","","","","","","","fee schedule","5.06","23.34","APC"
"Assay of urine creatinine","82570","HCPCS","","","","","","","facility","outpatient","","","","","","Ambetter","All Commercial Plans","6.73","","","","","","","fee schedule","3.37","15.54","Laboratory"
"Assay of urine hemoglobin","83069","HCPCS","","","","","","","facility","outpatient","","","","","","Cigna","All Commercial Plans","2.57","","","","","","","fee schedule","2.57","11.85",""
"Assay of urine osmolality","83935","HCPCS","","","","","","","facility","outpatient","","","","","","Aetna","All Commercial Plans","7.57","","","","","","","fee schedule","4.43","20.46","Laboratory"
"Assay of urine osmolality","83935","HCPCS","","","","","","","facility","outpatient","","","","","","Aetna","All Commercial Plans","9.55","","","","","","","fee schedule","4.43","20.46","Radiology"
"Assay of urine phosphorus","84105","HCPCS","","","","","","","facility","outpatient","","","","","","First Health","Delaware Medicaid Managed Care Plan","6.36","","","","","","","fee schedule","3.76","17.34","Laboratory"
"Assay of urine urobilinogen","84580","HCPCS","","","","","","","facility","outpatient","","","","","","Amerihealth","Caritas Next Other Commercial Plan","9.55","","","","","","","fee schedule","6.21","28.65","Laboratory"
"Assay of urine urobilinogen","84580","HCPCS","","","","","","","facility","outpatient","","","","","","Jefferson Health Plan","Health Partners Medicare Managed Care Plan","10.03","","","","","","","fee schedule","6.21","28.65","APC"
"Assay of urine/urea-n","84540","HCPCS","","","","","","","facility","outpatient","","","","","","Aetna","All Commercial Plans","6.17","","","","","","","fee schedule","3.61","16.68","Laboratory"
"Assay of vancomycin","80202","HCPCS","","","","","","","facility","outpatient","","","","","","Cigna","All Commercial Plans","8.8","","","","","","","fee schedule","8.8","40.62",""
"Assay of vitamin b-6","84207","HCPCS","","","","","","","facility","outpatient","","","","","","Aetna","Medicare Managed Care Plan","28.94","","","","","","","fee schedule","18.27","84.3","APC"
"Assay of volatiles","84600","HCPCS","","","","","","","facility","outpatient","","","","","","Ambetter","All Commercial Plans","25.66","","","","","","","fee schedule","11.12","51.33","Radiology"
"Assay of zinc","84630","HCPCS","","","","","","","facility","outpatient","","","","","","Amerihealth","Caritas Next Other Commercial Plan","11.39","","","","","","","fee schedule","7.4","34.17","Laboratory"
"Assay ph body fluid nos","83986","HCPCS","","","","","","","facility","outpatient","","","","","","Amerihealth","Caritas Next Other Commercial Plan","5.73","","","","","","","fee schedule","2.33","10.74","Radiology"
"Assay ph body fluid nos","83986","HCPCS","","","","","","","facility","outpatient","","","","","","Amerihealth","Medicare Managed Care Plan","3.87","","","","","","","fee schedule","2.33","10.74","APC"
"Assay phosphatidylglycerol","84081","HCPCS","","","","","","","facility","outpatient","","","","","","Ambetter","All Commercial Plans","21.48","","","","","","","fee schedule","10.74","49.56","Laboratory"
"Assay phosphohexose enzymes","84087","HCPCS","","","","","","","facility","outpatient","","","","","","Ambetter","All Commercial Plans","13.95","","","","","","","fee schedule","6.97","32.19","Laboratory"
"Assay phosphohexose enzymes","84087","HCPCS","","","","","","","facility","outpatient","","","","","","Amerihealth","Medicare Managed Care Plan","11.59","","","","","","","fee schedule","6.97","32.19","APC"
"Assay prostate phosphatase","84066","HCPCS","","","","","","","facility","outpatient","","","","","","Bcbs","Highmark Health Options Medicare Managed Care Plan","9.9","","","","","","","fee schedule","6.28","28.98","APC"
"Assay rbc glutathione","82979","HCPCS","","","","","","","facility","outpatient","","","","","","Cigna","All Commercial Plans","6.14","","","","","","","fee schedule","6.14","28.32",""
"Assay serum cholinesterase","82480","HCPCS","","","","","","","facility","outpatient","","","","","","Bcbs","Highmark Medicare Managed Care Plan","7.48","","","","","","","fee schedule","5.12","23.61","APC"
"Assay spec xcp ur&breath ia","82077","HCPCS","","","","","","","facility","outpatient","","","","","","First Health","Delaware Medicaid Managed Care Plan","19","","","","","","","fee schedule","16.41","51.81","Laboratory"
"Assay synovial fluid mucin","83872","HCPCS","","","","","","","facility","outpatient","","","","","","Jefferson Health Plan","Health Partners Medicare Managed Care Plan","6.15","","","","","","","fee schedule","3.81","17.58","APC"
"Assay test for blood fecal","82274","HCPCS","","","","","","","facility","outpatient","","","","","","Amerihealth","Medicare Managed Care Plan","17.19","","","","","","","fee schedule","10.35","47.76","APC"
"Assay three catecholamines","82384","HCPCS","","","","","","","facility","outpatient","","","","","","Amerihealth","Medicare Managed Care Plan","27.27","","","","","","","fee schedule","16.41","75.75","APC"
"Assay three catecholamines","82384","HCPCS","","","","","","","facility","outpatient","","","","","","Unitedhealthcare","All Commercial Plans","25.25","","","","","","","fee schedule","16.41","75.75",""
"Assay thyroid stim hormone","84443","HCPCS","","","","","","","facility","outpatient","","","","","","Aetna","Medicare Managed Care Plan","17.3","","","","","","","fee schedule","10.92","50.4","APC"
"Assay toxin or antitoxin","87230","HCPCS","","","","","","","facility","outpatient","","","","","","Ambetter","All Commercial Plans","25.66","","","","","","","fee schedule","12.83","59.22","Laboratory"
"Assay toxin or antitoxin","87230","HCPCS","","","","","","","facility","outpatient","","","","","","Jefferson Health Plan","Health Partners Medicare Managed Care Plan","20.73","","","","","","","fee schedule","12.83","59.22","APC"
"Assessment of a patient","D0191","HCPCS","","","","","","","facility","outpatient","","","","","","Aetna","All Commercial Plans","201.42","","","","","","","fee schedule","136.68","431.61","Radiology"
"Assessment of a patient","D0191","HCPCS","","","","","","","facility","outpatient","","","","","","Bcbs","Highmark Wholecare Medicare Managed Care Plan","158.26","","","","","","","fee schedule","136.68","431.61","APC"
"Assessment of aphasia","96105","HCPCS","","","","","","","facility","outpatient","","","","","","Amerihealth","Caritas Next Other Commercial Plan","155.01","","","","","","","fee schedule","92.04","290.64","Radiology"
"Asxl1 gene target seq alys","81176","HCPCS","","","","","","","facility","outpatient","","","","","","Amerihealth","Caritas Next Other Commercial Plan","241.9","","","","","","","fee schedule","157.24","725.7","Laboratory"
"Atherosclerosis With Mcc","302","MS-DRG","","","","","","","facility","inpatient","","","","","","Aetna","All Commercial Plans","","","[SNF-(% BC): 65] [Bariatric Surgery-Case Rate: 20177] [All Other IP (%BC): 86.5]","","","","0","other","","","No services performed during 15-month lookback period."
"Atherosclerosis With Mcc","302","MS-DRG","","","","","","","facility","inpatient","","","","","","Aetna","Medicare Managed Care Plan","11425.64","","","","","","","fee schedule","10538.21","28120.1","MSDRG Base Rate"
"Atherosclerosis Without Mcc","303","MS-DRG","","","","","","","facility","inpatient","","","","","","Aetna","All Commercial Plans","","","[SNF-(% BC): 65] [Bariatric Surgery-Case Rate: 20177] [All Other IP (%BC): 86.5]","","","","0","other","","","No services performed during 15-month lookback period."
"Atherosclerosis Without Mcc","303","MS-DRG","","","","","","","facility","inpatient","","","","","","Amerihealth","Medicare Managed Care Plan","6959.61","","","","","","","fee schedule","6121.88","15820.2","MSDRG Base Rate"
"Atherosclerosis Without Mcc","303","MS-DRG","","","","","","","facility","inpatient","","","","","","Ibc","All Commercial Plans","","","[Psych-Per Diem: 1800] [All Other IP (%BC): 89.50]","","","","0","other","","","No services performed during 15-month lookback period."
"Atn1 gene detc abnor alleles","81177","HCPCS","","","","","","","facility","outpatient","","","","","","First Health","Delaware Medicaid Managed Care Plan","150.7","","","","","","","fee schedule","89.05","411","Laboratory"
"Atomic absorption","82190","HCPCS","","","","","","","facility","outpatient","","","","","","Ambetter","All Commercial Plans","20.67","","","","","","","fee schedule","10.34","47.7","Laboratory"
"Atomic absorption","82190","HCPCS","","","","","","","facility","outpatient","","","","","","First Health","Delaware Medicaid Managed Care Plan","17.49","","","","","","","fee schedule","10.34","47.7","Laboratory"
"Atomic absorption","82190","HCPCS","","","","","","","facility","outpatient","","","","","","Unitedhealthcare","All Commercial Plans","15.9","","","","","","","fee schedule","10.34","47.7",""
"Atxn3 gene detc abnor allele","81180","HCPCS","","","","","","","facility","outpatient","","","","","","Jefferson Health Plan","Health Partners Medicare Managed Care Plan","143.85","","","","","","","fee schedule","89.05","411","APC"
"Aud brainstem implt programg","92640","HCPCS","","","","","","","facility","outpatient","","","","","","Ambetter","All Commercial Plans","208.57","","","","","","","fee schedule","132.1","417.14","Radiology"
"Aud brainstem implt programg","92640","HCPCS","","","","","","","facility","outpatient","","","","","","Bcbs","Highmark Medicare Managed Care Plan","132.1","","","","","","","fee schedule","132.1","417.14","APC"
"Audiometry air & bone","0209T","HCPCS","","","","","","","facility","outpatient","","","","","","Amerihealth","Caritas Next Other Commercial Plan","64.58","","","","","","","fee schedule","38.34","121.09","Radiology"
"Audiometry air only","0208T","HCPCS","","","","","","","facility","outpatient","","","","","","Amerihealth","Caritas Next Other Commercial Plan","64.58","","","","","","","fee schedule","38.34","121.09","Radiology"
"Augmentation of facial bones","21208","HCPCS","","","","","","","facility","outpatient","","","","","","Amerihealth","Caritas Next Other Commercial Plan","10235.43","","","","","","","fee schedule","6077.29","19191.43","Radiology"
"Autgrft implnt knee w/scope","29866","HCPCS","","","","","","","facility","outpatient","","","","","","Aetna","Medicare Managed Care Plan","8076.52","","","","","","","fee schedule","7449.22","23523.84","APC"
"Autoimmune rheumatoid arthr","81490","HCPCS","","","","","","","facility","outpatient","","","","","","Ambetter","All Commercial Plans","1092.84","","","","","","","fee schedule","546.42","2521.95","Laboratory"
"Autoinflam ds vexas synd dna","0500U","HCPCS","","","","","","","facility","outpatient","","","","","","Bcbs","Highmark All Commercial Plans","258.8","","","","","","","fee schedule","166.63","526.2","Radiology"
"Autologous Bone Marrow Transplant With Cc/Mcc","016","MS-DRG","","","","","","","facility","inpatient","","","","","","Aetna","Medicare Managed Care Plan","54725.54","","","","","","","fee schedule","50475.01","139347.95","MSDRG Base Rate"
"Autologous Bone Marrow Transplant Without Cc/Mcc","017","MS-DRG","","","","","","","facility","inpatient","","","","","","Jefferson Health Plan","Health Partners Medicaid Managed Care/Aca Plan","","","[Inpatient Services: Payer leverages state specific Medicaid payment methodology. Available, referenceable algorithm logic found here: https://www.pa.gov/agencies/dhs/resources/for-providers] [MSDRG Base Rate: FEE SCHEDULE]","","","","0","other","","","No services performed during 15-month lookback period."
"Autologous Bone Marrow Transplant Without Cc/Mcc","017","MS-DRG","","","","","","","facility","inpatient","","","","","","Wellcare","Medicare Managed Care Plan","","","[MSDRG Base Rate: FEE SCHEDULE]","","","","0","other","","","No services performed during 15-month lookback period."
"Autologous PRP for ulcers","G0460","HCPCS","","","","","","","facility","outpatient","","","","","","Bcbs","Highmark All Commercial Plans","3289.84","","","","","","","fee schedule","2118.16","6688.93","Radiology"
"Autologous blood op salvage","86891","HCPCS","","","","","","","facility","outpatient","","","","","","Bcbs","Highmark Health Options Medicare Managed Care Plan","892.41","","","","","","","fee schedule","94.77","2611.92","APC"
"Automated platelet count","85049","HCPCS","","","","","","","facility","outpatient","","","","","","Amerihealth","Caritas Next Other Commercial Plan","7.17","","","","","","","fee schedule","2.91","13.44","Radiology"
"Automated platelet count","85049","HCPCS","","","","","","","facility","outpatient","","","","","","Cigna","All Commercial Plans","2.91","","","","","","","fee schedule","2.91","13.44",""
"Automated reticulocyte count","85045","HCPCS","","","","","","","facility","outpatient","","","","","","Bcbs","Highmark Health Options Medicare Managed Care Plan","4.09","","","","","","","fee schedule","2.59","11.97","APC"
"Av fistula revision open","36832","HCPCS","","","","","","","facility","outpatient","","","","","","Bcbs","Highmark All Commercial Plans","8872.4","","","","","","","fee schedule","5712.49","18039.45","Radiology"
"Av fusion/forearm vein","36820","HCPCS","","","","","","","facility","outpatient","","","","","","Ambetter","All Commercial Plans","9019.72","","","","","","","fee schedule","5712.49","18039.45","Radiology"
"B brgdrferi antb 5 prtn igm","0041U","HCPCS","","","","","","","facility","outpatient","","","","","","Bcbs","Highmark Medicare Managed Care Plan","16.35","","","","","","","fee schedule","11.19","51.63","APC"
"B brgdrferi lyme ds ospa evl","0316U","HCPCS","","","","","","","facility","outpatient","","","","","","Aetna","Medicare Managed Care Plan","19.22","","","","","","","fee schedule","17.73","55.98","APC"
"B brgdrferi lyme ds ospa evl","0316U","HCPCS","","","","","","","facility","outpatient","","","","","","Bcbs","Highmark All Commercial Plans","27.53","","","","","","","fee schedule","17.73","55.98","Radiology"
"B1 str & fx rsk vrt fx assmt","0743T","HCPCS","","","","","","","facility","outpatient","","","","","","Bcbs","Highmark Health Options Medicare Managed Care Plan","264.29","","","","","","","fee schedule","244.95","773.52","APC"
"BABCOCK, ENDO 5MM","OperWmSup214864","CDM","270","RC","","","","","facility","both","","","","163.84","163.84","","","","","","","","","","","","","Gross Charge Type: Main Acute Price List"
"BAG, 10MM SPECIMEN RETRIEVAL","ScorWmSup94178","CDM","270","RC","","","","","facility","both","","","","353.7","353.7","","","","","","","","","","","","","Gross Charge Type: Main Acute Price List"
"BAG, DRAINAGE SUCTION 1000ML","CcicMR103122","CDM","270","RC","","","","","facility","both","","","","152.14","152.14","","","","","","","","","","","","","Gross Charge Type: Main Acute Price List"
"BAG, DRAINAGE SUCTION 1000ML","CcspMR103122","CDM","270","RC","","","","","facility","both","","","","152.14","152.14","","","","","","","","","","","","","Gross Charge Type: Main Acute Price List"
"BAG, DRAINAGE SUCTION 1000ML","Chrs47103122","CDM","270","RC","","","","","facility","both","","","","152.14","152.14","","","","","","","","","","","","","Gross Charge Type: Main Acute Price List"
"BAG, DRAINAGE SUCTION 1000ML","Chrs83103122","CDM","270","RC","","","","","facility","both","","","","152.14","152.14","","","","","","","","","","","","","Gross Charge Type: Main Acute Price List"
"BAG, DRAINAGE SUCTION 1000ML","ScorChSup103122","CDM","270","RC","","","","","facility","both","","","","152.14","152.14","","","","","","","","","","","","","Gross Charge Type: Main Acute Price List"
"BAG, DRAINAGE TRU-CLOSE 600ML GRAVITY","Wilm5456010","CDM","272","RC","","","","","facility","both","","","","52.36","52.36","","","","","","","","","","","","","Gross Charge Type: Main Acute Price List"
"BAG, DRAINAGE TRU-CLOSE SUCTION 300ML","OperWmSup63446","CDM","270","RC","","","","","facility","both","","","","165.08","165.08","","","","","","","","","","","","","Gross Charge Type: Main Acute Price List"
"BAG, HEARTMATE CONSOLIDATED RIGHT","ScorChSup62585","CDM","270","RC","Q0508","HCPCS","","","facility","both","","","","2032.97","2032.97","","","","","","","","","","","","","Gross Charge Type: Main Acute Price List"
"BAG, HEARTMATE CONSOLIDATED RIGHT","ScorWmSup62585","CDM","270","RC","Q0508","HCPCS","","","facility","both","","","","2032.97","2032.97","","","","","","","","","","","","","Gross Charge Type: Main Acute Price List"
"BALL, JURGAN BABY PIN","EplbChSup212001","CDM","270","RC","","","","","facility","both","","","","40.54","40.54","","","","","","","","","","","","","Gross Charge Type: Main Acute Price List"
"BALL, JURGAN BABY PIN","OperChSup212001","CDM","270","RC","","","","","facility","both","","","","40.54","40.54","","","","","","","","","","","","","Gross Charge Type: Main Acute Price List"
"BALLOON ENDOSCOPIC ULTRASOUND ORACLE","CspuChSup53563","CDM","272","RC","","","","","facility","both","","","","172.47","172.47","","","","","","","","","","","","","Gross Charge Type: Main Acute Price List"
"BALLOON, (FOR BF-UC160F-OL8)","OperChSup33962","CDM","270","RC","","","","","facility","both","","","","191.21","191.21","","","","","","","","","","","","","Gross Charge Type: Main Acute Price List"
"BALLOON, .018 PACIFIC PLUS 2.0 X 80 X 90","GastChSup53164","CDM","272","RC","C1725","HCPCS","","","facility","both","","","","893.16","893.16","","","","","","","","","","","","","Gross Charge Type: Main Acute Price List"
"BALLOON, .018 PACIFIC PLUS 3.0 X 80 X 130","ScanWmSup53179","CDM","272","RC","C1725","HCPCS","","","facility","both","","","","1016.36","1016.36","","","","","","","","","","","","","Gross Charge Type: Main Acute Price List"
"BALLOON, .018 PACIFIC PLUS 3.0 X 80 X 90","GyscChSup53178","CDM","272","RC","C1725","HCPCS","","","facility","both","","","","893.16","893.16","","","","","","","","","","","","","Gross Charge Type: Main Acute Price List"
"BALLOON, .018 PACIFIC PLUS 3.0 X 80 X 90","OperWmSup53178","CDM","272","RC","C1725","HCPCS","","","facility","both","","","","893.16","893.16","","","","","","","","","","","","","Gross Charge Type: Main Acute Price List"
"BALLOON, .018 PACIFIC PLUS 3.5 X 120 X 130","GastWmSup53187","CDM","272","RC","C1725","HCPCS","","","facility","both","","","","1016.36","1016.36","","","","","","","","","","","","","Gross Charge Type: Main Acute Price List"
"BALLOON, .018 PACIFIC PLUS 3.5 X 150 X 130","EplbChSup53188","CDM","272","RC","C1725","HCPCS","","","facility","both","","","","839.83","839.83","","","","","","","","","","","","","Gross Charge Type: Main Acute Price List"
"BALLOON, .018 PACIFIC PLUS 3.5 X 80 X 130","GastChSup53185","CDM","272","RC","C1725","HCPCS","","","facility","both","","","","893.16","893.16","","","","","","","","","","","","","Gross Charge Type: Main Acute Price List"
"BALLOON, .018 PACIFIC PLUS 3.5 X 80 X 130","OperChSup53185","CDM","272","RC","C1725","HCPCS","","","facility","both","","","","893.16","893.16","","","","","","","","","","","","","Gross Charge Type: Main Acute Price List"
"BALLOON, .018 PACIFIC PLUS 4.0 X 120 X 90","GastChSup53196","CDM","272","RC","C1725","HCPCS","","","facility","both","","","","839.83","839.83","","","","","","","","","","","","","Gross Charge Type: Main Acute Price List"
"BALLOON, .018 PACIFIC PLUS 5.0 X 40 X 90","PacuChSup53199","CDM","272","RC","C1725","HCPCS","","","facility","both","","","","955.67","955.67","","","","","","","","","","","","","Gross Charge Type: Main Acute Price List"
"BALLOON, .018 PACIFIC PLUS 6.0 X 120 X 90","GyscChSup53214","CDM","272","RC","C1725","HCPCS","","","facility","both","","","","839.83","839.83","","","","","","","","","","","","","Gross Charge Type: Main Acute Price List"
"BALLOON, .018 PACIFIC PLUS 6.0 X 120 X 90","ScanWmSup53214","CDM","272","RC","C1725","HCPCS","","","facility","both","","","","839.83","839.83","","","","","","","","","","","","","Gross Charge Type: Main Acute Price List"
"BALLOON, .018 PACIFIC PLUS 7.0 X 80 X 90","ScpuWmSup53221","CDM","272","RC","C1725","HCPCS","","","facility","both","","","","839.83","839.83","","","","","","","","","","","","","Gross Charge Type: Main Acute Price List"
"BALLOON, ADMIRAL XTREME PTA 5.0 X 80 X 130","ScanWmSup47000","CDM","272","RC","C1725","HCPCS","","","facility","both","","","","739.16","739.16","","","","","","","","","","","","","Gross Charge Type: Main Acute Price List"
"BALLOON, ATLAS 14 X 4 X 120CM","CspuChSup47683","CDM","272","RC","C1725","HCPCS","","","facility","both","","","","1554.41","1554.41","","","","","","","","","","","","","Gross Charge Type: Main Acute Price List"
"BALLOON, ATLAS GOLD 20MM X 4CM X 120CM","ScorWmSup70092","CDM","272","RC","C1725","HCPCS","","","facility","both","","","","1419.03","1419.03","","","","","","","","","","","","","Gross Charge Type: Main Acute Price List"
"BALLOON, ATLAS GOLD 20MM X 4CM X 120CM","Wilm5470092","CDM","272","RC","C1725","HCPCS","","","facility","both","","","","1419.03","1419.03","","","","","","","","","","","","","Gross Charge Type: Main Acute Price List"
"BALLOON, ATLAS GOLD 26MM X 40MM X 120CM","PacuWmSup70095","CDM","272","RC","C1725","HCPCS","","","facility","both","","","","1419.03","1419.03","","","","","","","","","","","","","Gross Charge Type: Main Acute Price List"
"BALLOON, ATLAS PERIPHERAL 14MM X 20CM X 75CM","AngiChSup109580","CDM","272","RC","C1725","HCPCS","","","facility","both","","","","1345.05","1345.05","","","","","","","","","","","","","Gross Charge Type: Main Acute Price List"
"BALLOON, ATLAS PERIPHERAL 14MM X 20CM X 75CM","ScpuWmSup109580","CDM","272","RC","C1725","HCPCS","","","facility","both","","","","1345.05","1345.05","","","","","","","","","","","","","Gross Charge Type: Main Acute Price List"
"BALLOON, ATLAS PERIPHERAL 18MM X 4CM X 75CM","ScanChSup109585","CDM","272","RC","C1725","HCPCS","","","facility","both","","","","1554.41","1554.41","","","","","","","","","","","","","Gross Charge Type: Main Acute Price List"
"BALLOON, AV LUTONIX DC 10X60","OperWmSup72485","CDM","272","RC","C2623","HCPCS","","","facility","both","","","","8861.68","8861.68","","","","","","","","","","","","","Gross Charge Type: Main Acute Price List"
"BALLOON, AV LUTONIX DC 6X60","ScpuWmSup72477","CDM","272","RC","C2623","HCPCS","","","facility","both","","","","7297.86","7297.86","","","","","","","","","","","","","Gross Charge Type: Main Acute Price List"
"BALLOON, AV LUTONIX DC 8X60","DelrChSup72481","CDM","272","RC","C2623","HCPCS","","","facility","both","","","","8861.68","8861.68","","","","","","","","","","","","","Gross Charge Type: Main Acute Price List"
"BALLOON, CATH EMERGE MONO 1.5MM X 20MM","CcthChSup51719","CDM","272","RC","C1725","HCPCS","","","facility","both","","","","503.9","503.9","","","","","","","","","","","","","Gross Charge Type: Main Acute Price List"
"BALLOON, CATH EMERGE MONO 1.5MM X 8MM","GyscChSup51698","CDM","272","RC","C1725","HCPCS","","","facility","both","","","","535.9","535.9","","","","","","","","","","","","","Gross Charge Type: Main Acute Price List"
"BALLOON, CATH EMERGE MONO 2.0MM X 8MM","ScanChSup51699","CDM","272","RC","C1725","HCPCS","","","facility","both","","","","535.9","535.9","","","","","","","","","","","","","Gross Charge Type: Main Acute Price List"
"BALLOON, CATH EMERGE MONO 2.5MM X 12MM","Chrs5451707","CDM","272","RC","C1725","HCPCS","","","facility","both","","","","535.9","535.9","","","","","","","","","","","","","Gross Charge Type: Main Acute Price List"
"BALLOON, CATH EMERGE MONO 2.5MM X 12MM","OperChSup51707","CDM","272","RC","C1725","HCPCS","","","facility","both","","","","535.9","535.9","","","","","","","","","","","","","Gross Charge Type: Main Acute Price List"
"BALLOON, CATH EMERGE MONO 2.5MM X 15MM","GastChSup51714","CDM","272","RC","C1725","HCPCS","","","facility","both","","","","535.9","535.9","","","","","","","","","","","","","Gross Charge Type: Main Acute Price List"
"BALLOON, CATH EMERGE MONO 2.5MM X 20MM","AnesWmSup51721","CDM","272","RC","C1725","HCPCS","","","facility","both","","","","535.9","535.9","","","","","","","","","","","","","Gross Charge Type: Main Acute Price List"
"BALLOON, CATH EMERGE MONO 3.0MM X 15MM","GastWmSup51715","CDM","272","RC","C1725","HCPCS","","","facility","both","","","","535.9","535.9","","","","","","","","","","","","","Gross Charge Type: Main Acute Price List"
"BALLOON, CATH EMERGE MONO 3.0MM X 20MM","Chrs5451722","CDM","272","RC","C1725","HCPCS","","","facility","both","","","","535.9","535.9","","","","","","","","","","","","","Gross Charge Type: Main Acute Price List"
"BALLOON, CATH EMERGE MONO 3.0MM X 20MM","GastChSup51722","CDM","272","RC","C1725","HCPCS","","","facility","both","","","","535.9","535.9","","","","","","","","","","","","","Gross Charge Type: Main Acute Price List"
"BALLOON, CATH EMERGE MONO 3.5MM X 15MM","Wilm5451716","CDM","272","RC","C1725","HCPCS","","","facility","both","","","","535.9","535.9","","","","","","","","","","","","","Gross Charge Type: Main Acute Price List"
"BALLOON, CATH EMERGE MONO 3.5MM X 8MM","ScpuChSup51702","CDM","272","RC","C1725","HCPCS","","","facility","both","","","","535.9","535.9","","","","","","","","","","","","","Gross Charge Type: Main Acute Price List"
"BALLOON, CATH EMERGE MONO 4.0MM X 15MM","CcthChSup51717","CDM","272","RC","C1725","HCPCS","","","facility","both","","","","535.9","535.9","","","","","","","","","","","","","Gross Charge Type: Main Acute Price List"
"BALLOON, CATH EMERGE MONO 4.0MM X 8MM","ScpuWmSup51703","CDM","272","RC","C1725","HCPCS","","","facility","both","","","","503.9","503.9","","","","","","","","","","","","","Gross Charge Type: Main Acute Price List"
"BALLOON, CATH EMERGE OTW 1.5MM X 12MM","CspuChSup51737","CDM","272","RC","C1725","HCPCS","","","facility","both","","","","503.9","503.9","","","","","","","","","","","","","Gross Charge Type: Main Acute Price List"
"BALLOON, CATH EMERGE OTW 1.5MM X 20MM","AngiChSup51749","CDM","272","RC","C1725","HCPCS","","","facility","both","","","","503.9","503.9","","","","","","","","","","","","","Gross Charge Type: Main Acute Price List"
"BALLOON, CATH EMERGE OTW 2.0MM X 12MM","OperChSup51738","CDM","272","RC","C1725","HCPCS","","","facility","both","","","","535.9","535.9","","","","","","","","","","","","","Gross Charge Type: Main Acute Price List"
"BALLOON, CATH EMERGE OTW 2.0MM X 15MM","OperWmSup51744","CDM","272","RC","C1725","HCPCS","","","facility","both","","","","535.9","535.9","","","","","","","","","","","","","Gross Charge Type: Main Acute Price List"
"BALLOON, CATH EMERGE OTW 2.0MM X 20MM","CspuChSup51750","CDM","272","RC","C1725","HCPCS","","","facility","both","","","","503.9","503.9","","","","","","","","","","","","","Gross Charge Type: Main Acute Price List"
"BALLOON, CATH EMERGE OTW 2.0MM X 20MM","GastChSup51750","CDM","272","RC","C1725","HCPCS","","","facility","both","","","","503.9","503.9","","","","","","","","","","","","","Gross Charge Type: Main Acute Price List"
"BALLOON, CATH EMERGE OTW 2.0MM X 8MM","GyscChSup51732","CDM","272","RC","C1725","HCPCS","","","facility","both","","","","503.9","503.9","","","","","","","","","","","","","Gross Charge Type: Main Acute Price List"
"BALLOON, CATH EMERGE OTW 2.0MM X 8MM","ScanWmSup51732","CDM","272","RC","C1725","HCPCS","","","facility","both","","","","503.9","503.9","","","","","","","","","","","","","Gross Charge Type: Main Acute Price List"
"BALLOON, CATH EMERGE OTW 2.5MM X 12MM","PacuChSup51739","CDM","272","RC","C1725","HCPCS","","","facility","both","","","","535.9","535.9","","","","","","","","","","","","","Gross Charge Type: Main Acute Price List"
"BALLOON, CATH EMERGE OTW 2.5MM X 15MM","Chrs5451745","CDM","272","RC","C1725","HCPCS","","","facility","both","","","","503.9","503.9","","","","","","","","","","","","","Gross Charge Type: Main Acute Price List"
"BALLOON, CATH EMERGE OTW 2.5MM X 15MM","ScorChSup51745","CDM","272","RC","C1725","HCPCS","","","facility","both","","","","503.9","503.9","","","","","","","","","","","","","Gross Charge Type: Main Acute Price List"
"BALLOON, CATH EMERGE OTW 2.5MM X 15MM","ScorWmSup51745","CDM","272","RC","C1725","HCPCS","","","facility","both","","","","503.9","503.9","","","","","","","","","","","","","Gross Charge Type: Main Acute Price List"
"BALLOON, CATH EMERGE OTW 2.5MM X 8MM","GastWmSup51733","CDM","272","RC","C1725","HCPCS","","","facility","both","","","","503.9","503.9","","","","","","","","","","","","","Gross Charge Type: Main Acute Price List"
"BALLOON, CATH EMERGE RX 2.25MM X 8MM","AngiWmSup113759","CDM","272","RC","C1725","HCPCS","","","facility","both","","","","535.9","535.9","","","","","","","","","","","","","Gross Charge Type: Main Acute Price List"
"BALLOON, COYOTE OTW 2X150X150","PacuWmSup48720","CDM","272","RC","C1725","HCPCS","","","facility","both","","","","1034.84","1034.84","","","","","","","","","","","","","Gross Charge Type: Main Acute Price List"
"BALLOON, COYOTE OTW 3.5X220X150","AngiChSup48731","CDM","272","RC","C1725","HCPCS","","","facility","both","","","","1097.58","1097.58","","","","","","","","","","","","","Gross Charge Type: Main Acute Price List"
"BALLOON, COYOTE OTW 3X100X150","PacuWmSup48725","CDM","272","RC","C1725","HCPCS","","","facility","both","","","","1034.84","1034.84","","","","","","","","","","","","","Gross Charge Type: Main Acute Price List"
"BALLOON, COYOTE OTW 3X100X150","ScanChSup48725","CDM","272","RC","C1725","HCPCS","","","facility","both","","","","1034.84","1034.84","","","","","","","","","","","","","Gross Charge Type: Main Acute Price List"
"BALLOON, COYOTE OTW 4X100X150","CspuChSup48732","CDM","272","RC","C1725","HCPCS","","","facility","both","","","","1034.84","1034.84","","","","","","","","","","","","","Gross Charge Type: Main Acute Price List"
"BALLOON, COYOTE OTW 4X100X150","ScpuChSup48732","CDM","272","RC","C1725","HCPCS","","","facility","both","","","","1034.84","1034.84","","","","","","","","","","","","","Gross Charge Type: Main Acute Price List"
"BALLOON, COYOTE OTW 4X100X150","ScpuWmSup48732","CDM","272","RC","C1725","HCPCS","","","facility","both","","","","1034.84","1034.84","","","","","","","","","","","","","Gross Charge Type: Main Acute Price List"
"BALLOON, COYOTE OTW 4X220X150","PacuChSup48734","CDM","272","RC","C1725","HCPCS","","","facility","both","","","","1167.27","1167.27","","","","","","","","","","","","","Gross Charge Type: Main Acute Price List"
"BALLOON, COYOTE OTW 4X220X150","Wilm5448734","CDM","272","RC","C1725","HCPCS","","","facility","both","","","","1167.27","1167.27","","","","","","","","","","","","","Gross Charge Type: Main Acute Price List"
"BALLOON, DE INPACT ADMIRAL CATH 5X150X130","EplbChSup70127","CDM","272","RC","C2623","HCPCS","","","facility","both","","","","9904.23","9904.23","","","","","","","","","","","","","Gross Charge Type: Main Acute Price List"
"BALLOON, DE INPACT ADMIRAL CATH 5X40X130","ScorWmSup61955","CDM","272","RC","C1725","HCPCS","","","facility","both","","","","8166.65","8166.65","","","","","","","","","","","","","Gross Charge Type: Main Acute Price List"
"BALLOON, DE INPACT ADMIRAL CATH 5X80X130","ScanChSup61957","CDM","272","RC","C1725","HCPCS","","","facility","both","","","","8166.65","8166.65","","","","","","","","","","","","","Gross Charge Type: Main Acute Price List"
"BALLOON, DE INPACT ADMIRAL CATH 6X60X130","ScorWmSup61960","CDM","272","RC","C1725","HCPCS","","","facility","both","","","","8166.65","8166.65","","","","","","","","","","","","","Gross Charge Type: Main Acute Price List"
"BALLOON, DE INPACT ADMIRAL CATH 6X80X130","PacuWmSup61961","CDM","272","RC","C1725","HCPCS","","","facility","both","","","","8166.65","8166.65","","","","","","","","","","","","","Gross Charge Type: Main Acute Price List"
"BALLOON, DE INPACT ADMIRAL CATH 6X80X130","ScanWmSup61961","CDM","272","RC","C1725","HCPCS","","","facility","both","","","","8166.65","8166.65","","","","","","","","","","","","","Gross Charge Type: Main Acute Price List"
"BALLOON, DE STELLAREX .035 ANGIOPLASTY 4MM X 60MM X 135CM","ScorWmSup109115","CDM","272","RC","C1725","HCPCS","","","facility","both","","","","7083.7","7083.7","","","","","","","","","","","","","Gross Charge Type: Main Acute Price List"
"BALLOON, DE STELLAREX .035 ANGIOPLASTY 4MM X 80MM X 135CM","AnesWmSup109116","CDM","272","RC","C1725","HCPCS","","","facility","both","","","","7083.7","7083.7","","","","","","","","","","","","","Gross Charge Type: Main Acute Price List"
"BALLOON, DE STELLAREX .035 ANGIOPLASTY 5MM X 100MM X 135MM","GastWmSup109517","CDM","272","RC","C1725","HCPCS","","","facility","both","","","","6660.74","6660.74","","","","","","","","","","","","","Gross Charge Type: Main Acute Price List"
"BALLOON, DE STELLAREX .035 ANGIOPLASTY 5MM X 100MM X 135MM","OperChSup109517","CDM","272","RC","C1725","HCPCS","","","facility","both","","","","6660.74","6660.74","","","","","","","","","","","","","Gross Charge Type: Main Acute Price List"
"BALLOON, DE STELLAREX .035 ANGIOPLASTY 5MM X 100MM X 135MM","ScanChSup109517","CDM","272","RC","C1725","HCPCS","","","facility","both","","","","6660.74","6660.74","","","","","","","","","","","","","Gross Charge Type: Main Acute Price List"
"BALLOON, DE STELLAREX .035 ANGIOPLASTY 5MM X 120MM X 135CM","AngiChSup109117","CDM","272","RC","C1725","HCPCS","","","facility","both","","","","7529.54","7529.54","","","","","","","","","","","","","Gross Charge Type: Main Acute Price List"
"BALLOON, DE STELLAREX .035 ANGIOPLASTY 5MM X 120MM X 135CM","OperWmSup109117","CDM","272","RC","C1725","HCPCS","","","facility","both","","","","7529.54","7529.54","","","","","","","","","","","","","Gross Charge Type: Main Acute Price List"
"BALLOON, DE STELLAREX .035 ANGIOPLASTY 5MM X 120MM X 135CM","PacuWmSup109117","CDM","272","RC","C1725","HCPCS","","","facility","both","","","","7529.54","7529.54","","","","","","","","","","","","","Gross Charge Type: Main Acute Price List"
"BALLOON, DE STELLAREX .035 ANGIOPLASTY 5MM X 150MM X 135CM","AngiWmSup109118","CDM","272","RC","C1725","HCPCS","","","facility","both","","","","8931.62","8931.62","","","","","","","","","","","","","Gross Charge Type: Main Acute Price List"
"BALLOON, DE STELLAREX .035 ANGIOPLASTY 5MM X 150MM X 135CM","ScanWmSup109118","CDM","272","RC","C1725","HCPCS","","","facility","both","","","","8931.62","8931.62","","","","","","","","","","","","","Gross Charge Type: Main Acute Price List"
"BALLOON, DE STELLAREX .035 ANGIOPLASTY 5MM X 200MM X 135CM","AnesChSup109119","CDM","272","RC","C1725","HCPCS","","","facility","both","","","","11241.52","11241.52","","","","","","","","","","","","","Gross Charge Type: Main Acute Price List"
"BALLOON, DE STELLAREX .035 ANGIOPLASTY 5MM X 200MM X 135CM","OperWmSup109119","CDM","272","RC","C1725","HCPCS","","","facility","both","","","","11241.52","11241.52","","","","","","","","","","","","","Gross Charge Type: Main Acute Price List"
"BALLOON, DE STELLAREX .035 ANGIOPLASTY 5MM X 80MM X 135CM","EplbChSup109122","CDM","272","RC","C1725","HCPCS","","","facility","both","","","","6660.74","6660.74","","","","","","","","","","","","","Gross Charge Type: Main Acute Price List"
"BALLOON, DE STELLAREX .035 ANGIOPLASTY 6MM X 120MM X 135CM","EplbChSup109123","CDM","272","RC","C1725","HCPCS","","","facility","both","","","","8007.66","8007.66","","","","","","","","","","","","","Gross Charge Type: Main Acute Price List"
"BALLOON, DE STELLAREX .035 ANGIOPLASTY 6MM X 200MM X 135CM","AnesWmSup109125","CDM","272","RC","C1725","HCPCS","","","facility","both","","","","11241.52","11241.52","","","","","","","","","","","","","Gross Charge Type: Main Acute Price List"
"BALLOON, DE STELLAREX .035 ANGIOPLASTY 6MM X 200MM X 135CM","CcthChSup109125","CDM","272","RC","C1725","HCPCS","","","facility","both","","","","11241.52","11241.52","","","","","","","","","","","","","Gross Charge Type: Main Acute Price List"
"BALLOON, HALO SIZING","GastChSup41330","CDM","272","RC","C1886","HCPCS","","","facility","both","","","","17296.55","17296.55","","","","","","","","","","","","","Gross Charge Type: Main Acute Price List"
"BALLOON, HALO SIZING","ScanWmSup41330","CDM","272","RC","C1886","HCPCS","","","facility","both","","","","17296.55","17296.55","","","","","","","","","","","","","Gross Charge Type: Main Acute Price List"
"BALLOON, INPACT AV DCB 10MM X 40MM X 80CM 7F","OperChSup109569","CDM","272","RC","C1725","HCPCS","","","facility","both","","","","10533.15","10533.15","","","","","","","","","","","","","Gross Charge Type: Main Acute Price List"
"BALLOON, INPACT AV DCB 7MM X 60MM X 80CM 7F","AngiWmSup109564","CDM","272","RC","C1725","HCPCS","","","facility","both","","","","8192.97","8192.97","","","","","","","","","","","","","Gross Charge Type: Main Acute Price List"
"BALLOON, INPACT AV DCB 9MM X 40MM X 80CM 7F","ScpuChSup109567","CDM","272","RC","C1725","HCPCS","","","facility","both","","","","10533.15","10533.15","","","","","","","","","","","","","Gross Charge Type: Main Acute Price List"
"BALLOON, INPACT AV DCB 9MM X 60MM X 80CM 7F","GastWmSup109568","CDM","272","RC","C1725","HCPCS","","","facility","both","","","","11395.52","11395.52","","","","","","","","","","","","","Gross Charge Type: Main Acute Price List"
"BALLOON, INPACT AV DCB 9MM X 60MM X 80CM 7F","ScanChSup109568","CDM","272","RC","C1725","HCPCS","","","facility","both","","","","11395.52","11395.52","","","","","","","","","","","","","Gross Charge Type: Main Acute Price List"
"BALLOON, LUTONIX .035 130CM 7x60MM","EplbChSup66041","CDM","272","RC","C2623","HCPCS","","","facility","both","","","","10163.56","10163.56","","","","","","","","","","","","","Gross Charge Type: Main Acute Price List"
"BALLOON, LUTONIX .035"" DCB 130CM 5x220MM","GastChSup77019","CDM","272","RC","C2623","HCPCS","","","facility","both","","","","15707.34","15707.34","","","","","","","","","","","","","Gross Charge Type: Main Acute Price List"
"BALLOON, LUTONIX .035"" DCB 130CM 6x220MM","ScpuWmSup77020","CDM","272","RC","C2623","HCPCS","","","facility","both","","","","12750.66","12750.66","","","","","","","","","","","","","Gross Charge Type: Main Acute Price List"
"BALLOON, LUTONIX 0.018 DCB 130CM 4x40MM","EplbChSup77000","CDM","272","RC","C2623","HCPCS","","","facility","both","","","","8601.05","8601.05","","","","","","","","","","","","","Gross Charge Type: Main Acute Price List"
"BALLOON, LUTONIX 0.018 DCB 130CM 4x80MM","PacuChSup77002","CDM","272","RC","C2623","HCPCS","","","facility","both","","","","9147.21","9147.21","","","","","","","","","","","","","Gross Charge Type: Main Acute Price List"
"BALLOON, LUTONIX 0.018 DCB 130CM 4x80MM","ScpuChSup77002","CDM","272","RC","C2623","HCPCS","","","facility","both","","","","9147.21","9147.21","","","","","","","","","","","","","Gross Charge Type: Main Acute Price List"
"BALLOON, LUTONIX 0.018 DCB 130CM 5MM X 300MM","ScanWmSup108480","CDM","272","RC","C2623","HCPCS","","","facility","both","","","","17216.47","17216.47","","","","","","","","","","","","","Gross Charge Type: Main Acute Price List"
"BALLOON, LUTONIX 0.018 DCB 130CM 5x100MM","ScpuWmSup77009","CDM","272","RC","C2623","HCPCS","","","facility","both","","","","8601.05","8601.05","","","","","","","","","","","","","Gross Charge Type: Main Acute Price List"
"BALLOON, LUTONIX 0.018 DCB 130CM 5x220MM","AnesWmSup77011","CDM","272","RC","C2623","HCPCS","","","facility","both","","","","16217.46","16217.46","","","","","","","","","","","","","Gross Charge Type: Main Acute Price List"
"BALLOON, LUTONIX 0.018 DCB 130CM 5x220MM","EplbChSup77011","CDM","272","RC","C2623","HCPCS","","","facility","both","","","","16217.46","16217.46","","","","","","","","","","","","","Gross Charge Type: Main Acute Price List"
"BALLOON, LUTONIX 0.018 DCB 130CM 6MM X 300MM","CspuChSup108481","CDM","272","RC","C2623","HCPCS","","","facility","both","","","","20327.14","20327.14","","","","","","","","","","","","","Gross Charge Type: Main Acute Price List"
"BALLOON, LUTONIX 0.018 DCB 130CM 6x80MM","AngiWmSup77014","CDM","272","RC","C2623","HCPCS","","","facility","both","","","","8601.05","8601.05","","","","","","","","","","","","","Gross Charge Type: Main Acute Price List"
"BALLOON, LUTONIX 0.018 DCB 130CM 6x80MM","EplbChSup77014","CDM","272","RC","C2623","HCPCS","","","facility","both","","","","8601.05","8601.05","","","","","","","","","","","","","Gross Charge Type: Main Acute Price List"
"BALLOON, LUTONIX DC .035 130CM 4 X 80MM","GyscChSup60901","CDM","272","RC","C1725","HCPCS","","","facility","both","","","","9556.72","9556.72","","","","","","","","","","","","","Gross Charge Type: Main Acute Price List"
"BALLOON, LUTONIX DC .035 130CM 5 X 40MM","ScorChSup60896","CDM","272","RC","C1725","HCPCS","","","facility","both","","","","7297.86","7297.86","","","","","","","","","","","","","Gross Charge Type: Main Acute Price List"
"BALLOON, LUTONIX DC .035 130CM 5 X 80MM","OperChSup60902","CDM","272","RC","C1725","HCPCS","","","facility","both","","","","9556.72","9556.72","","","","","","","","","","","","","Gross Charge Type: Main Acute Price List"
"BALLOON, LUTONIX DC .035 130CM 6 X 100MM","PacuWmSup60906","CDM","272","RC","C1725","HCPCS","","","facility","both","","","","7761.27","7761.27","","","","","","","","","","","","","Gross Charge Type: Main Acute Price List"
"BALLOON, LUTONIX DC .035 130CM 6 X 40MM","ScpuChSup60897","CDM","272","RC","C1725","HCPCS","","","facility","both","","","","7761.27","7761.27","","","","","","","","","","","","","Gross Charge Type: Main Acute Price List"
"BALLOON, LUTONIX DC .035 130CM 6 X 60MM","ScorWmSup60900","CDM","272","RC","C1725","HCPCS","","","facility","both","","","","10163.56","10163.56","","","","","","","","","","","","","Gross Charge Type: Main Acute Price List"
"BALLOON, LUTONIX DC .035 75CM 12MM X 60MM","AngiChSup108896","CDM","272","RC","C2623","HCPCS","","","facility","both","","","","7761.27","7761.27","","","","","","","","","","","","","Gross Charge Type: Main Acute Price List"
"BALLOON, MAJ-249","PacuChSup25530","CDM","272","RC","","","","","facility","both","","","","186.88","186.88","","","","","","","","","","","","","Gross Charge Type: Main Acute Price List"
"BALLOON, MICROCATH SNIPER 2.9FR 103CM .038","AngiChSup74149","CDM","272","RC","","","","","facility","both","","","","8007.66","8007.66","","","","","","","","","","","","","Gross Charge Type: Main Acute Price List"
"BALLOON, MICROCATH SNIPER 2.9FR 103CM .038","ScanWmSup74149","CDM","272","RC","","","","","facility","both","","","","8007.66","8007.66","","","","","","","","","","","","","Gross Charge Type: Main Acute Price List"
"BALLOON, MIUSTANG 6 X 60 X135 OTW","PacuChSup52153","CDM","272","RC","C1725","HCPCS","","","facility","both","","","","1139.55","1139.55","","","","","","","","","","","","","Gross Charge Type: Main Acute Price List"
"BALLOON, MIUSTANG 7 X 120 X135 OTW","ScorWmSup52155","CDM","272","RC","C1725","HCPCS","","","facility","both","","","","1139.55","1139.55","","","","","","","","","","","","","Gross Charge Type: Main Acute Price List"
"BALLOON, MIUSTANG 7 X 150 X135 OTW","ScanWmSup52156","CDM","272","RC","C1725","HCPCS","","","facility","both","","","","1071.51","1071.51","","","","","","","","","","","","","Gross Charge Type: Main Acute Price List"
"BALLOON, MNI TREK 1.20MM X 12MM","ScanChSup48499","CDM","272","RC","C1725","HCPCS","","","facility","both","","","","492.78","492.78","","","","","","","","","","","","","Gross Charge Type: Main Acute Price List"
"BALLOON, MNI TREK 1.20MM X 12MM","ScpuChSup48499","CDM","272","RC","C1725","HCPCS","","","facility","both","","","","492.78","492.78","","","","","","","","","","","","","Gross Charge Type: Main Acute Price List"
"BALLOON, MUSTANG 10.0 X 80 135CM","ScpuChSup56874","CDM","272","RC","C1725","HCPCS","","","facility","both","","","","1139.55","1139.55","","","","","","","","","","","","","Gross Charge Type: Main Acute Price List"
"BALLOON, MUSTANG 3.0 X 100 135CM","Chrs5456869","CDM","272","RC","C1725","HCPCS","","","facility","both","","","","1139.55","1139.55","","","","","","","","","","","","","Gross Charge Type: Main Acute Price List"
"BALLOON, MUSTANG 3.0 X 100 135CM","CspuChSup56869","CDM","272","RC","C1725","HCPCS","","","facility","both","","","","1139.55","1139.55","","","","","","","","","","","","","Gross Charge Type: Main Acute Price List"
"BALLOON, MUSTANG 3.0 X 100 135CM","Wilm5456869","CDM","272","RC","C1725","HCPCS","","","facility","both","","","","1139.55","1139.55","","","","","","","","","","","","","Gross Charge Type: Main Acute Price List"
"BALLOON, MUSTANG 3.0 X 150 135CM","Chrs5456870","CDM","272","RC","C1725","HCPCS","","","facility","both","","","","1287.38","1287.38","","","","","","","","","","","","","Gross Charge Type: Main Acute Price List"
"BALLOON, MUSTANG 6.0 X 30 X 135CM","ScorWmSup112535","CDM","272","RC","C1725","HCPCS","","","facility","both","","","","1071.51","1071.51","","","","","","","","","","","","","Gross Charge Type: Main Acute Price List"
"BALLOON, MUSTANG 7 X 6 X 75CM OTW","ScorChSup51990","CDM","272","RC","C1725","HCPCS","","","facility","both","","","","1139.55","1139.55","","","","","","","","","","","","","Gross Charge Type: Main Acute Price List"
"BALLOON, MUSTANG 7.0 X 20 75CM OTW","ScorChSup50821","CDM","272","RC","C1725","HCPCS","","","facility","both","","","","1139.55","1139.55","","","","","","","","","","","","","Gross Charge Type: Main Acute Price List"
"BALLOON, NC EUPHORA RX 2.0 X 12MM","GastChSup67141","CDM","272","RC","C1725","HCPCS","","","facility","both","","","","585.18","585.18","","","","","","","","","","","","","Gross Charge Type: Main Acute Price List"
"BALLOON, NC EUPHORA RX 2.0 X 15MM","PacuChSup67142","CDM","272","RC","C1725","HCPCS","","","facility","both","","","","552.01","552.01","","","","","","","","","","","","","Gross Charge Type: Main Acute Price List"
"BALLOON, NC EUPHORA RX 2.0 X 8MM","Chrs5467140","CDM","272","RC","C1725","HCPCS","","","facility","both","","","","584.25","584.25","","","","","","","","","","","","","Gross Charge Type: Main Acute Price List"
"BALLOON, NC EUPHORA RX 2.0 X 8MM","PacuChSup67140","CDM","272","RC","C1725","HCPCS","","","facility","both","","","","584.25","584.25","","","","","","","","","","","","","Gross Charge Type: Main Acute Price List"
"BALLOON, NC EUPHORA RX 2.0 X 8MM","ScanWmSup67140","CDM","272","RC","C1725","HCPCS","","","facility","both","","","","584.25","584.25","","","","","","","","","","","","","Gross Charge Type: Main Acute Price List"
"BALLOON, NC EUPHORA RX 2.5 X 12MM","OperWmSup67145","CDM","272","RC","C1725","HCPCS","","","facility","both","","","","585.18","585.18","","","","","","","","","","","","","Gross Charge Type: Main Acute Price List"
"BALLOON, NC EUPHORA RX 2.5 X 15MM","ScorChSup67146","CDM","272","RC","C1725","HCPCS","","","facility","both","","","","585.18","585.18","","","","","","","","","","","","","Gross Charge Type: Main Acute Price List"
"BALLOON, NC EUPHORA RX 3.0 X 20MM","CLDRChSup67152","CDM","272","RC","C1725","HCPCS","","","facility","both","","","","585.18","585.18","","","","","","","","","","","","","Gross Charge Type: Main Acute Price List"
"BALLOON, NC EUPHORA RX 3.0 X 8MM","GyscChSup67149","CDM","272","RC","C1725","HCPCS","","","facility","both","","","","550.24","550.24","","","","","","","","","","","","","Gross Charge Type: Main Acute Price List"
"BALLOON, NC EUPHORA RX 3.5 X 12MM","ScpuWmSup67155","CDM","272","RC","C1725","HCPCS","","","facility","both","","","","585.18","585.18","","","","","","","","","","","","","Gross Charge Type: Main Acute Price List"
"BALLOON, NC EUPHORA RX 4.0 X 15MM","OperChSup67161","CDM","272","RC","C1725","HCPCS","","","facility","both","","","","585.18","585.18","","","","","","","","","","","","","Gross Charge Type: Main Acute Price List"
"BALLOON, NC EUPHORA RX 4.0 X 15MM","ScanWmSup67161","CDM","272","RC","C1725","HCPCS","","","facility","both","","","","585.18","585.18","","","","","","","","","","","","","Gross Charge Type: Main Acute Price List"
"BALLOON, NC EUPHORA RX 4.0 X 15MM","ScpuWmSup67161","CDM","272","RC","C1725","HCPCS","","","facility","both","","","","585.18","585.18","","","","","","","","","","","","","Gross Charge Type: Main Acute Price List"
"BALLOON, NC EUPHORA RX 4.0 X 20MM","Chrs5467162","CDM","272","RC","C1725","HCPCS","","","facility","both","","","","550.24","550.24","","","","","","","","","","","","","Gross Charge Type: Main Acute Price List"
"BALLOON, NC EUPHORA RX 4.0 X 20MM","ScpuWmSup67162","CDM","272","RC","C1725","HCPCS","","","facility","both","","","","550.24","550.24","","","","","","","","","","","","","Gross Charge Type: Main Acute Price List"
"BALLOON, NC EUPHORA RX 4.0 X 8MM","OperChSup67159","CDM","272","RC","C1725","HCPCS","","","facility","both","","","","585.18","585.18","","","","","","","","","","","","","Gross Charge Type: Main Acute Price List"
"BALLOON, NC TREK NEO CORONARY DILATION RAPID- EXCHANGE 1.50 mm x 12 mm","PacuChSup119693","CDM","272","RC","C1725","HCPCS","","","facility","both","","","","463.36","463.36","","","","","","","","","","","","","Gross Charge Type: Main Acute Price List"
"BALLOON, NC TREK NEO CORONARY DILATION RAPID- EXCHANGE 2.00 mm x 12 mm","GastChSup119698","CDM","272","RC","C1725","HCPCS","","","facility","both","","","","463.36","463.36","","","","","","","","","","","","","Gross Charge Type: Main Acute Price List"
"BALLOON, NC TREK NEO CORONARY DILATION RAPID- EXCHANGE 2.25 mm x 12 mm","PacuChSup119703","CDM","272","RC","C1725","HCPCS","","","facility","both","","","","492.78","492.78","","","","","","","","","","","","","Gross Charge Type: Main Acute Price List"
"BALLOON, NC TREK NEO CORONARY DILATION RAPID- EXCHANGE 2.25 mm x 20 mm","GastChSup119705","CDM","272","RC","C1725","HCPCS","","","facility","both","","","","492.78","492.78","","","","","","","","","","","","","Gross Charge Type: Main Acute Price List"
"BALLOON, NC TREK NEO CORONARY DILATION RAPID- EXCHANGE 2.25 mm x 8 mm","ScorChSup119702","CDM","272","RC","C1725","HCPCS","","","facility","both","","","","492.78","492.78","","","","","","","","","","","","","Gross Charge Type: Main Acute Price List"
"BALLOON, NC TREK NEO CORONARY DILATION RAPID- EXCHANGE 2.50 mm x 12 mm","OperChSup119708","CDM","272","RC","C1725","HCPCS","","","facility","both","","","","492.78","492.78","","","","","","","","","","","","","Gross Charge Type: Main Acute Price List"
"BALLOON, NC TREK NEO CORONARY DILATION RAPID- EXCHANGE 2.50 mm x 20 mm","EplbChSup119710","CDM","272","RC","C1725","HCPCS","","","facility","both","","","","492.78","492.78","","","","","","","","","","","","","Gross Charge Type: Main Acute Price List"
"BALLOON, NC TREK NEO CORONARY DILATION RAPID- EXCHANGE 2.50 mm x 20 mm","ScanChSup119710","CDM","272","RC","C1725","HCPCS","","","facility","both","","","","492.78","492.78","","","","","","","","","","","","","Gross Charge Type: Main Acute Price List"
"BALLOON, NC TREK NEO CORONARY DILATION RAPID- EXCHANGE 2.50 mm x 20 mm","ScorChSup119710","CDM","272","RC","C1725","HCPCS","","","facility","both","","","","492.78","492.78","","","","","","","","","","","","","Gross Charge Type: Main Acute Price List"
"BALLOON, NC TREK NEO CORONARY DILATION RAPID- EXCHANGE 2.50 mm x 25 mm","ScanChSup119711","CDM","272","RC","C1725","HCPCS","","","facility","both","","","","492.78","492.78","","","","","","","","","","","","","Gross Charge Type: Main Acute Price List"
"BALLOON, NC TREK NEO CORONARY DILATION RAPID- EXCHANGE 2.50 mm x 6 mm","GyscChSup119706","CDM","272","RC","C1725","HCPCS","","","facility","both","","","","463.36","463.36","","","","","","","","","","","","","Gross Charge Type: Main Acute Price List"
"BALLOON, NC TREK NEO CORONARY DILATION RAPID- EXCHANGE 2.50 mm x 6 mm","ScorChSup119706","CDM","272","RC","C1725","HCPCS","","","facility","both","","","","463.36","463.36","","","","","","","","","","","","","Gross Charge Type: Main Acute Price List"
"BALLOON, NC TREK NEO CORONARY DILATION RAPID- EXCHANGE 2.50 mm x 8 mm","GyscChSup119707","CDM","272","RC","C1725","HCPCS","","","facility","both","","","","463.36","463.36","","","","","","","","","","","","","Gross Charge Type: Main Acute Price List"
"BALLOON, NC TREK NEO CORONARY DILATION RAPID- EXCHANGE 2.50 mm x 8 mm","OperWmSup119707","CDM","272","RC","C1725","HCPCS","","","facility","both","","","","463.36","463.36","","","","","","","","","","","","","Gross Charge Type: Main Acute Price List"
"BALLOON, NC TREK NEO CORONARY DILATION RAPID- EXCHANGE 2.75 mm x 12 mm","GyscChSup119714","CDM","272","RC","C1725","HCPCS","","","facility","both","","","","492.78","492.78","","","","","","","","","","","","","Gross Charge Type: Main Acute Price List"
"BALLOON, NC TREK NEO CORONARY DILATION RAPID- EXCHANGE 2.75 mm x 15 mm","DelrChSup119715","CDM","272","RC","C1725","HCPCS","","","facility","both","","","","492.78","492.78","","","","","","","","","","","","","Gross Charge Type: Main Acute Price List"
"BALLOON, NC TREK NEO CORONARY DILATION RAPID- EXCHANGE 2.75 mm x 6 mm","GastWmSup119712","CDM","272","RC","C1725","HCPCS","","","facility","both","","","","463.36","463.36","","","","","","","","","","","","","Gross Charge Type: Main Acute Price List"
"BALLOON, NC TREK NEO CORONARY DILATION RAPID- EXCHANGE 2.75 mm x 8 mm","OperChSup119713","CDM","272","RC","C1725","HCPCS","","","facility","both","","","","492.78","492.78","","","","","","","","","","","","","Gross Charge Type: Main Acute Price List"
"BALLOON, NC TREK NEO CORONARY DILATION RAPID- EXCHANGE 3.00 mm x 12 mm","GastChSup119719","CDM","272","RC","C1725","HCPCS","","","facility","both","","","","492.78","492.78","","","","","","","","","","","","","Gross Charge Type: Main Acute Price List"
"BALLOON, NC TREK NEO CORONARY DILATION RAPID- EXCHANGE 3.00 mm x 12 mm","GyscChSup119719","CDM","272","RC","C1725","HCPCS","","","facility","both","","","","492.78","492.78","","","","","","","","","","","","","Gross Charge Type: Main Acute Price List"
"BALLOON, NC TREK NEO CORONARY DILATION RAPID- EXCHANGE 3.00 mm x 15 mm","OperWmSup119720","CDM","272","RC","C1725","HCPCS","","","facility","both","","","","492.78","492.78","","","","","","","","","","","","","Gross Charge Type: Main Acute Price List"
"BALLOON, NC TREK NEO CORONARY DILATION RAPID- EXCHANGE 3.00 mm x 20 mm","AnesChSup119721","CDM","272","RC","C1725","HCPCS","","","facility","both","","","","492.78","492.78","","","","","","","","","","","","","Gross Charge Type: Main Acute Price List"
"BALLOON, NC TREK NEO CORONARY DILATION RAPID- EXCHANGE 3.00 mm x 20 mm","OperWmSup119721","CDM","272","RC","C1725","HCPCS","","","facility","both","","","","492.78","492.78","","","","","","","","","","","","","Gross Charge Type: Main Acute Price List"
"BALLOON, NC TREK NEO CORONARY DILATION RAPID- EXCHANGE 3.00 mm x 25 mm","AngiChSup119722","CDM","272","RC","C1725","HCPCS","","","facility","both","","","","492.78","492.78","","","","","","","","","","","","","Gross Charge Type: Main Acute Price List"
"BALLOON, NC TREK NEO CORONARY DILATION RAPID- EXCHANGE 3.00 mm x 8 mm","ScanChSup119718","CDM","272","RC","C1725","HCPCS","","","facility","both","","","","463.36","463.36","","","","","","","","","","","","","Gross Charge Type: Main Acute Price List"
"BALLOON, NC TREK NEO CORONARY DILATION RAPID- EXCHANGE 3.25 mm x 15 mm","OperWmSup119726","CDM","272","RC","C1725","HCPCS","","","facility","both","","","","492.78","492.78","","","","","","","","","","","","","Gross Charge Type: Main Acute Price List"
"BALLOON, NC TREK NEO CORONARY DILATION RAPID- EXCHANGE 3.25 mm x 6 mm","ScorWmSup119723","CDM","272","RC","C1725","HCPCS","","","facility","both","","","","463.36","463.36","","","","","","","","","","","","","Gross Charge Type: Main Acute Price List"
"BALLOON, NC TREK NEO CORONARY DILATION RAPID- EXCHANGE 3.25 mm x 6 mm","ScpuChSup119723","CDM","272","RC","C1725","HCPCS","","","facility","both","","","","463.36","463.36","","","","","","","","","","","","","Gross Charge Type: Main Acute Price List"
"BALLOON, NC TREK NEO CORONARY DILATION RAPID- EXCHANGE 3.50 mm x 12 mm","CcthChSup119730","CDM","272","RC","C1725","HCPCS","","","facility","both","","","","492.78","492.78","","","","","","","","","","","","","Gross Charge Type: Main Acute Price List"
"BALLOON, NC TREK NEO CORONARY DILATION RAPID- EXCHANGE 3.50 mm x 15 mm","ScanChSup119731","CDM","272","RC","C1725","HCPCS","","","facility","both","","","","492.78","492.78","","","","","","","","","","","","","Gross Charge Type: Main Acute Price List"
"BALLOON, NC TREK NEO CORONARY DILATION RAPID- EXCHANGE 3.50 mm x 20 mm","AngiChSup119732","CDM","272","RC","C1725","HCPCS","","","facility","both","","","","463.36","463.36","","","","","","","","","","","","","Gross Charge Type: Main Acute Price List"
"BALLOON, NC TREK NEO CORONARY DILATION RAPID- EXCHANGE 3.75 mm x 12 mm","OperChSup119735","CDM","272","RC","C1725","HCPCS","","","facility","both","","","","492.78","492.78","","","","","","","","","","","","","Gross Charge Type: Main Acute Price List"
"BALLOON, NC TREK NEO CORONARY DILATION RAPID- EXCHANGE 3.75 mm x 12 mm","PacuChSup119735","CDM","272","RC","C1725","HCPCS","","","facility","both","","","","492.78","492.78","","","","","","","","","","","","","Gross Charge Type: Main Acute Price List"
"BALLOON, NC TREK NEO CORONARY DILATION RAPID- EXCHANGE 3.75 mm x 12 mm","ScpuChSup119735","CDM","272","RC","C1725","HCPCS","","","facility","both","","","","492.78","492.78","","","","","","","","","","","","","Gross Charge Type: Main Acute Price List"
"BALLOON, NC TREK NEO CORONARY DILATION RAPID- EXCHANGE 3.75 mm x 8 mm","AngiChSup119734","CDM","272","RC","C1725","HCPCS","","","facility","both","","","","463.36","463.36","","","","","","","","","","","","","Gross Charge Type: Main Acute Price List"
"BALLOON, NC TREK NEO CORONARY DILATION RAPID- EXCHANGE 4.50 mm x 12 mm","DelrChSup119743","CDM","272","RC","C1725","HCPCS","","","facility","both","","","","492.78","492.78","","","","","","","","","","","","","Gross Charge Type: Main Acute Price List"
"BALLOON, NC TREK NEO CORONARY DILATION RAPID- EXCHANGE 4.50 mm x 15 mm","OperWmSup119744","CDM","272","RC","C1725","HCPCS","","","facility","both","","","","492.78","492.78","","","","","","","","","","","","","Gross Charge Type: Main Acute Price List"
"BALLOON, NC TREK NEO CORONARY DILATION RAPID- EXCHANGE 4.50 mm x 15 mm","ScanChSup119744","CDM","272","RC","C1725","HCPCS","","","facility","both","","","","492.78","492.78","","","","","","","","","","","","","Gross Charge Type: Main Acute Price List"
"BALLOON, NC TREK NEO CORONARY DILATION RAPID- EXCHANGE 4.50 mm x 8 mm","ScanWmSup119742","CDM","272","RC","C1725","HCPCS","","","facility","both","","","","463.36","463.36","","","","","","","","","","","","","Gross Charge Type: Main Acute Price List"
"BALLOON, NC TREK NEO CORONARY DILATION RAPID- EXCHANGE 5.00 mm x 12 mm","AngiChSup119747","CDM","272","RC","C1725","HCPCS","","","facility","both","","","","463.36","463.36","","","","","","","","","","","","","Gross Charge Type: Main Acute Price List"
"BALLOON, NC TREK NEO CORONARY DILATION RAPID- EXCHANGE 5.00 mm x 8 mm","ScanWmSup119746","CDM","272","RC","C1725","HCPCS","","","facility","both","","","","463.36","463.36","","","","","","","","","","","","","Gross Charge Type: Main Acute Price List"
"BALLOON, NC TREK NEO CORONARY DILATION RAPID- EXCHANGE 5.50 mm x 15 mm","AngiChSup119751","CDM","272","RC","C1725","HCPCS","","","facility","both","","","","492.78","492.78","","","","","","","","","","","","","Gross Charge Type: Main Acute Price List"
"BALLOON, NC TREK NEO CORONARY DILATION RAPID- EXCHANGE 5.50 mm x 20 mm","OperWmSup119752","CDM","272","RC","C1725","HCPCS","","","facility","both","","","","463.36","463.36","","","","","","","","","","","","","Gross Charge Type: Main Acute Price List"
"BALLOON, NC TREK NEO CORONARY DILATION RAPID- EXCHANGE 5.50 mm x 20 mm","ScorChSup119752","CDM","272","RC","C1725","HCPCS","","","facility","both","","","","463.36","463.36","","","","","","","","","","","","","Gross Charge Type: Main Acute Price List"
"BALLOON, NC TREK NEO CORONARY DILATION RAPID- EXCHANGE 6.00 mm x 20 mm","GastChSup119755","CDM","272","RC","C1725","HCPCS","","","facility","both","","","","463.36","463.36","","","","","","","","","","","","","Gross Charge Type: Main Acute Price List"
"BALLOON, NC TREK RX 2.00 X 15MM BDC","GastWmSup47653","CDM","272","RC","C1725","HCPCS","","","facility","both","","","","492.78","492.78","","","","","","","","","","","","","Gross Charge Type: Main Acute Price List"
"BALLOON, NC TREK RX 2.00 X 15MM BDC","ScanChSup47653","CDM","272","RC","C1725","HCPCS","","","facility","both","","","","492.78","492.78","","","","","","","","","","","","","Gross Charge Type: Main Acute Price List"
"BALLOON, NC TREK RX 2.00 X 8MM BDC","ScpuChSup47651","CDM","272","RC","C1725","HCPCS","","","facility","both","","","","463.36","463.36","","","","","","","","","","","","","Gross Charge Type: Main Acute Price List"
"BALLOON, NC TREK RX 2.50 X 20MM BDC","CcthChSup47658","CDM","272","RC","C1725","HCPCS","","","facility","both","","","","492.78","492.78","","","","","","","","","","","","","Gross Charge Type: Main Acute Price List"
"BALLOON, NC TREK RX 3.00 X 12MM BDC","PacuChSup47662","CDM","272","RC","C1725","HCPCS","","","facility","both","","","","492.78","492.78","","","","","","","","","","","","","Gross Charge Type: Main Acute Price List"
"BALLOON, NC TREK RX 3.00 X 12MM BDC","ScpuWmSup47662","CDM","272","RC","C1725","HCPCS","","","facility","both","","","","492.78","492.78","","","","","","","","","","","","","Gross Charge Type: Main Acute Price List"
"BALLOON, NC TREK RX 3.25 X 15MM BDC","OperChSup47665","CDM","272","RC","C1725","HCPCS","","","facility","both","","","","492.78","492.78","","","","","","","","","","","","","Gross Charge Type: Main Acute Price List"
"BALLOON, NC TREK RX 3.25 X 8MM BDC","GyscChSup47664","CDM","272","RC","C1725","HCPCS","","","facility","both","","","","492.78","492.78","","","","","","","","","","","","","Gross Charge Type: Main Acute Price List"
"BALLOON, NC TREK RX 3.25 X 8MM BDC","OperChSup47664","CDM","272","RC","C1725","HCPCS","","","facility","both","","","","492.78","492.78","","","","","","","","","","","","","Gross Charge Type: Main Acute Price List"
"BALLOON, OCCLUDING COLPO-PNEUMO","ScanWmSup22110","CDM","270","RC","","","","","facility","both","","","","487.64","487.64","","","","","","","","","","","","","Gross Charge Type: Main Acute Price List"
"BALLOON, PACIFIC XTREME 4.0 X 200 X 130","ScanWmSup47041","CDM","272","RC","C1725","HCPCS","","","facility","both","","","","955.67","955.67","","","","","","","","","","","","","Gross Charge Type: Main Acute Price List"
"BALLOON, PACIFIC XTREME 5.0 X 200 X 130","GastChSup47045","CDM","272","RC","C1725","HCPCS","","","facility","both","","","","955.67","955.67","","","","","","","","","","","","","Gross Charge Type: Main Acute Price List"
"BALLOON, RANGER GLOBAL DCB OTW 4.0 X 100MM 135CM","EplbChSup108146","CDM","272","RC","C1725","HCPCS","","","facility","both","","","","8315.65","8315.65","","","","","","","","","","","","","Gross Charge Type: Main Acute Price List"
"BALLOON, RANGER GLOBAL DCB OTW 4.0 X 100MM 135CM","ScanChSup108146","CDM","272","RC","C1725","HCPCS","","","facility","both","","","","8315.65","8315.65","","","","","","","","","","","","","Gross Charge Type: Main Acute Price List"
"BALLOON, RANGER GLOBAL DCB OTW 4.0 X 120MM 150CM","GyscChSup108148","CDM","272","RC","C1725","HCPCS","","","facility","both","","","","8931.62","8931.62","","","","","","","","","","","","","Gross Charge Type: Main Acute Price List"
"BALLOON, RANGER GLOBAL DCB OTW 4.0 X 120MM 150CM","ScpuChSup108148","CDM","272","RC","C1725","HCPCS","","","facility","both","","","","8931.62","8931.62","","","","","","","","","","","","","Gross Charge Type: Main Acute Price List"
"BALLOON, RANGER GLOBAL DCB OTW 4.0 X 60MM 135CM","ScpuChSup108142","CDM","272","RC","C1725","HCPCS","","","facility","both","","","","8315.65","8315.65","","","","","","","","","","","","","Gross Charge Type: Main Acute Price List"
"BALLOON, RANGER GLOBAL DCB OTW 4.0 X 60MM 80CM","ScanWmSup108143","CDM","272","RC","C1725","HCPCS","","","facility","both","","","","7819.13","7819.13","","","","","","","","","","","","","Gross Charge Type: Main Acute Price List"
"BALLOON, RANGER GLOBAL DCB OTW 4.0 X 80MM 135CM","AngiChSup108144","CDM","272","RC","C1725","HCPCS","","","facility","both","","","","8315.65","8315.65","","","","","","","","","","","","","Gross Charge Type: Main Acute Price List"
"BALLOON, RANGER GLOBAL DCB OTW 5.0 X 100MM 80CM","ScanChSup108160","CDM","272","RC","C1725","HCPCS","","","facility","both","","","","7819.13","7819.13","","","","","","","","","","","","","Gross Charge Type: Main Acute Price List"
"BALLOON, RANGER GLOBAL DCB OTW 5.0 X 200MM 150CM","CspuChSup108164","CDM","272","RC","C1725","HCPCS","","","facility","both","","","","13089.45","13089.45","","","","","","","","","","","","","Gross Charge Type: Main Acute Price List"
"BALLOON, RANGER GLOBAL DCB OTW 5.0 X 200MM 150CM","ScanChSup108164","CDM","272","RC","C1725","HCPCS","","","facility","both","","","","13089.45","13089.45","","","","","","","","","","","","","Gross Charge Type: Main Acute Price List"
"BALLOON, RANGER GLOBAL DCB OTW 5.0 X 40MM 135CM","CspuChSup108153","CDM","272","RC","C1725","HCPCS","","","facility","both","","","","8315.65","8315.65","","","","","","","","","","","","","Gross Charge Type: Main Acute Price List"
"BALLOON, RANGER GLOBAL DCB OTW 5.0 X 60MM 135CM","ScorWmSup108155","CDM","272","RC","C1725","HCPCS","","","facility","both","","","","8315.65","8315.65","","","","","","","","","","","","","Gross Charge Type: Main Acute Price List"
"BALLOON, RANGER GLOBAL DCB OTW 6.0 X 120MM 150CM","AngiWmSup108298","CDM","272","RC","C2623","HCPCS","","","facility","both","","","","8931.62","8931.62","","","","","","","","","","","","","Gross Charge Type: Main Acute Price List"
"BALLOON, RANGER GLOBAL DCB OTW 6.0 X 150MM 150CM","AngiChSup108299","CDM","272","RC","C2623","HCPCS","","","facility","both","","","","10440.75","10440.75","","","","","","","","","","","","","Gross Charge Type: Main Acute Price List"
"BALLOON, RANGER GLOBAL DCB OTW 6.0 X 60MM 135CM","ScanWmSup108292","CDM","272","RC","C2623","HCPCS","","","facility","both","","","","8315.65","8315.65","","","","","","","","","","","","","Gross Charge Type: Main Acute Price List"
"BALLOON, RANGER GLOBAL DCB OTW 6.0 X 60MM 80CM","AnesChSup108293","CDM","272","RC","C2623","HCPCS","","","facility","both","","","","8315.65","8315.65","","","","","","","","","","","","","Gross Charge Type: Main Acute Price List"
"BALLOON, RANGER GLOBAL DCB OTW 6.0 X 60MM 80CM","ScpuWmSup108293","CDM","272","RC","C2623","HCPCS","","","facility","both","","","","8315.65","8315.65","","","","","","","","","","","","","Gross Charge Type: Main Acute Price List"
"BALLOON, RANGER GLOBAL DCB OTW 6.0 X 80MM 135CM","OperChSup108294","CDM","272","RC","C2623","HCPCS","","","facility","both","","","","8315.65","8315.65","","","","","","","","","","","","","Gross Charge Type: Main Acute Price List"
"BALLOON, RANGER GLOBAL DCB OTW 7.0 X 100MM 135CM","ScanWmSup108309","CDM","272","RC","C2623","HCPCS","","","facility","both","","","","8315.65","8315.65","","","","","","","","","","","","","Gross Charge Type: Main Acute Price List"
"BALLOON, RANGER GLOBAL DCB OTW 7.0 X 150MM 150CM","PacuWmSup108312","CDM","272","RC","C2623","HCPCS","","","facility","both","","","","10440.75","10440.75","","","","","","","","","","","","","Gross Charge Type: Main Acute Price List"
"BALLOON, RANGER GLOBAL DCB OTW 7.0 X 80MM 135CM","EplbChSup108307","CDM","272","RC","C2623","HCPCS","","","facility","both","","","","8315.65","8315.65","","","","","","","","","","","","","Gross Charge Type: Main Acute Price List"
"BALLOON, RANGER GLOBAL DCB OTW 7.0 X 80MM 135CM","OperWmSup108307","CDM","272","RC","C2623","HCPCS","","","facility","both","","","","8315.65","8315.65","","","","","","","","","","","","","Gross Charge Type: Main Acute Price List"
"BALLOON, RANGER GLOBAL DCB OTW 7.0 X 80MM 135CM","ScpuChSup108307","CDM","272","RC","C2623","HCPCS","","","facility","both","","","","8315.65","8315.65","","","","","","","","","","","","","Gross Charge Type: Main Acute Price List"
"BALLOON, RANGER GLOBAL DCB OTW 7.0 X 80MM 80CM","AnesWmSup108308","CDM","272","RC","C2623","HCPCS","","","facility","both","","","","7819.13","7819.13","","","","","","","","","","","","","Gross Charge Type: Main Acute Price List"
"BALLOON, RANGER GLOBAL DCB OTW 7.0 X 80MM 80CM","DelrChSup108308","CDM","272","RC","C2623","HCPCS","","","facility","both","","","","7819.13","7819.13","","","","","","","","","","","","","Gross Charge Type: Main Acute Price List"
"BALLOON, RX DILATATION 4-4/5.8/180","GastChSup26160","CDM","272","RC","C1726","HCPCS","","","facility","both","","","","1437.87","1437.87","","","","","","","","","","","","","Gross Charge Type: Main Acute Price List"
"BALLOON, RX DILATATION 4-4/5.8/180","OperWmSup26160","CDM","272","RC","C1726","HCPCS","","","facility","both","","","","1437.87","1437.87","","","","","","","","","","","","","Gross Charge Type: Main Acute Price List"
"BALLOON, RX DILATATION 8-4/5.8/180","OperChSup26162","CDM","272","RC","C1726","HCPCS","","","facility","both","","","","1437.87","1437.87","","","","","","","","","","","","","Gross Charge Type: Main Acute Price List"
"BALLOON, SAPPHIRE II PROSZ 1.0 X 5MM","DelrChSup112353","CDM","272","RC","C1725","HCPCS","","","facility","both","","","","1231.94","1231.94","","","","","","","","","","","","","Gross Charge Type: Main Acute Price List"
"BALLOON, SC EUPHORA RX 1.5 X 10MM","AnesChSup67116","CDM","272","RC","C1725","HCPCS","","","facility","both","","","","550.24","550.24","","","","","","","","","","","","","Gross Charge Type: Main Acute Price List"
"BALLOON, SC EUPHORA RX 2.0 X 10MM","GastWmSup67120","CDM","272","RC","C1725","HCPCS","","","facility","both","","","","585.18","585.18","","","","","","","","","","","","","Gross Charge Type: Main Acute Price List"
"BALLOON, SC EUPHORA RX 2.0 X 10MM","ScorWmSup67120","CDM","272","RC","C1725","HCPCS","","","facility","both","","","","585.18","585.18","","","","","","","","","","","","","Gross Charge Type: Main Acute Price List"
"BALLOON, SC EUPHORA RX 2.0 X 15MM","OperChSup67122","CDM","272","RC","C1725","HCPCS","","","facility","both","","","","585.18","585.18","","","","","","","","","","","","","Gross Charge Type: Main Acute Price List"
"BALLOON, SC EUPHORA RX 2.0 X 20MM","ScanChSup67123","CDM","272","RC","C1725","HCPCS","","","facility","both","","","","585.18","585.18","","","","","","","","","","","","","Gross Charge Type: Main Acute Price List"
"BALLOON, SC EUPHORA RX 2.5 X 15MM","ScpuWmSup67126","CDM","272","RC","C1725","HCPCS","","","facility","both","","","","585.18","585.18","","","","","","","","","","","","","Gross Charge Type: Main Acute Price List"
"BALLOON, SC EUPHORA RX 2.5 X 20MM","EplbChSup67127","CDM","272","RC","C1725","HCPCS","","","facility","both","","","","585.18","585.18","","","","","","","","","","","","","Gross Charge Type: Main Acute Price List"
"BALLOON, SC EUPHORA RX 2.5 X 20MM","ScpuWmSup67127","CDM","272","RC","C1725","HCPCS","","","facility","both","","","","585.18","585.18","","","","","","","","","","","","","Gross Charge Type: Main Acute Price List"
"BALLOON, SC EUPHORA RX 3.0 X 10MM","OperChSup67128","CDM","272","RC","C1725","HCPCS","","","facility","both","","","","550.24","550.24","","","","","","","","","","","","","Gross Charge Type: Main Acute Price List"
"BALLOON, SC EUPHORA RX 3.0 X 15MM","CLDRChSup67130","CDM","272","RC","C1725","HCPCS","","","facility","both","","","","585.18","585.18","","","","","","","","","","","","","Gross Charge Type: Main Acute Price List"
"BALLOON, SC EUPHORA RX 3.5 X 15MM","GyscChSup67134","CDM","272","RC","C1725","HCPCS","","","facility","both","","","","585.18","585.18","","","","","","","","","","","","","Gross Charge Type: Main Acute Price List"
"BALLOON, SC EUPHORA RX 4.0 X 10MM","EplbChSup67136","CDM","272","RC","C1725","HCPCS","","","facility","both","","","","550.24","550.24","","","","","","","","","","","","","Gross Charge Type: Main Acute Price List"
"BALLOON, SINUS RELIEVA SPIN PLUS NAV 6X16MM","DelrChSup115754","CDM","272","RC","C1726","HCPCS","","","facility","both","","","","13391.27","13391.27","","","","","","","","","","","","","Gross Charge Type: Main Acute Price List"
"BALLOON, SIZING II 24MM","EplbChSup25231","CDM","272","RC","C1726","HCPCS","","","facility","both","","","","2155.91","2155.91","","","","","","","","","","","","","Gross Charge Type: Main Acute Price List"
"BALLOON, TREK 2.50 MM X 30MM RAPID EXCHANGE","Wilm5447671","CDM","272","RC","C1725","HCPCS","","","facility","both","","","","492.78","492.78","","","","","","","","","","","","","Gross Charge Type: Main Acute Price List"
"BALLOON, TREK 3.00MM X 30MM RAPID EXCHANGE","CcthChSup47672","CDM","272","RC","C1725","HCPCS","","","facility","both","","","","492.78","492.78","","","","","","","","","","","","","Gross Charge Type: Main Acute Price List"
"BALLOON, TREK 3.00MM X 30MM RAPID EXCHANGE","PacuChSup47672","CDM","272","RC","C1725","HCPCS","","","facility","both","","","","492.78","492.78","","","","","","","","","","","","","Gross Charge Type: Main Acute Price List"
"BALLOON, TREK 4.0MM X 30MM RAPID EXCHANGE","ScorWmSup47675","CDM","272","RC","C1725","HCPCS","","","facility","both","","","","492.78","492.78","","","","","","","","","","","","","Gross Charge Type: Main Acute Price List"
"BALLOON, ULTRASCORE .014 PTA 2MM X 200MM X 150CM","AnesChSup78060","CDM","272","RC","C1725","HCPCS","","","facility","both","","","","3764.77","3764.77","","","","","","","","","","","","","Gross Charge Type: Main Acute Price List"
"BALLOON, ULTRASCORE .014 PTA 2MM X 200MM X 150CM","ScorChSup78060","CDM","272","RC","C1725","HCPCS","","","facility","both","","","","3764.77","3764.77","","","","","","","","","","","","","Gross Charge Type: Main Acute Price List"
"BALLOON, ULTRASCORE .014 PTA 2MM X 40MM X 150CM","ScorChSup78058","CDM","272","RC","C1725","HCPCS","","","facility","both","","","","3877.72","3877.72","","","","","","","","","","","","","Gross Charge Type: Main Acute Price List"
"BALLOON, ULTRASCORE .014 PTA 2MM X 40MM X 150CM","ScorWmSup78058","CDM","272","RC","C1725","HCPCS","","","facility","both","","","","3877.72","3877.72","","","","","","","","","","","","","Gross Charge Type: Main Acute Price List"
"BALLOON, ULTRASCORE .014 PTA 3MM X 150MM X 150CM","EplbChSup78063","CDM","272","RC","C1725","HCPCS","","","facility","both","","","","4123.95","4123.95","","","","","","","","","","","","","Gross Charge Type: Main Acute Price List"
"BALLOON, ULTRASCORE .014 PTA 5MM X 300MM X 150CM","DelrChSup78073","CDM","272","RC","C1725","HCPCS","","","facility","both","","","","4123.95","4123.95","","","","","","","","","","","","","Gross Charge Type: Main Acute Price List"
"BALLOON, ULTRASCORE .014 PTA 5MM X 40MM X 150CM","AnesChSup78070","CDM","272","RC","C1725","HCPCS","","","facility","both","","","","3764.77","3764.77","","","","","","","","","","","","","Gross Charge Type: Main Acute Price List"
"BALLOON, ULTRASCORE .014 PTA 5MM X 40MM X 150CM","CLDRChSup78070","CDM","272","RC","C1725","HCPCS","","","facility","both","","","","3764.77","3764.77","","","","","","","","","","","","","Gross Charge Type: Main Acute Price List"
"BALLOON, ULTRASCORE .014 PTA 5MM X 40MM X 150CM","CcthChSup78070","CDM","272","RC","C1725","HCPCS","","","facility","both","","","","3764.77","3764.77","","","","","","","","","","","","","Gross Charge Type: Main Acute Price List"
"BALLOON, ULTRASCORE .014 PTA 6MM X 300MM X 150CM","GastWmSup78077","CDM","272","RC","C1725","HCPCS","","","facility","both","","","","3764.77","3764.77","","","","","","","","","","","","","Gross Charge Type: Main Acute Price List"
"BALLOON, ULTRASCORE .035 PTA 5X40X130","OperWmSup74597","CDM","272","RC","C1725","HCPCS","","","facility","both","","","","3764.77","3764.77","","","","","","","","","","","","","Gross Charge Type: Main Acute Price List"
"BALLOON, ULTRASCORE .035 PTA 5X40X130","ScorChSup74597","CDM","272","RC","C1725","HCPCS","","","facility","both","","","","3764.77","3764.77","","","","","","","","","","","","","Gross Charge Type: Main Acute Price List"
"BALLOON, ULTRASCORE .035 PTA 5X80X130","OperWmSup74598","CDM","272","RC","C1725","HCPCS","","","facility","both","","","","3764.77","3764.77","","","","","","","","","","","","","Gross Charge Type: Main Acute Price List"
"BALLOON, ULTRASCORE .035 PTA 6X300X130","DelrChSup74606","CDM","272","RC","C1725","HCPCS","","","facility","both","","","","4123.95","4123.95","","","","","","","","","","","","","Gross Charge Type: Main Acute Price List"
"BALLOON, ULTRASCORE .035 PTA 6X40X130","GastChSup74602","CDM","272","RC","C1725","HCPCS","","","facility","both","","","","3764.77","3764.77","","","","","","","","","","","","","Gross Charge Type: Main Acute Price List"
"BALLOON, ULTRASCORE .035 PTA 6X40X130","ScorChSup74602","CDM","272","RC","C1725","HCPCS","","","facility","both","","","","3764.77","3764.77","","","","","","","","","","","","","Gross Charge Type: Main Acute Price List"
"BALLOON, ULTRASCORE .035 PTA 7X100X130","GastWmSup74608","CDM","272","RC","C1725","HCPCS","","","facility","both","","","","3764.77","3764.77","","","","","","","","","","","","","Gross Charge Type: Main Acute Price List"
"BALLOON, ULTRASCORE .035 PTA 8X200X130","GyscChSup74612","CDM","272","RC","C1725","HCPCS","","","facility","both","","","","4123.95","4123.95","","","","","","","","","","","","","Gross Charge Type: Main Acute Price List"
"BALLOON, ULTRASCORE .035 PTA 8X40X130","PacuChSup74610","CDM","272","RC","C1725","HCPCS","","","facility","both","","","","3877.72","3877.72","","","","","","","","","","","","","Gross Charge Type: Main Acute Price List"
"BALLOON,.018 PACIFIC XTR LG 3 X 150 X180","CspuChSup60432","CDM","272","RC","C1725","HCPCS","","","facility","both","","","","839.83","839.83","","","","","","","","","","","","","Gross Charge Type: Main Acute Price List"
"BALLOON,.018 PACIFIC XTR LG 3 X 150 X180","EplbChSup60432","CDM","272","RC","C1725","HCPCS","","","facility","both","","","","839.83","839.83","","","","","","","","","","","","","Gross Charge Type: Main Acute Price List"
"BALLOON,.018 PACIFIC XTR LG 3 X 150 X180","ScpuWmSup60432","CDM","272","RC","C1725","HCPCS","","","facility","both","","","","839.83","839.83","","","","","","","","","","","","","Gross Charge Type: Main Acute Price List"
"BALLOON,.018 PACIFIC XTR LG 3 X 80 X180","AngiChSup60431","CDM","272","RC","C1725","HCPCS","","","facility","both","","","","839.83","839.83","","","","","","","","","","","","","Gross Charge Type: Main Acute Price List"
"BALLOON,.018 PACIFIC XTR LG 3 X 80 X180","ScorWmSup60431","CDM","272","RC","C1725","HCPCS","","","facility","both","","","","839.83","839.83","","","","","","","","","","","","","Gross Charge Type: Main Acute Price List"
"BALLOON,COYOTE MR 2.5X100X150","GastWmSup48802","CDM","272","RC","C1725","HCPCS","","","facility","both","","","","1036.76","1036.76","","","","","","","","","","","","","Gross Charge Type: Main Acute Price List"
"BALLOON,COYOTE MR 2.5X150X150","ScpuWmSup48803","CDM","272","RC","C1725","HCPCS","","","facility","both","","","","1102.59","1102.59","","","","","","","","","","","","","Gross Charge Type: Main Acute Price List"
"BALLOON,COYOTE MR 2X220X150","CspuChSup48801","CDM","272","RC","C1725","HCPCS","","","facility","both","","","","1097.58","1097.58","","","","","","","","","","","","","Gross Charge Type: Main Acute Price List"
"BALLOON,COYOTE MR 2X220X150","OperChSup48801","CDM","272","RC","C1725","HCPCS","","","facility","both","","","","1097.58","1097.58","","","","","","","","","","","","","Gross Charge Type: Main Acute Price List"
"BALLOON,COYOTE MR 2X220X150","ScpuWmSup48801","CDM","272","RC","C1725","HCPCS","","","facility","both","","","","1097.58","1097.58","","","","","","","","","","","","","Gross Charge Type: Main Acute Price List"
"BALLOON,COYOTE MR 3.5X150X150","ScanWmSup48809","CDM","272","RC","C1725","HCPCS","","","facility","both","","","","1036.76","1036.76","","","","","","","","","","","","","Gross Charge Type: Main Acute Price List"
"BALLOON,COYOTE MR 3X100X150","GyscChSup48805","CDM","272","RC","C1725","HCPCS","","","facility","both","","","","1102.59","1102.59","","","","","","","","","","","","","Gross Charge Type: Main Acute Price List"
"BALLOON,COYOTE MR 3X220X150","ScanWmSup48807","CDM","272","RC","C1725","HCPCS","","","facility","both","","","","1167.27","1167.27","","","","","","","","","","","","","Gross Charge Type: Main Acute Price List"
"BALLOON,COYOTE MR 4X100X150","OperChSup48811","CDM","272","RC","C1725","HCPCS","","","facility","both","","","","1102.59","1102.59","","","","","","","","","","","","","Gross Charge Type: Main Acute Price List"
"BALLOON,COYOTE MR 4X150X150","AngiChSup48812","CDM","272","RC","C1725","HCPCS","","","facility","both","","","","1036.76","1036.76","","","","","","","","","","","","","Gross Charge Type: Main Acute Price List"
"BALLOON,DE INPACT ADMIRAL CATH 6X120X130","ScorWmSup61962","CDM","272","RC","C1725","HCPCS","","","facility","both","","","","9035.44","9035.44","","","","","","","","","","","","","Gross Charge Type: Main Acute Price List"
"BALLOON,LUTONIX DC .035 5MMX120MMX130CM","PacuChSup64421","CDM","272","RC","C2623","HCPCS","","","facility","both","","","","8592.84","8592.84","","","","","","","","","","","","","Gross Charge Type: Main Acute Price List"
"BALLOON,LUTONIX DC .035 5MMx150MMX130CM","ScanWmSup64422","CDM","272","RC","C2623","HCPCS","","","facility","both","","","","9424.4","9424.4","","","","","","","","","","","","","Gross Charge Type: Main Acute Price List"
"BALLOON,MUSSTANG 7.0X100 135CM","ScanChSup48765","CDM","272","RC","C1725","HCPCS","","","facility","both","","","","1139.55","1139.55","","","","","","","","","","","","","Gross Charge Type: Main Acute Price List"
"BALLOON,MUSTANG 10.0X20 135CM","AngiChSup48770","CDM","272","RC","C1725","HCPCS","","","facility","both","","","","1139.55","1139.55","","","","","","","","","","","","","Gross Charge Type: Main Acute Price List"
"BALLOON,MUSTANG 10.0X20 75CM","Wilm5448792","CDM","272","RC","C1725","HCPCS","","","facility","both","","","","1139.55","1139.55","","","","","","","","","","","","","Gross Charge Type: Main Acute Price List"
"BALLOON,MUSTANG 3.0X40 135CM","CspuChSup48745","CDM","272","RC","C1725","HCPCS","","","facility","both","","","","1139.55","1139.55","","","","","","","","","","","","","Gross Charge Type: Main Acute Price List"
"BALLOON,MUSTANG 3.0X40 135CM","ScanChSup48745","CDM","272","RC","C1725","HCPCS","","","facility","both","","","","1139.55","1139.55","","","","","","","","","","","","","Gross Charge Type: Main Acute Price List"
"BALLOON,MUSTANG 4.0X100 135CM","EplbChSup48748","CDM","272","RC","C1725","HCPCS","","","facility","both","","","","1139.55","1139.55","","","","","","","","","","","","","Gross Charge Type: Main Acute Price List"
"BALLOON,MUSTANG 4.0X150 135CM","CcthChSup48749","CDM","272","RC","C1725","HCPCS","","","facility","both","","","","1287.38","1287.38","","","","","","","","","","","","","Gross Charge Type: Main Acute Price List"
"BALLOON,MUSTANG 4.0X150 135CM","ScpuChSup48749","CDM","272","RC","C1725","HCPCS","","","facility","both","","","","1287.38","1287.38","","","","","","","","","","","","","Gross Charge Type: Main Acute Price List"
"BALLOON,MUSTANG 4.0X200 135CM","AngiWmSup48750","CDM","272","RC","C1725","HCPCS","","","facility","both","","","","1287.38","1287.38","","","","","","","","","","","","","Gross Charge Type: Main Acute Price List"
"BALLOON,MUSTANG 4.0X200 135CM","PacuChSup48750","CDM","272","RC","C1725","HCPCS","","","facility","both","","","","1287.38","1287.38","","","","","","","","","","","","","Gross Charge Type: Main Acute Price List"
"BALLOON,MUSTANG 4.0X200 135CM","ScpuWmSup48750","CDM","272","RC","C1725","HCPCS","","","facility","both","","","","1287.38","1287.38","","","","","","","","","","","","","Gross Charge Type: Main Acute Price List"
"BALLOON,MUSTANG 4.0X40 135CM","CspuChSup48747","CDM","272","RC","C1725","HCPCS","","","facility","both","","","","1139.55","1139.55","","","","","","","","","","","","","Gross Charge Type: Main Acute Price List"
"BALLOON,MUSTANG 4.0X40 75CM","CspuChSup48776","CDM","272","RC","C1725","HCPCS","","","facility","both","","","","1139.55","1139.55","","","","","","","","","","","","","Gross Charge Type: Main Acute Price List"
"BALLOON,MUSTANG 5.0X200 135CM","Wilm5448756","CDM","272","RC","C1725","HCPCS","","","facility","both","","","","1287.38","1287.38","","","","","","","","","","","","","Gross Charge Type: Main Acute Price List"
"BALLOON,MUSTANG 5.0X40 40CM","OperChSup48795","CDM","272","RC","C1725","HCPCS","","","facility","both","","","","1139.55","1139.55","","","","","","","","","","","","","Gross Charge Type: Main Acute Price List"
"BALLOON,MUSTANG 5.0X40 40CM","Wilm5448795","CDM","272","RC","C1725","HCPCS","","","facility","both","","","","1139.55","1139.55","","","","","","","","","","","","","Gross Charge Type: Main Acute Price List"
"BALLOON,MUSTANG 5.0X40 75CM","OperWmSup48779","CDM","272","RC","C1725","HCPCS","","","facility","both","","","","1139.55","1139.55","","","","","","","","","","","","","Gross Charge Type: Main Acute Price List"
"BALLOON,MUSTANG 5.0X80 135CM","AngiChSup48753","CDM","272","RC","C1725","HCPCS","","","facility","both","","","","1139.55","1139.55","","","","","","","","","","","","","Gross Charge Type: Main Acute Price List"
"BALLOON,MUSTANG 6.0X150 135CM","OperWmSup48761","CDM","272","RC","C1725","HCPCS","","","facility","both","","","","1139.55","1139.55","","","","","","","","","","","","","Gross Charge Type: Main Acute Price List"
"BALLOON,MUSTANG 6.0X20 135CM","ScpuWmSup48757","CDM","272","RC","C1725","HCPCS","","","facility","both","","","","1071.51","1071.51","","","","","","","","","","","","","Gross Charge Type: Main Acute Price List"
"BALLOON,MUSTANG 6.0X40 135CM","Chrs5448758","CDM","272","RC","C1725","HCPCS","","","facility","both","","","","1139.55","1139.55","","","","","","","","","","","","","Gross Charge Type: Main Acute Price List"
"BALLOON,MUSTANG 6.0X40 40CM","GastChSup48796","CDM","272","RC","C1725","HCPCS","","","facility","both","","","","1139.55","1139.55","","","","","","","","","","","","","Gross Charge Type: Main Acute Price List"
"BALLOON,MUSTANG 6.0X60 75CM","OperChSup48783","CDM","272","RC","C1725","HCPCS","","","facility","both","","","","1139.55","1139.55","","","","","","","","","","","","","Gross Charge Type: Main Acute Price List"
"BALLOON,MUSTANG 6.0X60 75CM","PacuChSup48783","CDM","272","RC","C1725","HCPCS","","","facility","both","","","","1139.55","1139.55","","","","","","","","","","","","","Gross Charge Type: Main Acute Price List"
"BALLOON,MUSTANG 6.0X60 75CM","ScpuChSup48783","CDM","272","RC","C1725","HCPCS","","","facility","both","","","","1139.55","1139.55","","","","","","","","","","","","","Gross Charge Type: Main Acute Price List"
"BALLOON,MUSTANG 7.0X100 75CM","PacuWmSup48786","CDM","272","RC","C1725","HCPCS","","","facility","both","","","","1139.55","1139.55","","","","","","","","","","","","","Gross Charge Type: Main Acute Price List"
"BALLOON,MUSTANG 7.0X40 75CM","OperChSup48785","CDM","272","RC","C1725","HCPCS","","","facility","both","","","","1139.55","1139.55","","","","","","","","","","","","","Gross Charge Type: Main Acute Price List"
"BALLOON,MUSTANG 7.0X60 135CM","ScanChSup48764","CDM","272","RC","C1725","HCPCS","","","facility","both","","","","1139.55","1139.55","","","","","","","","","","","","","Gross Charge Type: Main Acute Price List"
"BALLOON,MUSTANG 8.0X20 75CM","AngiChSup48787","CDM","272","RC","C1725","HCPCS","","","facility","both","","","","1139.55","1139.55","","","","","","","","","","","","","Gross Charge Type: Main Acute Price List"
"BALLOON,MUSTANG 8.0X20 75CM","ScpuWmSup48787","CDM","272","RC","C1725","HCPCS","","","facility","both","","","","1139.55","1139.55","","","","","","","","","","","","","Gross Charge Type: Main Acute Price List"
"BALLOON,MUSTANG 8.0X40 135CM","Wilm5448767","CDM","272","RC","C1725","HCPCS","","","facility","both","","","","1139.55","1139.55","","","","","","","","","","","","","Gross Charge Type: Main Acute Price List"
"BALLOON,MUSTANG 8.0X80 75CM","OperChSup48789","CDM","272","RC","C1725","HCPCS","","","facility","both","","","","1139.55","1139.55","","","","","","","","","","","","","Gross Charge Type: Main Acute Price List"
"BALLOON,MUSTANG 8.0X80 75CM","OperWmSup48789","CDM","272","RC","C1725","HCPCS","","","facility","both","","","","1139.55","1139.55","","","","","","","","","","","","","Gross Charge Type: Main Acute Price List"
"BALLOON,MUSTANG 9.0X40 135CM","GastChSup48769","CDM","272","RC","C1725","HCPCS","","","facility","both","","","","1071.51","1071.51","","","","","","","","","","","","","Gross Charge Type: Main Acute Price List"
"BALLOON,MUSTANG 9.0X40 75CM","GastChSup48791","CDM","272","RC","C1725","HCPCS","","","facility","both","","","","1139.55","1139.55","","","","","","","","","","","","","Gross Charge Type: Main Acute Price List"
"BALLOON,WOLVERINE CUTT MR 2.00MM X 10MM","GyscChSup75249","CDM","272","RC","C1725","HCPCS","","","facility","both","","","","4054.37","4054.37","","","","","","","","","","","","","Gross Charge Type: Main Acute Price List"
"BALLOON,WOLVERINE CUTT MR 2.00MM X 15MM","ScanWmSup75250","CDM","272","RC","C1725","HCPCS","","","facility","both","","","","4054.37","4054.37","","","","","","","","","","","","","Gross Charge Type: Main Acute Price List"
"BALLOON,WOLVERINE CUTT MR 2.50MM X 10MM","ScanWmSup75253","CDM","272","RC","C1725","HCPCS","","","facility","both","","","","4465.82","4465.82","","","","","","","","","","","","","Gross Charge Type: Main Acute Price List"
"BALLOON,WOLVERINE CUTT MR 2.50MM X 15MM","CspuChSup75254","CDM","272","RC","C1725","HCPCS","","","facility","both","","","","4311.82","4311.82","","","","","","","","","","","","","Gross Charge Type: Main Acute Price List"
"BALLOON,WOLVERINE CUTT MR 2.50MM X 6MM","CcthChSup75252","CDM","272","RC","C1725","HCPCS","","","facility","both","","","","4054.37","4054.37","","","","","","","","","","","","","Gross Charge Type: Main Acute Price List"
"BALLOON,WOLVERINE CUTT MR 2.75MM X 10MM","PacuChSup75256","CDM","272","RC","C1725","HCPCS","","","facility","both","","","","4054.37","4054.37","","","","","","","","","","","","","Gross Charge Type: Main Acute Price List"
"BALLOON,WOLVERINE CUTT MR 3.00MM X 10MM","OperWmSup75259","CDM","272","RC","C1725","HCPCS","","","facility","both","","","","4311.82","4311.82","","","","","","","","","","","","","Gross Charge Type: Main Acute Price List"
"BALLWIRE, 1.6MMX15CM LENGTH","ScorChSup62823","CDM","272","RC","","","","","facility","both","","","","600.58","600.58","","","","","","","","","","","","","Gross Charge Type: Main Acute Price List"
"BAND, FALOPE RING","ScanChSup5024","CDM","270","RC","","","","","facility","both","","","","545.84","545.84","","","","","","","","","","","","","Gross Charge Type: Main Acute Price List"
"BAND, RETENTION","AngiWmSup113230","CDM","270","RC","","","","","facility","both","","","","627.3","627.3","","","","","","","","","","","","","Gross Charge Type: Main Acute Price List"
"BANDAGE, CHIN SMALL","ScpuWmSup26472","CDM","270","RC","","","","","facility","both","","","","197.12","197.12","","","","","","","","","","","","","Gross Charge Type: Main Acute Price List"
"BANDAGE, TUBULAR ELASTIC 5/8IN X 5YD NS","Wilm5460998","CDM","270","RC","","","","","facility","both","","","","72.81","72.81","","","","","","","","","","","","","Gross Charge Type: Main Acute Price List"
"BANDAGE,1 WAY SHORT STR TOEBAN","HgsrCp42199","CDM","270","RC","","","","","facility","both","","","","5.92","5.92","","","","","","","","","","","","","Gross Charge Type: Main Acute Price List"
"BANDAGE,ELASTIC 2IN","PhytSp6","CDM","270","RC","","","","","facility","both","","","","14.69","14.69","","","","","","","","","","","","","Gross Charge Type: Main Acute Price List"
"BANDAGE,ELASTIC 4IN","PhytWm8","CDM","270","RC","","","","","facility","both","","","","16.08","16.08","","","","","","","","","","","","","Gross Charge Type: Main Acute Price List"
"BAR, CONNECT CAR.FILT 150MM","PacuWmSup6611","CDM","270","RC","","","","","facility","both","","","","1225.17","1225.17","","","","","","","","","","","","","Gross Charge Type: Main Acute Price List"
"BAR, CONNECT CAR.FILT 150MM","ScanWmSup6611","CDM","270","RC","","","","","facility","both","","","","1225.17","1225.17","","","","","","","","","","","","","Gross Charge Type: Main Acute Price List"
"BAR, CONNECT CAR.FILT 250MM","ScorChSup6613","CDM","270","RC","","","","","facility","both","","","","1313.88","1313.88","","","","","","","","","","","","","Gross Charge Type: Main Acute Price List"
"BAR, CONNECT CAR.FILT 300MM","GastChSup6614","CDM","270","RC","","","","","facility","both","","","","1313.88","1313.88","","","","","","","","","","","","","Gross Charge Type: Main Acute Price List"
"BAR, CONNECT CAR.FILT 350MM","ScpuWmSup6615","CDM","270","RC","","","","","facility","both","","","","1313.88","1313.88","","","","","","","","","","","","","Gross Charge Type: Main Acute Price List"
"BAR, PELVIC STABILIZATION","GyscChSup9154","CDM","272","RC","","","","","facility","both","","","","2895.98","2895.98","","","","","","","","","","","","","Gross Charge Type: Main Acute Price List"
"BARIUM, READI-CAT 2 450ml 2.1%","OperChSup18854","CDM","270","RC","","","","","facility","both","","","","20.41","20.41","","","","","","","","","","","","","Gross Charge Type: Main Acute Price List"
"BASE, PLATE ASSEMBLY","ScanWmSup78868","CDM","278","RC","C1713","HCPCS","","","facility","both","","","","39286.82","39286.82","","","","","","","","","","","","","Gross Charge Type: Main Acute Price List"
"BASEPLATE, AUGMENT 10 DEG FULL 24MM","ScorChSup118071","CDM","278","RC","C1776","HCPCS","","","facility","both","","","","13551.42","13551.42","","","","","","","","","","","","","Gross Charge Type: Main Acute Price List"
"BASEPLATE, AUGMENT 20DEG FULL STANDARD 24MM","DelrChSup115237","CDM","278","RC","C1776","HCPCS","","","facility","both","","","","18526.34","18526.34","","","","","","","","","","","","","Gross Charge Type: Main Acute Price List"
"BASEPLATE, AUGMENT 24MM +2 LATERALIZED STANDARD","OperChSup114999","CDM","278","RC","C1776","HCPCS","","","facility","both","","","","18526.34","18526.34","","","","","","","","","","","","","Gross Charge Type: Main Acute Price List"
"BASEPLATE, AUGMENT 24MM +2 LATERALIZED STANDARD","ScpuWmSup114999","CDM","278","RC","C1776","HCPCS","","","facility","both","","","","18526.34","18526.34","","","","","","","","","","","","","Gross Charge Type: Main Acute Price List"
"BASEPLATE, AUGMENT 24MM +2 LATERALIZED","GyscChSup109323","CDM","278","RC","C1776","HCPCS","","","facility","both","","","","13551.42","13551.42","","","","","","","","","","","","","Gross Charge Type: Main Acute Price List"
"BASEPLATE, AUGMENT 24MM","GyscChSup108859","CDM","278","RC","C1776","HCPCS","","","facility","both","","","","13551.42","13551.42","","","","","","","","","","","","","Gross Charge Type: Main Acute Price List"
"BASEPLATE, AUGMENTED LARGE UNCEMENTED","AngiChSup119078","CDM","278","RC","C1713","HCPCS","","","facility","both","","","","16169.31","16169.31","","","","","","","","","","","","","Gross Charge Type: Main Acute Price List"
"BASEPLATE, AUGMENTED LARGE UNCEMENTED","GyscChSup119078","CDM","278","RC","C1713","HCPCS","","","facility","both","","","","16169.31","16169.31","","","","","","","","","","","","","Gross Charge Type: Main Acute Price List"
"BASEPLATE, AUGMETN 10DEG FULL STANDARD 24MM","ScanWmSup115649","CDM","278","RC","C1776","HCPCS","","","facility","both","","","","18526.34","18526.34","","","","","","","","","","","","","Gross Charge Type: Main Acute Price List"
"BASEPLATE, ELBOW JOINT IJS-E ASSEMBLY PROXIMAL ULNA","OperChSup10194589","CDM","278","RC","C1766","HCPCS","","","facility","both","","","","35390.4","35390.4","","","","","","","","","","","","","Gross Charge Type: Main Acute Price List"
"BASEPLATE, FULL AUGMENT 24MM STANDARD","AnesWmSup114269","CDM","278","RC","C1776","HCPCS","","","facility","both","","","","18526.34","18526.34","","","","","","","","","","","","","Gross Charge Type: Main Acute Price List"
"BASEPLATE, FULL AUGMENT 24MM STANDARD","GastWmSup114269","CDM","278","RC","C1776","HCPCS","","","facility","both","","","","18526.34","18526.34","","","","","","","","","","","","","Gross Charge Type: Main Acute Price List"
"BASEPLATE, FULL AUGMENT 24MM","AngiWmSup109091","CDM","278","RC","C1776","HCPCS","","","facility","both","","","","13551.42","13551.42","","","","","","","","","","","","","Gross Charge Type: Main Acute Price List"
"BASEPLATE, MODULAR POST MGS 20MM","OperWmSup115387","CDM","278","RC","C1776","HCPCS","","","facility","both","","","","5500.01","5500.01","","","","","","","","","","","","","Gross Charge Type: Main Acute Price List"
"BASEPLATE, NON-MODULAR LONG TIBIAL OSS 71MM","AngiChSup119676","CDM","278","RC","C1713","HCPCS","","","facility","both","","","","14184.49","14184.49","","","","","","","","","","","","","Gross Charge Type: Main Acute Price List"
"BASEPLATE, NON-MODULAR LONG TIBIAL OSS 71MM","CcthChSup119676","CDM","278","RC","C1713","HCPCS","","","facility","both","","","","14184.49","14184.49","","","","","","","","","","","","","Gross Charge Type: Main Acute Price List"
"BASEPLATE, TIBIAL TRIATHLON REVISION SIZE 5","OperWmSup10194912","CDM","278","RC","C1776","HCPCS","","","facility","both","","","","25393.84","25393.84","","","","","","","","","","","","","Gross Charge Type: Main Acute Price List"
"BASEPLATE, UNIVERS REVERS MODULAR GLENIOD SYSTEM 24MM","AngiWmSup76630","CDM","278","RC","C1776","HCPCS","","","facility","both","","","","13551.42","13551.42","","","","","","","","","","","","","Gross Charge Type: Main Acute Price List"
"BASEPLATE, UNIVERS REVERS MODULAR GLENIOD SYSTEM 24MM","GyscChSup76630","CDM","278","RC","C1776","HCPCS","","","facility","both","","","","13551.42","13551.42","","","","","","","","","","","","","Gross Charge Type: Main Acute Price List"
"BASEPLATE, UNIVERS REVERS MODULAR GLENOID SYSTEM 24MM +2LAT","CspuChSup108067","CDM","278","RC","C1776","HCPCS","","","facility","both","","","","13551.42","13551.42","","","","","","","","","","","","","Gross Charge Type: Main Acute Price List"
"BASEPLATE, UNIVERS REVERS MODULAR GLENOID SYSTEM 24MM +2LAT","ScorChSup108067","CDM","278","RC","C1776","HCPCS","","","facility","both","","","","13551.42","13551.42","","","","","","","","","","","","","Gross Charge Type: Main Acute Price List"
"BASIC RADIO DOSIMETRY CALCULATION GLB","Ccic424552","CDM","330","RC","77300","HCPCS","","","facility","both","","","","820.49","820.49","","","","","","","","","","","","","Gross Charge Type: Main Acute Price List"
"BASKET, EXTRACTION WEB 3 X 6CM","GastWmSup27179","CDM","270","RC","","","","","facility","both","","","","1108.75","1108.75","","","","","","","","","","","","","Gross Charge Type: Main Acute Price List"
"BASKET, EXTRACTION WEB 3 X 6CM","ScorWmSup27179","CDM","270","RC","","","","","facility","both","","","","1108.75","1108.75","","","","","","","","","","","","","Gross Charge Type: Main Acute Price List"
"BASKET, HELICAL 3.OFR DISP","Chrs5495681","CDM","270","RC","","","","","facility","both","","","","891.96","891.96","","","","","","","","","","","","","Gross Charge Type: Main Acute Price List"
"BASKET, LITHOTRIPTER COMPATABLE 2.5","OperWmSup26218","CDM","270","RC","","","","","facility","both","","","","1570.74","1570.74","","","","","","","","","","","","","Gross Charge Type: Main Acute Price List"
"BASKET, LITHOTRIPTER COMPATABLE 3.0","GastWmSup26219","CDM","270","RC","","","","","facility","both","","","","1570.74","1570.74","","","","","","","","","","","","","Gross Charge Type: Main Acute Price List"
"BASKET, NITINOL 1.9 ZERO TIP","GastChSup64484","CDM","272","RC","","","","","facility","both","","","","1193.33","1193.33","","","","","","","","","","","","","Gross Charge Type: Main Acute Price List"
"BASKET, RX TRAPEZOID 2X4","GastWmSup26158","CDM","270","RC","","","","","facility","both","","","","1570.74","1570.74","","","","","","","","","","","","","Gross Charge Type: Main Acute Price List"
"BASKET, STONE RETRIEVAL GEMINI HELICAL","GastChSup38251","CDM","272","RC","","","","","facility","both","","","","1088.3","1088.3","","","","","","","","","","","","","Gross Charge Type: Main Acute Price List"
"BATTERY, MATRIXPRO II SINGLE USE","EplbChSup112501","CDM","270","RC","","","","","facility","both","","","","3862.15","3862.15","","","","","","","","","","","","","Gross Charge Type: Main Acute Price List"
"BATTERY, MATRIXPRO II SINGLE USE","PacuChSup112501","CDM","270","RC","","","","","facility","both","","","","3862.15","3862.15","","","","","","","","","","","","","Gross Charge Type: Main Acute Price List"
"BATTERY, POWER DRIVER","AnesChSup119313","CDM","272","RC","","","","","facility","both","","","","307.99","307.99","","","","","","","","","","","","","Gross Charge Type: Main Acute Price List"
"BATTERY, POWER DRIVER","GastChSup119313","CDM","272","RC","","","","","facility","both","","","","307.99","307.99","","","","","","","","","","","","","Gross Charge Type: Main Acute Price List"
"BB-TAK SMALL","ScanWmSup106473","CDM","278","RC","C1713","HCPCS","","","facility","both","","","","1000.96","1000.96","","","","","","","","","","","","","Gross Charge Type: Main Acute Price List"
"BB-TAK, MTP THREADED","PacuWmSup112940","CDM","272","RC","","","","","facility","both","","","","534.6","534.6","","","","","","","","","","","","","Gross Charge Type: Main Acute Price List"
"BB-TAK, MTP THREADED","ScanChSup112940","CDM","272","RC","","","","","facility","both","","","","534.6","534.6","","","","","","","","","","","","","Gross Charge Type: Main Acute Price List"
"BEAD, LC M1 BLACK/YELLOW 70-150UM","ScpuChSup55831","CDM","272","RC","","","","","facility","both","","","","10135.91","10135.91","","","","","","","","","","","","","Gross Charge Type: Main Acute Price List"
"BEAM , FT 7.0X115MM COMPT","ScanChSup119351","CDM","278","RC","C1713","HCPCS","","","facility","both","","","","9255.54","9255.54","","","","","","","","","","","","","Gross Charge Type: Main Acute Price List"
"BEAM SALVATION 7.0X110MM","ScorChSup10195562","CDM","278","RC","C1713","HCPCS","","","facility","both","","","","9332.32","9332.32","","","","","","","","","","","","","Gross Charge Type: Main Acute Price List"
"BEAM, SALVATION 7.0X75MM","ScanWmSup117881","CDM","278","RC","C1713","HCPCS","","","facility","both","","","","9255.54","9255.54","","","","","","","","","","","","","Gross Charge Type: Main Acute Price List"
"BEAM, SALVATION 7.0X90 SHORT","AnesWmSup115880","CDM","278","RC","C1713","HCPCS","","","facility","both","","","","9255.54","9255.54","","","","","","","","","","","","","Gross Charge Type: Main Acute Price List"
"BEAM, SALVATION 7.0X90 SHORT","OperWmSup115880","CDM","278","RC","C1713","HCPCS","","","facility","both","","","","9255.54","9255.54","","","","","","","","","","","","","Gross Charge Type: Main Acute Price List"
"BEAM, SALVATION 7.0X90 SHORT","ScorWmSup115880","CDM","278","RC","C1713","HCPCS","","","facility","both","","","","9255.54","9255.54","","","","","","","","","","","","","Gross Charge Type: Main Acute Price List"
"BEAM, SALVATION 7.0X90 SHORT","ScpuChSup115880","CDM","278","RC","C1713","HCPCS","","","facility","both","","","","9255.54","9255.54","","","","","","","","","","","","","Gross Charge Type: Main Acute Price List"
"BEAM, SALVATION 7.0X95MM PT","AngiChSup116399","CDM","278","RC","C1713","HCPCS","","","facility","both","","","","9255.54","9255.54","","","","","","","","","","","","","Gross Charge Type: Main Acute Price List"
"BEAM, SALVATION FT 7.0X120MM COMPT","OperChSup112518","CDM","278","RC","C1713","HCPCS","","","facility","both","","","","9255.54","9255.54","","","","","","","","","","","","","Gross Charge Type: Main Acute Price List"
"BEAM, SALVATION FT 7.0X125MM","OperWmSup115878","CDM","278","RC","C1713","HCPCS","","","facility","both","","","","9843.27","9843.27","","","","","","","","","","","","","Gross Charge Type: Main Acute Price List"
"BEARING, DUAL MOBILITY LONGEVITY 28MM 50MM SIZE H","ScanChSup114609","CDM","278","RC","C1776","HCPCS","","","facility","both","","","","6744.87","6744.87","","","","","","","","","","","","","Gross Charge Type: Main Acute Price List"
"BEARING, DUAL MOBILITY LONGEVITY 28MM 50MM SIZE H","ScorChSup114609","CDM","278","RC","C1776","HCPCS","","","facility","both","","","","6744.87","6744.87","","","","","","","","","","","","","Gross Charge Type: Main Acute Price List"
"BEARING, DUAL MOBILITY LONGEVITY HIGHLY CROSSLINKED 28MM SZ G","PacuChSup116405","CDM","278","RC","C1776","HCPCS","","","facility","both","","","","9633.83","9633.83","","","","","","","","","","","","","Gross Charge Type: Main Acute Price List"
"BEARING, LS TIBIAL 14MM","AngiWmSup119677","CDM","278","RC","C1776","HCPCS","","","facility","both","","","","4114.7","4114.7","","","","","","","","","","","","","Gross Charge Type: Main Acute Price List"
"BEARING, LS TIBIAL 14MM","GastWmSup119677","CDM","278","RC","C1776","HCPCS","","","facility","both","","","","4114.7","4114.7","","","","","","","","","","","","","Gross Charge Type: Main Acute Price List"
"BEARING, TIBIAL MAX 16MM 63/67MM","PacuWmSup111852","CDM","278","RC","C1776","HCPCS","","","facility","both","","","","2895.98","2895.98","","","","","","","","","","","","","Gross Charge Type: Main Acute Price List"
"BELT, HEARTMATE II STABILIZATION","ScpuChSup48067","CDM","270","RC","Q0508","HCPCS","","","facility","both","","","","579.19","579.19","","","","","","","","","","","","","Gross Charge Type: Main Acute Price List"
"BELT, INTERSTIM SIZE LRG","AnesChSup107068","CDM","272","RC","","","","","facility","both","","","","278.01","278.01","","","","","","","","","","","","","Gross Charge Type: Main Acute Price List"
"BELT, INTERSTIM SIZE LRG","GastWmSup107068","CDM","272","RC","","","","","facility","both","","","","278.01","278.01","","","","","","","","","","","","","Gross Charge Type: Main Acute Price List"
"BIOCARTILAGE, MICRONIZED EXTRACELLULAR MATRIX 1.0CC","PacuWmSup53504","CDM","278","RC","C1762","HCPCS","","","facility","both","","","","6036.54","6036.54","","","","","","","","","","","","","Gross Charge Type: Main Acute Price List"
"BIOPSY SYS, COAX TEMNO 18/15","Cccc56211249","CDM","270","RC","","","","","facility","both","","","","301.82","301.82","","","","","","","","","","","","","Gross Charge Type: Main Acute Price List"
"BIOPSY SYS, COAX TEMNO 18/15","ChrsCT211249","CDM","270","RC","","","","","facility","both","","","","301.82","301.82","","","","","","","","","","","","","Gross Charge Type: Main Acute Price List"
"BIOPSY SYS, COAX TEMNO 18/20","Ccbc30211248","CDM","270","RC","","","","","facility","both","","","","283.81","283.81","","","","","","","","","","","","","Gross Charge Type: Main Acute Price List"
"BIOPSY SYS, COAX TEMNO 18/20","Wilm47211248","CDM","270","RC","","","","","facility","both","","","","283.81","283.81","","","","","","","","","","","","","Gross Charge Type: Main Acute Price List"
"BIOPSY SYS, COAX TEMNO 20/15","HcccUS211250","CDM","270","RC","","","","","facility","both","","","","281.69","281.69","","","","","","","","","","","","","Gross Charge Type: Main Acute Price List"
"BIOPSY SYS, COAX TEMNO 20/15","PacuChSup211250","CDM","270","RC","","","","","facility","both","","","","281.69","281.69","","","","","","","","","","","","","Gross Charge Type: Main Acute Price List"
"BIOPSY SYS, COAX TEMNO 20/20","Fcin41211251","CDM","270","RC","","","","","facility","both","","","","283.81","283.81","","","","","","","","","","","","","Gross Charge Type: Main Acute Price List"
"BIOPSY SYS, COAX TEMNO 22/20","CcbcMg211252","CDM","270","RC","","","","","facility","both","","","","283.81","283.81","","","","","","","","","","","","","Gross Charge Type: Main Acute Price List"
"BIOPSY SYS, COAX TEMNO 22/20","ChrsMR211252","CDM","270","RC","","","","","facility","both","","","","283.81","283.81","","","","","","","","","","","","","Gross Charge Type: Main Acute Price List"
"BIOPSY SYS, COAX TEMNO 22/20","Midd38211252","CDM","270","RC","","","","","facility","both","","","","283.81","283.81","","","","","","","","","","","","","Gross Charge Type: Main Acute Price List"
"BIOPSY TRAY-KIT C","CcspUS1000","CDM","270","RC","","","","","facility","both","","","","578.68","578.68","","","","","","","","","","","","","Gross Charge Type: Main Acute Price List"
"BIOPSY TRAY-KIT C","Fcin381000","CDM","270","RC","","","","","facility","both","","","","578.68","578.68","","","","","","","","","","","","","Gross Charge Type: Main Acute Price List"
"BIOPSY TRAY-KIT C","HcccCT1000","CDM","270","RC","","","","","facility","both","","","","578.68","578.68","","","","","","","","","","","","","Gross Charge Type: Main Acute Price List"
"BIOPSY,ABD/RETROPERIT MASS,NDLE,PERC GLP","Wilm389202","CDM","361","RC","49180","HCPCS","","","facility","both","","","","962.37","962.37","","","","","","","","","","","","","Gross Charge Type: Main Acute Price List"
"BIOPSY,BONE,TROCAR/NEEDLE,SUPERFIC GLP","WilmCT9044","CDM","361","RC","20220","HCPCS","","","facility","both","","","","858.94","858.94","","","","","","","","","","","","","Gross Charge Type: Main Acute Price List"
"BIOPSY,NEEDLE,LYMPH NODE,SUPERFICIAL GLP","Midd389144","CDM","361","RC","38505","HCPCS","","","facility","both","","","","503.2","503.2","","","","","","","","","","","","","Gross Charge Type: Main Acute Price List"
"BIOPSY,NEEDLE,LYMPH NODE,SUPERFICIAL GLP","MiddCT9144","CDM","361","RC","38505","HCPCS","","","facility","both","","","","503.2","503.2","","","","","","","","","","","","","Gross Charge Type: Main Acute Price List"
"BIOPSY,RENAL,NEEDLE,PERC NR","Midd477088","CDM","361","RC","50200","HCPCS","","","facility","both","","","","1204.87","1204.87","","","","","","","","","","","","","Gross Charge Type: Main Acute Price List"
"BIOPSY,SPINAL CORD,NEEDLE,PERC GLP","Chrs389410","CDM","361","RC","62269","HCPCS","","","facility","both","","","","1761.89","1761.89","","","","","","","","","","","","","Gross Charge Type: Main Acute Price List"
"BIPAP,INITIATION/MANGEMENT,HS START/COMPL","RespCh5010","CDM","410","RC","94660","HCPCS","","","facility","both","","","","99.24","99.24","","","","","","","","","","","","","Gross Charge Type: Main Acute Price List"
"BIT,  DRILL EVOLVE EPS3.5MM","EplbChSup59993","CDM","272","RC","","","","","facility","both","","","","714.53","714.53","","","","","","","","","","","","","Gross Charge Type: Main Acute Price List"
"BIT, 4.3MM CANNULATED DRILL","GastWmSup23257","CDM","270","RC","","","","","facility","both","","","","1040.01","1040.01","","","","","","","","","","","","","Gross Charge Type: Main Acute Price List"
"BIT, 4.3MM CANNULATED DRILL","ScorWmSup23257","CDM","270","RC","","","","","facility","both","","","","1040.01","1040.01","","","","","","","","","","","","","Gross Charge Type: Main Acute Price List"
"BIT, DRILL .76 MINI-QUICK 6MM","PacuWmSup211367","CDM","270","RC","","","","","facility","both","","","","877.31","877.31","","","","","","","","","","","","","Gross Charge Type: Main Acute Price List"
"BIT, DRILL 1. 5","GyscChSup49250","CDM","272","RC","","","","","facility","both","","","","437.18","437.18","","","","","","","","","","","","","Gross Charge Type: Main Acute Price List"
"BIT, DRILL 1. 5","ScorChSup49250","CDM","272","RC","","","","","facility","both","","","","437.18","437.18","","","","","","","","","","","","","Gross Charge Type: Main Acute Price List"
"BIT, DRILL 1.1","CcthChSup114850","CDM","272","RC","","","","","facility","both","","","","871.01","871.01","","","","","","","","","","","","","Gross Charge Type: Main Acute Price List"
"BIT, DRILL 1.1MM/MQC/75MM","ScanWmSup52713","CDM","272","RC","","","","","facility","both","","","","519.88","519.88","","","","","","","","","","","","","Gross Charge Type: Main Acute Price List"
"BIT, DRILL 1.5X88MM","AnesWmSup111988","CDM","272","RC","","","","","facility","both","","","","527.76","527.76","","","","","","","","","","","","","Gross Charge Type: Main Acute Price List"
"BIT, DRILL 1.5X88MM","DelrChSup111988","CDM","272","RC","","","","","facility","both","","","","527.76","527.76","","","","","","","","","","","","","Gross Charge Type: Main Acute Price List"
"BIT, DRILL 1.5X88MM","OperChSup111988","CDM","272","RC","","","","","facility","both","","","","527.76","527.76","","","","","","","","","","","","","Gross Charge Type: Main Acute Price List"
"BIT, DRILL 2.0MM - 20879","CspuChSup20879","CDM","270","RC","","","","","facility","both","","","","642.91","642.91","","","","","","","","","","","","","Gross Charge Type: Main Acute Price List"
"BIT, DRILL 2.0MM AO","OperWmSup10180939","CDM","272","RC","","","","","facility","both","","","","1169.39","1169.39","","","","","","","","","","","","","Gross Charge Type: Main Acute Price List"
"BIT, DRILL 2.0MM STRYKER J -LATCH/75MM","DelrChSup65817","CDM","272","RC","","","","","facility","both","","","","437.18","437.18","","","","","","","","","","","","","Gross Charge Type: Main Acute Price List"
"BIT, DRILL 2.0MM STRYKER J -LATCH/75MM","ScorWmSup65817","CDM","272","RC","","","","","facility","both","","","","437.18","437.18","","","","","","","","","","","","","Gross Charge Type: Main Acute Price List"
"BIT, DRILL 2.0X235MM","PacuWmSup106911","CDM","272","RC","","","","","facility","both","","","","1438.72","1438.72","","","","","","","","","","","","","Gross Charge Type: Main Acute Price List"
"BIT, DRILL 2.0X71MM","AngiWmSup111989","CDM","272","RC","","","","","facility","both","","","","527.76","527.76","","","","","","","","","","","","","Gross Charge Type: Main Acute Price List"
"BIT, DRILL 2.65MM","ScpuWmSup79788","CDM","272","RC","","","","","facility","both","","","","851.42","851.42","","","","","","","","","","","","","Gross Charge Type: Main Acute Price List"
"BIT, DRILL 2.7 X 80 SOLID","AnesChSup78867","CDM","272","RC","","","","","facility","both","","","","737.32","737.32","","","","","","","","","","","","","Gross Charge Type: Main Acute Price List"
"BIT, DRILL 2.7 X 80 SOLID","OperChSup78867","CDM","272","RC","","","","","facility","both","","","","737.32","737.32","","","","","","","","","","","","","Gross Charge Type: Main Acute Price List"
"BIT, DRILL 2.7MM","CLDRChSup69147","CDM","272","RC","","","","","facility","both","","","","534.6","534.6","","","","","","","","","","","","","Gross Charge Type: Main Acute Price List"
"BIT, DRILL 3-FLUTED CALIBRATED 2.9X331MM","ScorWmSup72538","CDM","272","RC","","","","","facility","both","","","","1341.06","1341.06","","","","","","","","","","","","","Gross Charge Type: Main Acute Price List"
"BIT, DRILL 3.2X180MM","GastWmSup106910","CDM","272","RC","","","","","facility","both","","","","1438.72","1438.72","","","","","","","","","","","","","Gross Charge Type: Main Acute Price List"
"BIT, DRILL 3.2X180MM","ScanWmSup106910","CDM","272","RC","","","","","facility","both","","","","1438.72","1438.72","","","","","","","","","","","","","Gross Charge Type: Main Acute Price List"
"BIT, DRILL 3.2X230 COMPT","GastChSup109524","CDM","272","RC","","","","","facility","both","","","","1876.59","1876.59","","","","","","","","","","","","","Gross Charge Type: Main Acute Price List"
"BIT, DRILL 3.5MM QK COUP RES","ScanWmSup76854","CDM","272","RC","","","","","facility","both","","","","144.07","144.07","","","","","","","","","","","","","Gross Charge Type: Main Acute Price List"
"BIT, DRILL 4.2X300MM","EplbChSup107008","CDM","272","RC","","","","","facility","both","","","","1438.72","1438.72","","","","","","","","","","","","","Gross Charge Type: Main Acute Price List"
"BIT, DRILL 4.2X300MM","ScanChSup107008","CDM","272","RC","","","","","facility","both","","","","1438.72","1438.72","","","","","","","","","","","","","Gross Charge Type: Main Acute Price List"
"BIT, DRILL 4.4MM","AngiWmSup76974","CDM","272","RC","","","","","facility","both","","","","1207.31","1207.31","","","","","","","","","","","","","Gross Charge Type: Main Acute Price List"
"BIT, DRILL 4.5MM X 195MM","OperWmSup19812","CDM","272","RC","","","","","facility","both","","","","703.03","703.03","","","","","","","","","","","","","Gross Charge Type: Main Acute Price List"
"BIT, DRILL 4.5MM X 195MM","ScanWmSup19812","CDM","272","RC","","","","","facility","both","","","","703.03","703.03","","","","","","","","","","","","","Gross Charge Type: Main Acute Price List"
"BIT, DRILL 5.0 MM","AngiWmSup57350","CDM","272","RC","","","","","facility","both","","","","1216.31","1216.31","","","","","","","","","","","","","Gross Charge Type: Main Acute Price List"
"BIT, DRILL AO 3.5X122MM","GyscChSup43959","CDM","272","RC","","","","","facility","both","","","","764.54","764.54","","","","","","","","","","","","","Gross Charge Type: Main Acute Price List"
"BIT, DRILL ASNIS MICRO CANN 2.0MM 1.7MM","Chrs5455605","CDM","272","RC","","","","","facility","both","","","","1514.6","1514.6","","","","","","","","","","","","","Gross Charge Type: Main Acute Price List"
"BIT, DRILL CALIBRATED AO  3.2MM X 315MM","GastWmSup59101","CDM","272","RC","","","","","facility","both","","","","997.38","997.38","","","","","","","","","","","","","Gross Charge Type: Main Acute Price List"
"BIT, DRILL CALIBRATED AO 2.5X180MM","OperWmSup76573","CDM","272","RC","","","","","facility","both","","","","953.58","953.58","","","","","","","","","","","","","Gross Charge Type: Main Acute Price List"
"BIT, DRILL CANN COUNTERSINK AO 1.7X12MM","ScorWmSup61318","CDM","272","RC","","","","","facility","both","","","","1271.34","1271.34","","","","","","","","","","","","","Gross Charge Type: Main Acute Price List"
"BIT, DRILL CANN FIXOS AO 2.5X32MM","ScanWmSup61321","CDM","272","RC","","","","","facility","both","","","","1271.34","1271.34","","","","","","","","","","","","","Gross Charge Type: Main Acute Price List"
"BIT, DRILL CANN LARGE QC 12MMX270MM","GastWmSup63788","CDM","272","RC","","","","","facility","both","","","","2865.62","2865.62","","","","","","","","","","","","","Gross Charge Type: Main Acute Price List"
"BIT, DRILL CANNULATED 11MM","CspuChSup106646","CDM","272","RC","","","","","facility","both","","","","2935.76","2935.76","","","","","","","","","","","","","Gross Charge Type: Main Acute Price List"
"BIT, DRILL CANNULATED 11MM","EplbChSup106646","CDM","272","RC","","","","","facility","both","","","","2935.76","2935.76","","","","","","","","","","","","","Gross Charge Type: Main Acute Price List"
"BIT, DRILL CANNULATED 11MM","GastWmSup106646","CDM","272","RC","","","","","facility","both","","","","2935.76","2935.76","","","","","","","","","","","","","Gross Charge Type: Main Acute Price List"
"BIT, DRILL CANNULATED 2.0MM QC","OperChSup31806","CDM","272","RC","","","","","facility","both","","","","2032.97","2032.97","","","","","","","","","","","","","Gross Charge Type: Main Acute Price List"
"BIT, DRILL CANNULATED 2.0MM","Chrs5466053","CDM","272","RC","","","","","facility","both","","","","1251.06","1251.06","","","","","","","","","","","","","Gross Charge Type: Main Acute Price List"
"BIT, DRILL CANNULATED 2.0MM","DelrChSup66053","CDM","272","RC","","","","","facility","both","","","","1251.06","1251.06","","","","","","","","","","","","","Gross Charge Type: Main Acute Price List"
"BIT, DRILL CANNULATED 2.0MM","GastChSup41877","CDM","270","RC","","","","","facility","both","","","","1099.31","1099.31","","","","","","","","","","","","","Gross Charge Type: Main Acute Price List"
"BIT, DRILL CANNULATED 2.65MM","ScanChSup79487","CDM","272","RC","","","","","facility","both","","","","845.62","845.62","","","","","","","","","","","","","Gross Charge Type: Main Acute Price List"
"BIT, DRILL CANNULATED 2.65MM","ScorChSup79487","CDM","272","RC","","","","","facility","both","","","","845.62","845.62","","","","","","","","","","","","","Gross Charge Type: Main Acute Price List"
"BIT, DRILL CANNULATED 2.6MM","AnesChSup118738","CDM","272","RC","","","","","facility","both","","","","1187.35","1187.35","","","","","","","","","","","","","Gross Charge Type: Main Acute Price List"
"BIT, DRILL CANNULATED 2.6MM","GastChSup118738","CDM","272","RC","","","","","facility","both","","","","1187.35","1187.35","","","","","","","","","","","","","Gross Charge Type: Main Acute Price List"
"BIT, DRILL CANNULATED 3.5MM 79134","DelrChSup79134","CDM","272","RC","","","","","facility","both","","","","1141.01","1141.01","","","","","","","","","","","","","Gross Charge Type: Main Acute Price List"
"BIT, DRILL CANNULATED 3.5MM 79134","OperWmSup79134","CDM","272","RC","","","","","facility","both","","","","1141.01","1141.01","","","","","","","","","","","","","Gross Charge Type: Main Acute Price List"
"BIT, DRILL CANNULATED LONG","OperChSup113770","CDM","272","RC","","","","","facility","both","","","","1585.25","1585.25","","","","","","","","","","","","","Gross Charge Type: Main Acute Price List"
"BIT, DRILL CANNULATED SHORT 1.7MM","EplbChSup112985","CDM","272","RC","","","","","facility","both","","","","1595.37","1595.37","","","","","","","","","","","","","Gross Charge Type: Main Acute Price List"
"BIT, DRILL CANNULATED SHORT 1.7MM","PacuChSup112985","CDM","272","RC","","","","","facility","both","","","","1595.37","1595.37","","","","","","","","","","","","","Gross Charge Type: Main Acute Price List"
"BIT, DRILL CLAW II 2.0MM","OperWmSup62773","CDM","272","RC","","","","","facility","both","","","","1210.52","1210.52","","","","","","","","","","","","","Gross Charge Type: Main Acute Price List"
"BIT, DRILL DISSECTING M-33","Wilm316502","CDM","270","RC","","","","","facility","both","","","","574.68","574.68","","","","","","","","","","","","","Gross Charge Type: Main Acute Price List"
"BIT, DRILL HIGH SPEED 2.5MM STRL","DelrChSup70567","CDM","272","RC","","","","","facility","both","","","","1589.58","1589.58","","","","","","","","","","","","","Gross Charge Type: Main Acute Price List"
"BIT, DRILL HIGH SPEED 4 .5MM STRL","ScorWmSup109789","CDM","272","RC","","","","","facility","both","","","","1595.11","1595.11","","","","","","","","","","","","","Gross Charge Type: Main Acute Price List"
"BIT, DRILL INFINITY OCCIPITAL FLEX","AngiWmSup114211","CDM","272","RC","","","","","facility","both","","","","2533.98","2533.98","","","","","","","","","","","","","Gross Charge Type: Main Acute Price List"
"BIT, DRILL INFINITY OCCIPITAL STRAIGHT","PacuWmSup114212","CDM","272","RC","","","","","facility","both","","","","1013.59","1013.59","","","","","","","","","","","","","Gross Charge Type: Main Acute Price List"
"BIT, DRILL J-LATCH FOR GLIDING HOLE 1.5MM","ScpuWmSup119621","CDM","272","RC","","","","","facility","both","","","","496.25","496.25","","","","","","","","","","","","","Gross Charge Type: Main Acute Price List"
"BIT, DRILL LISFRANC 2.6MM","AnesWmSup79510","CDM","272","RC","","","","","facility","both","","","","1187.35","1187.35","","","","","","","","","","","","","Gross Charge Type: Main Acute Price List"
"BIT, DRILL LISFRANC 2.6MM","EplbChSup79510","CDM","272","RC","","","","","facility","both","","","","1187.35","1187.35","","","","","","","","","","","","","Gross Charge Type: Main Acute Price List"
"BIT, DRILL LISFRANC 3.2MM","ScpuChSup79511","CDM","272","RC","","","","","facility","both","","","","1262.75","1262.75","","","","","","","","","","","","","Gross Charge Type: Main Acute Price List"
"BIT, DRILL LQ STOP 1.5MM W/22MM","ScpuWmSup107777","CDM","272","RC","","","","","facility","both","","","","1146.81","1146.81","","","","","","","","","","","","","Gross Charge Type: Main Acute Price List"
"BIT, DRILL OSTEOBRIDGE 4.5MM","OperWmSup73876","CDM","272","RC","","","","","facility","both","","","","1635.82","1635.82","","","","","","","","","","","","","Gross Charge Type: Main Acute Price List"
"BIT, DRILL QUICK RELEASE  PILOT 2.0MM","OperChSup67067","CDM","272","RC","","","","","facility","both","","","","1001.43","1001.43","","","","","","","","","","","","","Gross Charge Type: Main Acute Price List"
"BIT, DRILL RAINBOW 1.9","PacuChSup58022","CDM","272","RC","","","","","facility","both","","","","1482.74","1482.74","","","","","","","","","","","","","Gross Charge Type: Main Acute Price List"
"BIT, DRILL SOLID CORE 2.7MM","GyscChSup118735","CDM","272","RC","","","","","facility","both","","","","666.07","666.07","","","","","","","","","","","","","Gross Charge Type: Main Acute Price List"
"BIT, DRILL SOLID CORE 2.7MM","PacuChSup118735","CDM","272","RC","","","","","facility","both","","","","666.07","666.07","","","","","","","","","","","","","Gross Charge Type: Main Acute Price List"
"BIT, DRILL SPINAL 2.4MM","ScorChSup78789","CDM","272","RC","","","","","facility","both","","","","1013.59","1013.59","","","","","","","","","","","","","Gross Charge Type: Main Acute Price List"
"BIT, DRILL STANDARD PROFILE","CcthChSup65901","CDM","272","RC","","","","","facility","both","","","","941.2","941.2","","","","","","","","","","","","","Gross Charge Type: Main Acute Price List"
"BIT, DRILL STOP 1.5X105X37MM","CcthChSup106555","CDM","272","RC","","","","","facility","both","","","","752.95","752.95","","","","","","","","","","","","","Gross Charge Type: Main Acute Price List"
"BIT, DRILL STOP 1.5X105X37MM","EplbChSup106555","CDM","272","RC","","","","","facility","both","","","","752.95","752.95","","","","","","","","","","","","","Gross Charge Type: Main Acute Price List"
"BIT, DRILL STOP 1.5X105X37MM","OperWmSup106555","CDM","272","RC","","","","","facility","both","","","","752.95","752.95","","","","","","","","","","","","","Gross Charge Type: Main Acute Price List"
"BIT, DRILL TIBIAXIS 3.0MM","PacuChSup43348","CDM","272","RC","","","","","facility","both","","","","1576.86","1576.86","","","","","","","","","","","","","Gross Charge Type: Main Acute Price List"
"BIT, DRILL VERTEX 3.2MM SPINAL","ScorChSup119762","CDM","272","RC","","","","","facility","both","","","","2612.17","2612.17","","","","","","","","","","","","","Gross Charge Type: Main Acute Price List"
"BIT, DRILL W/STOP 1.1X4MM","CcthChSup48877","CDM","272","RC","","","","","facility","both","","","","585.97","585.97","","","","","","","","","","","","","Gross Charge Type: Main Acute Price List"
"BIT, DRILL W/STOP 3.0MMX14MM","PacuChSup107301","CDM","272","RC","","","","","facility","both","","","","1013.59","1013.59","","","","","","","","","","","","","Gross Charge Type: Main Acute Price List"
"BIT, SALVATION DRILL 3.9","GastChSup79303","CDM","272","RC","","","","","facility","both","","","","915.13","915.13","","","","","","","","","","","","","Gross Charge Type: Main Acute Price List"
"BIT,CRILL 4.5MM - 39262","Wilm5439262","CDM","272","RC","","","","","facility","both","","","","953.58","953.58","","","","","","","","","","","","","Gross Charge Type: Main Acute Price List"
"BIT,DRILL .076MM - 31918","AnesChSup31918","CDM","272","RC","","","","","facility","both","","","","877.31","877.31","","","","","","","","","","","","","Gross Charge Type: Main Acute Price List"
"BIT,DRILL .076MM - 31918","ScpuWmSup31918","CDM","272","RC","","","","","facility","both","","","","877.31","877.31","","","","","","","","","","","","","Gross Charge Type: Main Acute Price List"
"BIT,DRILL 2.5 - 38842","AnesChSup38842","CDM","272","RC","","","","","facility","both","","","","410.76","410.76","","","","","","","","","","","","","Gross Charge Type: Main Acute Price List"
"BIT. DRILL CANN PILOT LRG AO 4.8MM","EplbChSup71644","CDM","272","RC","","","","","facility","both","","","","2587.09","2587.09","","","","","","","","","","","","","Gross Charge Type: Main Acute Price List"
"BK VIRUS PCR QUANT PLASMA","CYGNRN1312","CDM","309","RC","87799","HCPCS","","","facility","both","","","","280.5","280.5","","","","","","","","","","","","","Gross Charge Type: Main Acute Price List"
"BLADE, ARTH.ACROMINIZER  4.0MM","GastWmSup82898","CDM","270","RC","","","","","facility","both","","","","335.31","335.31","","","","","","","","","","","","","Gross Charge Type: Main Acute Price List"
"BLADE, ARTH.ACROMINIZER 5.5MM","PacuChSup82901","CDM","270","RC","","","","","facility","both","","","","325.74","325.74","","","","","","","","","","","","","Gross Charge Type: Main Acute Price List"
"BLADE, BONE SCALPEL BLUNT SHORT  20MM","ScanWmSup54926","CDM","272","RC","","","","","facility","both","","","","2325.92","2325.92","","","","","","","","","","","","","Gross Charge Type: Main Acute Price List"
"BLADE, COLD KNIFE HALF MOON","ScanWmSup48975","CDM","272","RC","","","","","facility","both","","","","3113.75","3113.75","","","","","","","","","","","","","Gross Charge Type: Main Acute Price List"
"BLADE, CUPPED 14MM X 11CM","PacuChSup115057","CDM","272","RC","","","","","facility","both","","","","925.45","925.45","","","","","","","","","","","","","Gross Charge Type: Main Acute Price List"
"BLADE, CUPPED 16MM X 11CM","ScorChSup115058","CDM","272","RC","","","","","facility","both","","","","984.21","984.21","","","","","","","","","","","","","Gross Charge Type: Main Acute Price List"
"BLADE, CUPPED 20MM X 11CM","OperWmSup115059","CDM","272","RC","","","","","facility","both","","","","925.45","925.45","","","","","","","","","","","","","Gross Charge Type: Main Acute Price List"
"BLADE, CUPPED, 12 MM X 3 CM,SINGLE USE","AngiChSup116213","CDM","272","RC","","","","","facility","both","","","","1071.51","1071.51","","","","","","","","","","","","","Gross Charge Type: Main Acute Price List"
"BLADE, FLAT 8MM X 11CM","AnesChSup115066","CDM","272","RC","","","","","facility","both","","","","984.21","984.21","","","","","","","","","","","","","Gross Charge Type: Main Acute Price List"
"BLADE, FULL RADIUS 48MM","ScanChSup47208","CDM","272","RC","","","","","facility","both","","","","3301.41","3301.41","","","","","","","","","","","","","Gross Charge Type: Main Acute Price List"
"BLADE, LARYNGOSCOPE DISP MILLER 000","ScorWmSup75371","CDM","272","RC","","","","","facility","both","","","","22.3","22.3","","","","","","","","","","","","","Gross Charge Type: Main Acute Price List"
"BLADE, MOD BYRD SCREW 2.5X6MM","ScorChSup112499","CDM","272","RC","","","","","facility","both","","","","1673.87","1673.87","","","","","","","","","","","","","Gross Charge Type: Main Acute Price List"
"BLADE, OPHTH ANG. DISC #8161","EplbChSup82893","CDM","270","RC","","","","","facility","both","","","","129.56","129.56","","","","","","","","","","","","","Gross Charge Type: Main Acute Price List"
"BLADE, OPHTH ANG. DISC #8161","PacuChSup82893","CDM","270","RC","","","","","facility","both","","","","129.56","129.56","","","","","","","","","","","","","Gross Charge Type: Main Acute Price List"
"BLADE, OSCILLATING STR DISP - 83243","CcthChSup83243","CDM","270","RC","","","","","facility","both","","","","169.13","169.13","","","","","","","","","","","","","Gross Charge Type: Main Acute Price List"
"BLADE, OSTEOTOME 25MM","Chrs5466140","CDM","272","RC","","","","","facility","both","","","","892.25","892.25","","","","","","","","","","","","","Gross Charge Type: Main Acute Price List"
"BLADE, OSTEOTOME 25MM","Wilm3166140","CDM","272","RC","","","","","facility","both","","","","892.25","892.25","","","","","","","","","","","","","Gross Charge Type: Main Acute Price List"
"BLADE, OSTEOTOME RADIAL 12MM","EplbChSup70572","CDM","272","RC","","","","","facility","both","","","","836.13","836.13","","","","","","","","","","","","","Gross Charge Type: Main Acute Price List"
"BLADE, OSTEOTOME SZ 10 113539","GastChSup113539","CDM","272","RC","","","","","facility","both","","","","752.95","752.95","","","","","","","","","","","","","Gross Charge Type: Main Acute Price List"
"BLADE, OSTEOTOME SZ 20 CHISEL 76 X 10 MM","CcthChSup113715","CDM","272","RC","","","","","facility","both","","","","752.95","752.95","","","","","","","","","","","","","Gross Charge Type: Main Acute Price List"
"BLADE, OSTEOTOME SZ 20 CHISEL 76 X 10 MM","ScanWmSup113715","CDM","272","RC","","","","","facility","both","","","","752.95","752.95","","","","","","","","","","","","","Gross Charge Type: Main Acute Price List"
"BLADE, OSTEOTOME SZ 20","GastChSup113543","CDM","272","RC","","","","","facility","both","","","","752.95","752.95","","","","","","","","","","","","","Gross Charge Type: Main Acute Price List"
"BLADE, OSTEOTOME SZ 20","PacuChSup113543","CDM","272","RC","","","","","facility","both","","","","752.95","752.95","","","","","","","","","","","","","Gross Charge Type: Main Acute Price List"
"BLADE, OSTEOTOME SZ 20","PacuWmSup113543","CDM","272","RC","","","","","facility","both","","","","752.95","752.95","","","","","","","","","","","","","Gross Charge Type: Main Acute Price List"
"BLADE, OSTEOTOME SZ 8","AnesWmSup119813","CDM","272","RC","","","","","facility","both","","","","752.95","752.95","","","","","","","","","","","","","Gross Charge Type: Main Acute Price List"
"BLADE, OSTEOTOME SZ 8","GastChSup119813","CDM","272","RC","","","","","facility","both","","","","752.95","752.95","","","","","","","","","","","","","Gross Charge Type: Main Acute Price List"
"BLADE, OSTEOTOME SZ 8","OperChSup119813","CDM","272","RC","","","","","facility","both","","","","752.95","752.95","","","","","","","","","","","","","Gross Charge Type: Main Acute Price List"
"BLADE, PHOTON","EplbChSup73333","CDM","272","RC","","","","","facility","both","","","","2001.92","2001.92","","","","","","","","","","","","","Gross Charge Type: Main Acute Price List"
"BLADE, PHOTON","OperChSup73333","CDM","272","RC","","","","","facility","both","","","","2001.92","2001.92","","","","","","","","","","","","","Gross Charge Type: Main Acute Price List"
"BLADE, PLASMA 3.0S","ScanWmSup48537","CDM","272","RC","","","","","facility","both","","","","1904.86","1904.86","","","","","","","","","","","","","Gross Charge Type: Main Acute Price List"
"BLADE, RECIPROCATING DBL SD","ScorWmSup9396","CDM","270","RC","","","","","facility","both","","","","123.19","123.19","","","","","","","","","","","","","Gross Charge Type: Main Acute Price List"
"BLADE, RETRACTABLE DISPOSABLE #11","PacuChSup32106","CDM","270","RC","","","","","facility","both","","","","10.96","10.96","","","","","","","","","","","","","Gross Charge Type: Main Acute Price List"
"BLADE, SAG DUAL CUT 18X90X1.35MM RES","CspuChSup76843","CDM","272","RC","","","","","facility","both","","","","68.46","68.46","","","","","","","","","","","","","Gross Charge Type: Main Acute Price List"
"BLADE, SAG DUAL CUT 18X90X1.35MM RES","GastChSup76843","CDM","272","RC","","","","","facility","both","","","","68.46","68.46","","","","","","","","","","","","","Gross Charge Type: Main Acute Price List"
"BLADE, SAG DUAL CUT 25X90X1.47MM","GastChSup29740","CDM","270","RC","","","","","facility","both","","","","298.86","298.86","","","","","","","","","","","","","Gross Charge Type: Main Acute Price List"
"BLADE, SAGITAL (THICK) E25.00MMXD90.0MMXT1.37MM","OperChSup32531","CDM","270","RC","","","","","facility","both","","","","336.63","336.63","","","","","","","","","","","","","Gross Charge Type: Main Acute Price List"
"BLADE, SAGITAL SAW AGGRESSIVE CUT 90 X 13MM","OperWmSup111695","CDM","272","RC","","","","","facility","both","","","","379.31","379.31","","","","","","","","","","","","","Gross Charge Type: Main Acute Price List"
"BLADE, SAGITAL SAW AGGRESSIVE CUT 90 X 13MM","ScpuWmSup111695","CDM","272","RC","","","","","facility","both","","","","379.31","379.31","","","","","","","","","","","","","Gross Charge Type: Main Acute Price List"
"BLADE, SAW PRECISION OSC TIP","ScorWmSup36135","CDM","270","RC","","","","","facility","both","","","","521.28","521.28","","","","","","","","","","","","","Gross Charge Type: Main Acute Price List"
"BLADE, SHORT NARROW 5.5MMX11.5MM","CcthChSup71999","CDM","272","RC","","","","","facility","both","","","","188.24","188.24","","","","","","","","","","","","","Gross Charge Type: Main Acute Price List"
"BLADE, SHORT NARROW 5.5MMX11.5MM","CspuChSup71999","CDM","272","RC","","","","","facility","both","","","","188.24","188.24","","","","","","","","","","","","","Gross Charge Type: Main Acute Price List"
"BLADE, SPIRAL FEMORAL NAIL-EX TI 60MM","ScpuWmSup69006","CDM","272","RC","","","","","facility","both","","","","2918.45","2918.45","","","","","","","","","","","","","Gross Charge Type: Main Acute Price List"
"BLADE, SPIRAL FEMORAL NAIL-EX TI 65MM","Chrs5468833","CDM","272","RC","","","","","facility","both","","","","2918.45","2918.45","","","","","","","","","","","","","Gross Charge Type: Main Acute Price List"
"BLADE, SPIRAL FEMORAL NAIL-EX TI 80MM","ScorWmSup68017","CDM","272","RC","","","","","facility","both","","","","2918.45","2918.45","","","","","","","","","","","","","Gross Charge Type: Main Acute Price List"
"BLADE, STERNUM SAW 10X54X0.6MM","GastWmSup204739","CDM","270","RC","","","","","facility","both","","","","95.28","95.28","","","","","","","","","","","","","Gross Charge Type: Main Acute Price List"
"BLADE, TRICUT M4 ROTAT 4MMX13CM","EplbChSup55168","CDM","272","RC","","","","","facility","both","","","","2651.15","2651.15","","","","","","","","","","","","","Gross Charge Type: Main Acute Price List"
"BLADE, TRUNCATED STARTER 52MM","Wilm5447204","CDM","272","RC","","","","","facility","both","","","","3511.05","3511.05","","","","","","","","","","","","","Gross Charge Type: Main Acute Price List"
"BLOCK, FEMORAL AUGMENT W/ SCREW POSTERIOR DISTAL SZ F 10MM AUGMENT","OperChSup122061","CDM","278","RC","C1776","HCPCS","","","facility","both","","","","3745.95","3745.95","","","","","","","","","","","","","Gross Charge Type: Main Acute Price List"
"BLOCK, MASTERGRAFT 10CC","AngiChSup109931","CDM","278","RC","C1713","HCPCS","","","facility","both","","","","5473.39","5473.39","","","","","","","","","","","","","Gross Charge Type: Main Acute Price List"
"BLOCK, MASTERGRAFT 10CC","GastChSup109931","CDM","278","RC","C1713","HCPCS","","","facility","both","","","","5473.39","5473.39","","","","","","","","","","","","","Gross Charge Type: Main Acute Price List"
"BLOOD PROTEIN MARKER, CYSTATIN C","ChemCh1045","CDM","301","RC","82610","HCPCS","","","facility","both","","","","29.31","29.31","","","","","","","","","","","","","Gross Charge Type: Main Acute Price List"
"BM BX","PathCh1497","CDM","310","RC","88305","HCPCS","","","facility","both","","","","387.17","387.17","","","","","","","","","","","","","Gross Charge Type: Main Acute Price List"
"BNP BRAIN NATRIURETIC PEPTIDE","CHEMSN3052","CDM","301","RC","83880","HCPCS","","","facility","both","","","","213.16","213.16","","","","","","","","","","","","","Gross Charge Type: Main Acute Price List"
"BODY FLUID ANALYSIS","HemaWm1174","CDM","301","RC","89050","HCPCS","","","facility","both","","","","91.56","91.56","","","","","","","","","","","","","Gross Charge Type: Main Acute Price List"
"BODY, CONE PROXIMAL BODY HIGH OFFSET SZ A 60MM TYPE 1 TAPER","GastChSup118675","CDM","278","RC","C1776","HCPCS","","","facility","both","","","","30028.73","30028.73","","","","","","","","","","","","","Gross Charge Type: Main Acute Price List"
"BODY, CONE PROXIMAL BODY HIGH OFFSET SZ A 60MM TYPE 1 TAPER","ScpuChSup118675","CDM","278","RC","C1776","HCPCS","","","facility","both","","","","30028.73","30028.73","","","","","","","","","","","","","Gross Charge Type: Main Acute Price List"
"BODY, CONE PROXIMAL BODY HIGH OFFSET SZ B 60MM TYPE 1 TAPER","CcthChSup115763","CDM","278","RC","C1776","HCPCS","","","facility","both","","","","30028.73","30028.73","","","","","","","","","","","","","Gross Charge Type: Main Acute Price List"
"BODY, GLOBAL UNITE SZ 12 -5","EplbChSup76191","CDM","278","RC","C1776","HCPCS","","","facility","both","","","","6085.32","6085.32","","","","","","","","","","","","","Gross Charge Type: Main Acute Price List"
"BODY, GLOBAL UNITE SZ 12 -5","GastWmSup76191","CDM","278","RC","C1776","HCPCS","","","facility","both","","","","6085.32","6085.32","","","","","","","","","","","","","Gross Charge Type: Main Acute Price List"
"BODY, HUMERAL TAPER MRS MALE/FEMALE 60MM","DelrChSup109181","CDM","278","RC","C1776","HCPCS","","","facility","both","","","","20032.85","20032.85","","","","","","","","","","","","","Gross Charge Type: Main Acute Price List"
"BODY, PROXIMAL LAT 60MM SZ 20MM CEMENTLESS","ScpuChSup114600","CDM","278","RC","C1776","HCPCS","","","facility","both","","","","40044.59","40044.59","","","","","","","","","","","","","Gross Charge Type: Main Acute Price List"
"BODY, PROXIMAL SIZE 20MM STANDARD 40MM","ScorWmSup120274","CDM","278","RC","C1776","HCPCS","","","facility","both","","","","45311.04","45311.04","","","","","","","","","","","","","Gross Charge Type: Main Acute Price List"
"BOLT, 16MM 79301 79301","ScorWmSup79301","CDM","278","RC","C1713","HCPCS","","","facility","both","","","","301.18","301.18","","","","","","","","","","","","","Gross Charge Type: Main Acute Price List"
"BOLT, 16MM","GyscChSup21240","CDM","278","RC","C1713","HCPCS","","","facility","both","","","","51.56","51.56","","","","","","","","","","","","","Gross Charge Type: Main Acute Price List"
"BOLT, 16MM","ScorWmSup21240","CDM","278","RC","C1713","HCPCS","","","facility","both","","","","51.56","51.56","","","","","","","","","","","","","Gross Charge Type: Main Acute Price List"
"BOLT, 16MM","Wilm5421240","CDM","278","RC","C1713","HCPCS","","","facility","both","","","","51.56","51.56","","","","","","","","","","","","","Gross Charge Type: Main Acute Price List"
"BOLT, 20MM COMPT","EplbChSup112754","CDM","278","RC","C1713","HCPCS","","","facility","both","","","","301.18","301.18","","","","","","","","","","","","","Gross Charge Type: Main Acute Price List"
"BOLT, 5.0X22.5MM ALIF","CspuChSup114681","CDM","278","RC","C1713","HCPCS","","","facility","both","","","","1157.89","1157.89","","","","","","","","","","","","","Gross Charge Type: Main Acute Price List"
"BOLT, 5.0X22.5MM ALIF","ScorWmSup114681","CDM","278","RC","C1713","HCPCS","","","facility","both","","","","1157.89","1157.89","","","","","","","","","","","","","Gross Charge Type: Main Acute Price List"
"BOLT, ALIF 3DP INTERFIXATED 5.0X17.5MM","OperWmSup107478","CDM","278","RC","C1713","HCPCS","","","facility","both","","","","1158.39","1158.39","","","","","","","","","","","","","Gross Charge Type: Main Acute Price List"
"BOLT, ALIF 3DP INTERFIXATED 6.0X22.5MM 2PK","ScanChSup111166","CDM","278","RC","C1713","HCPCS","","","facility","both","","","","1158.39","1158.39","","","","","","","","","","","","","Gross Charge Type: Main Acute Price List"
"BOLT, DECADE PLATE XLIF 5.5X40MM","CcthChSup58904","CDM","278","RC","C1713","HCPCS","","","facility","both","","","","4016.15","4016.15","","","","","","","","","","","","","Gross Charge Type: Main Acute Price List"
"BOLT, DECADE PLATE XLIF 5.5X40MM","Chrs5458904","CDM","278","RC","C1713","HCPCS","","","facility","both","","","","4016.15","4016.15","","","","","","","","","","","","","Gross Charge Type: Main Acute Price List"
"BOLT, DECADE PLATE XLIF 5.5X40MM","OperChSup58904","CDM","278","RC","C1713","HCPCS","","","facility","both","","","","4016.15","4016.15","","","","","","","","","","","","","Gross Charge Type: Main Acute Price List"
"BOLT, EXTRACTION 3.5MM/4.0 SCREW","PacuChSup67257","CDM","272","RC","","","","","facility","both","","","","744.34","744.34","","","","","","","","","","","","","Gross Charge Type: Main Acute Price List"
"BOLT, EYE","GastWmSup113819","CDM","278","RC","C1713","HCPCS","","","facility","both","","","","632.38","632.38","","","","","","","","","","","","","Gross Charge Type: Main Acute Price List"
"BOLT, FEMORAL NECK SYSTEM 100MM STRL","ScanWmSup106689","CDM","278","RC","C1713","HCPCS","","","facility","both","","","","2317.3","2317.3","","","","","","","","","","","","","Gross Charge Type: Main Acute Price List"
"BOLT, FEMORAL NECK SYSTEM 105MM STRL","AnesWmSup109742","CDM","278","RC","C1713","HCPCS","","","facility","both","","","","2317.3","2317.3","","","","","","","","","","","","","Gross Charge Type: Main Acute Price List"
"BOLT, FEMORAL NECK SYSTEM 105MM STRL","ScorChSup109742","CDM","278","RC","C1713","HCPCS","","","facility","both","","","","2317.3","2317.3","","","","","","","","","","","","","Gross Charge Type: Main Acute Price List"
"BOLT, FEMORAL NECK SYSTEM 110MM","GastWmSup109313","CDM","278","RC","C1713","HCPCS","","","facility","both","","","","2178.93","2178.93","","","","","","","","","","","","","Gross Charge Type: Main Acute Price List"
"BOLT, FEMORAL NECK SYSTEM 85MM STRL","GastWmSup107070","CDM","278","RC","C1713","HCPCS","","","facility","both","","","","2317.3","2317.3","","","","","","","","","","","","","Gross Charge Type: Main Acute Price List"
"BOLT, FEMORAL NECK SYSTEM 95MM STRL","ScpuWmSup107168","CDM","278","RC","C1713","HCPCS","","","facility","both","","","","2317.3","2317.3","","","","","","","","","","","","","Gross Charge Type: Main Acute Price List"
"BOLT, MAXFRAME SHOULDER FOR 8MM RINGS","DelrChSup71881","CDM","278","RC","C1713","HCPCS","","","facility","both","","","","544.21","544.21","","","","","","","","","","","","","Gross Charge Type: Main Acute Price List"
"BOLT, MAXFRAME SHOULDER FOR 8MM RINGS","EplbChSup71881","CDM","278","RC","C1713","HCPCS","","","facility","both","","","","544.21","544.21","","","","","","","","","","","","","Gross Charge Type: Main Acute Price List"
"BOLT, MAXFRAME SHOULDER FOR 8MM RINGS","Wilm5471881","CDM","278","RC","C1713","HCPCS","","","facility","both","","","","544.21","544.21","","","","","","","","","","","","","Gross Charge Type: Main Acute Price List"
"BOLT, SALAVATION 5.0X95MM","ScpuChSup113462","CDM","278","RC","C1713","HCPCS","","","facility","both","","","","9133.91","9133.91","","","","","","","","","","","","","Gross Charge Type: Main Acute Price List"
"BOLT, SALVATION 5.0X115MM","PacuWmSup76977","CDM","278","RC","C1713","HCPCS","","","facility","both","","","","8657.73","8657.73","","","","","","","","","","","","","Gross Charge Type: Main Acute Price List"
"BOLT, SALVATION 5.0X115MM","ScanWmSup76977","CDM","278","RC","C1713","HCPCS","","","facility","both","","","","8657.73","8657.73","","","","","","","","","","","","","Gross Charge Type: Main Acute Price List"
"BOLT, SALVATION 5.0X130MM","OperWmSup10190526","CDM","278","RC","C1713","HCPCS","","","facility","both","","","","13538.5","13538.5","","","","","","","","","","","","","Gross Charge Type: Main Acute Price List"
"BOLT, SALVATION 5.0X70MM","CcthChSup107791","CDM","278","RC","C1713","HCPCS","","","facility","both","","","","9713.91","9713.91","","","","","","","","","","","","","Gross Charge Type: Main Acute Price List"
"BOLT, SALVATION 5.0X75MM","ScpuWmSup79376","CDM","278","RC","C1713","HCPCS","","","facility","both","","","","9133.91","9133.91","","","","","","","","","","","","","Gross Charge Type: Main Acute Price List"
"BOLT, SALVATION 5.0X80MM","ScanWmSup79974","CDM","278","RC","C1713","HCPCS","","","facility","both","","","","9133.91","9133.91","","","","","","","","","","","","","Gross Charge Type: Main Acute Price List"
"BOLT, SALVATION 5.0X85MM","AnesChSup114218","CDM","278","RC","C1713","HCPCS","","","facility","both","","","","9133.91","9133.91","","","","","","","","","","","","","Gross Charge Type: Main Acute Price List"
"BOLT, SALVATION 5.0X85MM","ScorChSup114218","CDM","278","RC","C1713","HCPCS","","","facility","both","","","","9133.91","9133.91","","","","","","","","","","","","","Gross Charge Type: Main Acute Price List"
"BOLT, SCHANZ SCREW 2 PIECE","AngiChSup113229","CDM","278","RC","C1713","HCPCS","","","facility","both","","","","1561.57","1561.57","","","","","","","","","","","","","Gross Charge Type: Main Acute Price List"
"BOLT, SCHANZ SCREW CANNULATED POST MOUNT","GyscChSup71535","CDM","278","RC","C1713","HCPCS","","","facility","both","","","","1836.28","1836.28","","","","","","","","","","","","","Gross Charge Type: Main Acute Price List"
"BOLT, SCHANZ SCREW CANNULATED RING MOUNT","GyscChSup71534","CDM","278","RC","C1713","HCPCS","","","facility","both","","","","1565.94","1565.94","","","","","","","","","","","","","Gross Charge Type: Main Acute Price List"
"BOLT, WIRE FIXATION SLOTTED LONG","DelrChSup67443","CDM","278","RC","C1713","HCPCS","","","facility","both","","","","586.41","586.41","","","","","","","","","","","","","Gross Charge Type: Main Acute Price List"
"BOLT, WIRE FIXATION SLOTTED LONG","GastChSup67443","CDM","278","RC","C1713","HCPCS","","","facility","both","","","","586.41","586.41","","","","","","","","","","","","","Gross Charge Type: Main Acute Price List"
"BOLT, WIRE FIXATION SLOTTED LONG","ScpuWmSup67443","CDM","278","RC","C1713","HCPCS","","","facility","both","","","","586.41","586.41","","","","","","","","","","","","","Gross Charge Type: Main Acute Price List"
"BOLT, WIRE HOFFMAN LRF LONG","ScorChSup55743","CDM","272","RC","","","","","facility","both","","","","505.59","505.59","","","","","","","","","","","","","Gross Charge Type: Main Acute Price List"
"BOLT, WIRE HOFFMAN LRF MEDIUM","Chrs5455742","CDM","272","RC","","","","","facility","both","","","","485.63","485.63","","","","","","","","","","","","","Gross Charge Type: Main Acute Price List"
"BOLT, XLIF DECADE LARGE 5.5X30MM","Chrs5458950","CDM","278","RC","C1713","HCPCS","","","facility","both","","","","3776.35","3776.35","","","","","","","","","","","","","Gross Charge Type: Main Acute Price List"
"BOLT, XLIF DECADE LARGE 5.5X30MM","PacuChSup58950","CDM","278","RC","C1713","HCPCS","","","facility","both","","","","3776.35","3776.35","","","","","","","","","","","","","Gross Charge Type: Main Acute Price List"
"BOLT, XLIF DECADE LARGE 5.5X35MM","GastChSup58951","CDM","278","RC","C1713","HCPCS","","","facility","both","","","","4016.15","4016.15","","","","","","","","","","","","","Gross Charge Type: Main Acute Price List"
"BOLT, XLIF DECADE LARGE 5.5X45MM","ScpuChSup58953","CDM","278","RC","C1713","HCPCS","","","facility","both","","","","4016.15","4016.15","","","","","","","","","","","","","Gross Charge Type: Main Acute Price List"
"BOLT, XLIF DECADE LARGE 5.5X50MM","CcthChSup58954","CDM","278","RC","C1713","HCPCS","","","facility","both","","","","4016.15","4016.15","","","","","","","","","","","","","Gross Charge Type: Main Acute Price List"
"BOLT, XLIF DECADE LARGE 6.5X30MM","CcthChSup58958","CDM","278","RC","C1713","HCPCS","","","facility","both","","","","3776.35","3776.35","","","","","","","","","","","","","Gross Charge Type: Main Acute Price List"
"BOLTS, 6.5X25MM BRIGADE","EplbChSup110937","CDM","278","RC","C1713","HCPCS","","","facility","both","","","","1447.99","1447.99","","","","","","","","","","","","","Gross Charge Type: Main Acute Price List"
"BOLTS, MOD ALIF 5.0X20MM","AngiWmSup113212","CDM","278","RC","C1713","HCPCS","","","facility","both","","","","1231.94","1231.94","","","","","","","","","","","","","Gross Charge Type: Main Acute Price List"
"BONE MARROW PROCESSING","HemaWm1042","CDM","270","RC","","","","","facility","both","","","","410.94","410.94","","","","","","","","","","","","","Gross Charge Type: Main Acute Price List"
"BONE, ATTRAX PUTTY 2CC","AnesWmSup110451","CDM","278","RC","C1713","HCPCS","","","facility","both","","","","1663.13","1663.13","","","","","","","","","","","","","Gross Charge Type: Main Acute Price List"
"BONE, ATTRAX PUTTY 2CC","GastWmSup110451","CDM","278","RC","C1713","HCPCS","","","facility","both","","","","1663.13","1663.13","","","","","","","","","","","","","Gross Charge Type: Main Acute Price List"
"BONE, ATTRAX SCAFFOLD BLOCKS L","PacuWmSup110444","CDM","278","RC","C1713","HCPCS","","","facility","both","","","","4448.22","4448.22","","","","","","","","","","","","","Gross Charge Type: Main Acute Price List"
"BONE, ATTRAX SCAFFOLD BLOCKS L","ScorChSup110444","CDM","278","RC","C1713","HCPCS","","","facility","both","","","","4448.22","4448.22","","","","","","","","","","","","","Gross Charge Type: Main Acute Price List"
"BONE, ATTRAX SCAFFOLD MORSELS 10CC","GastChSup110446","CDM","278","RC","C1713","HCPCS","","","facility","both","","","","4927.79","4927.79","","","","","","","","","","","","","Gross Charge Type: Main Acute Price List"
"BONE, ATTRAX SCAFFOLD STRIPS L","CspuChSup110454","CDM","278","RC","C1713","HCPCS","","","facility","both","","","","21251.1","21251.1","","","","","","","","","","","","","Gross Charge Type: Main Acute Price List"
"BONE, CANCELLOUS CHIPS (1-10MM) 30CC","Wilm5469789","CDM","278","RC","C1713","HCPCS","","","facility","both","","","","2155.91","2155.91","","","","","","","","","","","","","Gross Charge Type: Main Acute Price List"
"BONE, CANCELLOUS CHIPS (1-10MM) 60CC","CLDRChSup69787","CDM","278","RC","C1713","HCPCS","","","facility","both","","","","4311.82","4311.82","","","","","","","","","","","","","Gross Charge Type: Main Acute Price List"
"BONE, CORTICAL CANCELLOUS CHIPS (6-10MM) 30CC","DelrChSup72068","CDM","278","RC","C1713","HCPCS","","","facility","both","","","","3831.36","3831.36","","","","","","","","","","","","","Gross Charge Type: Main Acute Price List"
"BONE, CREOS 0.25-1.00MM(0.25)","AngiChSup117121","CDM","278","RC","C1763","HCPCS","","","facility","both","","","","274.42","274.42","","","","","","","","","","","","","Gross Charge Type: Main Acute Price List"
"BONE, CREOS 70/30 MIN/DEMIN (0.25-1.00MM) 1.0CC","GastChSup61135","CDM","278","RC","C1763","HCPCS","","","facility","both","","","","366.34","366.34","","","","","","","","","","","","","Gross Charge Type: Main Acute Price List"
"BONE, CREOS 70/30 MIN/DEMIN (0.25-1.00MM) 2.0CC","OperWmSup61136","CDM","278","RC","C1763","HCPCS","","","facility","both","","","","575.95","575.95","","","","","","","","","","","","","Gross Charge Type: Main Acute Price List"
"BONE, DEMINERALIZED CORTICAL PARTICULATE 40CC","PacuWmSup72743","CDM","278","RC","C1762","HCPCS","","","facility","both","","","","4520.62","4520.62","","","","","","","","","","","","","Gross Charge Type: Main Acute Price List"
"BONE, DEMINERALIZED CORTICAL PARTICULATE 40CC","ScorWmSup72743","CDM","278","RC","C1762","HCPCS","","","facility","both","","","","4520.62","4520.62","","","","","","","","","","","","","Gross Charge Type: Main Acute Price List"
"BONE, FEMORAL HEAD 44MM(","AngiWmSup22139","CDM","278","RC","C1762","HCPCS","","","facility","both","","","","12454.99","12454.99","","","","","","","","","","","","","Gross Charge Type: Main Acute Price List"
"BONE, FIBERGRAFT BG MATRIX 20CC","AnesWmSup110490","CDM","278","RC","C1713","HCPCS","","","facility","both","","","","26486.87","26486.87","","","","","","","","","","","","","Gross Charge Type: Main Acute Price List"
"BONE, FIBERGRAFT BG MATRIX 20CC","EplbChSup110490","CDM","278","RC","C1713","HCPCS","","","facility","both","","","","26486.87","26486.87","","","","","","","","","","","","","Gross Charge Type: Main Acute Price List"
"BONE, FIBERGRAFT BG MATRIX 3CC","CcthChSup110493","CDM","278","RC","C1713","HCPCS","","","facility","both","","","","4619.8","4619.8","","","","","","","","","","","","","Gross Charge Type: Main Acute Price List"
"BONE, FIBERGRAFT PUTTY 11CC","OperWmSup110486","CDM","278","RC","C1713","HCPCS","","","facility","both","","","","11586.46","11586.46","","","","","","","","","","","","","Gross Charge Type: Main Acute Price List"
"BONE, FIBERGRAFT PUTTY 1CC","ScpuWmSup110489","CDM","278","RC","C1713","HCPCS","","","facility","both","","","","1244.27","1244.27","","","","","","","","","","","","","Gross Charge Type: Main Acute Price List"
"BONE, FIBERGRAFT PUTTY 4CC","ScanWmSup110495","CDM","278","RC","C1713","HCPCS","","","facility","both","","","","4582.85","4582.85","","","","","","","","","","","","","Gross Charge Type: Main Acute Price List"
"BONE, FIBERGRAFT PUTTY 6CC","ScorWmSup110499","CDM","278","RC","C1713","HCPCS","","","facility","both","","","","6874.26","6874.26","","","","","","","","","","","","","Gross Charge Type: Main Acute Price List"
"BONE, GRAFT PRECISION FREEZE DRIED 12X26X26MM 8 DEG","EplbChSup69803","CDM","278","RC","C1762","HCPCS","","","facility","both","","","","14479.88","14479.88","","","","","","","","","","","","","Gross Charge Type: Main Acute Price List"
"BONE, GRAFT PRECISION FREEZE DRIED 20X26X26MM 8 DEG","EplbChSup69807","CDM","278","RC","C1762","HCPCS","","","facility","both","","","","15399.35","15399.35","","","","","","","","","","","","","Gross Charge Type: Main Acute Price List"
"BONE, GRAFTON DBF MATRIX 2.5CM X 5CM","GastChSup20489","CDM","278","RC","C1713","HCPCS","","","facility","both","","","","7883.42","7883.42","","","","","","","","","","","","","Gross Charge Type: Main Acute Price List"
"BONE, ILIAC CREST WEDGE 8MM","GastWmSup101752","CDM","278","RC","C1762","HCPCS","","","facility","both","","","","6233.66","6233.66","","","","","","","","","","","","","Gross Charge Type: Main Acute Price List"
"BONE, ILLIUM TRICORTICAL STRIPS 22MM L X 4 5MM W","PacuChSup69792","CDM","278","RC","C1762","HCPCS","","","facility","both","","","","8007.66","8007.66","","","","","","","","","","","","","Gross Charge Type: Main Acute Price List"
"BONE, MASTERGRAFT 10CC VIAL","GastChSup23619","CDM","278","RC","C1713","HCPCS","","","facility","both","","","","1847.92","1847.92","","","","","","","","","","","","","Gross Charge Type: Main Acute Price List"
"BONE, MASTERGRAFT 10CC VIAL","GyscChSup23619","CDM","278","RC","C1713","HCPCS","","","facility","both","","","","1847.92","1847.92","","","","","","","","","","","","","Gross Charge Type: Main Acute Price List"
"BONE, MASTERGRAFT 5CC VIAL","Chrs5423618","CDM","278","RC","C1713","HCPCS","","","facility","both","","","","1231.94","1231.94","","","","","","","","","","","","","Gross Charge Type: Main Acute Price List"
"BONE, MASTERGRAFT 5CC VIAL","GastWmSup23618","CDM","278","RC","C1713","HCPCS","","","facility","both","","","","1231.94","1231.94","","","","","","","","","","","","","Gross Charge Type: Main Acute Price List"
"BONE, MASTERGRAFT 5CC VIAL","OperWmSup23618","CDM","278","RC","C1713","HCPCS","","","facility","both","","","","1231.94","1231.94","","","","","","","","","","","","","Gross Charge Type: Main Acute Price List"
"BONE, MASTERGRAFT PUTTY 9.0CC","ScpuWmSup70021","CDM","278","RC","C1713","HCPCS","","","facility","both","","","","4054.37","4054.37","","","","","","","","","","","","","Gross Charge Type: Main Acute Price List"
"BONE, MATRIX CELLUAR VIVIGEN 1CC","ScorWmSup58243","CDM","278","RC","C1713","HCPCS","","","facility","both","","","","2552.03","2552.03","","","","","","","","","","","","","Gross Charge Type: Main Acute Price List"
"BONE, MATRIX CELLULAR VIVIGEN FORMABLE 5CC","PacuWmSup111225","CDM","278","RC","C1762","HCPCS","","","facility","both","","","","11530.91","11530.91","","","","","","","","","","","","","Gross Charge Type: Main Acute Price List"
"BONE, MATRIX FIBERCEL VIABLE 10CC","AngiWmSup79703","CDM","278","RC","C1713","HCPCS","","","facility","both","","","","16507.06","16507.06","","","","","","","","","","","","","Gross Charge Type: Main Acute Price List"
"BONE, MATRIX FIBERCEL VIABLE 15CC","GastWmSup79704","CDM","278","RC","C1713","HCPCS","","","facility","both","","","","21140.62","21140.62","","","","","","","","","","","","","Gross Charge Type: Main Acute Price List"
"BONE, MATRIX FIBERCEL VIABLE 1CC","CspuChSup79701","CDM","278","RC","C1713","HCPCS","","","facility","both","","","","2061.93","2061.93","","","","","","","","","","","","","Gross Charge Type: Main Acute Price List"
"BONE, MATRIX FIBERCEL VIABLE 5CC","OperChSup79702","CDM","278","RC","C1713","HCPCS","","","facility","both","","","","9498.8","9498.8","","","","","","","","","","","","","Gross Charge Type: Main Acute Price List"
"BONE, OPEN FIBRILLAR FLEX MATRIX W/MAGNETOS LARGE","PacuChSup115279","CDM","278","RC","C1713","HCPCS","","","facility","both","","","","21473.19","21473.19","","","","","","","","","","","","","Gross Charge Type: Main Acute Price List"
"BONE, OPEN FIBRILLAR FLEX MATRIX W/MAGNETOS SMALL","CspuChSup115277","CDM","278","RC","C1713","HCPCS","","","facility","both","","","","6265.81","6265.81","","","","","","","","","","","","","Gross Charge Type: Main Acute Price List"
"BONE, OPEN FIBRILLAR FLEX MATRIX W/MAGNETOS SMALL","DelrChSup115277","CDM","278","RC","C1713","HCPCS","","","facility","both","","","","6265.81","6265.81","","","","","","","","","","","","","Gross Charge Type: Main Acute Price List"
"BONE, OSFERION VOID WEDGE 7MM","ScorWmSup49671","CDM","278","RC","C1713","HCPCS","","","facility","both","","","","3049.07","3049.07","","","","","","","","","","","","","Gross Charge Type: Main Acute Price List"
"BONE, PERICARDIUM 4X4","CcthChSup200885","CDM","270","RC","","","","","facility","both","","","","1970.62","1970.62","","","","","","","","","","","","","Gross Charge Type: Main Acute Price List"
"BONE, PERICARDIUM L-5.5-6CM","PacuChSup200884","CDM","270","RC","","","","","facility","both","","","","3109.56","3109.56","","","","","","","","","","","","","Gross Charge Type: Main Acute Price List"
"BONE, PUROS CORTICOCANCELLOUS .5CC 250-1000","GastWmSup77218","CDM","272","RC","","","","","facility","both","","","","325.24","325.24","","","","","","","","","","","","","Gross Charge Type: Main Acute Price List"
"BONE, PUTTY I-FACTOR PEPTIDE W/SYRINGE 1ML","AngiWmSup109901","CDM","278","RC","C1713","HCPCS","","","facility","both","","","","3695.84","3695.84","","","","","","","","","","","","","Gross Charge Type: Main Acute Price List"
"BONE, PUTTY I-FACTOR PEPTIDE W/SYRINGE 2.5ML","AngiWmSup109902","CDM","278","RC","C1713","HCPCS","","","facility","both","","","","8931.62","8931.62","","","","","","","","","","","","","Gross Charge Type: Main Acute Price List"
"BONE, PUTTY I-FACTOR PEPTIDE W/SYRINGE 2.5ML","ScanWmSup109902","CDM","278","RC","C1713","HCPCS","","","facility","both","","","","8931.62","8931.62","","","","","","","","","","","","","Gross Charge Type: Main Acute Price List"
"BONE, SUBSTITUTE INJECTABLE BSM ACCUFILL 3CC","ScpuWmSup78967","CDM","278","RC","C1713","HCPCS","","","facility","both","","","","10269.13","10269.13","","","","","","","","","","","","","Gross Charge Type: Main Acute Price List"
"BONE/JOINT IMAGING,3 PHASE STUDY GLB","Chrs422378","CDM","341","RC","78315","HCPCS","","","facility","both","","","","1287.35","1287.35","","","","","","","","","","","","","Gross Charge Type: Main Acute Price List"
"BOOT, EXTRA LARGE FOR TCC EZ-CAST","GyscChSup62380","CDM","270","RC","","","","","facility","both","","","","563.25","563.25","","","","","","","","","","","","","Gross Charge Type: Main Acute Price List"
"BOOT, LARGE FOR TCC EZ-CAST","CspuChSup62378","CDM","270","RC","","","","","facility","both","","","","504.65","504.65","","","","","","","","","","","","","Gross Charge Type: Main Acute Price List"
"BOOT, LARGE FOR TCC EZ-CAST","ScanWmSup62378","CDM","270","RC","","","","","facility","both","","","","504.65","504.65","","","","","","","","","","","","","Gross Charge Type: Main Acute Price List"
"BOOT, NEUROSTIMULATOR EXTERNAL INTELLIS WIRELESS","DelrChSup75387","CDM","272","RC","","","","","facility","both","","","","1737.58","1737.58","","","","","","","","","","","","","Gross Charge Type: Main Acute Price List"
"BOOT, TRACTION UNIVERSAL","ScorChSup2718","CDM","270","RC","","","","","facility","both","","","","64.64","64.64","","","","","","","","","","","","","Gross Charge Type: Main Acute Price List"
"BOTTLE, 500ML ASPRIA HOME DRAINAGE","OperWmSup49203","CDM","270","RC","","","","","facility","both","","","","182.27","182.27","","","","","","","","","","","","","Gross Charge Type: Main Acute Price List"
"BRACE, FOREARM FRACTURE BRACE","OcthSp1832","CDM","270","RC","","","","","facility","both","","","","266.81","266.81","","","","","","","","","","","","","Gross Charge Type: Main Acute Price List"
"BRACE, KNEE IMMBOLIZER RANGER II LONG MED","GastChSup73950","CDM","270","RC","","","","","facility","both","","","","241.95","241.95","","","","","","","","","","","","","Gross Charge Type: Main Acute Price List"
"BRACE, KNEE IMMBOLIZER RANGER II LONG MED","PacuChSup73950","CDM","270","RC","","","","","facility","both","","","","241.95","241.95","","","","","","","","","","","","","Gross Charge Type: Main Acute Price List"
"BRACE, KNEE IMMOBILIZER RANGER II LONG LG","AngiWmSup73952","CDM","274","RC","L1810","HCPCS","","","facility","both","","","","241.95","241.95","","","","","","","","","","","","","Gross Charge Type: Main Acute Price List"
"BRACE, KNEE IMMOBILIZER RANGER II LONG SM","ScanChSup73951","CDM","270","RC","","","","","facility","both","","","","240.02","240.02","","","","","","","","","","","","","Gross Charge Type: Main Acute Price List"
"BRACE, KNEE IMMOBILIZER RANGER II LONG SM","ScanWmSup73951","CDM","270","RC","","","","","facility","both","","","","240.02","240.02","","","","","","","","","","","","","Gross Charge Type: Main Acute Price List"
"BRACE, LARGE QUICK FIT POST OP","ScpuChSup32518","CDM","270","RC","","","","","facility","both","","","","476.08","476.08","","","","","","","","","","","","","Gross Charge Type: Main Acute Price List"
"BRONCHOCATH, 32FR LT. W/CPAP","ScpuChSup202893","CDM","270","RC","","","","","facility","both","","","","338.67","338.67","","","","","","","","","","","","","Gross Charge Type: Main Acute Price List"
"BRONCHOCATH, 35FR RT. W/CPAP","ScorChSup86562","CDM","270","RC","","","","","facility","both","","","","388.06","388.06","","","","","","","","","","","","","Gross Charge Type: Main Acute Price List"
"BRONCHOCATH, 41FR LT. W/CPAP","ScorChSup86578","CDM","270","RC","","","","","facility","both","","","","338.67","338.67","","","","","","","","","","","","","Gross Charge Type: Main Acute Price List"
"BRONCHOSCOPE, MONARCH ROBOTIC REPROCESSED","GastChSup113296","CDM","272","RC","","","","","facility","both","","","","10782.56","10782.56","","","","","","","","","","","","","Gross Charge Type: Main Acute Price List"
"BRUSH, 2.2 CYTOLOGY","Chrs54205570","CDM","270","RC","","","","","facility","both","","","","1338.82","1338.82","","","","","","","","","","","","","Gross Charge Type: Main Acute Price List"
"BRUSH, CYTOLOGY RX","PacuWmSup24611","CDM","270","RC","","","","","facility","both","","","","634.46","634.46","","","","","","","","","","","","","Gross Charge Type: Main Acute Price List"
"BRUSH, CYTOLOGY RX","ScanWmSup24611","CDM","270","RC","","","","","facility","both","","","","634.46","634.46","","","","","","","","","","","","","Gross Charge Type: Main Acute Price List"
"BUMPER, FEMORAL TRIATHLON HINGE 3 DEGREE","ScorChSup10196069","CDM","278","RC","C1889","HCPCS","","","facility","both","","","","5334.84","5334.84","","","","","","","","","","","","","Gross Charge Type: Main Acute Price List"
"BUNDLE, CLARIVEIN ABLATION 65CM","CcthChSup107285","CDM","270","RC","","","","","facility","both","","","","2671.23","2671.23","","","","","","","","","","","","","Gross Charge Type: Main Acute Price List"
"BUNDLE, MITRACLIP 1 SGC0301 & 1 CDS0601 NTR","DelrChSup75748","CDM","278","RC","C1889","HCPCS","","","facility","both","","","","173758.5","173758.5","","","","","","","","","","","","","Gross Charge Type: Main Acute Price List"
"BUNDLE, MITRACLIP 1 SGC0301 & 1 CDS0601 NTR","GyscChSup75748","CDM","278","RC","C1889","HCPCS","","","facility","both","","","","173758.5","173758.5","","","","","","","","","","","","","Gross Charge Type: Main Acute Price List"
"BUNDLE, MITRACLIP 1 SGC0301 & 1 CDS0601 NTR","ScanWmSup75748","CDM","278","RC","C1889","HCPCS","","","facility","both","","","","173758.5","173758.5","","","","","","","","","","","","","Gross Charge Type: Main Acute Price List"
"BUR, 4.5 DIAMOND","AnesChSup120117","CDM","272","RC","","","","","facility","both","","","","834.04","834.04","","","","","","","","","","","","","Gross Charge Type: Main Acute Price List"
"BUR, 7.0MM","Chrs5426502","CDM","270","RC","","","","","facility","both","","","","392.52","392.52","","","","","","","","","","","","","Gross Charge Type: Main Acute Price List"
"BUR, ACORN 1-RING ELAN4 6.0MM","AnesChSup77483","CDM","272","RC","","","","","facility","both","","","","608.15","608.15","","","","","","","","","","","","","Gross Charge Type: Main Acute Price List"
"BUR, CROSS-CUT FISSURE CARBIDE 2.1MM","CcthChSup65077","CDM","272","RC","","","","","facility","both","","","","38","38","","","","","","","","","","","","","Gross Charge Type: Main Acute Price List"
"BUR, DIAMOND ROUND 1.4MM","GyscChSup79447","CDM","272","RC","","","","","facility","both","","","","1256.62","1256.62","","","","","","","","","","","","","Gross Charge Type: Main Acute Price List"
"BUR, DIAMOND ROUND 2.3MM","PacuChSup79449","CDM","272","RC","","","","","facility","both","","","","1256.62","1256.62","","","","","","","","","","","","","Gross Charge Type: Main Acute Price List"
"BUR, EXCALIBUR HL 4.2MM X 19CM","Chrs5455192","CDM","272","RC","","","","","facility","both","","","","229.36","229.36","","","","","","","","","","","","","Gross Charge Type: Main Acute Price List"
"BUR, EXCALIBUR HL 4.2MM X 19CM","OperChSup55192","CDM","272","RC","","","","","facility","both","","","","229.36","229.36","","","","","","","","","","","","","Gross Charge Type: Main Acute Price List"
"BUR, HILAN XS II BARREL SMOOTH 6.0MM","PacuChSup42253","CDM","272","RC","","","","","facility","both","","","","729.79","729.79","","","","","","","","","","","","","Gross Charge Type: Main Acute Price List"
"BUR, HILAN XS ROUND CUTTING III 3.1MM","GastChSup36336","CDM","272","RC","","","","","facility","both","","","","589.04","589.04","","","","","","","","","","","","","Gross Charge Type: Main Acute Price List"
"BUR, LEGEND BALL 4MMX14CM","OperWmSup33785","CDM","272","RC","","","","","facility","both","","","","715.94","715.94","","","","","","","","","","","","","Gross Charge Type: Main Acute Price List"
"BUR, LEGEND BALL 5MMX15CM","GastWmSup33784","CDM","272","RC","","","","","facility","both","","","","761.4","761.4","","","","","","","","","","","","","Gross Charge Type: Main Acute Price List"
"BUR, LEGEND BALL DIAMETER 10CMX2MM","PacuChSup28506","CDM","272","RC","","","","","facility","both","","","","636.37","636.37","","","","","","","","","","","","","Gross Charge Type: Main Acute Price List"
"BUR, LEGEND BALL DIAMETER 10CMX3MM","GastWmSup28508","CDM","272","RC","","","","","facility","both","","","","636.37","636.37","","","","","","","","","","","","","Gross Charge Type: Main Acute Price List"
"BUR, LEGEND BALL DIAMETER 10CMX5MM","ScanWmSup28471","CDM","272","RC","","","","","facility","both","","","","636.37","636.37","","","","","","","","","","","","","Gross Charge Type: Main Acute Price List"
"BUR, LEGEND BALL DIAMETER 10CMX6MM","ScorChSup28472","CDM","272","RC","","","","","facility","both","","","","636.37","636.37","","","","","","","","","","","","","Gross Charge Type: Main Acute Price List"
"BUR, LEGEND BALL FLUTED 10CMX1MM","OperChSup28504","CDM","272","RC","","","","","facility","both","","","","596.57","596.57","","","","","","","","","","","","","Gross Charge Type: Main Acute Price List"
"BUR, LEGEND BALL FLUTED 10CMX1MM","PacuChSup28504","CDM","272","RC","","","","","facility","both","","","","596.57","596.57","","","","","","","","","","","","","Gross Charge Type: Main Acute Price List"
"BUR, LEGEND BALL FLUTED 10CMX2MM","PacuChSup28496","CDM","272","RC","","","","","facility","both","","","","596.57","596.57","","","","","","","","","","","","","Gross Charge Type: Main Acute Price List"
"BUR, LEGEND BALL FLUTED 7CMX3MM","Chrs3131616","CDM","270","RC","","","","","facility","both","","","","578.5","578.5","","","","","","","","","","","","","Gross Charge Type: Main Acute Price List"
"BUR, LEGEND BALL FLUTED 7CMX4MM","GastChSup28498","CDM","272","RC","","","","","facility","both","","","","578.5","578.5","","","","","","","","","","","","","Gross Charge Type: Main Acute Price List"
"BUR, LEGEND BALL FLUTED 7CMX6MM","GastWmSup28501","CDM","272","RC","","","","","facility","both","","","","578.5","578.5","","","","","","","","","","","","","Gross Charge Type: Main Acute Price List"
"BUR, LEGEND BALL FLUTED 7CMX7MM","OperWmSup28503","CDM","272","RC","","","","","facility","both","","","","578.5","578.5","","","","","","","","","","","","","Gross Charge Type: Main Acute Price List"
"BUR, LEGEND BALL FLUTED 9CMX4MM","ScorChSup28455","CDM","272","RC","","","","","facility","both","","","","672.5","672.5","","","","","","","","","","","","","Gross Charge Type: Main Acute Price List"
"BUR, LEGEND BALL FLUTED 9CMX4MM","Wilm5428455","CDM","272","RC","","","","","facility","both","","","","672.5","672.5","","","","","","","","","","","","","Gross Charge Type: Main Acute Price List"
"BUR, LEGEND BALL TAPERED 9CMX6MM","OperWmSup28457","CDM","272","RC","","","","","facility","both","","","","672.5","672.5","","","","","","","","","","","","","Gross Charge Type: Main Acute Price List"
"BUR, LEGEND CYLINDER 5MMX14CM","GastWmSup33788","CDM","272","RC","","","","","facility","both","","","","672.5","672.5","","","","","","","","","","","","","Gross Charge Type: Main Acute Price List"
"BUR, LEGEND MATCH 9CMX3MM","PacuWmSup28449","CDM","272","RC","","","","","facility","both","","","","654.44","654.44","","","","","","","","","","","","","Gross Charge Type: Main Acute Price List"
"BUR, MR8 10CM BALL DIAMOND FINE 5MM DIAM","CspuChSup111327","CDM","272","RC","","","","","facility","both","","","","655.47","655.47","","","","","","","","","","","","","Gross Charge Type: Main Acute Price List"
"BUR, MR8 10CM BALL FINE 1MM DIAMETER","GyscChSup111320","CDM","272","RC","","","","","facility","both","","","","653.48","653.48","","","","","","","","","","","","","Gross Charge Type: Main Acute Price List"
"BUR, MR8 10CM BALL FINE 1MM DIAMETER","OperChSup111320","CDM","272","RC","","","","","facility","both","","","","653.48","653.48","","","","","","","","","","","","","Gross Charge Type: Main Acute Price List"
"BUR, MR8 14CM CYL LONG 7.6MM DIAMETER","GastChSup111335","CDM","272","RC","","","","","facility","both","","","","855.53","855.53","","","","","","","","","","","","","Gross Charge Type: Main Acute Price List"
"BUR, MR8 14CM CYL LONG 7.6MM DIAMETER","ScorWmSup111335","CDM","272","RC","","","","","facility","both","","","","855.53","855.53","","","","","","","","","","","","","Gross Charge Type: Main Acute Price List"
"BUR, MR8 14CM CYLINDER 7.5MM DIAMETER","GastChSup111334","CDM","272","RC","","","","","facility","both","","","","692.66","692.66","","","","","","","","","","","","","Gross Charge Type: Main Acute Price List"
"BUR, MR8 14CM CYLINDER 7.5MM DIAMETER","PacuWmSup111334","CDM","272","RC","","","","","facility","both","","","","692.66","692.66","","","","","","","","","","","","","Gross Charge Type: Main Acute Price List"
"BUR, MR8 15CM BALL 5MM DIAMETER","ScanWmSup111342","CDM","272","RC","","","","","facility","both","","","","784.27","784.27","","","","","","","","","","","","","Gross Charge Type: Main Acute Price List"
"BUR, NIT CARBIDE FG7408","CcthChSup67295","CDM","272","RC","","","","","facility","both","","","","56.29","56.29","","","","","","","","","","","","","Gross Charge Type: Main Acute Price List"
"BUR, NIT CARBIDE FG7408","PacuWmSup67295","CDM","272","RC","","","","","facility","both","","","","56.29","56.29","","","","","","","","","","","","","Gross Charge Type: Main Acute Price List"
"BUR, NIT CARBIDE FG7408","ScanChSup67295","CDM","272","RC","","","","","facility","both","","","","56.29","56.29","","","","","","","","","","","","","Gross Charge Type: Main Acute Price List"
"BUR, OVAL EGG MEDIUM 4X8MM","ScpuWmSup64185","CDM","272","RC","","","","","facility","both","","","","278.01","278.01","","","","","","","","","","","","","Gross Charge Type: Main Acute Price List"
"BUR, RD DISP X-LONG 4MM","OperChSup87202","CDM","270","RC","","","","","facility","both","","","","154.85","154.85","","","","","","","","","","","","","Gross Charge Type: Main Acute Price List"
"BUR, ROSEN 1-RING ELAN4 DIAMOND 3.0MM","GyscChSup77477","CDM","272","RC","","","","","facility","both","","","","1001.72","1001.72","","","","","","","","","","","","","Gross Charge Type: Main Acute Price List"
"BUR, ROSEN 1-RING ELAN4 DIAMOND 3.0MM","ScanWmSup77477","CDM","272","RC","","","","","facility","both","","","","1001.72","1001.72","","","","","","","","","","","","","Gross Charge Type: Main Acute Price List"
"BUR, ROUND DIAMOND 6.0MM","ScpuChSup61412","CDM","272","RC","","","","","facility","both","","","","967.08","967.08","","","","","","","","","","","","","Gross Charge Type: Main Acute Price List"
"BUR, ROUND FINE DIAMOND 4.0MM","ScanChSup61931","CDM","272","RC","","","","","facility","both","","","","909.34","909.34","","","","","","","","","","","","","Gross Charge Type: Main Acute Price List"
"BUR, SAGG  6 X 34MM","PacuChSup6274","CDM","270","RC","","","","","facility","both","","","","60","60","","","","","","","","","","","","","Gross Charge Type: Main Acute Price List"
"BUR, SAGG 14 X 41MM","PacuChSup6272","CDM","270","RC","","","","","facility","both","","","","115.37","115.37","","","","","","","","","","","","","Gross Charge Type: Main Acute Price List"
"BUR, SIDE CUT 1.0 MED STR CAR","ScanWmSup104304","CDM","270","RC","","","","","facility","both","","","","44.48","44.48","","","","","","","","","","","","","Gross Charge Type: Main Acute Price List"
"BUR, ST ANGLED 5.5 X 9MM","PacuWmSup6277","CDM","270","RC","","","","","facility","both","","","","57.1","57.1","","","","","","","","","","","","","Gross Charge Type: Main Acute Price List"
"BUR, ST RD CARBIDE 3MM","EplbChSup6022","CDM","270","RC","","","","","facility","both","","","","251.2","251.2","","","","","","","","","","","","","Gross Charge Type: Main Acute Price List"
"BUR, ST RD CARBIDE 3MM","GastWmSup6022","CDM","270","RC","","","","","facility","both","","","","251.2","251.2","","","","","","","","","","","","","Gross Charge Type: Main Acute Price List"
"BUR, ST RD DIAMOND 4MM","GyscChSup5518","CDM","270","RC","","","","","facility","both","","","","368.66","368.66","","","","","","","","","","","","","Gross Charge Type: Main Acute Price List"
"BUR, SUPERFINE CROSS CUT 115-7668","ScanChSup18406","CDM","272","RC","","","","","facility","both","","","","115.55","115.55","","","","","","","","","","","","","Gross Charge Type: Main Acute Price List"
"BUR, SUPERFINE CROSS CUT 115-7668","ScpuWmSup18406","CDM","272","RC","","","","","facility","both","","","","115.55","115.55","","","","","","","","","","","","","Gross Charge Type: Main Acute Price List"
"BUR,30K TAPERED CUTT REVERSE 4.0MM 70 D 13","ScorWmSup69274","CDM","272","RC","","","","","facility","both","","","","3037.12","3037.12","","","","","","","","","","","","","Gross Charge Type: Main Acute Price List"
"BURNISHER, DE 28/29","CcthChSup66448","CDM","272","RC","","","","","facility","both","","","","29.94","29.94","","","","","","","","","","","","","Gross Charge Type: Main Acute Price List"
"BURR, DIAMOND DISC METAL CUTTING 25.4X0.8MM","OperWmSup10190110","CDM","272","RC","","","","","facility","both","","","","676.19","676.19","","","","","","","","","","","","","Gross Charge Type: Main Acute Price List"
"BURR, FINE DIAMOND 2.0MM","OperChSup10190114","CDM","272","RC","","","","","facility","both","","","","753.4","753.4","","","","","","","","","","","","","Gross Charge Type: Main Acute Price List"
"BURR, ROTAPRO AND ADVANCING DEVICE 1.25MM","DelrChSup79991","CDM","272","RC","C1724","HCPCS","","","facility","both","","","","10106.95","10106.95","","","","","","","","","","","","","Gross Charge Type: Main Acute Price List"
"BURR, ROTAPRO AND ADVANCING DEVICE 2.38MM","CcthChSup79997","CDM","272","RC","C1724","HCPCS","","","facility","both","","","","10748.74","10748.74","","","","","","","","","","","","","Gross Charge Type: Main Acute Price List"
"BUTTON, ABS TIGHTROPE INTERNAL BRACE ROUND CONCAVE 11MM","GyscChSup119346","CDM","278","RC","C1713","HCPCS","","","facility","both","","","","1837.76","1837.76","","","","","","","","","","","","","Gross Charge Type: Main Acute Price List"
"BUTTON, ABS TIGHTROPE INTERNAL BRACE ROUND CONCAVE 11MM","ScorChSup119346","CDM","278","RC","C1713","HCPCS","","","facility","both","","","","1837.76","1837.76","","","","","","","","","","","","","Gross Charge Type: Main Acute Price List"
"BUTTON, DOGBONE AC JOINT REPAIR","CspuChSup56824","CDM","278","RC","C1713","HCPCS","","","facility","both","","","","2198.62","2198.62","","","","","","","","","","","","","Gross Charge Type: Main Acute Price List"
"BUTTON, MINI-ONE NON-BALLOON 3.4CM 20FR LEGACY","ScpuChSup113289","CDM","272","RC","","","","","facility","both","","","","1074.88","1074.88","","","","","","","","","","","","","Gross Charge Type: Main Acute Price List"
"BUTTON, MINI-ONE NON-BALLOON 4.4CM 20FR LEGACY","ScpuChSup113290","CDM","272","RC","","","","","facility","both","","","","1010.7","1010.7","","","","","","","","","","","","","Gross Charge Type: Main Acute Price List"
"BX,BREAST,PLC LOC DEV,IMG,1ST,US  GLP","Wilm471048","CDM","361","RC","19083","HCPCS","","","facility","both","","","","1469.75","1469.75","","","","","","","","","","","","","Gross Charge Type: Main Acute Price List"
"BX,BREAST,PLC LOC DEV,IMG,EA AD,ST  NR","Chrs471047","CDM","361","RC","19082","HCPCS","","","facility","both","","","","1469.75","1469.75","","","","","","","","","","","","","Gross Charge Type: Main Acute Price List"
"Babesia microti amp prb","87469","HCPCS","","","","","","","facility","outpatient","","","","","","Amerihealth","Caritas Next Other Commercial Plan","56.14","","","","","","","fee schedule","33.34","105.27","Radiology"
"Babesia microti amp prb","87469","HCPCS","","","","","","","facility","outpatient","","","","","","Jefferson Health Plan","Health Partners Medicaid Managed Care/Aca Plan","105.27","","","","","","","fee schedule","33.34","105.27","APC"
"Back And Neck Procedures Except Spinal Fusion With Mcc Or Disc Device Or Neurostimulator","518","MS-DRG","","","","","","","facility","inpatient","","","","","","Bcbs","Highmark Health Options Medicaid Managed Care Plan","","","[Inpatient Services: Payer leverages state specific Medicaid payment methodology. Available, referenceable algorithm logic found here: https://medicaidpublications.dhss.delaware.gov/docs/search]","","","","0","other","","","No services performed during 15-month lookback period."
"Back And Neck Procedures Except Spinal Fusion With Mcc Or Disc Device Or Neurostimulator","518","MS-DRG","","","","","","","facility","inpatient","","","","","","Wellcare","Medicare Managed Care Plan","","","[MSDRG Base Rate: FEE SCHEDULE]","","","","0","other","","","No services performed during 15-month lookback period."
"Back And Neck Procedures Except Spinal Fusion Without Cc/Mcc","520","MS-DRG","","","","","","","facility","inpatient","","","","","","Aetna","Medicare Managed Care Plan","14145.42","","","","","","","fee schedule","13046.75","35106.65","MSDRG Base Rate"
"Bacterial And Tuberculous Infections Of Nervous System With Cc","095","MS-DRG","","","","","","","facility","inpatient","","","","","","Bcbs","Highmark Wholecare Medicare Managed Care Plan","25710.2","","","","","","","fee schedule","22204.26","60611.2","MSDRG Base Rate"
"Bacterial And Tuberculous Infections Of Nervous System With Mcc","094","MS-DRG","","","","","","","facility","inpatient","","","","","","Aetna - De","Better Health Medicaid Managed Care Plan","","","[Inpatient Services: Payer leverages state specific Medicaid payment methodology. Available, referenceable algorithm logic found here: https://medicaidpublications.dhss.delaware.gov/docs/search]","","","","0","other","","","No services performed during 15-month lookback period."
"Bacterial And Tuberculous Infections Of Nervous System With Mcc","094","MS-DRG","","","","","","","facility","inpatient","","","","","","Wellcare","Medicare Managed Care Plan","34896","","","","","","","fee schedule","30137.46","82705.9","MSDRG Base Rate"
"Bacterial And Tuberculous Infections Of Nervous System Without Cc/Mcc","096","MS-DRG","","","","","","","facility","inpatient","","","","","","Bcbs","Highmark Health Options Medicaid Managed Care Plan","","","[Inpatient Services: Payer leverages state specific Medicaid payment methodology. Available, referenceable algorithm logic found here: https://medicaidpublications.dhss.delaware.gov/docs/search]","","","","0","other","","","No services performed during 15-month lookback period."
"Bartonella dna amp probe","87471","HCPCS","","","","","","","facility","outpatient","","","","","","Aetna","Medicare Managed Care Plan","36.14","","","","","","","fee schedule","22.81","105.27","APC"
"Bbrgdrferi antb detc 24rprtn","0580U","HCPCS","","","","","","","facility","outpatient","","","","","","Jefferson Health Plan","Health Partners Medicare Managed Care Plan","18.07","","","","","","","fee schedule","16.35","51.63","APC"
"Bcat1 promoter mthyltn alys","0229U","HCPCS","","","","","","","facility","outpatient","","","","","","Bcbs","Highmark Health Options Medicare Managed Care Plan","393.6","","","","","","","fee schedule","192","1152","APC"
"Bcr/abl1 gene other bp","81208","HCPCS","","","","","","","facility","outpatient","","","","","","Ambetter","All Commercial Plans","321.93","","","","","","","fee schedule","139.5","643.86","Radiology"
"Bcr/abl1 gene other bp","81208","HCPCS","","","","","","","facility","outpatient","","","","","","Cigna","All Commercial Plans","139.5","","","","","","","fee schedule","139.5","643.86",""
"Bcr/abl1 gene other bp","81208","HCPCS","","","","","","","facility","outpatient","","","","","","Unitedhealthcare","All Commercial Plans","214.62","","","","","","","fee schedule","139.5","643.86",""
"Bdy surf mapg pm/cvdfb f/up","0696T","HCPCS","","","","","","","facility","outpatient","","","","","","Bcbs","Highmark Medicare Managed Care Plan","38.31","","","","","","","fee schedule","38.31","120.99","APC"
"Behavioral And Developmental Disorders","886","MS-DRG","","","","","","","facility","inpatient","","","","","","Aetna","Medicare Managed Care Plan","19464.26","","","","","","","fee schedule","17952.47","48769.55","MSDRG Base Rate"
"Behavioral And Developmental Disorders","886","MS-DRG","","","","","","","facility","inpatient","","","","","","Healthspring","Medicare Managed Care Plan","","","[MSDRG Base Rate: FEE SCHEDULE]","","","","0","other","","","No services performed during 15-month lookback period."
"Belimumab injection","J0490","HCPCS","","","","","","","facility","outpatient","","","","","","Ambetter","All Commercial Plans","84.1","","","","","","","fee schedule","53.26","168.2","Radiology"
"Belimumab injection","J0490","HCPCS","","","","","","","facility","outpatient","","","","","","Amerihealth","Caritas Next Other Commercial Plan","89.71","","","","","","","fee schedule","53.26","168.2","Radiology"
"Benign Prostatic Hypertrophy With Mcc","725","MS-DRG","","","","","","","facility","inpatient","","","","","","Bcbs","Highmark Wholecare Medicare Managed Care Plan","11944.21","","","","","","","fee schedule","10315.45","27499.7","MSDRG Base Rate"
"Benign Prostatic Hypertrophy Without Mcc","726","MS-DRG","","","","","","","facility","inpatient","","","","","","Bcbs","Highmark All Commercial Plans","","","[Lesser Than Charges paid at %: 100] [MSDRG Base Rate: FEE SCHEDULE] [Normal Newborn-Per Diem: 6037.44] [Psych-Per Diem: 2159.84] [All Other IP (%BC): 85.44]","","","","0","other","","","No services performed during 15-month lookback period."
"Beta-amyloid 1-42 (abeta 42)","82234","HCPCS","","","","","","","facility","outpatient","","","","","","First Health","Delaware Medicaid Managed Care Plan","141.81","","","","","","","fee schedule","122.47","386.76","Laboratory"
"Bfb training 1st 15 min","90912","HCPCS","","","","","","","facility","outpatient","","","","","","Aetna","Medicare Managed Care Plan","38.44","","","","","","","fee schedule","35.45","111.96","APC"
"Bilateral Or Multiple Major Joint Procedures Of Lower Extremity With Mcc","461","MS-DRG","","","","","","","facility","inpatient","","","","","","Amerihealth","Medicare Managed Care Plan","","","[MSDRG Base Rate: FEE SCHEDULE]","","","","0","other","","","No services performed during 15-month lookback period."
"Bilateral Or Multiple Major Joint Procedures Of Lower Extremity With Mcc","461","MS-DRG","","","","","","","facility","inpatient","","","","","","Bcbs","Highmark All Commercial Plans","","","[Lesser Than Charges paid at %: 100] [MSDRG Base Rate: FEE SCHEDULE] [Normal Newborn-Per Diem: 6037.44] [Psych-Per Diem: 2159.84] [All Other IP (%BC): 85.44]","","","","0","other","","","No services performed during 15-month lookback period."
"Bilateral Or Multiple Major Joint Procedures Of Lower Extremity With Mcc","461","MS-DRG","","","","","","","facility","inpatient","","","","","","Bcbs","Highmark Wholecare Medicare Managed Care Plan","","","[MSDRG Base Rate: FEE SCHEDULE]","","","","0","other","","","No services performed during 15-month lookback period."
"Bilateral Or Multiple Major Joint Procedures Of Lower Extremity With Mcc","461","MS-DRG","","","","","","","facility","inpatient","","","","","","Unitedhealthcare","Medicare Managed Care Plan","50509.73","","","","","","","fee schedule","47043.37","129790.5","MSDRG Base Rate"
"Bilateral Or Multiple Major Joint Procedures Of Lower Extremity Without Mcc","462","MS-DRG","","","","","","","facility","inpatient","","","","","","Bcbs","Highmark Health Options Medicaid Managed Care Plan","","","[Inpatient Services: Payer leverages state specific Medicaid payment methodology. Available, referenceable algorithm logic found here: https://medicaidpublications.dhss.delaware.gov/docs/search]","30091.37","30091.37","30091.37","1 through 10","other","","","Contracting method is an algorithm described in the 'standard_charges|algorithm' field. The allowed amount provided accounts for the structural rates, conditions, and utilization elements inherent in the payer’s algorithm."
"Bilateral Or Multiple Major Joint Procedures Of Lower Extremity Without Mcc","462","MS-DRG","","","","","","","facility","inpatient","","","","","","First Health","Delaware Medicaid Managed Care Plan","","","[Inpatient Services: Payer leverages state specific Medicaid payment methodology. Available, referenceable algorithm logic found here: https://medicaidpublications.dhss.delaware.gov/docs/search]","","","","0","other","","","No services performed during 15-month lookback period."
"Bilateral Or Multiple Major Joint Procedures Of Lower Extremity Without Mcc","462","MS-DRG","","","","","","","facility","inpatient","","","","","","Jefferson Health Plan","Health Partners Medicare Managed Care Plan","","","[MSDRG Base Rate: FEE SCHEDULE]","","","","0","other","","","No services performed during 15-month lookback period."
"Bilateral Procedure","","","","","","","","","facility","both","","","50","","","Aetna","All Commercial Plans","","","","","","","","","","","The modified price is presented in the standard charge value."
"Bilateral Procedure","","","","","","","","","facility","both","","","50","","","BCBS","Highmark All Commercial Plans","","","","","","","","","","","The modified price is presented in the standard charge value."
"Bile tract surgery procedure","47999","HCPCS","","","","","","","facility","outpatient","","","","","","Healthspring","Medicare Managed Care Plan","980.12","","","","","","","fee schedule","931.11","2940.35","APC"
"Biliary Tract Procedures Except Only Cholecystectomy With Or Without C.D.E. With Cc","409","MS-DRG","","","","","","","facility","inpatient","","","","","","Amerihealth","Caritas Next Other Commercial Plan","","94","","","","","0","percent of total billed charges","","","No services performed during 15-month lookback period."
"Biliary Tract Procedures Except Only Cholecystectomy With Or Without C.D.E. With Mcc","408","MS-DRG","","","","","","","facility","inpatient","","","","","","Bcbs","Highmark Health Options Medicare Managed Care Plan","","","[MSDRG Base Rate: FEE SCHEDULE]","","","","0","other","","","No services performed during 15-month lookback period."
"Biliary endoscopy thru skin","47554","HCPCS","","","","","","","facility","outpatient","","","","","","Healthspring","Medicare Managed Care Plan","11486.91","","","","","","","fee schedule","10912.57","34460.74","APC"
"Biliary endoscopy thru skin","47555","HCPCS","","","","","","","facility","outpatient","","","","","","Jefferson Health Plan","Health Partners Medicare Managed Care Plan","7345.59","","","","","","","fee schedule","6646.01","20987.41","APC"
"Bilirubin direct","82248","HCPCS","","","","","","","facility","outpatient","","","","","","Aetna","All Commercial Plans","5.57","","","","","","","fee schedule","3.26","15.06","Laboratory"
"Bilirubin total","82247","HCPCS","","","","","","","facility","outpatient","","","","","","Amerihealth","Caritas Next Other Commercial Plan","8.03","","","","","","","fee schedule","3.26","15.06","Radiology"
"Biopsies Of Musculoskeletal System And Connective Tissue With Cc","478","MS-DRG","","","","","","","facility","inpatient","","","","","","Aetna - Md","Better Health Medicaid Managed Care Plan","","","[Inpatient Services: Payer leverages state specific Medicaid payment methodology. Available, referenceable algorithm logic found here: https://health.maryland.gov/mmcp/provider/Pages/default.aspx]","","","","0","other","","","No services performed during 15-month lookback period."
"Biopsies Of Musculoskeletal System And Connective Tissue With Cc","478","MS-DRG","","","","","","","facility","inpatient","","","","","","Jefferson Health Plan","Health Partners Medicare Managed Care Plan","23422.44","","","","","","","fee schedule","21191.74","57791.2","MSDRG Base Rate"
"Biopsies Of Musculoskeletal System And Connective Tissue With Mcc","477","MS-DRG","","","","","","","facility","inpatient","","","","","","Healthspring","Medicare Managed Care Plan","31148.09","","","","","","","fee schedule","29590.69","81183.1","MSDRG Base Rate"
"Biopsies Of Musculoskeletal System And Connective Tissue Without Cc/Mcc","479","MS-DRG","","","","","","","facility","inpatient","","","","","","Amerihealth","Medicare Managed Care Plan","18333.32","","","","","","","fee schedule","16126.54","43684.15","MSDRG Base Rate"
"Biopsies Of Musculoskeletal System And Connective Tissue Without Cc/Mcc","479","MS-DRG","","","","","","","facility","inpatient","","","","","","Bcbs","Highmark Health Options Medicare Managed Care Plan","17399.68","","","","","","","fee schedule","16126.54","43684.15","MSDRG Base Rate"
"Biopsies Of Musculoskeletal System And Connective Tissue Without Cc/Mcc","479","MS-DRG","","","","","","","facility","inpatient","","","","","","Bcbs","Highmark Wholecare Medicare Managed Care Plan","","","[MSDRG Base Rate: FEE SCHEDULE]","","","","0","other","","","No services performed during 15-month lookback period."
"Biopsy elbow joint lining","24100","HCPCS","","","","","","","facility","outpatient","","","","","","Amerihealth","Medicare Managed Care Plan","3818.69","","","","","","","fee schedule","3359.03","10607.46","APC"
"Biopsy elbow joint lining","24100","HCPCS","","","","","","","facility","outpatient","","","","","","Bcbs","Highmark Health Options Medicare Managed Care Plan","3624.22","","","","","","","fee schedule","3359.03","10607.46","APC"
"Biopsy elbow joint lining","24100","HCPCS","","","","","","","facility","outpatient","","","","","","Bcbs","Highmark Medicare Managed Care Plan","3359.03","","","","","","","fee schedule","3359.03","10607.46","APC"
"Biopsy finger joint lining","26105","HCPCS","","","","","","","facility","outpatient","","","","","","Amerihealth","Medicare Managed Care Plan","3818.69","","","","","","","fee schedule","3359.03","10607.46","APC"
"Biopsy forearm soft tissues","25065","HCPCS","","","","","","","facility","outpatient","","","","","","Bcbs","Highmark Wholecare Medicare Managed Care Plan","1963.24","","","","","","","fee schedule","1695.53","5354.29","APC"
"Biopsy forearm soft tissues","25066","HCPCS","","","","","","","facility","outpatient","","","","","","Aetna","Medicare Managed Care Plan","3233.09","","","","","","","fee schedule","2981.98","9416.76","APC"
"Biopsy forearm soft tissues","25066","HCPCS","","","","","","","facility","outpatient","","","","","","Bcbs","Highmark Medicare Managed Care Plan","2981.98","","","","","","","fee schedule","2981.98","9416.76","APC"
"Biopsy hand joint lining","26100","HCPCS","","","","","","","facility","outpatient","","","","","","Healthspring","Medicare Managed Care Plan","3535.82","","","","","","","fee schedule","3359.03","10607.46","APC"
"Biopsy knee joint lining","27330","HCPCS","","","","","","","facility","outpatient","","","","","","Amerihealth","Caritas Next Other Commercial Plan","5657.31","","","","","","","fee schedule","3359.03","10607.46","Radiology"
"Biopsy lower leg soft tissue","27613","HCPCS","","","","","","","facility","outpatient","","","","","","Bcbs","Highmark All Commercial Plans","2633.42","","","","","","","fee schedule","1695.53","5354.29","Radiology"
"Biopsy nail unit","11755","HCPCS","","","","","","","facility","outpatient","","","","","","Healthspring","Medicare Managed Care Plan","765.23","","","","","","","fee schedule","726.97","2295.69","APC"
"Biopsy of bowel","44100","HCPCS","","","","","","","facility","outpatient","","","","","","Jefferson Health Plan","Health Partners Medicaid Managed Care/Aca Plan","2940.35","","","","","","","fee schedule","931.11","2940.35","APC"
"Biopsy of cervix w/scope","57455","HCPCS","","","","","","","facility","outpatient","","","","","","Amerihealth","Caritas Next Other Commercial Plan","526.88","","","","","","","fee schedule","312.83","987.9","Radiology"
"Biopsy of cervix","57500","HCPCS","","","","","","","facility","outpatient","","","","","","Amerihealth","Caritas Next Other Commercial Plan","1592.5","","","","","","","fee schedule","945.55","2985.94","Radiology"
"Biopsy of cervix","57500","HCPCS","","","","","","","facility","outpatient","","","","","","Bcbs","Highmark Wholecare Medicare Managed Care Plan","1094.85","","","","","","","fee schedule","945.55","2985.94","APC"
"Biopsy of cervix","57500","HCPCS","","","","","","","facility","outpatient","","","","","","Jefferson Health Plan","Health Partners Medicaid Managed Care/Aca Plan","2985.94","","","","","","","fee schedule","945.55","2985.94","APC"
"Biopsy of cornea","65410","HCPCS","","","","","","","facility","outpatient","","","","","","Amerihealth","Medicare Managed Care Plan","2774.72","","","","","","","fee schedule","2440.72","7707.54","APC"
"Biopsy of hip joint","27052","HCPCS","","","","","","","facility","outpatient","","","","","","Bcbs","Highmark Wholecare Medicare Managed Care Plan","1911.41","","","","","","","fee schedule","1650.76","5212.93","APC"
"Biopsy of mouth lesion","40808","HCPCS","","","","","","","facility","outpatient","","","","","","Aetna","All Commercial Plans","815.94","","","","","","","fee schedule","553.67","1748.44","Radiology"
"Biopsy of ovary(s)","58900","HCPCS","","","","","","","facility","outpatient","","","","","","Amerihealth","Medicare Managed Care Plan","3777.98","","","","","","","fee schedule","3323.23","10494.4","APC"
"Biopsy of penis","54105","HCPCS","","","","","","","facility","outpatient","","","","","","Ambetter","All Commercial Plans","4708.38","","","","","","","fee schedule","2981.98","9416.76","Radiology"
"Biopsy of penis","54105","HCPCS","","","","","","","facility","outpatient","","","","","","Bcbs","Highmark Health Options Medicare Managed Care Plan","3217.39","","","","","","","fee schedule","2981.98","9416.76","APC"
"Biopsy of testis","54500","HCPCS","","","","","","","facility","outpatient","","","","","","Jefferson Health Plan","Health Partners Medicaid Managed Care/Aca Plan","9416.76","","","","","","","fee schedule","2981.98","9416.76","APC"
"Biopsy of tongue","41100","HCPCS","","","","","","","facility","outpatient","","","","","","Aetna","All Commercial Plans","815.94","","","","","","","fee schedule","553.67","1748.44","Radiology"
"Biopsy of tongue","41100","HCPCS","","","","","","","facility","outpatient","","","","","","Bcbs","Highmark All Commercial Plans","859.94","","","","","","","fee schedule","553.67","1748.44","Radiology"
"Biopsy of upper nose/throat","42804","HCPCS","","","","","","","facility","outpatient","","","","","","Bcbs","Highmark All Commercial Plans","5286.4","","","","","","","fee schedule","3403.64","10748.35","Radiology"
"Biopsy of uterus lining","58100","HCPCS","","","","","","","facility","outpatient","","","","","","Ambetter","All Commercial Plans","327.71","","","","","","","fee schedule","207.55","655.42","Radiology"
"Biopsy of wrist joint","25100","HCPCS","","","","","","","facility","outpatient","","","","","","Bcbs","Highmark Wholecare Medicare Managed Care Plan","3889.4","","","","","","","fee schedule","3359.03","10607.46","APC"
"Biopsy roof of mouth","42100","HCPCS","","","","","","","facility","outpatient","","","","","","Healthspring","Medicare Managed Care Plan","1676.69","","","","","","","fee schedule","1592.85","5030.06","APC"
"Biopsy soft tissue of back","21920","HCPCS","","","","","","","facility","outpatient","","","","","","Bcbs","Highmark Wholecare Medicare Managed Care Plan","1963.24","","","","","","","fee schedule","1695.53","5354.29","APC"
"Biopsy thigh soft tissues","27324","HCPCS","","","","","","","facility","outpatient","","","","","","Aetna","Medicare Managed Care Plan","3233.09","","","","","","","fee schedule","2981.98","9416.76","APC"
"Biopsy thigh soft tissues","27324","HCPCS","","","","","","","facility","outpatient","","","","","","Amerihealth","Medicare Managed Care Plan","3390.04","","","","","","","fee schedule","2981.98","9416.76","APC"
"Biopsy/removal lymph nodes","38500","HCPCS","","","","","","","facility","outpatient","","","","","","Amerihealth","Caritas Next Other Commercial Plan","6769.81","","","","","","","fee schedule","4019.58","12693.4","Radiology"
"Biopsy/removal lymph nodes","38500","HCPCS","","","","","","","facility","outpatient","","","","","","Bcbs","Highmark Health Options Medicare Managed Care Plan","4336.91","","","","","","","fee schedule","4019.58","12693.4","APC"
"Biopsy/removal lymph nodes","38520","HCPCS","","","","","","","facility","outpatient","","","","","","Aetna","All Commercial Plans","5923.59","","","","","","","fee schedule","4019.58","12693.4","Radiology"
"Biopsy/removal lymph nodes","38530","HCPCS","","","","","","","facility","outpatient","","","","","","Aetna","All Commercial Plans","5923.59","","","","","","","fee schedule","4019.58","12693.4","Radiology"
"Blastomyces antibody","86612","HCPCS","","","","","","","facility","outpatient","","","","","","Ambetter","All Commercial Plans","19.35","","","","","","","fee schedule","8.39","38.7","Radiology"
"Blind cor sinus reducer impl","C9783","HCPCS","","","","","","","facility","outpatient","","","","","","Aetna","All Commercial Plans","17464.99","","","","","","","fee schedule","11851.24","37424.98","Radiology"
"Blind cor sinus reducer impl","C9783","HCPCS","","","","","","","facility","outpatient","","","","","","Healthspring","Medicare Managed Care Plan","12474.99","","","","","","","fee schedule","11851.24","37424.98","APC"
"Blood clot retraction","85170","HCPCS","","","","","","","facility","outpatient","","","","","","Ambetter","All Commercial Plans","24.45","","","","","","","fee schedule","10.6","48.9","Radiology"
"Blood clot retraction","85170","HCPCS","","","","","","","facility","outpatient","","","","","","Bcbs","Highmark Medicare Managed Care Plan","15.48","","","","","","","fee schedule","10.6","48.9","APC"
"Blood gases any combination","82803","HCPCS","","","","","","","facility","outpatient","","","","","","Aetna","All Commercial Plans","36.5","","","","","","","fee schedule","16.95","78.21","Radiology"
"Blood gases o2 sat only","82810","HCPCS","","","","","","","facility","outpatient","","","","","","Aetna","All Commercial Plans","10.84","","","","","","","fee schedule","6.35","29.31","Laboratory"
"Blood gases o2 sat only","82810","HCPCS","","","","","","","facility","outpatient","","","","","","Ambetter","All Commercial Plans","14.66","","","","","","","fee schedule","6.35","29.31","Radiology"
"Blood gases w/o2 saturation","82805","HCPCS","","","","","","","facility","outpatient","","","","","","Bcbs","Highmark All Commercial Plans","116.23","","","","","","","fee schedule","51.2","236.31","Radiology"
"Blood gases w/o2 saturation","82805","HCPCS","","","","","","","facility","outpatient","","","","","","Jefferson Health Plan","Health Partners Medicaid Managed Care/Aca Plan","236.31","","","","","","","fee schedule","51.2","236.31","APC"
"Blood sulfhemoglobin assay","83060","HCPCS","","","","","","","facility","outpatient","","","","","","Unitedhealthcare","All Commercial Plans","8.8","","","","","","","fee schedule","5.72","26.4",""
"Blood thymol turbidity","P2033","HCPCS","","","","","","","facility","outpatient","","","","","","Ambetter","All Commercial Plans","6.44","","","","","","","fee schedule","4.7","14.85","Laboratory"
"Blood type antigen donor ea","86902","HCPCS","","","","","","","facility","outpatient","","","","","","Ambetter","All Commercial Plans","581.02","","","","","","","fee schedule","4.13","1162.04","Radiology"
"Blood typing patient serum","86904","HCPCS","","","","","","","facility","outpatient","","","","","","Ambetter","All Commercial Plans","95.62","","","","","","","fee schedule","10.62","191.25","Radiology"
"Blood typing serologic abo","86900","HCPCS","","","","","","","facility","outpatient","","","","","","Amerihealth","Caritas Next Other Commercial Plan","230.04","","","","","","","fee schedule","1.94","431.33","Radiology"
"Blood volume","78122","HCPCS","","","","","","","facility","outpatient","","","","","","Cigna","All Commercial Plans","814.75","","","","","","","fee schedule","557.41","1760.25",""
"Body fluid cell count","89050","HCPCS","","","","","","","facility","outpatient","","","","","","Amerihealth","Medicare Managed Care Plan","5.1","","","","","","","fee schedule","3.07","14.16","APC"
"Body fluid cell count","89051","HCPCS","","","","","","","facility","outpatient","","","","","","Jefferson Health Plan","Health Partners Medicaid Managed Care/Aca Plan","16.8","","","","","","","fee schedule","3.64","16.8","APC"
"Body fluid specific gravity","84315","HCPCS","","","","","","","facility","outpatient","","","","","","Jefferson Health Plan","Health Partners Medicaid Managed Care/Aca Plan","9.84","","","","","","","fee schedule","2.13","9.84","APC"
"Bone Diseases And Arthropathies With Mcc","553","MS-DRG","","","","","","","facility","inpatient","","","","","","Jefferson Health Plan","Health Partners Medicaid Managed Care/Aca Plan","30463.05","","","","","","","fee schedule","11379.45","30463.05",""
"Bone biopsy trocar/needle","20225","HCPCS","","","","","","","facility","outpatient","","","","","","Bcbs","Highmark All Commercial Plans","2633.42","","","","","","","fee schedule","1695.53","5354.29","Radiology"
"Bone imaging limited area","78300","HCPCS","","","","","","","facility","outpatient","","","","","","Jefferson Health Plan","Health Partners Medicare Managed Care Plan","453.6","","","","","","","fee schedule","410.4","1296.01","APC"
"Bone marrow aspiration","38220","HCPCS","","","","","","","facility","outpatient","","","","","","Amerihealth","Caritas Next Other Commercial Plan","2855.62","","","","","","","fee schedule","1695.53","5354.29","Radiology"
"Bone marrow aspiration","38220","HCPCS","","","","","","","facility","outpatient","","","","","","Jefferson Health Plan","Health Partners Medicaid Managed Care/Aca Plan","5354.29","","","","","","","fee schedule","1695.53","5354.29","APC"
"Bone marrow harvest allogen","38230","HCPCS","","","","","","","facility","outpatient","","","","","","Jefferson Health Plan","Health Partners Medicare Managed Care Plan","1767.15","","","","","","","fee schedule","1598.85","5049.01","APC"
"Bone marrow imaging body","78104","HCPCS","","","","","","","facility","outpatient","","","","","","Unitedhealthcare","All Commercial Plans","673.73","","","","","","","fee schedule","410.4","1296.01",""
"Bone marrow interpretation","85097","HCPCS","","","","","","","facility","outpatient","","","","","","Bcbs","Highmark Health Options Medicare Managed Care Plan","892.41","","","","","","","fee schedule","33.31","2611.92","APC"
"Bone marrow interpretation","85097","HCPCS","","","","","","","facility","outpatient","","","","","","Jefferson Health Plan","Health Partners Medicaid Managed Care/Aca Plan","2611.92","","","","","","","fee schedule","33.31","2611.92","APC"
"Bone/skin graft iliac crest","20970","HCPCS","","","","","","","facility","outpatient","","","","","","Bcbs","Highmark Wholecare Medicare Managed Care Plan","8625.41","","","","","","","fee schedule","7449.22","23523.84","APC"
"Bone/skin graft microvasc","20969","HCPCS","","","","","","","facility","outpatient","","","","","","Amerihealth","Caritas Next Other Commercial Plan","12546.05","","","","","","","fee schedule","7449.22","23523.84","Radiology"
"Bordetella antibody","86615","HCPCS","","","","","","","facility","outpatient","","","","","","Ambetter","All Commercial Plans","17.15","","","","","","","fee schedule","8.57","39.57","Laboratory"
"Brachytx isodose plan simple","77316","HCPCS","","","","","","","facility","outpatient","","","","","","Jefferson Health Plan","Health Partners Medicare Managed Care Plan","424.85","","","","","","","fee schedule","384.39","1213.86","APC"
"Brachytx, non-stranded,P-103","2641","APC","","","","","","","facility","outpatient","","","","","","Unitedhealthcare","Medicare Managed Care Plan","","","[Ambulance--Air ($): 3733] [Ambulance--Land ($): 400] [APC ($): FEE SCHEDULE]","","","","0","other","","","No services performed during 15-month lookback period."
"Braf gene","81210","HCPCS","","","","","","","facility","outpatient","","","","","","Aetna","All Commercial Plans","245.56","","","","","","","fee schedule","114.01","526.2","Radiology"
"Brain canal shunt procedure","61070","HCPCS","","","","","","","facility","outpatient","","","","","","Bcbs","Highmark All Commercial Plans","1125.51","","","","","","","fee schedule","724.66","2288.39","Radiology"
"Brain image 4+ views","78605","HCPCS","","","","","","","facility","outpatient","","","","","","Cigna","All Commercial Plans","814.75","","","","","","","fee schedule","557.41","1760.25",""
"Brain image < 4 views","78600","HCPCS","","","","","","","facility","outpatient","","","","","","Bcbs","Highmark Wholecare Medicare Managed Care Plan","475.21","","","","","","","fee schedule","410.4","1296.01","APC"
"Brain image w/flow 4 + views","78606","HCPCS","","","","","","","facility","outpatient","","","","","","Bcbs","Highmark Health Options Medicare Managed Care Plan","601.42","","","","","","","fee schedule","557.41","1760.25","APC"
"Brca1 gene full seq alys","81165","HCPCS","","","","","","","facility","outpatient","","","","","","Aetna","All Commercial Plans","314","","","","","","","fee schedule","268.74","848.64","Laboratory"
"Brca1&2 seq & full dup/del","81162","HCPCS","","","","","","","facility","outpatient","","","","","","Bcbs","Highmark All Commercial Plans","2692.61","","","","","","","fee schedule","1186.17","5474.64","Radiology"
"Brca2 gene full dup/del alys","81167","HCPCS","","","","","","","facility","outpatient","","","","","","Amerihealth","Caritas Next Other Commercial Plan","282.88","","","","","","","fee schedule","183.87","848.64","Laboratory"
"Brca2 gene full sequence","81216","HCPCS","","","","","","","facility","outpatient","","","","","","Ambetter","All Commercial Plans","240.66","","","","","","","fee schedule","120.33","555.36","Laboratory"
"Breast reconstruction","19357","HCPCS","","","","","","","facility","outpatient","","","","","","Bcbs","Highmark All Commercial Plans","21973.3","","","","","","","fee schedule","14147.5","44676.32","Radiology"
"Breath hydrogen/methane test","91065","HCPCS","","","","","","","facility","outpatient","","","","","","Ambetter","All Commercial Plans","350","","","","","","","fee schedule","221.67","700","Radiology"
"Breathing capacity test","94010","HCPCS","","","","","","","facility","outpatient","","","","","","Aetna","Medicare Managed Care Plan","240.33","","","","","","","fee schedule","221.67","700","APC"
"Brief chkin, 5-10, non-e/m","G2251","HCPCS","","","","","","","facility","outpatient","","","","","","Aetna","All Commercial Plans","14.94","","","","","","","fee schedule","10.14","32.01","Radiology"
"Brief chkin, 5-10, non-e/m","G2251","HCPCS","","","","","","","facility","outpatient","","","","","","Amerihealth","Caritas Next Other Commercial Plan","17.07","","","","","","","fee schedule","10.14","32.01","Radiology"
"Bronch ebus samplng 1/2 node","31652","HCPCS","","","","","","","facility","outpatient","","","","","","Amerihealth","Medicare Managed Care Plan","4351.28","","","","","","","fee schedule","3827.51","12086.88","APC"
"Bronch ebus samplng 1/2 node","31652","HCPCS","","","","","","","facility","outpatient","","","","","","Healthspring","Medicare Managed Care Plan","4028.96","","","","","","","fee schedule","3827.51","12086.88","APC"
"Bronchial allergy tests","95070","HCPCS","","","","","","","facility","outpatient","","","","","","Jefferson Health Plan","Health Partners Medicare Managed Care Plan","423.41","","","","","","","fee schedule","383.08","1209.74","APC"
"Bronchial brush biopsy","31717","HCPCS","","","","","","","facility","outpatient","","","","","","Jefferson Health Plan","Health Partners Medicaid Managed Care/Aca Plan","1267.96","","","","","","","fee schedule","401.52","1267.96","APC"
"Bronchial brush biopsy","31717","HCPCS","","","","","","","facility","outpatient","","","","","","Jefferson Health Plan","Health Partners Medicare Managed Care Plan","443.79","","","","","","","fee schedule","401.52","1267.96","APC"
"Bronchial valve init insert","31647","HCPCS","","","","","","","facility","outpatient","","","","","","Jefferson Health Plan","Health Partners Medicare Managed Care Plan","8007.82","","","","","","","fee schedule","7245.17","22879.5","APC"
"Bronchial valve remov init","31648","HCPCS","","","","","","","facility","outpatient","","","","","","Amerihealth","Medicare Managed Care Plan","4351.28","","","","","","","fee schedule","3827.51","12086.88","APC"
"Bronchitis And Asthma With Cc/Mcc","202","MS-DRG","","","","","","","facility","inpatient","","","","","","Bcbs","Highmark Health Options Medicare Managed Care Plan","","","[MSDRG Base Rate: FEE SCHEDULE]","1188.42","1188.42","1188.42","1 through 10","other","","","Contracting method is an algorithm described in the 'standard_charges|algorithm' field. The allowed amount provided accounts for the structural rates, conditions, and utilization elements inherent in the payer’s algorithm."
"Bronchitis And Asthma With Cc/Mcc","202","MS-DRG","","","","","","","facility","inpatient","","","","","","Unitedhealthcare","All Commercial Plans","","91","","","","","0","percent of total billed charges","","","No services performed during 15-month lookback period."
"Bronchoscopy bronch stents","31636","HCPCS","","","","","","","facility","outpatient","","","","","","Jefferson Health Plan","Health Partners Medicare Managed Care Plan","8007.82","","","","","","","fee schedule","7245.17","22879.5","APC"
"Bronchoscopy reclear airway","31646","HCPCS","","","","","","","facility","outpatient","","","","","","Jefferson Health Plan","Health Partners Medicaid Managed Care/Aca Plan","1267.96","","","","","","","fee schedule","401.52","1267.96","APC"
"Bronchoscopy revise stent","31638","HCPCS","","","","","","","facility","outpatient","","","","","","Jefferson Health Plan","Health Partners Medicaid Managed Care/Aca Plan","22879.5","","","","","","","fee schedule","7245.17","22879.5","APC"
"Bronchoscopy w/tumor excise","31640","HCPCS","","","","","","","facility","outpatient","","","","","","Healthspring","Medicare Managed Care Plan","4028.96","","","","","","","fee schedule","3827.51","12086.88","APC"
"Bundle, total hip dual mobility cap.","PacuWmSup115025","CDM","278","RC","C1776","HCPCS","","","facility","both","","","","32390.61","32390.61","","","","","","","","","","","","","Gross Charge Type: Main Acute Price List"
"Bundle, total hip dual mobility cap.","ScanChSup115025","CDM","278","RC","C1776","HCPCS","","","facility","both","","","","32390.61","32390.61","","","","","","","","","","","","","Gross Charge Type: Main Acute Price List"
"Buttock fasciotomy w/dbrdmt","27057","HCPCS","","","","","","","facility","outpatient","","","","","","Bcbs","Highmark Wholecare Medicare Managed Care Plan","1911.41","","","","","","","fee schedule","1650.76","5212.93","APC"
"Bx of cervix w/scope leep","57460","HCPCS","","","","","","","facility","outpatient","","","","","","Bcbs","Highmark Medicare Managed Care Plan","3323.23","","","","","","","fee schedule","3323.23","10494.4","APC"
"Bx prst8 tprn us w/mri fus 1","55710","HCPCS","","","","","","","facility","outpatient","","","","","","Aetna","All Commercial Plans","5332.88","","","","","","","fee schedule","3618.74","11427.6","Radiology"
"Bx prst8 tprn us w/mri fus 1","55710","HCPCS","","","","","","","facility","outpatient","","","","","","Bcbs","Highmark All Commercial Plans","5620.47","","","","","","","fee schedule","3618.74","11427.6","Radiology"
"Bx prst8 trct us guided","55707","HCPCS","","","","","","","facility","outpatient","","","","","","Aetna","Medicare Managed Care Plan","3923.47","","","","","","","fee schedule","3618.74","11427.6","APC"
"C diff tox ag detcj ia stool","0107U","HCPCS","","","","","","","facility","outpatient","","","","","","Jefferson Health Plan","Health Partners Medicare Managed Care Plan","16.8","","","","","","","fee schedule","10.4","48","APC"
"C2 COMPLEMENT SERUM","ChemWm6770","CDM","301","RC","86160","HCPCS","","","facility","both","","","","231.33","231.33","","","","","","","","","","","","","Gross Charge Type: Main Acute Price List"
"CABLE, 1.0X470MM TI SINGLE-LEAD","OperChSup21597","CDM","278","RC","C1713","HCPCS","","","facility","both","","","","1770.31","1770.31","","","","","","","","","","","","","Gross Charge Type: Main Acute Price List"
"CABLE, 1.0X470MM TI SINGLE-LEAD","Wilm5421597","CDM","278","RC","C1713","HCPCS","","","facility","both","","","","1770.31","1770.31","","","","","","","","","","","","","Gross Charge Type: Main Acute Price List"
"CABLE, 4 PIN 2MM","OperWmSup64698","CDM","272","RC","","","","","facility","both","","","","211.46","211.46","","","","","","","","","","","","","Gross Charge Type: Main Acute Price List"
"CABLE, 4 PIN SURELINK 120CM","GastWmSup39466","CDM","272","RC","","","","","facility","both","","","","211.46","211.46","","","","","","","","","","","","","Gross Charge Type: Main Acute Price List"
"CABLE, CARTO 3 ECO INTERFACE 10FT","EplbChSup77208","CDM","272","RC","","","","","facility","both","","","","1047.15","1047.15","","","","","","","","","","","","","Gross Charge Type: Main Acute Price List"
"CABLE, CERCLAGE W/CRIMP 1.8X365MM","GastChSup25840","CDM","278","RC","C1713","HCPCS","","","facility","both","","","","2676.17","2676.17","","","","","","","","","","","","","Gross Charge Type: Main Acute Price List"
"CABLE, COAXIAL UMBILICAL","CspuChSup35738","CDM","270","RC","","","","","facility","both","","","","893.16","893.16","","","","","","","","","","","","","Gross Charge Type: Main Acute Price List"
"CABLE, CRIMP 1.7MM COCR 750MM","DelrChSup113687","CDM","278","RC","C1713","HCPCS","","","facility","both","","","","2667.37","2667.37","","","","","","","","","","","","","Gross Charge Type: Main Acute Price List"
"CABLE, HALO CONNECTOR","CspuChSup69307","CDM","270","RC","","","","","facility","both","","","","195.63","195.63","","","","","","","","","","","","","Gross Charge Type: Main Acute Price List"
"CABLE, HALO CONNECTOR","GastWmSup69307","CDM","270","RC","","","","","facility","both","","","","195.63","195.63","","","","","","","","","","","","","Gross Charge Type: Main Acute Price List"
"CABLE, ORBITOR EXTENSION -24PIN","PacuChSup55274","CDM","272","RC","","","","","facility","both","","","","192.88","192.88","","","","","","","","","","","","","Gross Charge Type: Main Acute Price List"
"CABLE, ORBITOR EXTENSION -24PIN","ScanChSup55274","CDM","272","RC","","","","","facility","both","","","","192.88","192.88","","","","","","","","","","","","","Gross Charge Type: Main Acute Price List"
"CABLE, QUADRIPOLAR CONNECTOR 4PIN 150CM","GastChSup55276","CDM","272","RC","","","","","facility","both","","","","230.75","230.75","","","","","","","","","","","","","Gross Charge Type: Main Acute Price List"
"CABLE, RED INTERFACE FOR NAVIGATION","ScanWmSup44158","CDM","270","RC","","","","","facility","both","","","","1772.75","1772.75","","","","","","","","","","","","","Gross Charge Type: Main Acute Price List"
"CABLE, RESPONSE-RED 10PIN DECAPOLAR 150CM","CcthChSup55275","CDM","272","RC","","","","","facility","both","","","","211.46","211.46","","","","","","","","","","","","","Gross Charge Type: Main Acute Price List"
"CABLE, SAFIRE 300CM","CLDRChSup70432","CDM","272","RC","","","","","facility","both","","","","513.46","513.46","","","","","","","","","","","","","Gross Charge Type: Main Acute Price List"
"CABLE, STIMULATION GROUNDING","PacuChSup106227","CDM","272","RC","","","","","facility","both","","","","44.4","44.4","","","","","","","","","","","","","Gross Charge Type: Main Acute Price List"
"CABLE, SUPREME EXTENSION BLUE","ScpuChSup77188","CDM","272","RC","","","","","facility","both","","","","195.63","195.63","","","","","","","","","","","","","Gross Charge Type: Main Acute Price List"
"CABLE, SURE LINK EXTENSION 7FT 10PIN","Chrs5454918","CDM","272","RC","","","","","facility","both","","","","211.46","211.46","","","","","","","","","","","","","Gross Charge Type: Main Acute Price List"
"CABLE, SURE LINK EXTENSION 7FT 10PIN","GastChSup54918","CDM","272","RC","","","","","facility","both","","","","211.46","211.46","","","","","","","","","","","","","Gross Charge Type: Main Acute Price List"
"CABLE, SURE LINK QUAD CONNECTOR 4FT 4PIN","PacuChSup54919","CDM","272","RC","","","","","facility","both","","","","211.46","211.46","","","","","","","","","","","","","Gross Charge Type: Main Acute Price List"
"CABLE, SURE LINK QUAD CONNECTOR BLUE 4FT 4PIN","AnesChSup77191","CDM","272","RC","","","","","facility","both","","","","211.46","211.46","","","","","","","","","","","","","Gross Charge Type: Main Acute Price List"
"CABLE, SURE LINK QUAD CONNECTOR GRAY 210CM 4PIN","CLDRChSup77192","CDM","272","RC","","","","","facility","both","","","","192.88","192.88","","","","","","","","","","","","","Gross Charge Type: Main Acute Price List"
"CABLE, TRAIL MULTILEAD","EplbChSup66745","CDM","278","RC","C1897","HCPCS","","","facility","both","","","","1219.63","1219.63","","","","","","","","","","","","","Gross Charge Type: Main Acute Price List"
"CABLE, WHITE PUMP CONN IMPELLA","Chrs5466046","CDM","270","RC","","","","","facility","both","","","","1592.79","1592.79","","","","","","","","","","","","","Gross Charge Type: Main Acute Price List"
"CAGE, 10X34X24 10 DEGREE BRIGADE LATERAL","AnesWmSup118124","CDM","278","RC","","","","","facility","both","","","","28959.75","28959.75","","","","","","","","","","","","","Gross Charge Type: Main Acute Price List"
"CAGE, 10X38X28MM 4 DEGREE MLX","AnesWmSup111043","CDM","278","RC","C1821","HCPCS","","","facility","both","","","","36199.69","36199.69","","","","","","","","","","","","","Gross Charge Type: Main Acute Price List"
"CAGE, 16X42X30MM 12 DEGREE","ScorChSup111986","CDM","278","RC","C1821","HCPCS","","","facility","both","","","","26642.97","26642.97","","","","","","","","","","","","","Gross Charge Type: Main Acute Price List"
"CAGE, 8X38X28MM 8 DEGREE MLX","GastChSup116321","CDM","278","RC","","","","","facility","both","","","","38498.36","38498.36","","","","","","","","","","","","","Gross Charge Type: Main Acute Price List"
"CAGE, BENGAL 18MM 6 DEGREE","ScpuWmSup118700","CDM","278","RC","C1889","HCPCS","","","facility","both","","","","13551.42","13551.42","","","","","","","","","","","","","Gross Charge Type: Main Acute Price List"
"CAGE, BENGAL STACK STD LOR 20MM","ScpuWmSup74052","CDM","278","RC","C1889","HCPCS","","","facility","both","","","","13551.42","13551.42","","","","","","","","","","","","","Gross Charge Type: Main Acute Price List"
"CAGE, BENGAL STACK STD LOR 22MM","GastChSup71581","CDM","278","RC","C1889","HCPCS","","","facility","both","","","","13551.42","13551.42","","","","","","","","","","","","","Gross Charge Type: Main Acute Price List"
"CAGE, BENGAL STACK STD LOR 22MM","ScorWmSup71581","CDM","278","RC","C1889","HCPCS","","","facility","both","","","","13551.42","13551.42","","","","","","","","","","","","","Gross Charge Type: Main Acute Price List"
"CAGE, BENGAL STACK STD LOR 28MM","CcthChSup75288","CDM","278","RC","C1889","HCPCS","","","facility","both","","","","12742.29","12742.29","","","","","","","","","","","","","Gross Charge Type: Main Acute Price List"
"CAGE, BENGAL STACK STD LOR 32MM","ScpuChSup106770","CDM","278","RC","C1889","HCPCS","","","facility","both","","","","12742.29","12742.29","","","","","","","","","","","","","Gross Charge Type: Main Acute Price List"
"CAGE, BENGAL STACK STD PAR 24MM 106810","OperChSup106810","CDM","278","RC","","","","","facility","both","","","","12742.29","12742.29","","","","","","","","","","","","","Gross Charge Type: Main Acute Price List"
"CAGE, BENGAL STACK STD PAR 24MM","OperWmSup70993","CDM","278","RC","C1889","HCPCS","","","facility","both","","","","13551.42","13551.42","","","","","","","","","","","","","Gross Charge Type: Main Acute Price List"
"CAGE, BENGAL STACK STD PAR 24MM","Wilm5470993","CDM","278","RC","C1889","HCPCS","","","facility","both","","","","13551.42","13551.42","","","","","","","","","","","","","Gross Charge Type: Main Acute Price List"
"CAGE, BENGAL STACK STD PAR 26MM 106349","ScpuChSup106349","CDM","278","RC","","","","","facility","both","","","","13551.42","13551.42","","","","","","","","","","","","","Gross Charge Type: Main Acute Price List"
"CAGE, BENGAL STACK STD PAR 28MM","EplbChSup106778","CDM","278","RC","","","","","facility","both","","","","12742.29","12742.29","","","","","","","","","","","","","Gross Charge Type: Main Acute Price List"
"CAGE, CAVUX CERVICAL X 4MM","GastChSup118236","CDM","278","RC","","","","","facility","both","","","","9798.84","9798.84","","","","","","","","","","","","","Gross Charge Type: Main Acute Price List"
"CAGE, CAVUX CERVICAL X 4MM","OperChSup118236","CDM","278","RC","","","","","facility","both","","","","9798.84","9798.84","","","","","","","","","","","","","Gross Charge Type: Main Acute Price List"
"CAGE, CERVICAL BULL-NOSE DTRAX","GastChSup59756","CDM","278","RC","","","","","facility","both","","","","10425.51","10425.51","","","","","","","","","","","","","Gross Charge Type: Main Acute Price List"
"CAGE, CERVICAL BULL-NOSE DTRAX","GyscChSup59756","CDM","278","RC","","","","","facility","both","","","","10425.51","10425.51","","","","","","","","","","","","","Gross Charge Type: Main Acute Price List"
"CAGE, CLYDESDALE PEEK IB 0 10X50MM","GastWmSup57836","CDM","278","RC","C1821","HCPCS","","","facility","both","","","","20271.82","20271.82","","","","","","","","","","","","","Gross Charge Type: Main Acute Price List"
"CAGE, CLYDESDALE PEEK IB 6 10X50MM","ScanWmSup57811","CDM","278","RC","","","","","facility","both","","","","20271.82","20271.82","","","","","","","","","","","","","Gross Charge Type: Main Acute Price List"
"CAGE, ELEVATE 10X23MM EXPANDABLE","OperWmSup10195870","CDM","278","RC","C1889","HCPCS","","","facility","both","","","","24878.4","24878.4","","","","","","","","","","","","","Gross Charge Type: Main Acute Price List"
"CAGE, MLX 12X34X24 8 DEGREE","GastWmSup110799","CDM","278","RC","C1821","HCPCS","","","facility","both","","","","36199.69","36199.69","","","","","","","","","","","","","Gross Charge Type: Main Acute Price List"
"CAGE, SPINAL ANT LUMBAR 10X28MMX36MM 10 DEGREE","OperChSup10195660","CDM","278","RC","C1831","HCPCS","","","facility","both","","","","28801.89","28801.89","","","","","","","","","","","","","Gross Charge Type: Main Acute Price List"
"CAGE, SPINAL CAPRI EXTERNAL 17X22X38-46MM","ScorChSup10194954","CDM","278","RC","C1831","HCPCS","","","facility","both","","","","19288.73","19288.73","","","","","","","","","","","","","Gross Charge Type: Main Acute Price List"
"CAGE, SPINAL MONTEREY ANT LUMBAR 10 DEGREE 12X25X33MM","OperWmSup10194955","CDM","278","RC","C1831","HCPCS","","","facility","both","","","","28801.89","28801.89","","","","","","","","","","","","","Gross Charge Type: Main Acute Price List"
"CAGE, STRATOSPHERE","ScorWmSup119132","CDM","272","RC","C1889","HCPCS","","","facility","both","","","","42860.43","42860.43","","","","","","","","","","","","","Gross Charge Type: Main Acute Price List"
"CALCIUM,IONIZED","POCTNR2165","CDM","301","RC","82330","HCPCS","","","facility","both","","","","98.56","98.56","","","","","","","","","","","","","Gross Charge Type: Main Acute Price List"
"CANDIDA DNA DIRECT PROBE","MicrWm2267","CDM","306","RC","87480","HCPCS","","","facility","both","","","","109.01","109.01","","","","","","","","","","","","","Gross Charge Type: Main Acute Price List"
"CANDIDA SP DNA PROBE","MicrWm1028","CDM","306","RC","87481","HCPCS","","","facility","both","","","","174.03","174.03","","","","","","","","","","","","","Gross Charge Type: Main Acute Price List"
"CANISTER, MAX ASPIRATION LARGE","CLDRChSup65243","CDM","270","RC","","","","","facility","both","","","","2114.06","2114.06","","","","","","","","","","","","","Gross Charge Type: Main Acute Price List"
"CANNISTER, 400CC SUCTION W/LID","CcccCR39520","CDM","270","RC","","","","","facility","both","","","","15.4","15.4","","","","","","","","","","","","","Gross Charge Type: Main Acute Price List"
"CANNISTER, 400CC SUCTION W/LID","GyscChSup39520","CDM","270","RC","","","","","facility","both","","","","15.4","15.4","","","","","","","","","","","","","Gross Charge Type: Main Acute Price List"
"CANNISTER, MAX ASPIRATION PAPS3","ScpuChSup75963","CDM","272","RC","","","","","facility","both","","","","2248.3","2248.3","","","","","","","","","","","","","Gross Charge Type: Main Acute Price List"
"CANNULA, 25G VALVED 3-CT","ScorWmSup76662","CDM","272","RC","","","","","facility","both","","","","344.51","344.51","","","","","","","","","","","","","Gross Charge Type: Main Acute Price List"
"CANNULA, AORTIC STRAIGHT TIP EZ GLIDE 21FR","AnesWmSup112966","CDM","272","RC","","","","","facility","both","","","","294.5","294.5","","","","","","","","","","","","","Gross Charge Type: Main Acute Price List"
"CANNULA, AORTIC STRAIGHT TIP EZ GLIDE 21FR","EplbChSup112966","CDM","272","RC","","","","","facility","both","","","","294.5","294.5","","","","","","","","","","","","","Gross Charge Type: Main Acute Price List"
"CANNULA, ARTERIAL ELONG ONE-PIECE W/GUIDEWIRE 22FR","PacuWmSup53870","CDM","272","RC","","","","","facility","both","","","","351.27","351.27","","","","","","","","","","","","","Gross Charge Type: Main Acute Price List"
"CANNULA, ARTERIAL GUIDEWIRE 18FR","CcthChSup45582","CDM","272","RC","","","","","facility","both","","","","351.27","351.27","","","","","","","","","","","","","Gross Charge Type: Main Acute Price List"
"CANNULA, ARTERIAL GUIDEWIRE 22FR","GyscChSup45583","CDM","272","RC","","","","","facility","both","","","","351.27","351.27","","","","","","","","","","","","","Gross Charge Type: Main Acute Price List"
"CANNULA, CONTOUR ERCP 5FR 5-4-3","ScpuWmSup42092","CDM","272","RC","","","","","facility","both","","","","260.64","260.64","","","","","","","","","","","","","Gross Charge Type: Main Acute Price List"
"CANNULA, DUALBORE SIDEFLOW","ScanChSup66382","CDM","272","RC","","","","","facility","both","","","","299.36","299.36","","","","","","","","","","","","","Gross Charge Type: Main Acute Price List"
"CANNULA, ERCP TAPERED TIP","CspuChSup213831","CDM","270","RC","","","","","facility","both","","","","263.48","263.48","","","","","","","","","","","","","Gross Charge Type: Main Acute Price List"
"CANNULA, ERCP TAPERED TIP","GastWmSup213831","CDM","270","RC","","","","","facility","both","","","","263.48","263.48","","","","","","","","","","","","","Gross Charge Type: Main Acute Price List"
"CANNULA, FEMORAL PERCUTANEOUS 17FR","Wilm5453872","CDM","272","RC","","","","","facility","both","","","","1890.42","1890.42","","","","","","","","","","","","","Gross Charge Type: Main Acute Price List"
"CANNULA, IVAS VERTEPORT CEMENT 11G","Chrs5454841","CDM","272","RC","","","","","facility","both","","","","333.98","333.98","","","","","","","","","","","","","Gross Charge Type: Main Acute Price List"
"CANNULA, MIS SCREW STRL","OperWmSup72546","CDM","278","RC","","","","","facility","both","","","","2116.38","2116.38","","","","","","","","","","","","","Gross Charge Type: Main Acute Price List"
"CANNULA, NASAL OXYMIZER CONS PENDANT","OperChSup109806","CDM","272","RC","","","","","facility","both","","","","115.26","115.26","","","","","","","","","","","","","Gross Charge Type: Main Acute Price List"
"CANNULA, PERFUSION DLP 15FR 12.5IN ADULT CORONARY SINUS RETROGRADE WIREWOUND SELF-INFLATING CUFF PRESSURE LINE TRU-TOUCH HANDLE AUTO-SMOOTH STOPCOCK STYLET POLYURETHANE PVC","AngiChSup118897","CDM","272","RC","","","","","facility","both","","","","527.83","527.83","","","","","","","","","","","","","Gross Charge Type: Main Acute Price List"
"CANNULA, PERFUSION DLP 15FR 12.5IN ADULT CORONARY SINUS RETROGRADE WIREWOUND SELF-INFLATING CUFF PRESSURE LINE TRU-TOUCH HANDLE AUTO-SMOOTH STOPCOCK STYLET POLYURETHANE PVC","ScpuChSup118897","CDM","272","RC","","","","","facility","both","","","","527.83","527.83","","","","","","","","","","","","","Gross Charge Type: Main Acute Price List"
"CANNULA, RETROGRADE TIP-DEFLECTIVE 13FR","CspuChSup54085","CDM","272","RC","","","","","facility","both","","","","518.29","518.29","","","","","","","","","","","","","Gross Charge Type: Main Acute Price List"
"CANNULA, RETROGRADE TIP-DEFLECTIVE 13FR","ScpuChSup54085","CDM","272","RC","","","","","facility","both","","","","518.29","518.29","","","","","","","","","","","","","Gross Charge Type: Main Acute Price List"
"CANNULA, SUBRETINAL INJECT 25G","CcthChSup30750","CDM","270","RC","","","","","facility","both","","","","750.45","750.45","","","","","","","","","","","","","Gross Charge Type: Main Acute Price List"
"CANNULA, TRANDPORT 4,5,6","AnesWmSup120089","CDM","272","RC","","","","","facility","both","","","","588.26","588.26","","","","","","","","","","","","","Gross Charge Type: Main Acute Price List"
"CANNULA, TRANDPORT 4,5,6","OperWmSup120089","CDM","272","RC","","","","","facility","both","","","","588.26","588.26","","","","","","","","","","","","","Gross Charge Type: Main Acute Price List"
"CANNULA, TRANSPORT 7,8,9","AnesChSup120090","CDM","272","RC","","","","","facility","both","","","","588.26","588.26","","","","","","","","","","","","","Gross Charge Type: Main Acute Price List"
"CANNULA, TRANSPORT 7,8,9","ScanWmSup120090","CDM","272","RC","","","","","facility","both","","","","588.26","588.26","","","","","","","","","","","","","Gross Charge Type: Main Acute Price List"
"CANNULA, VEIN SAPHENOUS","ScpuWmSup82909","CDM","270","RC","","","","","facility","both","","","","31.28","31.28","","","","","","","","","","","","","Gross Charge Type: Main Acute Price List"
"CANNULA,ANGIOVAC W/DILATOR 20DEG ANGLE PG","ScorChSup68471","CDM","272","RC","","","","","facility","both","","","","66607.43","66607.43","","","","","","","","","","","","","Gross Charge Type: Main Acute Price List"
"CANNULA,CORONARY ARTERY RT ANGLE BAL 8.0MM","AnesChSup74722","CDM","270","RC","","","","","facility","both","","","","548.22","548.22","","","","","","","","","","","","","Gross Charge Type: Main Acute Price List"
"CANNULA,CORONARY ARTERY RT ANGLE BAL 8.0MM","PacuWmSup74722","CDM","270","RC","","","","","facility","both","","","","548.22","548.22","","","","","","","","","","","","","Gross Charge Type: Main Acute Price List"
"CANNULA,FEMOR VENOUS BIOLINE HLS 25FRX55","CLDRChSup73358","CDM","272","RC","","","","","facility","both","","","","2893.79","2893.79","","","","","","","","","","","","","Gross Charge Type: Main Acute Price List"
"CANNULA,FEMOR VENOUS BIOLINE HLS 25FRX55","DelrChSup73358","CDM","272","RC","","","","","facility","both","","","","2893.79","2893.79","","","","","","","","","","","","","Gross Charge Type: Main Acute Price List"
"CANNULA,FEMOR VENOUS BIOLINE HLS 25FRX55","ScorWmSup73358","CDM","272","RC","","","","","facility","both","","","","2893.79","2893.79","","","","","","","","","","","","","Gross Charge Type: Main Acute Price List"
"CANNULA,SUCTION SHARP TIP 45 DEGREE 2.0M","ScanWmSup62680","CDM","272","RC","","","","","facility","both","","","","1718.69","1718.69","","","","","","","","","","","","","Gross Charge Type: Main Acute Price List"
"CAP CODE EMPHASYS","PacuWmSup119946","CDM","278","RC","C1776","HCPCS","","","facility","both","","","","30121.13","30121.13","","","","","","","","","","","","","Gross Charge Type: Main Acute Price List"
"CAP CODE EMPHASYS","ScanWmSup119946","CDM","278","RC","C1776","HCPCS","","","facility","both","","","","30121.13","30121.13","","","","","","","","","","","","","Gross Charge Type: Main Acute Price List"
"CAP, 11.5MM T2 END +15MM","ScanChSup23139","CDM","270","RC","","","","","facility","both","","","","902.5","902.5","","","","","","","","","","","","","Gross Charge Type: Main Acute Price List"
"CAP, END 11.5, +10MM","AnesChSup79953","CDM","278","RC","","","","","facility","both","","","","1156.06","1156.06","","","","","","","","","","","","","Gross Charge Type: Main Acute Price List"
"CAP, END 11.5, +10MM","DelrChSup79953","CDM","278","RC","","","","","facility","both","","","","1156.06","1156.06","","","","","","","","","","","","","Gross Charge Type: Main Acute Price List"
"CAP, END 11.5, +10MM","OperWmSup79953","CDM","278","RC","","","","","facility","both","","","","1156.06","1156.06","","","","","","","","","","","","","Gross Charge Type: Main Acute Price List"
"CAP, END FOR RFNA 0MM STRL","AngiWmSup110014","CDM","278","RC","C1713","HCPCS","","","facility","both","","","","1468.36","1468.36","","","","","","","","","","","","","Gross Charge Type: Main Acute Price List"
"CAP, END FOR TNA 0MM","ScpuWmSup112116","CDM","278","RC","C1713","HCPCS","","","facility","both","","","","1468.36","1468.36","","","","","","","","","","","","","Gross Charge Type: Main Acute Price List"
"CAP, END FOR TNA 15MM STRL","AngiChSup111038","CDM","278","RC","C1713","HCPCS","","","facility","both","","","","1468.36","1468.36","","","","","","","","","","","","","Gross Charge Type: Main Acute Price List"
"CAP, END FOR TNA 5MM STRL","ScorWmSup110588","CDM","278","RC","C1713","HCPCS","","","facility","both","","","","1468.36","1468.36","","","","","","","","","","","","","Gross Charge Type: Main Acute Price List"
"CAP, END T40 FEMORAL NAIL 12X5MM STRL","EplbChSup107408","CDM","278","RC","C1713","HCPCS","","","facility","both","","","","1335.16","1335.16","","","","","","","","","","","","","Gross Charge Type: Main Acute Price List"
"CAP, END TI T25 STARDRIVE HINDFOOT ARTHRODESIS NAIL STRL","ScorChSup107304","CDM","278","RC","C1713","HCPCS","","","facility","both","","","","1349.93","1349.93","","","","","","","","","","","","","Gross Charge Type: Main Acute Price List"
"CAP, LOCKING 3.5T","GastWmSup76963","CDM","278","RC","C1713","HCPCS","","","facility","both","","","","769.97","769.97","","","","","","","","","","","","","Gross Charge Type: Main Acute Price List"
"CAP, LOCKING 3.5T","PacuWmSup76963","CDM","278","RC","C1713","HCPCS","","","facility","both","","","","769.97","769.97","","","","","","","","","","","","","Gross Charge Type: Main Acute Price List"
"CAP, LOCKING X-DRIVE","ScanChSup114325","CDM","278","RC","C1713","HCPCS","","","facility","both","","","","1769.24","1769.24","","","","","","","","","","","","","Gross Charge Type: Main Acute Price List"
"CAP, PROTECTIVE FOR 4.0MM FIXATION PIN","GyscChSup31803","CDM","270","RC","","","","","facility","both","","","","396.74","396.74","","","","","","","","","","","","","Gross Charge Type: Main Acute Price List"
"CAP, PROTECTIVE TIP WHITE 4MM","ScpuChSup60808","CDM","278","RC","C1776","HCPCS","","","facility","both","","","","277.19","277.19","","","","","","","","","","","","","Gross Charge Type: Main Acute Price List"
"CAP, REVEAL DISTAL ATTACHMENT 11.8MM OD","PacuChSup70580","CDM","272","RC","","","","","facility","both","","","","101.13","101.13","","","","","","","","","","","","","Gross Charge Type: Main Acute Price List"
"CAP, REVEAL DISTAL ATTACHMENT 11.8MM OD","ScpuWmSup70580","CDM","272","RC","","","","","facility","both","","","","101.13","101.13","","","","","","","","","","","","","Gross Charge Type: Main Acute Price List"
"CAP, TI END ET40 STARDRIVE GRAY 10MM","EplbChSup73756","CDM","278","RC","","","","","facility","both","","","","1211.1","1211.1","","","","","","","","","","","","","Gross Charge Type: Main Acute Price List"
"CAP,END TI T25 STARDR HINDFT ARTHROD NAIL","DelrChSup70537","CDM","278","RC","","","","","facility","both","","","","1060.44","1060.44","","","","","","","","","","","","","Gross Charge Type: Main Acute Price List"
"CAP,END TI T25 STARDR HINDFT ARTHROD NAIL","PacuChSup70537","CDM","278","RC","","","","","facility","both","","","","1060.44","1060.44","","","","","","","","","","","","","Gross Charge Type: Main Acute Price List"
"CAP,END TI T25 STARDR HINDFT ARTHROD NAIL","ScpuChSup70537","CDM","278","RC","","","","","facility","both","","","","1060.44","1060.44","","","","","","","","","","","","","Gross Charge Type: Main Acute Price List"
"CAPS, PROTECTIVE 4.0MM BARS & RODS","OperChSup115431","CDM","278","RC","C1776","HCPCS","","","facility","both","","","","24.75","24.75","","","","","","","","","","","","","Gross Charge Type: Main Acute Price List"
"CAPS, PROTECTIVE 4.0MM BARS & RODS","OperWmSup115431","CDM","278","RC","C1776","HCPCS","","","facility","both","","","","24.75","24.75","","","","","","","","","","","","","Gross Charge Type: Main Acute Price List"
"CAPSULE, BRAVO PH","PacuChSup34961","CDM","270","RC","","","","","facility","both","","","","1876.25","1876.25","","","","","","","","","","","","","Gross Charge Type: Main Acute Price List"
"CAPSULE, BRAVO REFLUX DELIVERY","AngiChSup115638","CDM","272","RC","","","","","facility","both","","","","1971.12","1971.12","","","","","","","","","","","","","Gross Charge Type: Main Acute Price List"
"CAR-T CELL TX,PREP LYM TRANSPORT","BoneCh1034","CDM","872","RC","38226","HCPCS","","","facility","both","","","","7824.68","7824.68","","","","","","","","","","","","","Gross Charge Type: Main Acute Price List"
"CARBOXYHEMOGLOBIN","ChemMe7025","CDM","301","RC","82375","HCPCS","","","facility","both","","","","98.56","98.56","","","","","","","","","","","","","Gross Charge Type: Main Acute Price List"
"CARDIAC BLOOD POOL IMG,MUGA,GATED,SINGLE  GLB","Chrs422572","CDM","341","RC","78472","HCPCS","","","facility","both","","","","3086.28","3086.28","","","","","","","","","","","","","Gross Charge Type: Main Acute Price List"
"CARDIOPLEGIA, SET DLP MULTI-PERFUSION 15IN 1/4IN VENTED CONNECTOR 1-8IN/3-10IN LEG AORTIC ROOT PERFORATED 4-LEG FEMALE LUER W/RED CLAMP","ScanWmSup118899","CDM","272","RC","","","","","facility","both","","","","128.74","128.74","","","","","","","","","","","","","Gross Charge Type: Main Acute Price List"
"CARDIOPLEGIA, SET DLP MULTI-PERFUSION 15IN 1/4IN VENTED CONNECTOR 1-8IN/3-10IN LEG AORTIC ROOT PERFORATED 4-LEG FEMALE LUER W/RED CLAMP","ScorChSup118899","CDM","272","RC","","","","","facility","both","","","","128.74","128.74","","","","","","","","","","","","","Gross Charge Type: Main Acute Price List"
"CARNITINE","CHEMSR3579","CDM","301","RC","82379","HCPCS","","","facility","both","","","","146.08","146.08","","","","","","","","","","","","","Gross Charge Type: Main Acute Price List"
"CARTRIDGE, CLIP MICROLINE 19","GastWmSup49049","CDM","272","RC","","","","","facility","both","","","","335.71","335.71","","","","","","","","","","","","","Gross Charge Type: Main Acute Price List"
"CARTRIDGE, GEM MICROCLIP HEMOSTATIC TI","OperWmSup59509","CDM","270","RC","","","","","facility","both","","","","318.27","318.27","","","","","","","","","","","","","Gross Charge Type: Main Acute Price List"
"CASSETTE, PURGE FOR IMPELLA","Chrs5466047","CDM","270","RC","","","","","facility","both","","","","1231.94","1231.94","","","","","","","","","","","","","Gross Charge Type: Main Acute Price List"
"CASSETTE, PURGE FOR IMPELLA","ScorWmSup66047","CDM","270","RC","","","","","facility","both","","","","1231.94","1231.94","","","","","","","","","","","","","Gross Charge Type: Main Acute Price List"
"CAT scan follow-up study","76380","HCPCS","","","","","","","facility","outpatient","","","","","","Jefferson Health Plan","Health Partners Medicaid Managed Care/Aca Plan","282.13","","","","","","","fee schedule","89.34","282.13","APC"
"CATH DIAMONDBACK 360 CORONARY 1.25CM X 135","ScorWmSup72701","CDM","272","RC","C1724","HCPCS","","","facility","both","","","","21980.45","21980.45","","","","","","","","","","","","","Gross Charge Type: Main Acute Price List"
"CATH DIREXION MICRO BERN .021 ID 2.4FR 155","CspuChSup73965","CDM","272","RC","C1887","HCPCS","","","facility","both","","","","2767.88","2767.88","","","","","","","","","","","","","Gross Charge Type: Main Acute Price List"
"CATH DIREXION MICRO BURN TIP 130CM","CLDRChSup72704","CDM","272","RC","C1887","HCPCS","","","facility","both","","","","3079.87","3079.87","","","","","","","","","","","","","Gross Charge Type: Main Acute Price List"
"CATH FREE XTRA CARDIAC CRYOABLATION F1","OperWmSup10190040","CDM","272","RC","C1733","HCPCS","","","facility","both","","","","9549.86","9549.86","","","","","","","","","","","","","Gross Charge Type: Main Acute Price List"
"CATH FREE XTRA CARDIAC CRYOABLATION F3","OperWmSup10190041","CDM","272","RC","C1733","HCPCS","","","facility","both","","","","9549.86","9549.86","","","","","","","","","","","","","Gross Charge Type: Main Acute Price List"
"CATH GLIDESHEATH SLENDER 7FR 10CM","ScpuWmSup72728","CDM","272","RC","C1894","HCPCS","","","facility","both","","","","357.27","357.27","","","","","","","","","","","","","Gross Charge Type: Main Acute Price List"
"CATH POWERLINE DUAL LUMEN 5FR","EplbChSup73894","CDM","272","RC","","","","","facility","both","","","","1932.06","1932.06","","","","","","","","","","","","","Gross Charge Type: Main Acute Price List"
"CATH SUBLIME 6F 120CM","AngiWmSup10180851","CDM","272","RC","C1887","HCPCS","","","facility","both","","","","1848.36","1848.36","","","","","","","","","","","","","Gross Charge Type: Main Acute Price List"
"CATH,  MINI TREK COR DILAT RE 1.50 MM X 20 MM","ScanChSup45838","CDM","272","RC","C1725","HCPCS","","","facility","both","","","","492.78","492.78","","","","","","","","","","","","","Gross Charge Type: Main Acute Price List"
"CATH,  MINI TREK COR DILAT RE 2.0 MM X 08 MM","Wilm5445840","CDM","272","RC","C1725","HCPCS","","","facility","both","","","","492.78","492.78","","","","","","","","","","","","","Gross Charge Type: Main Acute Price List"
"CATH,  MINI TREK COR DILAT RE 2.0 MM X 12 MM","ScanWmSup45841","CDM","272","RC","C1725","HCPCS","","","facility","both","","","","492.78","492.78","","","","","","","","","","","","","Gross Charge Type: Main Acute Price List"
"CATH,  MINI TREK COR DILAT RE 2.0 MM X 20 MM","ScanWmSup45843","CDM","272","RC","C1725","HCPCS","","","facility","both","","","","492.78","492.78","","","","","","","","","","","","","Gross Charge Type: Main Acute Price List"
"CATH,  NC TREK COR DILAT HP 3.0 MM X 15 MM","EplbChSup45860","CDM","272","RC","C1725","HCPCS","","","facility","both","","","","492.78","492.78","","","","","","","","","","","","","Gross Charge Type: Main Acute Price List"
"CATH,  NC TREK COR DILAT HP 3.5 MM X 15 MM","Chrs5445863","CDM","272","RC","C1725","HCPCS","","","facility","both","","","","492.78","492.78","","","","","","","","","","","","","Gross Charge Type: Main Acute Price List"
"CATH,  PD ABDOMINAL COIL LOWER DBL CUFF","OperChSup61036","CDM","272","RC","","","","","facility","both","","","","862.37","862.37","","","","","","","","","","","","","Gross Charge Type: Main Acute Price List"
"CATH,  PD ABDOMINAL COIL LOWER DBL CUFF","ScorWmSup61036","CDM","272","RC","","","","","facility","both","","","","862.37","862.37","","","","","","","","","","","","","Gross Charge Type: Main Acute Price List"
"CATH,  SOCRATES 038 X 156CM","CcthChSup10190495","CDM","272","RC","C1757","HCPCS","","","facility","both","","","","15403","15403","","","","","","","","","","","","","Gross Charge Type: Main Acute Price List"
"CATH,  TREK COR DILAT RE 2.50 MM X 15 MM","Chrs5445846","CDM","272","RC","C1725","HCPCS","","","facility","both","","","","492.78","492.78","","","","","","","","","","","","","Gross Charge Type: Main Acute Price List"
"CATH, 0.9 OTW TURBO ELITE","EplbChSup33284","CDM","272","RC","","","","","facility","both","","","","16939.28","16939.28","","","","","","","","","","","","","Gross Charge Type: Main Acute Price List"
"CATH, 0.9X80MM MONORAIL","GyscChSup7986","CDM","272","RC","C1885","HCPCS","","","facility","both","","","","15984.53","15984.53","","","","","","","","","","","","","Gross Charge Type: Main Acute Price List"
"CATH, 014 RX AVIATOR PLUS BALLOON 4 X 20 X 135","ScanChSup36635","CDM","272","RC","","","","","facility","both","","","","1626.17","1626.17","","","","","","","","","","","","","Gross Charge Type: Main Acute Price List"
"CATH, 014 RX AVIATOR PLUS BALLOON 4 X 30 X 135","GastChSup36636","CDM","272","RC","","","","","facility","both","","","","1626.17","1626.17","","","","","","","","","","","","","Gross Charge Type: Main Acute Price List"
"CATH, 014 RX AVIATOR PLUS BALLOON 5 X 30 X 135","ScorChSup36639","CDM","272","RC","","","","","facility","both","","","","1552.25","1552.25","","","","","","","","","","","","","Gross Charge Type: Main Acute Price List"
"CATH, 1.7MM EXTREME LASER","ScorWmSup9327","CDM","272","RC","C1885","HCPCS","","","facility","both","","","","16939.28","16939.28","","","","","","","","","","","","","Gross Charge Type: Main Acute Price List"
"CATH, 10-16FR NOTTINGHAM","ScpuChSup206221","CDM","270","RC","","","","","facility","both","","","","739.84","739.84","","","","","","","","","","","","","Gross Charge Type: Main Acute Price List"
"CATH, 10.2FR. BILIARY DRAINAGE","GastWmSup63896","CDM","272","RC","C1729","HCPCS","","","facility","both","","","","575.87","575.87","","","","","","","","","","","","","Gross Charge Type: Main Acute Price List"
"CATH, 10FR SELF CATH","ScorWmSup214411","CDM","272","RC","C1876","HCPCS","","","facility","both","","","","6.89","6.89","","","","","","","","","","","","","Gross Charge Type: Main Acute Price List"
"CATH, 16FR. BILIARY DRAINAGE","GastChSup63897","CDM","272","RC","C1729","HCPCS","","","facility","both","","","","739.11","739.11","","","","","","","","","","","","","Gross Charge Type: Main Acute Price List"
"CATH, 3DRC 5FR","EplbChSup63329","CDM","272","RC","","","","","facility","both","","","","51.43","51.43","","","","","","","","","","","","","Gross Charge Type: Main Acute Price List"
"CATH, 4 FR GLIDE ANGLE 65CM","ScpuChSup5953","CDM","272","RC","","","","","facility","both","","","","326.47","326.47","","","","","","","","","","","","","Gross Charge Type: Main Acute Price List"
"CATH, 4FR GLIDE STRAIGHT 100CM","GyscChSup5955","CDM","272","RC","","","","","facility","both","","","","326.47","326.47","","","","","","","","","","","","","Gross Charge Type: Main Acute Price List"
"CATH, 4FR GLIDE STRAIGHT 100CM","PacuWmSup5955","CDM","272","RC","","","","","facility","both","","","","326.47","326.47","","","","","","","","","","","","","Gross Charge Type: Main Acute Price List"
"CATH, 4FR GLIDE STRAIGHT 100CM","ScanChSup5955","CDM","272","RC","","","","","facility","both","","","","326.47","326.47","","","","","","","","","","","","","Gross Charge Type: Main Acute Price List"
"CATH, 4FR GLIDE STRAIGHT 65CM","GastWmSup5956","CDM","272","RC","","","","","facility","both","","","","326.47","326.47","","","","","","","","","","","","","Gross Charge Type: Main Acute Price List"
"CATH, 4FR GLIDE STRAIGHT 65CM","GyscChSup5956","CDM","272","RC","","","","","facility","both","","","","326.47","326.47","","","","","","","","","","","","","Gross Charge Type: Main Acute Price List"
"CATH, 4FR SPIROFLEX ULTRA","AngiChSup43570","CDM","272","RC","C1757","HCPCS","","","facility","both","","","","11056.73","11056.73","","","","","","","","","","","","","Gross Charge Type: Main Acute Price List"
"CATH, 5.0 FR RIM 65CM","ScanWmSup37843","CDM","272","RC","C1725","HCPCS","","","facility","both","","","","141.67","141.67","","","","","","","","","","","","","Gross Charge Type: Main Acute Price List"
"CATH, 5FR 100CM BERNSTEIN","ScanChSup44874","CDM","272","RC","C1758","HCPCS","","","facility","both","","","","262.53","262.53","","","","","","","","","","","","","Gross Charge Type: Main Acute Price List"
"CATH, 5FR 65CM IMAGER II CONTRA","ScorChSup18857","CDM","270","RC","","","","","facility","both","","","","46.34","46.34","","","","","","","","","","","","","Gross Charge Type: Main Acute Price List"
"CATH, 5FR BERENSTEIN 65CM","ScorChSup39119","CDM","272","RC","","","","","facility","both","","","","113.96","113.96","","","","","","","","","","","","","Gross Charge Type: Main Acute Price List"
"CATH, 5FR C2 65CM","GyscChSup18142","CDM","270","RC","","","","","facility","both","","","","46.34","46.34","","","","","","","","","","","","","Gross Charge Type: Main Acute Price List"
"CATH, 5FR SPIROFLEX-VG ULTRA","GastChSup43571","CDM","272","RC","C1757","HCPCS","","","facility","both","","","","11056.73","11056.73","","","","","","","","","","","","","Gross Charge Type: Main Acute Price List"
"CATH, 5FR SPIROFLEX-VG ULTRA","ScanWmSup43571","CDM","272","RC","C1757","HCPCS","","","facility","both","","","","11056.73","11056.73","","","","","","","","","","","","","Gross Charge Type: Main Acute Price List"
"CATH, 5FR URETERAL WHISTLE TIP","CspuChSup204625","CDM","272","RC","C1758","HCPCS","","","facility","both","","","","190.01","190.01","","","","","","","","","","","","","Gross Charge Type: Main Acute Price List"
"CATH, 5FR URETERAL WHISTLE TIP","ScorWmSup204625","CDM","272","RC","C1758","HCPCS","","","facility","both","","","","190.01","190.01","","","","","","","","","","","","","Gross Charge Type: Main Acute Price List"
"CATH, 5FR X 100CM FL5","CcthChSup28565","CDM","272","RC","","","","","facility","both","","","","41.88","41.88","","","","","","","","","","","","","Gross Charge Type: Main Acute Price List"
"CATH, 5FR X 100CM IM","GastChSup28584","CDM","272","RC","","","","","facility","both","","","","41.88","41.88","","","","","","","","","","","","","Gross Charge Type: Main Acute Price List"
"CATH, 5FR X 100CM IM","ScpuWmSup28584","CDM","272","RC","","","","","facility","both","","","","41.88","41.88","","","","","","","","","","","","","Gross Charge Type: Main Acute Price List"
"CATH, 5FR X 100CM IMC","OperWmSup28587","CDM","272","RC","","","","","facility","both","","","","41.88","41.88","","","","","","","","","","","","","Gross Charge Type: Main Acute Price List"
"CATH, 5FR X 100CM IMC","ScpuChSup28587","CDM","272","RC","","","","","facility","both","","","","41.88","41.88","","","","","","","","","","","","","Gross Charge Type: Main Acute Price List"
"CATH, 6F DECAPOLAR STEERABLE","ScanWmSup204159","CDM","272","RC","C1730","HCPCS","","","facility","both","","","","870.99","870.99","","","","","","","","","","","","","Gross Charge Type: Main Acute Price List"
"CATH, 6F MPA-1","ScpuChSup215369","CDM","272","RC","C1887","HCPCS","","","facility","both","","","","267.96","267.96","","","","","","","","","","","","","Gross Charge Type: Main Acute Price List"
"CATH, 6F/2MM QUAD JOSEPHSON","OperChSup211680","CDM","272","RC","C1730","HCPCS","","","facility","both","","","","219.52","219.52","","","","","","","","","","","","","Gross Charge Type: Main Acute Price List"
"CATH, 6F/2MM QUAD JOSEPHSON","PacuWmSup211680","CDM","272","RC","C1730","HCPCS","","","facility","both","","","","219.52","219.52","","","","","","","","","","","","","Gross Charge Type: Main Acute Price List"
"CATH, 6F/5MM QUAD DYNAMIC TIP","CspuChSup204215","CDM","272","RC","C1730","HCPCS","","","facility","both","","","","776.13","776.13","","","","","","","","","","","","","Gross Charge Type: Main Acute Price List"
"CATH, 6F/5MM QUAD DYNAMIC TIP","OperWmSup204215","CDM","272","RC","C1730","HCPCS","","","facility","both","","","","776.13","776.13","","","","","","","","","","","","","Gross Charge Type: Main Acute Price List"
"CATH, 6FR AR1 SIDEHOLES","ScanChSup38749","CDM","272","RC","","","","","facility","both","","","","246.38","246.38","","","","","","","","","","","","","Gross Charge Type: Main Acute Price List"
"CATH, 6FR AR2 SIDEHOLES","ScpuWmSup38750","CDM","272","RC","","","","","facility","both","","","","231.68","231.68","","","","","","","","","","","","","Gross Charge Type: Main Acute Price List"
"CATH, 6FR AVX ULTRA","ScanChSup43574","CDM","272","RC","C1757","HCPCS","","","facility","both","","","","4833.98","4833.98","","","","","","","","","","","","","Gross Charge Type: Main Acute Price List"
"CATH, 6FR DYNAMIC DECAPOLAR 125CM","GyscChSup80362","CDM","272","RC","C1730","HCPCS","","","facility","both","","","","3079.87","3079.87","","","","","","","","","","","","","Gross Charge Type: Main Acute Price List"
"CATH, 6FR KR4S GUIDE","CcthChSup38433","CDM","272","RC","C1887","HCPCS","","","facility","both","","","","246.38","246.38","","","","","","","","","","","","","Gross Charge Type: Main Acute Price List"
"CATH, 6FR KR4S GUIDE","CspuChSup38433","CDM","272","RC","C1887","HCPCS","","","facility","both","","","","246.38","246.38","","","","","","","","","","","","","Gross Charge Type: Main Acute Price List"
"CATH, 6FR KR4S GUIDE","GastWmSup38433","CDM","272","RC","C1887","HCPCS","","","facility","both","","","","246.38","246.38","","","","","","","","","","","","","Gross Charge Type: Main Acute Price List"
"CATH, 6FR RE-S 55CM GUIDE","CspuChSup32485","CDM","272","RC","","","","","facility","both","","","","351.1","351.1","","","","","","","","","","","","","Gross Charge Type: Main Acute Price List"
"CATH, 6FR RUNWAY AL.75","CcthChSup99451","CDM","272","RC","C1887","HCPCS","","","facility","both","","","","246.38","246.38","","","","","","","","","","","","","Gross Charge Type: Main Acute Price List"
"CATH, 6FR RUNWAY AR1","GyscChSup99449","CDM","272","RC","C1887","HCPCS","","","facility","both","","","","246.38","246.38","","","","","","","","","","","","","Gross Charge Type: Main Acute Price List"
"CATH, 6FR RUNWAY AR1","ScorChSup99449","CDM","272","RC","C1887","HCPCS","","","facility","both","","","","246.38","246.38","","","","","","","","","","","","","Gross Charge Type: Main Acute Price List"
"CATH, 6FR RUNWAY CLS3","CcthChSup9324","CDM","272","RC","C1887","HCPCS","","","facility","both","","","","246.38","246.38","","","","","","","","","","","","","Gross Charge Type: Main Acute Price List"
"CATH, 6FR RUNWAY CLS3","OperChSup9324","CDM","272","RC","C1887","HCPCS","","","facility","both","","","","246.38","246.38","","","","","","","","","","","","","Gross Charge Type: Main Acute Price List"
"CATH, 6FR RUNWAY CLS3.5","EplbChSup9323","CDM","272","RC","C1887","HCPCS","","","facility","both","","","","246.38","246.38","","","","","","","","","","","","","Gross Charge Type: Main Acute Price List"
"CATH, 6FR RUNWAY CLS4.5","CspuChSup9321","CDM","272","RC","C1887","HCPCS","","","facility","both","","","","246.38","246.38","","","","","","","","","","","","","Gross Charge Type: Main Acute Price List"
"CATH, 6FR RUNWAY HS","CcthChSup99461","CDM","272","RC","C1887","HCPCS","","","facility","both","","","","246.38","246.38","","","","","","","","","","","","","Gross Charge Type: Main Acute Price List"
"CATH, 6FR RUNWAY HS","ScpuWmSup99461","CDM","272","RC","C1887","HCPCS","","","facility","both","","","","246.38","246.38","","","","","","","","","","","","","Gross Charge Type: Main Acute Price List"
"CATH, 6FR RUNWAY IMC 90CM","ScorWmSup31879","CDM","272","RC","C1887","HCPCS","","","facility","both","","","","246.38","246.38","","","","","","","","","","","","","Gross Charge Type: Main Acute Price List"
"CATH, 6FR RUNWAY JL3.5SH","EplbChSup9911","CDM","272","RC","C1887","HCPCS","","","facility","both","","","","231.68","231.68","","","","","","","","","","","","","Gross Charge Type: Main Acute Price List"
"CATH, 6FR RUNWAY JL4","Chrs5499446","CDM","272","RC","C1887","HCPCS","","","facility","both","","","","246.38","246.38","","","","","","","","","","","","","Gross Charge Type: Main Acute Price List"
"CATH, 6FR RUNWAY JR5","GastWmSup99443","CDM","272","RC","C1887","HCPCS","","","facility","both","","","","246.38","246.38","","","","","","","","","","","","","Gross Charge Type: Main Acute Price List"
"CATH, 6FR RUNWAY MP1","ScorChSup99458","CDM","272","RC","C1887","HCPCS","","","facility","both","","","","246.38","246.38","","","","","","","","","","","","","Gross Charge Type: Main Acute Price List"
"CATH, 6FR RUNWAY MP2","GyscChSup99460","CDM","272","RC","C1887","HCPCS","","","facility","both","","","","246.38","246.38","","","","","","","","","","","","","Gross Charge Type: Main Acute Price List"
"CATH, 6FR SOLENT ULTRA","AngiWmSup43575","CDM","272","RC","C1757","HCPCS","","","facility","both","","","","12690.67","12690.67","","","","","","","","","","","","","Gross Charge Type: Main Acute Price List"
"CATH, 6FR X 100CM AL2","PacuChSup28542","CDM","272","RC","","","","","facility","both","","","","41.88","41.88","","","","","","","","","","","","","Gross Charge Type: Main Acute Price List"
"CATH, 6FR X 100CM AL2","ScorWmSup28542","CDM","272","RC","","","","","facility","both","","","","41.88","41.88","","","","","","","","","","","","","Gross Charge Type: Main Acute Price List"
"CATH, 6FR X 100CM FL3.5","GastChSup28557","CDM","272","RC","","","","","facility","both","","","","41.88","41.88","","","","","","","","","","","","","Gross Charge Type: Main Acute Price List"
"CATH, 6FR X 100CM FL3.5","ScanWmSup28557","CDM","272","RC","","","","","facility","both","","","","41.88","41.88","","","","","","","","","","","","","Gross Charge Type: Main Acute Price List"
"CATH, 6FR X 100CM FL3.5","ScorChSup28557","CDM","272","RC","","","","","facility","both","","","","41.88","41.88","","","","","","","","","","","","","Gross Charge Type: Main Acute Price List"
"CATH, 6FR X 100CM FL6","CspuChSup28569","CDM","272","RC","","","","","facility","both","","","","41.88","41.88","","","","","","","","","","","","","Gross Charge Type: Main Acute Price List"
"CATH, 6FR X 100CM IMC","GyscChSup28588","CDM","272","RC","","","","","facility","both","","","","41.88","41.88","","","","","","","","","","","","","Gross Charge Type: Main Acute Price List"
"CATH, 6FR X 100CM IMC","ScpuChSup28588","CDM","272","RC","","","","","facility","both","","","","41.88","41.88","","","","","","","","","","","","","Gross Charge Type: Main Acute Price List"
"CATH, 6FR X 100CM RCB","GyscChSup28600","CDM","272","RC","","","","","facility","both","","","","41.88","41.88","","","","","","","","","","","","","Gross Charge Type: Main Acute Price List"
"CATH, 6FR/5MM QUADRAPOLAR JOSEPHSON","ScorChSup204214","CDM","272","RC","C1730","HCPCS","","","facility","both","","","","237.88","237.88","","","","","","","","","","","","","Gross Charge Type: Main Acute Price List"
"CATH, 7 AL.75 SH GUIDE","ScorChSup99546","CDM","272","RC","C1887","HCPCS","","","facility","both","","","","246.38","246.38","","","","","","","","","","","","","Gross Charge Type: Main Acute Price List"
"CATH, 7F 125CM COURN","ScpuWmSup3249","CDM","270","RC","","","","","facility","both","","","","285.25","285.25","","","","","","","","","","","","","Gross Charge Type: Main Acute Price List"
"CATH, 7F MP1 GUIDE","ScanWmSup99555","CDM","272","RC","C1887","HCPCS","","","facility","both","","","","231.68","231.68","","","","","","","","","","","","","Gross Charge Type: Main Acute Price List"
"CATH, 7FR DUAL LUMEN","Wilm54507","CDM","272","RC","C1751","HCPCS","","","facility","both","","","","525.21","525.21","","","","","","","","","","","","","Gross Charge Type: Main Acute Price List"
"CATH, 7FR JR3 SH GUIDE","CcthChSup99548","CDM","272","RC","C1887","HCPCS","","","facility","both","","","","231.68","231.68","","","","","","","","","","","","","Gross Charge Type: Main Acute Price List"
"CATH, 7FR JR3 SH GUIDE","ScanChSup99548","CDM","272","RC","C1887","HCPCS","","","facility","both","","","","231.68","231.68","","","","","","","","","","","","","Gross Charge Type: Main Acute Price List"
"CATH, 7FR X 100CM FL4","ScanChSup28561","CDM","272","RC","","","","","facility","both","","","","39.38","39.38","","","","","","","","","","","","","Gross Charge Type: Main Acute Price List"
"CATH, 8F H-STICK 55CM","OperWmSup204038","CDM","272","RC","C1887","HCPCS","","","facility","both","","","","375.13","375.13","","","","","","","","","","","","","Gross Charge Type: Main Acute Price List"
"CATH, 8F H-STICK 55CM","ScanWmSup204038","CDM","272","RC","C1887","HCPCS","","","facility","both","","","","375.13","375.13","","","","","","","","","","","","","Gross Charge Type: Main Acute Price List"
"CATH, ACHIEVE ADVANCE MAPPING 20MM","CspuChSup77671","CDM","272","RC","C1730","HCPCS","","","facility","both","","","","5235.78","5235.78","","","","","","","","","","","","","Gross Charge Type: Main Acute Price List"
"CATH, ACHIEVE MAPPING 15MM","OperWmSup52680","CDM","272","RC","C1730","HCPCS","","","facility","both","","","","5235.78","5235.78","","","","","","","","","","","","","Gross Charge Type: Main Acute Price List"
"CATH, ACUITY 9FR GC PRO 45CM CS-EH R","ScorWmSup57519","CDM","272","RC","C1887","HCPCS","","","facility","both","","","","1539.93","1539.93","","","","","","","","","","","","","Gross Charge Type: Main Acute Price List"
"CATH, ACUITY 9FR GC PRO 45CM CS-MP","CspuChSup57523","CDM","272","RC","C1887","HCPCS","","","facility","both","","","","1539.93","1539.93","","","","","","","","","","","","","Gross Charge Type: Main Acute Price List"
"CATH, ACUITY 9FR GC PRO 45CM CS-MP","OperChSup57523","CDM","272","RC","C1887","HCPCS","","","facility","both","","","","1539.93","1539.93","","","","","","","","","","","","","Gross Charge Type: Main Acute Price List"
"CATH, ACUNAV 10FR","CcthChSup24530","CDM","272","RC","C1759","HCPCS","","","facility","both","","","","5235.78","5235.78","","","","","","","","","","","","","Gross Charge Type: Main Acute Price List"
"CATH, ADHERENT CLOT FOGER 6FR","GyscChSup4952","CDM","270","RC","","","","","facility","both","","","","1181.33","1181.33","","","","","","","","","","","","","Gross Charge Type: Main Acute Price List"
"CATH, AGILIS NXT CURL BI-DIRECTIONAL","GastWmSup48035","CDM","272","RC","C1766","HCPCS","","","facility","both","","","","6319.89","6319.89","","","","","","","","","","","","","Gross Charge Type: Main Acute Price List"
"CATH, AGILIS NXT LARGE CURL BI-DIRECTIONAL W/BRK","ScpuChSup37335","CDM","272","RC","","","","","facility","both","","","","5502.35","5502.35","","","","","","","","","","","","","Gross Charge Type: Main Acute Price List"
"CATH, AGILIS NXT LARGE CURL BI-DIRECTIONAL W/BRK","Wilm5437335","CDM","272","RC","","","","","facility","both","","","","5502.35","5502.35","","","","","","","","","","","","","Gross Charge Type: Main Acute Price List"
"CATH, AIRWAY EXCHANGE 11FR SOFT TIP","ScorWmSup20670","CDM","272","RC","","","","","facility","both","","","","416.85","416.85","","","","","","","","","","","","","Gross Charge Type: Main Acute Price List"
"CATH, AMPLATZ ANCHOR 10FR.","ScpuChSup82666","CDM","272","RC","C1729","HCPCS","","","facility","both","","","","444.55","444.55","","","","","","","","","","","","","Gross Charge Type: Main Acute Price List"
"CATH, AMPLATZ ANCHOR 10FR.","ScpuWmSup82666","CDM","272","RC","C1729","HCPCS","","","facility","both","","","","444.55","444.55","","","","","","","","","","","","","Gross Charge Type: Main Acute Price List"
"CATH, ANGIO SIZING 5FRX100CM(ORDER MULTIPLES OF 5)","Chrs5427199","CDM","272","RC","","","","","facility","both","","","","507.56","507.56","","","","","","","","","","","","","Gross Charge Type: Main Acute Price List"
"CATH, ANGIOPTIC MIKAELS 5FR X 80CM .035","OperChSup67207","CDM","272","RC","C1887","HCPCS","","","facility","both","","","","92.4","92.4","","","","","","","","","","","","","Gross Charge Type: Main Acute Price List"
"CATH, ANGIOSCULPT EVO RX PTCA SCORING BALLOON 2.0 X 15MM","ScorWmSup112473","CDM","272","RC","C1725","HCPCS","","","facility","both","","","","4633.56","4633.56","","","","","","","","","","","","","Gross Charge Type: Main Acute Price List"
"CATH, ANGIOSCULPT EVO RX PTCA SCORING BALLOON 2.0 X 15MM","ScpuWmSup112473","CDM","272","RC","C1725","HCPCS","","","facility","both","","","","4633.56","4633.56","","","","","","","","","","","","","Gross Charge Type: Main Acute Price List"
"CATH, ANGIOSCULPT EVO RX PTCA SCORING BALLOON 2.0 X 6MM","CcthChSup112465","CDM","272","RC","C1725","HCPCS","","","facility","both","","","","4927.79","4927.79","","","","","","","","","","","","","Gross Charge Type: Main Acute Price List"
"CATH, ANGIOSCULPT EVO RX PTCA SCORING BALLOON 2.0 X 6MM","CspuChSup112465","CDM","272","RC","C1725","HCPCS","","","facility","both","","","","4927.79","4927.79","","","","","","","","","","","","","Gross Charge Type: Main Acute Price List"
"CATH, ANGIOSCULPT EVO RX PTCA SCORING BALLOON 2.5 X 15MM","CcthChSup112474","CDM","272","RC","C1725","HCPCS","","","facility","both","","","","4633.56","4633.56","","","","","","","","","","","","","Gross Charge Type: Main Acute Price List"
"CATH, ANGIOSCULPT EVO RX PTCA SCORING BALLOON 2.5 X 15MM","GyscChSup112474","CDM","272","RC","C1725","HCPCS","","","facility","both","","","","4633.56","4633.56","","","","","","","","","","","","","Gross Charge Type: Main Acute Price List"
"CATH, ANGIOSCULPT EVO RX PTCA SCORING BALLOON 3.0 X 15MM","ScpuChSup112475","CDM","272","RC","C1725","HCPCS","","","facility","both","","","","4927.79","4927.79","","","","","","","","","","","","","Gross Charge Type: Main Acute Price List"
"CATH, ANGIOSCULPT EVO RX PTCA SCORING BALLOON 3.5 X 10MM","DelrChSup112472","CDM","272","RC","C1725","HCPCS","","","facility","both","","","","4633.56","4633.56","","","","","","","","","","","","","Gross Charge Type: Main Acute Price List"
"CATH, ANGIOSCULPT EVO RX PTCA SCORING BALLOON 3.5 X 6MM","DelrChSup112468","CDM","272","RC","C1725","HCPCS","","","facility","both","","","","4633.56","4633.56","","","","","","","","","","","","","Gross Charge Type: Main Acute Price List"
"CATH, ANGIOSCULPT EX SCORING BALLOON PTCA 2.0X10MM","OperWmSup35692","CDM","272","RC","C1725","HCPCS","","","facility","both","","","","4927.79","4927.79","","","","","","","","","","","","","Gross Charge Type: Main Acute Price List"
"CATH, ANGIOSCULPT EX SCORING BALLOON PTCA 2.5X10MM","CcthChSup35695","CDM","272","RC","C1725","HCPCS","","","facility","both","","","","4927.79","4927.79","","","","","","","","","","","","","Gross Charge Type: Main Acute Price List"
"CATH, ANGIOSCULPT EX SCORING BALLOON PTCA 2.5X15MM","GastChSup35696","CDM","272","RC","C1725","HCPCS","","","facility","both","","","","4927.79","4927.79","","","","","","","","","","","","","Gross Charge Type: Main Acute Price List"
"CATH, APEX PLATINUM MONO BALLOON 5.0 X 15","CspuChSup38089","CDM","272","RC","C1725","HCPCS","","","facility","both","","","","535.9","535.9","","","","","","","","","","","","","Gross Charge Type: Main Acute Price List"
"CATH, APEX PLATINUM MONO BALLOON 5.0 X 15","Wilm5438089","CDM","272","RC","C1725","HCPCS","","","facility","both","","","","535.9","535.9","","","","","","","","","","","","","Gross Charge Type: Main Acute Price List"
"CATH, APEX PLATINUM MONO BALLOON 5.0 X 20","ScpuWmSup38098","CDM","272","RC","C1725","HCPCS","","","facility","both","","","","535.9","535.9","","","","","","","","","","","","","Gross Charge Type: Main Acute Price List"
"CATH, APEX PLATINUM OTW BALLOON 2.0 X 30","ScanChSup38132","CDM","272","RC","C1725","HCPCS","","","facility","both","","","","535.9","535.9","","","","","","","","","","","","","Gross Charge Type: Main Acute Price List"
"CATH, APEX PLATINUM OTW BALLOON 2.0 X 30","ScpuChSup38132","CDM","272","RC","C1725","HCPCS","","","facility","both","","","","535.9","535.9","","","","","","","","","","","","","Gross Charge Type: Main Acute Price List"
"CATH, ASCENDA SYNCHROMED PUMP","CspuChSup53901","CDM","278","RC","C1755","HCPCS","","","facility","both","","","","7872.15","7872.15","","","","","","","","","","","","","Gross Charge Type: Main Acute Price List"
"CATH, ASCENDA SYNCHROMED PUMP","ScorChSup53901","CDM","278","RC","C1755","HCPCS","","","facility","both","","","","7872.15","7872.15","","","","","","","","","","","","","Gross Charge Type: Main Acute Price List"
"CATH, ASPIRATION GUIDE CURVE TIP 20FR 105CM","PacuChSup109376","CDM","272","RC","C1757","HCPCS","","","facility","both","","","","65355.98","65355.98","","","","","","","","","","","","","Gross Charge Type: Main Acute Price List"
"CATH, ASPIRATION VECTA 74 115CM","ScorChSup118103","CDM","272","RC","C1757","HCPCS","","","facility","both","","","","16438.02","16438.02","","","","","","","","","","","","","Gross Charge Type: Main Acute Price List"
"CATH, ATLAS BALLOON 12X60","AngiChSup121025","CDM","272","RC","C1725","HCPCS","","","facility","both","","","","2028.34","2028.34","","","","","","","","","","","","","Gross Charge Type: Main Acute Price List"
"CATH, ATLAS BALLOON 16 X 4","CspuChSup37391","CDM","272","RC","C1725","HCPCS","","","facility","both","","","","1554.41","1554.41","","","","","","","","","","","","","Gross Charge Type: Main Acute Price List"
"CATH, ATTAIN COMMAND GUIDING 6250VAM","CcthChSup55148","CDM","272","RC","C1887","HCPCS","","","facility","both","","","","1233.69","1233.69","","","","","","","","","","","","","Gross Charge Type: Main Acute Price List"
"CATH, ATTAIN COMMAND GUIDING 6250VEH","PacuWmSup55151","CDM","272","RC","C1887","HCPCS","","","facility","both","","","","1312.02","1312.02","","","","","","","","","","","","","Gross Charge Type: Main Acute Price List"
"CATH, ATTAIN COMMAND GUIDING 6250VEHXL","CcthChSup55153","CDM","272","RC","C1887","HCPCS","","","facility","both","","","","1312.02","1312.02","","","","","","","","","","","","","Gross Charge Type: Main Acute Price List"
"CATH, ATTAIN COMMAND GUIDING 6250VMB2","OperChSup55149","CDM","272","RC","C1887","HCPCS","","","facility","both","","","","1312.02","1312.02","","","","","","","","","","","","","Gross Charge Type: Main Acute Price List"
"CATH, ATTAIN COMMAND GUIDING 6250VMB2X","OperWmSup55154","CDM","272","RC","C1887","HCPCS","","","facility","both","","","","1233.69","1233.69","","","","","","","","","","","","","Gross Charge Type: Main Acute Price List"
"CATH, ATTAIN COMMAND GUIDING 6250VMB2X","PacuChSup55154","CDM","272","RC","C1887","HCPCS","","","facility","both","","","","1233.69","1233.69","","","","","","","","","","","","","Gross Charge Type: Main Acute Price List"
"CATH, ATTAIN COMMAND GUIDING 6250VMP","GyscChSup55150","CDM","272","RC","C1887","HCPCS","","","facility","both","","","","1312.02","1312.02","","","","","","","","","","","","","Gross Charge Type: Main Acute Price List"
"CATH, ATTAIN GLOBAL 6227DEF","GastWmSup32778","CDM","272","RC","C1887","HCPCS","","","facility","both","","","","3449.45","3449.45","","","","","","","","","","","","","Gross Charge Type: Main Acute Price List"
"CATH, ATTAIN GLOBAL 6227DEF","ScanChSup32778","CDM","272","RC","C1887","HCPCS","","","facility","both","","","","3449.45","3449.45","","","","","","","","","","","","","Gross Charge Type: Main Acute Price List"
"CATH, ATTAIN SELECT II GUIDING 6248V90L","ScanChSup55160","CDM","272","RC","C1887","HCPCS","","","facility","both","","","","1312.02","1312.02","","","","","","","","","","","","","Gross Charge Type: Main Acute Price List"
"CATH, ATTAIN SELECT II GUIDING 6248V90S","ScanWmSup55159","CDM","272","RC","C1887","HCPCS","","","facility","both","","","","1233.69","1233.69","","","","","","","","","","","","","Gross Charge Type: Main Acute Price List"
"CATH, ATTAIN SELECT II GUIDING 6248V90SP","Wilm5455164","CDM","272","RC","C1887","HCPCS","","","facility","both","","","","1312.02","1312.02","","","","","","","","","","","","","Gross Charge Type: Main Acute Price List"
"CATH, AVEIR DELIVERY LEADLESS VR","OperChSup116197","CDM","272","RC","C1887","HCPCS","","","facility","both","","","","10779.55","10779.55","","","","","","","","","","","","","Gross Charge Type: Main Acute Price List"
"CATH, AVEIR DELIVERY LEADLESS VR","ScanChSup116197","CDM","272","RC","C1887","HCPCS","","","facility","both","","","","10779.55","10779.55","","","","","","","","","","","","","Gross Charge Type: Main Acute Price List"
"CATH, AXS CATALYST 5 .058 5.3FR 115CM","GastWmSup67048","CDM","272","RC","","","","","facility","both","","","","16747.71","16747.71","","","","","","","","","","","","","Gross Charge Type: Main Acute Price List"
"CATH, AXS CATALYST 5 .058 5.3FR 115CM","OperWmSup67048","CDM","272","RC","","","","","facility","both","","","","16747.71","16747.71","","","","","","","","","","","","","Gross Charge Type: Main Acute Price List"
"CATH, AXS OFFSET DELIVERY ASSIST 050 X 150","GastWmSup108692","CDM","272","RC","C1887","HCPCS","","","facility","both","","","","7449.28","7449.28","","","","","","","","","","","","","Gross Charge Type: Main Acute Price List"
"CATH, AXS OFFSET DELIVERY ASSIST 050 X 150","ScorWmSup108692","CDM","272","RC","C1887","HCPCS","","","facility","both","","","","7449.28","7449.28","","","","","","","","","","","","","Gross Charge Type: Main Acute Price List"
"CATH, AXS VECTA 46 INTERMEDIATE 125CM","AnesChSup118879","CDM","272","RC","C1757","HCPCS","","","facility","both","","","","9886.38","9886.38","","","","","","","","","","","","","Gross Charge Type: Main Acute Price List"
"CATH, AXS VECTA 46 INTERMEDIATE 146CM","CcthChSup120562","CDM","272","RC","C1757","HCPCS","","","facility","both","","","","10632.63","10632.63","","","","","","","","","","","","","Gross Charge Type: Main Acute Price List"
"CATH, BALLOON 18MM SIZING","EplbChSup35191","CDM","272","RC","","","","","facility","both","","","","2155.91","2155.91","","","","","","","","","","","","","Gross Charge Type: Main Acute Price List"
"CATH, BALLOON ATLAS 14X2","CcthChSup31430","CDM","272","RC","C1725","HCPCS","","","facility","both","","","","1554.41","1554.41","","","","","","","","","","","","","Gross Charge Type: Main Acute Price List"
"CATH, BALLOON ATLAS 14X2","Wilm5431430","CDM","272","RC","C1725","HCPCS","","","facility","both","","","","1554.41","1554.41","","","","","","","","","","","","","Gross Charge Type: Main Acute Price List"
"CATH, BALLOON ATLAS 14X4","CspuChSup31431","CDM","272","RC","C1725","HCPCS","","","facility","both","","","","1554.41","1554.41","","","","","","","","","","","","","Gross Charge Type: Main Acute Price List"
"CATH, BALLOON ATLAS 14X4","OperWmSup31431","CDM","272","RC","C1725","HCPCS","","","facility","both","","","","1554.41","1554.41","","","","","","","","","","","","","Gross Charge Type: Main Acute Price List"
"CATH, BALLOON ATLAS 20X40X75CM","ScpuChSup106496","CDM","272","RC","C1725","HCPCS","","","facility","both","","","","1554.41","1554.41","","","","","","","","","","","","","Gross Charge Type: Main Acute Price List"
"CATH, BALLOON CONQUEST 12X4","ScorWmSup23930","CDM","272","RC","C1725","HCPCS","","","facility","both","","","","1046.86","1046.86","","","","","","","","","","","","","Gross Charge Type: Main Acute Price List"
"CATH, BALLOON CONQUEST 40 .035 OTW PTA 10MM X 40MM X 75CM","PacuChSup108915","CDM","272","RC","C1725","HCPCS","","","facility","both","","","","1046.86","1046.86","","","","","","","","","","","","","Gross Charge Type: Main Acute Price List"
"CATH, BALLOON CONQUEST 40 .035 OTW PTA 6MM X 40MM X 75CM","GastChSup108912","CDM","272","RC","C1725","HCPCS","","","facility","both","","","","1046.86","1046.86","","","","","","","","","","","","","Gross Charge Type: Main Acute Price List"
"CATH, BALLOON CONQUEST 40 .035 OTW PTA 8MM X 80MM X 75CM","DelrChSup108907","CDM","272","RC","C1725","HCPCS","","","facility","both","","","","1046.86","1046.86","","","","","","","","","","","","","Gross Charge Type: Main Acute Price List"
"CATH, BALLOON CONQUEST 40 .035 OTW PTA 9MM X 40MM X 75CM","AngiChSup108908","CDM","272","RC","C1725","HCPCS","","","facility","both","","","","984.35","984.35","","","","","","","","","","","","","Gross Charge Type: Main Acute Price List"
"CATH, BALLOON CONQUEST 5 X 4","CcthChSup28689","CDM","272","RC","C1725","HCPCS","","","facility","both","","","","1046.86","1046.86","","","","","","","","","","","","","Gross Charge Type: Main Acute Price List"
"CATH, BALLOON CONQUEST 5 X 4","CspuChSup28689","CDM","272","RC","C1725","HCPCS","","","facility","both","","","","1046.86","1046.86","","","","","","","","","","","","","Gross Charge Type: Main Acute Price List"
"CATH, BALLOON CONQUEST 5 X 4","ScanChSup28689","CDM","272","RC","C1725","HCPCS","","","facility","both","","","","1046.86","1046.86","","","","","","","","","","","","","Gross Charge Type: Main Acute Price List"
"CATH, BALLOON CONQUEST 6X4","GastChSup23925","CDM","272","RC","C1725","HCPCS","","","facility","both","","","","1046.86","1046.86","","","","","","","","","","","","","Gross Charge Type: Main Acute Price List"
"CATH, BALLOON CONQUEST 7X4","GastChSup23926","CDM","272","RC","C1725","HCPCS","","","facility","both","","","","1046.86","1046.86","","","","","","","","","","","","","Gross Charge Type: Main Acute Price List"
"CATH, BALLOON CONQUEST 8X4","ScanChSup23927","CDM","272","RC","C1725","HCPCS","","","facility","both","","","","1046.86","1046.86","","","","","","","","","","","","","Gross Charge Type: Main Acute Price List"
"CATH, BALLOON DIALATOR 11 FR","PacuChSup82861","CDM","270","RC","","","","","facility","both","","","","52.3","52.3","","","","","","","","","","","","","Gross Charge Type: Main Acute Price List"
"CATH, BALLOON DILATOR 15X180MM","ScanWmSup102077","CDM","272","RC","C1726","HCPCS","","","facility","both","","","","1122.12","1122.12","","","","","","","","","","","","","Gross Charge Type: Main Acute Price List"
"CATH, BALLOON DILATOR 8X10MM","ScpuWmSup103998","CDM","272","RC","C1726","HCPCS","","","facility","both","","","","1122.12","1122.12","","","","","","","","","","","","","Gross Charge Type: Main Acute Price List"
"CATH, BALLOON IMPACT 18X4X75","ScorChSup31193","CDM","272","RC","","","","","facility","both","","","","2367.63","2367.63","","","","","","","","","","","","","Gross Charge Type: Main Acute Price List"
"CATH, BALLOON PERIPHERAL CUTTING 5X2X135","Chrs3134554","CDM","272","RC","C1725","HCPCS","","","facility","both","","","","4465.82","4465.82","","","","","","","","","","","","","Gross Charge Type: Main Acute Price List"
"CATH, BALLOON PERIPHERAL CUTTING 6X2X90CM","CcthChSup28420","CDM","272","RC","C1725","HCPCS","","","facility","both","","","","4465.82","4465.82","","","","","","","","","","","","","Gross Charge Type: Main Acute Price List"
"CATH, BALLOON PERIPHERAL CUTTING 7X2X135","Chrs3134556","CDM","272","RC","C1725","HCPCS","","","facility","both","","","","4465.82","4465.82","","","","","","","","","","","","","Gross Charge Type: Main Acute Price List"
"CATH, BALLOON PERIPHERAL CUTTING 7X2X135","Wilm5434556","CDM","272","RC","C1725","HCPCS","","","facility","both","","","","4465.82","4465.82","","","","","","","","","","","","","Gross Charge Type: Main Acute Price List"
"CATH, BALLOON PERIPHERAL CUTTING 8X2X90","ScorWmSup34557","CDM","272","RC","C1725","HCPCS","","","facility","both","","","","4465.82","4465.82","","","","","","","","","","","","","Gross Charge Type: Main Acute Price List"
"CATH, BALLOON RX RETRIEVAL 9-12 MM ABOVE","ScpuChSup26154","CDM","270","RC","","","","","facility","both","","","","874.68","874.68","","","","","","","","","","","","","Gross Charge Type: Main Acute Price List"
"CATH, BALLOON STERLING 5.5X20X135","ScorChSup32746","CDM","278","RC","C1725","HCPCS","","","facility","both","","","","978.84","978.84","","","","","","","","","","","","","Gross Charge Type: Main Acute Price List"
"CATH, BALLOON STERLING MONORAIL 3X2","AngiChSup32380","CDM","272","RC","C1725","HCPCS","","","facility","both","","","","973.24","973.24","","","","","","","","","","","","","Gross Charge Type: Main Acute Price List"
"CATH, BALLOON STERLING MONORAIL 3X4","GastWmSup32382","CDM","272","RC","C1725","HCPCS","","","facility","both","","","","978.84","978.84","","","","","","","","","","","","","Gross Charge Type: Main Acute Price List"
"CATH, BALLOON STERLING MONORAIL 4X2","PacuChSup32384","CDM","272","RC","C1725","HCPCS","","","facility","both","","","","973.24","973.24","","","","","","","","","","","","","Gross Charge Type: Main Acute Price List"
"CATH, BALLOON STERLING MONORAIL 4X2","ScpuChSup32384","CDM","272","RC","C1725","HCPCS","","","facility","both","","","","973.24","973.24","","","","","","","","","","","","","Gross Charge Type: Main Acute Price List"
"CATH, BALLOON STERLING MONORAIL 4X20MM","OperChSup121984","CDM","278","RC","C1725","HCPCS","","","facility","both","","","","913.46","913.46","","","","","","","","","","","","","Gross Charge Type: Main Acute Price List"
"CATH, BALLOON STERLING MONORAIL 4X30MM","AngiWmSup121985","CDM","278","RC","C1725","HCPCS","","","facility","both","","","","913.46","913.46","","","","","","","","","","","","","Gross Charge Type: Main Acute Price List"
"CATH, BALLOON STERLING MONORAIL 4X4","OperWmSup32386","CDM","272","RC","C1725","HCPCS","","","facility","both","","","","973.24","973.24","","","","","","","","","","","","","Gross Charge Type: Main Acute Price List"
"CATH, BALLOON STERLING MONORAIL 5X2","ScanWmSup32387","CDM","272","RC","C1725","HCPCS","","","facility","both","","","","973.24","973.24","","","","","","","","","","","","","Gross Charge Type: Main Acute Price List"
"CATH, BALLOON STERLING MONORAIL 5X30MM","AngiWmSup121987","CDM","278","RC","C1725","HCPCS","","","facility","both","","","","913.46","913.46","","","","","","","","","","","","","Gross Charge Type: Main Acute Price List"
"CATH, BALLOON STERLING MONORAIL 5X30MM","ScorChSup121987","CDM","278","RC","C1725","HCPCS","","","facility","both","","","","913.46","913.46","","","","","","","","","","","","","Gross Charge Type: Main Acute Price List"
"CATH, BALLOON STERLING MONORAIL 6X2","ScanWmSup32389","CDM","272","RC","C1725","HCPCS","","","facility","both","","","","973.24","973.24","","","","","","","","","","","","","Gross Charge Type: Main Acute Price List"
"CATH, BALLOON STERLING OTW 2.0 X 220 X 150CM","ScanWmSup77850","CDM","272","RC","C1725","HCPCS","","","facility","both","","","","1191.92","1191.92","","","","","","","","","","","","","Gross Charge Type: Main Acute Price List"
"CATH, BALLOON STERLING OTW 2.0 X 40MM","OperChSup75153","CDM","272","RC","C1725","HCPCS","","","facility","both","","","","915.13","915.13","","","","","","","","","","","","","Gross Charge Type: Main Acute Price List"
"CATH, BALLOON STERLING OTW 2.0 X 40MM","ScorChSup75153","CDM","272","RC","C1725","HCPCS","","","facility","both","","","","915.13","915.13","","","","","","","","","","","","","Gross Charge Type: Main Acute Price List"
"CATH, BALLOON STERLING OTW 2.0 X 60MM","PacuChSup75154","CDM","272","RC","C1725","HCPCS","","","facility","both","","","","973.24","973.24","","","","","","","","","","","","","Gross Charge Type: Main Acute Price List"
"CATH, BALLOON STERLING OTW 2.0 X 60MM","PacuWmSup75154","CDM","272","RC","C1725","HCPCS","","","facility","both","","","","973.24","973.24","","","","","","","","","","","","","Gross Charge Type: Main Acute Price List"
"CATH, BALLOON STERLING OTW 2.5 X 220 X 150CM","ScorWmSup77851","CDM","272","RC","C1725","HCPCS","","","facility","both","","","","1191.92","1191.92","","","","","","","","","","","","","Gross Charge Type: Main Acute Price List"
"CATH, BALLOON STERLING OTW 3.0 X 40MM","CspuChSup75159","CDM","272","RC","C1725","HCPCS","","","facility","both","","","","973.24","973.24","","","","","","","","","","","","","Gross Charge Type: Main Acute Price List"
"CATH, BALLOON STERLING OTW 3.0 X 40MM","ScpuChSup75159","CDM","272","RC","C1725","HCPCS","","","facility","both","","","","973.24","973.24","","","","","","","","","","","","","Gross Charge Type: Main Acute Price List"
"CATH, BALLOON STERLING OTW 3.0 X 60MM","ScanWmSup75160","CDM","272","RC","C1725","HCPCS","","","facility","both","","","","973.24","973.24","","","","","","","","","","","","","Gross Charge Type: Main Acute Price List"
"CATH, BALLOON STERLING OTW 4X2","GastWmSup32391","CDM","272","RC","C1725","HCPCS","","","facility","both","","","","973.24","973.24","","","","","","","","","","","","","Gross Charge Type: Main Acute Price List"
"CATH, BALLOON STERLING OTW 4X6","GyscChSup32393","CDM","272","RC","C1725","HCPCS","","","facility","both","","","","973.24","973.24","","","","","","","","","","","","","Gross Charge Type: Main Acute Price List"
"CATH, BALLOON STERLING OTW 5 X 220MM X 150CM","GyscChSup55408","CDM","272","RC","C1725","HCPCS","","","facility","both","","","","1191.92","1191.92","","","","","","","","","","","","","Gross Charge Type: Main Acute Price List"
"CATH, BALLOON STERLING OTW 5X2","ScpuChSup32396","CDM","272","RC","C1725","HCPCS","","","facility","both","","","","973.24","973.24","","","","","","","","","","","","","Gross Charge Type: Main Acute Price List"
"CATH, BALLOON STERLING OTW 5X4","ScorChSup32397","CDM","272","RC","C1725","HCPCS","","","facility","both","","","","973.24","973.24","","","","","","","","","","","","","Gross Charge Type: Main Acute Price List"
"CATH, BALLOON STERLING OTW 5X4","ScpuChSup32397","CDM","272","RC","C1725","HCPCS","","","facility","both","","","","973.24","973.24","","","","","","","","","","","","","Gross Charge Type: Main Acute Price List"
"CATH, BALLOON STERLING OTW 5X6","EplbChSup32398","CDM","272","RC","C1725","HCPCS","","","facility","both","","","","973.24","973.24","","","","","","","","","","","","","Gross Charge Type: Main Acute Price List"
"CATH, BALLOON STERLING OTW 5X6","PacuWmSup32398","CDM","272","RC","C1725","HCPCS","","","facility","both","","","","973.24","973.24","","","","","","","","","","","","","Gross Charge Type: Main Acute Price List"
"CATH, BALLOON STERLING OTW 5X8","ScanWmSup32399","CDM","272","RC","C1725","HCPCS","","","facility","both","","","","973.24","973.24","","","","","","","","","","","","","Gross Charge Type: Main Acute Price List"
"CATH, BALLOON STERLING OTW 6 X 150MM X 150CM","ScorWmSup55410","CDM","272","RC","C1725","HCPCS","","","facility","both","","","","973.24","973.24","","","","","","","","","","","","","Gross Charge Type: Main Acute Price List"
"CATH, BALLOON STERLING OTW 6 X 200MM X 150CM","ScorChSup55411","CDM","272","RC","C1725","HCPCS","","","facility","both","","","","1120.75","1120.75","","","","","","","","","","","","","Gross Charge Type: Main Acute Price List"
"CATH, BALLOON STERLING OTW 7 X 120MM X 150CM","ScorWmSup55413","CDM","272","RC","C1725","HCPCS","","","facility","both","","","","973.24","973.24","","","","","","","","","","","","","Gross Charge Type: Main Acute Price List"
"CATH, BALLOON STERLING OTW 7 X 150MM X 150CM","GastChSup55414","CDM","272","RC","C1725","HCPCS","","","facility","both","","","","973.24","973.24","","","","","","","","","","","","","Gross Charge Type: Main Acute Price List"
"CATH, BALLOON STERLING OTW 7 X 200MM X 150CM","OperWmSup55415","CDM","272","RC","C1725","HCPCS","","","facility","both","","","","1191.92","1191.92","","","","","","","","","","","","","Gross Charge Type: Main Acute Price List"
"CATH, BALLOON STERLING OTW 7 X 200MM X 150CM","PacuWmSup55415","CDM","272","RC","C1725","HCPCS","","","facility","both","","","","1191.92","1191.92","","","","","","","","","","","","","Gross Charge Type: Main Acute Price List"
"CATH, BALLOON STERLING OTW 7X2","OperWmSup32404","CDM","272","RC","C1725","HCPCS","","","facility","both","","","","973.24","973.24","","","","","","","","","","","","","Gross Charge Type: Main Acute Price List"
"CATH, BALLOON STERLING OTW 7X2","ScorChSup32404","CDM","272","RC","C1725","HCPCS","","","facility","both","","","","973.24","973.24","","","","","","","","","","","","","Gross Charge Type: Main Acute Price List"
"CATH, BALLOON VIATRAC 5.0/30","OperWmSup28618","CDM","272","RC","","","","","facility","both","","","","1071.8","1071.8","","","","","","","","","","","","","Gross Charge Type: Main Acute Price List"
"CATH, BALLOON VIATRAC 5.0/30","PacuChSup28618","CDM","272","RC","","","","","facility","both","","","","1071.8","1071.8","","","","","","","","","","","","","Gross Charge Type: Main Acute Price List"
"CATH, BALLOON VIATRAC 6/20/135","Chrs5421073","CDM","272","RC","C1725","HCPCS","","","facility","both","","","","1071.8","1071.8","","","","","","","","","","","","","Gross Charge Type: Main Acute Price List"
"CATH, BALLOON VIATRAC 6/20/135","CspuChSup21073","CDM","272","RC","C1725","HCPCS","","","facility","both","","","","1071.8","1071.8","","","","","","","","","","","","","Gross Charge Type: Main Acute Price List"
"CATH, BALLOON VIATRAC 6/20/135","ScorChSup21073","CDM","272","RC","C1725","HCPCS","","","facility","both","","","","1071.8","1071.8","","","","","","","","","","","","","Gross Charge Type: Main Acute Price List"
"CATH, BALLOON VIATRAC 7/20/135","GastWmSup21075","CDM","272","RC","C1725","HCPCS","","","facility","both","","","","1071.8","1071.8","","","","","","","","","","","","","Gross Charge Type: Main Acute Price List"
"CATH, BALLOON XXL-14-4-5.8-75","Wilm54214911","CDM","272","RC","C1725","HCPCS","","","facility","both","","","","1416.74","1416.74","","","","","","","","","","","","","Gross Charge Type: Main Acute Price List"
"CATH, BALLOON XXL/16-2/5.8/75","PacuChSup204277","CDM","272","RC","C1725","HCPCS","","","facility","both","","","","1416.74","1416.74","","","","","","","","","","","","","Gross Charge Type: Main Acute Price List"
"CATH, BALLOON XXL/16-2/5.8/75","ScorChSup204277","CDM","272","RC","C1725","HCPCS","","","facility","both","","","","1416.74","1416.74","","","","","","","","","","","","","Gross Charge Type: Main Acute Price List"
"CATH, BARE WIRE SUPPORT FILTER DELIVERY","ScpuWmSup40804","CDM","272","RC","C1769","HCPCS","","","facility","both","","","","810.87","810.87","","","","","","","","","","","","","Gross Charge Type: Main Acute Price List"
"CATH, BENCHMARK DELIVERY BMX81 115CM","DelrChSup115544","CDM","272","RC","C1887","HCPCS","","","facility","both","","","","5647.15","5647.15","","","","","","","","","","","","","Gross Charge Type: Main Acute Price List"
"CATH, BENCHMARK DELIVERY BMX81 115CM","ScanChSup115544","CDM","272","RC","C1887","HCPCS","","","facility","both","","","","5647.15","5647.15","","","","","","","","","","","","","Gross Charge Type: Main Acute Price List"
"CATH, BENCHMARK DELIVERY BMX81 115CM","ScorWmSup115544","CDM","272","RC","C1887","HCPCS","","","facility","both","","","","5647.15","5647.15","","","","","","","","","","","","","Gross Charge Type: Main Acute Price List"
"CATH, BENCHMARK DELIVERY BMX81 95CM","ScorChSup115540","CDM","272","RC","C1887","HCPCS","","","facility","both","","","","6005.75","6005.75","","","","","","","","","","","","","Gross Charge Type: Main Acute Price List"
"CATH, BI-CAVAL DUAL LUMEN AVALON ELITE 31FR","OperWmSup61678","CDM","272","RC","","","","","facility","both","","","","15091.36","15091.36","","","","","","","","","","","","","Gross Charge Type: Main Acute Price List"
"CATH, BILIARY FLEX. 10/35 REG.","GyscChSup213420","CDM","272","RC","C1729","HCPCS","","","facility","both","","","","463.36","463.36","","","","","","","","","","","","","Gross Charge Type: Main Acute Price List"
"CATH, BILIARY FLEX. 10/35 REG.","Wilm54213420","CDM","272","RC","C1729","HCPCS","","","facility","both","","","","463.36","463.36","","","","","","","","","","","","","Gross Charge Type: Main Acute Price List"
"CATH, BREVIA SHORT TERM DIALYSIS 20CM","Chrs54204162","CDM","278","RC","C1752","HCPCS","","","facility","both","","","","708.37","708.37","","","","","","","","","","","","","Gross Charge Type: Main Acute Price List"
"CATH, BREVIA SHORT TERM DIALYSIS 20CM","ScpuWmSup204162","CDM","278","RC","C1752","HCPCS","","","facility","both","","","","708.37","708.37","","","","","","","","","","","","","Gross Charge Type: Main Acute Price List"
"CATH, BRIDGE OCCLUSION BALLOON 90CM","DelrChSup66811","CDM","272","RC","","","","","facility","both","","","","5882.55","5882.55","","","","","","","","","","","","","Gross Charge Type: Main Acute Price List"
"CATH, BRIDGE OCCLUSION BALLOON 90CM","PacuWmSup66811","CDM","272","RC","","","","","facility","both","","","","5882.55","5882.55","","","","","","","","","","","","","Gross Charge Type: Main Acute Price List"
"CATH, BRIDGE OCCLUSION BALLOON 90CM","Wilm3166811","CDM","272","RC","","","","","facility","both","","","","5882.55","5882.55","","","","","","","","","","","","","Gross Charge Type: Main Acute Price List"
"CATH, BROVIAC SINGLE 6.6FR 90CM SILICONE","GastChSup106376","CDM","272","RC","C1751","HCPCS","","","facility","both","","","","903.89","903.89","","","","","","","","","","","","","Gross Charge Type: Main Acute Price List"
"CATH, CARTO THERMACOOL SMARTTOUCH SF BI-DIR. CURVE DF 8FR 115CM","ScorChSup79117","CDM","272","RC","C1732","HCPCS","","","facility","both","","","","24497.28","24497.28","","","","","","","","","","","","","Gross Charge Type: Main Acute Price List"
"CATH, CENTESIS ONE STEP TEFLON 5FR 10CM DRAIN LOW PROFILE","GastChSup115889","CDM","272","RC","","","","","facility","both","","","","105.07","105.07","","","","","","","","","","","","","Gross Charge Type: Main Acute Price List"
"CATH, CEREGLIDE ASPIRATION 115CM","EplbChSup121433","CDM","272","RC","C1757","HCPCS","","","facility","both","","","","13900.68","13900.68","","","","","","","","","","","","","Gross Charge Type: Main Acute Price List"
"CATH, CEREGLIDE ASPIRATION","ScorWmSup120814","CDM","272","RC","C1757","HCPCS","","","facility","both","","","","14783.38","14783.38","","","","","","","","","","","","","Gross Charge Type: Main Acute Price List"
"CATH, CHOCOLATE BALLOON PTA 6.0 X 80","ScpuChSup53533","CDM","272","RC","C1725","HCPCS","","","facility","both","","","","5183.8","5183.8","","","","","","","","","","","","","Gross Charge Type: Main Acute Price List"
"CATH, CLOTHUNTER THROMBECTOMY ENHANCEMENT 8FR 105CM","OperChSup108026","CDM","272","RC","C1757","HCPCS","","","facility","both","","","","15638.27","15638.27","","","","","","","","","","","","","Gross Charge Type: Main Acute Price List"
"CATH, CLOTTRIEVER THROMBECTOMY 16MM 125CM","AnesWmSup77248","CDM","272","RC","C1757","HCPCS","","","facility","both","","","","34736.89","34736.89","","","","","","","","","","","","","Gross Charge Type: Main Acute Price List"
"CATH, CLOTTRIEVER THROMBECTOMY 16MM 125CM","AngiChSup77248","CDM","272","RC","C1757","HCPCS","","","facility","both","","","","34736.89","34736.89","","","","","","","","","","","","","Gross Charge Type: Main Acute Price List"
"CATH, CLOTTRIEVER THROMBECTOMY 16MM 125CM","ScpuWmSup77248","CDM","272","RC","C1757","HCPCS","","","facility","both","","","","34736.89","34736.89","","","","","","","","","","","","","Gross Charge Type: Main Acute Price List"
"CATH, CODA BALLOON 32MM 120CM","PacuChSup37717","CDM","272","RC","C2628","HCPCS","","","facility","both","","","","3486.42","3486.42","","","","","","","","","","","","","Gross Charge Type: Main Acute Price List"
"CATH, CODA BALLOON 32MM 120CM","Wilm5437717","CDM","272","RC","C2628","HCPCS","","","facility","both","","","","3486.42","3486.42","","","","","","","","","","","","","Gross Charge Type: Main Acute Price List"
"CATH, CODA BALLOON 46MM 140MM","ScorChSup72197","CDM","272","RC","C2628","HCPCS","","","facility","both","","","","3381.7","3381.7","","","","","","","","","","","","","Gross Charge Type: Main Acute Price List"
"CATH, CODA BALLOON 46MM 140MM","ScorWmSup72197","CDM","272","RC","C2628","HCPCS","","","facility","both","","","","3381.7","3381.7","","","","","","","","","","","","","Gross Charge Type: Main Acute Price List"
"CATH, CORSAIR MICRO 150CM","ScorChSup51876","CDM","272","RC","","","","","facility","both","","","","5235.78","5235.78","","","","","","","","","","","","","Gross Charge Type: Main Acute Price List"
"CATH, CPS AIM SL INNER 65CM","ScpuChSup50191","CDM","272","RC","C1887","HCPCS","","","facility","both","","","","868.79","868.79","","","","","","","","","","","","","Gross Charge Type: Main Acute Price List"
"CATH, CPS AIM SL INNER DS2N021-59","CspuChSup43683","CDM","272","RC","C1887","HCPCS","","","facility","both","","","","868.79","868.79","","","","","","","","","","","","","Gross Charge Type: Main Acute Price List"
"CATH, CPS AIM SL INNER DS2N022-59","PacuChSup43681","CDM","272","RC","C1887","HCPCS","","","facility","both","","","","868.79","868.79","","","","","","","","","","","","","Gross Charge Type: Main Acute Price List"
"CATH, CRAGG-MCNAMARA VALVED INFUSION 5FR 100CM X 30CM .038","EplbChSup112019","CDM","278","RC","C1751","HCPCS","","","facility","both","","","","378.45","378.45","","","","","","","","","","","","","Gross Charge Type: Main Acute Price List"
"CATH, CRAGG-MCNAMARA VALVED INFUSION 5FR 100CM X 40CM .038","DelrChSup112018","CDM","278","RC","C1751","HCPCS","","","facility","both","","","","378.45","378.45","","","","","","","","","","","","","Gross Charge Type: Main Acute Price List"
"CATH, CRAGG-MCNAMARA VALVED INFUSION 5FR 135CM X 30CM .038","GastChSup112016","CDM","278","RC","C1751","HCPCS","","","facility","both","","","","378.45","378.45","","","","","","","","","","","","","Gross Charge Type: Main Acute Price List"
"CATH, CRAGG-MCNAMARA VALVED INFUSION 5FR 135CM X 50CM .038","AngiWmSup112014","CDM","278","RC","C1751","HCPCS","","","facility","both","","","","315.37","315.37","","","","","","","","","","","","","Gross Charge Type: Main Acute Price List"
"CATH, CRYOABLATION ARTIC FRONT ADVANCE PRO 28MM 140CM","ScanWmSup77669","CDM","272","RC","C1733","HCPCS","","","facility","both","","","","27718.83","27718.83","","","","","","","","","","","","","Gross Charge Type: Main Acute Price List"
"CATH, CSF CONNECTOR STRAIGHT","ScanWmSup92181","CDM","270","RC","","","","","facility","both","","","","554.13","554.13","","","","","","","","","","","","","Gross Charge Type: Main Acute Price List"
"CATH, CSF DRAINAGE VENT BACTISEAL EVD","Chrs5460537","CDM","272","RC","","","","","facility","both","","","","2705.29","2705.29","","","","","","","","","","","","","Gross Charge Type: Main Acute Price List"
"CATH, CSF-CONNECTOR RT. ANGLE","GyscChSup202543","CDM","272","RC","","","","","facility","both","","","","527.76","527.76","","","","","","","","","","","","","Gross Charge Type: Main Acute Price List"
"CATH, CXI SUPPORT .014 2.3FR 150CM ANG 2","PacuChSup69641","CDM","272","RC","C1887","HCPCS","","","facility","both","","","","1167.21","1167.21","","","","","","","","","","","","","Gross Charge Type: Main Acute Price List"
"CATH, CXI SUPPORT .014 2.3FR 90CM ANG 2","Wilm5469642","CDM","272","RC","C1887","HCPCS","","","facility","both","","","","1167.21","1167.21","","","","","","","","","","","","","Gross Charge Type: Main Acute Price List"
"CATH, CXI SUPPORT ANGLED 2.6FR 65CM","Wilm5452305","CDM","272","RC","C1887","HCPCS","","","facility","both","","","","1173.37","1173.37","","","","","","","","","","","","","Gross Charge Type: Main Acute Price List"
"CATH, CXI SUPPORT ANGLED 2.6FR 90CM","ScorChSup52306","CDM","272","RC","C1887","HCPCS","","","facility","both","","","","1173.37","1173.37","","","","","","","","","","","","","Gross Charge Type: Main Acute Price List"
"CATH, DELIVERY ZEPHYR 5.5-DM","OperWmSup107043","CDM","272","RC","","","","","facility","both","","","","3295.46","3295.46","","","","","","","","","","","","","Gross Charge Type: Main Acute Price List"
"CATH, DIAGNOSTIC RADIAL 4FR JR4 100CM","GyscChSup68930","CDM","272","RC","","","","","facility","both","","","","70.95","70.95","","","","","","","","","","","","","Gross Charge Type: Main Acute Price List"
"CATH, DIREXION HI-FLO J-SHAPE 130CM","AngiChSup56247","CDM","272","RC","","","","","facility","both","","","","2767.88","2767.88","","","","","","","","","","","","","Gross Charge Type: Main Acute Price List"
"CATH, DIREXION HI-FLO MICROCATH WITH FATHOM 16 WIRE STR 130CM","Chrs5455834","CDM","272","RC","C1887","HCPCS","","","facility","both","","","","4681.4","4681.4","","","","","","","","","","","","","Gross Charge Type: Main Acute Price List"
"CATH, DIREXION HI-FLO MICROCATH WITH FATHOM 16 WIRE STR 130CM","Wilm5455834","CDM","272","RC","C1887","HCPCS","","","facility","both","","","","4681.4","4681.4","","","","","","","","","","","","","Gross Charge Type: Main Acute Price List"
"CATH, DIREXION J-SHAPE 130CM","Chrs5456246","CDM","272","RC","","","","","facility","both","","","","3079.87","3079.87","","","","","","","","","","","","","Gross Charge Type: Main Acute Price List"
"CATH, DRAINAGE ALL PURPOSE 12FRX25CM","Ccsp47205982","CDM","278","RC","","","","","facility","both","","","","443.5","443.5","","","","","","","","","","","","","Gross Charge Type: Main Acute Price List"
"CATH, DRAINAGE ALL PURPOSE 16FR X 25CM","CcbcMg27040","CDM","270","RC","","","","","facility","both","","","","417.02","417.02","","","","","","","","","","","","","Gross Charge Type: Main Acute Price List"
"CATH, DRAINAGE ALL PURPOSE 16FR X 25CM","CcicMR27040","CDM","270","RC","","","","","facility","both","","","","417.02","417.02","","","","","","","","","","","","","Gross Charge Type: Main Acute Price List"
"CATH, DRAINAGE ALL PURPOSE 16FR X 25CM","CcspUS27040","CDM","270","RC","","","","","facility","both","","","","417.02","417.02","","","","","","","","","","","","","Gross Charge Type: Main Acute Price List"
"CATH, DRAINAGE AMPLATZ UNIV ULTRATHANE .038 10.2FR","GyscChSup56008","CDM","272","RC","C1729","HCPCS","","","facility","both","","","","631.31","631.31","","","","","","","","","","","","","Gross Charge Type: Main Acute Price List"
"CATH, DRAINAGE AMPLATZ UNIV ULTRATHANE .038 10.2FR","Wilm5456008","CDM","272","RC","C1729","HCPCS","","","facility","both","","","","631.31","631.31","","","","","","","","","","","","","Gross Charge Type: Main Acute Price List"
"CATH, DRAINAGE DAWSON-MUELLER 10.2FR 25CM","CcthChSup50994","CDM","272","RC","C1729","HCPCS","","","facility","both","","","","606.68","606.68","","","","","","","","","","","","","Gross Charge Type: Main Acute Price List"
"CATH, DRAINAGE DAWSON-MUELLER 10.2FR 25CM","GastChSup50994","CDM","272","RC","C1729","HCPCS","","","facility","both","","","","606.68","606.68","","","","","","","","","","","","","Gross Charge Type: Main Acute Price List"
"CATH, DRAINAGE DAWSON-MUELLER 10.2FR 25CM","ScanChSup50994","CDM","272","RC","C1729","HCPCS","","","facility","both","","","","606.68","606.68","","","","","","","","","","","","","Gross Charge Type: Main Acute Price List"
"CATH, DRAINAGE DAWSON-MUELLER 12FR 25CM","ScpuWmSup51515","CDM","272","RC","C1729","HCPCS","","","facility","both","","","","606.68","606.68","","","","","","","","","","","","","Gross Charge Type: Main Acute Price List"
"CATH, DURAFLOW 2 STR BASIC KIT PG 14FR X 28CM","GastChSup116379","CDM","278","RC","C1750","HCPCS","","","facility","both","","","","2094.31","2094.31","","","","","","","","","","","","","Gross Charge Type: Main Acute Price List"
"CATH, DURAMAX STACKED TIP STR BASIC KIT 5-UP  15.5FR X 32CM","AngiWmSup116380","CDM","278","RC","C1751","HCPCS","","","facility","both","","","","2125.11","2125.11","","","","","","","","","","","","","Gross Charge Type: Main Acute Price List"
"CATH, DXTERITY DIAG 5FR 3DRC X 100CM","EplbChSup74186","CDM","272","RC","","","","","facility","both","","","","46.2","46.2","","","","","","","","","","","","","Gross Charge Type: Main Acute Price List"
"CATH, DXTERITY DIAG 5FR AL2.0 X 100CM","OperChSup74182","CDM","272","RC","","","","","facility","both","","","","46.2","46.2","","","","","","","","","","","","","Gross Charge Type: Main Acute Price List"
"CATH, DXTERITY DIAG 5FR IMA X 100CM","CcthChSup74187","CDM","272","RC","","","","","facility","both","","","","46.2","46.2","","","","","","","","","","","","","Gross Charge Type: Main Acute Price List"
"CATH, DXTERITY DIAG 5FR IMA X 100CM","GyscChSup74187","CDM","272","RC","","","","","facility","both","","","","46.2","46.2","","","","","","","","","","","","","Gross Charge Type: Main Acute Price List"
"CATH, DXTERITY DIAG 5FR IMA X 100CM","ScanChSup74187","CDM","272","RC","","","","","facility","both","","","","46.2","46.2","","","","","","","","","","","","","Gross Charge Type: Main Acute Price List"
"CATH, DXTERITY DIAG 5FR JL4.5 X 100CM","ScanWmSup74179","CDM","272","RC","","","","","facility","both","","","","46.2","46.2","","","","","","","","","","","","","Gross Charge Type: Main Acute Price List"
"CATH, DXTERITY DIAG 5FR JL4.5 X 100CM","ScpuChSup74179","CDM","272","RC","","","","","facility","both","","","","46.2","46.2","","","","","","","","","","","","","Gross Charge Type: Main Acute Price List"
"CATH, DXTERITY DIAG 5FR JL5.0 X 100CM","OperChSup74189","CDM","272","RC","","","","","facility","both","","","","46.2","46.2","","","","","","","","","","","","","Gross Charge Type: Main Acute Price List"
"CATH, EAGLE EYE PLATINUM IMAGING","ScorChSup51032","CDM","272","RC","C1753","HCPCS","","","facility","both","","","","4465.82","4465.82","","","","","","","","","","","","","Gross Charge Type: Main Acute Price List"
"CATH, ECHELON 14 MICRO","OperChSup34343","CDM","272","RC","","","","","facility","both","","","","5235.78","5235.78","","","","","","","","","","","","","Gross Charge Type: Main Acute Price List"
"CATH, ECHELON 14-45 MICRO","OperChSup34344","CDM","272","RC","","","","","facility","both","","","","5334.39","5334.39","","","","","","","","","","","","","Gross Charge Type: Main Acute Price List"
"CATH, ECLIPSE 2L DUAL LUMEN BALLOON 2FR X 12MM","CcthChSup108753","CDM","272","RC","C2628","HCPCS","","","facility","both","","","","9855.58","9855.58","","","","","","","","","","","","","Gross Charge Type: Main Acute Price List"
"CATH, ECLIPSE 2L DUAL LUMEN BALLOON 2FR X 9MM","PacuWmSup108752","CDM","272","RC","C2628","HCPCS","","","facility","both","","","","9855.58","9855.58","","","","","","","","","","","","","Gross Charge Type: Main Acute Price List"
"CATH, ECLIPSE 2L SN DUAL LUMEN BALLOON 2FR X 7MM","OperChSup108751","CDM","272","RC","C2628","HCPCS","","","facility","both","","","","12904.65","12904.65","","","","","","","","","","","","","Gross Charge Type: Main Acute Price List"
"CATH, EMBOL OCCLUSION 3FR","OperWmSup43926","CDM","272","RC","C1757","HCPCS","","","facility","both","","","","689.24","689.24","","","","","","","","","","","","","Gross Charge Type: Main Acute Price List"
"CATH, EMBOLECTOMY OCCLUSION 4FR","PacuChSup50809","CDM","272","RC","C1757","HCPCS","","","facility","both","","","","689.24","689.24","","","","","","","","","","","","","Gross Charge Type: Main Acute Price List"
"CATH, EMBOLECTOMY OCCLUSION 4FR","ScorChSup50809","CDM","272","RC","C1757","HCPCS","","","facility","both","","","","689.24","689.24","","","","","","","","","","","","","Gross Charge Type: Main Acute Price List"
"CATH, EMERGE MR 5.00MM X 12MM","GastChSup120165","CDM","272","RC","C1725","HCPCS","","","facility","both","","","","503.9","503.9","","","","","","","","","","","","","Gross Charge Type: Main Acute Price List"
"CATH, EMERGE MR 5.00MM X 12MM","ScorWmSup120165","CDM","272","RC","C1725","HCPCS","","","facility","both","","","","503.9","503.9","","","","","","","","","","","","","Gross Charge Type: Main Acute Price List"
"CATH, ENSITE ARRAY","CspuChSup38305","CDM","272","RC","C1732","HCPCS","","","facility","both","","","","20271.82","20271.82","","","","","","","","","","","","","Gross Charge Type: Main Acute Price List"
"CATH, ENSITE ARRAY","GastChSup38305","CDM","272","RC","C1732","HCPCS","","","facility","both","","","","20271.82","20271.82","","","","","","","","","","","","","Gross Charge Type: Main Acute Price List"
"CATH, ENVOY 6FR MPD 90CM","GastChSup34558","CDM","272","RC","C1887","HCPCS","","","facility","both","","","","2502.12","2502.12","","","","","","","","","","","","","Gross Charge Type: Main Acute Price List"
"CATH, ENVOY 6FR MPD 90CM","ScpuWmSup34558","CDM","272","RC","C1887","HCPCS","","","facility","both","","","","2502.12","2502.12","","","","","","","","","","","","","Gross Charge Type: Main Acute Price List"
"CATH, ENVOY 6FR STR 90CM","OperWmSup34560","CDM","272","RC","C1887","HCPCS","","","facility","both","","","","2502.12","2502.12","","","","","","","","","","","","","Gross Charge Type: Main Acute Price List"
"CATH, ENVOY 6FR STR 90CM","Wilm5434560","CDM","272","RC","C1887","HCPCS","","","facility","both","","","","2502.12","2502.12","","","","","","","","","","","","","Gross Charge Type: Main Acute Price List"
"CATH, EPISTAT","ScpuWmSup83276","CDM","270","RC","","","","","facility","both","","","","565.97","565.97","","","","","","","","","","","","","Gross Charge Type: Main Acute Price List"
"CATH, ESPERANCE 5F X 115 CM DISTAL","EplbChSup121959","CDM","272","RC","C1887","HCPCS","","","facility","both","","","","9549.86","9549.86","","","","","","","","","","","","","Gross Charge Type: Main Acute Price List"
"CATH, ESPERANCE 6F X 115 CM DISTAL","AngiWmSup121962","CDM","272","RC","C1887","HCPCS","","","facility","both","","","","9549.86","9549.86","","","","","","","","","","","","","Gross Charge Type: Main Acute Price List"
"CATH, ESPERANCE 6FX131CM ASP KIT","OperWmSup121964","CDM","272","RC","C1887","HCPCS","","","facility","both","","","","11059.35","11059.35","","","","","","","","","","","","","Gross Charge Type: Main Acute Price List"
"CATH, EXCELSIOR SL-10 1.7FR 150CM MICRO","GastChSup34288","CDM","272","RC","","","","","facility","both","","","","7355.65","7355.65","","","","","","","","","","","","","Gross Charge Type: Main Acute Price List"
"CATH, EXCELSIOR SL-10 1.7FR 150CM MICRO","OperChSup34288","CDM","272","RC","","","","","facility","both","","","","7355.65","7355.65","","","","","","","","","","","","","Gross Charge Type: Main Acute Price List"
"CATH, EXCELSIOR XT-27 FLEX 150CM","Chrs5450833","CDM","272","RC","","","","","facility","both","","","","6035.31","6035.31","","","","","","","","","","","","","Gross Charge Type: Main Acute Price List"
"CATH, FG NC EMERGE MR 5.50MM x 20MM","AngiChSup109736","CDM","272","RC","C1725","HCPCS","","","facility","both","","","","535.9","535.9","","","","","","","","","","","","","Gross Charge Type: Main Acute Price List"
"CATH, FG NC EMERGE MR 5.50MM x 20MM","ScorChSup109736","CDM","272","RC","C1725","HCPCS","","","facility","both","","","","535.9","535.9","","","","","","","","","","","","","Gross Charge Type: Main Acute Price List"
"CATH, FG NC EMERGE MR 5.50MM x 8MM","CcthChSup109730","CDM","272","RC","C1725","HCPCS","","","facility","both","","","","535.9","535.9","","","","","","","","","","","","","Gross Charge Type: Main Acute Price List"
"CATH, FG NC EMERGE MR 6.00MM x 12MM","OperChSup109733","CDM","272","RC","C1725","HCPCS","","","facility","both","","","","535.9","535.9","","","","","","","","","","","","","Gross Charge Type: Main Acute Price List"
"CATH, FG NC EMERGE MR 6.00MM x 15MM","PacuChSup109735","CDM","272","RC","C1725","HCPCS","","","facility","both","","","","535.9","535.9","","","","","","","","","","","","","Gross Charge Type: Main Acute Price List"
"CATH, FG NC EMERGE MR 6.00MM x 20MM","EplbChSup109737","CDM","272","RC","C1725","HCPCS","","","facility","both","","","","535.9","535.9","","","","","","","","","","","","","Gross Charge Type: Main Acute Price List"
"CATH, FG NC EMERGE MR 6.00MM x 8MM","PacuWmSup109731","CDM","272","RC","C1725","HCPCS","","","facility","both","","","","477.63","477.63","","","","","","","","","","","","","Gross Charge Type: Main Acute Price List"
"CATH, FG NC EMERGE MR US 2.00MM X 15MM","GastWmSup111886","CDM","272","RC","C1725","HCPCS","","","facility","both","","","","503.9","503.9","","","","","","","","","","","","","Gross Charge Type: Main Acute Price List"
"CATH, FG NC EMERGE MR US 2.50MM X 12MM","GyscChSup111880","CDM","272","RC","C1725","HCPCS","","","facility","both","","","","535.9","535.9","","","","","","","","","","","","","Gross Charge Type: Main Acute Price List"
"CATH, FG NC EMERGE MR US 2.50MM X 15MM","AngiChSup111887","CDM","272","RC","C1725","HCPCS","","","facility","both","","","","535.9","535.9","","","","","","","","","","","","","Gross Charge Type: Main Acute Price List"
"CATH, FG NC EMERGE MR US 2.50MM X 30MM","ScorChSup111902","CDM","272","RC","C1725","HCPCS","","","facility","both","","","","535.9","535.9","","","","","","","","","","","","","Gross Charge Type: Main Acute Price List"
"CATH, FG NC EMERGE MR US 2.75MM X 12MM","AnesWmSup111881","CDM","272","RC","C1725","HCPCS","","","facility","both","","","","535.9","535.9","","","","","","","","","","","","","Gross Charge Type: Main Acute Price List"
"CATH, FG NC EMERGE MR US 2.75MM X 20MM","ScpuWmSup111896","CDM","272","RC","C1725","HCPCS","","","facility","both","","","","535.9","535.9","","","","","","","","","","","","","Gross Charge Type: Main Acute Price List"
"CATH, FG NC EMERGE MR US 3.00MM X 15MM","ScanChSup111889","CDM","272","RC","C1725","HCPCS","","","facility","both","","","","535.9","535.9","","","","","","","","","","","","","Gross Charge Type: Main Acute Price List"
"CATH, FG NC EMERGE MR US 3.00MM X 15MM","ScorWmSup111889","CDM","272","RC","C1725","HCPCS","","","facility","both","","","","535.9","535.9","","","","","","","","","","","","","Gross Charge Type: Main Acute Price List"
"CATH, FG NC EMERGE MR US 3.00MM X 15MM","ScpuChSup111889","CDM","272","RC","C1725","HCPCS","","","facility","both","","","","535.9","535.9","","","","","","","","","","","","","Gross Charge Type: Main Acute Price List"
"CATH, FG NC EMERGE MR US 3.00MM X 8MM","ScpuChSup111874","CDM","272","RC","C1725","HCPCS","","","facility","both","","","","535.9","535.9","","","","","","","","","","","","","Gross Charge Type: Main Acute Price List"
"CATH, FG NC EMERGE MR US 3.25MM X 20MM","AnesWmSup111897","CDM","272","RC","C1725","HCPCS","","","facility","both","","","","535.9","535.9","","","","","","","","","","","","","Gross Charge Type: Main Acute Price List"
"CATH, FG NC EMERGE MR US 3.25MM X 20MM","AngiWmSup111897","CDM","272","RC","C1725","HCPCS","","","facility","both","","","","535.9","535.9","","","","","","","","","","","","","Gross Charge Type: Main Acute Price List"
"CATH, FG NC EMERGE MR US 3.25MM X 20MM","PacuChSup111897","CDM","272","RC","C1725","HCPCS","","","facility","both","","","","535.9","535.9","","","","","","","","","","","","","Gross Charge Type: Main Acute Price List"
"CATH, FG NC EMERGE MR US 4.00MM X 15MM","ScanChSup111892","CDM","272","RC","C1725","HCPCS","","","facility","both","","","","535.9","535.9","","","","","","","","","","","","","Gross Charge Type: Main Acute Price List"
"CATH, FG NC EMERGE MR US 4.00MM X 30MM","GyscChSup111905","CDM","272","RC","C1725","HCPCS","","","facility","both","","","","535.9","535.9","","","","","","","","","","","","","Gross Charge Type: Main Acute Price List"
"CATH, FG NC EMERGE MR US 4.50MM X 15MM","AngiWmSup112211","CDM","272","RC","C1725","HCPCS","","","facility","both","","","","535.9","535.9","","","","","","","","","","","","","Gross Charge Type: Main Acute Price List"
"CATH, FG NC EMERGE MR US 4.50MM X 20MM","OperWmSup111899","CDM","272","RC","C1725","HCPCS","","","facility","both","","","","535.9","535.9","","","","","","","","","","","","","Gross Charge Type: Main Acute Price List"
"CATH, FG NC EMERGE MR US 5.00MM X 12MM","OperWmSup111884","CDM","272","RC","C1725","HCPCS","","","facility","both","","","","535.9","535.9","","","","","","","","","","","","","Gross Charge Type: Main Acute Price List"
"CATH, FG NC EMERGE MR US 5.00MM X 15MM","EplbChSup111893","CDM","272","RC","C1725","HCPCS","","","facility","both","","","","535.9","535.9","","","","","","","","","","","","","Gross Charge Type: Main Acute Price List"
"CATH, FG NC EMERGE MR US 5.00MM X 15MM","GastWmSup111893","CDM","272","RC","C1725","HCPCS","","","facility","both","","","","535.9","535.9","","","","","","","","","","","","","Gross Charge Type: Main Acute Price List"
"CATH, FG NC EMERGE MR US 5.00MM X 20MM","CspuChSup111900","CDM","272","RC","C1725","HCPCS","","","facility","both","","","","535.9","535.9","","","","","","","","","","","","","Gross Charge Type: Main Acute Price List"
"CATH, FG NC EMERGE MR US 5.00MM X 6MM","GastWmSup111870","CDM","272","RC","C1725","HCPCS","","","facility","both","","","","503.9","503.9","","","","","","","","","","","","","Gross Charge Type: Main Acute Price List"
"CATH, FG NC EMERGE MR US 5.00MM X 6MM","OperWmSup111870","CDM","272","RC","C1725","HCPCS","","","facility","both","","","","503.9","503.9","","","","","","","","","","","","","Gross Charge Type: Main Acute Price List"
"CATH, FINECROSS COR MICRO-GUIDE 130CM","ScanChSup48339","CDM","272","RC","C1887","HCPCS","","","facility","both","","","","2771.89","2771.89","","","","","","","","","","","","","Gross Charge Type: Main Acute Price List"
"CATH, FINECROSS COR MICRO-GUIDE 130CM","ScpuWmSup48339","CDM","272","RC","C1887","HCPCS","","","facility","both","","","","2771.89","2771.89","","","","","","","","","","","","","Gross Charge Type: Main Acute Price List"
"CATH, FINECROSS COR MICRO-GUIDE 150CM","EplbChSup48340","CDM","272","RC","C1887","HCPCS","","","facility","both","","","","2771.89","2771.89","","","","","","","","","","","","","Gross Charge Type: Main Acute Price List"
"CATH, FLEXABILITY BI-DIRECTIONAL IRR. ABLATION D CURVE","OperWmSup63654","CDM","272","RC","C2630","HCPCS","","","facility","both","","","","10422.28","10422.28","","","","","","","","","","","","","Gross Charge Type: Main Acute Price List"
"CATH, FLEXABILITY BI-DIRECTIONAL IRR. ABLATION DF CURVE","GastWmSup63650","CDM","272","RC","C2630","HCPCS","","","facility","both","","","","10422.28","10422.28","","","","","","","","","","","","","Gross Charge Type: Main Acute Price List"
"CATH, FLEXABILITY BI-DIRECTIONAL IRR. ABLATION FJ CURVE","OperChSup63652","CDM","272","RC","C2630","HCPCS","","","facility","both","","","","10422.28","10422.28","","","","","","","","","","","","","Gross Charge Type: Main Acute Price List"
"CATH, FLEXABILITY BI-DIRECTIONAL IRR. ABLATION FJ CURVE","ScanChSup63652","CDM","272","RC","C2630","HCPCS","","","facility","both","","","","10422.28","10422.28","","","","","","","","","","","","","Gross Charge Type: Main Acute Price List"
"CATH, FLOWTRIEVER 15-18MM, 115CM","CLDRChSup75558","CDM","272","RC","C1757","HCPCS","","","facility","both","","","","5.79","5.79","","","","","","","","","","","","","Gross Charge Type: Main Acute Price List"
"CATH, FLOWTRIEVER 15-18MM, 115CM","ScpuChSup75558","CDM","272","RC","C1757","HCPCS","","","facility","both","","","","5.79","5.79","","","","","","","","","","","","","Gross Charge Type: Main Acute Price List"
"CATH, FOGARTY 14FR OCCLUSION","OperChSup211269","CDM","270","RC","","","","","facility","both","","","","1976.5","1976.5","","","","","","","","","","","","","Gross Charge Type: Main Acute Price List"
"CATH, FOGARTY 14FR OCCLUSION","ScorChSup211269","CDM","270","RC","","","","","facility","both","","","","1976.5","1976.5","","","","","","","","","","","","","Gross Charge Type: Main Acute Price List"
"CATH, FOGARTY 7FR DUAL PURPOSE","ScpuWmSup204689","CDM","272","RC","C1757","HCPCS","","","facility","both","","","","517.41","517.41","","","","","","","","","","","","","Gross Charge Type: Main Acute Price List"
"CATH, FOGARTY OTW 5FR 80CM X .035","CcthChSup40275","CDM","272","RC","C1757","HCPCS","","","facility","both","","","","543.29","543.29","","","","","","","","","","","","","Gross Charge Type: Main Acute Price List"
"CATH, FOGARTY OTW 5FR 80CM X .035","PacuChSup40275","CDM","272","RC","C1757","HCPCS","","","facility","both","","","","543.29","543.29","","","","","","","","","","","","","Gross Charge Type: Main Acute Price List"
"CATH, FOGARTY, THRU-LUMEN EMBO - 204844","ScanWmSup204844","CDM","272","RC","C1757","HCPCS","","","facility","both","","","","543.29","543.29","","","","","","","","","","","","","Gross Charge Type: Main Acute Price List"
"CATH, FREEZOR XTRA 5 LONG CURVE","CspuChSup35638","CDM","272","RC","","","","","facility","both","","","","8977.52","8977.52","","","","","","","","","","","","","Gross Charge Type: Main Acute Price List"
"CATH, GATEWAY BALLOON 1.5X15","Chrs3135427","CDM","272","RC","","","","","facility","both","","","","8701.56","8701.56","","","","","","","","","","","","","Gross Charge Type: Main Acute Price List"
"CATH, GATEWAY BALLOON 2.0X9","ScanWmSup35431","CDM","272","RC","","","","","facility","both","","","","8701.56","8701.56","","","","","","","","","","","","","Gross Charge Type: Main Acute Price List"
"CATH, GATEWAY BALLOON 2.5 X 9","CspuChSup44063","CDM","272","RC","","","","","facility","both","","","","8701.56","8701.56","","","","","","","","","","","","","Gross Charge Type: Main Acute Price List"
"CATH, GLIDE 4FR 65CM C 2","AngiChSup9410","CDM","270","RC","","","","","facility","both","","","","326.47","326.47","","","","","","","","","","","","","Gross Charge Type: Main Acute Price List"
"CATH, GLIDE 4FR 65CM C 2","ScanWmSup9410","CDM","270","RC","","","","","facility","both","","","","326.47","326.47","","","","","","","","","","","","","Gross Charge Type: Main Acute Price List"
"CATH, GLIDECATH 5FR 100/JB1","ScorChSup213415","CDM","270","RC","","","","","facility","both","","","","306.97","306.97","","","","","","","","","","","","","Gross Charge Type: Main Acute Price List"
"CATH, GLIDECATH ANGLE TAPER 5FR X 100CM","Chrs54203741","CDM","270","RC","","","","","facility","both","","","","326.47","326.47","","","","","","","","","","","","","Gross Charge Type: Main Acute Price List"
"CATH, GLIDECATH COBRA 2 4FR","CcthChSup204323","CDM","270","RC","","","","","facility","both","","","","326.47","326.47","","","","","","","","","","","","","Gross Charge Type: Main Acute Price List"
"CATH, GLIDECATH SIM 3 PREFER 65CM 5FR 100CM","CspuChSup57280","CDM","272","RC","C1887","HCPCS","","","facility","both","","","","326.47","326.47","","","","","","","","","","","","","Gross Charge Type: Main Acute Price List"
"CATH, GLIDECATH SIM 3 PREFER 65CM 5FR 100CM","GastChSup57280","CDM","272","RC","C1887","HCPCS","","","facility","both","","","","326.47","326.47","","","","","","","","","","","","","Gross Charge Type: Main Acute Price List"
"CATH, GLIDEPATH DIALYSIS STD KIT 27CM","CcthChSup67824","CDM","278","RC","C1750","HCPCS","","","facility","both","","","","1586.14","1586.14","","","","","","","","","","","","","Gross Charge Type: Main Acute Price List"
"CATH, GLIDEPATH DIALYSIS STD KIT 42CM","AngiWmSup67827","CDM","272","RC","C1750","HCPCS","","","facility","both","","","","1491.43","1491.43","","","","","","","","","","","","","Gross Charge Type: Main Acute Price List"
"CATH, GLIDEPATH DIALYSIS STD KIT 50CM","ScpuChSup67828","CDM","272","RC","C1750","HCPCS","","","facility","both","","","","1586.14","1586.14","","","","","","","","","","","","","Gross Charge Type: Main Acute Price List"
"CATH, GLIDESHEATH SLENDER SS 5FR 10CM","AngiChSup64436","CDM","272","RC","C1894","HCPCS","","","facility","both","","","","357.27","357.27","","","","","","","","","","","","","Gross Charge Type: Main Acute Price List"
"CATH, GLIDESHEATH SLENDER SS 5FR 10CM","GastWmSup64436","CDM","272","RC","C1894","HCPCS","","","facility","both","","","","357.27","357.27","","","","","","","","","","","","","Gross Charge Type: Main Acute Price List"
"CATH, GLIDESHEATH SLENDER SS 5FR 25CM","AngiWmSup109762","CDM","272","RC","C1894","HCPCS","","","facility","both","","","","330.14","330.14","","","","","","","","","","","","","Gross Charge Type: Main Acute Price List"
"CATH, GLIDESHEATH SLENDER SS 5FR 25CM","OperChSup109762","CDM","272","RC","C1894","HCPCS","","","facility","both","","","","330.14","330.14","","","","","","","","","","","","","Gross Charge Type: Main Acute Price List"
"CATH, GUIDE 6FR 3DRCH-SH","ScpuChSup35331","CDM","272","RC","","","","","facility","both","","","","246.38","246.38","","","","","","","","","","","","","Gross Charge Type: Main Acute Price List"
"CATH, GUIDE 7FR MP A-1","PacuChSup212089","CDM","272","RC","C1887","HCPCS","","","facility","both","","","","267.96","267.96","","","","","","","","","","","","","Gross Charge Type: Main Acute Price List"
"CATH, GUIDE 7FR MP A-1","ScanWmSup212089","CDM","272","RC","C1887","HCPCS","","","facility","both","","","","267.96","267.96","","","","","","","","","","","","","Gross Charge Type: Main Acute Price List"
"CATH, GUIDE EBU3.5 7 FR 90CM","GastChSup51688","CDM","272","RC","C1887","HCPCS","","","facility","both","","","","246.38","246.38","","","","","","","","","","","","","Gross Charge Type: Main Acute Price List"
"CATH, GUIDE EBU40 7 FR 100CM","ScorWmSup51689","CDM","272","RC","C1887","HCPCS","","","facility","both","","","","246.38","246.38","","","","","","","","","","","","","Gross Charge Type: Main Acute Price List"
"CATH, GUIDE LA 5FR","GastWmSup72029","CDM","272","RC","C1887","HCPCS","","","facility","both","","","","246.38","246.38","","","","","","","","","","","","","Gross Charge Type: Main Acute Price List"
"CATH, GUIDE LAUNCHER 5FR 3.5 LEFT STD CURVE","ScanChSup109571","CDM","272","RC","C1887","HCPCS","","","facility","both","","","","246.38","246.38","","","","","","","","","","","","","Gross Charge Type: Main Acute Price List"
"CATH, GUIDE LAUNCHER 5FR 4.0 LEFT STD CURVE","PacuChSup109572","CDM","272","RC","C1887","HCPCS","","","facility","both","","","","246.38","246.38","","","","","","","","","","","","","Gross Charge Type: Main Acute Price List"
"CATH, GUIDE LAUNCHER LA 6FR 110CM EB50","PacuWmSup109766","CDM","272","RC","C1887","HCPCS","","","facility","both","","","","231.68","231.68","","","","","","","","","","","","","Gross Charge Type: Main Acute Price List"
"CATH, GUIDE LAUNCHER LA 6FR 110CM JL50","AnesWmSup109763","CDM","272","RC","C1887","HCPCS","","","facility","both","","","","231.68","231.68","","","","","","","","","","","","","Gross Charge Type: Main Acute Price List"
"CATH, GUIDE LINER 5 IN 6 6FR","GastChSup42959","CDM","272","RC","C1887","HCPCS","","","facility","both","","","","2451.58","2451.58","","","","","","","","","","","","","Gross Charge Type: Main Acute Price List"
"CATH, GUIDE LINER 5FR","ScorChSup72028","CDM","272","RC","C1887","HCPCS","","","facility","both","","","","2451.58","2451.58","","","","","","","","","","","","","Gross Charge Type: Main Acute Price List"
"CATH, GUIDE LINER 7FR","GastWmSup68927","CDM","272","RC","C1887","HCPCS","","","facility","both","","","","2451.58","2451.58","","","","","","","","","","","","","Gross Charge Type: Main Acute Price List"
"CATH, GUIDE MP A1 6FR 125CM","EplbChSup78613","CDM","272","RC","","","","","facility","both","","","","875.74","875.74","","","","","","","","","","","","","Gross Charge Type: Main Acute Price List"
"CATH, GUIDE MP2 6FR 125CM","ScanChSup63668","CDM","272","RC","C1887","HCPCS","","","facility","both","","","","246.38","246.38","","","","","","","","","","","","","Gross Charge Type: Main Acute Price List"
"CATH, GUIDEZILLA II 6FR LONG 0.070","ScpuWmSup72471","CDM","272","RC","C1769","HCPCS","","","facility","both","","","","2171.98","2171.98","","","","","","","","","","","","","Gross Charge Type: Main Acute Price List"
"CATH, GUIDEZILLA II 7FR 0.078","PacuChSup72469","CDM","272","RC","C1769","HCPCS","","","facility","both","","","","2171.98","2171.98","","","","","","","","","","","","","Gross Charge Type: Main Acute Price List"
"CATH, GUIDING ANGIO XBU3.5 VISTA BRITE TIP 5FR 100CM","DelrChSup109639","CDM","272","RC","C1887","HCPCS","","","facility","both","","","","271.03","271.03","","","","","","","","","","","","","Gross Charge Type: Main Acute Price List"
"CATH, GUIDING ANGIO XBU4.0 VISTA BRITE TIP 5FR 100CM W/O SIDEHOLES","CspuChSup109640","CDM","272","RC","C1887","HCPCS","","","facility","both","","","","267.96","267.96","","","","","","","","","","","","","Gross Charge Type: Main Acute Price List"
"CATH, GUIDING CONCIER GE JUDKINS RIGHT 6FR 4.0","CcthChSup117688","CDM","272","RC","C1887","HCPCS","","","facility","both","","","","338.78","338.78","","","","","","","","","","","","","Gross Charge Type: Main Acute Price List"
"CATH, GUIDING CONCIER GE SUPER BACK UP LAD 6FR 3.0","CspuChSup117686","CDM","272","RC","C1887","HCPCS","","","facility","both","","","","338.78","338.78","","","","","","","","","","","","","Gross Charge Type: Main Acute Price List"
"CATH, GUIDING CONCIER GE SUPER BACK UP LAD 6FR 3.5","CspuChSup117687","CDM","272","RC","C1887","HCPCS","","","facility","both","","","","338.78","338.78","","","","","","","","","","","","","Gross Charge Type: Main Acute Price List"
"CATH, GUIDING CORONARY XBU4.0 VISTA BRITE TIP 6FR 100CM W/O SIDEHOLES","ScpuChSup109643","CDM","272","RC","C1887","HCPCS","","","facility","both","","","","238.82","238.82","","","","","","","","","","","","","Gross Charge Type: Main Acute Price List"
"CATH, GUIDING ENVOY SIM 2 90CM 7FR","Wilm3161997","CDM","272","RC","","","","","facility","both","","","","2606.38","2606.38","","","","","","","","","","","","","Gross Charge Type: Main Acute Price List"
"CATH, GUIDING TRANSRADIAL XBU3.0 VISTA BRITETIP 5FR 100CM","DelrChSup109638","CDM","272","RC","C1887","HCPCS","","","facility","both","","","","335.52","335.52","","","","","","","","","","","","","Gross Charge Type: Main Acute Price List"
"CATH, GUIDING TRANSRADIAL XBU3.0 VISTA BRITETIP 5FR 100CM","ScorChSup109638","CDM","272","RC","C1887","HCPCS","","","facility","both","","","","335.52","335.52","","","","","","","","","","","","","Gross Charge Type: Main Acute Price List"
"CATH, HALO 360 ABLATION 31MM","ScorChSup41335","CDM","272","RC","","","","","facility","both","","","","11641.9","11641.9","","","","","","","","","","","","","Gross Charge Type: Main Acute Price List"
"CATH, HAWKONE 6FR MULTI-LEVEL 135CM","DelrChSup74403","CDM","272","RC","C1714","HCPCS","","","facility","both","","","","23222.22","23222.22","","","","","","","","","","","","","Gross Charge Type: Main Acute Price List"
"CATH, HAWKONE 6FR MULTI-LEVEL 135CM","EplbChSup74403","CDM","272","RC","C1714","HCPCS","","","facility","both","","","","23222.22","23222.22","","","","","","","","","","","","","Gross Charge Type: Main Acute Price List"
"CATH, HAWKONE LX EXT TIP 7FR 114CM","ScorChSup64426","CDM","272","RC","C1714","HCPCS","","","facility","both","","","","21835.65","21835.65","","","","","","","","","","","","","Gross Charge Type: Main Acute Price List"
"CATH, HERCULES DILATION BALLOON 15-16.5-18MM","Chrs5450870","CDM","272","RC","C1726","HCPCS","","","facility","both","","","","955.67","955.67","","","","","","","","","","","","","Gross Charge Type: Main Acute Price List"
"CATH, HNBR-5-38-100-P-NS-DAV","AngiWmSup213119","CDM","272","RC","C1751","HCPCS","","","facility","both","","","","127.83","127.83","","","","","","","","","","","","","Gross Charge Type: Main Acute Price List"
"CATH, HNBR-5-38-100-P-NS-DAV","ScpuChSup213119","CDM","272","RC","C1751","HCPCS","","","facility","both","","","","127.83","127.83","","","","","","","","","","","","","Gross Charge Type: Main Acute Price List"
"CATH, HNBR-5.0-38-80-P-NS-MIK","AngiWmSup212217","CDM","270","RC","","","","","facility","both","","","","141.67","141.67","","","","","","","","","","","","","Gross Charge Type: Main Acute Price List"
"CATH, HNBR-5.0-38-80-P-NS-MIK","ScanWmSup212217","CDM","270","RC","","","","","facility","both","","","","141.67","141.67","","","","","","","","","","","","","Gross Charge Type: Main Acute Price List"
"CATH, HSG 5FR.","CcicMR105068","CDM","272","RC","","","","","facility","both","","","","123.19","123.19","","","","","","","","","","","","","Gross Charge Type: Main Acute Price List"
"CATH, HSG 7FR","Ccbc30100629","CDM","272","RC","","","","","facility","both","","","","135.51","135.51","","","","","","","","","","","","","Gross Charge Type: Main Acute Price List"
"CATH, HSG 7FR","Ccsb38100629","CDM","272","RC","","","","","facility","both","","","","135.51","135.51","","","","","","","","","","","","","Gross Charge Type: Main Acute Price List"
"CATH, IAB LINEAR 7.5FR 34CC","OperChSup44992","CDM","272","RC","","","","","facility","both","","","","5423.77","5423.77","","","","","","","","","","","","","Gross Charge Type: Main Acute Price List"
"CATH, IAB LINEAR 7.5FR 34CC","OperWmSup44992","CDM","272","RC","","","","","facility","both","","","","5423.77","5423.77","","","","","","","","","","","","","Gross Charge Type: Main Acute Price List"
"CATH, IABP 8FR 30CC 0.25","ScanChSup114714","CDM","272","RC","","","","","facility","both","","","","5065.79","5065.79","","","","","","","","","","","","","Gross Charge Type: Main Acute Price List"
"CATH, ICP VENTRICULOSTOMY 35CM","GastChSup630","CDM","272","RC","","","","","facility","both","","","","773.54","773.54","","","","","","","","","","","","","Gross Charge Type: Main Acute Price List"
"CATH, ICP VENTRICULOSTOMY 35CM","ScorChSup630","CDM","272","RC","","","","","facility","both","","","","773.54","773.54","","","","","","","","","","","","","Gross Charge Type: Main Acute Price List"
"CATH, ICP VENTRICULOSTOMY 35CM","ScorWmSup630","CDM","272","RC","","","","","facility","both","","","","773.54","773.54","","","","","","","","","","","","","Gross Charge Type: Main Acute Price List"
"CATH, IMPELLA CP 9FR","GastWmSup60996","CDM","278","RC","C1889","HCPCS","","","facility","both","","","","153993.48","153993.48","","","","","","","","","","","","","Gross Charge Type: Main Acute Price List"
"CATH, IMPELLA CP 9FR","PacuWmSup60996","CDM","278","RC","C1889","HCPCS","","","facility","both","","","","153993.48","153993.48","","","","","","","","","","","","","Gross Charge Type: Main Acute Price List"
"CATH, IMPRESS SIM 2 4FR 100CM","CLDRChSup70091","CDM","272","RC","C1887","HCPCS","","","facility","both","","","","69.5","69.5","","","","","","","","","","","","","Gross Charge Type: Main Acute Price List"
"CATH, IMPRESS VERT 5FR 125CM .038","CcthChSup67244","CDM","272","RC","C1887","HCPCS","","","facility","both","","","","73.91","73.91","","","","","","","","","","","","","Gross Charge Type: Main Acute Price List"
"CATH, INDIGO 5 STR TIP 5FR 132CM","GyscChSup65242","CDM","272","RC","","","","","facility","both","","","","6736.04","6736.04","","","","","","","","","","","","","Gross Charge Type: Main Acute Price List"
"CATH, INDIGO 5 STR TIP 5FR 132CM","ScanChSup65242","CDM","272","RC","","","","","facility","both","","","","6736.04","6736.04","","","","","","","","","","","","","Gross Charge Type: Main Acute Price List"
"CATH, INDIGO 8 STR TIP 8FR 85CM","GastWmSup65079","CDM","272","RC","C1887","HCPCS","","","facility","both","","","","16738.74","16738.74","","","","","","","","","","","","","Gross Charge Type: Main Acute Price List"
"CATH, INDIGO 8 STR TIP 8FR 85CM","OperChSup65079","CDM","272","RC","C1887","HCPCS","","","facility","both","","","","16738.74","16738.74","","","","","","","","","","","","","Gross Charge Type: Main Acute Price List"
"CATH, INDIGO 8 TORQUE TIP 8FR 115CM","ScorChSup64586","CDM","272","RC","","","","","facility","both","","","","16738.74","16738.74","","","","","","","","","","","","","Gross Charge Type: Main Acute Price List"
"CATH, INTRATHECAL ASCENDA 66CM","ScorChSup106377","CDM","272","RC","C1755","HCPCS","","","facility","both","","","","7872.15","7872.15","","","","","","","","","","","","","Gross Charge Type: Main Acute Price List"
"CATH, INTUBATION 19FR L56CM ID 4.7M","OperChSup35305","CDM","272","RC","","","","","facility","both","","","","379.43","379.43","","","","","","","","","","","","","Gross Charge Type: Main Acute Price List"
"CATH, IV PROT. PLUS 18G  1 /14","CspuChSup202880","CDM","272","RC","","","","","facility","both","","","","9.94","9.94","","","","","","","","","","","","","Gross Charge Type: Main Acute Price List"
"CATH, IV PROTECTIVE 18G 1-1/4","Ccim3893814","CDM","270","RC","","","","","facility","both","","","","8.8","8.8","","","","","","","","","","","","","Gross Charge Type: Main Acute Price List"
"CATH, IV PROTECTIVE 18G 1-1/4","Ccim4793814","CDM","270","RC","","","","","facility","both","","","","8.8","8.8","","","","","","","","","","","","","Gross Charge Type: Main Acute Price List"
"CATH, IV PROTECTIVE 18G 1-1/4","GastChSup93814","CDM","270","RC","","","","","facility","both","","","","8.8","8.8","","","","","","","","","","","","","Gross Charge Type: Main Acute Price List"
"CATH, IV PROTECTIVE 20G 1","CcccCR93816","CDM","270","RC","","","","","facility","both","","","","8.8","8.8","","","","","","","","","","","","","Gross Charge Type: Main Acute Price List"
"CATH, IV PROTECTIVE 20G 1","CcicCT93816","CDM","270","RC","","","","","facility","both","","","","8.8","8.8","","","","","","","","","","","","","Gross Charge Type: Main Acute Price List"
"CATH, IV PROTECTIVE 20G 1","CcimCT93816","CDM","270","RC","","","","","facility","both","","","","8.8","8.8","","","","","","","","","","","","","Gross Charge Type: Main Acute Price List"
"CATH, IV PROTECTIVE 20G 1","CcspCT93816","CDM","270","RC","","","","","facility","both","","","","8.8","8.8","","","","","","","","","","","","","Gross Charge Type: Main Acute Price List"
"CATH, IV PROTECTIVE 20G 1","EplbChSup93816","CDM","270","RC","","","","","facility","both","","","","8.8","8.8","","","","","","","","","","","","","Gross Charge Type: Main Acute Price List"
"CATH, KUMPE 5.0-38-40-P-NS-KMP","PacuChSup204240","CDM","272","RC","C1751","HCPCS","","","facility","both","","","","141.67","141.67","","","","","","","","","","","","","Gross Charge Type: Main Acute Price List"
"CATH, KUMPE 5.0-38-40-P-NS-KMP","ScorChSup204240","CDM","272","RC","C1751","HCPCS","","","facility","both","","","","141.67","141.67","","","","","","","","","","","","","Gross Charge Type: Main Acute Price List"
"CATH, KUMPE 5.0-38-40-P-NS-KMP","ScpuWmSup204240","CDM","272","RC","C1751","HCPCS","","","facility","both","","","","141.67","141.67","","","","","","","","","","","","","Gross Charge Type: Main Acute Price List"
"CATH, LASSO 2515 NAV 20 POLE","Wilm5442606","CDM","272","RC","C1731","HCPCS","","","facility","both","","","","10946.79","10946.79","","","","","","","","","","","","","Gross Charge Type: Main Acute Price List"
"CATH, LASSO NAV 20 POLE 2515,22P SPLITHANDLE","OperWmSup51203","CDM","272","RC","C1766","HCPCS","","","facility","both","","","","16223.25","16223.25","","","","","","","","","","","","","Gross Charge Type: Main Acute Price List"
"CATH, LASSO NAV 20 POLE 2515,22P SPLITHANDLE","ScorWmSup51203","CDM","272","RC","C1766","HCPCS","","","facility","both","","","","16223.25","16223.25","","","","","","","","","","","","","Gross Charge Type: Main Acute Price List"
"CATH, LATEX 2 WAY 30F 30CC","ScanWmSup2484","CDM","270","RC","","","","","facility","both","","","","24.1","24.1","","","","","","","","","","","","","Gross Charge Type: Main Acute Price List"
"CATH, LAUNCHER 6FR 3DRC","ScanWmSup35247","CDM","272","RC","","","","","facility","both","","","","246.38","246.38","","","","","","","","","","","","","Gross Charge Type: Main Acute Price List"
"CATH, LAUNCHER 6FR EBU 3.75SH GUIDE","ScorWmSup36258","CDM","272","RC","","","","","facility","both","","","","246.38","246.38","","","","","","","","","","","","","Gross Charge Type: Main Acute Price List"
"CATH, LAUNCHER 6FR","OperChSup64429","CDM","272","RC","C1887","HCPCS","","","facility","both","","","","246.38","246.38","","","","","","","","","","","","","Gross Charge Type: Main Acute Price List"
"CATH, LAUNCHER GUIDE 6FR 3D RIGHT 100CM","ScorChSup113291","CDM","272","RC","C1887","HCPCS","","","facility","both","","","","246.38","246.38","","","","","","","","","","","","","Gross Charge Type: Main Acute Price List"
"CATH, LAUNCHER LA 6FR 110CM EB35","AnesWmSup110176","CDM","272","RC","C1894","HCPCS","","","facility","both","","","","246.38","246.38","","","","","","","","","","","","","Gross Charge Type: Main Acute Price List"
"CATH, LAUNCHER LA 6FR 110CM EB35","ScpuWmSup110176","CDM","272","RC","C1894","HCPCS","","","facility","both","","","","246.38","246.38","","","","","","","","","","","","","Gross Charge Type: Main Acute Price List"
"CATH, LIGHTNING FLASH ASPIRATION PLUS ASP TUBING 16FR 100CM .014-.040 135 BER","ScpuWmSup115869","CDM","272","RC","C1757","HCPCS","","","facility","both","","","","57108.63","57108.63","","","","","","","","","","","","","Gross Charge Type: Main Acute Price List"
"CATH, LIGHTNING FLASH ASPIRATION PLUS ASP TUBING 16FR 115CM .014-.041 135 BER","AnesWmSup115870","CDM","272","RC","C1757","HCPCS","","","facility","both","","","","60735.02","60735.02","","","","","","","","","","","","","Gross Charge Type: Main Acute Price List"
"CATH, LIGHTNING FLASH ASPIRATION PLUS ASP TUBING 16FR 115CM .014-.041 135 BER","ScanChSup115870","CDM","272","RC","C1757","HCPCS","","","facility","both","","","","60735.02","60735.02","","","","","","","","","","","","","Gross Charge Type: Main Acute Price List"
"CATH, LIGHTNING FLASH ASPIRATION PLUS ASP TUBING 16FR 80CM .014-.038 105 BER","ScorChSup115867","CDM","272","RC","C1757","HCPCS","","","facility","both","","","","60735.02","60735.02","","","","","","","","","","","","","Gross Charge Type: Main Acute Price List"
"CATH, LT 7F FL4 SH GUIDE","AnesWmSup99472","CDM","272","RC","C1887","HCPCS","","","facility","both","","","","246.38","246.38","","","","","","","","","","","","","Gross Charge Type: Main Acute Price List"
"CATH, LT 7F FL4 SH GUIDE","ScorWmSup99472","CDM","272","RC","C1887","HCPCS","","","facility","both","","","","246.38","246.38","","","","","","","","","","","","","Gross Charge Type: Main Acute Price List"
"CATH, LUMBER EXT. DRAINAGE KIT","ScpuChSup214814","CDM","270","RC","","","","","facility","both","","","","1235.27","1235.27","","","","","","","","","","","","","Gross Charge Type: Main Acute Price List"
"CATH, M-DRAIN SINGLE STEP DRAINAGE WITH LOCKING PIGTAIL 14F X 25CM","AngiChSup121881","CDM","272","RC","C1729","HCPCS","","","facility","both","","","","341.95","341.95","","","","","","","","","","","","","Gross Charge Type: Main Acute Price List"
"CATH, MALECOT 14FR PEDIATRIC","ScpuWmSup5265","CDM","272","RC","C1729","HCPCS","","","facility","both","","","","141.56","141.56","","","","","","","","","","","","","Gross Charge Type: Main Acute Price List"
"CATH, MARATHON FLOW DIRECTED MICRO","Chrs3135523","CDM","272","RC","C1887","HCPCS","","","facility","both","","","","6196.7","6196.7","","","","","","","","","","","","","Gross Charge Type: Main Acute Price List"
"CATH, MARINER HAWKINS HAIRPIN 5FR 80CM .038","ScpuWmSup114107","CDM","272","RC","","","","","facility","both","","","","462.72","462.72","","","","","","","","","","","","","Gross Charge Type: Main Acute Price List"
"CATH, MARINER KUMPE 5FR X 40CM .038","ScanWmSup115076","CDM","272","RC","","","","","facility","both","","","","420.32","420.32","","","","","","","","","","","","","Gross Charge Type: Main Acute Price List"
"CATH, MARINER VERTEBRAL 5FR X 130CM .035","Chrs5467205","CDM","272","RC","C1887","HCPCS","","","facility","both","","","","695.27","695.27","","","","","","","","","","","","","Gross Charge Type: Main Acute Price List"
"CATH, MARINER VERTEBRAL 5FR X 130CM .035","CspuChSup67205","CDM","272","RC","C1887","HCPCS","","","facility","both","","","","695.27","695.27","","","","","","","","","","","","","Gross Charge Type: Main Acute Price List"
"CATH, MARINER VERTEBRAL 5FR X 130CM .035","Wilm3167205","CDM","272","RC","C1887","HCPCS","","","facility","both","","","","695.27","695.27","","","","","","","","","","","","","Gross Charge Type: Main Acute Price List"
"CATH, MARKSMAN 3.2FR X 150CM","PacuWmSup44208","CDM","272","RC","C1887","HCPCS","","","facility","both","","","","6252.13","6252.13","","","","","","","","","","","","","Gross Charge Type: Main Acute Price List"
"CATH, MICRO EXCELSIOR SL-10 PRESHAPED J 6CM X 150CM","OperChSup50357","CDM","272","RC","C1887","HCPCS","","","facility","both","","","","6916.45","6916.45","","","","","","","","","","","","","Gross Charge Type: Main Acute Price List"
"CATH, MICRO SUPER-CROSS .014 90 DEG XT 130CM","OperChSup113960","CDM","272","RC","C1887","HCPCS","","","facility","both","","","","2803.56","2803.56","","","","","","","","","","","","","Gross Charge Type: Main Acute Price List"
"CATH, MICRO TREVO PRO 14","CspuChSup106144","CDM","272","RC","C1757","HCPCS","","","facility","both","","","","6881.66","6881.66","","","","","","","","","","","","","Gross Charge Type: Main Acute Price List"
"CATH, MICRO TREVO PRO 18L","ScpuWmSup61058","CDM","272","RC","","","","","facility","both","","","","6881.66","6881.66","","","","","","","","","","","","","Gross Charge Type: Main Acute Price List"
"CATH, MICRO TREVO TRAK 21","ScpuChSup107176","CDM","272","RC","C1757","HCPCS","","","facility","both","","","","6881.66","6881.66","","","","","","","","","","","","","Gross Charge Type: Main Acute Price List"
"CATH, MICRO TRUSELECT 2FR STR 175CM","ScanWmSup107396","CDM","272","RC","C1725","HCPCS","","","facility","both","","","","4385.73","4385.73","","","","","","","","","","","","","Gross Charge Type: Main Acute Price List"
"CATH, MICRO VELOCITY DELIVERY 2.95FR 164CM","OperChSup53356","CDM","272","RC","","","","","facility","both","","","","6381.49","6381.49","","","","","","","","","","","","","Gross Charge Type: Main Acute Price List"
"CATH, MOMA ULTRA GUIDE","GastWmSup49852","CDM","272","RC","","","","","facility","both","","","","11395.52","11395.52","","","","","","","","","","","","","Gross Charge Type: Main Acute Price List"
"CATH, MONO MAVERICK2 2.0/30","CcthChSup8484","CDM","272","RC","C1725","HCPCS","","","facility","both","","","","637.11","637.11","","","","","","","","","","","","","Gross Charge Type: Main Acute Price List"
"CATH, MTI 2.9-150-5 CM","PacuWmSup211993","CDM","270","RC","","","","","facility","both","","","","1129.43","1129.43","","","","","","","","","","","","","Gross Charge Type: Main Acute Price List"
"CATH, MTI, 2.9-150-10 CM","Chrs54211994","CDM","270","RC","","","","","facility","both","","","","1129.43","1129.43","","","","","","","","","","","","","Gross Charge Type: Main Acute Price List"
"CATH, MULTIPURPOSE DRAINAGE MAC-LOC 12FR .038 60CM","EplbChSup107877","CDM","272","RC","C1729","HCPCS","","","facility","both","","","","939.3","939.3","","","","","","","","","","","","","Gross Charge Type: Main Acute Price List"
"CATH, NANOCROSS .014 PTA 2.0 X 210 X 150","ScorWmSup41021","CDM","272","RC","C1725","HCPCS","","","facility","both","","","","1231.94","1231.94","","","","","","","","","","","","","Gross Charge Type: Main Acute Price List"
"CATH, NANOCROSS .014 PTA 2.0 X 80 X 150","PacuChSup40621","CDM","272","RC","","","","","facility","both","","","","955.67","955.67","","","","","","","","","","","","","Gross Charge Type: Main Acute Price List"
"CATH, NANOCROSS .014 PTA 2.5 X 150 X 150","GastChSup40613","CDM","272","RC","C1725","HCPCS","","","facility","both","","","","1158.39","1158.39","","","","","","","","","","","","","Gross Charge Type: Main Acute Price List"
"CATH, NANOCROSS .014 PTA 2.5 X 150 X 150","GastWmSup40613","CDM","272","RC","C1725","HCPCS","","","facility","both","","","","1158.39","1158.39","","","","","","","","","","","","","Gross Charge Type: Main Acute Price List"
"CATH, NANOCROSS .014 PTA 2.5 X 150 X 150","OperWmSup40613","CDM","272","RC","C1725","HCPCS","","","facility","both","","","","1158.39","1158.39","","","","","","","","","","","","","Gross Charge Type: Main Acute Price List"
"CATH, NANOCROSS .014 PTA 3.0 X 150 X 150","ScpuWmSup40624","CDM","272","RC","C1725","HCPCS","","","facility","both","","","","1158.39","1158.39","","","","","","","","","","","","","Gross Charge Type: Main Acute Price List"
"CATH, NANOCROSS .014 PTA 3.0 X 210 X 150","AnesWmSup41023","CDM","272","RC","C1725","HCPCS","","","facility","both","","","","1098","1098","","","","","","","","","","","","","Gross Charge Type: Main Acute Price List"
"CATH, NANOCROSS .014 PTA 3.5X20X150","PacuChSup74401","CDM","272","RC","C1725","HCPCS","","","facility","both","","","","1158.39","1158.39","","","","","","","","","","","","","Gross Charge Type: Main Acute Price List"
"CATH, NANOCROSS .014 PTA 4.0 X 210 X 150","PacuChSup41025","CDM","272","RC","C1725","HCPCS","","","facility","both","","","","955.67","955.67","","","","","","","","","","","","","Gross Charge Type: Main Acute Price List"
"CATH, NANOCROSS .014 PTA 4.0 X 210 X 150","ScpuChSup41025","CDM","272","RC","C1725","HCPCS","","","facility","both","","","","955.67","955.67","","","","","","","","","","","","","Gross Charge Type: Main Acute Price List"
"CATH, NAVICROSS SUPPORT .018 X 65CM ANGLE TIP","PacuChSup106431","CDM","272","RC","C1887","HCPCS","","","facility","both","","","","1219.63","1219.63","","","","","","","","","","","","","Gross Charge Type: Main Acute Price List"
"CATH, NAVICROSS SUPPORT .018 X 90CM ANGLE TIP","AnesWmSup106433","CDM","272","RC","C1887","HCPCS","","","facility","both","","","","1219.63","1219.63","","","","","","","","","","","","","Gross Charge Type: Main Acute Price List"
"CATH, NAVICROSS SUPPORT .018 X 90CM ANGLE TIP","ScorWmSup106433","CDM","272","RC","C1887","HCPCS","","","facility","both","","","","1219.63","1219.63","","","","","","","","","","","","","Gross Charge Type: Main Acute Price List"
"CATH, NAVICROSS SUPPORT .018 X 90CM STR TIP","OperWmSup106432","CDM","272","RC","C1887","HCPCS","","","facility","both","","","","1146.81","1146.81","","","","","","","","","","","","","Gross Charge Type: Main Acute Price List"
"CATH, NAVICROSS SUPPORT .035 65CM 30DEG ANGLE","GastChSup50987","CDM","272","RC","C1887","HCPCS","","","facility","both","","","","1219.63","1219.63","","","","","","","","","","","","","Gross Charge Type: Main Acute Price List"
"CATH, NAVICROSS SUPPORT .035 X 90CM ANGLED","ScorWmSup51957","CDM","272","RC","C1887","HCPCS","","","facility","both","","","","1219.63","1219.63","","","","","","","","","","","","","Gross Charge Type: Main Acute Price List"
"CATH, NAVIEN DCS SUPPORT 5FR .058 125CM","PacuChSup52554","CDM","272","RC","C1887","HCPCS","","","facility","both","","","","6554.37","6554.37","","","","","","","","","","","","","Gross Charge Type: Main Acute Price List"
"CATH, NAVISTAR 4MM EZ STEER CURVE","ScanChSup35741","CDM","272","RC","","","","","facility","both","","","","16428.03","16428.03","","","","","","","","","","","","","Gross Charge Type: Main Acute Price List"
"CATH, NAVISTAR BI-DIRECTIONAL 4MM F-J CURVE","ScanChSup110866","CDM","272","RC","C1732","HCPCS","","","facility","both","","","","16428.03","16428.03","","","","","","","","","","","","","Gross Charge Type: Main Acute Price List"
"CATH, NAVISTAR BI-DIRECTIONAL 4MM F-J CURVE","ScorChSup110866","CDM","272","RC","C1732","HCPCS","","","facility","both","","","","16428.03","16428.03","","","","","","","","","","","","","Gross Charge Type: Main Acute Price List"
"CATH, NAVISTAR CURVE F 4MM","OperWmSup5686","CDM","272","RC","C1732","HCPCS","","","facility","both","","","","15079.04","15079.04","","","","","","","","","","","","","Gross Charge Type: Main Acute Price List"
"CATH, NAVISTAR THERMOCOOL F CURVE","OperChSup31274","CDM","272","RC","","","","","facility","both","","","","17532.23","17532.23","","","","","","","","","","","","","Gross Charge Type: Main Acute Price List"
"CATH, NAVITUS L JETSTREAM 7FR 120CM .014","PacuChSup53358","CDM","272","RC","C1724","HCPCS","","","facility","both","","","","19711.17","19711.17","","","","","","","","","","","","","Gross Charge Type: Main Acute Price List"
"CATH, NC EMERGE MR 3.25MM X 8MM","CspuChSup120158","CDM","272","RC","C1725","HCPCS","","","facility","both","","","","535.9","535.9","","","","","","","","","","","","","Gross Charge Type: Main Acute Price List"
"CATH, NC EMERGE MR 4.00MM X 12MM","AnesWmSup120161","CDM","272","RC","C1725","HCPCS","","","facility","both","","","","535.9","535.9","","","","","","","","","","","","","Gross Charge Type: Main Acute Price List"
"CATH, NC QUANTUM APEX MR 12MM X 3.5MM","CcthChSup43105","CDM","272","RC","C1725","HCPCS","","","facility","both","","","","535.9","535.9","","","","","","","","","","","","","Gross Charge Type: Main Acute Price List"
"CATH, NC QUANTUM APEX MR 15MM X 2.5MM","PacuChSup43110","CDM","272","RC","C1725","HCPCS","","","facility","both","","","","503.9","503.9","","","","","","","","","","","","","Gross Charge Type: Main Acute Price List"
"CATH, NC QUANTUM APEX MR 15MM X 2.75MM","ScorWmSup43111","CDM","272","RC","C1725","HCPCS","","","facility","both","","","","503.9","503.9","","","","","","","","","","","","","Gross Charge Type: Main Acute Price List"
"CATH, NC QUANTUM APEX MR 15MM X 3.25MM","ScanChSup43113","CDM","272","RC","C1725","HCPCS","","","facility","both","","","","503.9","503.9","","","","","","","","","","","","","Gross Charge Type: Main Acute Price List"
"CATH, NC QUANTUM APEX MR 15MM X 4.5MM","GastWmSup43116","CDM","272","RC","C1725","HCPCS","","","facility","both","","","","503.9","503.9","","","","","","","","","","","","","Gross Charge Type: Main Acute Price List"
"CATH, NC QUANTUM APEX MR 20MM X 2MM","CcthChSup43118","CDM","272","RC","C1725","HCPCS","","","facility","both","","","","503.9","503.9","","","","","","","","","","","","","Gross Charge Type: Main Acute Price List"
"CATH, NC QUANTUM APEX MR 20MM X 3.5MM","ScanChSup43123","CDM","272","RC","C1725","HCPCS","","","facility","both","","","","535.9","535.9","","","","","","","","","","","","","Gross Charge Type: Main Acute Price List"
"CATH, NC QUANTUM APEX MR 20MM X 3MM","OperWmSup43121","CDM","272","RC","C1725","HCPCS","","","facility","both","","","","503.9","503.9","","","","","","","","","","","","","Gross Charge Type: Main Acute Price List"
"CATH, NC QUANTUM APEX MR 20MM X 4MM","CcthChSup43124","CDM","272","RC","C1725","HCPCS","","","facility","both","","","","503.9","503.9","","","","","","","","","","","","","Gross Charge Type: Main Acute Price List"
"CATH, NC QUANTUM APEX MR 20MM X 4MM","ScorChSup43124","CDM","272","RC","C1725","HCPCS","","","facility","both","","","","503.9","503.9","","","","","","","","","","","","","Gross Charge Type: Main Acute Price List"
"CATH, NC QUANTUM APEX MR 30MM X 2.5MM","OperWmSup43128","CDM","272","RC","C1725","HCPCS","","","facility","both","","","","503.9","503.9","","","","","","","","","","","","","Gross Charge Type: Main Acute Price List"
"CATH, NC QUANTUM APEX MR 30MM X 4MM","Chrs5443131","CDM","272","RC","C1725","HCPCS","","","facility","both","","","","503.9","503.9","","","","","","","","","","","","","Gross Charge Type: Main Acute Price List"
"CATH, NC QUANTUM APEX MR 30MM X 4MM","OperWmSup43131","CDM","272","RC","C1725","HCPCS","","","facility","both","","","","503.9","503.9","","","","","","","","","","","","","Gross Charge Type: Main Acute Price List"
"CATH, NC QUANTUM APEX MR 30MM X 4MM","PacuWmSup43131","CDM","272","RC","C1725","HCPCS","","","facility","both","","","","503.9","503.9","","","","","","","","","","","","","Gross Charge Type: Main Acute Price List"
"CATH, NC QUANTUM APEX MR 8MM X 2.5MM","PacuChSup43094","CDM","272","RC","C1725","HCPCS","","","facility","both","","","","503.9","503.9","","","","","","","","","","","","","Gross Charge Type: Main Acute Price List"
"CATH, NC QUANTUM APEX MR 8MM X 2MM","CcthChSup43093","CDM","272","RC","C1725","HCPCS","","","facility","both","","","","503.9","503.9","","","","","","","","","","","","","Gross Charge Type: Main Acute Price List"
"CATH, NC QUANTUM APEX MR 8MM X 2MM","CspuChSup43093","CDM","272","RC","C1725","HCPCS","","","facility","both","","","","503.9","503.9","","","","","","","","","","","","","Gross Charge Type: Main Acute Price List"
"CATH, NC QUANTUM APEX MR 8MM X 3.25MM","GastChSup43097","CDM","272","RC","C1725","HCPCS","","","facility","both","","","","503.9","503.9","","","","","","","","","","","","","Gross Charge Type: Main Acute Price List"
"CATH, NC QUANTUM APEX MR 8MM X 3.25MM","ScorWmSup43097","CDM","272","RC","C1725","HCPCS","","","facility","both","","","","503.9","503.9","","","","","","","","","","","","","Gross Charge Type: Main Acute Price List"
"CATH, NC QUANTUM APEX MR 8MM X 4.5MM","GastChSup43100","CDM","272","RC","C1725","HCPCS","","","facility","both","","","","503.9","503.9","","","","","","","","","","","","","Gross Charge Type: Main Acute Price List"
"CATH, NC QUANTUM APEX MR 8MM X 4.5MM","ScanWmSup43100","CDM","272","RC","C1725","HCPCS","","","facility","both","","","","503.9","503.9","","","","","","","","","","","","","Gross Charge Type: Main Acute Price List"
"CATH, NC QUANTUM APEX MR 8MM X 4MM","ScorWmSup43099","CDM","272","RC","C1725","HCPCS","","","facility","both","","","","503.9","503.9","","","","","","","","","","","","","Gross Charge Type: Main Acute Price List"
"CATH, NEPHROURETERAL 10FRX22CM","AngiChSup34396","CDM","272","RC","C2617","HCPCS","","","facility","both","","","","707.45","707.45","","","","","","","","","","","","","Gross Charge Type: Main Acute Price List"
"CATH, NEPHROURETERAL 8FR 22","PacuWmSup204316","CDM","278","RC","C2617","HCPCS","","","facility","both","","","","665.21","665.21","","","","","","","","","","","","","Gross Charge Type: Main Acute Price List"
"CATH, NEPHROURETERAL 8FR 24","AngiWmSup204317","CDM","278","RC","C2617","HCPCS","","","facility","both","","","","707.45","707.45","","","","","","","","","","","","","Gross Charge Type: Main Acute Price List"
"CATH, NEPHROURETERAL STENT 8FR 70CM","PacuChSup110926","CDM","272","RC","C1729","HCPCS","","","facility","both","","","","573.4","573.4","","","","","","","","","","","","","Gross Charge Type: Main Acute Price List"
"CATH, NEPHROURETERAL STENT 8FR 70CM","ScanChSup110926","CDM","272","RC","C1729","HCPCS","","","facility","both","","","","573.4","573.4","","","","","","","","","","","","","Gross Charge Type: Main Acute Price List"
"CATH, NIAGRA DUAL LUMEN","CspuChSup18888","CDM","272","RC","C1752","HCPCS","","","facility","both","","","","689.89","689.89","","","","","","","","","","","","","Gross Charge Type: Main Acute Price List"
"CATH, NIAGRA DUAL LUMEN","GastWmSup18888","CDM","272","RC","C1752","HCPCS","","","facility","both","","","","689.89","689.89","","","","","","","","","","","","","Gross Charge Type: Main Acute Price List"
"CATH, OCTARAY MAPPING 2.0CM SPLINE D-CURVE 25252","AngiChSup114618","CDM","278","RC","C1732","HCPCS","","","facility","both","","","","15629.15","15629.15","","","","","","","","","","","","","Gross Charge Type: Main Acute Price List"
"CATH, OCTARAY MAPPING 2.0CM SPLINE D-CURVE 25252","GastChSup114618","CDM","278","RC","C1732","HCPCS","","","facility","both","","","","15629.15","15629.15","","","","","","","","","","","","","Gross Charge Type: Main Acute Price List"
"CATH, OFF-ROAD RE-ENTRY LONG","OperChSup57896","CDM","272","RC","C1725","HCPCS","","","facility","both","","","","9817.36","9817.36","","","","","","","","","","","","","Gross Charge Type: Main Acute Price List"
"CATH, OMNI FLUSH SOFT-VU SOS 5FR. X 90CM .038","ScanWmSup118242","CDM","272","RC","C1887","HCPCS","","","facility","both","","","","357.27","357.27","","","","","","","","","","","","","Gross Charge Type: Main Acute Price List"
"CATH, OPTICROSS 6 HD CORONARY IMAGING IVUS 60MHZ","PacuWmSup108013","CDM","272","RC","C1753","HCPCS","","","facility","both","","","","4311.82","4311.82","","","","","","","","","","","","","Gross Charge Type: Main Acute Price List"
"CATH, OPTICROSS CORONARY ULTRASOUND IMAGING","OperChSup58034","CDM","272","RC","C1763","HCPCS","","","facility","both","","","","3475.17","3475.17","","","","","","","","","","","","","Gross Charge Type: Main Acute Price List"
"CATH, OPTRELL MAPPING 2.4CM X 2.4  D-F-CURVE","GastWmSup114623","CDM","278","RC","C1732","HCPCS","","","facility","both","","","","16621.6","16621.6","","","","","","","","","","","","","Gross Charge Type: Main Acute Price List"
"CATH, OPTRELL MAPPING 2.4CM X 2.4  F-J-CURVE","AnesChSup114624","CDM","278","RC","C1732","HCPCS","","","facility","both","","","","15629.15","15629.15","","","","","","","","","","","","","Gross Charge Type: Main Acute Price List"
"CATH, OPTRELL MAPPING 2.4CM X 2.4  F-J-CURVE","ScorChSup114624","CDM","278","RC","C1732","HCPCS","","","facility","both","","","","15629.15","15629.15","","","","","","","","","","","","","Gross Charge Type: Main Acute Price List"
"CATH, OUTBACK RE-ENTRY","EplbChSup32923","CDM","272","RC","","","","","facility","both","","","","12196.29","12196.29","","","","","","","","","","","","","Gross Charge Type: Main Acute Price List"
"CATH, OUTBACK RE-ENTRY","GyscChSup32923","CDM","272","RC","","","","","facility","both","","","","12196.29","12196.29","","","","","","","","","","","","","Gross Charge Type: Main Acute Price List"
"CATH, PEDIATRIC SWAN NECK COIL","OperWmSup64215","CDM","278","RC","","","","","facility","both","","","","862.37","862.37","","","","","","","","","","","","","Gross Charge Type: Main Acute Price List"
"CATH, PEDIATRIC SWAN NECK COIL","ScanWmSup64215","CDM","278","RC","","","","","facility","both","","","","862.37","862.37","","","","","","","","","","","","","Gross Charge Type: Main Acute Price List"
"CATH, PENTARAY CARTO NAV 2-6-2 7FR F CURVE 115CM","DelrChSup77205","CDM","272","RC","C1732","HCPCS","","","facility","both","","","","13668.46","13668.46","","","","","","","","","","","","","Gross Charge Type: Main Acute Price List"
"CATH, PENUMBRA INDIGO THROMBECTOMY LIGHTNING BOLT SIZE 7FR 130","GastChSup119120","CDM","272","RC","C1757","HCPCS","","","facility","both","","","","49955.48","49955.48","","","","","","","","","","","","","Gross Charge Type: Main Acute Price List"
"CATH, PERFORMA  5FR 125CM SIM 3","ScorChSup106069","CDM","272","RC","","","","","facility","both","","","","141.68","141.68","","","","","","","","","","","","","Gross Charge Type: Main Acute Price List"
"CATH, PERFORMER HEADHUNTER 4FR","OperWmSup5082","CDM","270","RC","","","","","facility","both","","","","66.61","66.61","","","","","","","","","","","","","Gross Charge Type: Main Acute Price List"
"CATH, PEZZER MUSHROOM 36FR","GastWmSup3043","CDM","270","RC","","","","","facility","both","","","","105.88","105.88","","","","","","","","","","","","","Gross Charge Type: Main Acute Price List"
"CATH, PHENOM 27 MICRO 0615 150CM","GastWmSup69693","CDM","272","RC","","","","","facility","both","","","","6252.13","6252.13","","","","","","","","","","","","","Gross Charge Type: Main Acute Price List"
"CATH, PHENOM PLUS 120CM","OperChSup71951","CDM","272","RC","","","","","facility","both","","","","8851.54","8851.54","","","","","","","","","","","","","Gross Charge Type: Main Acute Price List"
"CATH, POWERLINE DUAL LUMEN 6FR","CcthChSup37197","CDM","272","RC","C1751","HCPCS","","","facility","both","","","","1928.18","1928.18","","","","","","","","","","","","","Gross Charge Type: Main Acute Price List"
"CATH, POWERLINE TRIPLE LUMEN 6FR","PacuWmSup42874","CDM","278","RC","C1751","HCPCS","","","facility","both","","","","2435.45","2435.45","","","","","","","","","","","","","Gross Charge Type: Main Acute Price List"
"CATH, POWERLINE TRIPLE LUMEN 6FR","ScanChSup42874","CDM","278","RC","C1751","HCPCS","","","facility","both","","","","2435.45","2435.45","","","","","","","","","","","","","Gross Charge Type: Main Acute Price List"
"CATH, PROGREAT 2.8FR W/ RO MARKER 130CM","AngiWmSup104853","CDM","272","RC","C1887","HCPCS","","","facility","both","","","","3141.46","3141.46","","","","","","","","","","","","","Gross Charge Type: Main Acute Price List"
"CATH, PROLINE CT 5FR DOUBLE LUMEN","PacuWmSup109872","CDM","272","RC","","","","","facility","both","","","","1509.14","1509.14","","","","","","","","","","","","","Gross Charge Type: Main Acute Price List"
"CATH, PROLINE CT 5FR DOUBLE LUMEN","ScorWmSup109872","CDM","272","RC","","","","","facility","both","","","","1509.14","1509.14","","","","","","","","","","","","","Gross Charge Type: Main Acute Price List"
"CATH, PROLINE CT 5FR SINGLE LUMEN","CspuChSup109871","CDM","272","RC","","","","","facility","both","","","","1419.03","1419.03","","","","","","","","","","","","","Gross Charge Type: Main Acute Price List"
"CATH, PROLINE CT 5FR SINGLE LUMEN","ScpuChSup109871","CDM","272","RC","","","","","facility","both","","","","1419.03","1419.03","","","","","","","","","","","","","Gross Charge Type: Main Acute Price List"
"CATH, PULMONARY ARTERY","GastWmSup3105","CDM","270","RC","","","","","facility","both","","","","660.64","660.64","","","","","","","","","","","","","Gross Charge Type: Main Acute Price List"
"CATH, PV MACH1 7FR RES","CspuChSup39139","CDM","272","RC","C1887","HCPCS","","","facility","both","","","","330.14","330.14","","","","","","","","","","","","","Gross Charge Type: Main Acute Price List"
"CATH, QUICK CROSS  .018 X 135CM","AngiChSup50372","CDM","272","RC","C1887","HCPCS","","","facility","both","","","","954.76","954.76","","","","","","","","","","","","","Gross Charge Type: Main Acute Price List"
"CATH, QUICK CROSS  .018 X 135CM","Chrs5450372","CDM","272","RC","C1887","HCPCS","","","facility","both","","","","954.76","954.76","","","","","","","","","","","","","Gross Charge Type: Main Acute Price List"
"CATH, QUICK CROSS SHORT .035 X 65CM","CspuChSup50370","CDM","272","RC","C1887","HCPCS","","","facility","both","","","","954.76","954.76","","","","","","","","","","","","","Gross Charge Type: Main Acute Price List"
"CATH, QUICK CROSS SHORT .035 X 65CM","OperChSup50370","CDM","272","RC","C1887","HCPCS","","","facility","both","","","","954.76","954.76","","","","","","","","","","","","","Gross Charge Type: Main Acute Price List"
"CATH, QUICKCROSS .014 X 150CM","Wilm5436550","CDM","272","RC","","","","","facility","both","","","","954.76","954.76","","","","","","","","","","","","","Gross Charge Type: Main Acute Price List"
"CATH, REBAR 18 REINFORCED MICRO 2.7>2.4 .021 153MM","GastChSup49841","CDM","272","RC","C1887","HCPCS","","","facility","both","","","","2821.16","2821.16","","","","","","","","","","","","","Gross Charge Type: Main Acute Price List"
"CATH, REBAR 18 REINFORCED MICRO 2.7>2.4 .021 153MM","GastWmSup49841","CDM","272","RC","C1887","HCPCS","","","facility","both","","","","2821.16","2821.16","","","","","","","","","","","","","Gross Charge Type: Main Acute Price List"
"CATH, REFLEXION SPIRAL VARIAB RADIUS 10-POLE","Chrs5446676","CDM","272","RC","C1731","HCPCS","","","facility","both","","","","9267.12","9267.12","","","","","","","","","","","","","Gross Charge Type: Main Acute Price List"
"CATH, REFLEXION SPIRAL VARIAB RADIUS 10-POLE","EplbChSup46676","CDM","272","RC","C1731","HCPCS","","","facility","both","","","","9267.12","9267.12","","","","","","","","","","","","","Gross Charge Type: Main Acute Price List"
"CATH, REFLEXION SPIRAL VARIAB RADIUS 10-POLE","PacuChSup46676","CDM","272","RC","C1731","HCPCS","","","facility","both","","","","9267.12","9267.12","","","","","","","","","","","","","Gross Charge Type: Main Acute Price List"
"CATH, RELIANT BALLOON","CcthChSup31004","CDM","272","RC","","","","","facility","both","","","","2155.91","2155.91","","","","","","","","","","","","","Gross Charge Type: Main Acute Price List"
"CATH, RESOLVE BILARY DRAINAGE 12FR X 40CM","PacuWmSup37185","CDM","272","RC","","","","","facility","both","","","","379.68","379.68","","","","","","","","","","","","","Gross Charge Type: Main Acute Price List"
"CATH, RESOLVE BILARY DRAINAGE 12FR X 40CM","ScanWmSup37185","CDM","272","RC","","","","","facility","both","","","","379.68","379.68","","","","","","","","","","","","","Gross Charge Type: Main Acute Price List"
"CATH, RESOLVE BILARY DRAINAGE 8.5FR X 40CM","Ccsb3837183","CDM","272","RC","","","","","facility","both","","","","425.02","425.02","","","","","","","","","","","","","Gross Charge Type: Main Acute Price List"
"CATH, RESOLVE BILARY DRAINAGE 8.5FR X 40CM","Ccsm4737183","CDM","272","RC","","","","","facility","both","","","","425.02","425.02","","","","","","","","","","","","","Gross Charge Type: Main Acute Price List"
"CATH, RESOLVE BILARY DRAINAGE 8.5FR X 40CM","CcsmMR37183","CDM","272","RC","","","","","facility","both","","","","425.02","425.02","","","","","","","","","","","","","Gross Charge Type: Main Acute Price List"
"CATH, RESOLVE BILARY DRAINAGE 8.5FR X 40CM","CcthChSup37183","CDM","272","RC","","","","","facility","both","","","","425.02","425.02","","","","","","","","","","","","","Gross Charge Type: Main Acute Price List"
"CATH, RESOLVE DRAINAGE 10FR","CcspMR32767","CDM","272","RC","C1729","HCPCS","","","facility","both","","","","342.97","342.97","","","","","","","","","","","","","Gross Charge Type: Main Acute Price List"
"CATH, RESOLVE DRAINAGE 10FR","PacuChSup32767","CDM","272","RC","C1729","HCPCS","","","facility","both","","","","342.97","342.97","","","","","","","","","","","","","Gross Charge Type: Main Acute Price List"
"CATH, RESOLVE DRAINAGE 12FR","CcbcMg32768","CDM","272","RC","C1729","HCPCS","","","facility","both","","","","342.97","342.97","","","","","","","","","","","","","Gross Charge Type: Main Acute Price List"
"CATH, RESOLVE DRAINAGE 12FR","WilmCT32768","CDM","272","RC","C1729","HCPCS","","","facility","both","","","","342.97","342.97","","","","","","","","","","","","","Gross Charge Type: Main Acute Price List"
"CATH, RESOLVE DRAINAGE 14FR","CcimCT32769","CDM","272","RC","C1729","HCPCS","","","facility","both","","","","404.08","404.08","","","","","","","","","","","","","Gross Charge Type: Main Acute Price List"
"CATH, RESOLVE DRAINAGE 14FR","Wilm4732769","CDM","272","RC","C1729","HCPCS","","","facility","both","","","","404.08","404.08","","","","","","","","","","","","","Gross Charge Type: Main Acute Price List"
"CATH, RESOLVE MINI DRAINAGE 10FR 17CM W/LOCKING PIGTAIL","ScanWmSup110930","CDM","272","RC","C1729","HCPCS","","","facility","both","","","","461.98","461.98","","","","","","","","","","","","","Gross Charge Type: Main Acute Price List"
"CATH, RESOLVE MINI DRAINAGE 12FR 27CM W/LOCKING PIGTAIL","ScpuChSup112533","CDM","278","RC","C1729","HCPCS","","","facility","both","","","","454.22","454.22","","","","","","","","","","","","","Gross Charge Type: Main Acute Price List"
"CATH, RESOLVE MINI DRAINAGE 14FR 17CM W/LOCKING PIGTAIL","ScanChSup112491","CDM","278","RC","C1729","HCPCS","","","facility","both","","","","461.98","461.98","","","","","","","","","","","","","Gross Charge Type: Main Acute Price List"
"CATH, RIVAL PTA BALLOON 7 X 6 X 135","ScanWmSup42520","CDM","272","RC","C1725","HCPCS","","","facility","both","","","","862.37","862.37","","","","","","","","","","","","","Gross Charge Type: Main Acute Price List"
"CATH, ROADSTER PRELUDE GUIDING 6FR 90CM STR TIP .038","PacuWmSup118878","CDM","272","RC","C1892","HCPCS","","","facility","both","","","","457.56","457.56","","","","","","","","","","","","","Gross Charge Type: Main Acute Price List"
"CATH, ROADSTER PRELUDE GUIDING 6FR 90CM STR TIP .038","ScorWmSup118878","CDM","272","RC","C1892","HCPCS","","","facility","both","","","","457.56","457.56","","","","","","","","","","","","","Gross Charge Type: Main Acute Price List"
"CATH, ROTAREX ATHERECTOMY 8FR 110CM","GastChSup106970","CDM","272","RC","C1714","HCPCS","","","facility","both","","","","17375.85","17375.85","","","","","","","","","","","","","Gross Charge Type: Main Acute Price List"
"CATH, RUBICON CROSSING .018 .89MM X 135C","ScorWmSup57631","CDM","272","RC","C1887","HCPCS","","","facility","both","","","","788.44","788.44","","","","","","","","","","","","","Gross Charge Type: Main Acute Price List"
"CATH, RUBICON CROSSING .035 .89MM X 135C","AngiChSup57629","CDM","272","RC","C1887","HCPCS","","","facility","both","","","","788.44","788.44","","","","","","","","","","","","","Gross Charge Type: Main Acute Price List"
"CATH, SARAH RADIAL 5FR 4.0CURVE 110CM","OperWmSup63118","CDM","272","RC","C1887","HCPCS","","","facility","both","","","","893.16","893.16","","","","","","","","","","","","","Gross Charge Type: Main Acute Price List"
"CATH, SAVVY LONG 2 X 120MM X 120CM PTA BALLOON","ScanWmSup37771","CDM","272","RC","C1725","HCPCS","","","facility","both","","","","1853.42","1853.42","","","","","","","","","","","","","Gross Charge Type: Main Acute Price List"
"CATH, SAVVY LONG 2 X 120MM X 120CM PTA BALLOON","ScpuChSup37771","CDM","272","RC","C1725","HCPCS","","","facility","both","","","","1853.42","1853.42","","","","","","","","","","","","","Gross Charge Type: Main Acute Price List"
"CATH, SCEPTER C OCCLUSION BALLOON 4MM X 10MM","ScpuChSup51518","CDM","272","RC","C2628","HCPCS","","","facility","both","","","","9411.92","9411.92","","","","","","","","","","","","","Gross Charge Type: Main Acute Price List"
"CATH, SCEPTER C OCCLUSION BALLOON 4MM X 20MM","ScpuWmSup51520","CDM","272","RC","C2628","HCPCS","","","facility","both","","","","9411.92","9411.92","","","","","","","","","","","","","Gross Charge Type: Main Acute Price List"
"CATH, SELECT 5FR .035 130CM SIM","ScanChSup67865","CDM","272","RC","","","","","facility","both","","","","769.97","769.97","","","","","","","","","","","","","Gross Charge Type: Main Acute Price List"
"CATH, SELECTIVE BERSTEIN 4FR .035 150CM","AngiChSup107640","CDM","272","RC","C1887","HCPCS","","","facility","both","","","","739.42","739.42","","","","","","","","","","","","","Gross Charge Type: Main Acute Price List"
"CATH, SELECTIVE BERSTEIN 4FR .035 150CM","ScanChSup107640","CDM","272","RC","C1887","HCPCS","","","facility","both","","","","739.42","739.42","","","","","","","","","","","","","Gross Charge Type: Main Acute Price List"
"CATH, SELF CATH FEMALE 12FRX6""","ScanChSup8417","CDM","270","RC","","","","","facility","both","","","","0.43","0.43","","","","","","","","","","","","","Gross Charge Type: Main Acute Price List"
"CATH, SELF CATH FEMALE 12FRX6""","ScorChSup8417","CDM","270","RC","","","","","facility","both","","","","0.43","0.43","","","","","","","","","","","","","Gross Charge Type: Main Acute Price List"
"CATH, SERRANATOR PTA SERRATION BALLOON 3.0MM X 40MM","GyscChSup110002","CDM","272","RC","C1725","HCPCS","","","facility","both","","","","6621.72","6621.72","","","","","","","","","","","","","Gross Charge Type: Main Acute Price List"
"CATH, SERRANATOR PTA SERRATION BALLOON 3.0MM X 80MM","PacuWmSup110003","CDM","272","RC","C1725","HCPCS","","","facility","both","","","","7853.66","7853.66","","","","","","","","","","","","","Gross Charge Type: Main Acute Price List"
"CATH, SERRANATOR PTA SERRATION BALLOON 3.5MM X 120MM","ScanChSup110007","CDM","272","RC","C1725","HCPCS","","","facility","both","","","","9085.62","9085.62","","","","","","","","","","","","","Gross Charge Type: Main Acute Price List"
"CATH, SERRANATOR PTA SERRATION BALLOON 3.5MM X 80MM","AngiChSup110006","CDM","272","RC","C1725","HCPCS","","","facility","both","","","","7853.66","7853.66","","","","","","","","","","","","","Gross Charge Type: Main Acute Price List"
"CATH, SERRANATOR PTA SERRATION BALLOON 4.0MMX120MMX150CM","CspuChSup112723","CDM","272","RC","C1725","HCPCS","","","facility","both","","","","9085.62","9085.62","","","","","","","","","","","","","Gross Charge Type: Main Acute Price List"
"CATH, SERRANATOR PTA SERRATION BALLOON 5.0MMX120MMX150CM","AnesChSup112725","CDM","272","RC","C1725","HCPCS","","","facility","both","","","","9085.62","9085.62","","","","","","","","","","","","","Gross Charge Type: Main Acute Price List"
"CATH, SERRANATOR PTA SERRATION BALLOON 5.0MMX120MMX150CM","ScanChSup112725","CDM","272","RC","C1725","HCPCS","","","facility","both","","","","9085.62","9085.62","","","","","","","","","","","","","Gross Charge Type: Main Acute Price List"
"CATH, SERRANATOR PTA SERRATION BALLOON 6.0MMX120MMX150CM","GyscChSup112727","CDM","272","RC","C1725","HCPCS","","","facility","both","","","","8543.13","8543.13","","","","","","","","","","","","","Gross Charge Type: Main Acute Price List"
"CATH, SHOCKWAVE IVL C2 CORONARY 2.5MM X 12MM","AngiChSup109129","CDM","278","RC","C1761","HCPCS","","","facility","both","","","","28950.77","28950.77","","","","","","","","","","","","","Gross Charge Type: Main Acute Price List"
"CATH, SHOCKWAVE IVL C2 CORONARY 2.5MM X 12MM","ScpuWmSup109129","CDM","278","RC","C1761","HCPCS","","","facility","both","","","","28950.77","28950.77","","","","","","","","","","","","","Gross Charge Type: Main Acute Price List"
"CATH, SHOCKWAVE IVL C2 CORONARY 4MM X 12MM","CspuChSup109132","CDM","278","RC","C1761","HCPCS","","","facility","both","","","","28950.77","28950.77","","","","","","","","","","","","","Gross Charge Type: Main Acute Price List"
"CATH, SHOCKWAVE IVL C2 CORONARY 4MM X 12MM","EplbChSup109132","CDM","278","RC","C1761","HCPCS","","","facility","both","","","","28950.77","28950.77","","","","","","","","","","","","","Gross Charge Type: Main Acute Price List"
"CATH, SHOCKWAVE L6 IVL 8.0 X 30MM","CcthChSup118292","CDM","272","RC","C1725","HCPCS","","","facility","both","","","","21251.1","21251.1","","","","","","","","","","","","","Gross Charge Type: Main Acute Price List"
"CATH, SHOCKWAVE L6 IVL 8.0 X 30MM","OperWmSup118292","CDM","272","RC","C1725","HCPCS","","","facility","both","","","","21251.1","21251.1","","","","","","","","","","","","","Gross Charge Type: Main Acute Price List"
"CATH, SHOCKWAVE M IVL 3.5 X 60MM","CLDRChSup80003","CDM","272","RC","C1725","HCPCS","","","facility","both","","","","15927.86","15927.86","","","","","","","","","","","","","Gross Charge Type: Main Acute Price List"
"CATH, SHOCKWAVE M IVL 4.0 X 60MM","ScanChSup80004","CDM","272","RC","C1725","HCPCS","","","facility","both","","","","15927.86","15927.86","","","","","","","","","","","","","Gross Charge Type: Main Acute Price List"
"CATH, SHOCKWAVE M IVL 5.0 X 60MM","OperWmSup80006","CDM","272","RC","C1725","HCPCS","","","facility","both","","","","15927.86","15927.86","","","","","","","","","","","","","Gross Charge Type: Main Acute Price List"
"CATH, SHOCKWAVE M5+ IVL PERIPHERAL 3.5 X 60MM","GastChSup113603","CDM","272","RC","C1725","HCPCS","","","facility","both","","","","21251.1","21251.1","","","","","","","","","","","","","Gross Charge Type: Main Acute Price List"
"CATH, SHOCKWAVE M5+ IVL PERIPHERAL 4.0 X 60MM","CcthChSup113604","CDM","272","RC","C1725","HCPCS","","","facility","both","","","","21251.1","21251.1","","","","","","","","","","","","","Gross Charge Type: Main Acute Price List"
"CATH, SHOCKWAVE M5+ IVL PERIPHERAL 4.5 X 60MM","AnesChSup113605","CDM","272","RC","C1725","HCPCS","","","facility","both","","","","19982.23","19982.23","","","","","","","","","","","","","Gross Charge Type: Main Acute Price List"
"CATH, SHOCKWAVE M5+ IVL PERIPHERAL 4.5 X 60MM","AnesWmSup113605","CDM","272","RC","C1725","HCPCS","","","facility","both","","","","19982.23","19982.23","","","","","","","","","","","","","Gross Charge Type: Main Acute Price List"
"CATH, SHOCKWAVE M5+ IVL PERIPHERAL 4.5 X 60MM","ScpuWmSup113605","CDM","272","RC","C1725","HCPCS","","","facility","both","","","","19982.23","19982.23","","","","","","","","","","","","","Gross Charge Type: Main Acute Price List"
"CATH, SHOCKWAVE M5+ IVL PERIPHERAL 5.0 X 60MM","GyscChSup113606","CDM","272","RC","C1725","HCPCS","","","facility","both","","","","21251.1","21251.1","","","","","","","","","","","","","Gross Charge Type: Main Acute Price List"
"CATH, SHOCKWAVE M5+ IVL PERIPHERAL 6.0 X 60MM","AnesChSup113608","CDM","272","RC","C1725","HCPCS","","","facility","both","","","","21251.1","21251.1","","","","","","","","","","","","","Gross Charge Type: Main Acute Price List"
"CATH, SHOCKWAVE M5+ IVL PERIPHERAL 6.5 X 60MM","ScanChSup113609","CDM","272","RC","C1725","HCPCS","","","facility","both","","","","21251.1","21251.1","","","","","","","","","","","","","Gross Charge Type: Main Acute Price List"
"CATH, SHOCKWAVE S IVL 4.0 X 40MM","ScpuWmSup80014","CDM","272","RC","C1725","HCPCS","","","facility","both","","","","15927.86","15927.86","","","","","","","","","","","","","Gross Charge Type: Main Acute Price List"
"CATH, SIDEWINDER SIMMONS 2  .035 5FR 150CM","PacuChSup117684","CDM","272","RC","","","","","facility","both","","","","677.57","677.57","","","","","","","","","","","","","Gross Charge Type: Main Acute Price List"
"CATH, SIDEWINDER SIMMONS 2  .038 5FR 130CM","OperChSup117683","CDM","272","RC","","","","","facility","both","","","","677.57","677.57","","","","","","","","","","","","","Gross Charge Type: Main Acute Price List"
"CATH, SIDEWINDER SIMMONS 2  .038 5FR 130CM","ScorWmSup117683","CDM","272","RC","","","","","facility","both","","","","677.57","677.57","","","","","","","","","","","","","Gross Charge Type: Main Acute Price List"
"CATH, SINGLE 9.6FR","AngiChSup83678","CDM","272","RC","C1751","HCPCS","","","facility","both","","","","940.16","940.16","","","","","","","","","","","","","Gross Charge Type: Main Acute Price List"
"CATH, SINGLE 9.6FR","PacuChSup83678","CDM","272","RC","C1751","HCPCS","","","facility","both","","","","940.16","940.16","","","","","","","","","","","","","Gross Charge Type: Main Acute Price List"
"CATH, SITE SELECTIVE PACING MULTIPURPOSE SSPC2","ScanWmSup109029","CDM","278","RC","C1887","HCPCS","","","facility","both","","","","3049.07","3049.07","","","","","","","","","","","","","Gross Charge Type: Main Acute Price List"
"CATH, SIZING PIGTAIL 5FR 65CM","GastWmSup5081","CDM","272","RC","C1751","HCPCS","","","facility","both","","","","590.97","590.97","","","","","","","","","","","","","Gross Charge Type: Main Acute Price List"
"CATH, SIZING PIGTAIL 5FR 65CM","Wilm545081","CDM","272","RC","C1751","HCPCS","","","facility","both","","","","590.97","590.97","","","","","","","","","","","","","Gross Charge Type: Main Acute Price List"
"CATH, SMARTCLAW THROMBECTOMY 20MM","CcthChSup121510","CDM","272","RC","C1757","HCPCS","","","facility","both","","","","21564.2","21564.2","","","","","","","","","","","","","Gross Charge Type: Main Acute Price List"
"CATH, SOFIA DISTAL ACCESS 5FR 115CM STR","AnesChSup72032","CDM","272","RC","C1887","HCPCS","","","facility","both","","","","10831.91","10831.91","","","","","","","","","","","","","Gross Charge Type: Main Acute Price List"
"CATH, SOLENT OMNI THROMBECTOMY 6FR 120CM","ScorWmSup48337","CDM","272","RC","C1757","HCPCS","","","facility","both","","","","13356.84","13356.84","","","","","","","","","","","","","Gross Charge Type: Main Acute Price List"
"CATH, SOLENT OMNI THROMBECTOMY 6FR 120CM","ScpuChSup48337","CDM","272","RC","C1757","HCPCS","","","facility","both","","","","13356.84","13356.84","","","","","","","","","","","","","Gross Charge Type: Main Acute Price List"
"CATH, STERLING BALLOON 8X2X135","GastChSup35507","CDM","272","RC","C1725","HCPCS","","","facility","both","","","","973.24","973.24","","","","","","","","","","","","","Gross Charge Type: Main Acute Price List"
"CATH, STERLING ES 2.0 X 40 OTW","PacuWmSup37899","CDM","272","RC","C1725","HCPCS","","","facility","both","","","","1034.84","1034.84","","","","","","","","","","","","","Gross Charge Type: Main Acute Price List"
"CATH, STERLING ES 2.0 X 40 OTW","ScanWmSup37899","CDM","272","RC","C1725","HCPCS","","","facility","both","","","","1034.84","1034.84","","","","","","","","","","","","","Gross Charge Type: Main Acute Price List"
"CATH, STERLING ES 2.5 X 20 OTW","EplbChSup37901","CDM","272","RC","C1725","HCPCS","","","facility","both","","","","1102.59","1102.59","","","","","","","","","","","","","Gross Charge Type: Main Acute Price List"
"CATH, STERLING ES 2.5 X 40 OTW","EplbChSup37900","CDM","272","RC","C1725","HCPCS","","","facility","both","","","","1034.84","1034.84","","","","","","","","","","","","","Gross Charge Type: Main Acute Price List"
"CATH, STERLING ES 2.5 X 40 OTW","GyscChSup37900","CDM","272","RC","C1725","HCPCS","","","facility","both","","","","1034.84","1034.84","","","","","","","","","","","","","Gross Charge Type: Main Acute Price List"
"CATH, STERLING ES 2.5 X 40 OTW","OperChSup37900","CDM","272","RC","C1725","HCPCS","","","facility","both","","","","1034.84","1034.84","","","","","","","","","","","","","Gross Charge Type: Main Acute Price List"
"CATH, STERLING ES 2.5 X 40 OTW","ScpuChSup37900","CDM","272","RC","C1725","HCPCS","","","facility","both","","","","1034.84","1034.84","","","","","","","","","","","","","Gross Charge Type: Main Acute Price List"
"CATH, STERLING ES 3.0 X 40 OTW -  37903","PacuChSup37903","CDM","272","RC","C1725","HCPCS","","","facility","both","","","","973.05","973.05","","","","","","","","","","","","","Gross Charge Type: Main Acute Price List"
"CATH, STERLING ES 3.0 X 40 OTW - 37902","ScorWmSup37902","CDM","272","RC","C1725","HCPCS","","","facility","both","","","","1034.84","1034.84","","","","","","","","","","","","","Gross Charge Type: Main Acute Price List"
"CATH, STERLING MONORAIL BALLOON 2MM X 100MM X 150CM","ScorWmSup42962","CDM","272","RC","C1725","HCPCS","","","facility","both","","","","1041","1041","","","","","","","","","","","","","Gross Charge Type: Main Acute Price List"
"CATH, STERLING MONORAIL BALLOON 4MM X 60MM X 135CM","GastWmSup42970","CDM","272","RC","C1725","HCPCS","","","facility","both","","","","978.84","978.84","","","","","","","","","","","","","Gross Charge Type: Main Acute Price List"
"CATH, STERLING MONORAIL BALLOON 5MM X 60MM X 135CM","OperChSup42971","CDM","272","RC","C1725","HCPCS","","","facility","both","","","","973.24","973.24","","","","","","","","","","","","","Gross Charge Type: Main Acute Price List"
"CATH, STERLING MONORAIL BALLOON 6MM X 60MM X 135CM","Chrs5442972","CDM","272","RC","C1725","HCPCS","","","facility","both","","","","973.24","973.24","","","","","","","","","","","","","Gross Charge Type: Main Acute Price List"
"CATH, STERLING MONORAIL BALLOON 7MM X 60MM X 135CM","ScanWmSup42973","CDM","272","RC","C1725","HCPCS","","","facility","both","","","","978.84","978.84","","","","","","","","","","","","","Gross Charge Type: Main Acute Price List"
"CATH, STRAIGHT 4FR 65CM","GastChSup18141","CDM","272","RC","C1751","HCPCS","","","facility","both","","","","110.36","110.36","","","","","","","","","","","","","Gross Charge Type: Main Acute Price List"
"CATH, SUBLIME RX PTA DILATATION RADIAL ACCESS .014 2.0MM X 100MM","ScorWmSup113122","CDM","272","RC","C1894","HCPCS","","","facility","both","","","","1829.44","1829.44","","","","","","","","","","","","","Gross Charge Type: Main Acute Price List"
"CATH, SUBLIME RX PTA DILATATION RADIAL ACCESS .014 2.5MM X 150MM","ScpuChSup113126","CDM","272","RC","C1725","HCPCS","","","facility","both","","","","1829.44","1829.44","","","","","","","","","","","","","Gross Charge Type: Main Acute Price List"
"CATH, SUBLIME RX PTA DILATATION RADIAL ACCESS .014 2.5MM X 40MM","ScpuWmSup113124","CDM","272","RC","C1725","HCPCS","","","facility","both","","","","1829.44","1829.44","","","","","","","","","","","","","Gross Charge Type: Main Acute Price List"
"CATH, SUBLIME RX PTA DILATATION RADIAL ACCESS .014 4.0MM X 100MM","CcthChSup113134","CDM","272","RC","C1725","HCPCS","","","facility","both","","","","1720.21","1720.21","","","","","","","","","","","","","Gross Charge Type: Main Acute Price List"
"CATH, SUBLIME RX PTA DILATATION RADIAL ACCESS .018 6.0MM X 150MM","ScanWmSup113141","CDM","272","RC","C1725","HCPCS","","","facility","both","","","","1829.44","1829.44","","","","","","","","","","","","","Gross Charge Type: Main Acute Price List"
"CATH, SUCTION FLEXIBLE 6FR","OperChSup50309","CDM","272","RC","","","","","facility","both","","","","269.28","269.28","","","","","","","","","","","","","Gross Charge Type: Main Acute Price List"
"CATH, SUCTION FLEXIBLE 6FR","ScpuWmSup50309","CDM","272","RC","","","","","facility","both","","","","269.28","269.28","","","","","","","","","","","","","Gross Charge Type: Main Acute Price List"
"CATH, SUCTION FLEXIBLE 7FR","CspuChSup50310","CDM","272","RC","","","","","facility","both","","","","224.17","224.17","","","","","","","","","","","","","Gross Charge Type: Main Acute Price List"
"CATH, SUPER TORQUE PLUS 6FR 145DEG 6SIDEHOLES","AnesChSup110838","CDM","272","RC","C1887","HCPCS","","","facility","both","","","","47.73","47.73","","","","","","","","","","","","","Gross Charge Type: Main Acute Price List"
"CATH, SUPER TORQUE PLUS 6FR 145DEG 6SIDEHOLES","DelrChSup110838","CDM","272","RC","C1887","HCPCS","","","facility","both","","","","47.73","47.73","","","","","","","","","","","","","Gross Charge Type: Main Acute Price List"
"CATH, SUPRAPUBIC 12 FR.","ScpuChSup94170","CDM","272","RC","C2627","HCPCS","","","facility","both","","","","279.71","279.71","","","","","","","","","","","","","Gross Charge Type: Main Acute Price List"
"CATH, SWAN-GANZ CCOMBO RVEDV/VIP 8FR 110CM(RESTRICTED ITEM","PacuChSup78433","CDM","272","RC","","","","","facility","both","","","","3007.62","3007.62","","","","","","","","","","","","","Gross Charge Type: Main Acute Price List"
"CATH, TACTICATH CONTACT FORCEABLATION SENSOR ENABLED BI-D, FJ CURVE","DelrChSup77907","CDM","272","RC","C2630","HCPCS","","","facility","both","","","","17961.8","17961.8","","","","","","","","","","","","","Gross Charge Type: Main Acute Price List"
"CATH, TACTIFLEX SE UNID CURVE D","AngiWmSup119757","CDM","272","RC","C2630","HCPCS","","","facility","both","","","","24123.47","24123.47","","","","","","","","","","","","","Gross Charge Type: Main Acute Price List"
"CATH, TACTIFLEX SE UNID CURVE D","EplbChSup119757","CDM","272","RC","C2630","HCPCS","","","facility","both","","","","24123.47","24123.47","","","","","","","","","","","","","Gross Charge Type: Main Acute Price List"
"CATH, TACTIFLEX SE UNID CURVE D-F","CcthChSup119759","CDM","272","RC","C2630","HCPCS","","","facility","both","","","","24123.47","24123.47","","","","","","","","","","","","","Gross Charge Type: Main Acute Price List"
"CATH, TACTIFLEX SE UNID CURVE D-F","PacuWmSup119759","CDM","272","RC","C2630","HCPCS","","","facility","both","","","","24123.47","24123.47","","","","","","","","","","","","","Gross Charge Type: Main Acute Price List"
"CATH, TACTIFLEX SE UNID CURVE F","EplbChSup119758","CDM","272","RC","C2630","HCPCS","","","facility","both","","","","24123.47","24123.47","","","","","","","","","","","","","Gross Charge Type: Main Acute Price List"
"CATH, TELESCOPE GUIDE EXTENSION 6FR","AnesWmSup115832","CDM","272","RC","C1887","HCPCS","","","facility","both","","","","2001.92","2001.92","","","","","","","","","","","","","Gross Charge Type: Main Acute Price List"
"CATH, TELESCOPE GUIDE EXTENSION 6FR","CcthChSup115832","CDM","272","RC","C1887","HCPCS","","","facility","both","","","","2001.92","2001.92","","","","","","","","","","","","","Gross Charge Type: Main Acute Price List"
"CATH, TELESCOPE GUIDE EXTENSION 7FR","AnesWmSup115833","CDM","272","RC","C1887","HCPCS","","","facility","both","","","","2287.82","2287.82","","","","","","","","","","","","","Gross Charge Type: Main Acute Price List"
"CATH, TEMPO AQUA COBRA 4FR C2  65CM","AnesChSup111829","CDM","272","RC","","","","","facility","both","","","","215.59","215.59","","","","","","","","","","","","","Gross Charge Type: Main Acute Price List"
"CATH, TEMPO AQUA COBRA 4FR C2  65CM","AnesWmSup111829","CDM","272","RC","","","","","facility","both","","","","215.59","215.59","","","","","","","","","","","","","Gross Charge Type: Main Acute Price List"
"CATH, TEMPO AQUA COBRA 4FR C2  65CM","OperWmSup111829","CDM","272","RC","","","","","facility","both","","","","215.59","215.59","","","","","","","","","","","","","Gross Charge Type: Main Acute Price List"
"CATH, TEMPO COBRA SM. ADULT C2 SLX DIAG. NYLON COATED 0.038 X 65CM 5FR","DelrChSup113994","CDM","272","RC","","","","","facility","both","","","","36.75","36.75","","","","","","","","","","","","","Gross Charge Type: Main Acute Price List"
"CATH, TEMPO COBRA SM. ADULT C2 SLX DIAG. NYLON COATED 0.038 X 65CM 5FR","GyscChSup113994","CDM","272","RC","","","","","facility","both","","","","36.75","36.75","","","","","","","","","","","","","Gross Charge Type: Main Acute Price List"
"CATH, TEMPO COBRA SM. ADULT C2 SLX DIAG. NYLON COATED 0.038 X 65CM 5FR","ScorChSup113994","CDM","272","RC","","","","","facility","both","","","","36.75","36.75","","","","","","","","","","","","","Gross Charge Type: Main Acute Price List"
"CATH, THERMODILUTION 7F 110CM","OperChSup3300","CDM","272","RC","C1751","HCPCS","","","facility","both","","","","1028.68","1028.68","","","","","","","","","","","","","Gross Charge Type: Main Acute Price List"
"CATH, THERMODILUTION 7F 110CM","ScpuChSup3300","CDM","272","RC","C1751","HCPCS","","","facility","both","","","","1028.68","1028.68","","","","","","","","","","","","","Gross Charge Type: Main Acute Price List"
"CATH, THERMODILUTION VIP PLUS 7.5FR 110CM","AnesChSup112013","CDM","272","RC","","","","","facility","both","","","","982.48","982.48","","","","","","","","","","","","","Gross Charge Type: Main Acute Price List"
"CATH, TIGER OPTITORQUE 5FR RADIAL TIG 4.0 100CM","OperChSup55396","CDM","272","RC","C1887","HCPCS","","","facility","both","","","","178.63","178.63","","","","","","","","","","","","","Gross Charge Type: Main Acute Price List"
"CATH, TORCON NB ADVANTAGE 5FR .038 125CM SIMMONS2","AnesWmSup116853","CDM","272","RC","","","","","facility","both","","","","123.18","123.18","","","","","","","","","","","","","Gross Charge Type: Main Acute Price List"
"CATH, TORCON NB ADVANTAGE 5FR .038 125CM SIMMONS2","ScanWmSup116853","CDM","272","RC","","","","","facility","both","","","","123.18","123.18","","","","","","","","","","","","","Gross Charge Type: Main Acute Price List"
"CATH, TORQUE","PacuWmSup214978","CDM","270","RC","","","","","facility","both","","","","434.4","434.4","","","","","","","","","","","","","Gross Charge Type: Main Acute Price List"
"CATH, TRANSFORM OCCLUSION BALLOON COMPLIANT 3MM X 15MM","GastChSup53748","CDM","272","RC","","","","","facility","both","","","","11206.1","11206.1","","","","","","","","","","","","","Gross Charge Type: Main Acute Price List"
"CATH, TRANSFORM OCCLUSION BALLOON COMPLIANT 4MM X 10MM","EplbChSup53749","CDM","272","RC","","","","","facility","both","","","","11206.1","11206.1","","","","","","","","","","","","","Gross Charge Type: Main Acute Price List"
"CATH, TRANSFORM OCCLUSION BALLOON COMPLIANT 4MM X 20MM","ScanChSup53751","CDM","272","RC","","","","","facility","both","","","","11206.1","11206.1","","","","","","","","","","","","","Gross Charge Type: Main Acute Price List"
"CATH, TRANSFORM OCCLUSION BALLOON COMPLIANT 4MM X 20MM","Wilm5453751","CDM","272","RC","","","","","facility","both","","","","11206.1","11206.1","","","","","","","","","","","","","Gross Charge Type: Main Acute Price List"
"CATH, TRANSFORM OCCLUSION BALLOON SUPER COMPLIANT 7MM X 10MM","GastChSup53761","CDM","272","RC","","","","","facility","both","","","","10537","10537","","","","","","","","","","","","","Gross Charge Type: Main Acute Price List"
"CATH, TREK COR DILAT RE 3.0 MM X 20 MM","OperWmSup45851","CDM","272","RC","C1725","HCPCS","","","facility","both","","","","492.78","492.78","","","","","","","","","","","","","Gross Charge Type: Main Acute Price List"
"CATH, TREK COR DILAT RE 3.50 MM X 08 MM","OperWmSup45852","CDM","272","RC","C1725","HCPCS","","","facility","both","","","","463.36","463.36","","","","","","","","","","","","","Gross Charge Type: Main Acute Price List"
"CATH, TREK COR DILAT RE 4.0 MM X 12 MM","CspuChSup45857","CDM","272","RC","C1725","HCPCS","","","facility","both","","","","492.78","492.78","","","","","","","","","","","","","Gross Charge Type: Main Acute Price List"
"CATH, TREK COR DILAT RE 4.0 MM X 12 MM","ScpuWmSup45857","CDM","272","RC","C1725","HCPCS","","","facility","both","","","","492.78","492.78","","","","","","","","","","","","","Gross Charge Type: Main Acute Price List"
"CATH, TRIEVER16 FLOWTRIEVER ASPIRATION GUIDE 16FR 113CM","CcthChSup80424","CDM","272","RC","C1757","HCPCS","","","facility","both","","","","65355.98","65355.98","","","","","","","","","","","","","Gross Charge Type: Main Acute Price List"
"CATH, TRIEVER24 FLOWTRIEVER ASPIRATION GUIDE 24FR 95CM","AnesChSup80423","CDM","272","RC","C1757","HCPCS","","","facility","both","","","","65355.98","65355.98","","","","","","","","","","","","","Gross Charge Type: Main Acute Price List"
"CATH, TROCAR 16FR","CcthChSup2498","CDM","270","RC","","","","","facility","both","","","","81.15","81.15","","","","","","","","","","","","","Gross Charge Type: Main Acute Price List"
"CATH, TRUE PTV OTW .035 20MMX45MMX110CM","GastChSup70854","CDM","272","RC","C1725","HCPCS","","","facility","both","","","","5062.93","5062.93","","","","","","","","","","","","","Gross Charge Type: Main Acute Price List"
"CATH, TRUE PTV OTW .035 21MMX45MMX110CM","ScanWmSup70855","CDM","272","RC","C1725","HCPCS","","","facility","both","","","","4760.63","4760.63","","","","","","","","","","","","","Gross Charge Type: Main Acute Price List"
"CATH, TRUE PTV OTW .035 21MMX45MMX110CM","ScpuWmSup70855","CDM","272","RC","C1725","HCPCS","","","facility","both","","","","4760.63","4760.63","","","","","","","","","","","","","Gross Charge Type: Main Acute Price List"
"CATH, TRUE PTV OTW .035 25MMX45MMX110CM","ScanWmSup70859","CDM","272","RC","C1725","HCPCS","","","facility","both","","","","5062.93","5062.93","","","","","","","","","","","","","Gross Charge Type: Main Acute Price List"
"CATH, TRUE PTV OTW .035 25MMX45MMX110CM","ScpuChSup70859","CDM","272","RC","C1725","HCPCS","","","facility","both","","","","5062.93","5062.93","","","","","","","","","","","","","Gross Charge Type: Main Acute Price List"
"CATH, TRUE PTV OTW .035 26MMX45MMX110CM","GastWmSup70860","CDM","272","RC","C1725","HCPCS","","","facility","both","","","","4915.47","4915.47","","","","","","","","","","","","","Gross Charge Type: Main Acute Price List"
"CATH, TRUE PTV OTW .035 28MMX45MMX110CM","ScpuWmSup70861","CDM","272","RC","C1725","HCPCS","","","facility","both","","","","4621.98","4621.98","","","","","","","","","","","","","Gross Charge Type: Main Acute Price List"
"CATH, TRUE PTV OTW .035 28MMX45MMX110CM","Wilm5470861","CDM","272","RC","C1725","HCPCS","","","facility","both","","","","4621.98","4621.98","","","","","","","","","","","","","Gross Charge Type: Main Acute Price List"
"CATH, TWIN PASS DUALL ACCESS","ScanChSup31492","CDM","272","RC","C1788","HCPCS","","","facility","both","","","","2118.95","2118.95","","","","","","","","","","","","","Gross Charge Type: Main Acute Price List"
"CATH, TYSHAK II 16 X 4 X 100CM BALLOON","EplbChSup75964","CDM","272","RC","C1725","HCPCS","","","facility","both","","","","3337.78","3337.78","","","","","","","","","","","","","Gross Charge Type: Main Acute Price List"
"CATH, TYSHAK II 16 X 4 X 100CM BALLOON","PacuChSup75964","CDM","272","RC","C1725","HCPCS","","","facility","both","","","","3337.78","3337.78","","","","","","","","","","","","","Gross Charge Type: Main Acute Price List"
"CATH, TYSHAK II 23MM X 4CM BALLOON","OperWmSup60262","CDM","272","RC","C1725","HCPCS","","","facility","both","","","","3138.49","3138.49","","","","","","","","","","","","","Gross Charge Type: Main Acute Price List"
"CATH, TYSHAK II 23MM X 4CM BALLOON","ScorChSup60262","CDM","272","RC","C1725","HCPCS","","","facility","both","","","","3138.49","3138.49","","","","","","","","","","","","","Gross Charge Type: Main Acute Price List"
"CATH, ULTRASOUND SOUNDSTAR 3D SIEMENS","ScorChSup108478","CDM","272","RC","C1753","HCPCS","","","facility","both","","","","19156.78","19156.78","","","","","","","","","","","","","Gross Charge Type: Main Acute Price List"
"CATH, UNI-FUSE INFUSION 4FR 90CM X 30CM","ScanChSup69972","CDM","272","RC","C1757","HCPCS","","","facility","both","","","","1033.29","1033.29","","","","","","","","","","","","","Gross Charge Type: Main Acute Price List"
"CATH, UNI-FUSE INFUSION 4FR 90CM X 50CM","PacuChSup69974","CDM","272","RC","C1757","HCPCS","","","facility","both","","","","1098.9","1098.9","","","","","","","","","","","","","Gross Charge Type: Main Acute Price List"
"CATH, UNI-FUSE INFUSION 4FR X 135CM X 10CM","ScorWmSup42411","CDM","272","RC","C1751","HCPCS","","","facility","both","","","","1033.29","1033.29","","","","","","","","","","","","","Gross Charge Type: Main Acute Price List"
"CATH, UNI-FUSE INFUSION 5FR X 135CM X 30CM","PacuWmSup42416","CDM","272","RC","C1751","HCPCS","","","facility","both","","","","1033.29","1033.29","","","","","","","","","","","","","Gross Charge Type: Main Acute Price List"
"CATH, UNI-FUSE INFUSION 5FR X 90CM X 30CM","GyscChSup42413","CDM","272","RC","C1751","HCPCS","","","facility","both","","","","1098.9","1098.9","","","","","","","","","","","","","Gross Charge Type: Main Acute Price List"
"CATH, UNI-FUSE INFUSION 5FR X 90CM X 40CM","GastChSup42414","CDM","272","RC","C1751","HCPCS","","","facility","both","","","","1098.9","1098.9","","","","","","","","","","","","","Gross Charge Type: Main Acute Price List"
"CATH, UNI-FUSE INFUSION 5FR X 90CM X 40CM","ScanWmSup42414","CDM","272","RC","C1751","HCPCS","","","facility","both","","","","1098.9","1098.9","","","","","","","","","","","","","Gross Charge Type: Main Acute Price List"
"CATH, UNI-FUSE INFUSION 5FR X 90CM X 50CM","Wilm5442415","CDM","272","RC","C1751","HCPCS","","","facility","both","","","","1098.9","1098.9","","","","","","","","","","","","","Gross Charge Type: Main Acute Price List"
"CATH, URETERAL CONE TIP - 10FR","Wilm54105632","CDM","270","RC","","","","","facility","both","","","","497.82","497.82","","","","","","","","","","","","","Gross Charge Type: Main Acute Price List"
"CATH, URETERAL CONE TIP - 8FR","CspuChSup94207","CDM","270","RC","","","","","facility","both","","","","497.82","497.82","","","","","","","","","","","","","Gross Charge Type: Main Acute Price List"
"CATH, URETERAL WHISTLE TIP #6","OperWmSup95242","CDM","270","RC","","","","","facility","both","","","","481.5","481.5","","","","","","","","","","","","","Gross Charge Type: Main Acute Price List"
"CATH, URINARY TRACT 11.5","GastWmSup204723","CDM","272","RC","C2628","HCPCS","","","facility","both","","","","801.46","801.46","","","","","","","","","","","","","Gross Charge Type: Main Acute Price List"
"CATH, V3 GUIDE LINER 5.5FR 150CM","OperWmSup109500","CDM","272","RC","C1887","HCPCS","","","facility","both","","","","2451.58","2451.58","","","","","","","","","","","","","Gross Charge Type: Main Acute Price List"
"CATH, V4 PRONTO EXTRACTION 5.5FR 138CM","CcthChSup109501","CDM","272","RC","C1757","HCPCS","","","facility","both","","","","3185.57","3185.57","","","","","","","","","","","","","Gross Charge Type: Main Acute Price List"
"CATH, V4 PRONTO EXTRACTION 5.5FR 138CM","EplbChSup109501","CDM","272","RC","C1757","HCPCS","","","facility","both","","","","3185.57","3185.57","","","","","","","","","","","","","Gross Charge Type: Main Acute Price List"
"CATH, V4 PRONTO EXTRACTION 5.5FR 138CM","ScanChSup109501","CDM","272","RC","C1757","HCPCS","","","facility","both","","","","3185.57","3185.57","","","","","","","","","","","","","Gross Charge Type: Main Acute Price List"
"CATH, VALVE 4FR 65CM 20CM INF","Chrs5419515","CDM","270","RC","","","","","facility","both","","","","708.37","708.37","","","","","","","","","","","","","Gross Charge Type: Main Acute Price List"
"CATH, VALVE 4FR 65CM 20CM INF","OperWmSup19515","CDM","270","RC","","","","","facility","both","","","","708.37","708.37","","","","","","","","","","","","","Gross Charge Type: Main Acute Price List"
"CATH, VALVE 4FR 65CM 20CM INF","ScorChSup19515","CDM","270","RC","","","","","facility","both","","","","708.37","708.37","","","","","","","","","","","","","Gross Charge Type: Main Acute Price List"
"CATH, VALVE 4FR 65CM 20CM INF","ScorWmSup19515","CDM","270","RC","","","","","facility","both","","","","708.37","708.37","","","","","","","","","","","","","Gross Charge Type: Main Acute Price List"
"CATH, VASCU-PICC TLS 1.9FR X 20CM SGL LUMEN","GyscChSup64070","CDM","272","RC","C1751","HCPCS","","","facility","both","","","","726.85","726.85","","","","","","","","","","","","","Gross Charge Type: Main Acute Price List"
"CATH, VASCUTRAK 2 BALLOON 4.0 X 120 X .018","PacuWmSup38746","CDM","272","RC","","","","","facility","both","","","","3695.84","3695.84","","","","","","","","","","","","","Gross Charge Type: Main Acute Price List"
"CATH, VASCUTRAK 2 BALLOON 4.0 X 120 X .018","ScanWmSup38746","CDM","272","RC","","","","","facility","both","","","","3695.84","3695.84","","","","","","","","","","","","","Gross Charge Type: Main Acute Price List"
"CATH, VASCUTRAK 2 BALLOON 4.0 X 120 X .018","ScorChSup38746","CDM","272","RC","","","","","facility","both","","","","3695.84","3695.84","","","","","","","","","","","","","Gross Charge Type: Main Acute Price List"
"CATH, VASCUTRAK 2 BALLOON 4.0 X 200","CcthChSup39960","CDM","272","RC","C1725","HCPCS","","","facility","both","","","","3475.17","3475.17","","","","","","","","","","","","","Gross Charge Type: Main Acute Price List"
"CATH, VASCUTRAK 2 BALLOON 4.0 X 200","OperChSup39960","CDM","272","RC","C1725","HCPCS","","","facility","both","","","","3475.17","3475.17","","","","","","","","","","","","","Gross Charge Type: Main Acute Price List"
"CATH, VECTA AXS 071 ASPIRATION 115CM","GyscChSup76636","CDM","272","RC","","","","","facility","both","","","","14810.79","14810.79","","","","","","","","","","","","","Gross Charge Type: Main Acute Price List"
"CATH, VECTA AXS 071 ASPIRATION 132CM","GastWmSup76638","CDM","272","RC","","","","","facility","both","","","","16903.24","16903.24","","","","","","","","","","","","","Gross Charge Type: Main Acute Price List"
"CATH, VECTA AXS 071 ASPIRATION 132CM","OperWmSup76638","CDM","272","RC","","","","","facility","both","","","","16903.24","16903.24","","","","","","","","","","","","","Gross Charge Type: Main Acute Price List"
"CATH, VENTRICULAR","Chrs5466890","CDM","278","RC","","","","","facility","both","","","","1163.6","1163.6","","","","","","","","","","","","","Gross Charge Type: Main Acute Price List"
"CATH, VERT 5FR 100CM","ScorChSup34860","CDM","270","RC","","","","","facility","both","","","","83.17","83.17","","","","","","","","","","","","","Gross Charge Type: Main Acute Price List"
"CATH, VERT 5FR 125CM","PacuChSup42531","CDM","272","RC","","","","","facility","both","","","","408.39","408.39","","","","","","","","","","","","","Gross Charge Type: Main Acute Price List"
"CATH, VERT BEACON TIP 5FR 125CM","CcthChSup75348","CDM","272","RC","","","","","facility","both","","","","141.67","141.67","","","","","","","","","","","","","Gross Charge Type: Main Acute Price List"
"CATH, VERT BEACON TIP 5FR 125CM","ScanWmSup75348","CDM","272","RC","","","","","facility","both","","","","141.67","141.67","","","","","","","","","","","","","Gross Charge Type: Main Acute Price List"
"CATH, VIANCE CROSSING 150CM STANDARD","Wilm5451878","CDM","272","RC","","","","","facility","both","","","","9824.78","9824.78","","","","","","","","","","","","","Gross Charge Type: Main Acute Price List"
"CATH, VISIONS PV .014P DIGITAL IVUS 150CM","GastChSup76348","CDM","272","RC","","","","","facility","both","","","","4311.82","4311.82","","","","","","","","","","","","","Gross Charge Type: Main Acute Price List"
"CATH, VISIONS PV .014P DIGITAL IVUS 150CM","OperWmSup76348","CDM","272","RC","","","","","facility","both","","","","4311.82","4311.82","","","","","","","","","","","","","Gross Charge Type: Main Acute Price List"
"CATH, VTK 5FR 125CM HNB","OperChSup28898","CDM","272","RC","","","","","facility","both","","","","123.18","123.18","","","","","","","","","","","","","Gross Charge Type: Main Acute Price List"
"CATH, ZOOM 71 ASPIRATION 137CM 0.071","ScanWmSup116180","CDM","272","RC","C1757","HCPCS","","","facility","both","","","","15306.95","15306.95","","","","","","","","","","","","","Gross Charge Type: Main Acute Price List"
"CATH, ZOOM 88-T LDP 110CM 6FR LARGE DISTAL","CspuChSup106696","CDM","272","RC","C1887","HCPCS","","","facility","both","","","","18448.42","18448.42","","","","","","","","","","","","","Gross Charge Type: Main Acute Price List"
"CATH, ZOOM 88-T LDP 110CM 6FR LARGE DISTAL","ScorWmSup106696","CDM","272","RC","C1887","HCPCS","","","facility","both","","","","18448.42","18448.42","","","","","","","","","","","","","Gross Charge Type: Main Acute Price List"
"CATH, ZOOM RDL RADIAL ACCESS 103CM 0.088","ScorWmSup116179","CDM","272","RC","C1757","HCPCS","","","facility","both","","","","18448.42","18448.42","","","","","","","","","","","","","Gross Charge Type: Main Acute Price List"
"CATH, ZUMA GUIDING 6FR AL .75","ScpuWmSup214340","CDM","272","RC","C1725","HCPCS","","","facility","both","","","","246.38","246.38","","","","","","","","","","","","","Gross Charge Type: Main Acute Price List"
"CATH, ZUMA GUIDING 6FR AL 1","ScanChSup214341","CDM","272","RC","C1725","HCPCS","","","facility","both","","","","246.38","246.38","","","","","","","","","","","","","Gross Charge Type: Main Acute Price List"
"CATH, ZUMA GUIDING 6FR AL 2","Chrs54214343","CDM","272","RC","C1725","HCPCS","","","facility","both","","","","231.68","231.68","","","","","","","","","","","","","Gross Charge Type: Main Acute Price List"
"CATH, ZUMA GUIDING 6FR AL 3","GastChSup8188","CDM","272","RC","C1887","HCPCS","","","facility","both","","","","246.38","246.38","","","","","","","","","","","","","Gross Charge Type: Main Acute Price List"
"CATH, ZUMA GUIDING 6FR AL 3","PacuChSup8188","CDM","272","RC","C1887","HCPCS","","","facility","both","","","","246.38","246.38","","","","","","","","","","","","","Gross Charge Type: Main Acute Price List"
"CATH, ZUMA GUIDING 6FR AL 3","ScpuWmSup8188","CDM","272","RC","C1887","HCPCS","","","facility","both","","","","246.38","246.38","","","","","","","","","","","","","Gross Charge Type: Main Acute Price List"
"CATH, ZUMA GUIDING 6FR AL 4","CspuChSup8189","CDM","272","RC","C1887","HCPCS","","","facility","both","","","","246.38","246.38","","","","","","","","","","","","","Gross Charge Type: Main Acute Price List"
"CATH, ZUMA GUIDING 6FR AL 4","Wilm548189","CDM","272","RC","C1887","HCPCS","","","facility","both","","","","246.38","246.38","","","","","","","","","","","","","Gross Charge Type: Main Acute Price List"
"CATH, ZUMA GUIDING 6FR AL.75SH","GastWmSup214851","CDM","272","RC","C1725","HCPCS","","","facility","both","","","","246.38","246.38","","","","","","","","","","","","","Gross Charge Type: Main Acute Price List"
"CATH, ZUMA GUIDING 6FR AL.75SH","PacuChSup214851","CDM","272","RC","C1725","HCPCS","","","facility","both","","","","246.38","246.38","","","","","","","","","","","","","Gross Charge Type: Main Acute Price List"
"CATH, ZUMA GUIDING 6FR AR 1","OperWmSup8190","CDM","272","RC","C1887","HCPCS","","","facility","both","","","","246.38","246.38","","","","","","","","","","","","","Gross Charge Type: Main Acute Price List"
"CATH, ZUMA GUIDING 6FR AR 1","PacuWmSup8190","CDM","272","RC","C1887","HCPCS","","","facility","both","","","","246.38","246.38","","","","","","","","","","","","","Gross Charge Type: Main Acute Price List"
"CATH, ZUMA GUIDING 6FR AR 1","ScpuChSup8190","CDM","272","RC","C1887","HCPCS","","","facility","both","","","","246.38","246.38","","","","","","","","","","","","","Gross Charge Type: Main Acute Price List"
"CATH, ZUMA GUIDING 6FR EBU 4.0","ScanWmSup213709","CDM","272","RC","C1725","HCPCS","","","facility","both","","","","246.38","246.38","","","","","","","","","","","","","Gross Charge Type: Main Acute Price List"
"CATH, ZUMA GUIDING 6FR FL 4","CspuChSup213128","CDM","272","RC","C1725","HCPCS","","","facility","both","","","","246.38","246.38","","","","","","","","","","","","","Gross Charge Type: Main Acute Price List"
"CATH, ZUMA GUIDING 6FR FL 4","Wilm54213128","CDM","272","RC","C1725","HCPCS","","","facility","both","","","","246.38","246.38","","","","","","","","","","","","","Gross Charge Type: Main Acute Price List"
"CATH, ZUMA GUIDING 6FR FL 5","Chrs54213134","CDM","272","RC","C1725","HCPCS","","","facility","both","","","","231.68","231.68","","","","","","","","","","","","","Gross Charge Type: Main Acute Price List"
"CATH, ZUMA GUIDING 6FR FR 4","GastChSup213136","CDM","272","RC","","","","","facility","both","","","","246.38","246.38","","","","","","","","","","","","","Gross Charge Type: Main Acute Price List"
"CATH, ZUMA GUIDING 6FR RCB","ScpuWmSup8199","CDM","272","RC","C1887","HCPCS","","","facility","both","","","","246.38","246.38","","","","","","","","","","","","","Gross Charge Type: Main Acute Price List"
"CATH, ZUMA GUIDING 7FR FR 4","ScorWmSup111765","CDM","272","RC","C1887","HCPCS","","","facility","both","","","","231.68","231.68","","","","","","","","","","","","","Gross Charge Type: Main Acute Price List"
"CATH,5 RIM 65CM NO TIP HNB5.0-38-65-P-NS-RM","AngiWmSup67115","CDM","272","RC","","","","","facility","both","","","","123.18","123.18","","","","","","","","","","","","","Gross Charge Type: Main Acute Price List"
"CATH,5 RIM 65CM NO TIP HNB5.0-38-65-P-NS-RM","ScorWmSup67115","CDM","272","RC","","","","","facility","both","","","","123.18","123.18","","","","","","","","","","","","","Gross Charge Type: Main Acute Price List"
"CATH,AGILIS NXT LARGE CURL BI-DIRECTIONAL","PacuWmSup76375","CDM","272","RC","C1766","HCPCS","","","facility","both","","","","6319.89","6319.89","","","","","","","","","","","","","Gross Charge Type: Main Acute Price List"
"CATH,AGILIS NXT SMALL CURL BI-DIRECTIONAL","CspuChSup76374","CDM","272","RC","C1766","HCPCS","","","facility","both","","","","6319.89","6319.89","","","","","","","","","","","","","Gross Charge Type: Main Acute Price List"
"CATH,BAL ANGIO DILAT PTA LP 5FRX80","EplbChSup74799","CDM","272","RC","C1725","HCPCS","","","facility","both","","","","723.99","723.99","","","","","","","","","","","","","Gross Charge Type: Main Acute Price List"
"CATH,BARRX CHANNEL RFA ENDOSC 15.7X7.5","CLDRChSup65147","CDM","272","RC","C1886","HCPCS","","","facility","both","","","","12602.83","12602.83","","","","","","","","","","","","","Gross Charge Type: Main Acute Price List"
"CATH,BARRX CHANNEL RFA ENDOSC 15.7X7.5","ScorWmSup65147","CDM","272","RC","C1886","HCPCS","","","facility","both","","","","12602.83","12602.83","","","","","","","","","","","","","Gross Charge Type: Main Acute Price List"
"CATH,BENCHMARK GUIDE 105CM MP 5FR SEL 130CM","EplbChSup66495","CDM","272","RC","","","","","facility","both","","","","6005.75","6005.75","","","","","","","","","","","","","Gross Charge Type: Main Acute Price List"
"CATH,DIAMONDBK 360 MIC CROWN 1.25MMX145C","GastWmSup57392","CDM","272","RC","C1724","HCPCS","","","facility","both","","","","20822.06","20822.06","","","","","","","","","","","","","Gross Charge Type: Main Acute Price List"
"CATH,DRAIN AMPLANTZ UNIV 12FR ULTRATHANE","ScanWmSup59586","CDM","272","RC","C1729","HCPCS","","","facility","both","","","","631.31","631.31","","","","","","","","","","","","","Gross Charge Type: Main Acute Price List"
"CATH,DRAIN AMPLANTZ UNIV 12FR ULTRATHANE","Wilm5459586","CDM","272","RC","C1729","HCPCS","","","facility","both","","","","631.31","631.31","","","","","","","","","","","","","Gross Charge Type: Main Acute Price List"
"CATH,DRAINAGE EXPEL 8FR 25C MULTIPURPOSE","DelrChSup66081","CDM","272","RC","C1729","HCPCS","","","facility","both","","","","509.69","509.69","","","","","","","","","","","","","Gross Charge Type: Main Acute Price List"
"CATH,DRAINAGE EXPEL 8FR 25C MULTIPURPOSE","EplbChSup66081","CDM","272","RC","C1729","HCPCS","","","facility","both","","","","509.69","509.69","","","","","","","","","","","","","Gross Charge Type: Main Acute Price List"
"CATH,DRAINAGE GP W/LOCK PIGTAIL 14FR 21CM","CspuChSup63860","CDM","272","RC","","","","","facility","both","","","","318.56","318.56","","","","","","","","","","","","","Gross Charge Type: Main Acute Price List"
"CATH,DRAINAGE GP W/LOCK PIGTAIL 14FR 21CM","GyscChSup63860","CDM","272","RC","","","","","facility","both","","","","318.56","318.56","","","","","","","","","","","","","Gross Charge Type: Main Acute Price List"
"CATH,DRAINAGE GP W/LOCK PIGTAIL 14FR 21CM","ScpuWmSup63860","CDM","272","RC","","","","","facility","both","","","","318.56","318.56","","","","","","","","","","","","","Gross Charge Type: Main Acute Price List"
"CATH,JOSEPH QUADPOL 6FRx5MMx120CM SURELINK","GastWmSup63765","CDM","272","RC","","","","","facility","both","","","","237.88","237.88","","","","","","","","","","","","","Gross Charge Type: Main Acute Price List"
"CATH,KUMPE  5 NO TIP HNBS5.0-38-40-P-NS-KMP","OperWmSup67114","CDM","272","RC","","","","","facility","both","","","","123.18","123.18","","","","","","","","","","","","","Gross Charge Type: Main Acute Price List"
"CATH,LAUNCHER 5FR 3.75 EBU LEFT GUIDE","AnesChSup70397","CDM","272","RC","C1887","HCPCS","","","facility","both","","","","231.68","231.68","","","","","","","","","","","","","Gross Charge Type: Main Acute Price List"
"CATH,LAUNCHER 5FR 3.75 EBU LEFT GUIDE","PacuWmSup70397","CDM","272","RC","C1887","HCPCS","","","facility","both","","","","231.68","231.68","","","","","","","","","","","","","Gross Charge Type: Main Acute Price List"
"CATH,LAUNCHER 5FR 3.75 EBU LEFT GUIDE","ScpuWmSup70397","CDM","272","RC","C1887","HCPCS","","","facility","both","","","","231.68","231.68","","","","","","","","","","","","","Gross Charge Type: Main Acute Price List"
"CATH,M-DRAIN ALL PURPOSE DRAIN LOCK 10FRX35CM","CLDRChSup75522","CDM","272","RC","","","","","facility","both","","","","364.89","364.89","","","","","","","","","","","","","Gross Charge Type: Main Acute Price List"
"CATH,M-DRAIN ALL PURPOSE DRAIN LOCK 10FRX35CM","ScpuChSup75522","CDM","272","RC","","","","","facility","both","","","","364.89","364.89","","","","","","","","","","","","","Gross Charge Type: Main Acute Price List"
"CATH,M-DRAIN ALL PURPOSE DRAIN LOCK 12FRX35CM","ScanWmSup75523","CDM","272","RC","","","","","facility","both","","","","364.89","364.89","","","","","","","","","","","","","Gross Charge Type: Main Acute Price List"
"CATH,M-DRAIN ALL PURPOSE DRAIN LOCK 16FRX35CM","GastWmSup75526","CDM","272","RC","","","","","facility","both","","","","364.89","364.89","","","","","","","","","","","","","Gross Charge Type: Main Acute Price List"
"CATH,M-DRAIN ALL PURPOSE DRAIN LOCK 16FRX35CM","ScorChSup75526","CDM","272","RC","","","","","facility","both","","","","364.89","364.89","","","","","","","","","","","","","Gross Charge Type: Main Acute Price List"
"CATH,NANOCROSS ELITE .014 PTA 1.5X20X150","DelrChSup72200","CDM","272","RC","C1725","HCPCS","","","facility","both","","","","955.67","955.67","","","","","","","","","","","","","Gross Charge Type: Main Acute Price List"
"CATH,NANOCROSS ELITE .014 PTA 2.5X40X150","CspuChSup72210","CDM","272","RC","C1725","HCPCS","","","facility","both","","","","955.67","955.67","","","","","","","","","","","","","Gross Charge Type: Main Acute Price List"
"CATH,NANOCROSS ELITE .014 PTA 2X120X150","ScpuChSup72203","CDM","272","RC","C1725","HCPCS","","","facility","both","","","","955.67","955.67","","","","","","","","","","","","","Gross Charge Type: Main Acute Price List"
"CATH,NANOCROSS ELITE .014 PTA 2X40X150","GastWmSup72202","CDM","272","RC","C1725","HCPCS","","","facility","both","","","","1158.39","1158.39","","","","","","","","","","","","","Gross Charge Type: Main Acute Price List"
"CATH,NANOCROSS ELITE .014 PTA 3.5X40X150","PacuWmSup72207","CDM","272","RC","C1725","HCPCS","","","facility","both","","","","1158.39","1158.39","","","","","","","","","","","","","Gross Charge Type: Main Acute Price List"
"CATH,NANOCROSS ELITE .014 PTA 4X40X150","AnesWmSup72209","CDM","272","RC","C1725","HCPCS","","","facility","both","","","","1016.36","1016.36","","","","","","","","","","","","","Gross Charge Type: Main Acute Price List"
"CATH,NEPHROURETERAL 10FRX24CM - 34399","CspuChSup34399","CDM","272","RC","C2617","HCPCS","","","facility","both","","","","542.88","542.88","","","","","","","","","","","","","Gross Charge Type: Main Acute Price List"
"CATH,NEPHROURETERAL 10FRX24CM - 34399","GastWmSup34399","CDM","272","RC","C2617","HCPCS","","","facility","both","","","","542.88","542.88","","","","","","","","","","","","","Gross Charge Type: Main Acute Price List"
"CATH,NEPHROURETERAL 10FRX24CM - 34399","ScpuWmSup34399","CDM","272","RC","C2617","HCPCS","","","facility","both","","","","542.88","542.88","","","","","","","","","","","","","Gross Charge Type: Main Acute Price List"
"CATH,PROGREAT MICRO 2.4FR 150 W/RO MARKERS","PacuChSup65287","CDM","272","RC","C1887","HCPCS","","","facility","both","","","","1786.33","1786.33","","","","","","","","","","","","","Gross Charge Type: Main Acute Price List"
"CATH,PROGREAT MICRO 2.4FR 150 W/RO MARKERS","ScorChSup65287","CDM","272","RC","C1887","HCPCS","","","facility","both","","","","1786.33","1786.33","","","","","","","","","","","","","Gross Charge Type: Main Acute Price List"
"CATH,TORCON NB ADVANTAGE 5FR .038 65C RLG","CLDRChSup68696","CDM","272","RC","","","","","facility","both","","","","123.18","123.18","","","","","","","","","","","","","Gross Charge Type: Main Acute Price List"
"CATH,UROMAX ULTRA 18FR X 6MM X 4CM BALL","OperWmSup75413","CDM","272","RC","C1726","HCPCS","","","facility","both","","","","1455.79","1455.79","","","","","","","","","","","","","Gross Charge Type: Main Acute Price List"
"CATH,VERSAFLEX ZNIS8R DISP PH IMPEDANCE ADU","OperWmSup64590","CDM","272","RC","","","","","facility","both","","","","646.77","646.77","","","","","","","","","","","","","Gross Charge Type: Main Acute Price List"
"CATH,VERSAFLEX ZNIS8R DISP PH IMPEDANCE ADU","PacuWmSup64590","CDM","272","RC","","","","","facility","both","","","","646.77","646.77","","","","","","","","","","","","","Gross Charge Type: Main Acute Price List"
"CATHETER  CPS AIM UNIVERSAL II SLITTABLE INNER WITH INTEGRATED VALVE 65CM 90 DEGREE","AngiChSup10190013","CDM","272","RC","C1887","HCPCS","","","facility","both","","","","862.57","862.57","","","","","","","","","","","","","Gross Charge Type: Main Acute Price List"
"CATHETER CEREGLIDE 71 WITH TRUCOURSE 125CM","CcthChSup10196320","CDM","272","RC","C1757","HCPCS","","","facility","both","","","","24236","24236","","","","","","","","","","","","","Gross Charge Type: Main Acute Price List"
"CATHETER CEREGLIDE 71 WITH TRUCOURSE 132CM","EplbChSup10196321","CDM","272","RC","C1757","HCPCS","","","facility","both","","","","24236","24236","","","","","","","","","","","","","Gross Charge Type: Main Acute Price List"
"CATHETER ESPERANCE ASPIRATION THROMBECTOMY KIT 3F X 145CM","EplbChSup10190767","CDM","272","RC","C1757","HCPCS","","","facility","both","","","","15988.31","15988.31","","","","","","","","","","","","","Gross Charge Type: Main Acute Price List"
"CATHETER IMPULSE 5F FL5 (5PK)","AngiWmSup10190597","CDM","272","RC","","","","","facility","both","","","","41.89","41.89","","","","","","","","","","","","","Gross Charge Type: Main Acute Price List"
"CATHETER IMPULSE 6F FL3.5 (5PK)","AngiChSup10190594","CDM","272","RC","","","","","facility","both","","","","41.89","41.89","","","","","","","","","","","","","Gross Charge Type: Main Acute Price List"
"CATHETER INTRODUCER CHECK FLO 10FR X 30CM 0.038","CcthChSup10193052","CDM","272","RC","C1894","HCPCS","","","facility","both","","","","414.58","414.58","","","","","","","","","","","","","Gross Charge Type: Main Acute Price List"
"CATHETER SYSTEM TRINAV FLX INFUSION 021 X 150CM","EplbChSup10193068","CDM","272","RC","C1887","HCPCS","","","facility","both","","","","46620.72","46620.72","","","","","","","","","","","","","Gross Charge Type: Main Acute Price List"
"CATHETER, INTERVENTIONAL 113127","DelrChSup113123","CDM","272","RC","C1725","HCPCS","","","facility","both","","","","1829.44","1829.44","","","","","","","","","","","","","Gross Charge Type: Main Acute Price List"
"CATHETER, INTERVENTIONAL 113138","CcthChSup113128","CDM","272","RC","C1725","HCPCS","","","facility","both","","","","1720.21","1720.21","","","","","","","","","","","","","Gross Charge Type: Main Acute Price List"
"CATHETER, MIDWAY 43 125cm","CcthChSup10190637","CDM","272","RC","C1887","HCPCS","","","facility","both","","","","9796.31","9796.31","","","","","","","","","","","","","Gross Charge Type: Main Acute Price List"
"CATHETER, RAVI MG1 TIP SHAPE 4FR GLIDECATH 0.038 X 135C","AngiChSup10190772","CDM","272","RC","C1887","HCPCS","","","facility","both","","","","325.46","325.46","","","","","","","","","","","","","Gross Charge Type: Main Acute Price List"
"CATHETER, SHOCKWAVE JAVELIN IVL PERIPHERAL","OperChSup10190854","CDM","272","RC","C1725","HCPCS","","","facility","both","","","","28957.64","28957.64","","","","","","","","","","","","","Gross Charge Type: Main Acute Price List"
"CATHETER, YASHIRO GLIDECATH GUIDEWEIRE COMPATIBLE 5FR","AngiChSup10190770","CDM","272","RC","C1887","HCPCS","","","facility","both","","","","356.49","356.49","","","","","","","","","","","","","Gross Charge Type: Main Acute Price List"
"CATHETER,PACEMAKER 8FR","PacuChSup790097","CDM","272","RC","C1892","HCPCS","","","facility","both","","","","1.12","1.12","","","","","","","","","","","","","Gross Charge Type: Main Acute Price List"
"CATHETER,RING TRANSJUG INTRAHEPIC ACC 10","CLDRChSup790275","CDM","272","RC","C1887","HCPCS","","","facility","both","","","","1.19","1.19","","","","","","","","","","","","","Gross Charge Type: Main Acute Price List"
"CATHETER,RING TRANSJUG INTRAHEPIC ACC 10","OperChSup790275","CDM","272","RC","C1887","HCPCS","","","facility","both","","","","1.19","1.19","","","","","","","","","","","","","Gross Charge Type: Main Acute Price List"
"CATHETER- BERSTEIN","EplbChSup117232","CDM","272","RC","","","","","facility","both","","","","210.83","210.83","","","","","","","","","","","","","Gross Charge Type: Main Acute Price List"
"CATHETER- BERSTEIN","GastWmSup117232","CDM","272","RC","","","","","facility","both","","","","210.83","210.83","","","","","","","","","","","","","Gross Charge Type: Main Acute Price List"
"CATHETER- BERSTEIN","OperWmSup117232","CDM","272","RC","","","","","facility","both","","","","210.83","210.83","","","","","","","","","","","","","Gross Charge Type: Main Acute Price List"
"CATHETER- KUMPE","CcthChSup117233","CDM","278","RC","C1887","HCPCS","","","facility","both","","","","189.97","189.97","","","","","","","","","","","","","Gross Charge Type: Main Acute Price List"
"CBC W/O DIFF","HEMACL1527","CDM","301","RC","85027","HCPCS","","","facility","both","","","","83.18","83.18","","","","","","","","","","","","","Gross Charge Type: Main Acute Price List"
"CBC without platelet","G0307","HCPCS","","","","","","","facility","outpatient","","","","","","Bcbs","Highmark All Commercial Plans","9.55","","","","","","","fee schedule","4.21","19.41","Radiology"
"CBC without platelet","G0307","HCPCS","","","","","","","facility","outpatient","","","","","","Jefferson Health Plan","Health Partners Medicaid Managed Care/Aca Plan","19.41","","","","","","","fee schedule","4.21","19.41","APC"
"CEMENT, BONE CMW 20GRAM","Wilm5440334","CDM","278","RC","C1713","HCPCS","","","facility","both","","","","384.37","384.37","","","","","","","","","","","","","Gross Charge Type: Main Acute Price List"
"CEMENT, BONE COBALT HV","ScanChSup34162","CDM","272","RC","","","","","facility","both","","","","378.8","378.8","","","","","","","","","","","","","Gross Charge Type: Main Acute Price List"
"CEMENT, BONE NORIAN DRILLABLE INJECT 3CC","GyscChSup78057","CDM","278","RC","","","","","facility","both","","","","4495.83","4495.83","","","","","","","","","","","","","Gross Charge Type: Main Acute Price List"
"CEMENT, BONE NORIAN DRILLABLE INJECT 5CC","GyscChSup62650","CDM","278","RC","C1713","HCPCS","","","facility","both","","","","7844.24","7844.24","","","","","","","","","","","","","Gross Charge Type: Main Acute Price List"
"CEMENT, BONE PALACOS","ScanChSup9073","CDM","270","RC","","","","","facility","both","","","","443.5","443.5","","","","","","","","","","","","","Gross Charge Type: Main Acute Price List"
"CEMENT, BONE SIMPLEX P 20GR HALF-DOSE","PacuWmSup63874","CDM","278","RC","C1713","HCPCS","","","facility","both","","","","304.29","304.29","","","","","","","","","","","","","Gross Charge Type: Main Acute Price List"
"CEMENT, OTOLOGIC BONE OTOMIMIX 2GRAMS","GastChSup54598","CDM","278","RC","C1713","HCPCS","","","facility","both","","","","2403.9","2403.9","","","","","","","","","","","","","Gross Charge Type: Main Acute Price List"
"CEMENT, TRAUMACEM V+ INJECTABLE BONE","EplbChSup107766","CDM","278","RC","C1713","HCPCS","","","facility","both","","","","2261.86","2261.86","","","","","","","","","","","","","Gross Charge Type: Main Acute Price List"
"CEMENT, VERTAPLEX HV 20GR TWIN PACK (1/2 DOSE)","CspuChSup54836","CDM","272","RC","","","","","facility","both","","","","2661.63","2661.63","","","","","","","","","","","","","Gross Charge Type: Main Acute Price List"
"CEMENT,PALACOS R+G 1X40 SINGLE","DelrChSup67007","CDM","278","RC","C1734","HCPCS","","","facility","both","","","","1447.53","1447.53","","","","","","","","","","","","","Gross Charge Type: Main Acute Price List"
"CEMENT,PALACOS R+G 1X40 SINGLE","EplbChSup67007","CDM","278","RC","C1734","HCPCS","","","facility","both","","","","1447.53","1447.53","","","","","","","","","","","","","Gross Charge Type: Main Acute Price List"
"CHANGE,CYSTOTOMY TUBE GLP","IrraCh9456","CDM","361","RC","51705","HCPCS","","","facility","both","","","","348.06","348.06","","","","","","","","","","","","","Gross Charge Type: Main Acute Price List"
"CHEM DRUG TREATMENT/ RBC","BLBKRR2809","CDM","302","RC","86970","HCPCS","","","facility","both","","","","130","130","","","","","","","","","","","","","Gross Charge Type: Main Acute Price List"
"CHEMO ADMIN,INTRA-ARTERIAL,PUSH GLB","IrraCh3283","CDM","335","RC","96420","HCPCS","","","facility","both","","","","167.73","167.73","","","","","","","","","","","","","Gross Charge Type: Main Acute Price List"
"CHEMO ADMIN,SQ/IM,NON-HORMONAL,ANTI-NEOPLASTIC RHOPA","CcciWm96401","CDM","331","RC","96401","HCPCS","","","facility","both","","","","90.15","90.15","","","","","","","","","","","","","Gross Charge Type: Main Acute Price List"
"CHEST POST LINE PLACEMENT GLR","Midd545168","CDM","270","RC","","","","","facility","both","","","","170.52","170.52","","","","","","","","","","","","","Gross Charge Type: Main Acute Price List"
"CHIP PAD-MEDIUM","HgsrHg42404","CDM","270","RC","","","","","facility","both","","","","31.54","31.54","","","","","","","","","","","","","Gross Charge Type: Main Acute Price List"
"CHOLANGIOCATH, METAL SUPPORT TUBE 4.5 FR 30""","OperWmSup1439","CDM","270","RC","","","","","facility","both","","","","307.99","307.99","","","","","","","","","","","","","Gross Charge Type: Main Acute Price List"
"CHOLECYSTOS,COMP W IMG,CATH,PERC GLP","ChrsCT9434","CDM","361","RC","47490","HCPCS","","","facility","both","","","","4839.06","4839.06","","","","","","","","","","","","","Gross Charge Type: Main Acute Price List"
"CINCH, MENISCAL","ScanWmSup38497","CDM","270","RC","","","","","facility","both","","","","1788.27","1788.27","","","","","","","","","","","","","Gross Charge Type: Main Acute Price List"
"CINCH, MENISCAL","ScorChSup38497","CDM","270","RC","","","","","facility","both","","","","1788.27","1788.27","","","","","","","","","","","","","Gross Charge Type: Main Acute Price List"
"CIRCUIT, ANGIOVAC W/BUBBLE TRAP PG","CspuChSup68472","CDM","272","RC","","","","","facility","both","","","","9239.61","9239.61","","","","","","","","","","","","","Gross Charge Type: Main Acute Price List"
"CIRCUIT, ANGIOVAC W/BUBBLE TRAP PG","ScorChSup68472","CDM","272","RC","","","","","facility","both","","","","9239.61","9239.61","","","","","","","","","","","","","Gross Charge Type: Main Acute Price List"
"CIRCUIT, VENTILATOR MRI W/O PEEP 22MM SPU 15FT","CcicMR50358","CDM","270","RC","","","","","facility","both","","","","157.76","157.76","","","","","","","","","","","","","Gross Charge Type: Main Acute Price List"
"CIRCUIT, VENTILATOR MRI W/O PEEP 22MM SPU 15FT","Hccc4750358","CDM","270","RC","","","","","facility","both","","","","157.76","157.76","","","","","","","","","","","","","Gross Charge Type: Main Acute Price List"
"CIRCUIT, VENTILATOR MRI W/O PEEP 22MM SPU 15FT","Midd4750358","CDM","270","RC","","","","","facility","both","","","","157.76","157.76","","","","","","","","","","","","","Gross Charge Type: Main Acute Price List"
"CLAMP, ADJUSTABLE MANDIBLE EXTERNAL FIXATOR","AnesWmSup115399","CDM","272","RC","","","","","facility","both","","","","3032.2","3032.2","","","","","","","","","","","","","Gross Charge Type: Main Acute Price List"
"CLAMP, BIOVER LARGE DOUBLE","ScorWmSup59500","CDM","272","RC","","","","","facility","both","","","","400.38","400.38","","","","","","","","","","","","","Gross Charge Type: Main Acute Price List"
"CLAMP, BIOVER SMALL DOUBLE","Chrs5459496","CDM","272","RC","","","","","facility","both","","","","400.38","400.38","","","","","","","","","","","","","Gross Charge Type: Main Acute Price List"
"CLAMP, FRACTURE USS LP FX","GastChSup21380","CDM","278","RC","","","","","facility","both","","","","6497.61","6497.61","","","","","","","","","","","","","Gross Charge Type: Main Acute Price List"
"CLAMP, HOFFMANN3 5 HOLE PIN DIA 4/5/6MM","ScpuWmSup50958","CDM","272","RC","","","","","facility","both","","","","4812.36","4812.36","","","","","","","","","","","","","Gross Charge Type: Main Acute Price List"
"CLAMP, MULTI PIN","Wilm5433023","CDM","272","RC","","","","","facility","both","","","","4546.05","4546.05","","","","","","","","","","","","","Gross Charge Type: Main Acute Price List"
"CLAMP, PIN 4-POSITION LRG","CspuChSup45446","CDM","270","RC","","","","","facility","both","","","","2466.98","2466.98","","","","","","","","","","","","","Gross Charge Type: Main Acute Price List"
"CLAMP, PIN 6-POSITION LRG","CcthChSup45445","CDM","270","RC","","","","","facility","both","","","","2539.05","2539.05","","","","","","","","","","","","","Gross Charge Type: Main Acute Price List"
"CLAMP, PIN HII MRI 4-HOLE","ScanChSup64208","CDM","278","RC","C1713","HCPCS","","","facility","both","","","","2238.01","2238.01","","","","","","","","","","","","","Gross Charge Type: Main Acute Price List"
"CLAMP, PIN MRI HII 10-HOLE","GastWmSup39571","CDM","278","RC","","","","","facility","both","","","","5830.55","5830.55","","","","","","","","","","","","","Gross Charge Type: Main Acute Price List"
"CLAMP, PIN MRI HII 10-HOLE","ScorWmSup39571","CDM","278","RC","","","","","facility","both","","","","5830.55","5830.55","","","","","","","","","","","","","Gross Charge Type: Main Acute Price List"
"CLAMP, PIN SST 5-HOLE","Chrs5467063","CDM","272","RC","","","","","facility","both","","","","4108.55","4108.55","","","","","","","","","","","","","Gross Charge Type: Main Acute Price List"
"CLAMP, PIN SST 5-HOLE","ScpuWmSup67063","CDM","272","RC","","","","","facility","both","","","","4108.55","4108.55","","","","","","","","","","","","","Gross Charge Type: Main Acute Price List"
"CLAMP, REPRO EX-FIX COMBINATION LARGE","PacuWmSup79063","CDM","278","RC","","","","","facility","both","","","","925.78","925.78","","","","","","","","","","","","","Gross Charge Type: Main Acute Price List"
"CLAMP, REPRO HOFFMANN3 5 HOLE PIN DIA 4/5/6MM","ScpuWmSup79064","CDM","278","RC","","","","","facility","both","","","","2638.81","2638.81","","","","","","","","","","","","","Gross Charge Type: Main Acute Price List"
"CLAMP, VENOUS MEDIUM DOUBLE","Chrs5459506","CDM","272","RC","","","","","facility","both","","","","400.38","400.38","","","","","","","","","","","","","Gross Charge Type: Main Acute Price List"
"CLAMP, VENOUS MEDIUM DOUBLE","GastWmSup59506","CDM","272","RC","","","","","facility","both","","","","400.38","400.38","","","","","","","","","","","","","Gross Charge Type: Main Acute Price List"
"CLAMP, VENOUS MICRO DOUBLE","EplbChSup59502","CDM","272","RC","","","","","facility","both","","","","440.43","440.43","","","","","","","","","","","","","Gross Charge Type: Main Acute Price List"
"CLAMP, VENOUS SMALL DOUBLE","OperChSup59504","CDM","272","RC","","","","","facility","both","","","","400.38","400.38","","","","","","","","","","","","","Gross Charge Type: Main Acute Price List"
"CLIP IRRIGATION F/MAKO INTEGRATED CUTTING SYSTEM 116239 STERILE MICS","ScorWmSup10180631","CDM","270","RC","","","","","facility","both","","","","768.92","768.92","","","","","","","","","","","","","Gross Charge Type: Main Acute Price List"
"CLIP, ANEURYSM SUGITA TII 10.0 SIDE CVD 9MM","GyscChSup49932","CDM","278","RC","","","","","facility","both","","","","2406.55","2406.55","","","","","","","","","","","","","Gross Charge Type: Main Acute Price List"
"CLIP, ANEURYSM SUGITA TII 10.0 SIDE CVD 9MM","PacuChSup49932","CDM","278","RC","","","","","facility","both","","","","2406.55","2406.55","","","","","","","","","","","","","Gross Charge Type: Main Acute Price List"
"CLIP, ANEURYSM SUGITA TII 10.5 45 DEG ANGLE 5MM","PacuWmSup49972","CDM","278","RC","","","","","facility","both","","","","2262.86","2262.86","","","","","","","","","","","","","Gross Charge Type: Main Acute Price List"
"CLIP, ANEURYSM SUGITA TII 11.0 BENT 12MM","ScpuChSup49938","CDM","278","RC","C1889","HCPCS","","","facility","both","","","","2262.86","2262.86","","","","","","","","","","","","","Gross Charge Type: Main Acute Price List"
"CLIP, ANEURYSM SUGITA TII 11.0 SIDE BENT 8MM","ScanChSup49931","CDM","278","RC","","","","","facility","both","","","","2262.86","2262.86","","","","","","","","","","","","","Gross Charge Type: Main Acute Price List"
"CLIP, ANEURYSM SUGITA TII 11.5 45 DEG ANGLE 7.5MM","ScorWmSup49973","CDM","278","RC","C1889","HCPCS","","","facility","both","","","","2406.55","2406.55","","","","","","","","","","","","","Gross Charge Type: Main Acute Price List"
"CLIP, ANEURYSM SUGITA TII 8.0 L-SHAPE 10.0MM","Wilm5449947","CDM","278","RC","C1889","HCPCS","","","facility","both","","","","2262.86","2262.86","","","","","","","","","","","","","Gross Charge Type: Main Acute Price List"
"CLIP, ANEURYSM SUGITA TII 8.0 L-SHAPE 5MM","GastChSup49945","CDM","278","RC","C1889","HCPCS","","","facility","both","","","","2406.55","2406.55","","","","","","","","","","","","","Gross Charge Type: Main Acute Price List"
"CLIP, ANEURYSM SUGITA TII 9.5 BENT 8MM","ScpuWmSup49930","CDM","278","RC","C1889","HCPCS","","","facility","both","","","","2262.86","2262.86","","","","","","","","","","","","","Gross Charge Type: Main Acute Price List"
"CLIP, ANEURYSM SUGITA TII 9.5 CVD 9MM","GastWmSup49934","CDM","278","RC","","","","","facility","both","","","","2144.89","2144.89","","","","","","","","","","","","","Gross Charge Type: Main Acute Price List"
"CLIP, ANEURYSM SUGITA TII MINI 5.5 STR 4","CcthChSup49999","CDM","278","RC","","","","","facility","both","","","","2406.55","2406.55","","","","","","","","","","","","","Gross Charge Type: Main Acute Price List"
"CLIP, ANEURYSM SUGITA TII MINI 6.5 CVD 5MM","AngiWmSup50001","CDM","278","RC","","","","","facility","both","","","","2262.86","2262.86","","","","","","","","","","","","","Gross Charge Type: Main Acute Price List"
"CLIP, ANEURYSM SUGITA TII MINI 7.0 STR 6MM","AngiWmSup50000","CDM","278","RC","C1889","HCPCS","","","facility","both","","","","2406.55","2406.55","","","","","","","","","","","","","Gross Charge Type: Main Acute Price List"
"CLIP, ANEURYSM SUGITA TII MINI 7.0 STR 6MM","ScanWmSup50000","CDM","278","RC","C1889","HCPCS","","","facility","both","","","","2406.55","2406.55","","","","","","","","","","","","","Gross Charge Type: Main Acute Price List"
"CLIP, ANEURYSM SUGITA TII MINI 7.0 STR 6MM","ScorChSup50000","CDM","278","RC","C1889","HCPCS","","","facility","both","","","","2406.55","2406.55","","","","","","","","","","","","","Gross Charge Type: Main Acute Price List"
"CLIP, ANEURYSM SUGITA TII MINI 7.0 STR SLIP TIP 6MM","ScanChSup50009","CDM","278","RC","","","","","facility","both","","","","2262.86","2262.86","","","","","","","","","","","","","Gross Charge Type: Main Acute Price List"
"CLIP, ANEURYSM SUGITA TII MINI 7.5 SIDE CVD 7MM","PacuChSup50004","CDM","278","RC","","","","","facility","both","","","","2406.55","2406.55","","","","","","","","","","","","","Gross Charge Type: Main Acute Price List"
"CLIP, ANEURYSM SUGITA TII MINI TEMP 7.0 BENT 5MM","Wilm5449982","CDM","278","RC","","","","","facility","both","","","","2406.55","2406.55","","","","","","","","","","","","","Gross Charge Type: Main Acute Price List"
"CLIP, BIOPSY SENOMARK MRI M STAINLESS STEEL","CcthChSup114978","CDM","278","RC","A4648","HCPCS","","","facility","both","","","","408.28","408.28","","","","","","","","","","","","","Gross Charge Type: Main Acute Price List"
"CLIP, GELMARK UNTRA COR SENORX","CcsmCT46759","CDM","278","RC","","","","","facility","both","","","","434.4","434.4","","","","","","","","","","","","","Gross Charge Type: Main Acute Price List"
"CLIP, GELMARK UNTRA COR SENORX","Fcin4746759","CDM","278","RC","","","","","facility","both","","","","434.4","434.4","","","","","","","","","","","","","Gross Charge Type: Main Acute Price List"
"CLIP, GELMARK UNTRA COR SENORX","OperChSup46759","CDM","278","RC","","","","","facility","both","","","","434.4","434.4","","","","","","","","","","","","","Gross Charge Type: Main Acute Price List"
"CLIP, GELMARK UNTRA COR SENORX","PacuWmSup46759","CDM","278","RC","","","","","facility","both","","","","434.4","434.4","","","","","","","","","","","","","Gross Charge Type: Main Acute Price List"
"CLIP, HEM-O-LOK LARGE","OperChSup31870","CDM","272","RC","","","","","facility","both","","","","173.76","173.76","","","","","","","","","","","","","Gross Charge Type: Main Acute Price List"
"CLIP, HEM-O-LOK LARGE","ScanChSup31870","CDM","272","RC","","","","","facility","both","","","","173.76","173.76","","","","","","","","","","","","","Gross Charge Type: Main Acute Price List"
"CLIP, HEM-O-LOK LARGE","Wilm5431870","CDM","272","RC","","","","","facility","both","","","","173.76","173.76","","","","","","","","","","","","","Gross Charge Type: Main Acute Price List"
"CLIP, HEM-O-LOK MEDIUM/LARGE","OperChSup31869","CDM","278","RC","C1889","HCPCS","","","facility","both","","","","173.76","173.76","","","","","","","","","","","","","Gross Charge Type: Main Acute Price List"
"CLIP, ILIZAROV 1.5/1.8MM WIRE","ScanChSup23680","CDM","272","RC","","","","","facility","both","","","","21.44","21.44","","","","","","","","","","","","","Gross Charge Type: Main Acute Price List"
"CLIP, LAA - ATRICLIP FLEX MINI SIZE 35","OperWmSup10190621","CDM","278","RC","C1889","HCPCS","","","facility","both","","","","13862.7","13862.7","","","","","","","","","","","","","Gross Charge Type: Main Acute Price List"
"CLIP, LAA - ATRICLIP FLEX MINI SIZE 45","AngiChSup10190623","CDM","278","RC","C1889","HCPCS","","","facility","both","","","","13862.7","13862.7","","","","","","","","","","","","","Gross Charge Type: Main Acute Price List"
"CLIP, LAA - ATRICLIP FLEX MINI SIZE 50","ScorChSup10190624","CDM","278","RC","C1889","HCPCS","","","facility","both","","","","13862.7","13862.7","","","","","","","","","","","","","Gross Charge Type: Main Acute Price List"
"CLIP, LAPRA-TY","PacuWmSup212776","CDM","270","RC","","","","","facility","both","","","","351.29","351.29","","","","","","","","","","","","","Gross Charge Type: Main Acute Price List"
"CLIP, MMG STIM MULTI STAGE","AnesChSup111660","CDM","270","RC","","","","","facility","both","","","","743.8","743.8","","","","","","","","","","","","","Gross Charge Type: Main Acute Price List"
"CLIP, NASAL TUBE AMT BRIDLE 10FR","PacuWmSup77220","CDM","270","RC","","","","","facility","both","","","","686.2","686.2","","","","","","","","","","","","","Gross Charge Type: Main Acute Price List"
"CLIP, NASAL TUBE AMT BRIDLE 12FR","ScpuChSup77221","CDM","270","RC","","","","","facility","both","","","","755.18","755.18","","","","","","","","","","","","","Gross Charge Type: Main Acute Price List"
"CLIP, PROBE HOLDER URONAVE SENSOR","DelrChSup78987","CDM","272","RC","","","","","facility","both","","","","67.75","67.75","","","","","","","","","","","","","Gross Charge Type: Main Acute Price List"
"CLIP, PROBE HOLDER URONAVE SENSOR","OperChSup78987","CDM","272","RC","","","","","facility","both","","","","67.75","67.75","","","","","","","","","","","","","Gross Charge Type: Main Acute Price List"
"CLIP, RESOLUTION 235CM 611","CspuChSup47813","CDM","278","RC","","","","","facility","both","","","","999.4","999.4","","","","","","","","","","","","","Gross Charge Type: Main Acute Price List"
"CLIP, RESOLUTION 360 235CM","ScanWmSup73630","CDM","272","RC","","","","","facility","both","","","","1102.59","1102.59","","","","","","","","","","","","","Gross Charge Type: Main Acute Price List"
"CLIP, RESOLUTION 360 235CM","ScorWmSup73630","CDM","272","RC","","","","","facility","both","","","","1102.59","1102.59","","","","","","","","","","","","","Gross Charge Type: Main Acute Price List"
"CLIP, RESOLUTION 360 ULTRA 235CM","PacuWmSup113522","CDM","272","RC","","","","","facility","both","","","","1225.78","1225.78","","","","","","","","","","","","","Gross Charge Type: Main Acute Price List"
"CLIP, RETRACTOR CORONARY ARTERY 5.0MM","GastChSup35225","CDM","278","RC","","","","","facility","both","","","","184.67","184.67","","","","","","","","","","","","","Gross Charge Type: Main Acute Price List"
"CLIP, SOFT TITANIUM 4.25MM","DelrChSup73746","CDM","278","RC","","","","","facility","both","","","","1737.58","1737.58","","","","","","","","","","","","","Gross Charge Type: Main Acute Price List"
"CLIP, SOFT TITANIUM 4.5MM","ScorChSup66882","CDM","278","RC","L8613","HCPCS","","","facility","both","","","","1737.58","1737.58","","","","","","","","","","","","","Gross Charge Type: Main Acute Price List"
"CLIP, SPACE","GastWmSup30792","CDM","278","RC","","","","","facility","both","","","","532.86","532.86","","","","","","","","","","","","","Gross Charge Type: Main Acute Price List"
"CLIP, SPACER","ScanChSup36199","CDM","270","RC","","","","","facility","both","","","","532.86","532.86","","","","","","","","","","","","","Gross Charge Type: Main Acute Price List"
"CLIP, SPO2  EAR BLACK","ScorChSup48323","CDM","270","RC","","","","","facility","both","","","","44.4","44.4","","","","","","","","","","","","","Gross Charge Type: Main Acute Price List"
"CLIP,DUAL RESECTION PROBE","CLDRChSup77821","CDM","272","RC","","","","","facility","both","","","","240.23","240.23","","","","","","","","","","","","","Gross Charge Type: Main Acute Price List"
"CLIP,DUAL RESECTION PROBE","ScorChSup77821","CDM","272","RC","","","","","facility","both","","","","240.23","240.23","","","","","","","","","","","","","Gross Charge Type: Main Acute Price List"
"CLIP,DUAL RESECTION PROBE","ScpuWmSup77821","CDM","272","RC","","","","","facility","both","","","","240.23","240.23","","","","","","","","","","","","","Gross Charge Type: Main Acute Price List"
"CLOTTING INHIBITORS,ANTITHROMBIN III","CHEMSR1026","CDM","305","RC","85300","HCPCS","","","facility","both","","","","90.19","90.19","","","","","","","","","","","","","Gross Charge Type: Acute Discounted"
"CLOZAPINE LEVEL","CHEMSR6006","CDM","301","RC","80159","HCPCS","","","facility","both","","","","127.77","127.77","","","","","","","","","","","","","Gross Charge Type: Acute Discounted"
"CMV antibody","86644","HCPCS","","","","","","","facility","outpatient","","","","","","Bcbs","Highmark All Commercial Plans","21.23","","","","","","","fee schedule","9.35","43.17","Radiology"
"CMV","ViroCh2461","CDM","302","RC","86644","HCPCS","","","facility","both","","","","248.8","248.8","","","","","","","","","","","","","Gross Charge Type: Main Acute Price List"
"COAGRASPER, LOWER MONOPOLAR HEMO","PacuChSup69134","CDM","272","RC","","","","","facility","both","","","","1430.97","1430.97","","","","","","","","","","","","","Gross Charge Type: Main Acute Price List"
"COAGULATOR, SUCTION BIPOLAR 7-1/2IN 13FR","Chrs5462630","CDM","272","RC","","","","","facility","both","","","","486.62","486.62","","","","","","","","","","","","","Gross Charge Type: Main Acute Price List"
"COHERE, XLW 8X22X60MM 10 DEGREE","CcthChSup111923","CDM","278","RC","C1821","HCPCS","","","facility","both","","","","27996.02","27996.02","","","","","","","","","","","","","Gross Charge Type: Main Acute Price List"
"COIL EMBOLIZATION SWIFTSET COMPLEX 1MM X 3CM","AngiChSup10196388","CDM","278","RC","C1884","HCPCS","","","facility","both","","","","8059.2","8059.2","","","","","","","","","","","","","Gross Charge Type: Main Acute Price List"
"COIL EMBOLIZATION SWIFTSET COMPLEX 1MM X 5CM","AngiWmSup10196389","CDM","278","RC","C1884","HCPCS","","","facility","both","","","","8059.2","8059.2","","","","","","","","","","","","","Gross Charge Type: Main Acute Price List"
"COIL NUMEN MICROFINISH 1.5mm x 2.0cm","AngiWmSup10193350","CDM","278","RC","C1889","HCPCS","","","facility","both","","","","7562.8","7562.8","","","","","","","","","","","","","Gross Charge Type: Main Acute Price List"
"COIL SMART WAVE EX SOFT 1.5MM X 2CM","OperWmSup73148","CDM","278","RC","C1889","HCPCS","","","facility","both","","","","7114.5","7114.5","","","","","","","","","","","","","Gross Charge Type: Main Acute Price List"
"COIL SMART WAVE EX SOFT 2.5MM X 6CM","CLDRChSup73151","CDM","278","RC","","","","","facility","both","","","","7114.5","7114.5","","","","","","","","","","","","","Gross Charge Type: Main Acute Price List"
"COIL SMART WAVE EX SOFT 2.5MM X 6CM","EplbChSup73151","CDM","278","RC","","","","","facility","both","","","","7114.5","7114.5","","","","","","","","","","","","","Gross Charge Type: Main Acute Price List"
"COIL SMART WAVE EX SOFT 2.5MM X 6CM","GastWmSup73151","CDM","278","RC","","","","","facility","both","","","","7114.5","7114.5","","","","","","","","","","","","","Gross Charge Type: Main Acute Price List"
"COIL SMART WAVE EX SOFT 4MM X 8CM","OperWmSup73154","CDM","278","RC","C1889","HCPCS","","","facility","both","","","","7114.5","7114.5","","","","","","","","","","","","","Gross Charge Type: Main Acute Price List"
"COIL SMART WAVE EX SOFT 4MM X 8CM","PacuWmSup73154","CDM","278","RC","C1889","HCPCS","","","facility","both","","","","7114.5","7114.5","","","","","","","","","","","","","Gross Charge Type: Main Acute Price List"
"COIL,  INZONE DETACHMENT SYSTEM","Wilm5446208","CDM","278","RC","C1889","HCPCS","","","facility","both","","","","1691.15","1691.15","","","","","","","","","","","","","Gross Charge Type: Main Acute Price List"
"COIL, 400 COMPLEX SOFT 5MM X 13CM","ScpuChSup48199","CDM","278","RC","","","","","facility","both","","","","14364.04","14364.04","","","","","","","","","","","","","Gross Charge Type: Main Acute Price List"
"COIL, 400 COMPLEX SOFT 6MM X 15CM","ScanChSup48201","CDM","278","RC","","","","","facility","both","","","","14479.88","14479.88","","","","","","","","","","","","","Gross Charge Type: Main Acute Price List"
"COIL, 400 CURVE EXTRA SOFT 2MM X 1CM","GastWmSup48218","CDM","278","RC","C1889","HCPCS","","","facility","both","","","","10563.95","10563.95","","","","","","","","","","","","","Gross Charge Type: Main Acute Price List"
"COIL, 400 CURVE EXTRA SOFT 2MM X 2CM","OperWmSup48219","CDM","278","RC","C1889","HCPCS","","","facility","both","","","","10541.35","10541.35","","","","","","","","","","","","","Gross Charge Type: Main Acute Price List"
"COIL, 400 J SOFT 60CM","ScorChSup106608","CDM","278","RC","","","","","facility","both","","","","10514.76","10514.76","","","","","","","","","","","","","Gross Charge Type: Main Acute Price List"
"COIL, AZUR CX DETACHABLE .035 13MM X 24CM","ScorChSup77022","CDM","278","RC","C1889","HCPCS","","","facility","both","","","","6324.81","6324.81","","","","","","","","","","","","","Gross Charge Type: Main Acute Price List"
"COIL, AZUR CX DETACHABLE .035 6MM X 17CM","OperWmSup69646","CDM","278","RC","C1889","HCPCS","","","facility","both","","","","6324.81","6324.81","","","","","","","","","","","","","Gross Charge Type: Main Acute Price List"
"COIL, AZUR CX DETACHABLE .035 8MM X 24CM","AnesChSup69648","CDM","278","RC","C1889","HCPCS","","","facility","both","","","","6324.81","6324.81","","","","","","","","","","","","","Gross Charge Type: Main Acute Price List"
"COIL, AZUR CX DETACHABLE 018  2MM X 4CM","OperChSup74882","CDM","278","RC","","","","","facility","both","","","","4343.96","4343.96","","","","","","","","","","","","","Gross Charge Type: Main Acute Price List"
"COIL, AZUR CX DETACHABLE 018  3MM X 4CM","PacuChSup74883","CDM","278","RC","","","","","facility","both","","","","4343.96","4343.96","","","","","","","","","","","","","Gross Charge Type: Main Acute Price List"
"COIL, AZUR CX DETACHABLE 018  3MM X 4CM","ScorChSup74883","CDM","278","RC","","","","","facility","both","","","","4343.96","4343.96","","","","","","","","","","","","","Gross Charge Type: Main Acute Price List"
"COIL, AZUR CX DETACHABLE 018 10MM X 32CM","OperChSup63193","CDM","278","RC","","","","","facility","both","","","","4343.96","4343.96","","","","","","","","","","","","","Gross Charge Type: Main Acute Price List"
"COIL, AZUR CX DETACHABLE 018 14MM X 34CM","ScanWmSup63195","CDM","278","RC","","","","","facility","both","","","","4343.96","4343.96","","","","","","","","","","","","","Gross Charge Type: Main Acute Price List"
"COIL, AZUR CX DETACHABLE 018 2MM X 40CM","AngiWmSup63198","CDM","278","RC","","","","","facility","both","","","","4343.96","4343.96","","","","","","","","","","","","","Gross Charge Type: Main Acute Price List"
"COIL, AZUR CX DETACHABLE 018 2MM X 40CM","CcthChSup63198","CDM","278","RC","","","","","facility","both","","","","4343.96","4343.96","","","","","","","","","","","","","Gross Charge Type: Main Acute Price List"
"COIL, AZUR CX DETACHABLE 018 5MM X 16CM","Chrs5463188","CDM","278","RC","","","","","facility","both","","","","4343.96","4343.96","","","","","","","","","","","","","Gross Charge Type: Main Acute Price List"
"COIL, AZUR CX DETACHABLE 018 5MM X 16CM","GastWmSup63188","CDM","278","RC","","","","","facility","both","","","","4343.96","4343.96","","","","","","","","","","","","","Gross Charge Type: Main Acute Price List"
"COIL, AZUR CX DETACHABLE 018 5MM X 16CM","OperChSup63188","CDM","278","RC","","","","","facility","both","","","","4343.96","4343.96","","","","","","","","","","","","","Gross Charge Type: Main Acute Price List"
"COIL, AZUR CX DETACHABLE 018 5MM X 16CM","ScorWmSup63188","CDM","278","RC","","","","","facility","both","","","","4343.96","4343.96","","","","","","","","","","","","","Gross Charge Type: Main Acute Price List"
"COIL, AZUR CX DETACHABLE 018 6MM X 20CM","CcthChSup63189","CDM","278","RC","","","","","facility","both","","","","4343.96","4343.96","","","","","","","","","","","","","Gross Charge Type: Main Acute Price List"
"COIL, AZUR CX DETACHABLE 018 7MM X 24CM","PacuChSup63190","CDM","278","RC","","","","","facility","both","","","","4343.96","4343.96","","","","","","","","","","","","","Gross Charge Type: Main Acute Price List"
"COIL, AZUR CX DETACHABLE 018 8MM X 28CM","GyscChSup63191","CDM","278","RC","C1889","HCPCS","","","facility","both","","","","4343.96","4343.96","","","","","","","","","","","","","Gross Charge Type: Main Acute Price List"
"COIL, COMPLEX 10 SOFT 2MM X 6CM","AngiWmSup76826","CDM","278","RC","","","","","facility","both","","","","8832.72","8832.72","","","","","","","","","","","","","Gross Charge Type: Main Acute Price List"
"COIL, COMPLEX 10 SOFT 3MM X 8CM","CspuChSup76830","CDM","278","RC","","","","","facility","both","","","","8832.72","8832.72","","","","","","","","","","","","","Gross Charge Type: Main Acute Price List"
"COIL, COMPLEX 10 SOFT 4MM X 13CM","AngiChSup76833","CDM","278","RC","C1889","HCPCS","","","facility","both","","","","9393.6","9393.6","","","","","","","","","","","","","Gross Charge Type: Main Acute Price List"
"COIL, COMPLEX 10 SOFT 6MM X 20CM","ScorChSup76837","CDM","278","RC","","","","","facility","both","","","","8832.72","8832.72","","","","","","","","","","","","","Gross Charge Type: Main Acute Price List"
"COIL, COMPLEX 10 SOFT 8MM X 16CM","CcthChSup76840","CDM","278","RC","","","","","facility","both","","","","8832.72","8832.72","","","","","","","","","","","","","Gross Charge Type: Main Acute Price List"
"COIL, COMPLEX 10 SOFT 8MM X 16CM","ScpuChSup76840","CDM","278","RC","","","","","facility","both","","","","8832.72","8832.72","","","","","","","","","","","","","Gross Charge Type: Main Acute Price List"
"COIL, COMPLEX 10 SOFT 8MM X 27CM","ScorWmSup76841","CDM","278","RC","","","","","facility","both","","","","8832.72","8832.72","","","","","","","","","","","","","Gross Charge Type: Main Acute Price List"
"COIL, COMPLEX 10 SUPERSOFT 1.5MM X 3CM","GyscChSup76802","CDM","278","RC","","","","","facility","both","","","","9393.6","9393.6","","","","","","","","","","","","","Gross Charge Type: Main Acute Price List"
"COIL, COMPLEX 10 SUPERSOFT 1.5MM X 4CM","CcthChSup76803","CDM","278","RC","C1889","HCPCS","","","facility","both","","","","9393.6","9393.6","","","","","","","","","","","","","Gross Charge Type: Main Acute Price List"
"COIL, COMPLEX 10 SUPERSOFT 1MM X 3CM","CLDRChSup76799","CDM","278","RC","C1889","HCPCS","","","facility","both","","","","8832.72","8832.72","","","","","","","","","","","","","Gross Charge Type: Main Acute Price List"
"COIL, COMPLEX 10 SUPERSOFT 1MM X 4CM","CspuChSup76800","CDM","278","RC","C1889","HCPCS","","","facility","both","","","","9393.6","9393.6","","","","","","","","","","","","","Gross Charge Type: Main Acute Price List"
"COIL, COMPLEX 10 SUPERSOFT 2.5MM X 3CM","GastChSup76809","CDM","278","RC","","","","","facility","both","","","","9393.6","9393.6","","","","","","","","","","","","","Gross Charge Type: Main Acute Price List"
"COIL, COMPLEX 10 SUPERSOFT 2MM X 2CM","CcthChSup76804","CDM","278","RC","","","","","facility","both","","","","9393.6","9393.6","","","","","","","","","","","","","Gross Charge Type: Main Acute Price List"
"COIL, COMPLEX 10 SUPERSOFT 2MM X 2CM","ScanWmSup76804","CDM","278","RC","","","","","facility","both","","","","9393.6","9393.6","","","","","","","","","","","","","Gross Charge Type: Main Acute Price List"
"COIL, COMPLEX 10 SUPERSOFT 2MM X 3CM","CspuChSup76805","CDM","278","RC","C1889","HCPCS","","","facility","both","","","","8832.72","8832.72","","","","","","","","","","","","","Gross Charge Type: Main Acute Price List"
"COIL, COMPLEX 10 SUPERSOFT 3.5MM X 6CM","ScpuWmSup76816","CDM","278","RC","","","","","facility","both","","","","8832.72","8832.72","","","","","","","","","","","","","Gross Charge Type: Main Acute Price List"
"COIL, COMPLEX 10 SUPERSOFT 3MM X 6CM","DelrChSup76813","CDM","278","RC","C1889","HCPCS","","","facility","both","","","","9393.6","9393.6","","","","","","","","","","","","","Gross Charge Type: Main Acute Price List"
"COIL, COMPLEX 10 SUPERSOFT 3MM X 8CM","AnesChSup76814","CDM","278","RC","C1889","HCPCS","","","facility","both","","","","8832.72","8832.72","","","","","","","","","","","","","Gross Charge Type: Main Acute Price List"
"COIL, COMPLEX 10 SUPERSOFT 5MM X 8CM","OperChSup76821","CDM","278","RC","","","","","facility","both","","","","8832.72","8832.72","","","","","","","","","","","","","Gross Charge Type: Main Acute Price List"
"COIL, COMPLEX EXTRA SOFT 4MM X 6CM","GastChSup54017","CDM","278","RC","C1889","HCPCS","","","facility","both","","","","14413.79","14413.79","","","","","","","","","","","","","Gross Charge Type: Main Acute Price List"
"COIL, COMPLEX EXTRA SOFT 4MM X 6CM","ScanChSup54017","CDM","278","RC","C1889","HCPCS","","","facility","both","","","","14413.79","14413.79","","","","","","","","","","","","","Gross Charge Type: Main Acute Price List"
"COIL, CURVE EXTRA SOFT 4MM X 10CM","EplbChSup120425","CDM","278","RC","C1889","HCPCS","","","facility","both","","","","13883.3","13883.3","","","","","","","","","","","","","Gross Charge Type: Main Acute Price List"
"COIL, EMBOLD FIBERED US 10X20","AnesChSup113498","CDM","278","RC","C1889","HCPCS","","","facility","both","","","","6085.82","6085.82","","","","","","","","","","","","","Gross Charge Type: Main Acute Price List"
"COIL, EMBOLD FIBERED US 10X20","ScpuWmSup113498","CDM","278","RC","C1889","HCPCS","","","facility","both","","","","6085.82","6085.82","","","","","","","","","","","","","Gross Charge Type: Main Acute Price List"
"COIL, EMBOLD FIBERED US 10X30","ScorChSup113501","CDM","278","RC","C1889","HCPCS","","","facility","both","","","","7693.51","7693.51","","","","","","","","","","","","","Gross Charge Type: Main Acute Price List"
"COIL, EMBOLD FIBERED US 12X20","OperChSup113499","CDM","278","RC","C1889","HCPCS","","","facility","both","","","","5722.45","5722.45","","","","","","","","","","","","","Gross Charge Type: Main Acute Price List"
"COIL, EMBOLD FIBERED US 12X30","AnesWmSup113503","CDM","278","RC","C1889","HCPCS","","","facility","both","","","","7693.51","7693.51","","","","","","","","","","","","","Gross Charge Type: Main Acute Price List"
"COIL, EMBOLD FIBERED US 12X50","DelrChSup113504","CDM","278","RC","C1889","HCPCS","","","facility","both","","","","7693.51","7693.51","","","","","","","","","","","","","Gross Charge Type: Main Acute Price List"
"COIL, EMBOLD FIBERED US 12X50","EplbChSup113504","CDM","278","RC","C1889","HCPCS","","","facility","both","","","","7693.51","7693.51","","","","","","","","","","","","","Gross Charge Type: Main Acute Price List"
"COIL, EMBOLD FIBERED US 14X20","ScpuChSup113500","CDM","278","RC","C1889","HCPCS","","","facility","both","","","","6085.82","6085.82","","","","","","","","","","","","","Gross Charge Type: Main Acute Price List"
"COIL, EMBOLD FIBERED US 14X30","GastWmSup113505","CDM","278","RC","C1889","HCPCS","","","facility","both","","","","7693.51","7693.51","","","","","","","","","","","","","Gross Charge Type: Main Acute Price List"
"COIL, EMBOLD FIBERED US 14X30","ScanWmSup113505","CDM","278","RC","C1889","HCPCS","","","facility","both","","","","7693.51","7693.51","","","","","","","","","","","","","Gross Charge Type: Main Acute Price List"
"COIL, EMBOLD FIBERED US 20X50","AnesChSup113508","CDM","278","RC","C1889","HCPCS","","","facility","both","","","","7693.51","7693.51","","","","","","","","","","","","","Gross Charge Type: Main Acute Price List"
"COIL, EMBOLD FIBERED US 22X60","ScpuWmSup113509","CDM","278","RC","C1889","HCPCS","","","facility","both","","","","7693.51","7693.51","","","","","","","","","","","","","Gross Charge Type: Main Acute Price List"
"COIL, EMBOLD FIBERED US 2X4","GastChSup113487","CDM","278","RC","C1889","HCPCS","","","facility","both","","","","5469.85","5469.85","","","","","","","","","","","","","Gross Charge Type: Main Acute Price List"
"COIL, EMBOLD FIBERED US 2X6","CcthChSup113488","CDM","278","RC","C1889","HCPCS","","","facility","both","","","","5469.85","5469.85","","","","","","","","","","","","","Gross Charge Type: Main Acute Price List"
"COIL, EMBOLD FIBERED US 2X6","GastChSup113488","CDM","278","RC","C1889","HCPCS","","","facility","both","","","","5469.85","5469.85","","","","","","","","","","","","","Gross Charge Type: Main Acute Price List"
"COIL, EMBOLD FIBERED US 3X6","ScanWmSup113489","CDM","278","RC","C1889","HCPCS","","","facility","both","","","","5469.85","5469.85","","","","","","","","","","","","","Gross Charge Type: Main Acute Price List"
"COIL, EMBOLD FIBERED US 4X15","OperChSup113493","CDM","278","RC","C1889","HCPCS","","","facility","both","","","","6085.82","6085.82","","","","","","","","","","","","","Gross Charge Type: Main Acute Price List"
"COIL, EMBOLD FIBERED US 5X8","CspuChSup113491","CDM","278","RC","C1889","HCPCS","","","facility","both","","","","5469.85","5469.85","","","","","","","","","","","","","Gross Charge Type: Main Acute Price List"
"COIL, EMBOLD FIBERED US 6X20","ScorWmSup113496","CDM","278","RC","C1889","HCPCS","","","facility","both","","","","6085.82","6085.82","","","","","","","","","","","","","Gross Charge Type: Main Acute Price List"
"COIL, EMBOLD FIBERED US 8X20","DelrChSup113497","CDM","278","RC","C1889","HCPCS","","","facility","both","","","","6085.82","6085.82","","","","","","","","","","","","","Gross Charge Type: Main Acute Price List"
"COIL, EMBOLD SOFT 4 X 15","AngiChSup120877","CDM","278","RC","C1889","HCPCS","","","facility","both","","","","5722.45","5722.45","","","","","","","","","","","","","Gross Charge Type: Main Acute Price List"
"COIL, EMBOLIZATION 10-5MM X 35CM","AngiWmSup26997","CDM","278","RC","","","","","facility","both","","","","745.27","745.27","","","","","","","","","","","","","Gross Charge Type: Main Acute Price List"
"COIL, EMBOLIZATION 10-5MM X 35CM","CcthChSup26997","CDM","278","RC","","","","","facility","both","","","","745.27","745.27","","","","","","","","","","","","","Gross Charge Type: Main Acute Price List"
"COIL, EMBOLIZATION 10-5MM X 35CM","PacuWmSup26997","CDM","278","RC","","","","","facility","both","","","","745.27","745.27","","","","","","","","","","","","","Gross Charge Type: Main Acute Price List"
"COIL, EMBOLIZATION 10-5MM X 35CM","ScorWmSup26997","CDM","278","RC","","","","","facility","both","","","","745.27","745.27","","","","","","","","","","","","","Gross Charge Type: Main Acute Price List"
"COIL, EMBOLIZATION, 38-5-5","ScorWmSup93342","CDM","270","RC","","","","","facility","both","","","","544.73","544.73","","","","","","","","","","","","","Gross Charge Type: Main Acute Price List"
"COIL, FREEFORM 12MM X 30 CM","AnesChSup119468","CDM","278","RC","C1889","HCPCS","","","facility","both","","","","9991.11","9991.11","","","","","","","","","","","","","Gross Charge Type: Main Acute Price List"
"COIL, FREEFORM 12MM X 30 CM","AnesWmSup119468","CDM","278","RC","C1889","HCPCS","","","facility","both","","","","9991.11","9991.11","","","","","","","","","","","","","Gross Charge Type: Main Acute Price List"
"COIL, FREEFORM 2.5MM X 5 CM","GastChSup119449","CDM","278","RC","C1889","HCPCS","","","facility","both","","","","9991.11","9991.11","","","","","","","","","","","","","Gross Charge Type: Main Acute Price List"
"COIL, FREEFORM 3.5MM X 7.5 CM","CcthChSup119452","CDM","278","RC","C1889","HCPCS","","","facility","both","","","","9991.11","9991.11","","","","","","","","","","","","","Gross Charge Type: Main Acute Price List"
"COIL, FREEFORM 3.5MM X 7.5 CM","EplbChSup119452","CDM","278","RC","C1889","HCPCS","","","facility","both","","","","9991.11","9991.11","","","","","","","","","","","","","Gross Charge Type: Main Acute Price List"
"COIL, FREEFORM 3.5MM X 9 CM","EplbChSup119453","CDM","278","RC","C1889","HCPCS","","","facility","both","","","","9991.11","9991.11","","","","","","","","","","","","","Gross Charge Type: Main Acute Price List"
"COIL, FREEFORM 3MM X 8 CM","OperWmSup119451","CDM","278","RC","C1889","HCPCS","","","facility","both","","","","9991.11","9991.11","","","","","","","","","","","","","Gross Charge Type: Main Acute Price List"
"COIL, FREEFORM 4MM X 10 CM","AngiChSup119455","CDM","278","RC","C1889","HCPCS","","","facility","both","","","","10625.55","10625.55","","","","","","","","","","","","","Gross Charge Type: Main Acute Price List"
"COIL, FREEFORM 4MM X 10 CM","ScanWmSup119455","CDM","278","RC","C1889","HCPCS","","","facility","both","","","","10625.55","10625.55","","","","","","","","","","","","","Gross Charge Type: Main Acute Price List"
"COIL, FREEFORM 6MM X 10 CM","AngiChSup119459","CDM","278","RC","C1889","HCPCS","","","facility","both","","","","9991.11","9991.11","","","","","","","","","","","","","Gross Charge Type: Main Acute Price List"
"COIL, FREEFORM 7MM X 21 CM","ScpuChSup119463","CDM","278","RC","C1889","HCPCS","","","facility","both","","","","10625.55","10625.55","","","","","","","","","","","","","Gross Charge Type: Main Acute Price List"
"COIL, FREEFORM 9MM X 25 CM","ScorChSup119466","CDM","278","RC","C1889","HCPCS","","","facility","both","","","","9991.11","9991.11","","","","","","","","","","","","","Gross Charge Type: Main Acute Price List"
"COIL, FREEFORM MINI 1.5MM X 2CM","AngiChSup119493","CDM","278","RC","C1889","HCPCS","","","facility","both","","","","9991.11","9991.11","","","","","","","","","","","","","Gross Charge Type: Main Acute Price List"
"COIL, FREEFORM MINI 1MM X 1.5CM","OperWmSup119488","CDM","278","RC","C1889","HCPCS","","","facility","both","","","","9991.11","9991.11","","","","","","","","","","","","","Gross Charge Type: Main Acute Price List"
"COIL, FREEFORM MINI 1MM X 1.5CM","ScpuChSup119488","CDM","278","RC","C1889","HCPCS","","","facility","both","","","","9991.11","9991.11","","","","","","","","","","","","","Gross Charge Type: Main Acute Price List"
"COIL, FREEFORM MINI 1MM X 1CM","CspuChSup119487","CDM","278","RC","C1889","HCPCS","","","facility","both","","","","9991.11","9991.11","","","","","","","","","","","","","Gross Charge Type: Main Acute Price List"
"COIL, FREEFORM MINI 1MM X 4CM","ScpuChSup119492","CDM","278","RC","C1889","HCPCS","","","facility","both","","","","10625.55","10625.55","","","","","","","","","","","","","Gross Charge Type: Main Acute Price List"
"COIL, FREEFORM MINI 2.5MM X 3.5CM","DelrChSup119501","CDM","278","RC","C1889","HCPCS","","","facility","both","","","","9991.11","9991.11","","","","","","","","","","","","","Gross Charge Type: Main Acute Price List"
"COIL, FREEFORM MINI 2.5MM X 3.5CM","PacuChSup119501","CDM","278","RC","C1889","HCPCS","","","facility","both","","","","9991.11","9991.11","","","","","","","","","","","","","Gross Charge Type: Main Acute Price List"
"COIL, FREEFORM MINI 2MM X 2MM","GyscChSup119497","CDM","278","RC","C1889","HCPCS","","","facility","both","","","","10625.55","10625.55","","","","","","","","","","","","","Gross Charge Type: Main Acute Price List"
"COIL, FREEFORM MINI 2MM X 6CM","AngiChSup119500","CDM","278","RC","C1889","HCPCS","","","facility","both","","","","10625.55","10625.55","","","","","","","","","","","","","Gross Charge Type: Main Acute Price List"
"COIL, FREEFORM MINI 2MM X 6CM","CspuChSup119500","CDM","278","RC","C1889","HCPCS","","","facility","both","","","","10625.55","10625.55","","","","","","","","","","","","","Gross Charge Type: Main Acute Price List"
"COIL, FREEFORM MINI 3MM X 6CM","PacuChSup119505","CDM","278","RC","C1889","HCPCS","","","facility","both","","","","10625.55","10625.55","","","","","","","","","","","","","Gross Charge Type: Main Acute Price List"
"COIL, FREEFORM XSFT 2.5MM X 2.5 CM","AngiWmSup119471","CDM","278","RC","C1889","HCPCS","","","facility","both","","","","9991.11","9991.11","","","","","","","","","","","","","Gross Charge Type: Main Acute Price List"
"COIL, FREEFORM XSFT 2.5MM X 5 CM","CcthChSup119473","CDM","278","RC","C1889","HCPCS","","","facility","both","","","","10625.55","10625.55","","","","","","","","","","","","","Gross Charge Type: Main Acute Price List"
"COIL, FREEFORM XSFT 2MM X 1.5 CM","OperWmSup119469","CDM","278","RC","C1889","HCPCS","","","facility","both","","","","9991.11","9991.11","","","","","","","","","","","","","Gross Charge Type: Main Acute Price List"
"COIL, FREEFORM XSFT 2MM X 2 CM","AngiWmSup119470","CDM","278","RC","C1889","HCPCS","","","facility","both","","","","9991.11","9991.11","","","","","","","","","","","","","Gross Charge Type: Main Acute Price List"
"COIL, FREEFORM XSFT 3.5MM X 5 CM","CspuChSup119477","CDM","278","RC","C1889","HCPCS","","","facility","both","","","","9991.11","9991.11","","","","","","","","","","","","","Gross Charge Type: Main Acute Price List"
"COIL, FREEFORM XSFT 3.5MM X 7.5 CM","CcthChSup119478","CDM","278","RC","C1889","HCPCS","","","facility","both","","","","10625.55","10625.55","","","","","","","","","","","","","Gross Charge Type: Main Acute Price List"
"COIL, FREEFORM XSFT 3MM X 4 CM","OperChSup119474","CDM","278","RC","C1889","HCPCS","","","facility","both","","","","10625.55","10625.55","","","","","","","","","","","","","Gross Charge Type: Main Acute Price List"
"COIL, FREEFORM XSFT 4MM X 10 CM","ScanWmSup119482","CDM","278","RC","C1889","HCPCS","","","facility","both","","","","10625.55","10625.55","","","","","","","","","","","","","Gross Charge Type: Main Acute Price List"
"COIL, FREEFORM XSFT 4MM X 6 CM","CcthChSup119480","CDM","278","RC","C1889","HCPCS","","","facility","both","","","","10625.55","10625.55","","","","","","","","","","","","","Gross Charge Type: Main Acute Price List"
"COIL, FREEFORM XSFT 5MM X 10 CM","GyscChSup119483","CDM","278","RC","C1889","HCPCS","","","facility","both","","","","9991.11","9991.11","","","","","","","","","","","","","Gross Charge Type: Main Acute Price List"
"COIL, FREEFORM XSFT 5MM X 15 CM","CspuChSup119484","CDM","278","RC","C1889","HCPCS","","","facility","both","","","","10625.55","10625.55","","","","","","","","","","","","","Gross Charge Type: Main Acute Price List"
"COIL, FREEFORM XSFT 5MM X 15 CM","DelrChSup119484","CDM","278","RC","C1889","HCPCS","","","facility","both","","","","10625.55","10625.55","","","","","","","","","","","","","Gross Charge Type: Main Acute Price List"
"COIL, FREEFORM XSFT 6MM X 20 CM","ScpuChSup119486","CDM","278","RC","C1889","HCPCS","","","facility","both","","","","10625.55","10625.55","","","","","","","","","","","","","Gross Charge Type: Main Acute Price List"
"COIL, HELICAL 10 SOFT 3MM X 4 CM","GastWmSup76784","CDM","278","RC","","","","","facility","both","","","","7176.1","7176.1","","","","","","","","","","","","","Gross Charge Type: Main Acute Price List"
"COIL, HELICAL 10 SUPERSOFT 5MM X 10CM","CspuChSup76783","CDM","278","RC","C1889","HCPCS","","","facility","both","","","","6747.62","6747.62","","","","","","","","","","","","","Gross Charge Type: Main Acute Price List"
"COIL, HELIFORM 2MM X 6 CM","PacuWmSup119521","CDM","278","RC","C1889","HCPCS","","","facility","both","","","","9411.92","9411.92","","","","","","","","","","","","","Gross Charge Type: Main Acute Price List"
"COIL, HELIFORM XL 12MM X 42 CM","AnesChSup119515","CDM","278","RC","C1889","HCPCS","","","facility","both","","","","11149.5","11149.5","","","","","","","","","","","","","Gross Charge Type: Main Acute Price List"
"COIL, HELIFORM XL 12MM X 42 CM","AnesWmSup119515","CDM","278","RC","C1889","HCPCS","","","facility","both","","","","11149.5","11149.5","","","","","","","","","","","","","Gross Charge Type: Main Acute Price List"
"COIL, HELIFORM XL 14MM X 45 CM","GyscChSup119516","CDM","278","RC","C1889","HCPCS","","","facility","both","","","","11149.5","11149.5","","","","","","","","","","","","","Gross Charge Type: Main Acute Price List"
"COIL, HELIFORM XL 5MM X 20 CM","EplbChSup119509","CDM","278","RC","C1889","HCPCS","","","facility","both","","","","11149.5","11149.5","","","","","","","","","","","","","Gross Charge Type: Main Acute Price List"
"COIL, HELIFORM XL 6MM X 25 CM","DelrChSup119510","CDM","278","RC","C1889","HCPCS","","","facility","both","","","","11149.5","11149.5","","","","","","","","","","","","","Gross Charge Type: Main Acute Price List"
"COIL, HELIFORM XL 7MM X 33 CM","AngiChSup119511","CDM","278","RC","C1889","HCPCS","","","facility","both","","","","11149.5","11149.5","","","","","","","","","","","","","Gross Charge Type: Main Acute Price List"
"COIL, HELIFORM XL 8MM X 35 CM","DelrChSup119512","CDM","278","RC","C1889","HCPCS","","","facility","both","","","","11149.5","11149.5","","","","","","","","","","","","","Gross Charge Type: Main Acute Price List"
"COIL, HELIFORM XL 8MM X 35 CM","OperChSup119512","CDM","278","RC","C1889","HCPCS","","","facility","both","","","","11149.5","11149.5","","","","","","","","","","","","","Gross Charge Type: Main Acute Price List"
"COIL, HELIFORM XL 9MM X 35 CM","ScpuWmSup119513","CDM","278","RC","C1889","HCPCS","","","facility","both","","","","11149.5","11149.5","","","","","","","","","","","","","Gross Charge Type: Main Acute Price List"
"COIL, HILAL MICRO EMB 18-1.0-3","Chrs5493351","CDM","270","RC","","","","","facility","both","","","","308.36","308.36","","","","","","","","","","","","","Gross Charge Type: Main Acute Price List"
"COIL, HILAL MICRO EMB,18-1.5-0","Chrs54205679","CDM","272","RC","","","","","facility","both","","","","337.21","337.21","","","","","","","","","","","","","Gross Charge Type: Main Acute Price List"
"COIL, HILAL MICRO EMB,18-1.5-0","ScorWmSup205679","CDM","272","RC","","","","","facility","both","","","","337.21","337.21","","","","","","","","","","","","","Gross Charge Type: Main Acute Price List"
"COIL, I-ED 14 EXTRASOFT 0.014 4-8MM X 10CM","PacuChSup114320","CDM","272","RC","","","","","facility","both","","","","7049.72","7049.72","","","","","","","","","","","","","Gross Charge Type: Main Acute Price List"
"COIL, I-ED 14 EXTRASOFT 0.014 4-8MM X 10CM","ScorWmSup114320","CDM","272","RC","","","","","facility","both","","","","7049.72","7049.72","","","","","","","","","","","","","Gross Charge Type: Main Acute Price List"
"COIL, I-ED 14 SOFT 0.014 12-20MM X 50CM","AngiChSup114317","CDM","272","RC","","","","","facility","both","","","","8138.48","8138.48","","","","","","","","","","","","","Gross Charge Type: Main Acute Price List"
"COIL, I-ED 14 SOFT 0.014 12-20MM X 50CM","CcthChSup114317","CDM","272","RC","","","","","facility","both","","","","8138.48","8138.48","","","","","","","","","","","","","Gross Charge Type: Main Acute Price List"
"COIL, I-ED 14 SOFT 0.014 5-12MM X 30CM","GastChSup114315","CDM","272","RC","","","","","facility","both","","","","8076.33","8076.33","","","","","","","","","","","","","Gross Charge Type: Main Acute Price List"
"COIL, I-ED 14 SOFT 0.014 5-12MM X 50CM","ScpuChSup114316","CDM","272","RC","","","","","facility","both","","","","8655.27","8655.27","","","","","","","","","","","","","Gross Charge Type: Main Acute Price List"
"COIL, I-ED 4-10MM X 30CM","ScorWmSup115826","CDM","278","RC","C1889","HCPCS","","","facility","both","","","","8079.77","8079.77","","","","","","","","","","","","","Gross Charge Type: Main Acute Price List"
"COIL, I-ED COMPLEX EXTRASOFT 0.010 3MM X 4CM","OperWmSup114295","CDM","272","RC","","","","","facility","both","","","","5760.53","5760.53","","","","","","","","","","","","","Gross Charge Type: Main Acute Price List"
"COIL, I-ED COMPLEX MEDIUMSOFT 0.014 10MM X 40CM","GastWmSup114305","CDM","272","RC","","","","","facility","both","","","","7920.73","7920.73","","","","","","","","","","","","","Gross Charge Type: Main Acute Price List"
"COIL, I-ED COMPLEX MEDIUMSOFT 0.014 12MM X 50CM","AngiChSup114306","CDM","272","RC","","","","","facility","both","","","","8655.27","8655.27","","","","","","","","","","","","","Gross Charge Type: Main Acute Price List"
"COIL, I-ED COMPLEX SILKYSOFT  0.012 3-5MM X 20CM","DelrChSup114312","CDM","272","RC","","","","","facility","both","","","","7236.86","7236.86","","","","","","","","","","","","","Gross Charge Type: Main Acute Price List"
"COIL, I-ED COMPLEX SILKYSOFT 0.010 1.5MM X 3CM","ScorWmSup114285","CDM","272","RC","","","","","facility","both","","","","5702.64","5702.64","","","","","","","","","","","","","Gross Charge Type: Main Acute Price List"
"COIL, I-ED COMPLEX SILKYSOFT 0.010 2.5MM X 6CM","PacuChSup114291","CDM","272","RC","","","","","facility","both","","","","5416.58","5416.58","","","","","","","","","","","","","Gross Charge Type: Main Acute Price List"
"COIL, I-ED COMPLEX SILKYSOFT 0.010 2MM X 3CM","DelrChSup114286","CDM","272","RC","","","","","facility","both","","","","5702.64","5702.64","","","","","","","","","","","","","Gross Charge Type: Main Acute Price List"
"COIL, I-ED COMPLEX SILKYSOFT 0.010 2MM X 3CM","PacuWmSup114286","CDM","272","RC","","","","","facility","both","","","","5702.64","5702.64","","","","","","","","","","","","","Gross Charge Type: Main Acute Price List"
"COIL, I-ED COMPLEX SILKYSOFT 0.010 2MM X 4CM","OperChSup114287","CDM","272","RC","","","","","facility","both","","","","5416.58","5416.58","","","","","","","","","","","","","Gross Charge Type: Main Acute Price List"
"COIL, I-ED COMPLEX SILKYSOFT 0.010 2MM X 8CM","ScanChSup114289","CDM","272","RC","","","","","facility","both","","","","6107.9","6107.9","","","","","","","","","","","","","Gross Charge Type: Main Acute Price List"
"COIL, I-ED COMPLEX SILKYSOFT 0.012 2-3MM X 6CM","AnesWmSup114309","CDM","272","RC","","","","","facility","both","","","","6947.38","6947.38","","","","","","","","","","","","","Gross Charge Type: Main Acute Price List"
"COIL, I-ED COMPLEX SOFT 0.010 4MM X 10CM","PacuChSup114298","CDM","272","RC","","","","","facility","both","","","","6107.9","6107.9","","","","","","","","","","","","","Gross Charge Type: Main Acute Price List"
"COIL, I-ED COMPLEX SOFT 0.012 5MM X 10CM","ScanChSup114299","CDM","272","RC","","","","","facility","both","","","","6281.59","6281.59","","","","","","","","","","","","","Gross Charge Type: Main Acute Price List"
"COIL, I-ED COMPLEX SOFT 0.012 5MM X 15CM","OperWmSup114300","CDM","272","RC","","","","","facility","both","","","","6397.37","6397.37","","","","","","","","","","","","","Gross Charge Type: Main Acute Price List"
"COIL, I-ED COMPLEX SOFT 0.014 8MM X 40CM","EplbChSup114303","CDM","272","RC","","","","","facility","both","","","","7920.73","7920.73","","","","","","","","","","","","","Gross Charge Type: Main Acute Price List"
"COIL, I-ED COMPLEX STANDARD 0.014 14MM X 50CM","ScanChSup114307","CDM","272","RC","","","","","facility","both","","","","8138.48","8138.48","","","","","","","","","","","","","Gross Charge Type: Main Acute Price List"
"COIL, IDC-18 SOFT EMBOLIZATION 2 X 4CM 2D","CLDRChSup66165","CDM","278","RC","C1889","HCPCS","","","facility","both","","","","1977.28","1977.28","","","","","","","","","","","","","Gross Charge Type: Main Acute Price List"
"COIL, IDC-18 SOFT EMBOLIZATION 2 X 4CM 2D","CcthChSup66165","CDM","278","RC","C1889","HCPCS","","","facility","both","","","","1977.28","1977.28","","","","","","","","","","","","","Gross Charge Type: Main Acute Price List"
"COIL, INTERLOCK 18 OCCLUSION 2D HELICAL 10MM X 50CM","OperWmSup55839","CDM","278","RC","","","","","facility","both","","","","2867.02","2867.02","","","","","","","","","","","","","Gross Charge Type: Main Acute Price List"
"COIL, INTERLOCK 18 OCCLUSION 2D HELICAL 10MM X 50CM","ScpuChSup55839","CDM","278","RC","","","","","facility","both","","","","2867.02","2867.02","","","","","","","","","","","","","Gross Charge Type: Main Acute Price List"
"COIL, INTERLOCK 18 OCCLUSION 2D HELICAL 14MM X 50CM","AngiChSup55840","CDM","278","RC","","","","","facility","both","","","","3049.07","3049.07","","","","","","","","","","","","","Gross Charge Type: Main Acute Price List"
"COIL, INTERLOCK 18 OCCLUSION 2D HELICAL 14MM X 50CM","CspuChSup55840","CDM","278","RC","","","","","facility","both","","","","3049.07","3049.07","","","","","","","","","","","","","Gross Charge Type: Main Acute Price List"
"COIL, INTERLOCK 18 OCCLUSION 2D HELICAL 14MM X 50CM","PacuWmSup55840","CDM","278","RC","","","","","facility","both","","","","3049.07","3049.07","","","","","","","","","","","","","Gross Charge Type: Main Acute Price List"
"COIL, INTERLOCK 18 OCCLUSION 2D HELICAL 25MM X 50CM","PacuWmSup55843","CDM","278","RC","","","","","facility","both","","","","3049.07","3049.07","","","","","","","","","","","","","Gross Charge Type: Main Acute Price List"
"COIL, INTERLOCK 18 OCCLUSION 2D HELICAL 2MM X 4CM","GastChSup55837","CDM","278","RC","C1889","HCPCS","","","facility","both","","","","1792.49","1792.49","","","","","","","","","","","","","Gross Charge Type: Main Acute Price List"
"COIL, INTERLOCK OCCLUSION .035 2D 10MMX40CM","Chrs5448566","CDM","278","RC","C1889","HCPCS","","","facility","both","","","","4096.23","4096.23","","","","","","","","","","","","","Gross Charge Type: Main Acute Price List"
"COIL, INTERLOCK OCCLUSION .035 2D 4MMX10CM","Wilm5448558","CDM","278","RC","C1889","HCPCS","","","facility","both","","","","2063.52","2063.52","","","","","","","","","","","","","Gross Charge Type: Main Acute Price List"
"COIL, INTERLOCK OCCLUSION .035 2D 6MMX10CM","ScpuWmSup48560","CDM","278","RC","C1889","HCPCS","","","facility","both","","","","2063.52","2063.52","","","","","","","","","","","","","Gross Charge Type: Main Acute Price List"
"COIL, INTERLOCK OCCLUSION .035 2D 6MMX20CM","AngiChSup48561","CDM","278","RC","C1889","HCPCS","","","facility","both","","","","3260.87","3260.87","","","","","","","","","","","","","Gross Charge Type: Main Acute Price List"
"COIL, INTERLOCK OCCLUSION .035 2D 6MMX20CM","OperWmSup48561","CDM","278","RC","C1889","HCPCS","","","facility","both","","","","3260.87","3260.87","","","","","","","","","","","","","Gross Charge Type: Main Acute Price List"
"COIL, INTERLOCK OCCLUSION .035 2D 6MMX20CM","ScanChSup48561","CDM","278","RC","C1889","HCPCS","","","facility","both","","","","3260.87","3260.87","","","","","","","","","","","","","Gross Charge Type: Main Acute Price List"
"COIL, INTERLOCK OCCLUSION .035 2D 6MMX20CM","ScanWmSup48561","CDM","278","RC","C1889","HCPCS","","","facility","both","","","","3260.87","3260.87","","","","","","","","","","","","","Gross Charge Type: Main Acute Price List"
"COIL, INTERLOCK OCCLUSION .035 CUBE 10MMX25CM","GastChSup48578","CDM","278","RC","C1889","HCPCS","","","facility","both","","","","3260.87","3260.87","","","","","","","","","","","","","Gross Charge Type: Main Acute Price List"
"COIL, INTERLOCK OCCLUSION .035 CUBE 10MMX40CM","ScanWmSup48579","CDM","278","RC","C1889","HCPCS","","","facility","both","","","","4652.61","4652.61","","","","","","","","","","","","","Gross Charge Type: Main Acute Price List"
"COIL, INTERLOCK OCCLUSION .035 CUBE 15MMX25CM","ScorWmSup48580","CDM","278","RC","C1889","HCPCS","","","facility","both","","","","3221.55","3221.55","","","","","","","","","","","","","Gross Charge Type: Main Acute Price List"
"COIL, INTERLOCK OCCLUSION .035 CUBE 15MMX25CM","ScpuWmSup48580","CDM","278","RC","C1889","HCPCS","","","facility","both","","","","3221.55","3221.55","","","","","","","","","","","","","Gross Charge Type: Main Acute Price List"
"COIL, INTERLOCK OCCLUSION .035 CUBE 15MMX40CM","ScorChSup48581","CDM","278","RC","C1889","HCPCS","","","facility","both","","","","4096.23","4096.23","","","","","","","","","","","","","Gross Charge Type: Main Acute Price List"
"COIL, INTERLOCK OCCLUSION .035 CUBE 20MMX40CM","ScorChSup48582","CDM","278","RC","","","","","facility","both","","","","4096.23","4096.23","","","","","","","","","","","","","Gross Charge Type: Main Acute Price List"
"COIL, INTERLOCK OCCLUSION .035 CUBE 6MMX10CM","AngiChSup48574","CDM","278","RC","C1889","HCPCS","","","facility","both","","","","2063.52","2063.52","","","","","","","","","","","","","Gross Charge Type: Main Acute Price List"
"COIL, INTERLOCK OCCLUSION .035 CUBE 6MMX10CM","OperWmSup48574","CDM","278","RC","C1889","HCPCS","","","facility","both","","","","2063.52","2063.52","","","","","","","","","","","","","Gross Charge Type: Main Acute Price List"
"COIL, INTERLOCK OCCLUSION .035 CUBE 6MMX20CM","Chrs5448575","CDM","278","RC","C1889","HCPCS","","","facility","both","","","","3271.38","3271.38","","","","","","","","","","","","","Gross Charge Type: Main Acute Price List"
"COIL, INTERLOCK OCCLUSION .035 CUBE 8MMX20CM","GyscChSup48576","CDM","278","RC","C1889","HCPCS","","","facility","both","","","","3221.55","3221.55","","","","","","","","","","","","","Gross Charge Type: Main Acute Price List"
"COIL, INTERLOCK OCCLUSION 2D HELICAL 4MMX8CM","GyscChSup34077","CDM","270","RC","","","","","facility","both","","","","1792.49","1792.49","","","","","","","","","","","","","Gross Charge Type: Main Acute Price List"
"COIL, INTERLOCK OCCLUSION 2D HELICAL 5X8","ScorWmSup33277","CDM","270","RC","","","","","facility","both","","","","1638.49","1638.49","","","","","","","","","","","","","Gross Charge Type: Main Acute Price List"
"COIL, INTERLOCK OCCLUSION 2D HELICAL 5X8","ScpuWmSup33277","CDM","270","RC","","","","","facility","both","","","","1638.49","1638.49","","","","","","","","","","","","","Gross Charge Type: Main Acute Price List"
"COIL, INTERLOCK OCCLUSION 2D HELICAL 6X10","CcthChSup33278","CDM","270","RC","","","","","facility","both","","","","1792.49","1792.49","","","","","","","","","","","","","Gross Charge Type: Main Acute Price List"
"COIL, INTERLOCK OCCLUSION 2D HELICAL 6X10","PacuChSup33278","CDM","270","RC","","","","","facility","both","","","","1792.49","1792.49","","","","","","","","","","","","","Gross Charge Type: Main Acute Price List"
"COIL, INTERLOCK OCCLUSION 2D HELICAL 8X20","ScorWmSup33279","CDM","270","RC","","","","","facility","both","","","","1638.49","1638.49","","","","","","","","","","","","","Gross Charge Type: Main Acute Price List"
"COIL, INTERLOCK OCCLUSION 2D HELICAL","CspuChSup119192","CDM","278","RC","C1889","HCPCS","","","facility","both","","","","1540.66","1540.66","","","","","","","","","","","","","Gross Charge Type: Main Acute Price List"
"COIL, INTERLOCK OCCLUSION 5X15","CspuChSup34401","CDM","272","RC","","","","","facility","both","","","","1792.49","1792.49","","","","","","","","","","","","","Gross Charge Type: Main Acute Price List"
"COIL, INTERLOCK OCCLUSION 5X15","EplbChSup34401","CDM","272","RC","","","","","facility","both","","","","1792.49","1792.49","","","","","","","","","","","","","Gross Charge Type: Main Acute Price List"
"COIL, INTERLOCK OCCLUSION 6X20","GastWmSup34402","CDM","272","RC","","","","","facility","both","","","","1638.49","1638.49","","","","","","","","","","","","","Gross Charge Type: Main Acute Price List"
"COIL, INTERLOCK OCCLUSION VORTX DIA 2/3MMX2.3CM","GyscChSup33281","CDM","270","RC","","","","","facility","both","","","","1638.49","1638.49","","","","","","","","","","","","","Gross Charge Type: Main Acute Price List"
"COIL, INTERLOCK OCCLUSION VORTX DIA 2/5MMX5.8CM","PacuWmSup34179","CDM","278","RC","C1889","HCPCS","","","facility","both","","","","1977.28","1977.28","","","","","","","","","","","","","Gross Charge Type: Main Acute Price List"
"COIL, INTERLOCK OCCLUSION VORTX DIA 2/5MMX5.8CM","ScorWmSup34179","CDM","278","RC","C1889","HCPCS","","","facility","both","","","","1977.28","1977.28","","","","","","","","","","","","","Gross Charge Type: Main Acute Price List"
"COIL, INTERLOCK OCCLUSION VORTX DIA 2/6MMX8.0CM","OperChSup34180","CDM","270","RC","","","","","facility","both","","","","1540.66","1540.66","","","","","","","","","","","","","Gross Charge Type: Main Acute Price List"
"COIL, INTERLOCK OCCLUSION VORTX DIA 2/6MMX8.0CM","ScorWmSup34180","CDM","270","RC","","","","","facility","both","","","","1540.66","1540.66","","","","","","","","","","","","","Gross Charge Type: Main Acute Price List"
"COIL, NESTER EMBOLIZATION .018 2MM X 5CM","AngiChSup80404","CDM","278","RC","C1889","HCPCS","","","facility","both","","","","609.76","609.76","","","","","","","","","","","","","Gross Charge Type: Main Acute Price List"
"COIL, NESTER EMBOLIZATION .018 2MM X 7CM","ScorWmSup80407","CDM","278","RC","","","","","facility","both","","","","674.43","674.43","","","","","","","","","","","","","Gross Charge Type: Main Acute Price List"
"COIL, NESTER EMBOLIZATION .018 2MM X 7CM","ScpuChSup80407","CDM","278","RC","","","","","facility","both","","","","674.43","674.43","","","","","","","","","","","","","Gross Charge Type: Main Acute Price List"
"COIL, NESTER EMBOLIZATION .018 3MM X 7CM","CcthChSup80408","CDM","278","RC","C1889","HCPCS","","","facility","both","","","","674.43","674.43","","","","","","","","","","","","","Gross Charge Type: Main Acute Price List"
"COIL, NESTER EMBOLIZATION .018 4MM X 7CM","GyscChSup80409","CDM","278","RC","C1889","HCPCS","","","facility","both","","","","674.43","674.43","","","","","","","","","","","","","Gross Charge Type: Main Acute Price List"
"COIL, NESTER EMBOLIZATION .018 5MM X 5CM","AnesChSup80406","CDM","278","RC","C1889","HCPCS","","","facility","both","","","","609.76","609.76","","","","","","","","","","","","","Gross Charge Type: Main Acute Price List"
"COIL, NESTER EMBOLIZATION .018 5MM X 7CM","ScpuChSup80410","CDM","278","RC","","","","","facility","both","","","","634.16","634.16","","","","","","","","","","","","","Gross Charge Type: Main Acute Price List"
"COIL, NESTER EMBOLIZATION .035 12MM X 14CM","PacuWmSup31891","CDM","270","RC","","","","","facility","both","","","","700.77","700.77","","","","","","","","","","","","","Gross Charge Type: Main Acute Price List"
"COIL, NESTER EMBOLIZATION .035 12MM X 14CM","Wilm5431891","CDM","270","RC","","","","","facility","both","","","","700.77","700.77","","","","","","","","","","","","","Gross Charge Type: Main Acute Price List"
"COIL, OPTIMA COMPLEX 18  15X50","CspuChSup76746","CDM","278","RC","C1889","HCPCS","","","facility","both","","","","9354","9354","","","","","","","","","","","","","Gross Charge Type: Main Acute Price List"
"COIL, OPTIMA COMPLEX 18  15X50","PacuChSup76746","CDM","278","RC","C1889","HCPCS","","","facility","both","","","","9354","9354","","","","","","","","","","","","","Gross Charge Type: Main Acute Price List"
"COIL, OPTIMA COMPLEX 18  15X50","PacuWmSup76746","CDM","278","RC","C1889","HCPCS","","","facility","both","","","","9354","9354","","","","","","","","","","","","","Gross Charge Type: Main Acute Price List"
"COIL, OPTIMA COMPLEX 18  15X50","ScpuChSup76746","CDM","278","RC","C1889","HCPCS","","","facility","both","","","","9354","9354","","","","","","","","","","","","","Gross Charge Type: Main Acute Price List"
"COIL, OPTIMA COMPLEX 18  16X55","GastWmSup76747","CDM","278","RC","C1889","HCPCS","","","facility","both","","","","9947.97","9947.97","","","","","","","","","","","","","Gross Charge Type: Main Acute Price List"
"COIL, OPTIMA COMPLEX 18  8X27","ScpuWmSup76739","CDM","278","RC","","","","","facility","both","","","","9947.97","9947.97","","","","","","","","","","","","","Gross Charge Type: Main Acute Price List"
"COIL, OPTIMAX COMPLEX SOFT 11MM X 40CM","AngiChSup112858","CDM","278","RC","","","","","facility","both","","","","13292.53","13292.53","","","","","","","","","","","","","Gross Charge Type: Main Acute Price List"
"COIL, OPTIMAX COMPLEX SOFT 11MM X 40CM","GastChSup112858","CDM","278","RC","","","","","facility","both","","","","13292.53","13292.53","","","","","","","","","","","","","Gross Charge Type: Main Acute Price List"
"COIL, OPTIMAX COMPLEX SOFT 11MM X 40CM","ScanWmSup112858","CDM","278","RC","","","","","facility","both","","","","13292.53","13292.53","","","","","","","","","","","","","Gross Charge Type: Main Acute Price List"
"COIL, OPTIMAX COMPLEX SOFT 4MM X 10CM","AnesWmSup108712","CDM","278","RC","C1889","HCPCS","","","facility","both","","","","13292.53","13292.53","","","","","","","","","","","","","Gross Charge Type: Main Acute Price List"
"COIL, OPTIMAX COMPLEX SOFT 4MM X 10CM","PacuChSup108712","CDM","278","RC","C1889","HCPCS","","","facility","both","","","","13292.53","13292.53","","","","","","","","","","","","","Gross Charge Type: Main Acute Price List"
"COIL, OPTIMAX COMPLEX SOFT 4MM X 13CM","PacuWmSup108713","CDM","278","RC","C1889","HCPCS","","","facility","both","","","","14136.6","14136.6","","","","","","","","","","","","","Gross Charge Type: Main Acute Price List"
"COIL, OPTIMAX COMPLEX SOFT 7MM X 20CM","CcthChSup108723","CDM","278","RC","","","","","facility","both","","","","13292.53","13292.53","","","","","","","","","","","","","Gross Charge Type: Main Acute Price List"
"COIL, OPTIMAX COMPLEX SUPER SOFT 2MM X 4CM","AnesWmSup108700","CDM","278","RC","C1889","HCPCS","","","facility","both","","","","14136.6","14136.6","","","","","","","","","","","","","Gross Charge Type: Main Acute Price List"
"COIL, OPTIMAX COMPLEX SUPER SOFT 3MM X 10CM","DelrChSup108706","CDM","278","RC","","","","","facility","both","","","","14136.6","14136.6","","","","","","","","","","","","","Gross Charge Type: Main Acute Price List"
"COIL, OPTIMAX COMPLEX SUPER SOFT 3MM X 10CM","ScanWmSup108706","CDM","278","RC","","","","","facility","both","","","","14136.6","14136.6","","","","","","","","","","","","","Gross Charge Type: Main Acute Price List"
"COIL, ORBIT GALAXY COMPLEX XTRASOFT 3MM X 6M","GastChSup43946","CDM","278","RC","","","","","facility","both","","","","7529.54","7529.54","","","","","","","","","","","","","Gross Charge Type: Main Acute Price List"
"COIL, ORBIT GALAXY COMPLEX XTRASOFT 3MM X 6M","ScpuChSup43946","CDM","278","RC","","","","","facility","both","","","","7529.54","7529.54","","","","","","","","","","","","","Gross Charge Type: Main Acute Price List"
"COIL, ORBIT GALAXY COMPLEX XTRASOFT 4MM X 10M","ScanWmSup43954","CDM","278","RC","","","","","facility","both","","","","7529.54","7529.54","","","","","","","","","","","","","Gross Charge Type: Main Acute Price List"
"COIL, PAC400 NEURO OCCLUSION 15CM","AnesWmSup106610","CDM","278","RC","C1889","HCPCS","","","facility","both","","","","4365.9","4365.9","","","","","","","","","","","","","Gross Charge Type: Main Acute Price List"
"COIL, POD XL 4MM X 10 CM","ScorWmSup10194348","CDM","278","RC","C1889","HCPCS","","","facility","both","","","","11621.6","11621.6","","","","","","","","","","","","","Gross Charge Type: Main Acute Price List"
"COIL, POD XL 8MM X 55 CM","ScorWmSup10194354","CDM","278","RC","C1889","HCPCS","","","facility","both","","","","17461.6","17461.6","","","","","","","","","","","","","Gross Charge Type: Main Acute Price List"
"COIL, POD400 NEURO OCCLUSION 3CM","GastWmSup106617","CDM","278","RC","C1889","HCPCS","","","facility","both","","","","8328.06","8328.06","","","","","","","","","","","","","Gross Charge Type: Main Acute Price List"
"COIL, POD400 NEURO OCCLUSION 6CM","GastWmSup106620","CDM","278","RC","C1889","HCPCS","","","facility","both","","","","8328.06","8328.06","","","","","","","","","","","","","Gross Charge Type: Main Acute Price List"
"COIL, PRESTIGE COMPLEX 18  20MMX65CM","DelrChSup110834","CDM","278","RC","C1889","HCPCS","","","facility","both","","","","5851.75","5851.75","","","","","","","","","","","","","Gross Charge Type: Main Acute Price List"
"COIL, PRESTIGE COMPLEX 18  22MMX65CM","AnesWmSup110835","CDM","278","RC","C1889","HCPCS","","","facility","both","","","","5851.75","5851.75","","","","","","","","","","","","","Gross Charge Type: Main Acute Price List"
"COIL, PRESTIGE PLUS COMPLEX PACK 10MM X 65CM","EplbChSup114463","CDM","272","RC","","","","","facility","both","","","","6657.9","6657.9","","","","","","","","","","","","","Gross Charge Type: Main Acute Price List"
"COIL, PRESTIGE PLUS COMPLEX PACK 10MMX40CM","AnesWmSup110829","CDM","278","RC","C1889","HCPCS","","","facility","both","","","","5851.75","5851.75","","","","","","","","","","","","","Gross Charge Type: Main Acute Price List"
"COIL, PRESTIGE PLUS COMPLEX PACK 10MMX40CM","ScanWmSup110829","CDM","278","RC","C1889","HCPCS","","","facility","both","","","","5851.75","5851.75","","","","","","","","","","","","","Gross Charge Type: Main Acute Price List"
"COIL, PRESTIGE PLUS COMPLEX PACK 12MM X 65CM","ScorWmSup114464","CDM","272","RC","","","","","facility","both","","","","6260.37","6260.37","","","","","","","","","","","","","Gross Charge Type: Main Acute Price List"
"COIL, PRESTIGE PLUS COMPLEX PACK 12MM X 65CM","ScpuChSup114464","CDM","272","RC","","","","","facility","both","","","","6260.37","6260.37","","","","","","","","","","","","","Gross Charge Type: Main Acute Price List"
"COIL, PRESTIGE PLUS COMPLEX PACK 5MMX17CM","GastWmSup110822","CDM","278","RC","","","","","facility","both","","","","5235.78","5235.78","","","","","","","","","","","","","Gross Charge Type: Main Acute Price List"
"COIL, PRESTIGE PLUS COMPLEX PACK 6MM X 50CM","AnesChSup114457","CDM","272","RC","","","","","facility","both","","","","6078.95","6078.95","","","","","","","","","","","","","Gross Charge Type: Main Acute Price List"
"COIL, PRESTIGE PLUS COMPLEX PACK 6MM X 50CM","EplbChSup114457","CDM","272","RC","","","","","facility","both","","","","6078.95","6078.95","","","","","","","","","","","","","Gross Charge Type: Main Acute Price List"
"COIL, PRESTIGE PLUS COMPLEX PACK 6MMX20CM","GyscChSup110824","CDM","278","RC","C1889","HCPCS","","","facility","both","","","","5235.78","5235.78","","","","","","","","","","","","","Gross Charge Type: Main Acute Price List"
"COIL, PRESTIGE PLUS COMPLEX PACK 7MMX20CM","ScanWmSup110826","CDM","278","RC","","","","","facility","both","","","","5235.78","5235.78","","","","","","","","","","","","","Gross Charge Type: Main Acute Price List"
"COIL, PRESTIGE PLUS COMPLEX PACK 7MMX20CM","ScpuWmSup110826","CDM","278","RC","","","","","facility","both","","","","5235.78","5235.78","","","","","","","","","","","","","Gross Charge Type: Main Acute Price List"
"COIL, PRESTIGE PLUS COMPLEX PACK 8MM X 45CM","GastChSup114460","CDM","272","RC","","","","","facility","both","","","","5715.99","5715.99","","","","","","","","","","","","","Gross Charge Type: Main Acute Price List"
"COIL, PRESTIGE PLUS COMPLEX XTRA PACK 1.5MM X 6CM","ScpuChSup114449","CDM","272","RC","","","","","facility","both","","","","4342.12","4342.12","","","","","","","","","","","","","Gross Charge Type: Main Acute Price List"
"COIL, PRESTIGE PLUS COMPLEX XTRA PACK 1.5MM X 8CM","PacuWmSup114450","CDM","272","RC","","","","","facility","both","","","","4342.12","4342.12","","","","","","","","","","","","","Gross Charge Type: Main Acute Price List"
"COIL, PRESTIGE PLUS COMPLEX XTRA PACK 1.5MMX3CM","GastChSup110807","CDM","278","RC","","","","","facility","both","","","","4619.8","4619.8","","","","","","","","","","","","","Gross Charge Type: Main Acute Price List"
"COIL, PRESTIGE PLUS COMPLEX XTRA PACK 2.5MMX5CM","EplbChSup110813","CDM","278","RC","","","","","facility","both","","","","4619.8","4619.8","","","","","","","","","","","","","Gross Charge Type: Main Acute Price List"
"COIL, PRESTIGE PLUS COMPLEX XTRA PACK 2MMX2CM","ScorChSup110808","CDM","278","RC","","","","","facility","both","","","","4619.8","4619.8","","","","","","","","","","","","","Gross Charge Type: Main Acute Price List"
"COIL, PRESTIGE PLUS COMPLEX XTRA PACK 2MMX4CM","ScanChSup110810","CDM","278","RC","C1889","HCPCS","","","facility","both","","","","4619.8","4619.8","","","","","","","","","","","","","Gross Charge Type: Main Acute Price List"
"COIL, PRESTIGE PLUS COMPLEX XTRA PACK 3.5MM X 20CM","CcthChSup114453","CDM","272","RC","","","","","facility","both","","","","4921.06","4921.06","","","","","","","","","","","","","Gross Charge Type: Main Acute Price List"
"COIL, PRESTIGE PLUS COMPLEX XTRA PACK 3.5MM X 20CM","ScanWmSup114453","CDM","272","RC","","","","","facility","both","","","","4921.06","4921.06","","","","","","","","","","","","","Gross Charge Type: Main Acute Price List"
"COIL, PRESTIGE PLUS COMPLEX XTRA PACK 3.5MM X 30CM","OperWmSup114454","CDM","272","RC","","","","","facility","both","","","","5500.01","5500.01","","","","","","","","","","","","","Gross Charge Type: Main Acute Price List"
"COIL, PRESTIGE PLUS COMPLEX XTRA PACK 3MMX7CM","ScpuChSup110814","CDM","278","RC","C1889","HCPCS","","","facility","both","","","","4619.8","4619.8","","","","","","","","","","","","","Gross Charge Type: Main Acute Price List"
"COIL, PRESTIGE PLUS HELICAL PACK 4MM X 40CM","AnesWmSup114443","CDM","272","RC","","","","","facility","both","","","","6078.95","6078.95","","","","","","","","","","","","","Gross Charge Type: Main Acute Price List"
"COIL, PRESTIGE PLUS HELICAL PACK 6MM X 50CM","ScorWmSup114445","CDM","272","RC","","","","","facility","both","","","","6078.95","6078.95","","","","","","","","","","","","","Gross Charge Type: Main Acute Price List"
"COIL, PRESTIGE PLUS HELICAL PACK 6MMX20CM","OperWmSup110825","CDM","278","RC","","","","","facility","both","","","","5235.78","5235.78","","","","","","","","","","","","","Gross Charge Type: Main Acute Price List"
"COIL, PRESTIGE PLUS HELICAL XTRA PACK 2MMX8CM","ScorChSup110812","CDM","278","RC","","","","","facility","both","","","","4343.96","4343.96","","","","","","","","","","","","","Gross Charge Type: Main Acute Price List"
"COIL, PRESTIGE PLUS HELICAL XTRA PACK 3MMX15CM","GastChSup110816","CDM","278","RC","","","","","facility","both","","","","4619.8","4619.8","","","","","","","","","","","","","Gross Charge Type: Main Acute Price List"
"COIL, RUBY 400 COMPLEX SOFT 16MM X 50CM","GastChSup54577","CDM","278","RC","","","","","facility","both","","","","7471.62","7471.62","","","","","","","","","","","","","Gross Charge Type: Main Acute Price List"
"COIL, RUBY 400 COMPLEX SOFT 2MM X 2CM","AngiChSup54565","CDM","278","RC","","","","","facility","both","","","","4866.2","4866.2","","","","","","","","","","","","","Gross Charge Type: Main Acute Price List"
"COIL, RUBY 400 COMPLEX SOFT 2MM X 2CM","CcthChSup54565","CDM","278","RC","","","","","facility","both","","","","4866.2","4866.2","","","","","","","","","","","","","Gross Charge Type: Main Acute Price List"
"COIL, RUBY 400 COMPLEX SOFT 2MM X 2CM","ScpuChSup54565","CDM","278","RC","","","","","facility","both","","","","4866.2","4866.2","","","","","","","","","","","","","Gross Charge Type: Main Acute Price List"
"COIL, RUBY 400 COMPLEX SOFT 2MM X 4CM","EplbChSup54566","CDM","278","RC","C1889","HCPCS","","","facility","both","","","","4575.64","4575.64","","","","","","","","","","","","","Gross Charge Type: Main Acute Price List"
"COIL, RUBY 400 COMPLEX SOFT 3MM X 15CM","AngiWmSup54568","CDM","278","RC","","","","","facility","both","","","","5734.03","5734.03","","","","","","","","","","","","","Gross Charge Type: Main Acute Price List"
"COIL, RUBY 400 COMPLEX SOFT 3MM X 15CM","ScpuChSup54568","CDM","278","RC","","","","","facility","both","","","","5734.03","5734.03","","","","","","","","","","","","","Gross Charge Type: Main Acute Price List"
"COIL, RUBY 400 COMPLEX SOFT 6MM X 20CM","AngiWmSup54571","CDM","278","RC","","","","","facility","both","","","","5734.03","5734.03","","","","","","","","","","","","","Gross Charge Type: Main Acute Price List"
"COIL, RUBY 400 COMPLEX SOFT 6MM X 20CM","OperWmSup54571","CDM","278","RC","","","","","facility","both","","","","5734.03","5734.03","","","","","","","","","","","","","Gross Charge Type: Main Acute Price List"
"COIL, RUBY 400 COMPLEX SOFT 6MM X 20CM","ScanWmSup54571","CDM","278","RC","","","","","facility","both","","","","5734.03","5734.03","","","","","","","","","","","","","Gross Charge Type: Main Acute Price List"
"COIL, RUBY 400 COMPLEX SOFT 6MM X 20CM","ScorWmSup54571","CDM","278","RC","","","","","facility","both","","","","5734.03","5734.03","","","","","","","","","","","","","Gross Charge Type: Main Acute Price List"
"COIL, RUBY 400 COMPLEX SOFT 8MM X 60CM","GastChSup54574","CDM","278","RC","","","","","facility","both","","","","7471.62","7471.62","","","","","","","","","","","","","Gross Charge Type: Main Acute Price List"
"COIL, RUBY 400 COMPLEX SOFT 8MM X 60CM","OperChSup54574","CDM","278","RC","","","","","facility","both","","","","7471.62","7471.62","","","","","","","","","","","","","Gross Charge Type: Main Acute Price List"
"COIL, RUBY 400 COMPLEX STD 12MM X 60CM","ScorChSup54555","CDM","278","RC","C1889","HCPCS","","","facility","both","","","","7471.62","7471.62","","","","","","","","","","","","","Gross Charge Type: Main Acute Price List"
"COIL, RUBY 400 COMPLEX STD 24MM X 57CM","AngiWmSup54561","CDM","278","RC","C1889","HCPCS","","","facility","both","","","","7946.06","7946.06","","","","","","","","","","","","","Gross Charge Type: Main Acute Price List"
"COIL, RUBY 400 COMPLEX STD 3MM X 20CM","ScorWmSup54536","CDM","278","RC","","","","","facility","both","","","","5734.03","5734.03","","","","","","","","","","","","","Gross Charge Type: Main Acute Price List"
"COIL, RUBY 400 COMPLEX STD 4MM X 10CM","AngiWmSup54537","CDM","278","RC","","","","","facility","both","","","","5734.03","5734.03","","","","","","","","","","","","","Gross Charge Type: Main Acute Price List"
"COIL, RUBY 400 COMPLEX STD 6MM X 20CM","OperChSup54546","CDM","278","RC","","","","","facility","both","","","","5734.03","5734.03","","","","","","","","","","","","","Gross Charge Type: Main Acute Price List"
"COIL, RUBY 400 COMPLEX STD 8MM X 25CM","ScanChSup54550","CDM","278","RC","","","","","facility","both","","","","5734.03","5734.03","","","","","","","","","","","","","Gross Charge Type: Main Acute Price List"
"COIL, RUBY COMPLEX STD 36MM X 60CM","EplbChSup10192085","CDM","278","RC","C1889","HCPCS","","","facility","both","","","","7650","7650","","","","","","","","","","","","","Gross Charge Type: Main Acute Price List"
"COIL, RUBY COMPLEX STD 40MM X 60CM","AngiChSup108019","CDM","278","RC","C1889","HCPCS","","","facility","both","","","","7471.62","7471.62","","","","","","","","","","","","","Gross Charge Type: Main Acute Price List"
"COIL, RUBY LP .018 2MM X 4CM","ScpuChSup106076","CDM","278","RC","C1889","HCPCS","","","facility","both","","","","4866.2","4866.2","","","","","","","","","","","","","Gross Charge Type: Main Acute Price List"
"COIL, RUBY LP .018 3MM X 15CM","ScanWmSup106080","CDM","278","RC","","","","","facility","both","","","","5734.03","5734.03","","","","","","","","","","","","","Gross Charge Type: Main Acute Price List"
"COIL, RUBY LP .018 4MM X 15CM","CcthChSup106082","CDM","278","RC","","","","","facility","both","","","","5734.03","5734.03","","","","","","","","","","","","","Gross Charge Type: Main Acute Price List"
"COIL, RUBY LP .018 8MM X 60CM","AnesWmSup113347","CDM","272","RC","","","","","facility","both","","","","7471.62","7471.62","","","","","","","","","","","","","Gross Charge Type: Main Acute Price List"
"COIL, RUBY LP PACKING .018 30CM","OperWmSup106088","CDM","278","RC","C1889","HCPCS","","","facility","both","","","","7946.06","7946.06","","","","","","","","","","","","","Gross Charge Type: Main Acute Price List"
"COIL, RUBY PACKING XL 45 CM","AngiChSup10194345","CDM","278","RC","C1889","HCPCS","","","facility","both","","","","15125.6","15125.6","","","","","","","","","","","","","Gross Charge Type: Main Acute Price List"
"COIL, SMART EXTRA SOFT 1.5MM x 2CM","OperWmSup68273","CDM","278","RC","C1889","HCPCS","","","facility","both","","","","10049.03","10049.03","","","","","","","","","","","","","Gross Charge Type: Main Acute Price List"
"COIL, SMART EXTRA SOFT 1.5MM x 3CM","EplbChSup68274","CDM","278","RC","C1889","HCPCS","","","facility","both","","","","10687.15","10687.15","","","","","","","","","","","","","Gross Charge Type: Main Acute Price List"
"COIL, SMART EXTRA SOFT 1.5MM x 4CM","DelrChSup68275","CDM","278","RC","C1889","HCPCS","","","facility","both","","","","10081.42","10081.42","","","","","","","","","","","","","Gross Charge Type: Main Acute Price List"
"COIL, SMART EXTRA SOFT 1MM x 4CM","ScanChSup68272","CDM","278","RC","C1889","HCPCS","","","facility","both","","","","10049.03","10049.03","","","","","","","","","","","","","Gross Charge Type: Main Acute Price List"
"COIL, SMART EXTRA SOFT 2.5MM x 4CM","AngiChSup68282","CDM","278","RC","C1889","HCPCS","","","facility","both","","","","10687.15","10687.15","","","","","","","","","","","","","Gross Charge Type: Main Acute Price List"
"COIL, SMART EXTRA SOFT 2.5MM x 4CM","EplbChSup68282","CDM","278","RC","C1889","HCPCS","","","facility","both","","","","10687.15","10687.15","","","","","","","","","","","","","Gross Charge Type: Main Acute Price List"
"COIL, SMART EXTRA SOFT 2.5MM x 4CM","GyscChSup68282","CDM","278","RC","C1889","HCPCS","","","facility","both","","","","10687.15","10687.15","","","","","","","","","","","","","Gross Charge Type: Main Acute Price List"
"COIL, SMART EXTRA SOFT 2.5MM x 6CM","PacuWmSup68283","CDM","278","RC","C1889","HCPCS","","","facility","both","","","","10687.15","10687.15","","","","","","","","","","","","","Gross Charge Type: Main Acute Price List"
"COIL, SMART EXTRA SOFT 2.5MM x 8CM","ScpuChSup68284","CDM","278","RC","C1889","HCPCS","","","facility","both","","","","10687.15","10687.15","","","","","","","","","","","","","Gross Charge Type: Main Acute Price List"
"COIL, SMART EXTRA SOFT 2MM x 3CM","GastChSup68277","CDM","278","RC","C1889","HCPCS","","","facility","both","","","","10049.03","10049.03","","","","","","","","","","","","","Gross Charge Type: Main Acute Price List"
"COIL, SMART EXTRA SOFT 2MM x 6CM","GyscChSup68279","CDM","278","RC","C1889","HCPCS","","","facility","both","","","","10687.15","10687.15","","","","","","","","","","","","","Gross Charge Type: Main Acute Price List"
"COIL, SMART EXTRA SOFT 2MM x 8CM","GastChSup68280","CDM","278","RC","C1889","HCPCS","","","facility","both","","","","10049.03","10049.03","","","","","","","","","","","","","Gross Charge Type: Main Acute Price List"
"COIL, SMART EXTRA SOFT 3MM x 8CM","Chrs5468287","CDM","278","RC","","","","","facility","both","","","","10687.15","10687.15","","","","","","","","","","","","","Gross Charge Type: Main Acute Price List"
"COIL, SMART EXTRA SOFT 3MM x 8CM","ScorWmSup68287","CDM","278","RC","","","","","facility","both","","","","10687.15","10687.15","","","","","","","","","","","","","Gross Charge Type: Main Acute Price List"
"COIL, SMART EXTRA SOFT 4MM x 10CM","GastWmSup68292","CDM","278","RC","C1889","HCPCS","","","facility","both","","","","10687.15","10687.15","","","","","","","","","","","","","Gross Charge Type: Main Acute Price List"
"COIL, SMART EXTRA SOFT 4MM x 6CM","CLDRChSup68290","CDM","278","RC","","","","","facility","both","","","","10049.03","10049.03","","","","","","","","","","","","","Gross Charge Type: Main Acute Price List"
"COIL, SMART EXTRA SOFT 4MM x 6CM","CspuChSup68290","CDM","278","RC","","","","","facility","both","","","","10049.03","10049.03","","","","","","","","","","","","","Gross Charge Type: Main Acute Price List"
"COIL, SMART HELICAL EXTRA SOFT 1MM x 2CM","PacuWmSup68295","CDM","278","RC","C1889","HCPCS","","","facility","both","","","","7114.5","7114.5","","","","","","","","","","","","","Gross Charge Type: Main Acute Price List"
"COIL, SMART HELICAL EXTRA SOFT 3MM x 6CM","Chrs5468299","CDM","278","RC","C1889","HCPCS","","","facility","both","","","","7114.5","7114.5","","","","","","","","","","","","","Gross Charge Type: Main Acute Price List"
"COIL, SMART HELICAL EXTRA SOFT1MM x 3CM","Chrs5468296","CDM","278","RC","C1889","HCPCS","","","facility","both","","","","7114.5","7114.5","","","","","","","","","","","","","Gross Charge Type: Main Acute Price List"
"COIL, SMART HELICAL EXTRA SOFT1MM x 3CM","ScanChSup68296","CDM","278","RC","C1889","HCPCS","","","facility","both","","","","7114.5","7114.5","","","","","","","","","","","","","Gross Charge Type: Main Acute Price List"
"COIL, SMART SOFT 3MM x 4CM","CcthChSup68251","CDM","278","RC","","","","","facility","both","","","","10049.03","10049.03","","","","","","","","","","","","","Gross Charge Type: Main Acute Price List"
"COIL, SMART SOFT 3MM x 6CM","ScorWmSup68252","CDM","278","RC","C1889","HCPCS","","","facility","both","","","","10049.03","10049.03","","","","","","","","","","","","","Gross Charge Type: Main Acute Price List"
"COIL, SMART SOFT 4MM x 8CM","PacuChSup68256","CDM","278","RC","","","","","facility","both","","","","10049.03","10049.03","","","","","","","","","","","","","Gross Charge Type: Main Acute Price List"
"COIL, SMART SOFT 5MM x 10CM","AngiWmSup68260","CDM","278","RC","C1889","HCPCS","","","facility","both","","","","10049.03","10049.03","","","","","","","","","","","","","Gross Charge Type: Main Acute Price List"
"COIL, SMART SOFT 6MM x 15CM","Chrs5468263","CDM","278","RC","C1889","HCPCS","","","facility","both","","","","10049.03","10049.03","","","","","","","","","","","","","Gross Charge Type: Main Acute Price List"
"COIL, SMART STANDARD 14MM X 60CM","EplbChSup68247","CDM","278","RC","","","","","facility","both","","","","10687.15","10687.15","","","","","","","","","","","","","Gross Charge Type: Main Acute Price List"
"COIL, SMART STANDARD 7MM X 25CM","GastChSup68238","CDM","278","RC","","","","","facility","both","","","","10049.03","10049.03","","","","","","","","","","","","","Gross Charge Type: Main Acute Price List"
"COIL, SMART STANDARD 7MM X 25CM","GyscChSup68238","CDM","278","RC","","","","","facility","both","","","","10049.03","10049.03","","","","","","","","","","","","","Gross Charge Type: Main Acute Price List"
"COIL, SMART STANDARD 7MM X 25CM","ScpuWmSup68238","CDM","278","RC","","","","","facility","both","","","","10049.03","10049.03","","","","","","","","","","","","","Gross Charge Type: Main Acute Price List"
"COIL, SMART STANDARD 8MM X 20CM","ScpuWmSup68239","CDM","278","RC","","","","","facility","both","","","","10049.03","10049.03","","","","","","","","","","","","","Gross Charge Type: Main Acute Price List"
"COIL, SMART WAVE EX SOFT HELICAL 1.5MM X 3CM","AngiWmSup114693","CDM","278","RC","C1889","HCPCS","","","facility","both","","","","6686.85","6686.85","","","","","","","","","","","","","Gross Charge Type: Main Acute Price List"
"COIL, SMART WAVE EX SOFT HELICAL 1.5MM X 3CM","DelrChSup114693","CDM","278","RC","C1889","HCPCS","","","facility","both","","","","6686.85","6686.85","","","","","","","","","","","","","Gross Charge Type: Main Acute Price List"
"COIL, SMART WAVE EX SOFT HELICAL 1.5MM X 3CM","ScorWmSup114693","CDM","278","RC","C1889","HCPCS","","","facility","both","","","","6686.85","6686.85","","","","","","","","","","","","","Gross Charge Type: Main Acute Price List"
"COIL, TARGET  3D 8 X 25","PacuChSup56055","CDM","278","RC","","","","","facility","both","","","","12588.51","12588.51","","","","","","","","","","","","","Gross Charge Type: Main Acute Price List"
"COIL, TARGET  3D 8 X 25","ScorChSup56055","CDM","278","RC","","","","","facility","both","","","","12588.51","12588.51","","","","","","","","","","","","","Gross Charge Type: Main Acute Price List"
"COIL, TARGET  3D 8 X 25","ScorWmSup56055","CDM","278","RC","","","","","facility","both","","","","12588.51","12588.51","","","","","","","","","","","","","Gross Charge Type: Main Acute Price List"
"COIL, TARGET 360 NANO 2 X 3","Chrs5457885","CDM","278","RC","C1889","HCPCS","","","facility","both","","","","13387.89","13387.89","","","","","","","","","","","","","Gross Charge Type: Main Acute Price List"
"COIL, TARGET 360 NANO 2 X 3","ScorChSup57885","CDM","278","RC","C1889","HCPCS","","","facility","both","","","","13387.89","13387.89","","","","","","","","","","","","","Gross Charge Type: Main Acute Price List"
"COIL, TARGET 360 NANO 3.5 X 8","ScpuWmSup57887","CDM","278","RC","C1889","HCPCS","","","facility","both","","","","13387.89","13387.89","","","","","","","","","","","","","Gross Charge Type: Main Acute Price List"
"COIL, TARGET 360 SOFT 12MM X 30CM","OperChSup51936","CDM","278","RC","","","","","facility","both","","","","12588.51","12588.51","","","","","","","","","","","","","Gross Charge Type: Main Acute Price List"
"COIL, TARGET 360 SOFT 12MM X 30CM","OperWmSup51936","CDM","278","RC","","","","","facility","both","","","","12588.51","12588.51","","","","","","","","","","","","","Gross Charge Type: Main Acute Price List"
"COIL, TARGET 360 SOFT DETACHAB 3MM X 8CM","GastWmSup45928","CDM","278","RC","","","","","facility","both","","","","12588.58","12588.58","","","","","","","","","","","","","Gross Charge Type: Main Acute Price List"
"COIL, TARGET 360 SOFT DETACHAB 4MM X 6CM","OperWmSup45929","CDM","278","RC","","","","","facility","both","","","","12588.58","12588.58","","","","","","","","","","","","","Gross Charge Type: Main Acute Price List"
"COIL, TARGET 360 SOFT DETACHAB 4MM X 8CM","PacuChSup45930","CDM","278","RC","","","","","facility","both","","","","13387.95","13387.95","","","","","","","","","","","","","Gross Charge Type: Main Acute Price List"
"COIL, TARGET 360 SOFT DETACHAB 5MM X 15CM","Wilm5445933","CDM","278","RC","","","","","facility","both","","","","13387.95","13387.95","","","","","","","","","","","","","Gross Charge Type: Main Acute Price List"
"COIL, TARGET 360 SOFT DETACHAB 6MM X 15CM","ScanChSup45935","CDM","278","RC","","","","","facility","both","","","","13387.95","13387.95","","","","","","","","","","","","","Gross Charge Type: Main Acute Price List"
"COIL, TARGET 360 SOFT DETACHAB 7MM X 15CM","ScanWmSup45936","CDM","278","RC","","","","","facility","both","","","","13387.95","13387.95","","","","","","","","","","","","","Gross Charge Type: Main Acute Price List"
"COIL, TARGET 360 SOFT DETACHAB 7MM X 15CM","ScpuWmSup45936","CDM","278","RC","","","","","facility","both","","","","13387.95","13387.95","","","","","","","","","","","","","Gross Charge Type: Main Acute Price List"
"COIL, TARGET 360 SOFT DETACHAB 7MM X 20CM","OperChSup45937","CDM","278","RC","","","","","facility","both","","","","13387.95","13387.95","","","","","","","","","","","","","Gross Charge Type: Main Acute Price List"
"COIL, TARGET 360 SOFT DETACHABLE 6MM X 20CM","ScpuChSup50896","CDM","278","RC","","","","","facility","both","","","","12588.51","12588.51","","","","","","","","","","","","","Gross Charge Type: Main Acute Price List"
"COIL, TARGET 360 ULTRA 1.5MM X 3CM","GastChSup50837","CDM","278","RC","","","","","facility","both","","","","13387.89","13387.89","","","","","","","","","","","","","Gross Charge Type: Main Acute Price List"
"COIL, TARGET 360 ULTRA 1.5MM X 3CM","Wilm5450837","CDM","278","RC","","","","","facility","both","","","","13387.89","13387.89","","","","","","","","","","","","","Gross Charge Type: Main Acute Price List"
"COIL, TARGET 360 ULTRA 4.5MM X 10CM","PacuChSup74542","CDM","278","RC","C1889","HCPCS","","","facility","both","","","","13387.89","13387.89","","","","","","","","","","","","","Gross Charge Type: Main Acute Price List"
"COIL, TARGET 360 ULTRA DETACHAB 2MM X 3CM","EplbChSup45946","CDM","278","RC","","","","","facility","both","","","","13387.95","13387.95","","","","","","","","","","","","","Gross Charge Type: Main Acute Price List"
"COIL, TARGET 360 ULTRA DETACHAB 3MM X 4CM","GastWmSup45949","CDM","278","RC","","","","","facility","both","","","","13387.95","13387.95","","","","","","","","","","","","","Gross Charge Type: Main Acute Price List"
"COIL, TARGET 360 ULTRA DETACHAB 4MM X 8CM","CcthChSup45953","CDM","278","RC","","","","","facility","both","","","","13387.95","13387.95","","","","","","","","","","","","","Gross Charge Type: Main Acute Price List"
"COIL, TARGET 360 ULTRA DETACHABLE 3MM X 10CM","AngiWmSup50897","CDM","278","RC","","","","","facility","both","","","","13387.89","13387.89","","","","","","","","","","","","","Gross Charge Type: Main Acute Price List"
"COIL, TARGET 360 ULTRA DETACHABLE 3MM X 10CM","Wilm5450897","CDM","278","RC","","","","","facility","both","","","","13387.89","13387.89","","","","","","","","","","","","","Gross Charge Type: Main Acute Price List"
"COIL, TARGET 360 ULTRA DETACHABLE 4MM X 15CM","OperChSup49774","CDM","278","RC","","","","","facility","both","","","","13387.89","13387.89","","","","","","","","","","","","","Gross Charge Type: Main Acute Price List"
"COIL, TARGET 360 ULTRA DETACHABLE 5MM X 15CM","ScpuChSup49775","CDM","278","RC","","","","","facility","both","","","","13387.89","13387.89","","","","","","","","","","","","","Gross Charge Type: Main Acute Price List"
"COIL, TARGET HELICAL ULTRA DETACH 2MM X 4CM","AngiWmSup45959","CDM","278","RC","","","","","facility","both","","","","9708.05","9708.05","","","","","","","","","","","","","Gross Charge Type: Main Acute Price List"
"COIL, TARGET HELICAL ULTRA DETACH 2MM X 6CM","AngiChSup45960","CDM","278","RC","C1889","HCPCS","","","facility","both","","","","9708.05","9708.05","","","","","","","","","","","","","Gross Charge Type: Main Acute Price List"
"COIL, TARGET HELICAL ULTRA DETACH 3MM X 4CM","PacuChSup45964","CDM","278","RC","","","","","facility","both","","","","9708.05","9708.05","","","","","","","","","","","","","Gross Charge Type: Main Acute Price List"
"COIL, TARGET HELICAL ULTRA DETACHABLE 1.5MM X 3CM","AngiChSup50893","CDM","278","RC","","","","","facility","both","","","","13387.89","13387.89","","","","","","","","","","","","","Gross Charge Type: Main Acute Price List"
"COIL, TARGET HELICAL ULTRA DETACHABLE 1.5MM X 3CM","OperChSup50893","CDM","278","RC","","","","","facility","both","","","","13387.89","13387.89","","","","","","","","","","","","","Gross Charge Type: Main Acute Price List"
"COIL, TARGET HELICAL ULTRA DETACHABLE 1.5MM X 3CM","ScorWmSup50893","CDM","278","RC","","","","","facility","both","","","","13387.89","13387.89","","","","","","","","","","","","","Gross Charge Type: Main Acute Price List"
"COIL, TARGET HELICAL ULTRA DETACHABLE 1MM X 1CM","PacuChSup50889","CDM","278","RC","","","","","facility","both","","","","13387.89","13387.89","","","","","","","","","","","","","Gross Charge Type: Main Acute Price List"
"COIL, TARGET TETRA 1.5MM X 2.0CM","OperWmSup117834","CDM","272","RC","","","","","facility","both","","","","13387.89","13387.89","","","","","","","","","","","","","Gross Charge Type: Main Acute Price List"
"COIL, TARGET TETRA 2.0MM X 3.5CM","CcthChSup117837","CDM","272","RC","","","","","facility","both","","","","12588.51","12588.51","","","","","","","","","","","","","Gross Charge Type: Main Acute Price List"
"COIL, TARGET TETRA 2.5MM X 3.5CM","AnesChSup117840","CDM","272","RC","","","","","facility","both","","","","13387.89","13387.89","","","","","","","","","","","","","Gross Charge Type: Main Acute Price List"
"COIL, TARGET TETRA 2.5MM X 3.5CM","OperChSup117840","CDM","272","RC","","","","","facility","both","","","","13387.89","13387.89","","","","","","","","","","","","","Gross Charge Type: Main Acute Price List"
"COIL, TARGET TETRA 2.5MM X 4.5CM","CcthChSup117841","CDM","272","RC","","","","","facility","both","","","","13387.89","13387.89","","","","","","","","","","","","","Gross Charge Type: Main Acute Price List"
"COIL, TARGET TETRA 2.5MM X 4.5CM","ScpuChSup117841","CDM","272","RC","","","","","facility","both","","","","13387.89","13387.89","","","","","","","","","","","","","Gross Charge Type: Main Acute Price List"
"COIL, TARGET TETRA 2.5MM X 6.0CM","ScorWmSup117842","CDM","272","RC","","","","","facility","both","","","","12588.51","12588.51","","","","","","","","","","","","","Gross Charge Type: Main Acute Price List"
"COIL, TARGET TETRA 3.0MM X 8.0CM","CspuChSup117846","CDM","272","RC","","","","","facility","both","","","","12588.51","12588.51","","","","","","","","","","","","","Gross Charge Type: Main Acute Price List"
"COIL, TARGET TETRA 3.0MM X 8.0CM","EplbChSup117846","CDM","272","RC","","","","","facility","both","","","","12588.51","12588.51","","","","","","","","","","","","","Gross Charge Type: Main Acute Price List"
"COIL, TARGET TETRA 3.5MM X 10CM","OperChSup117847","CDM","272","RC","","","","","facility","both","","","","12588.51","12588.51","","","","","","","","","","","","","Gross Charge Type: Main Acute Price List"
"COIL, TARGET TETRA 4.0MM X 6.0CM","AngiWmSup117851","CDM","272","RC","","","","","facility","both","","","","13387.89","13387.89","","","","","","","","","","","","","Gross Charge Type: Main Acute Price List"
"COIL, TARGET XL 360 SOFT 10MM X 40CM","PacuWmSup53423","CDM","278","RC","","","","","facility","both","","","","19252.73","19252.73","","","","","","","","","","","","","Gross Charge Type: Main Acute Price List"
"COIL, TARGET XL 360 SOFT 2MM X 6CM","ScorChSup68519","CDM","278","RC","","","","","facility","both","","","","19252.73","19252.73","","","","","","","","","","","","","Gross Charge Type: Main Acute Price List"
"COIL, TARGET XL 360 SOFT 2MM X 6CM","Wilm5468519","CDM","278","RC","","","","","facility","both","","","","19252.73","19252.73","","","","","","","","","","","","","Gross Charge Type: Main Acute Price List"
"COIL, TARGET XL 360 SOFT 6MM X 20CM","OperWmSup53514","CDM","278","RC","C1889","HCPCS","","","facility","both","","","","20475.27","20475.27","","","","","","","","","","","","","Gross Charge Type: Main Acute Price List"
"COIL, TARGET XL DETACHABLE 360 SOFT 7 X 20CM","PacuChSup53629","CDM","278","RC","C1889","HCPCS","","","facility","both","","","","20475.27","20475.27","","","","","","","","","","","","","Gross Charge Type: Main Acute Price List"
"COIL, TARGET XL DETACHABLE 360 SOFT 8 X 30CM","GyscChSup53630","CDM","278","RC","C1889","HCPCS","","","facility","both","","","","20475.27","20475.27","","","","","","","","","","","","","Gross Charge Type: Main Acute Price List"
"COIL, TARGET XL DETACHABLE 360 SOFT 8 X 30CM","ScorChSup53630","CDM","278","RC","C1889","HCPCS","","","facility","both","","","","20475.27","20475.27","","","","","","","","","","","","","Gross Charge Type: Main Acute Price List"
"COIL, TARGET XL DETACHABLE 360 SOFT 9 X 30CM","AnesWmSup53631","CDM","278","RC","C1889","HCPCS","","","facility","both","","","","19252.73","19252.73","","","","","","","","","","","","","Gross Charge Type: Main Acute Price List"
"COIL, TARGET XL DETACHABLE HELICAL 22 X 50CM","AngiWmSup53614","CDM","278","RC","","","","","facility","both","","","","10097.69","10097.69","","","","","","","","","","","","","Gross Charge Type: Main Acute Price List"
"COIL, TORNADO 185-10/4","GyscChSup9834","CDM","270","RC","","","","","facility","both","","","","694.98","694.98","","","","","","","","","","","","","Gross Charge Type: Main Acute Price List"
"COIL, TORNADO 185-6/2","ScanChSup9832","CDM","270","RC","","","","","facility","both","","","","739.11","739.11","","","","","","","","","","","","","Gross Charge Type: Main Acute Price List"
"COIL, TORNADO EMBOL 18S-3/2","GastWmSup205716","CDM","278","RC","C1889","HCPCS","","","facility","both","","","","739.11","739.11","","","","","","","","","","","","","Gross Charge Type: Main Acute Price List"
"COIL, TORNADO EMBOL 18S-7/3","AngiWmSup28238","CDM","278","RC","","","","","facility","both","","","","739.11","739.11","","","","","","","","","","","","","Gross Charge Type: Main Acute Price List"
"COIL, UNIFORM 2MM X 2.5 CM","AngiWmSup119435","CDM","278","RC","C1889","HCPCS","","","facility","both","","","","9991.11","9991.11","","","","","","","","","","","","","Gross Charge Type: Main Acute Price List"
"COIL, UNIFORM 3MM X 5.4 CM","AngiWmSup119437","CDM","278","RC","C1889","HCPCS","","","facility","both","","","","9991.11","9991.11","","","","","","","","","","","","","Gross Charge Type: Main Acute Price List"
"COIL, UNIFORM 4MM X 11.5 CM","CcthChSup119440","CDM","278","RC","C1889","HCPCS","","","facility","both","","","","9991.11","9991.11","","","","","","","","","","","","","Gross Charge Type: Main Acute Price List"
"COIL, UNIFORM 5MM X 9.7 CM","CcthChSup119441","CDM","278","RC","C1889","HCPCS","","","facility","both","","","","9991.11","9991.11","","","","","","","","","","","","","Gross Charge Type: Main Acute Price List"
"COIL, UNIFORM 6MM X 11.9 CM","CspuChSup119443","CDM","278","RC","C1889","HCPCS","","","facility","both","","","","9991.11","9991.11","","","","","","","","","","","","","Gross Charge Type: Main Acute Price List"
"COIL, UNIFORM 6MM X 11.9 CM","GyscChSup119443","CDM","278","RC","C1889","HCPCS","","","facility","both","","","","9991.11","9991.11","","","","","","","","","","","","","Gross Charge Type: Main Acute Price List"
"COIL, UNIFORM 6MM X 11.9 CM","PacuWmSup119443","CDM","278","RC","C1889","HCPCS","","","facility","both","","","","9991.11","9991.11","","","","","","","","","","","","","Gross Charge Type: Main Acute Price List"
"COIL, UNIFORM 6MM X 26 CM","ScpuWmSup119444","CDM","278","RC","C1889","HCPCS","","","facility","both","","","","9991.11","9991.11","","","","","","","","","","","","","Gross Charge Type: Main Acute Price List"
"COIL, UNIFORM 7MM X 13.9 CM","PacuWmSup119445","CDM","278","RC","C1889","HCPCS","","","facility","both","","","","9991.11","9991.11","","","","","","","","","","","","","Gross Charge Type: Main Acute Price List"
"COIL, UNIFORM XL 10MM X 17.1 CM","PacuWmSup119425","CDM","278","RC","C1889","HCPCS","","","facility","both","","","","12307.89","12307.89","","","","","","","","","","","","","Gross Charge Type: Main Acute Price List"
"COIL, UNIFORM XL 10MM X 34 CM","ScpuWmSup119426","CDM","278","RC","C1889","HCPCS","","","facility","both","","","","12307.89","12307.89","","","","","","","","","","","","","Gross Charge Type: Main Acute Price List"
"COIL, UNIFORM XL 11MM X 37 CM","DelrChSup119428","CDM","278","RC","C1889","HCPCS","","","facility","both","","","","12307.89","12307.89","","","","","","","","","","","","","Gross Charge Type: Main Acute Price List"
"COIL, UNIFORM XL 12MM X 40 CM","ScpuWmSup119429","CDM","278","RC","C1889","HCPCS","","","facility","both","","","","12307.89","12307.89","","","","","","","","","","","","","Gross Charge Type: Main Acute Price List"
"COIL, UNIFORM XL 16MM X 47 CM","OperChSup119432","CDM","278","RC","C1889","HCPCS","","","facility","both","","","","12307.89","12307.89","","","","","","","","","","","","","Gross Charge Type: Main Acute Price List"
"COIL, UNIFORM XL 18MM X 46 CM","DelrChSup119433","CDM","278","RC","C1889","HCPCS","","","facility","both","","","","12307.89","12307.89","","","","","","","","","","","","","Gross Charge Type: Main Acute Price List"
"COIL, UNIFORM XL 18MM X 46 CM","GastChSup119433","CDM","278","RC","C1889","HCPCS","","","facility","both","","","","12307.89","12307.89","","","","","","","","","","","","","Gross Charge Type: Main Acute Price List"
"COIL, UNIFORM XL 6MM X 12.2 CM","AnesChSup119419","CDM","278","RC","C1889","HCPCS","","","facility","both","","","","12307.89","12307.89","","","","","","","","","","","","","Gross Charge Type: Main Acute Price List"
"COIL, UNIFORM XL 6MM X 12.2 CM","AngiWmSup119419","CDM","278","RC","C1889","HCPCS","","","facility","both","","","","12307.89","12307.89","","","","","","","","","","","","","Gross Charge Type: Main Acute Price List"
"COIL, UNIFORM XL 8MM X 30 CM","AnesChSup119422","CDM","278","RC","C1889","HCPCS","","","facility","both","","","","12307.89","12307.89","","","","","","","","","","","","","Gross Charge Type: Main Acute Price List"
"COIL, UNIFORM XL 8MM X 30 CM","DelrChSup119422","CDM","278","RC","C1889","HCPCS","","","facility","both","","","","12307.89","12307.89","","","","","","","","","","","","","Gross Charge Type: Main Acute Price List"
"COIL, UNIFORM XL 9MM X 15.3 CM","OperChSup119423","CDM","278","RC","C1889","HCPCS","","","facility","both","","","","12307.89","12307.89","","","","","","","","","","","","","Gross Charge Type: Main Acute Price List"
"COIL, UNIFORM XL 9MM X 15.3 CM","OperWmSup119423","CDM","278","RC","C1889","HCPCS","","","facility","both","","","","12307.89","12307.89","","","","","","","","","","","","","Gross Charge Type: Main Acute Price List"
"COIL, UNIFORM XL 9MM X 33 CM","PacuWmSup119424","CDM","278","RC","C1889","HCPCS","","","facility","both","","","","12307.89","12307.89","","","","","","","","","","","","","Gross Charge Type: Main Acute Price List"
"COIL, VORT-X 18 DIAMOND SHAPE PLANTINUM 3X3.3MM","CspuChSup43728","CDM","278","RC","C1889","HCPCS","","","facility","both","","","","400.38","400.38","","","","","","","","","","","","","Gross Charge Type: Main Acute Price List"
"COIL, XCEL DETACHER","PacuChSup76752","CDM","272","RC","","","","","facility","both","","","","1077.96","1077.96","","","","","","","","","","","","","Gross Charge Type: Main Acute Price List"
"COIL,IDC-18 SOFT EMBOLIZATION 3 X 6CM 2D","Wilm3166166","CDM","278","RC","","","","","facility","both","","","","1977.28","1977.28","","","","","","","","","","","","","Gross Charge Type: Main Acute Price List"
"COIL,IDC-18 SOFT EMBOLIZATION 4 X 8CM 2D","ScorWmSup66169","CDM","278","RC","","","","","facility","both","","","","1859.22","1859.22","","","","","","","","","","","","","Gross Charge Type: Main Acute Price List"
"COIL,IDC-18 SOFT EMBOLIZATION 4 X 8CM 2D","Wilm3166169","CDM","278","RC","","","","","facility","both","","","","1859.22","1859.22","","","","","","","","","","","","","Gross Charge Type: Main Acute Price List"
"COIL,INTERLOCK 18 OCCLUS 2D HELICAL 3X6","CcthChSup61343","CDM","278","RC","","","","","facility","both","","","","1638.49","1638.49","","","","","","","","","","","","","Gross Charge Type: Main Acute Price List"
"COIL,INTERLOCK 18 OCCLUS 2D HELICAL 3X6","ScorWmSup61343","CDM","278","RC","","","","","facility","both","","","","1638.49","1638.49","","","","","","","","","","","","","Gross Charge Type: Main Acute Price List"
"COLL DRAINAGE,CATH,IMG,PERITONEAL PERC","Chrs381082","CDM","361","RC","49406","HCPCS","","","facility","both","","","","3160.36","3160.36","","","","","","","","","","","","","Gross Charge Type: Main Acute Price List"
"COLLAR, PHILA CERVICAL  SM","Chrs5483511","CDM","270","RC","","","","","facility","both","","","","120.53","120.53","","","","","","","","","","","","","Gross Charge Type: Main Acute Price List"
"COLLAR, PHILA CERVICAL  SM","Wilm5483511","CDM","270","RC","","","","","facility","both","","","","120.53","120.53","","","","","","","","","","","","","Gross Charge Type: Main Acute Price List"
"COMPLEMENT C5,PLASMA","ChemMe6762","CDM","301","RC","86160","HCPCS","","","facility","both","","","","208.97","208.97","","","","","","","","","","","","","Gross Charge Type: Main Acute Price List"
"COMPLEMENT C8","CHEMSR3060","CDM","302","RC","86161","HCPCS","","","facility","both","","","","362.02","362.02","","","","","","","","","","","","","Gross Charge Type: Main Acute Price List"
"COMPLEMENT C9","ChemWm3064","CDM","302","RC","86160","HCPCS","","","facility","both","","","","362.02","362.02","","","","","","","","","","","","","Gross Charge Type: Main Acute Price List"
"COMPLEMENT CH50","ChemMe6592","CDM","301","RC","86162","HCPCS","","","facility","both","","","","181.71","181.71","","","","","","","","","","","","","Gross Charge Type: Main Acute Price List"
"COMPONENT, CONICAL PROXIMAL CEMENTLESS RECLAIM 20MMX85MM","OperWmSup10194303","CDM","278","RC","C1776","HCPCS","","","facility","both","","","","24689.18","24689.18","","","","","","","","","","","","","Gross Charge Type: Main Acute Price List"
"COMPONENT, FEMORAL LEGION PS NARROW  SIZE 6N  RIGHT","OperChSup120506","CDM","278","RC","C1776","HCPCS","","","facility","both","","","","11395.52","11395.52","","","","","","","","","","","","","Gross Charge Type: Main Acute Price List"
"COMPONENT, FEMORAL REMEDY SPACER 54MM SM","OperChSup64401","CDM","278","RC","C1776","HCPCS","","","facility","both","","","","9411.92","9411.92","","","","","","","","","","","","","Gross Charge Type: Main Acute Price List"
"COMPONENT, FEMORAL REMEDY SPACER 54MM SM","ScanChSup64401","CDM","278","RC","C1776","HCPCS","","","facility","both","","","","9411.92","9411.92","","","","","","","","","","","","","Gross Charge Type: Main Acute Price List"
"COMPONENT, GMRS PROXIMAL TIBIA SM 80MM","Wilm3167696","CDM","278","RC","C1776","HCPCS","","","facility","both","","","","53542.23","53542.23","","","","","","","","","","","","","Gross Charge Type: Main Acute Price List"
"COMPONENT, HEAD EVOLVE RADIAL 18MM","DelrChSup66412","CDM","278","RC","","","","","facility","both","","","","10390.76","10390.76","","","","","","","","","","","","","Gross Charge Type: Main Acute Price List"
"COMPONENT, HEAD MODULAR RADIAL +2 24MM","GastChSup55249","CDM","278","RC","C1776","HCPCS","","","facility","both","","","","17868.17","17868.17","","","","","","","","","","","","","Gross Charge Type: Main Acute Price List"
"COMPONENT, HEAD MODULAR RADIAL +2 24MM","OperChSup55249","CDM","278","RC","C1776","HCPCS","","","facility","both","","","","17868.17","17868.17","","","","","","","","","","","","","Gross Charge Type: Main Acute Price List"
"COMPONENT, HEAD MODULAR RADIAL +2 24MM","PacuChSup55249","CDM","278","RC","C1776","HCPCS","","","facility","both","","","","17868.17","17868.17","","","","","","","","","","","","","Gross Charge Type: Main Acute Price List"
"COMPONENT, HEAD MODULAR RADIAL 24MM","CcthChSup55245","CDM","278","RC","C1776","HCPCS","","","facility","both","","","","10390.76","10390.76","","","","","","","","","","","","","Gross Charge Type: Main Acute Price List"
"COMPONENT, HEAD MODULAR RADIAL 24MM","PacuChSup55245","CDM","278","RC","C1776","HCPCS","","","facility","both","","","","10390.76","10390.76","","","","","","","","","","","","","Gross Charge Type: Main Acute Price List"
"COMPONENT, HEAD STD 22MM","ScorChSup18718","CDM","278","RC","C1776","HCPCS","","","facility","both","","","","11050.58","11050.58","","","","","","","","","","","","","Gross Charge Type: Main Acute Price List"
"COMPONENT, MODULAR HEAD 9X28MM","AnesChSup26025","CDM","278","RC","C1776","HCPCS","","","facility","both","","","","1712.88","1712.88","","","","","","","","","","","","","Gross Charge Type: Main Acute Price List"
"COMPONENT, MODULAR HEAD 9X28MM","OperWmSup26025","CDM","278","RC","C1776","HCPCS","","","facility","both","","","","1712.88","1712.88","","","","","","","","","","","","","Gross Charge Type: Main Acute Price List"
"COMPONENT, MRH KNEE FEMORAL LARGE LT","AngiWmSup67695","CDM","278","RC","C1776","HCPCS","","","facility","both","","","","23622.99","23622.99","","","","","","","","","","","","","Gross Charge Type: Main Acute Price List"
"COMPONENT, MRH KNEE FEMORAL LARGE LT","ScpuChSup67695","CDM","278","RC","C1776","HCPCS","","","facility","both","","","","23622.99","23622.99","","","","","","","","","","","","","Gross Charge Type: Main Acute Price List"
"COMPONENT, STEM MODULAR RADIAL 5.5MM","EplbChSup55256","CDM","278","RC","C1776","HCPCS","","","facility","both","","","","12348.44","12348.44","","","","","","","","","","","","","Gross Charge Type: Main Acute Price List"
"COMPONENT, STEM MODULAR RADIAL 5.5MM","GastChSup55256","CDM","278","RC","C1776","HCPCS","","","facility","both","","","","12348.44","12348.44","","","","","","","","","","","","","Gross Charge Type: Main Acute Price List"
"COMPONENT, STEM MODULAR RADIAL 5.5MM","OperChSup55256","CDM","278","RC","C1776","HCPCS","","","facility","both","","","","12348.44","12348.44","","","","","","","","","","","","","Gross Charge Type: Main Acute Price List"
"COMPONENT, TIBIAL REMEDY SPACER 70MM MED","AngiWmSup64399","CDM","278","RC","C1776","HCPCS","","","facility","both","","","","10009.58","10009.58","","","","","","","","","","","","","Gross Charge Type: Main Acute Price List"
"COMPONENT, TIBIAL REMEDY SPACER 70MM MED","OperClSup64399","CDM","278","RC","C1776","HCPCS","","","facility","both","","","","10009.58","10009.58","","","","","","","","","","","","","Gross Charge Type: Main Acute Price List"
"COMPONENT,FEMORAL REMEDY SPACER 74MM LRG","ScorWmSup64403","CDM","278","RC","C1776","HCPCS","","","facility","both","","","","10009.58","10009.58","","","","","","","","","","","","","Gross Charge Type: Main Acute Price List"
"COMPONENT,METAGLENE DELTA XTE CEMENTL  +10MM","EplbChSup72435","CDM","278","RC","C1776","HCPCS","","","facility","both","","","","25655.31","25655.31","","","","","","","","","","","","","Gross Charge Type: Main Acute Price List"
"CONCENTRATION INFECTIOUS AGENTS FECES","ChemCh2051","CDM","306","RC","87015","HCPCS","","","facility","both","","","","48.79","48.79","","","","","","","","","","","","","Gross Charge Type: Main Acute Price List"
"CONE TIBIAL LEGION SHORT 18X25MM M/L31MM","OperWmSup10195255","CDM","278","RC","C1776","HCPCS","","","facility","both","","","","27740","27740","","","","","","","","","","","","","Gross Charge Type: Main Acute Price List"
"CONE, REVISION ATTUNE KNEE SYSTEM CONCENTRIC MEDIUM","ScorWmSup119949","CDM","278","RC","C1776","HCPCS","","","facility","both","","","","38880.27","38880.27","","","","","","","","","","","","","Gross Charge Type: Main Acute Price List"
"CONE,TRABECULAR  METAL TIB SZ EXTRA SM 48","CLDRChSup76358","CDM","278","RC","","","","","facility","both","","","","25140.98","25140.98","","","","","","","","","","","","","Gross Charge Type: Main Acute Price List"
"CONE,TRABECULAR  METAL TIB SZ EXTRA SM 48","PacuWmSup76358","CDM","278","RC","","","","","facility","both","","","","25140.98","25140.98","","","","","","","","","","","","","Gross Charge Type: Main Acute Price List"
"CONNECTOR, 3.5 TO 3.5","AnesWmSup116371","CDM","272","RC","","","","","facility","both","","","","4974","4974","","","","","","","","","","","","","Gross Charge Type: Main Acute Price List"
"CONNECTOR, 48""","ScorChSup213164","CDM","270","RC","","","","","facility","both","","","","29.14","29.14","","","","","","","","","","","","","Gross Charge Type: Main Acute Price List"
"CONNECTOR, AXOGUARD NERVE 2X15MM","EplbChSup63843","CDM","278","RC","C1763","HCPCS","","","facility","both","","","","12307.16","12307.16","","","","","","","","","","","","","Gross Charge Type: Main Acute Price List"
"CONNECTOR, AXOGUARD NERVE 3X15MM","Chrs5463844","CDM","278","RC","C1763","HCPCS","","","facility","both","","","","12799.94","12799.94","","","","","","","","","","","","","Gross Charge Type: Main Acute Price List"
"CONNECTOR, AXOGUARD NERVE 3X15MM","ScpuWmSup63844","CDM","278","RC","C1763","HCPCS","","","facility","both","","","","12799.94","12799.94","","","","","","","","","","","","","Gross Charge Type: Main Acute Price List"
"CONNECTOR, AXOGUARD NERVE 4X10MM","ScpuWmSup57915","CDM","278","RC","C1763","HCPCS","","","facility","both","","","","7593.25","7593.25","","","","","","","","","","","","","Gross Charge Type: Main Acute Price List"
"CONNECTOR, AXOGUARD NERVE 5X15MM","ScorWmSup63846","CDM","278","RC","C1763","HCPCS","","","facility","both","","","","12307.16","12307.16","","","","","","","","","","","","","Gross Charge Type: Main Acute Price List"
"CONNECTOR, CROSS SYMPHONY ROD TO ROD 32 TO 35MM","GastChSup108843","CDM","278","RC","C1713","HCPCS","","","facility","both","","","","3695.84","3695.84","","","","","","","","","","","","","Gross Charge Type: Main Acute Price List"
"CONNECTOR, DOMINO 4.75-4.75 TI","GastChSup118089","CDM","278","RC","C1713","HCPCS","","","facility","both","","","","13321.48","13321.48","","","","","","","","","","","","","Gross Charge Type: Main Acute Price List"
"CONNECTOR, EVEREST XTRA WIDE 5.5/6.0 SIDE TO 5.5/6.0 CLOS","OperChSup112217","CDM","278","RC","C1713","HCPCS","","","facility","both","","","","2895.98","2895.98","","","","","","","","","","","","","Gross Charge Type: Main Acute Price List"
"CONNECTOR, EXTENSION TUBE","Fcin472915","CDM","270","RC","","","","","facility","both","","","","0.84","0.84","","","","","","","","","","","","","Gross Charge Type: Main Acute Price List"
"CONNECTOR, EXTENSION TUBE","Midd382915","CDM","270","RC","","","","","facility","both","","","","0.84","0.84","","","","","","","","","","","","","Gross Charge Type: Main Acute Price List"
"CONNECTOR, EXTENSION TUBE","S107US2915","CDM","270","RC","","","","","facility","both","","","","0.84","0.84","","","","","","","","","","","","","Gross Charge Type: Main Acute Price List"
"CONNECTOR, EXTENSION TUBE","Wilm382915","CDM","270","RC","","","","","facility","both","","","","0.84","0.84","","","","","","","","","","","","","Gross Charge Type: Main Acute Price List"
"CONNECTOR, LUER LOCK","PacuChSup71097","CDM","272","RC","","","","","facility","both","","","","107.04","107.04","","","","","","","","","","","","","Gross Charge Type: Main Acute Price List"
"CONNECTOR, MONARCH DRC TI 5.5X5.50","AnesWmSup72341","CDM","278","RC","","","","","facility","both","","","","5303.54","5303.54","","","","","","","","","","","","","Gross Charge Type: Main Acute Price List"
"CONNECTOR, MONARCH DRC TI 5.5X5.50","CcthChSup72341","CDM","278","RC","","","","","facility","both","","","","5303.54","5303.54","","","","","","","","","","","","","Gross Charge Type: Main Acute Price List"
"CONNECTOR, MONCRIEF PERITONEAL","Chrs5493467","CDM","270","RC","","","","","facility","both","","","","941.95","941.95","","","","","","","","","","","","","Gross Charge Type: Main Acute Price List"
"CONNECTOR, O/C ANGLD 5.5-6.35X5.5TI","GyscChSup65541","CDM","278","RC","C1713","HCPCS","","","facility","both","","","","2988.09","2988.09","","","","","","","","","","","","","Gross Charge Type: Main Acute Price List"
"CONNECTOR, PARALLEL SYMPHONY 3.5-4 TO 5.5-6.35 L","ScorChSup106983","CDM","278","RC","","","","","facility","both","","","","2867.02","2867.02","","","","","","","","","","","","","Gross Charge Type: Main Acute Price List"
"CONNECTOR, ROD SIDE/OPEN/ANGLED","PacuChSup107367","CDM","278","RC","","","","","facility","both","","","","2895.98","2895.98","","","","","","","","","","","","","Gross Charge Type: Main Acute Price List"
"CONNECTOR, SD TOP NOTCH 5.5X5.5MM","OperWmSup69674","CDM","278","RC","C1713","HCPCS","","","facility","both","","","","2988.09","2988.09","","","","","","","","","","","","","Gross Charge Type: Main Acute Price List"
"CONNECTOR, SD TOP NOTCH 5.5X5.5MM","Wilm5469674","CDM","278","RC","C1713","HCPCS","","","facility","both","","","","2988.09","2988.09","","","","","","","","","","","","","Gross Charge Type: Main Acute Price List"
"CONNECTOR, SET SCREW","AnesChSup115021","CDM","278","RC","C1713","HCPCS","","","facility","both","","","","272.19","272.19","","","","","","","","","","","","","Gross Charge Type: Main Acute Price List"
"CONNECTOR, SET SCREW","ScpuWmSup115021","CDM","278","RC","C1713","HCPCS","","","facility","both","","","","272.19","272.19","","","","","","","","","","","","","Gross Charge Type: Main Acute Price List"
"CONNECTOR, SPINAL RELINE ASF O-O ROTATING CROSS","OperChSup10195824","CDM","278","RC","C1713","HCPCS","","","facility","both","","","","4088","4088","","","","","","","","","","","","","Gross Charge Type: Main Acute Price List"
"CONNECTOR, SPINEJET BLUE QUICK","ScanChSup37328","CDM","270","RC","","","","","facility","both","","","","2478.03","2478.03","","","","","","","","","","","","","Gross Charge Type: Main Acute Price List"
"CONNECTOR, STRAIGHT 10-15MM","AngiWmSup21702","CDM","278","RC","","","","","facility","both","","","","2155.91","2155.91","","","","","","","","","","","","","Gross Charge Type: Main Acute Price List"
"CONNECTOR, STRAIGHT 10-15MM","CspuChSup21702","CDM","278","RC","","","","","facility","both","","","","2155.91","2155.91","","","","","","","","","","","","","Gross Charge Type: Main Acute Price List"
"CONNECTOR, STRAIGHT 10-15MM","EplbChSup21702","CDM","278","RC","","","","","facility","both","","","","2155.91","2155.91","","","","","","","","","","","","","Gross Charge Type: Main Acute Price List"
"CONNECTOR, STYLET SPECIAL 1.75X5MM","CspuChSup113426","CDM","278","RC","C1713","HCPCS","","","facility","both","","","","231.68","231.68","","","","","","","","","","","","","Gross Charge Type: Main Acute Price List"
"CONNECTOR, STYLET SPECIAL 1.75X5MM","GastWmSup113426","CDM","278","RC","C1713","HCPCS","","","facility","both","","","","231.68","231.68","","","","","","","","","","","","","Gross Charge Type: Main Acute Price List"
"CONNECTOR, STYLET SPECIAL 1.75X5MM","PacuWmSup113426","CDM","278","RC","C1713","HCPCS","","","facility","both","","","","231.68","231.68","","","","","","","","","","","","","Gross Charge Type: Main Acute Price List"
"CONNECTOR, TI SDLS SD 6.5X5.5","PacuWmSup113201","CDM","278","RC","C1713","HCPCS","","","facility","both","","","","4102.26","4102.26","","","","","","","","","","","","","Gross Charge Type: Main Acute Price List"
"CONNECTOR, TRANSVERSE EVEREST 5.5X6.0MM L","ScanWmSup78224","CDM","278","RC","C1713","HCPCS","","","facility","both","","","","3079.87","3079.87","","","","","","","","","","","","","Gross Charge Type: Main Acute Price List"
"CONNECTOR, Y LARGE 1/4 IN X 1/2 IN","GyscChSup53492","CDM","272","RC","","","","","facility","both","","","","43.9","43.9","","","","","","","","","","","","","Gross Charge Type: Main Acute Price List"
"CONNECTORS, 3.5-3.5","ScanChSup120076","CDM","278","RC","C1713","HCPCS","","","facility","both","","","","3049.07","3049.07","","","","","","","","","","","","","Gross Charge Type: Main Acute Price List"
"CONTAINER, EVACUATED  500 ML","Ccim41993","CDM","270","RC","","","","","facility","both","","","","26.01","26.01","","","","","","","","","","","","","Gross Charge Type: Main Acute Price List"
"CONTAINER, EVACUATED  500 ML","Hccc41993","CDM","270","RC","","","","","facility","both","","","","26.01","26.01","","","","","","","","","","","","","Gross Charge Type: Main Acute Price List"
"CONTRAST, CONRAY 30%, 300ML","Ccbc30200803","CDM","270","RC","","","","","facility","both","","","","0.18","0.18","","","","","","","","","","","","","Gross Charge Type: Main Acute Price List"
"CONTRAST, CONRAY 30%, 300ML","Cccc56200803","CDM","270","RC","","","","","facility","both","","","","0.18","0.18","","","","","","","","","","","","","Gross Charge Type: Main Acute Price List"
"CONTRAST, CONRAY 30%, 300ML","Ccsp47200803","CDM","270","RC","","","","","facility","both","","","","0.18","0.18","","","","","","","","","","","","","Gross Charge Type: Main Acute Price List"
"CONTRAST, CONRAY 30%, 300ML","GastChSup200803","CDM","270","RC","","","","","facility","both","","","","0.18","0.18","","","","","","","","","","","","","Gross Charge Type: Main Acute Price List"
"CONTRAST, CONRAY, II 250ML PER ML","GyscChSup82582","CDM","270","RC","00019086207","NDC","","","facility","both","1","EA","","0.7","0.7","","","","","","","","","","","","","Gross Charge Type: Main Acute Price List | NDC EA = 1.0000 ML"
"CONTRAST, CONRAY, II 250ML PER ML","Hccc4182582","CDM","270","RC","00019086207","NDC","","","facility","both","1","EA","","0.7","0.7","","","","","","","","","","","","","Gross Charge Type: Main Acute Price List | NDC EA = 1.0000 ML"
"CONTRAST, CONRAY, II 250ML PER ML","ScanWmSup82582","CDM","270","RC","00019086207","NDC","","","facility","both","1","EA","","0.7","0.7","","","","","","","","","","","","","Gross Charge Type: Main Acute Price List | NDC EA = 1.0000 ML"
"CONTRAST, DOTAREM MRI 10X10ML VIAL","CcimMR64954","CDM","636","RC","A9575","HCPCS","67684-2000-01","NDC","facility","both","1","EA","","0.68","0.68","","","","","","","","","","","","","Gross Charge Type: Main Acute Price List | NDC EA = 0.1000 ML"
"CONTRAST, DOTAREM MRI 10X10ML VIAL","GastChSup64954","CDM","636","RC","A9575","HCPCS","67684-2000-01","NDC","facility","both","1","EA","","0.68","0.68","","","","","","","","","","","","","Gross Charge Type: Main Acute Price List | NDC EA = 0.1000 ML"
"CONTRAST, DOTAREM MRI 10X10ML VIAL","ScanChSup64954","CDM","636","RC","A9575","HCPCS","67684-2000-01","NDC","facility","both","1","EA","","0.68","0.68","","","","","","","","","","","","","Gross Charge Type: Main Acute Price List | NDC EA = 0.1000 ML"
"CONTRAST, DOTAREM MRI 10X15ML VIAL","S107MR64955","CDM","636","RC","A9575","HCPCS","67684-2000-02","NDC","facility","both","1","EA","","0.68","0.68","","","","","","","","","","","","","Gross Charge Type: Main Acute Price List | NDC EA = 1.0000 ML"
"CONTRAST, DOTAREM MRI 10X20ML VIAL","AngiChSup64956","CDM","636","RC","A9575","HCPCS","67684-2000-03","NDC","facility","both","1","EA","","0.68","0.68","","","","","","","","","","","","","Gross Charge Type: Main Acute Price List | NDC EA = 0.1000 ML"
"CONTRAST, DOTAREM MRI 10X20ML VIAL","CcsmCT64956","CDM","636","RC","A9575","HCPCS","67684-2000-03","NDC","facility","both","1","EA","","0.68","0.68","","","","","","","","","","","","","Gross Charge Type: Main Acute Price List | NDC EA = 0.1000 ML"
"CONTRAST, DOTAREM MRI 6X100ML VIAL","CcsmMR64957","CDM","636","RC","A9575","HCPCS","67684-2000-04","NDC","facility","both","1","EA","","1.26","1.26","","","","","","","","","","","","","Gross Charge Type: Main Acute Price List | NDC EA = 0.1000 ML"
"CONTRAST, DOTAREM MRI 6X100ML VIAL","OperWmSup64957","CDM","636","RC","A9575","HCPCS","67684-2000-04","NDC","facility","both","1","EA","","1.26","1.26","","","","","","","","","","","","","Gross Charge Type: Main Acute Price List | NDC EA = 0.1000 ML"
"CONTRAST, DOTAREM MRI 6X100ML VIAL","WilmMR64957","CDM","636","RC","A9575","HCPCS","67684-2000-04","NDC","facility","both","1","EA","","1.26","1.26","","","","","","","","","","","","","Gross Charge Type: Main Acute Price List | NDC EA = 0.1000 ML"
"CONTRAST, EOVIST 10ML PER ML","Midd3841806","CDM","636","RC","A9581","HCPCS","50419-0320-15","NDC","facility","both","1","EA","","90.94","90.94","","","","","","","","","","","","","Gross Charge Type: Main Acute Price List | NDC EA = 1.0000 ML"
"CONTRAST, ISOVUE 370 100ML/ML","AnesChSup32946","CDM","636","RC","Q9967","HCPCS","00270-1316-35","NDC","facility","both","1","EA","","0.74","0.74","","","","","","","","","","","","","Gross Charge Type: Main Acute Price List | NDC EA = 1.0000 ML"
"CONTRAST, ISOVUE 370 100ML/ML","CcimUS32946","CDM","636","RC","Q9967","HCPCS","00270-1316-35","NDC","facility","both","1","EA","","0.74","0.74","","","","","","","","","","","","","Gross Charge Type: Main Acute Price List | NDC EA = 1.0000 ML"
"CONTRAST, ISOVUE 370 100ML/ML","CcspCT32946","CDM","636","RC","Q9967","HCPCS","00270-1316-35","NDC","facility","both","1","EA","","0.74","0.74","","","","","","","","","","","","","Gross Charge Type: Main Acute Price List | NDC EA = 1.0000 ML"
"CONTRAST, ISOVUE 370 100ML/ML","PacuWmSup32946","CDM","636","RC","Q9967","HCPCS","00270-1316-35","NDC","facility","both","1","EA","","0.74","0.74","","","","","","","","","","","","","Gross Charge Type: Main Acute Price List | NDC EA = 1.0000 ML"
"CONTRAST, ISOVUE 370 50ML PER ML","GastChSup33608","CDM","636","RC","Q9967","HCPCS","00270131601","NDC","facility","both","1","EA","","1.35","1.35","","","","","","","","","","","","","Gross Charge Type: Main Acute Price List | NDC EA = 1.0000 ML"
"CONTRAST, ISOVUE 370 50ML PER ML","PacuChSup33608","CDM","636","RC","Q9967","HCPCS","00270131601","NDC","facility","both","1","EA","","1.35","1.35","","","","","","","","","","","","","Gross Charge Type: Main Acute Price List | NDC EA = 1.0000 ML"
"CONTRAST, ISOVUE 370 50ML PER ML","S1074133608","CDM","636","RC","Q9967","HCPCS","00270131601","NDC","facility","both","1","EA","","1.35","1.35","","","","","","","","","","","","","Gross Charge Type: Main Acute Price List | NDC EA = 1.0000 ML"
"CONTRAST, ISOVUE M-200 20ML PER ML","Ccim3882948","CDM","636","RC","Q9966","HCPCS","00270141125","NDC","facility","both","1","EA","","16.68","16.68","","","","","","","","","","","","","Gross Charge Type: Main Acute Price List | NDC EA = 1.0000 ML"
"CONTRAST, ISOVUE M-200 20ML PER ML","Ccsp4182948","CDM","636","RC","Q9966","HCPCS","00270141125","NDC","facility","both","1","EA","","16.68","16.68","","","","","","","","","","","","","Gross Charge Type: Main Acute Price List | NDC EA = 1.0000 ML"
"CONTRAST, ISOVUE M-200 20ML PER ML","S107MR82948","CDM","636","RC","Q9966","HCPCS","00270141125","NDC","facility","both","1","EA","","16.68","16.68","","","","","","","","","","","","","Gross Charge Type: Main Acute Price List | NDC EA = 1.0000 ML"
"CONTRAST, LUMASON 25MG VIAL PER ML","CcspUs69817","CDM","636","RC","Q9950","HCPCS","00270-7099-16","NDC","facility","both","1","EA","","32.92","32.92","","","","","","","","","","","","","Gross Charge Type: Main Acute Price List | NDC EA = 1.0000 ML"
"CONTRAST, LUMASON 25MG VIAL PER ML","FcinUs69817","CDM","636","RC","Q9950","HCPCS","00270-7099-16","NDC","facility","both","1","EA","","32.92","32.92","","","","","","","","","","","","","Gross Charge Type: Main Acute Price List | NDC EA = 1.0000 ML"
"CONTRAST, MAGNEVIST 5ML VIAL,PER ML","Chrs3863129","CDM","636","RC","A9579","HCPCS","50419-0188-05","NDC","facility","both","1","EA","","9.86","9.86","","","","","","","","","","","","","Gross Charge Type: Main Acute Price List | NDC EA = 1 ML"
"CONTRAST, MAGNEVIST 5ML VIAL,PER ML","Chrs5463129","CDM","636","RC","A9579","HCPCS","50419-0188-05","NDC","facility","both","1","EA","","9.86","9.86","","","","","","","","","","","","","Gross Charge Type: Main Acute Price List | NDC EA = 1 ML"
"CONTRAST, MAGNEVIST 5ML VIAL,PER ML","ChrsCT63129","CDM","636","RC","A9579","HCPCS","50419-0188-05","NDC","facility","both","1","EA","","9.86","9.86","","","","","","","","","","","","","Gross Charge Type: Main Acute Price List | NDC EA = 1 ML"
"CONTRAST, MULTIHANCE 20ML PER ML","Ccsm3832920","CDM","636","RC","A9577","HCPCS","00270516415","NDC","facility","both","1","EA","","30.46","30.46","","","","","","","","","","","","","Gross Charge Type: Main Acute Price List | NDC EA = 1.0000 ML"
"CONTRAST, OMNIPAQUE  240MGL 100ML/ML +PLUSPAK","Ccsb4749460","CDM","636","RC","Q9966","HCPCS","00407141233","NDC","facility","both","1","EA","","0.65","0.65","","","","","","","","","","","","","Gross Charge Type: Main Acute Price List | NDC EA = 1.0000 ML"
"CONTRAST, OMNIPAQUE  240MGL 100ML/ML +PLUSPAK","GyscChSup49460","CDM","636","RC","Q9966","HCPCS","00407141233","NDC","facility","both","1","EA","","0.65","0.65","","","","","","","","","","","","","Gross Charge Type: Main Acute Price List | NDC EA = 1.0000 ML"
"CONTRAST, OMNIPAQUE  240MGL 10ML/ML VIAL","Chrs3849461","CDM","636","RC","Q9966","HCPCS","00407141210","NDC","facility","both","1","EA","","13.63","13.63","","","","","","","","","","","","","Gross Charge Type: Main Acute Price List | NDC EA = 1.0000 ML"
"CONTRAST, OMNIPAQUE  240MGL 10ML/ML VIAL","S1074749461","CDM","636","RC","Q9966","HCPCS","00407141210","NDC","facility","both","1","EA","","13.63","13.63","","","","","","","","","","","","","Gross Charge Type: Main Acute Price List | NDC EA = 1.0000 ML"
"CONTRAST, OMNIPAQUE  240MGL 10ML/ML VIAL","WilmCT49461","CDM","636","RC","Q9966","HCPCS","00407141210","NDC","facility","both","1","EA","","13.63","13.63","","","","","","","","","","","","","Gross Charge Type: Main Acute Price List | NDC EA = 1.0000 ML"
"CONTRAST, OMNIPAQUE  240MGL 200ML/ML PLUSPAK","Ccsb4748997","CDM","636","RC","Q9966","HCPCS","00407141220","NDC","facility","both","1","EA","","0.7","0.7","","","","","","","","","","","","","Gross Charge Type: Main Acute Price List | NDC EA = 1.0000 ML"
"CONTRAST, OMNIPAQUE  240MGL 200ML/ML PLUSPAK","Ccsp3849001","CDM","636","RC","Q9966","HCPCS","00407141220","NDC","facility","both","1","EA","","7.21","7.21","","","","","","","","","","","","","Gross Charge Type: Main Acute Price List | NDC EA = 1.0000 ML"
"CONTRAST, OMNIPAQUE  240MGL 200ML/ML PLUSPAK","OperWmSup49001","CDM","636","RC","Q9966","HCPCS","00407141220","NDC","facility","both","1","EA","","7.21","7.21","","","","","","","","","","","","","Gross Charge Type: Main Acute Price List | NDC EA = 1.0000 ML"
"CONTRAST, OMNIPAQUE  300MGL 10ML/ML VIAL","Chrs4149002","CDM","636","RC","Q9967","HCPCS","00407141310","NDC","facility","both","1","EA","","12.59","12.59","","","","","","","","","","","","","Gross Charge Type: Main Acute Price List | NDC EA = 1.0000 ML"
"CONTRAST, OMNIPAQUE  300MGL 10ML/ML VIAL","S1074749002","CDM","636","RC","Q9967","HCPCS","00407141310","NDC","facility","both","1","EA","","12.59","12.59","","","","","","","","","","","","","Gross Charge Type: Main Acute Price List | NDC EA = 1.0000 ML"
"CONTRAST, OMNIPAQUE  300MGL 10ML/ML VIAL","Wilm3849002","CDM","636","RC","Q9967","HCPCS","00407141310","NDC","facility","both","1","EA","","12.59","12.59","","","","","","","","","","","","","Gross Charge Type: Main Acute Price List | NDC EA = 1.0000 ML"
"CONTRAST, OMNIPAQUE  300MGL 30ML/ML PLUSPAK","AngiWmSup49007","CDM","636","RC","Q9967","HCPCS","00407-1413-10","NDC","facility","both","1","EA","","1.3","1.3","","","","","","","","","","","","","Gross Charge Type: Main Acute Price List | NDC EA = 1 ML"
"CONTRAST, OMNIPAQUE  300MGL 30ML/ML PLUSPAK","Ccsp4149007","CDM","636","RC","Q9967","HCPCS","00407-1413-10","NDC","facility","both","1","EA","","1.3","1.3","","","","","","","","","","","","","Gross Charge Type: Main Acute Price List | NDC EA = 1 ML"
"CONTRAST, OMNIPAQUE  300MGL 30ML/ML PLUSPAK","Hccc5449007","CDM","636","RC","Q9967","HCPCS","00407-1413-10","NDC","facility","both","1","EA","","1.3","1.3","","","","","","","","","","","","","Gross Charge Type: Main Acute Price List | NDC EA = 1 ML"
"CONTRAST, OMNIPAQUE  300MGL 30ML/ML PLUSPAK","HcccXR49007","CDM","636","RC","Q9967","HCPCS","00407-1413-10","NDC","facility","both","1","EA","","1.3","1.3","","","","","","","","","","","","","Gross Charge Type: Main Acute Price List | NDC EA = 1 ML"
"CONTRAST, OMNIPAQUE  300MGL 30ML/ML PLUSPAK","S107XR49007","CDM","636","RC","Q9967","HCPCS","00407-1413-10","NDC","facility","both","1","EA","","1.3","1.3","","","","","","","","","","","","","Gross Charge Type: Main Acute Price List | NDC EA = 1 ML"
"CONTRAST, OMNIPAQUE  300MGL 30ML/ML PLUSPAK","WilmUS49007","CDM","636","RC","Q9967","HCPCS","00407-1413-10","NDC","facility","both","1","EA","","1.3","1.3","","","","","","","","","","","","","Gross Charge Type: Main Acute Price List | NDC EA = 1 ML"
"CONTRAST, OMNIPAQUE  300MGL 500ML/ML PLUSPAK","HcccCT49006","CDM","636","RC","Q9967","HCPCS","00407141368","NDC","facility","both","1","EA","","0.51","0.51","","","","","","","","","","","","","Gross Charge Type: Main Acute Price List | NDC EA = 1.0000 ML"
"CONTRAST, OMNIPAQUE  300MGL 500ML/ML PLUSPAK","HcccMR49006","CDM","636","RC","Q9967","HCPCS","00407141368","NDC","facility","both","1","EA","","0.51","0.51","","","","","","","","","","","","","Gross Charge Type: Main Acute Price List | NDC EA = 1.0000 ML"
"CONTRAST, OMNIPAQUE  350MGL 100ML/ML PLUSPAK","Ccim4149000","CDM","636","RC","Q9967","HCPCS","00407141491","NDC","facility","both","1","EA","","0.81","0.81","","","","","","","","","","","","","Gross Charge Type: Main Acute Price List | NDC EA = 1 ML"
"CONTRAST, OMNIPAQUE  350MGL 100ML/ML PLUSPAK","Ccsb3149000","CDM","636","RC","Q9967","HCPCS","00407141491","NDC","facility","both","1","EA","","0.81","0.81","","","","","","","","","","","","","Gross Charge Type: Main Acute Price List | NDC EA = 1 ML"
"CONTRAST, OMNIPAQUE  350MGL 100ML/ML PLUSPAK","EplbChSup49000","CDM","636","RC","Q9967","HCPCS","00407141491","NDC","facility","both","1","EA","","0.81","0.81","","","","","","","","","","","","","Gross Charge Type: Main Acute Price List | NDC EA = 1 ML"
"CONTRAST, OMNIPAQUE  350MGL 150ML IN 200ML/ML PLUSPAK","Ccsp4749003","CDM","636","RC","Q9967","HCPCS","00407141493","NDC","facility","both","1","EA","","0.56","0.56","","","","","","","","","","","","","Gross Charge Type: Main Acute Price List | NDC EA = 1 ML"
"CONTRAST, OMNIPAQUE  350MGL 200ML/ML PLUSPAK","Ccsm5449004","CDM","636","RC","Q9967","HCPCS","00407141494","NDC","facility","both","1","EA","","0.82","0.82","","","","","","","","","","","","","Gross Charge Type: Main Acute Price List | NDC EA = 1.0000 ML"
"CONTRAST, OMNIPAQUE  350MGL 200ML/ML PLUSPAK","Fcin5449004","CDM","636","RC","Q9967","HCPCS","00407141494","NDC","facility","both","1","EA","","0.82","0.82","","","","","","","","","","","","","Gross Charge Type: Main Acute Price List | NDC EA = 1.0000 ML"
"CONTRAST, OMNIPAQUE  350MGL 50ML/ML PLUSPAK","AnesChSup49005","CDM","636","RC","Q9967","HCPCS","00407141489","NDC","facility","both","1","EA","","0.83","0.83","","","","","","","","","","","","","Gross Charge Type: Main Acute Price List | NDC EA = 1 ML"
"CONTRAST, OMNIPAQUE  350MGL 50ML/ML PLUSPAK","CcimMR49005","CDM","636","RC","Q9967","HCPCS","00407141489","NDC","facility","both","1","EA","","0.83","0.83","","","","","","","","","","","","","Gross Charge Type: Main Acute Price List | NDC EA = 1 ML"
"CONTRAST, OMNIPAQUE  350MGL 50ML/ML PLUSPAK","GastChSup49005","CDM","636","RC","Q9967","HCPCS","00407141489","NDC","facility","both","1","EA","","0.83","0.83","","","","","","","","","","","","","Gross Charge Type: Main Acute Price List | NDC EA = 1 ML"
"CONTRAST, OMNIPAQUE  350MGL 50ML/ML PLUSPAK","PacuChSup49005","CDM","636","RC","Q9967","HCPCS","00407141489","NDC","facility","both","1","EA","","0.83","0.83","","","","","","","","","","","","","Gross Charge Type: Main Acute Price List | NDC EA = 1 ML"
"CONTRAST, OMNIPAQUE 240MG 50ML PLUSPAK 0407-1412-30","PacuChSup53414","CDM","636","RC","Q9966","HCPCS","00407-1412-30","NDC","facility","both","1","EA","","0.73","0.73","","","","","","","","","","","","","Gross Charge Type: Main Acute Price List | NDC EA = 1 EA"
"CONTRAST, OMNIPAQUE 240MG 50ML PLUSPAK 0407-1412-30","WilmCT53414","CDM","636","RC","Q9966","HCPCS","00407-1412-30","NDC","facility","both","1","EA","","0.73","0.73","","","","","","","","","","","","","Gross Charge Type: Main Acute Price List | NDC EA = 1 EA"
"CONTRAST, OMNIPAQUE 300MGL 100ML/ML  PLUSPAK","AngiWmSup48998","CDM","636","RC","Q9967","HCPCS","00407141363","NDC","facility","both","1","EA","","0.73","0.73","","","","","","","","","","","","","Gross Charge Type: Main Acute Price List | NDC EA = 1.0000 ML"
"CONTRAST, OMNIPAQUE 300MGL 200ML PLUS PAK,PER ML","Cccc5651463","CDM","636","RC","Q9967","HCPCS","00407141366","NDC","facility","both","1","EA","","0.56","0.56","","","","","","","","","","","","","Gross Charge Type: Main Acute Price List | NDC EA = 1.0000 ML"
"CONTRAST, OMNIPAQUE 300MGL 200ML PLUS PAK,PER ML","GyscChSup51463","CDM","636","RC","Q9967","HCPCS","00407141366","NDC","facility","both","1","EA","","0.56","0.56","","","","","","","","","","","","","Gross Charge Type: Main Acute Price List | NDC EA = 1.0000 ML"
"CONTRAST, OMNIPAQUE 300MGL 200ML PLUS PAK,PER ML","Hccc4751463","CDM","636","RC","Q9967","HCPCS","00407141366","NDC","facility","both","1","EA","","0.56","0.56","","","","","","","","","","","","","Gross Charge Type: Main Acute Price List | NDC EA = 1.0000 ML"
"CONTRAST, OMNIPAQUE 300MGL 200ML PLUS PAK,PER ML","HcccUS51463","CDM","636","RC","Q9967","HCPCS","00407141366","NDC","facility","both","1","EA","","0.56","0.56","","","","","","","","","","","","","Gross Charge Type: Main Acute Price List | NDC EA = 1.0000 ML"
"CONTRAST, OMNIPAQUE 300MGL 200ML PLUS PAK,PER ML","ScanWmSup51463","CDM","636","RC","Q9967","HCPCS","00407141366","NDC","facility","both","1","EA","","0.56","0.56","","","","","","","","","","","","","Gross Charge Type: Main Acute Price List | NDC EA = 1.0000 ML"
"CONTRAST, OMNIPAQUE 300MGL 200ML PLUS PAK,PER ML","Wilm3851463","CDM","636","RC","Q9967","HCPCS","00407141366","NDC","facility","both","1","EA","","0.56","0.56","","","","","","","","","","","","","Gross Charge Type: Main Acute Price List | NDC EA = 1.0000 ML"
"CONTRAST, OMNIPAQUE 300MGL 50ML/ML  PLUSPAK","Ccsp3848999","CDM","636","RC","Q9967","HCPCS","00407141361","NDC","facility","both","1","EA","","0.76","0.76","","","","","","","","","","","","","Gross Charge Type: Main Acute Price List | NDC EA = 1 ML"
"CONTRAST, OPTIRAY 240, 50ML/ML","Fcin47202494","CDM","636","RC","Q9966","HCPCS","00019132406","NDC","facility","both","1","EA","","1.27","1.27","","","","","","","","","","","","","Gross Charge Type: Main Acute Price List | NDC EA = 1.0000 ML"
"CONTRAST, OPTIRAY 240, 50ML/ML","PacuWmSup202494","CDM","636","RC","Q9966","HCPCS","00019132406","NDC","facility","both","1","EA","","1.27","1.27","","","","","","","","","","","","","Gross Charge Type: Main Acute Price List | NDC EA = 1.0000 ML"
"CONTRAST, OPTIRAY 320, 100ML/ML","CcimMR206006","CDM","636","RC","Q9967","HCPCS","00019132311","NDC","facility","both","1","EA","","1.04","1.04","","","","","","","","","","","","","Gross Charge Type: Main Acute Price List | NDC EA = 1 ML"
"CONTRAST, PROHANCE PER ML (15ML VIAL)","ChrsMR10180873","CDM","636","RC","A9579","HCPCS","00270-1111-02","NDC","facility","both","1","EA","","1.61","1.61","","","","","","","","","","","","","Gross Charge Type: Main Acute Price List | NDC EA = 1 ML"
"CONTRAST, PROHANCE PER ML (15ML VIAL)","Willm5410180873","CDM","636","RC","A9579","HCPCS","00270-1111-02","NDC","facility","both","1","EA","","1.61","1.61","","","","","","","","","","","","","Gross Charge Type: Main Acute Price List | NDC EA = 1 ML"
"CONTRAST, VISIPAQUE 320MGL 150ML, PER ML","CcicUS25819","CDM","636","RC","Q9967","HCPCS","00407222303","NDC","facility","both","1","EA","","3.71","3.71","","","","","","","","","","","","","Gross Charge Type: Main Acute Price List | NDC EA = 1.0000 ML"
"CONTRAST, VISIPAQUE 320MGL 150ML, PER ML","Ccim4125819","CDM","636","RC","Q9967","HCPCS","00407222303","NDC","facility","both","1","EA","","3.71","3.71","","","","","","","","","","","","","Gross Charge Type: Main Acute Price List | NDC EA = 1.0000 ML"
"CONTRAST, VISIPAQUE 320MGL 150ML, PER ML","CcimCT25819","CDM","636","RC","Q9967","HCPCS","00407222303","NDC","facility","both","1","EA","","3.71","3.71","","","","","","","","","","","","","Gross Charge Type: Main Acute Price List | NDC EA = 1.0000 ML"
"CONTRAST, VISIPAQUE 320MGL 50 ML, PER ML","ScanWmSup211130","CDM","636","RC","Q9967","HCPCS","00407222301","NDC","facility","both","1","EA","","4.04","4.04","","","","","","","","","","","","","Gross Charge Type: Main Acute Price List | NDC EA = 1 ML"
"CONTRAST, VISIPAQUE 320MGL 50 ML, PER ML","Wilm41211130","CDM","636","RC","Q9967","HCPCS","00407222301","NDC","facility","both","1","EA","","4.04","4.04","","","","","","","","","","","","","Gross Charge Type: Main Acute Price List | NDC EA = 1 ML"
"CONTRAST,CONRAY 30%, 50ML","CcicMR83296","CDM","270","RC","","","","","facility","both","","","","21.81","21.81","","","","","","","","","","","","","Gross Charge Type: Main Acute Price List"
"CONTRAST,CONRAY 30%, 50ML","CcimCT83296","CDM","270","RC","","","","","facility","both","","","","21.81","21.81","","","","","","","","","","","","","Gross Charge Type: Main Acute Price List"
"CONTRAST,CONRAY 30%, 50ML","Chrs3883296","CDM","270","RC","","","","","facility","both","","","","21.81","21.81","","","","","","","","","","","","","Gross Charge Type: Main Acute Price List"
"CONTRAST,CONRAY 30%, 50ML","Fcin4183296","CDM","270","RC","","","","","facility","both","","","","21.81","21.81","","","","","","","","","","","","","Gross Charge Type: Main Acute Price List"
"CONTRAST,GASTROGRAFIN 120ML, PER ML","CcimXR82947","CDM","636","RC","Q9963","HCPCS","00270044540","NDC","facility","both","1","EA","","0.56","0.56","","","","","","","","","","","","","Gross Charge Type: Main Acute Price List | NDC EA = 1.0000 ML"
"CONTRAST,GASTROGRAFIN 120ML, PER ML","ChrsCT82947","CDM","636","RC","Q9963","HCPCS","00270044540","NDC","facility","both","1","EA","","0.56","0.56","","","","","","","","","","","","","Gross Charge Type: Main Acute Price List | NDC EA = 1.0000 ML"
"CONTRAST,GASTROGRAFIN 120ML, PER ML","Midd5482947","CDM","636","RC","Q9963","HCPCS","00270044540","NDC","facility","both","1","EA","","0.56","0.56","","","","","","","","","","","","","Gross Charge Type: Main Acute Price List | NDC EA = 1.0000 ML"
"CONTRAST,ISOVUE M-300 15ML, PER ML","Midd4782949","CDM","636","RC","Q9967","HCPCS","00270141215","NDC","facility","both","1","EA","","21.57","21.57","","","","","","","","","","","","","Gross Charge Type: Main Acute Price List | NDC EA = 1.0000 ML"
"CONTRAST,VISIPAQUE 320MGL, 100ML, PER ML","S10747211129","CDM","636","RC","Q9967","HCPCS","00407222302","NDC","facility","both","1","EA","","3.9","3.9","","","","","","","","","","","","","Gross Charge Type: Main Acute Price List | NDC EA = 1 EA"
"CONTRAST,VISIPAQUE 320MGL, 100ML, PER ML","ScpuWmSup211129","CDM","636","RC","Q9967","HCPCS","00407222302","NDC","facility","both","1","EA","","3.9","3.9","","","","","","","","","","","","","Gross Charge Type: Main Acute Price List | NDC EA = 1 EA"
"CONTROL, REMOTE PATIENT AXONICS","CcthChSup106162","CDM","270","RC","C1787","HCPCS","","","facility","both","","","","5192.66","5192.66","","","","","","","","","","","","","Gross Charge Type: Main Acute Price List"
"CONTROL, REMOTE PATIENT AXONICS","OperWmSup106162","CDM","270","RC","C1787","HCPCS","","","facility","both","","","","5192.66","5192.66","","","","","","","","","","","","","Gross Charge Type: Main Acute Price List"
"CONTROLLER, WEB DETACHMENT 2","CcthChSup114229","CDM","272","RC","","","","","facility","both","","","","1139.55","1139.55","","","","","","","","","","","","","Gross Charge Type: Main Acute Price List"
"CONTROLLER, WEB DETACHMENT 2","ScanWmSup114229","CDM","272","RC","","","","","facility","both","","","","1139.55","1139.55","","","","","","","","","","","","","Gross Charge Type: Main Acute Price List"
"CONTROLLER, WEB DETACHMENT 2","ScpuWmSup114229","CDM","272","RC","","","","","facility","both","","","","1139.55","1139.55","","","","","","","","","","","","","Gross Charge Type: Main Acute Price List"
"CONTROLLER, WEB DETACHMENT","CLDRChSup79590","CDM","278","RC","","","","","facility","both","","","","214.3","214.3","","","","","","","","","","","","","Gross Charge Type: Main Acute Price List"
"CORKSCREW, PEEK BIOSUTURE TAK W/#2 FIBERWIRE","GastWmSup31298","CDM","272","RC","","","","","facility","both","","","","1505.91","1505.91","","","","","","","","","","","","","Gross Charge Type: Main Acute Price List"
"CORKSCREW, PEEK BIOSUTURE TAK W/#2 FIBERWIRE","ScanChSup31298","CDM","272","RC","","","","","facility","both","","","","1505.91","1505.91","","","","","","","","","","","","","Gross Charge Type: Main Acute Price List"
"CORONAVIRUS DISEASE(SARS-COV-2),COVD-19 AMP W/COLLECTION","ViroCh1025","CDM","306","RC","U0002","HCPCS","","","facility","both","","","","199.88","199.88","","","","","","","","","","","","","Gross Charge Type: Acute Discounted"
"COUNTERSINK, 2.0/2.4MM","GyscChSup112984","CDM","272","RC","","","","","facility","both","","","","1844.74","1844.74","","","","","","","","","","","","","Gross Charge Type: Main Acute Price List"
"COUNTERSINK, 2.0/2.4MM","PacuChSup112984","CDM","272","RC","","","","","facility","both","","","","1844.74","1844.74","","","","","","","","","","","","","Gross Charge Type: Main Acute Price List"
"COUNTERSINK, 2.4MM","AngiChSup119166","CDM","272","RC","","","","","facility","both","","","","1099.31","1099.31","","","","","","","","","","","","","Gross Charge Type: Main Acute Price List"
"COUNTERSINK, 2.7MM","AngiWmSup114273","CDM","272","RC","","","","","facility","both","","","","1707.9","1707.9","","","","","","","","","","","","","Gross Charge Type: Main Acute Price List"
"COUNTERSINK, 3.0/4.0MM","CspuChSup28706","CDM","278","RC","","","","","facility","both","","","","1694.72","1694.72","","","","","","","","","","","","","Gross Charge Type: Main Acute Price List"
"COUNTERSINK, 3.2MM","AnesChSup118024","CDM","272","RC","","","","","facility","both","","","","1817.12","1817.12","","","","","","","","","","","","","Gross Charge Type: Main Acute Price List"
"COUNTERSINK, 3.2MM","PacuChSup118024","CDM","272","RC","","","","","facility","both","","","","1817.12","1817.12","","","","","","","","","","","","","Gross Charge Type: Main Acute Price List"
"COUNTERSINK, 5.0MM","GastWmSup120136","CDM","272","RC","","","","","facility","both","","","","1673.18","1673.18","","","","","","","","","","","","","Gross Charge Type: Main Acute Price List"
"COUNTERSINK, 5.0MM","ScorWmSup120136","CDM","272","RC","","","","","facility","both","","","","1673.18","1673.18","","","","","","","","","","","","","Gross Charge Type: Main Acute Price List"
"COUNTERSINK, ASNIS MICRO 3.0X3.8MM STRL","ScpuChSup110513","CDM","272","RC","","","","","facility","both","","","","1650.81","1650.81","","","","","","","","","","","","","Gross Charge Type: Main Acute Price List"
"COUNTERSINK, CANN ASNIS MICRO 2.0MMX2.8MM AO COUPLING SINGLE USE","AngiWmSup108919","CDM","278","RC","C1713","HCPCS","","","facility","both","","","","1774","1774","","","","","","","","","","","","","Gross Charge Type: Main Acute Price List"
"COUNTERSINK, CANNULATED 2.5/3.0MM","OperChSup110511","CDM","278","RC","C1713","HCPCS","","","facility","both","","","","2756.18","2756.18","","","","","","","","","","","","","Gross Charge Type: Main Acute Price List"
"COUNTERSINK, CANNULATED 2.5/3.0MM","PacuWmSup110511","CDM","278","RC","C1713","HCPCS","","","facility","both","","","","2756.18","2756.18","","","","","","","","","","","","","Gross Charge Type: Main Acute Price List"
"COUNTERSINK, CANNULATED 2.8MM","GastChSup66055","CDM","272","RC","","","","","facility","both","","","","857.21","857.21","","","","","","","","","","","","","Gross Charge Type: Main Acute Price List"
"COUNTERSINK, CANNULATED 3.5/4.0MM","CcthChSup108323","CDM","272","RC","C1713","HCPCS","","","facility","both","","","","2682.45","2682.45","","","","","","","","","","","","","Gross Charge Type: Main Acute Price List"
"COUNTERSINK, CANNULATED 4.5/5.0MM","OperWmSup110099","CDM","278","RC","C1713","HCPCS","","","facility","both","","","","3135.37","3135.37","","","","","","","","","","","","","Gross Charge Type: Main Acute Price List"
"COUNTERSINK, CANNULATED 6.0MM","DelrChSup67328","CDM","272","RC","","","","","facility","both","","","","1016.36","1016.36","","","","","","","","","","","","","Gross Charge Type: Main Acute Price List"
"COUNTERSINK, CANNULATED HEADED 3.5/4.0MM","OperChSup119973","CDM","272","RC","","","","","facility","both","","","","4400.52","4400.52","","","","","","","","","","","","","Gross Charge Type: Main Acute Price List"
"COUNTERSINK, CANNULATED","ScanChSup19780","CDM","270","RC","","","","","facility","both","","","","1845.45","1845.45","","","","","","","","","","","","","Gross Charge Type: Main Acute Price List"
"COUNTERSINK, SURGICAL 2.7MM VOLT SCREWS","ScorChSup10195921","CDM","278","RC","C1713","HCPCS","","","facility","both","","","","3233.37","3233.37","","","","","","","","","","","","","Gross Charge Type: Main Acute Price List"
"COUPLER, ANASTOMOTIC 2.5MM","GastWmSup72520","CDM","272","RC","","","","","facility","both","","","","2393.67","2393.67","","","","","","","","","","","","","Gross Charge Type: Main Acute Price List"
"COUPLER, ANASTOMOTIC 3.0MM","ScpuWmSup72521","CDM","272","RC","","","","","facility","both","","","","2393.67","2393.67","","","","","","","","","","","","","Gross Charge Type: Main Acute Price List"
"COUPLER, ANASTOMOTIC 4.0MM","ScorChSup60623","CDM","272","RC","","","","","facility","both","","","","2685.65","2685.65","","","","","","","","","","","","","Gross Charge Type: Main Acute Price List"
"COUPLER, FLOW 2.0MM","PacuChSup60930","CDM","272","RC","","","","","facility","both","","","","6436.92","6436.92","","","","","","","","","","","","","Gross Charge Type: Main Acute Price List"
"COUPLER, FLOW 2.0MM","ScorChSup60930","CDM","272","RC","","","","","facility","both","","","","6436.92","6436.92","","","","","","","","","","","","","Gross Charge Type: Main Acute Price List"
"COUPLER, FLOW 2.5MM","GastWmSup60931","CDM","272","RC","","","","","facility","both","","","","6436.92","6436.92","","","","","","","","","","","","","Gross Charge Type: Main Acute Price List"
"COUPLER, FLOW 3.0MM","ScorChSup60932","CDM","272","RC","","","","","facility","both","","","","6436.92","6436.92","","","","","","","","","","","","","Gross Charge Type: Main Acute Price List"
"COUPLER, FLOW 3.5MM","GyscChSup61455","CDM","272","RC","","","","","facility","both","","","","6436.92","6436.92","","","","","","","","","","","","","Gross Charge Type: Main Acute Price List"
"COUPLER, FLOW 3.5MM","ScpuChSup61455","CDM","272","RC","","","","","facility","both","","","","6436.92","6436.92","","","","","","","","","","","","","Gross Charge Type: Main Acute Price List"
"COUPLER, HEAD HUMERAL OFFSET CENTERED","CcthChSup115122","CDM","278","RC","C1776","HCPCS","","","facility","both","","","","1529.71","1529.71","","","","","","","","","","","","","Gross Charge Type: Main Acute Price List"
"COUPLING, DELTA ROD-TO-ROD MULTIPLANAR","CspuChSup71981","CDM","272","RC","","","","","facility","both","","","","6602.25","6602.25","","","","","","","","","","","","","Gross Charge Type: Main Acute Price List"
"COUPLING, DELTA ROD-TO-ROD MULTIPLANAR","ScorWmSup71981","CDM","272","RC","","","","","facility","both","","","","6602.25","6602.25","","","","","","","","","","","","","Gross Charge Type: Main Acute Price List"
"COUPLING, HOFFMANN3 PIN TO ROD DIA 4/5/6MM DIA5/8/11MM","CspuChSup50956","CDM","272","RC","","","","","facility","both","","","","4276.46","4276.46","","","","","","","","","","","","","Gross Charge Type: Main Acute Price List"
"COUPLING, HOFFMANN3 PIN TO ROD DIA 4/5/6MM DIA5/8/11MM","OperClSup50956","CDM","272","RC","","","","","facility","both","","","","4276.46","4276.46","","","","","","","","","","","","","Gross Charge Type: Main Acute Price List"
"COUPLING, HOFFMANN3 PIN TO ROD DIA 4/5/6MM DIA5/8/11MM","ScanWmSup50956","CDM","272","RC","","","","","facility","both","","","","4276.46","4276.46","","","","","","","","","","","","","Gross Charge Type: Main Acute Price List"
"COUPLING, HOFFMANN3 PIN TO ROD INVERT DI 4/5/6MM DI 5/8/11MM","GastChSup50957","CDM","278","RC","","","","","facility","both","","","","4669.45","4669.45","","","","","","","","","","","","","Gross Charge Type: Main Acute Price List"
"COVER, BUR HOLE LOW PROFILE 12MM","ScpuChSup34745","CDM","272","RC","","","","","facility","both","","","","1122.24","1122.24","","","","","","","","","","","","","Gross Charge Type: Main Acute Price List"
"COVER, BURR HOLE BENT 24MM","CcthChSup62324","CDM","278","RC","","","","","facility","both","","","","911.65","911.65","","","","","","","","","","","","","Gross Charge Type: Main Acute Price List"
"COVER, BURR HOLE LOW PROFILE 17MM","OperChSup63747","CDM","278","RC","C1713","HCPCS","","","facility","both","","","","1122.24","1122.24","","","","","","","","","","","","","Gross Charge Type: Main Acute Price List"
"COVER, NEEDLE GUIDE","PacuWmSup32671","CDM","270","RC","","","","","facility","both","","","","118.07","118.07","","","","","","","","","","","","","Gross Charge Type: Main Acute Price List"
"COVER, SCREW CONICAL","ScorChSup71113","CDM","278","RC","","","","","facility","both","","","","997.82","997.82","","","","","","","","","","","","","Gross Charge Type: Main Acute Price List"
"COVID-19 lab test non-CDC","U0002","HCPCS","","","","","","","facility","outpatient","","","","","","Jefferson Health Plan","Health Partners Medicare Managed Care Plan","53.88","","","","","","","fee schedule","48.74","153.93","APC"
"COXSACKIE B AB","ChemWm1564","CDM","302","RC","86658","HCPCS","","","facility","both","","","","69.2","69.2","","","","","","","","","","","","","Gross Charge Type: Main Acute Price List"
"CPAP,INITIATION/MANGEMENT,HS START/COMPL","RespMe5005","CDM","410","RC","94660","HCPCS","","","facility","both","","","","103.44","103.44","","","","","","","","","","","","","Gross Charge Type: Main Acute Price List"
"CRANIOFIX, 16MM","CspuChSup213005","CDM","270","RC","","","","","facility","both","","","","794.28","794.28","","","","","","","","","","","","","Gross Charge Type: Main Acute Price List"
"CROSSLINK, SOLERA 34MM","AnesWmSup119764","CDM","278","RC","C1713","HCPCS","","","facility","both","","","","2867.02","2867.02","","","","","","","","","","","","","Gross Charge Type: Main Acute Price List"
"CROSSLINK, SOLERA FIXED TI 19MM","AngiWmSup46185","CDM","278","RC","","","","","facility","both","","","","2867.02","2867.02","","","","","","","","","","","","","Gross Charge Type: Main Acute Price List"
"CROSSLINK, SOLERA FIXED TI 22MM","OperWmSup46186","CDM","278","RC","C1713","HCPCS","","","facility","both","","","","3049.07","3049.07","","","","","","","","","","","","","Gross Charge Type: Main Acute Price List"
"CROSSLINK, SOLERA FIXED TI 25MM","PacuWmSup46187","CDM","278","RC","C1713","HCPCS","","","facility","both","","","","3049.07","3049.07","","","","","","","","","","","","","Gross Charge Type: Main Acute Price List"
"CROSSLINK, SOLERA FIXED TI 31MM","Chrs5446189","CDM","278","RC","","","","","facility","both","","","","3049.07","3049.07","","","","","","","","","","","","","Gross Charge Type: Main Acute Price List"
"CROSSLINK, SOLERA FIXED TI 31MM","OperWmSup46189","CDM","278","RC","","","","","facility","both","","","","3049.07","3049.07","","","","","","","","","","","","","Gross Charge Type: Main Acute Price List"
"CROSSLINK, SOLERA FIXED TI 31MM","ScorChSup46189","CDM","278","RC","","","","","facility","both","","","","3049.07","3049.07","","","","","","","","","","","","","Gross Charge Type: Main Acute Price List"
"CROSSLINK, SOLERA MULTISPAN TI 47MM-60MM","GastWmSup46195","CDM","278","RC","C1713","HCPCS","","","facility","both","","","","3049.07","3049.07","","","","","","","","","","","","","Gross Charge Type: Main Acute Price List"
"CRP HIGH SENSITIVITY","ChemCh3625","CDM","301","RC","86141","HCPCS","","","facility","both","","","","249.51","249.51","","","","","","","","","","","","","Gross Charge Type: Main Acute Price List"
"CRYOABLATION,=>1 LIVER TUMORS,PERC GLP","WilmCT1252","CDM","361","RC","47383","HCPCS","","","facility","both","","","","9386.71","9386.71","","","","","","","","","","","","","Gross Charge Type: Main Acute Price List"
"CRYOPROBE, ERBE FLEXIBLE OD1.7MM L1.15M W/ OVERSHEATH (MIN 5 EA)","DelrChSup114510","CDM","272","RC","C2618","HCPCS","","","facility","both","","","","1760","1760","","","","","","","","","","","","","Gross Charge Type: Main Acute Price List"
"CRYPTOSPORIDIUM ANTIGEN TEST","ChemCl2188","CDM","306","RC","87328","HCPCS","","","facility","both","","","","220.84","220.84","","","","","","","","","","","","","Gross Charge Type: Main Acute Price List"
"CRYPTOSPORIDIUM ANTIGEN TEST","MicrWm2188","CDM","306","RC","87328","HCPCS","","","facility","both","","","","102.23","102.23","","","","","","","","","","","","","Gross Charge Type: Acute Discounted"
"CSF ANALYSIS","HemaNR1166","CDM","301","RC","89050","HCPCS","","","facility","both","","","","91.56","91.56","","","","","","","","","","","","","Gross Charge Type: Main Acute Price List"
"CSF LEAKAGE DETECTION/LOCALIZATION PF","Nmpf42P4250","CDM","973","RC","78650","HCPCS","","","facility","both","","","26","247.4","247.4","","","","","","","","","","","","","Gross Charge Type: Main Acute Price List | The modified price is presented in the standard charge value. | Modifier 26: Professional Component"
"CSF leakage imaging","78650","HCPCS","","","","","","","facility","outpatient","","","","","","Bcbs","Highmark Medicare Managed Care Plan","1329.08","","","","","","","fee schedule","1329.08","4197.11","APC"
"CSF leakage imaging","78650","HCPCS","","","","","","","facility","outpatient","","","","","","Unitedhealthcare","All Commercial Plans","2335.59","","","","","","","fee schedule","1329.08","4197.11",""
"CSF ventriculography","78635","HCPCS","","","","","","","facility","outpatient","","","","","","Bcbs","Highmark Health Options Medicare Managed Care Plan","601.42","","","","","","","fee schedule","557.41","1760.25","APC"
"CT CERBRAL PERFUSION ANLY W CT/CTA","BRML3870472","CDM","351","RC","70472","HCPCS","","","facility","both","","","","380.9","380.9","","","","","","","","","","","","","Gross Charge Type: Main Acute Price List"
"CT CEREBRAL PERFUSION ANLY W C INCL IMG","Midd3870473","CDM","351","RC","70473","HCPCS","","","facility","both","","","","448","448","","","","","","","","","","","","","Gross Charge Type: Main Acute Price List"
"CT LOW DOSE SCREENING CHEST GLR","Ccsb381130","CDM","352","RC","71271","HCPCS","","","facility","both","","","","510.19","510.19","","","","","","","","","","","","","Gross Charge Type: Main Acute Price List"
"CT LOW DOSE SCREENING CHEST GLR","Ccsp381130","CDM","352","RC","71271","HCPCS","","","facility","both","","","","510.19","510.19","","","","","","","","","","","","","Gross Charge Type: Main Acute Price List"
"CT LOW DOSE SCREENING CHEST GLR","ChrsCT1130","CDM","352","RC","71271","HCPCS","","","facility","both","","","","510.19","510.19","","","","","","","","","","","","","Gross Charge Type: Main Acute Price List"
"CT LOW DOSE SCREENING CHEST GLR","Hccc381130","CDM","352","RC","71271","HCPCS","","","facility","both","","","","510.19","510.19","","","","","","","","","","","","","Gross Charge Type: Main Acute Price List"
"CT SYRINGE/ANGIO SET","MiddUS1527","CDM","270","RC","","","","","facility","both","","","","105.54","105.54","","","","","","","","","","","","","Gross Charge Type: Main Acute Price List"
"CT,ABDOMEN,W CONTRAST GLR","Cccc561063","CDM","352","RC","74160","HCPCS","","","facility","both","","","","1719.25","1719.25","","","","","","","","","","","","","Gross Charge Type: Main Acute Price List"
"CT,ABDOMEN,W CONTRAST GLR","CcsbCT1063","CDM","352","RC","74160","HCPCS","","","facility","both","","","","1322.29","1322.29","","","","","","","","","","","","","Gross Charge Type: Acute Discounted"
"CT,ABDOMEN,W CONTRAST GLR","Ccsm381063","CDM","352","RC","74160","HCPCS","","","facility","both","","","","1322.29","1322.29","","","","","","","","","","","","","Gross Charge Type: Acute Discounted"
"CT,ABDOMEN,W CONTRAST GLR","Fcin381063","CDM","352","RC","74160","HCPCS","","","facility","both","","","","1719.25","1719.25","","","","","","","","","","","","","Gross Charge Type: Main Acute Price List"
"CT,ABDOMEN,W/WO CONTRAST GLR","FcinCT1071","CDM","352","RC","74170","HCPCS","","","facility","both","","","","2366.41","2366.41","","","","","","","","","","","","","Gross Charge Type: Acute Discounted"
"CT,ABDOMEN,WO CONTRAST PFR","Rdpf38P1055","CDM","970","RC","74150","HCPCS","","","facility","both","","","26","271.88","271.88","","","","","","","","","","","","","Gross Charge Type: Main Acute Price List | The modified price is presented in the standard charge value. | Modifier 26: Professional Component"
"CT,ABDOMEN/PELVIS,W CONTRAST GLR","Ccsp382081","CDM","352","RC","74177","HCPCS","","","facility","both","","","","2311.9","2311.9","","","","","","","","","","","","","Gross Charge Type: Acute Discounted"
"CT,ABDOMEN/PELVIS,W/WO CONTRAST GLR","Ccsp382082","CDM","352","RC","74178","HCPCS","","","facility","both","","","","3592.26","3592.26","","","","","","","","","","","","","Gross Charge Type: Acute Discounted"
"CT,ABDOMEN/PELVIS,W/WO CONTRAST GLR","Ccsp382082","CDM","352","RC","74178","HCPCS","","","facility","both","","","","4672.05","4672.05","","","","","","","","","","","","","Gross Charge Type: Main Acute Price List"
"CT,ABDOMEN/PELVIS,WO CONTRAST GLR","CcccPC2080","CDM","352","RC","74176","HCPCS","","","facility","both","","","","2538.34","2538.34","","","","","","","","","","","","","Gross Charge Type: Main Acute Price List"
"CT,ABDOMEN/PELVIS,WO CONTRAST GLR","CcimCt2080","CDM","352","RC","74176","HCPCS","","","facility","both","","","","2538.34","2538.34","","","","","","","","","","","","","Gross Charge Type: Main Acute Price List"
"CT,ABDOMEN/PELVIS,WO CONTRAST GLR","Chrs382080","CDM","352","RC","74176","HCPCS","","","facility","both","","","","2538.34","2538.34","","","","","","","","","","","","","Gross Charge Type: Main Acute Price List"
"CT,CERVICAL SP,W/WO CON GLB","CcccPC1349","CDM","352","RC","72127","HCPCS","","","facility","both","","","","1620.02","1620.02","","","","","","","","","","","","","Gross Charge Type: Acute Discounted"
"CT,CERVICAL SP,W/WO CON GLB","Chrs381349","CDM","352","RC","72127","HCPCS","","","facility","both","","","","2107.83","2107.83","","","","","","","","","","","","","Gross Charge Type: Main Acute Price List"
"CT,CERVICAL SPINE,W CONTRAST GLR","Ccic381209","CDM","352","RC","72126","HCPCS","","","facility","both","","","","1365.62","1365.62","","","","","","","","","","","","","Gross Charge Type: Acute Discounted"
"CT,CERVICAL SPINE,W CONTRAST GLR","Ccsb381209","CDM","352","RC","72126","HCPCS","","","facility","both","","","","1776.56","1776.56","","","","","","","","","","","","","Gross Charge Type: Main Acute Price List"
"CT,CERVICAL SPINE,WO CONTRAST GLR","Midd381195","CDM","352","RC","72125","HCPCS","","","facility","both","","","","1483.72","1483.72","","","","","","","","","","","","","Gross Charge Type: Main Acute Price List"
"CT,HEAD/BRAIN,W CONTRAST GLR","Ccim381020","CDM","351","RC","70460","HCPCS","","","facility","both","","","","1093.05","1093.05","","","","","","","","","","","","","Gross Charge Type: Acute Discounted"
"CT,HEAD/BRAIN,W/WO CONTRAST GLR","Cccc831829","CDM","351","RC","70470","HCPCS","","","facility","both","","","","1365.62","1365.62","","","","","","","","","","","","","Gross Charge Type: Acute Discounted"
"CT,HEAD/BRAIN,W/WO CONTRAST GLR","CcicCT1047","CDM","351","RC","70470","HCPCS","","","facility","both","","","","1776.56","1776.56","","","","","","","","","","","","","Gross Charge Type: Main Acute Price List"
"CT,HEAD/BRAIN,W/WO CONTRAST GLR","Ccsm381047","CDM","351","RC","70470","HCPCS","","","facility","both","","","","1776.56","1776.56","","","","","","","","","","","","","Gross Charge Type: Main Acute Price List"
"CT,HEAD/BRAIN,W/WO CONTRAST GLR","HccCT1047","CDM","351","RC","70470","HCPCS","","","facility","both","","","","1776.56","1776.56","","","","","","","","","","","","","Gross Charge Type: Main Acute Price List"
"CT,HEAD/BRAIN,WO CONTRAST GLR","Wilm381012","CDM","351","RC","70450","HCPCS","","","facility","both","","","","914.15","914.15","","","","","","","","","","","","","Gross Charge Type: Acute Discounted"
"CT,HEART,WO CONT,W/QUAN EV CAL GLB","CcccCR4020","CDM","350","RC","75571","HCPCS","","","facility","both","","","","45","45","","","","","","","","","","","","","Gross Charge Type: Main Acute Hold PL"
"CT,LIMITED/LOCALIZED FOLLOW-UP STUDY GLR","CcsbCt1455","CDM","352","RC","76380","HCPCS","","","facility","both","","","","881.3","881.3","","","","","","","","","","","","","Gross Charge Type: Main Acute Price List"
"CT,LIMITED/LOCALIZED FOLLOW-UP STUDY GLR","Ccsp381455","CDM","352","RC","76380","HCPCS","","","facility","both","","","","677.91","677.91","","","","","","","","","","","","","Gross Charge Type: Acute Discounted"
"CT,LIMITED/LOCALIZED FOLLOW-UP STUDY GLR","Ccsp381455","CDM","352","RC","76380","HCPCS","","","facility","both","","","","881.3","881.3","","","","","","","","","","","","","Gross Charge Type: Main Acute Price List"
"CT,LOWER EXTREMITY,W CONTRAST,BIL GLR","Ccic381315","CDM","352","RC","73701","HCPCS","","","facility","both","","","50","1140.58","1140.58","","","","","","","","","","","","","Gross Charge Type: Acute Discounted | The modified price is presented in the standard charge value. | Modifier 50: Bilateral Procedure"
"CT,LOWER EXTREMITY,W CONTRAST,BIL GLR","ChrsCT1315","CDM","352","RC","73701","HCPCS","","","facility","both","","","50","1140.58","1140.58","","","","","","","","","","","","","Gross Charge Type: Acute Discounted | The modified price is presented in the standard charge value. | Modifier 50: Bilateral Procedure"
"CT,LOWER EXTREMITY,W CONTRAST,BIL GLR","Midd381315","CDM","352","RC","73701","HCPCS","","","facility","both","","","50","1140.58","1140.58","","","","","","","","","","","","","Gross Charge Type: Acute Discounted | The modified price is presented in the standard charge value. | Modifier 50: Bilateral Procedure"
"CT,LOWER EXTREMITY,W CONTRAST,BIL PFR","Rdpc38P1315","CDM","970","RC","73701","HCPCS","","","facility","both","","","2650","529.06","529.06","","","","","","","","","","","","","Gross Charge Type: Main Acute Price List | The modified price is presented in the standard charge value. | Modifier 26: Professional Component | Modifier 50: Bilateral Procedure"
"CT,LOWER EXTREMITY,W CONTRAST,LT GLR","CcicCT1314","CDM","352","RC","73701","HCPCS","","","facility","both","","","LT","1140.58","1140.58","","","","","","","","","","","","","Gross Charge Type: Acute Discounted | The modified price is presented in the standard charge value. | Modifier LT: Left side (used to identify procedures performed on the left side of the body)"
"CT,LOWER EXTREMITY,W CONTRAST,LT GLR","Fcin381314","CDM","352","RC","73701","HCPCS","","","facility","both","","","LT","1483.72","1483.72","","","","","","","","","","","","","Gross Charge Type: Main Acute Price List | The modified price is presented in the standard charge value. | Modifier LT: Left side (used to identify procedures performed on the left side of the body)"
"CT,LOWER EXTREMITY,W CONTRAST,RT GLR","Midd381313","CDM","352","RC","73701","HCPCS","","","facility","both","","","RT","1483.72","1483.72","","","","","","","","","","","","","Gross Charge Type: Main Acute Price List | The modified price is presented in the standard charge value. | Modifier RT: Right side (used to identify procedures performed on the right side of the body)"
"CT,LOWER EXTREMITY,WO CONTRAST,BIL GLR","GLNM381161","CDM","352","RC","73700","HCPCS","","","facility","both","","","50","1002.21","1002.21","","","","","","","","","","","","","Gross Charge Type: Acute Discounted | The modified price is presented in the standard charge value. | Modifier 50: Bilateral Procedure"
"CT,LOWER EXTREMITY,WO CONTRAST,BIL GLR","Hccc381161","CDM","352","RC","73700","HCPCS","","","facility","both","","","50","1002.21","1002.21","","","","","","","","","","","","","Gross Charge Type: Acute Discounted | The modified price is presented in the standard charge value. | Modifier 50: Bilateral Procedure"
"CT,LOWER EXTREMITY,WO CONTRAST,LT GLR","Chrs381160","CDM","352","RC","73700","HCPCS","","","facility","both","","","LT","1246.8","1246.8","","","","","","","","","","","","","Gross Charge Type: Main Acute Price List | The modified price is presented in the standard charge value. | Modifier LT: Left side (used to identify procedures performed on the left side of the body)"
"CT,LOWER EXTREMITY,WO CONTRAST,RT GLR","Ccim381159","CDM","352","RC","73700","HCPCS","","","facility","both","","","RT","1002.21","1002.21","","","","","","","","","","","","","Gross Charge Type: Acute Discounted | The modified price is presented in the standard charge value. | Modifier RT: Right side (used to identify procedures performed on the right side of the body)"
"CT,LUMBAR SPINE,WO CONTRAST GLR","CcccCR1233","CDM","352","RC","72131","HCPCS","","","facility","both","","","","1140.58","1140.58","","","","","","","","","","","","","Gross Charge Type: Acute Discounted"
"CT,LUMBAR SPINE,WO CONTRAST GLR","Ccsp381233","CDM","352","RC","72131","HCPCS","","","facility","both","","","","1483.72","1483.72","","","","","","","","","","","","","Gross Charge Type: Main Acute Price List"
"CT,MAXILLOFACIAL AREA,W CONTRAST GLR","Ccsb381497","CDM","351","RC","70487","HCPCS","","","facility","both","","","","1093.05","1093.05","","","","","","","","","","","","","Gross Charge Type: Acute Discounted"
"CT,MAXILLOFACIAL AREA,W CONTRAST GLR","Ccsp381497","CDM","351","RC","70487","HCPCS","","","facility","both","","","","1422.92","1422.92","","","","","","","","","","","","","Gross Charge Type: Main Acute Price List"
"CT,MAXILLOFACIAL AREA,W/WO CONTRAST GLR","Ccic381896","CDM","351","RC","70488","HCPCS","","","facility","both","","","","1776.56","1776.56","","","","","","","","","","","","","Gross Charge Type: Main Acute Price List"
"CT,MAXILLOFACIAL AREA,W/WO CONTRAST GLR","CcsmCT1896","CDM","351","RC","70488","HCPCS","","","facility","both","","","","1776.56","1776.56","","","","","","","","","","","","","Gross Charge Type: Main Acute Price List"
"CT,MAXILLOFACIAL AREA,W/WO CONTRAST GLR","ChrsCT1896","CDM","351","RC","70488","HCPCS","","","facility","both","","","","1776.56","1776.56","","","","","","","","","","","","","Gross Charge Type: Main Acute Price List"
"CT,MAXILLOFACIAL AREA,W/WO CONTRAST GLR","Fcin381896","CDM","351","RC","70488","HCPCS","","","facility","both","","","","1776.56","1776.56","","","","","","","","","","","","","Gross Charge Type: Main Acute Price List"
"CT,MAXILLOFACIAL AREA,WO CONTRAST GLR","WilmCT1489","CDM","351","RC","70486","HCPCS","","","facility","both","","","","863.82","863.82","","","","","","","","","","","","","Gross Charge Type: Acute Discounted"
"CT,NECK,SOFT TISSUE,W CONTRAST GLR","MDIA381179","CDM","351","RC","70491","HCPCS","","","facility","both","","","","1093.05","1093.05","","","","","","","","","","","","","Gross Charge Type: Acute Discounted"
"CT,NECK,SOFT TISSUE,W/WO CONTRAST GLR","HccCT1187","CDM","351","RC","70492","HCPCS","","","facility","both","","","","1776.56","1776.56","","","","","","","","","","","","","Gross Charge Type: Main Acute Price List"
"CT,NECK,SOFT TISSUE,WO CONTRAST GLR","CcimCt1098","CDM","351","RC","70490","HCPCS","","","facility","both","","","","914.15","914.15","","","","","","","","","","","","","Gross Charge Type: Acute Discounted"
"CT,NECK,SOFT TISSUE,WO CONTRAST GLR","FcinCT1098","CDM","351","RC","70490","HCPCS","","","facility","both","","","","1189.5","1189.5","","","","","","","","","","","","","Gross Charge Type: Main Acute Price List"
"CT,ORBIT/SELLA/POS FOSSA/EAR,W/WO CO GLR","BRML381691","CDM","351","RC","70482","HCPCS","","","facility","both","","","","1365.62","1365.62","","","","","","","","","","","","","Gross Charge Type: Acute Discounted"
"CT,ORBIT/SELLA/POS FOSSA/EAR,W/WO CO GLR","FcinCT1691","CDM","351","RC","70482","HCPCS","","","facility","both","","","","1365.62","1365.62","","","","","","","","","","","","","Gross Charge Type: Acute Discounted"
"CT,PELVIS,W CONTRAST GLR","CcccCR1276","CDM","352","RC","72193","HCPCS","","","facility","both","","","","1322.29","1322.29","","","","","","","","","","","","","Gross Charge Type: Acute Discounted"
"CT,PELVIS,W CONTRAST GLR","CcsbCT1276","CDM","352","RC","72193","HCPCS","","","facility","both","","","","1719.25","1719.25","","","","","","","","","","","","","Gross Charge Type: Main Acute Price List"
"CT,PELVIS,W CONTRAST GLR","HccCT1276","CDM","352","RC","72193","HCPCS","","","facility","both","","","","1322.29","1322.29","","","","","","","","","","","","","Gross Charge Type: Acute Discounted"
"CT,PELVIS,W CONTRAST GLR","WilmCT1276","CDM","352","RC","72193","HCPCS","","","facility","both","","","","1719.25","1719.25","","","","","","","","","","","","","Gross Charge Type: Main Acute Price List"
"CT,PELVIS,W/WO CONTRAST GLR","BRML381284","CDM","352","RC","72194","HCPCS","","","facility","both","","","","2123.9","2123.9","","","","","","","","","","","","","Gross Charge Type: Main Acute Price List"
"CT,PELVIS,W/WO CONTRAST GLR","Fcin381284","CDM","352","RC","72194","HCPCS","","","facility","both","","","","2123.9","2123.9","","","","","","","","","","","","","Gross Charge Type: Main Acute Price List"
"CT,PELVIS,WO CONTRAST GLR","Cccc561268","CDM","352","RC","72192","HCPCS","","","facility","both","","","","1140.58","1140.58","","","","","","","","","","","","","Gross Charge Type: Acute Discounted"
"CT,PELVIS,WO CONTRAST GLR","Ccsb381268","CDM","352","RC","72192","HCPCS","","","facility","both","","","","1140.58","1140.58","","","","","","","","","","","","","Gross Charge Type: Acute Discounted"
"CT,PELVIS,WO CONTRAST GLR","MDIA381268","CDM","352","RC","72192","HCPCS","","","facility","both","","","","1484.43","1484.43","","","","","","","","","","","","","Gross Charge Type: Main Acute Price List"
"CT,THORACIC SPINE,W CONTRAST GLR","Ccsm381225","CDM","352","RC","72129","HCPCS","","","facility","both","","","","1365.62","1365.62","","","","","","","","","","","","","Gross Charge Type: Acute Discounted"
"CT,THORACIC SPINE,W/WO CONTRAST GLR","Ccsm381470","CDM","352","RC","72130","HCPCS","","","facility","both","","","","1702.47","1702.47","","","","","","","","","","","","","Gross Charge Type: Acute Discounted"
"CT,THORACIC SPINE,W/WO CONTRAST PFR","GLNM38P1470","CDM","970","RC","72130","HCPCS","","","facility","both","","","26","288.65","288.65","","","","","","","","","","","","","Gross Charge Type: Main Acute Price List | The modified price is presented in the standard charge value. | Modifier 26: Professional Component"
"CT,THORACIC SPINE,WO CONTRAST GLR","Hccc381217","CDM","352","RC","72128","HCPCS","","","facility","both","","","","1483.72","1483.72","","","","","","","","","","","","","Gross Charge Type: Main Acute Price List"
"CT,UPPER EXTREMITY,W CONTRAST,BIL GLR","CcccPC1293","CDM","352","RC","73201","HCPCS","","","facility","both","","","50","2858.44","2858.44","","","","","","","","","","","","","Gross Charge Type: Main Acute Price List | The modified price is presented in the standard charge value. | Modifier 50: Bilateral Procedure"
"CT,UPPER EXTREMITY,W CONTRAST,BIL GLR","Ccsp381293","CDM","352","RC","73201","HCPCS","","","facility","both","","","50","1140.58","1140.58","","","","","","","","","","","","","Gross Charge Type: Acute Discounted | The modified price is presented in the standard charge value. | Modifier 50: Bilateral Procedure"
"CT,UPPER EXTREMITY,W CONTRAST,LT GLR","Fcin381292","CDM","352","RC","73201","HCPCS","","","facility","both","","","LT","1484.43","1484.43","","","","","","","","","","","","","Gross Charge Type: Main Acute Price List | The modified price is presented in the standard charge value. | Modifier LT: Left side (used to identify procedures performed on the left side of the body)"
"CT,UPPER EXTREMITY,W CONTRAST,RT GLR","CcspCT1291","CDM","352","RC","73201","HCPCS","","","facility","both","","","RT","1484.43","1484.43","","","","","","","","","","","","","Gross Charge Type: Main Acute Price List | The modified price is presented in the standard charge value. | Modifier RT: Right side (used to identify procedures performed on the right side of the body)"
"CT,UPPER EXTREMITY,W/WO CONTRAST,LT GLR","CcccPC1306","CDM","352","RC","73202","HCPCS","","","facility","both","","","LT","1863.22","1863.22","","","","","","","","","","","","","Gross Charge Type: Main Acute Price List | The modified price is presented in the standard charge value. | Modifier LT: Left side (used to identify procedures performed on the left side of the body)"
"CT,UPPER EXTREMITY,W/WO CONTRAST,LT GLR","Ccsb381306","CDM","352","RC","73202","HCPCS","","","facility","both","","","LT","1432.72","1432.72","","","","","","","","","","","","","Gross Charge Type: Acute Discounted | The modified price is presented in the standard charge value. | Modifier LT: Left side (used to identify procedures performed on the left side of the body)"
"CT,UPPER EXTREMITY,W/WO CONTRAST,RT GLR","WilmCT1305","CDM","352","RC","73202","HCPCS","","","facility","both","","","RT","1863.22","1863.22","","","","","","","","","","","","","Gross Charge Type: Main Acute Price List | The modified price is presented in the standard charge value. | Modifier RT: Right side (used to identify procedures performed on the right side of the body)"
"CT,UPPER EXTREMITY,WO CONTRAST,LT GLR","HccCT1942","CDM","352","RC","73200","HCPCS","","","facility","both","","","LT","1259.4","1259.4","","","","","","","","","","","","","Gross Charge Type: Main Acute Price List | The modified price is presented in the standard charge value. | Modifier LT: Left side (used to identify procedures performed on the left side of the body)"
"CTA HEAD & NECK C W NONC IMG","Ccim3870471","CDM","351","RC","70471","HCPCS","","","facility","both","","","","891.08","891.08","","","","","","","","","","","","","Gross Charge Type: Main Acute Price List"
"CTA HEAD & NECK C W NONC IMG","Ccsp3870471","CDM","351","RC","70471","HCPCS","","","facility","both","","","","891.08","891.08","","","","","","","","","","","","","Gross Charge Type: Main Acute Price List"
"CTA,ABD AOR/BL ILIOF RUNOFF,W/WO CON GLR","BRML381400","CDM","352","RC","75635","HCPCS","","","facility","both","","","","2821.4","2821.4","","","","","","","","","","","","","Gross Charge Type: Main Acute Price List"
"CTA,ABD AOR/BL ILIOF RUNOFF,W/WO CON GLR","Cccc561400","CDM","352","RC","75635","HCPCS","","","facility","both","","","","2038.84","2038.84","","","","","","","","","","","","","Gross Charge Type: Acute Discounted"
"CTA,ABD AOR/BL ILIOF RUNOFF,W/WO CON GLR","CcccCR1400","CDM","352","RC","75635","HCPCS","","","facility","both","","","","2821.4","2821.4","","","","","","","","","","","","","Gross Charge Type: Main Acute Price List"
"CTA,ABD/PELVIS,W/WO CONT,IMG POSTPRO GLR","ChrsCT2086","CDM","350","RC","74174","HCPCS","","","facility","both","","","","3980.84","3980.84","","","","","","","","","","","","","Gross Charge Type: Acute Discounted"
"CTA,ABD/PELVIS,W/WO CONT,IMG POSTPRO GLR","FcinCT2086","CDM","350","RC","74174","HCPCS","","","facility","both","","","","5178.71","5178.71","","","","","","","","","","","","","Gross Charge Type: Main Acute Price List"
"CTA,ABDOMEN,W/WO CONTRAST GLR","FcinCT1392","CDM","352","RC","74175","HCPCS","","","facility","both","","","","1990.42","1990.42","","","","","","","","","","","","","Gross Charge Type: Acute Discounted"
"CTA,ABDOMEN,W/WO CONTRAST GLR","MiddCT1392","CDM","352","RC","74175","HCPCS","","","facility","both","","","","1990.42","1990.42","","","","","","","","","","","","","Gross Charge Type: Acute Discounted"
"CTA,ABDOMEN,W/WO CONTRAST PFR","GLNM38P1392","CDM","970","RC","74175","HCPCS","","","facility","both","","","26","434.02","434.02","","","","","","","","","","","","","Gross Charge Type: Main Acute Price List | The modified price is presented in the standard charge value. | Modifier 26: Professional Component"
"CTA,ABDOMEN,W/WO CONTRAST PFR","RdpfCTP1392","CDM","970","RC","74175","HCPCS","","","facility","both","","","26","434.02","434.02","","","","","","","","","","","","","Gross Charge Type: Main Acute Price List | The modified price is presented in the standard charge value. | Modifier 26: Professional Component"
"CTA,CHEST,W/WO CONTRAST GLR","Ccic381384","CDM","352","RC","71275","HCPCS","","","facility","both","","","","2056.12","2056.12","","","","","","","","","","","","","Gross Charge Type: Acute Discounted"
"CTA,CHEST,W/WO CONTRAST GLR","Ccsm381384","CDM","352","RC","71275","HCPCS","","","facility","both","","","","2056.12","2056.12","","","","","","","","","","","","","Gross Charge Type: Acute Discounted"
"CTA,HEAD,W/WO CONTRAST GLR","CcicCT1398","CDM","351","RC","70496","HCPCS","","","facility","both","","","","2485.93","2485.93","","","","","","","","","","","","","Gross Charge Type: Main Acute Price List"
"CTA,HEAD,W/WO CONTRAST GLR","MDIA381398","CDM","351","RC","70496","HCPCS","","","facility","both","","","","2485.93","2485.93","","","","","","","","","","","","","Gross Charge Type: Main Acute Price List"
"CTA,HEAD,W/WO CONTRAST GLR","MiddCT1398","CDM","351","RC","70496","HCPCS","","","facility","both","","","","1910.75","1910.75","","","","","","","","","","","","","Gross Charge Type: Acute Discounted"
"CTA,LOWER EXTREMITY,W/WO CONTRAST GLR","CCCCCT1455","CDM","352","RC","73706","HCPCS","","","facility","both","","","","2337.77","2337.77","","","","","","","","","","","","","Gross Charge Type: Main Acute Price List"
"CTA,LOWER EXTREMITY,W/WO CONTRAST GLR","MiddCT1390","CDM","352","RC","73706","HCPCS","","","facility","both","","","","1797.52","1797.52","","","","","","","","","","","","","Gross Charge Type: Acute Discounted"
"CTA,NECK,W/WO CONTRAST GLR","Ccsp381382","CDM","351","RC","70498","HCPCS","","","facility","both","","","","1910.75","1910.75","","","","","","","","","","","","","Gross Charge Type: Acute Discounted"
"CTA,PELVIS,W/WO CONTRAST GLR","Chrs381386","CDM","352","RC","72191","HCPCS","","","facility","both","","","","2590.06","2590.06","","","","","","","","","","","","","Gross Charge Type: Main Acute Price List"
"CTA,PELVIS,W/WO CONTRAST GLR","WilmCT1386","CDM","352","RC","72191","HCPCS","","","facility","both","","","","2590.06","2590.06","","","","","","","","","","","","","Gross Charge Type: Main Acute Price List"
"CTA,PELVIS,W/WO CONTRAST PFR","MDIA38P1386","CDM","970","RC","72191","HCPCS","","","facility","both","","","26","413.74","413.74","","","","","","","","","","","","","Gross Charge Type: Main Acute Price List | The modified price is presented in the standard charge value. | Modifier 26: Professional Component"
"CTA,PELVIS,W/WO CONTRAST PFR","RdpfCTP1386","CDM","970","RC","72191","HCPCS","","","facility","both","","","26","413.74","413.74","","","","","","","","","","","","","Gross Charge Type: Main Acute Price List | The modified price is presented in the standard charge value. | Modifier 26: Professional Component"
"CTA,UPPER EXTREMITY,W/WO CONTRAST GLR","CcicCT1388","CDM","352","RC","73206","HCPCS","","","facility","both","","","","1797.52","1797.52","","","","","","","","","","","","","Gross Charge Type: Acute Discounted"
"CUBE, RANCHO 2 HOLE","GastChSup21247","CDM","270","RC","","","","","facility","both","","","","1840.35","1840.35","","","","","","","","","","","","","Gross Charge Type: Main Acute Price List"
"CUBE, RANCHO 3 HOLE","Wilm5422704","CDM","270","RC","","","","","facility","both","","","","1932.8","1932.8","","","","","","","","","","","","","Gross Charge Type: Main Acute Price List"
"CUBE, RANCHO 5 HOLE","EplbChSup25655","CDM","270","RC","","","","","facility","both","","","","2110.02","2110.02","","","","","","","","","","","","","Gross Charge Type: Main Acute Price List"
"CUBE, RANCHO 5 HOLE","ScorWmSup25655","CDM","270","RC","","","","","facility","both","","","","2110.02","2110.02","","","","","","","","","","","","","Gross Charge Type: Main Acute Price List"
"CUBE, RANCHO W/POST 1-HOLE","Chrs5461471","CDM","278","RC","","","","","facility","both","","","","1466.02","1466.02","","","","","","","","","","","","","Gross Charge Type: Main Acute Price List"
"CUFF, AMS 800 OOCLUSIVE 5CM","AngiWmSup110801","CDM","278","RC","C1815","HCPCS","","","facility","both","","","","41177.85","41177.85","","","","","","","","","","","","","Gross Charge Type: Main Acute Price List"
"CUFF, BP DISPOSABLE NEONATE SIZE 3","CspuChSup30551","CDM","270","RC","","","","","facility","both","","","","9.59","9.59","","","","","","","","","","","","","Gross Charge Type: Main Acute Price List"
"CULTURE,AFB","MicrCL1099","CDM","306","RC","87116","HCPCS","","","facility","both","","","","332.66","332.66","","","","","","","","","","","","","Gross Charge Type: Main Acute Price List"
"CULTURE,BODY FLUID","MICRRN2109","CDM","306","RC","87070","HCPCS","","","facility","both","","","","79.67","79.67","","","","","","","","","","","","","Gross Charge Type: Acute Discounted"
"CULTURE,MARROW","MicrMe2028","CDM","306","RC","87070","HCPCS","","","facility","both","","","","79.67","79.67","","","","","","","","","","","","","Gross Charge Type: Acute Discounted"
"CULTURE,THROAT","MICRRR2087","CDM","306","RC","87070","HCPCS","","","facility","both","","","","188.71","188.71","","","","","","","","","","","","","Gross Charge Type: Main Acute Price List"
"CUP, NOVAE STICK CMTD DL MOB + IMPACT 47MM","OperChSup10196240","CDM","278","RC","C1776","HCPCS","","","facility","both","","","","4672","4672","","","","","","","","","","","","","Gross Charge Type: Main Acute Price List"
"CUP, REUNION RSA HUMERAL 36X4MM","OperWmSup70247","CDM","278","RC","","","","","facility","both","","","","6950.34","6950.34","","","","","","","","","","","","","Gross Charge Type: Main Acute Price List"
"CUP, REUNION RSA HUMERAL 40X10MM","ScorWmSup75044","CDM","278","RC","","","","","facility","both","","","","6950.34","6950.34","","","","","","","","","","","","","Gross Charge Type: Main Acute Price List"
"CUP, RIM FIT EXETER X3 60MM X 40MM","OperWmSup113894","CDM","278","RC","C1776","HCPCS","","","facility","both","","","","10085.8","10085.8","","","","","","","","","","","","","Gross Charge Type: Main Acute Price List"
"CUP, SUTURE UNIVERS REVERS 33 +2 LEFT","AngiChSup117943","CDM","278","RC","C1776","HCPCS","","","facility","both","","","","8210.93","8210.93","","","","","","","","","","","","","Gross Charge Type: Main Acute Price List"
"CUP, SUTURE UNIVERS REVERS 33 +2 LEFT","PacuChSup117943","CDM","278","RC","C1776","HCPCS","","","facility","both","","","","8210.93","8210.93","","","","","","","","","","","","","Gross Charge Type: Main Acute Price List"
"CUP, UNIVERS REVERS 39 +2 LEFT","GyscChSup111703","CDM","278","RC","C1776","HCPCS","","","facility","both","","","","8210.93","8210.93","","","","","","","","","","","","","Gross Charge Type: Main Acute Price List"
"CUP, UNIVERS REVERS 39 +2 LEFT","Wilm4711703","CDM","278","RC","C1776","HCPCS","","","facility","both","","","","8210.93","8210.93","","","","","","","","","","","","","Gross Charge Type: Main Acute Price List"
"CUP, UNIVERS REVERS SUTURE 42 +2 LEFT","GastChSup111289","CDM","278","RC","C1713","HCPCS","","","facility","both","","","","8210.93","8210.93","","","","","","","","","","","","","Gross Charge Type: Main Acute Price List"
"CURETTE, BONE 11G","AngiChSup63764","CDM","270","RC","","","","","facility","both","","","","2405.38","2405.38","","","","","","","","","","","","","Gross Charge Type: Main Acute Price List"
"CURETTE, BUSSE VACUUM CURVED 11MM","PacuChSup46638","CDM","272","RC","","","","","facility","both","","","","27.49","27.49","","","","","","","","","","","","","Gross Charge Type: Main Acute Price List"
"CURETTE, BUSSE VACUUM CURVED 7MM","ScanWmSup18753","CDM","270","RC","","","","","facility","both","","","","29.59","29.59","","","","","","","","","","","","","Gross Charge Type: Main Acute Price List"
"CURETTE, BUSSE VACUUM STRAIGHT 7MM","AngiChSup46634","CDM","272","RC","","","","","facility","both","","","","29.59","29.59","","","","","","","","","","","","","Gross Charge Type: Main Acute Price List"
"CURETTE, PIPET ENDOMETRIAL SUCTION 3MM","CspuChSup79163","CDM","272","RC","","","","","facility","both","","","","37.05","37.05","","","","","","","","","","","","","Gross Charge Type: Main Acute Price List"
"CUSTOM BLOCK,BELLY BOARD","RadtAr1386","CDM","333","RC","77332","HCPCS","","","facility","both","","","","1251","1251","","","","","","","","","","","","","Gross Charge Type: Main Acute Price List"
"CUSTOM BLOCK,ELECT FLDS/CONE","RadtCo1388","CDM","333","RC","77334","HCPCS","","","facility","both","","","","2019.77","2019.77","","","","","","","","","","","","","Gross Charge Type: Main Acute Price List"
"CUSTOM BLOCK,SIMPLE","RadtCo1372","CDM","333","RC","77332","HCPCS","","","facility","both","","","","1251","1251","","","","","","","","","","","","","Gross Charge Type: Main Acute Price List"
"CUTTER, CRANIOTOME 2-RING ELAN4 STND","PacuChSup77480","CDM","272","RC","","","","","facility","both","","","","612.9","612.9","","","","","","","","","","","","","Gross Charge Type: Main Acute Price List"
"CUTTER, FLIP 8.5MM","PacuWmSup43375","CDM","272","RC","","","","","facility","both","","","","2040.51","2040.51","","","","","","","","","","","","","Gross Charge Type: Main Acute Price List"
"CUTTER, FLIP 8.5MM","ScorChSup43375","CDM","272","RC","","","","","facility","both","","","","2040.51","2040.51","","","","","","","","","","","","","Gross Charge Type: Main Acute Price List"
"CUTTER, FLIP 9.5MM","EplbChSup43401","CDM","272","RC","","","","","facility","both","","","","2170.08","2170.08","","","","","","","","","","","","","Gross Charge Type: Main Acute Price List"
"CUTTER, NEURO 1-RING ELAN4 3.0MM","CspuChSup77482","CDM","272","RC","","","","","facility","both","","","","942.62","942.62","","","","","","","","","","","","","Gross Charge Type: Main Acute Price List"
"CUTTER, POWERED STANDARD ART ENDO 45MM","ScorWmSup72369","CDM","272","RC","","","","","facility","both","","","","9188.64","9188.64","","","","","","","","","","","","","Gross Charge Type: Main Acute Price List"
"CUTTER, RETRO 10MM","OperWmSup32450","CDM","272","RC","","","","","facility","both","","","","1301.24","1301.24","","","","","","","","","","","","","Gross Charge Type: Main Acute Price List"
"CUTTER, RETRO 10MM","Wilm5432450","CDM","272","RC","","","","","facility","both","","","","1301.24","1301.24","","","","","","","","","","","","","Gross Charge Type: Main Acute Price List"
"CYCLOPEN, ALLOFLO UVEO SCLERAL SPACER","ScorWmSup10193001","CDM","278","RC","C1762","HCPCS","","","facility","both","","","","12848","12848","","","","","","","","","","","","","Gross Charge Type: Main Acute Price List"
"CYTP EVAL FINE NEEDLE ASPIRATE INTERP & REPORT PFR","PathWmP1020","CDM","971","RC","88173","HCPCS","","","facility","both","","","26","204.67","204.67","","","","","","","","","","","","","Gross Charge Type: Main Acute Price List | The modified price is presented in the standard charge value. | Modifier 26: Professional Component"
"Cacna1a full gene analysis","0231U","HCPCS","","","","","","","facility","outpatient","","","","","","Amerihealth","Medicare Managed Care Plan","913.97","","","","","","","fee schedule","803.96","2538.81","APC"
"Cacna1a gene full gene seq","81185","HCPCS","","","","","","","facility","outpatient","","","","","","Bcbs","Highmark All Commercial Plans","1248.67","","","","","","","fee schedule","550.08","2538.81","Radiology"
"Cacna1a gene full gene seq","81185","HCPCS","","","","","","","facility","outpatient","","","","","","Unitedhealthcare","All Commercial Plans","846.27","","","","","","","fee schedule","550.08","2538.81",""
"Calcitonin stimul panel","80410","HCPCS","","","","","","","facility","outpatient","","","","","","Bcbs","Highmark Health Options Medicare Managed Care Plan","82.38","","","","","","","fee schedule","52.24","241.11","APC"
"Calcitonin stimul panel","80410","HCPCS","","","","","","","facility","outpatient","","","","","","Unitedhealthcare","All Commercial Plans","80.37","","","","","","","fee schedule","52.24","241.11",""
"Calculus assay quant","82360","HCPCS","","","","","","","facility","outpatient","","","","","","Amerihealth","Caritas Next Other Commercial Plan","12.87","","","","","","","fee schedule","8.37","38.61","Laboratory"
"Calculus spectroscopy","82365","HCPCS","","","","","","","facility","outpatient","","","","","","Jefferson Health Plan","Health Partners Medicaid Managed Care/Aca Plan","38.7","","","","","","","fee schedule","8.39","38.7","APC"
"Calr gene com variants","81219","HCPCS","","","","","","","facility","outpatient","","","","","","Bcbs","Highmark Medicare Managed Care Plan","115.55","","","","","","","fee schedule","79.06","364.89","APC"
"Cannula declotting","36861","HCPCS","","","","","","","facility","outpatient","","","","","","Bcbs","Highmark Medicare Managed Care Plan","5712.49","","","","","","","fee schedule","5712.49","18039.45","APC"
"Car acous wavfrm rec cad rsk","0716T","HCPCS","","","","","","","facility","outpatient","","","","","","Bcbs","Highmark Medicare Managed Care Plan","60.56","","","","","","","fee schedule","60.56","191.25","APC"
"Car acous wavfrm rec cad rsk","0716T","HCPCS","","","","","","","facility","outpatient","","","","","","Jefferson Health Plan","Health Partners Medicare Managed Care Plan","66.94","","","","","","","fee schedule","60.56","191.25","APC"
"Car seat/bed test 60 min","94780","HCPCS","","","","","","","facility","outpatient","","","","","","Amerihealth","Caritas Next Other Commercial Plan","64.58","","","","","","","fee schedule","38.34","121.09","Radiology"
"Carcinoembryonic antigen","82378","HCPCS","","","","","","","facility","outpatient","","","","","","Ambetter","All Commercial Plans","24.65","","","","","","","fee schedule","12.32","56.88","Laboratory"
"Card mri w/stress img & dye","75563","HCPCS","","","","","","","facility","outpatient","","","","","","Bcbs","Highmark Health Options Medicare Managed Care Plan","868.31","","","","","","","fee schedule","804.77","2541.38","APC"
"Cardiac Arrest, Unexplained With Cc","297","MS-DRG","","","","","","","facility","inpatient","","","","","","Jefferson Health Plan","Health Partners Medicaid Managed Care/Aca Plan","","","[Inpatient Services: Payer leverages state specific Medicaid payment methodology. Available, referenceable algorithm logic found here: https://www.pa.gov/agencies/dhs/resources/for-providers] [MSDRG Base Rate: FEE SCHEDULE]","","","","0","other","","","No services performed during 15-month lookback period."
"Cardiac Arrest, Unexplained With Mcc","296","MS-DRG","","","","","","","facility","inpatient","","","","","","Amerihealth","Caritas Next Other Commercial Plan","","94","","","","","0","percent of total billed charges","","","No services performed during 15-month lookback period."
"Cardiac Arrhythmia And Conduction Disorders With Cc","309","MS-DRG","","","","","","","facility","inpatient","","","","","","Jefferson Health Plan","Health Partners Medicaid Managed Care/Aca Plan","","","[Inpatient Services: Payer leverages state specific Medicaid payment methodology. Available, referenceable algorithm logic found here: https://www.pa.gov/agencies/dhs/resources/for-providers] [MSDRG Base Rate: FEE SCHEDULE]","","","","0","other","","","No services performed during 15-month lookback period."
"Cardiac Arrhythmia And Conduction Disorders With Cc","309","MS-DRG","","","","","","","facility","inpatient","","","","","","Jefferson Health Plan","Health Partners Medicare Managed Care Plan","7349.16","","","","","","","fee schedule","6649.24","17288.95","MSDRG Base Rate"
"Cardiac Arrhythmia And Conduction Disorders With Mcc","308","MS-DRG","","","","","","","facility","inpatient","","","","","","Aetna","Medicare Managed Care Plan","","","[MSDRG Base Rate: FEE SCHEDULE] [Psych-Per Diem: 1065] [Rehab-Per Diem: 1598] [SNF-Per Diem: 365]","","","","0","other","","","No services performed during 15-month lookback period."
"Cardiac Arrhythmia And Conduction Disorders Without Cc/Mcc","310","MS-DRG","","","","","","","facility","inpatient","","","","","","Ibc","All Commercial Plans","","","[Psych-Per Diem: 1800] [All Other IP (%BC): 89.50]","","","","0","other","","","No services performed during 15-month lookback period."
"Cardiac Congenital And Valvular Disorders With Mcc","306","MS-DRG","","","","","","","facility","inpatient","","","","","","Cigna","All Commercial Plans","","","[SNF-(% BC): 60] [All Other IP (%BC): 88.46]","","","","0","other","","","No services performed during 15-month lookback period."
"Cardiac Defibrillator Implant With Cardiac Catheterization And Mcc","275","MS-DRG","","","","","","","facility","inpatient","","","","","","Bcbs","Highmark Wholecare Medicare Managed Care Plan","70175.64","","","","","","","fee schedule","60606.24","167564.4","MSDRG Base Rate"
"Cardiac Defibrillator Implant With Cardiac Catheterization With Ami, Hf Or Shock With Mcc","222","MS-DRG","","","","","","","facility","inpatient","","","","","","Aetna - De","Better Health Medicaid Managed Care Plan","","","[Inpatient Services: Payer leverages state specific Medicaid payment methodology. Available, referenceable algorithm logic found here: https://medicaidpublications.dhss.delaware.gov/docs/search]","","","","0","other","","","No services performed during 15-month lookback period."
"Cardiac Defibrillator Implant With Cardiac Catheterization With Ami, Hf Or Shock With Mcc","222","MS-DRG","","","","","","","facility","inpatient","","","","","","Bcbs","Highmark Health Options Medicaid Managed Care Plan","","","[Inpatient Services: Payer leverages state specific Medicaid payment methodology. Available, referenceable algorithm logic found here: https://medicaidpublications.dhss.delaware.gov/docs/search]","","","","0","other","","","No services performed during 15-month lookback period."
"Cardiac Defibrillator Implant With Cardiac Catheterization Without Ami, Hf Or Shock With Mcc","224","MS-DRG","","","","","","","facility","inpatient","","","","","","Aetna - De","Better Health Medicaid Managed Care Plan","","","[Inpatient Services: Payer leverages state specific Medicaid payment methodology. Available, referenceable algorithm logic found here: https://medicaidpublications.dhss.delaware.gov/docs/search]","","","","0","other","","","No services performed during 15-month lookback period."
"Cardiac Defibrillator Implant With Cardiac Catheterization Without Ami, Hf Or Shock Without Mcc","225","MS-DRG","","","","","","","facility","inpatient","","","","","","Ibc","All Commercial Plans","","","[Psych-Per Diem: 1800] [All Other IP (%BC): 89.50]","","","","0","other","","","No services performed during 15-month lookback period."
"Cardiac Defibrillator Implant Without Cardiac Catheterization With Mcc","226","MS-DRG","","","","","","","facility","inpatient","","","","","","Healthspring","Medicare Managed Care Plan","","","[MSDRG Base Rate: FEE SCHEDULE]","","","","0","other","","","No services performed during 15-month lookback period."
"Cardiac Defibrillator Implant Without Mcc","277","MS-DRG","","","","","","","facility","inpatient","","","","","","Jefferson Health Plan","Health Partners Medicare Managed Care Plan","43559.97","","","","","","","fee schedule","39411.41","108534.75","MSDRG Base Rate"
"Cardiac MRI seg dys strain","C9762","HCPCS","","","","","","","facility","outpatient","","","","","","Bcbs","Highmark Wholecare Medicare Managed Care Plan","649.52","","","","","","","fee schedule","560.95","1771.42","APC"
"Cardiac Pacemaker Device Replacement With Mcc","258","MS-DRG","","","","","","","facility","inpatient","","","","","","Unitedhealthcare","Medicare Managed Care Plan","28939.96","","","","","","","fee schedule","26953.88","73839.35","MSDRG Base Rate"
"Cardiac Pacemaker Device Replacement Without Mcc","259","MS-DRG","","","","","","","facility","inpatient","","","","","","Jefferson Health Plan","Health Partners Medicaid Managed Care/Aca Plan","","","[Inpatient Services: Payer leverages state specific Medicaid payment methodology. Available, referenceable algorithm logic found here: https://www.pa.gov/agencies/dhs/resources/for-providers] [MSDRG Base Rate: FEE SCHEDULE]","","","","0","other","","","No services performed during 15-month lookback period."
"Cardiac Pacemaker Device Replacement Without Mcc","259","MS-DRG","","","","","","","facility","inpatient","","","","","","Unitedhealthcare","Medicare Managed Care Plan","18793.32","","","","","","","fee schedule","17503.58","47519.35","MSDRG Base Rate"
"Cardiac Pacemaker Revision Except Device Replacement With Cc","261","MS-DRG","","","","","","","facility","inpatient","","","","","","Healthspring","Medicare Managed Care Plan","17255.97","","","","","","","fee schedule","16393.17","44426.75","MSDRG Base Rate"
"Cardiac Pacemaker Revision Except Device Replacement With Cc","261","MS-DRG","","","","","","","facility","inpatient","","","","","","Jefferson Health Plan","Health Partners Medicaid Managed Care/Aca Plan","44426.75","","","","","","","fee schedule","16393.17","44426.75",""
"Cardiac Pacemaker Revision Except Device Replacement With Mcc","260","MS-DRG","","","","","","","facility","inpatient","","","","","","Bcbs","Highmark Medicare Managed Care Plan","27887.94","","","","","","","fee schedule","27887.94","76440.8","MSDRG Base Rate"
"Cardiac Pacemaker Revision Except Device Replacement With Mcc","260","MS-DRG","","","","","","","facility","inpatient","","","","","","Bcbs","Highmark Wholecare Medicare Managed Care Plan","","","[MSDRG Base Rate: FEE SCHEDULE]","","","","0","other","","","No services performed during 15-month lookback period."
"Cardiac Pacemaker Revision Except Device Replacement With Mcc","260","MS-DRG","","","","","","","facility","inpatient","","","","","","Ibc","All Commercial Plans","","","[Psych-Per Diem: 1800] [All Other IP (%BC): 89.50]","","","","0","other","","","No services performed during 15-month lookback period."
"Cardiac Pacemaker Revision Except Device Replacement With Mcc","260","MS-DRG","","","","","","","facility","inpatient","","","","","","Wellcare","Medicare Managed Care Plan","32291.3","","","","","","","fee schedule","27887.94","76440.8","MSDRG Base Rate"
"Cardiac Rehabilitation","5771","APC","","","","","","","facility","outpatient","","","","","","Bcbs","Highmark All Commercial Plans","","85.44","","1113.96","371.3","2227.92","218","percent of total billed charges","","",""
"Cardiac Valve & Oth Major Cardiothoracic Proc w Cardiac Cath","104","MS-DRG","","","","","","","facility","inpatient","","","","","","Amerihealth","Medicare Managed Care Plan","","","[MSDRG Base Rate: FEE SCHEDULE]","","","","0","other","","","No services performed during 15-month lookback period."
"Cardiac Valve And Other Major Cardiothoracic Procedures With Cardiac Catheterization With Cc","217","MS-DRG","","","","","","","facility","inpatient","","","","","","Bcbs","Highmark Health Options Medicare Managed Care Plan","60337.36","","","","","","","fee schedule","55922.43","157465.94","MSDRG Base Rate"
"Cardiac Valve And Other Major Cardiothoracic Procedures With Cardiac Catheterization Without Cc/Mcc","218","MS-DRG","","","","","","","facility","inpatient","","","","","","Bcbs","Highmark Health Options Medicare Managed Care Plan","","","[MSDRG Base Rate: FEE SCHEDULE]","","","","0","other","","","No services performed during 15-month lookback period."
"Cardiac Valve And Other Major Cardiothoracic Procedures With Cardiac Catheterization Without Cc/Mcc","218","MS-DRG","","","","","","","facility","inpatient","","","","","","Jefferson Health Plan","Health Partners Medicaid Managed Care/Aca Plan","154519.55","","","","","","","fee schedule","55922.43","157465.94",""
"Cardiac Valve And Other Major Cardiothoracic Procedures Without Cardiac Catheterization With Cc","220","MS-DRG","","","","","","","facility","inpatient","","","","","","Aetna - De","Better Health Medicaid Managed Care Plan","","","[Inpatient Services: Payer leverages state specific Medicaid payment methodology. Available, referenceable algorithm logic found here: https://medicaidpublications.dhss.delaware.gov/docs/search]","","","","0","other","","","No services performed during 15-month lookback period."
"Cardiac Valve And Other Major Cardiothoracic Procedures Without Cardiac Catheterization With Cc","220","MS-DRG","","","","","","","facility","inpatient","","","","","","Bcbs","Highmark Wholecare Medicare Managed Care Plan","","","[MSDRG Base Rate: FEE SCHEDULE]","","","","0","other","","","No services performed during 15-month lookback period."
"Cardiac Valve And Other Major Cardiothoracic Procedures Without Cardiac Catheterization With Mcc","219","MS-DRG","","","","","","","facility","inpatient","","","","","","Amerihealth","Medicare Managed Care Plan","74155.4","","","","","","","fee schedule","65229.29","183880.7","MSDRG Base Rate"
"Cardiac Valve And Other Major Cardiothoracic Procedures Without Cardiac Catheterization With Mcc","219","MS-DRG","","","","","","","facility","inpatient","","","","","","Jefferson Health Plan","Health Partners Medicaid Managed Care/Aca Plan","","","[Inpatient Services: Payer leverages state specific Medicaid payment methodology. Available, referenceable algorithm logic found here: https://www.pa.gov/agencies/dhs/resources/for-providers] [MSDRG Base Rate: FEE SCHEDULE]","","","","0","other","","","No services performed during 15-month lookback period."
"Cardiovascular nuclear exam","78499","HCPCS","","","","","","","facility","outpatient","","","","","","Jefferson Health Plan","Health Partners Medicaid Managed Care/Aca Plan","1296.01","","","","","","","fee schedule","410.4","1296.01","APC"
"Cardioversion electric ext","92960","HCPCS","","","","","","","facility","outpatient","","","","","","Bcbs","Highmark Health Options Medicare Managed Care Plan","732.09","","","","","","","fee schedule","678.52","2142.71","APC"
"Cardioversion electric int","92961","HCPCS","","","","","","","facility","outpatient","","","","","","Jefferson Health Plan","Health Partners Medicaid Managed Care/Aca Plan","2142.71","","","","","","","fee schedule","678.52","2142.71","APC"
"Caregiver traing 1st 30 min","97550","HCPCS","","","","","","","facility","outpatient","","","","","","Bcbs","Highmark All Commercial Plans","58.74","","","","","","","fee schedule","37.82","119.43","Radiology"
"Carotid Artery Stent Procedures With Cc","035","MS-DRG","","","","","","","facility","inpatient","","","","","","First Health","Delaware Medicaid Managed Care Plan","","","[Inpatient Services: Payer leverages state specific Medicaid payment methodology. Available, referenceable algorithm logic found here: https://medicaidpublications.dhss.delaware.gov/docs/search]","","","","0","other","","","No services performed during 15-month lookback period."
"Carotid Artery Stent Procedures With Cc","035","MS-DRG","","","","","","","facility","inpatient","","","","","","Unitedhealthcare","All Commercial Plans","","91","","","","","0","percent of total billed charges","","","No services performed during 15-month lookback period."
"Carotid Artery Stent Procedures Without Cc/Mcc","036","MS-DRG","","","","","","","facility","inpatient","","","","","","Bcbs","Highmark Wholecare Medicaid Managed Care Plan","","","[Inpatient Services: Payer leverages state specific Medicaid payment methodology. Available, referenceable algorithm logic found here: https://www.pa.gov/agencies/dhs/resources/for-providers]","","","","0","other","","","No services performed during 15-month lookback period."
"Carotid Artery Stent Procedures Without Cc/Mcc","036","MS-DRG","","","","","","","facility","inpatient","","","","","","Jefferson Health Plan","Health Partners Medicare Managed Care Plan","","","[MSDRG Base Rate: FEE SCHEDULE]","","","","0","other","","","No services performed during 15-month lookback period."
"Catastrophe/disaster related","","","","","","","","","facility","both","","","CR","","","Jefferson Health Plan","Health Partners Medicaid Managed Care Plan","","","","","","","","","","","The modified price is presented in the standard charge value."
"Ccp antibody","86200","HCPCS","","","","","","","facility","outpatient","","","","","","Ambetter","All Commercial Plans","16.84","","","","","","","fee schedule","8.42","38.85","Laboratory"
"Cdtb&vinculin igg antb ia","0176U","HCPCS","","","","","","","facility","outpatient","","","","","","Amerihealth","Medicare Managed Care Plan","69.33","","","","","","","fee schedule","60.98","192.57","APC"
"Cebpa gene full sequence","81218","HCPCS","","","","","","","facility","outpatient","","","","","","Bcbs","Highmark Medicare Managed Care Plan","229.8","","","","","","","fee schedule","157.24","725.7","APC"
"Cell enumeration & id","86152","HCPCS","","","","","","","facility","outpatient","","","","","","Aetna","All Commercial Plans","351.09","","","","","","","fee schedule","163.01","752.34","Radiology"
"Cellulitis Without Mcc","603","MS-DRG","","","","","","","facility","inpatient","","","","","","Jefferson Health Plan","Health Partners Medicaid Managed Care/Aca Plan","20466.15","","","","","","","fee schedule","7790.02","20466.15",""
"Cep72 nudt15&tpmt gene alys","0286U","HCPCS","","","","","","","facility","outpatient","","","","","","Ambetter","All Commercial Plans","174.37","","","","","","","fee schedule","127.42","402.39","Laboratory"
"Cep72 nudt15&tpmt gene alys","0286U","HCPCS","","","","","","","facility","outpatient","","","","","","Unitedhealthcare","All Commercial Plans","134.13","","","","","","","fee schedule","127.42","402.39",""
"Cervical Spinal Fusion With Mcc","471","MS-DRG","","","","","","","facility","inpatient","","","","","","Jefferson Health Plan","Health Partners Medicaid Managed Care/Aca Plan","113474.45","","","","","","","fee schedule","41185.03","115638.19",""
"Cervical Spinal Fusion Without Cc/Mcc","473","MS-DRG","","","","","","","facility","inpatient","","","","","","Bcbs","Highmark Health Options Medicare Managed Care Plan","22701.8","","","","","","","fee schedule","21040.7","58464.5","MSDRG Base Rate"
"Cesarean Section W Cc/Mcc","765","MS-DRG","","","","","","","facility","inpatient","","","","","","Bcbs","Highmark Health Options Medicare Managed Care Plan","","","[MSDRG Base Rate: FEE SCHEDULE]","","","","0","other","","","No services performed during 15-month lookback period."
"Cesarean Section With Sterilization With Cc","784","MS-DRG","","","","","","","facility","inpatient","","","","","","Ambetter","All Commercial Plans","","91","","","","","0","percent of total billed charges","","","No services performed during 15-month lookback period."
"Cesarean Section With Sterilization With Cc","784","MS-DRG","","","","","","","facility","inpatient","","","","","","First Health","Delaware Medicaid Managed Care Plan","","","[Inpatient Services: Payer leverages state specific Medicaid payment methodology. Available, referenceable algorithm logic found here: https://medicaidpublications.dhss.delaware.gov/docs/search]","","","","0","other","","","No services performed during 15-month lookback period."
"Cesarean Section Without Sterilization With Cc","787","MS-DRG","","","","","","","facility","inpatient","","","","","","Amerihealth","Caritas Next Other Commercial Plan","","94","","31747.38","31747.38","31747.38","1 through 10","percent of total billed charges","","",""
"Cesarean Section Without Sterilization With Cc","787","MS-DRG","","","","","","","facility","inpatient","","","","","","Bcbs","Highmark Wholecare Medicare Managed Care Plan","11422.48","","","","","","","fee schedule","9864.87","26745.24","MSDRG Base Rate"
"Cesarean Section Without Sterilization With Mcc","786","MS-DRG","","","","","","","facility","inpatient","","","","","","Jefferson Health Plan","Health Partners Medicare Managed Care Plan","15871.21","","","","","","","fee schedule","14359.67","39502.39","MSDRG Base Rate"
"Cftr gene com variants","81220","HCPCS","","","","","","","facility","outpatient","","","","","","Bcbs","Highmark All Commercial Plans","821.26","","","","","","","fee schedule","361.79","1669.8","Radiology"
"Cftr gene intron poly t","81224","HCPCS","","","","","","","facility","outpatient","","","","","","Ambetter","All Commercial Plans","219.38","","","","","","","fee schedule","109.69","506.25","Laboratory"
"Change gastric port open","43888","HCPCS","","","","","","","facility","outpatient","","","","","","Aetna","All Commercial Plans","5361.24","","","","","","","fee schedule","3637.98","11488.36","Radiology"
"Chct for mal hyperthermia","89049","HCPCS","","","","","","","facility","outpatient","","","","","","Unitedhealthcare","All Commercial Plans","152.32","","","","","","","fee schedule","41.05","552.32",""
"Chemical cautery tissue","17250","HCPCS","","","","","","","facility","outpatient","","","","","","Jefferson Health Plan","Health Partners Medicare Managed Care Plan","227.65","","","","","","","fee schedule","205.97","650.43","APC"
"Chemical peel face dermal","15789","HCPCS","","","","","","","facility","outpatient","","","","","","Amerihealth","Medicare Managed Care Plan","862.56","","","","","","","fee schedule","758.73","2395.99","APC"
"Chemical peel face epiderm","15788","HCPCS","","","","","","","facility","outpatient","","","","","","Aetna","Medicare Managed Care Plan","452.47","","","","","","","fee schedule","417.33","1317.88","APC"
"Chemical peel nonfacial","15792","HCPCS","","","","","","","facility","outpatient","","","","","","Amerihealth","Caritas Next Other Commercial Plan","1277.86","","","","","","","fee schedule","758.73","2395.99","Radiology"
"Chemical peel nonfacial","15793","HCPCS","","","","","","","facility","outpatient","","","","","","Jefferson Health Plan","Health Partners Medicaid Managed Care/Aca Plan","1317.88","","","","","","","fee schedule","417.33","1317.88","APC"
"Chemiluminescent assay","82397","HCPCS","","","","","","","facility","outpatient","","","","","","Ambetter","All Commercial Plans","18.36","","","","","","","fee schedule","9.18","42.36","Laboratory"
"Chemo iv infusion 1 hr","96413","HCPCS","","","","","","","facility","outpatient","","","","","","Healthspring","Medicare Managed Care Plan","356.94","","","","","","","fee schedule","339.09","1070.81","APC"
"Chemo iv push addl drug","96411","HCPCS","","","","","","","facility","outpatient","","","","","","Aetna","Medicare Managed Care Plan","80.14","","","","","","","fee schedule","73.92","233.42","APC"
"Chemo iv push sngl drug","96409","HCPCS","","","","","","","facility","outpatient","","","","","","Healthspring","Medicare Managed Care Plan","356.94","","","","","","","fee schedule","339.09","1070.81","APC"
"Chemodenerv 1 extremity 1-4","64642","HCPCS","","","","","","","facility","outpatient","","","","","","Bcbs","Highmark Wholecare Medicare Managed Care Plan","839.08","","","","","","","fee schedule","724.66","2288.39","APC"
"Chemotaxis assay","86155","HCPCS","","","","","","","facility","outpatient","","","","","","Aetna","Medicare Managed Care Plan","16.47","","","","","","","fee schedule","10.39","47.97","APC"
"Chemotaxis assay","86155","HCPCS","","","","","","","facility","outpatient","","","","","","Bcbs","Highmark Health Options Medicare Managed Care Plan","16.39","","","","","","","fee schedule","10.39","47.97","APC"
"Chemotherapy With Acute Leukemia As Secondary Diagnosis Or With High Dose Chemotherapy Agent With Mc","837","MS-DRG","","","","","","","facility","inpatient","","","","","","First Health","Delaware Medicaid Managed Care Plan","","","[Inpatient Services: Payer leverages state specific Medicaid payment methodology. Available, referenceable algorithm logic found here: https://medicaidpublications.dhss.delaware.gov/docs/search]","","","","0","other","","","No services performed during 15-month lookback period."
"Chemotherapy With Acute Leukemia As Secondary Diagnosis Or With High Dose Chemotherapy Agent With Mc","837","MS-DRG","","","","","","","facility","inpatient","","","","","","Ibc","All Commercial Plans","","","[Psych-Per Diem: 1800] [All Other IP (%BC): 89.50]","","","","0","other","","","No services performed during 15-month lookback period."
"Chemotherapy With Acute Leukemia As Secondary Diagnosis Or With High Dose Chemotherapy Agent With Mc","837","MS-DRG","","","","","","","facility","inpatient","","","","","","Ibc","Medicare Managed Care Plan","43135.94","","","","","","","fee schedule","40979.14","112901.05","MSDRG Base Rate"
"Chemotherapy Without Acute Leukemia As Secondary Diagnosis With Mcc","846","MS-DRG","","","","","","","facility","inpatient","","","","","","Bcbs","Highmark Health Options Medicaid Managed Care Plan","","","[Inpatient Services: Payer leverages state specific Medicaid payment methodology. Available, referenceable algorithm logic found here: https://medicaidpublications.dhss.delaware.gov/docs/search]","15246.34","11775.23","32139.24","1 through 10","other","","","Contracting method is an algorithm described in the 'standard_charges|algorithm' field. The allowed amount provided accounts for the structural rates, conditions, and utilization elements inherent in the payer’s algorithm."
"Chemotherapy Without Acute Leukemia As Secondary Diagnosis Without Cc/Mcc","848","MS-DRG","","","","","","","facility","inpatient","","","","","","Aetna - De","Better Health Medicaid Managed Care Plan","","","[Inpatient Services: Payer leverages state specific Medicaid payment methodology. Available, referenceable algorithm logic found here: https://medicaidpublications.dhss.delaware.gov/docs/search]","","","","0","other","","","No services performed during 15-month lookback period."
"Chemotherapy Without Acute Leukemia As Secondary Diagnosis Without Cc/Mcc","848","MS-DRG","","","","","","","facility","inpatient","","","","","","Healthspring","Medicare Managed Care Plan","8009.06","","","","","","","fee schedule","7608.61","19960.9","MSDRG Base Rate"
"Chemotherapy unspecified","96549","HCPCS","","","","","","","facility","outpatient","","","","","","Aetna","Medicare Managed Care Plan","52.12","","","","","","","fee schedule","48.07","151.8","APC"
"Chemotx admn prtl cavity","96446","HCPCS","","","","","","","facility","outpatient","","","","","","Bcbs","Highmark All Commercial Plans","526.66","","","","","","","fee schedule","339.09","1070.81","Radiology"
"Chemotx admn prtl cavity","96446","HCPCS","","","","","","","facility","outpatient","","","","","","Jefferson Health Plan","Health Partners Medicaid Managed Care/Aca Plan","1070.81","","","","","","","fee schedule","339.09","1070.81","APC"
"Chest wall manipulation","94667","HCPCS","","","","","","","facility","outpatient","","","","","","Bcbs","Highmark Health Options Medicare Managed Care Plan","147.37","","","","","","","fee schedule","136.59","431.33","APC"
"Chlamydia antibody","86631","HCPCS","","","","","","","facility","outpatient","","","","","","Amerihealth","Caritas Next Other Commercial Plan","18.91","","","","","","","fee schedule","7.68","35.46","Radiology"
"Chlamydia culture","87110","HCPCS","","","","","","","facility","outpatient","","","","","","Amerihealth","Caritas Next Other Commercial Plan","19.6","","","","","","","fee schedule","12.74","58.8","Laboratory"
"Chlmy trch&neisra gonor mult","87494","HCPCS","","","","","","","facility","outpatient","","","","","","Amerihealth","Caritas Next Other Commercial Plan","112.29","","","","","","","fee schedule","66.67","210.54","Radiology"
"Cholecystectomy Except By Laparoscope Without C.D.E. Without Cc/Mcc","416","MS-DRG","","","","","","","facility","inpatient","","","","","","Wellcare","Medicare Managed Care Plan","13830.8","","","","","","","fee schedule","11944.78","32037.55","MSDRG Base Rate"
"Cholecystectomy With C.D.E. With Cc","412","MS-DRG","","","","","","","facility","inpatient","","","","","","Aetna","Medicare Managed Care Plan","","","[MSDRG Base Rate: FEE SCHEDULE] [Psych-Per Diem: 1065] [Rehab-Per Diem: 1598] [SNF-Per Diem: 365]","","","","0","other","","","No services performed during 15-month lookback period."
"Cholecystectomy With C.D.E. With Cc","412","MS-DRG","","","","","","","facility","inpatient","","","","","","Bcbs","Highmark Wholecare Medicaid Managed Care Plan","","","[Inpatient Services: Payer leverages state specific Medicaid payment methodology. Available, referenceable algorithm logic found here: https://www.pa.gov/agencies/dhs/resources/for-providers]","","","","0","other","","","No services performed during 15-month lookback period."
"Cholecystectomy With C.D.E. With Cc","412","MS-DRG","","","","","","","facility","inpatient","","","","","","Jefferson Health Plan","Health Partners Medicaid Managed Care/Aca Plan","49408.75","","","","","","","fee schedule","18181.98","49408.75",""
"Cholecystectomy With C.D.E. With Mcc","411","MS-DRG","","","","","","","facility","inpatient","","","","","","Ambetter","All Commercial Plans","","91","","","","","0","percent of total billed charges","","","No services performed during 15-month lookback period."
"Cholecystectomy With C.D.E. With Mcc","411","MS-DRG","","","","","","","facility","inpatient","","","","","","Amerihealth","Medicare Managed Care Plan","","","[MSDRG Base Rate: FEE SCHEDULE]","","","","0","other","","","No services performed during 15-month lookback period."
"Chorion biopsy","59015","HCPCS","","","","","","","facility","outpatient","","","","","","Healthspring","Medicare Managed Care Plan","995.31","","","","","","","fee schedule","945.55","2985.94","APC"
"Chorionic gonadotropin test","84702","HCPCS","","","","","","","facility","outpatient","","","","","","Bcbs","Highmark All Commercial Plans","22.21","","","","","","","fee schedule","9.78","45.15","Radiology"
"Chromatogram assay sugars","84375","HCPCS","","","","","","","facility","outpatient","","","","","","Ambetter","All Commercial Plans","58.5","","","","","","","fee schedule","25.35","117","Radiology"
"Chromosome analysis 100","88249","HCPCS","","","","","","","facility","outpatient","","","","","","Ambetter","All Commercial Plans","259.76","","","","","","","fee schedule","112.56","519.51","Radiology"
"Chromosome analysis 15-20","88262","HCPCS","","","","","","","facility","outpatient","","","","","","Jefferson Health Plan","Health Partners Medicaid Managed Care/Aca Plan","376.47","","","","","","","fee schedule","81.57","376.47","APC"
"Chromosome analysis 20-25","88264","HCPCS","","","","","","","facility","outpatient","","","","","","Bcbs","Highmark Medicare Managed Care Plan","137.38","","","","","","","fee schedule","94","433.83","APC"
"Chromosome analysis 5","88261","HCPCS","","","","","","","facility","outpatient","","","","","","Amerihealth","Medicare Managed Care Plan","285.49","","","","","","","fee schedule","171.82","793.02","APC"
"Chromosome analysis 5","88261","HCPCS","","","","","","","facility","outpatient","","","","","","Bcbs","Highmark Health Options Medicare Managed Care Plan","270.95","","","","","","","fee schedule","171.82","793.02","APC"
"Chromosome banding study","88283","HCPCS","","","","","","","facility","outpatient","","","","","","Bcbs","Highmark Medicare Managed Care Plan","65.17","","","","","","","fee schedule","44.59","205.8","APC"
"Chronic Obstructive Pulmonary Disease With Mcc","190","MS-DRG","","","","","","","facility","inpatient","","","","","","Amerihealth","Medicare Managed Care Plan","11127.51","","","","","","","fee schedule","9788.09","26030.95","MSDRG Base Rate"
"Chronic Obstructive Pulmonary Disease Without Cc/Mcc","192","MS-DRG","","","","","","","facility","inpatient","","","","","","Aetna","All Commercial Plans","","","[SNF-(% BC): 65] [Bariatric Surgery-Case Rate: 20177] [All Other IP (%BC): 86.5]","","","","0","other","","","No services performed during 15-month lookback period."
"Chylmd pneum dna quant","87487","HCPCS","","","","","","","facility","outpatient","","","","","","Ambetter","All Commercial Plans","55.69","","","","","","","fee schedule","27.85","128.52","Laboratory"
"Chylmd pneum dna quant","87487","HCPCS","","","","","","","facility","outpatient","","","","","","Bcbs","Highmark All Commercial Plans","63.21","","","","","","","fee schedule","27.85","128.52","Radiology"
"Chylmd trach ag ia","87320","HCPCS","","","","","","","facility","outpatient","","","","","","Aetna","All Commercial Plans","16.65","","","","","","","fee schedule","9.75","45","Laboratory"
"Chylmd trach ag ia","87320","HCPCS","","","","","","","facility","outpatient","","","","","","Bcbs","Highmark All Commercial Plans","22.13","","","","","","","fee schedule","9.75","45","Radiology"
"Chylmd trach assay w/optic","87810","HCPCS","","","","","","","facility","outpatient","","","","","","Amerihealth","Medicare Managed Care Plan","38.11","","","","","","","fee schedule","22.94","105.87","APC"
"Chylmd trach dna amp probe","87491","HCPCS","","","","","","","facility","outpatient","","","","","","Unitedhealthcare","All Commercial Plans","35.09","","","","","","","fee schedule","22.81","105.27",""
"Chylmd trach dna quant","87492","HCPCS","","","","","","","facility","outpatient","","","","","","First Health","Delaware Medicaid Managed Care Plan","58.82","","","","","","","fee schedule","34.76","160.41","Laboratory"
"Ciliary transsleral therapy","66710","HCPCS","","","","","","","facility","outpatient","","","","","","Healthspring","Medicare Managed Care Plan","2569.18","","","","","","","fee schedule","2440.72","7707.54","APC"
"Cine/vid x-ray throat/esoph","74230","HCPCS","","","","","","","facility","outpatient","","","","","","Aetna","Medicare Managed Care Plan","195.23","","","","","","","fee schedule","180.07","568.63","APC"
"Circulatory Disorders Except Ami, With Cardiac Catheterization With Mcc","286","MS-DRG","","","","","","","facility","inpatient","","","","","","Ambetter","All Commercial Plans","","91","","","","","0","percent of total billed charges","","","No services performed during 15-month lookback period."
"Circumcision neonate","54160","HCPCS","","","","","","","facility","outpatient","","","","","","Aetna","Medicare Managed Care Plan","776.13","","","","","","","fee schedule","715.84","2260.56","APC"
"Clean out mastoid cavity","69222","HCPCS","","","","","","","facility","outpatient","","","","","","Jefferson Health Plan","Health Partners Medicare Managed Care Plan","611.96","","","","","","","fee schedule","553.67","1748.44","APC"
"Clear eyelid gland w/heat","0207T","HCPCS","","","","","","","facility","outpatient","","","","","","Bcbs","Highmark Wholecare Medicare Managed Care Plan","158.15","","","","","","","fee schedule","136.59","431.33","APC"
"Clear outer ear canal","69205","HCPCS","","","","","","","facility","outpatient","","","","","","Bcbs","Highmark All Commercial Plans","2633.42","","","","","","","fee schedule","1695.53","5354.29","Radiology"
"Close tear system fistula","68770","HCPCS","","","","","","","facility","outpatient","","","","","","Aetna","Medicare Managed Care Plan","2646.26","","","","","","","fee schedule","2440.72","7707.54","APC"
"Close tear system fistula","68770","HCPCS","","","","","","","facility","outpatient","","","","","","Ambetter","All Commercial Plans","3853.77","","","","","","","fee schedule","2440.72","7707.54","Radiology"
"Close tear system fistula","68770","HCPCS","","","","","","","facility","outpatient","","","","","","Amerihealth","Caritas Next Other Commercial Plan","4110.69","","","","","","","fee schedule","2440.72","7707.54","Radiology"
"Close tear system fistula","68770","HCPCS","","","","","","","facility","outpatient","","","","","","Amerihealth","Medicare Managed Care Plan","2774.72","","","","","","","fee schedule","2440.72","7707.54","APC"
"Closed tx septal&nose fx","21337","HCPCS","","","","","","","facility","outpatient","","","","","","Ambetter","All Commercial Plans","5374.17","","","","","","","fee schedule","3403.64","10748.35","Radiology"
"Closure of eyelid by suture","67875","HCPCS","","","","","","","facility","outpatient","","","","","","Amerihealth","Medicare Managed Care Plan","1163.44","","","","","","","fee schedule","1023.39","3231.77","APC"
"Clot factor ii prothrom spec","85210","HCPCS","","","","","","","facility","outpatient","","","","","","Jefferson Health Plan","Health Partners Medicare Managed Care Plan","13.63","","","","","","","fee schedule","8.44","38.94","APC"
"Clot factor viii multimetric","85247","HCPCS","","","","","","","facility","outpatient","","","","","","Bcbs","Highmark Medicare Managed Care Plan","21.79","","","","","","","fee schedule","14.91","68.82","APC"
"Clot factor viii reltd antgn","85244","HCPCS","","","","","","","facility","outpatient","","","","","","Aetna","Medicare Managed Care Plan","21.03","","","","","","","fee schedule","13.27","61.26","APC"
"Clot factor viii reltd antgn","85244","HCPCS","","","","","","","facility","outpatient","","","","","","Bcbs","Highmark Health Options Medicare Managed Care Plan","20.93","","","","","","","fee schedule","13.27","61.26","APC"
"Clot factor viii vw ristoctn","85245","HCPCS","","","","","","","facility","outpatient","","","","","","Aetna","All Commercial Plans","25.46","","","","","","","fee schedule","14.91","68.82","Laboratory"
"Clot factor wght kininogen","85293","HCPCS","","","","","","","facility","outpatient","","","","","","Jefferson Health Plan","Health Partners Medicare Managed Care Plan","19.88","","","","","","","fee schedule","12.3","56.79","APC"
"Clot factor xi pta","85270","HCPCS","","","","","","","facility","outpatient","","","","","","Cigna","All Commercial Plans","11.64","","","","","","","fee schedule","11.64","53.7",""
"Clot inhibit prot c antigen","85302","HCPCS","","","","","","","facility","outpatient","","","","","","Ambetter","All Commercial Plans","15.61","","","","","","","fee schedule","7.81","36.03","Laboratory"
"Clot inhibit prot s total","85305","HCPCS","","","","","","","facility","outpatient","","","","","","First Health","Delaware Medicaid Managed Care Plan","12.77","","","","","","","fee schedule","7.55","34.83","Laboratory"
"Clotting funct activity","85397","HCPCS","","","","","","","facility","outpatient","","","","","","Amerihealth","Caritas Next Other Commercial Plan","30.86","","","","","","","fee schedule","20.06","92.58","Laboratory"
"Clotting funct activity","85397","HCPCS","","","","","","","facility","outpatient","","","","","","Unitedhealthcare","All Commercial Plans","30.86","","","","","","","fee schedule","20.06","92.58",""
"Cltx med ankle fx w/mnpj","27762","HCPCS","","","","","","","facility","outpatient","","","","","","Bcbs","Highmark Medicare Managed Care Plan","1650.76","","","","","","","fee schedule","1650.76","5212.93","APC"
"Cltx medial ankle fx","27760","HCPCS","","","","","","","facility","outpatient","","","","","","Bcbs","Highmark Wholecare Medicare Managed Care Plan","293.21","","","","","","","fee schedule","253.23","799.67","APC"
"Cltx thigh fx w/mnpj","27268","HCPCS","","","","","","","facility","outpatient","","","","","","Amerihealth","Medicare Managed Care Plan","1876.66","","","","","","","fee schedule","1650.76","5212.93","APC"
"Cmplx rpr s/a/l 1.1-2.5 cm","13120","HCPCS","","","","","","","facility","outpatient","","","","","","Bcbs","Highmark Wholecare Medicare Managed Care Plan","483.22","","","","","","","fee schedule","417.33","1317.88","APC"
"Cmplx rpr trunk 1.1-2.5 cm","13100","HCPCS","","","","","","","facility","outpatient","","","","","","Bcbs","Highmark Wholecare Medicare Managed Care Plan","878.53","","","","","","","fee schedule","758.73","2395.99","APC"
"Cmv antibody igm","86645","HCPCS","","","","","","","facility","outpatient","","","","","","Amerihealth","Caritas Next Other Commercial Plan","26.96","","","","","","","fee schedule","10.95","50.55","Radiology"
"Cnbp gene detc abnor allele","81187","HCPCS","","","","","","","facility","outpatient","","","","","","Aetna","All Commercial Plans","191.8","","","","","","","fee schedule","89.05","411","Radiology"
"Cns dna amp probe type 12-25","87483","HCPCS","","","","","","","facility","outpatient","","","","","","Ambetter","All Commercial Plans","541.81","","","","","","","fee schedule","270.91","1250.34","Laboratory"
"Coagulation Disorders","813","MS-DRG","","","","","","","facility","inpatient","","","","","","Aetna","Medicare Managed Care Plan","","","[MSDRG Base Rate: FEE SCHEDULE] [Psych-Per Diem: 1065] [Rehab-Per Diem: 1598] [SNF-Per Diem: 365]","","","","0","other","","","No services performed during 15-month lookback period."
"Coagulation time lee & white","85345","HCPCS","","","","","","","facility","outpatient","","","","","","Aetna","All Commercial Plans","6.57","","","","","","","fee schedule","3.05","14.07","Radiology"
"Cochlear implt f/up exam 7/>","92603","HCPCS","","","","","","","facility","outpatient","","","","","","Bcbs","Highmark All Commercial Plans","205.17","","","","","","","fee schedule","132.1","417.14","Radiology"
"Cold agglutinin screen","86156","HCPCS","","","","","","","facility","outpatient","","","","","","Aetna","All Commercial Plans","8.96","","","","","","","fee schedule","5.25","24.21","Laboratory"
"Collagen crosslinking cornea","0402T","HCPCS","","","","","","","facility","outpatient","","","","","","Aetna","All Commercial Plans","3596.85","","","","","","","fee schedule","2440.72","7707.54","Radiology"
"Collagen crosslinking cornea","0402T","HCPCS","","","","","","","facility","outpatient","","","","","","Jefferson Health Plan","Health Partners Medicaid Managed Care/Aca Plan","7707.54","","","","","","","fee schedule","2440.72","7707.54","APC"
"Collect sweat for test","89230","HCPCS","","","","","","","facility","outpatient","","","","","","Bcbs","Highmark All Commercial Plans","83.09","","","","","","","fee schedule","1.64","168.94","Radiology"
"Colon motility 6 hr study","91117","HCPCS","","","","","","","facility","outpatient","","","","","","Bcbs","Highmark Wholecare Medicare Managed Care Plan","256.67","","","","","","","fee schedule","221.67","700","APC"
"Colonoscopy for bleeding","44391","HCPCS","","","","","","","facility","outpatient","","","","","","Healthspring","Medicare Managed Care Plan","1293.13","","","","","","","fee schedule","1228.47","3879.38","APC"
"Colonoscopy submucous njx","45381","HCPCS","","","","","","","facility","outpatient","","","","","","Bcbs","Highmark All Commercial Plans","1908.01","","","","","","","fee schedule","1228.47","3879.38","Radiology"
"Colonoscopy w/control bleed","45382","HCPCS","","","","","","","facility","outpatient","","","","","","Ambetter","All Commercial Plans","1939.69","","","","","","","fee schedule","1228.47","3879.38","Radiology"
"Colonoscopy w/dilation","44405","HCPCS","","","","","","","facility","outpatient","","","","","","Bcbs","Highmark All Commercial Plans","1908.01","","","","","","","fee schedule","1228.47","3879.38","Radiology"
"Colonoscopy w/endoscope us","45391","HCPCS","","","","","","","facility","outpatient","","","","","","Aetna","Medicare Managed Care Plan","1331.92","","","","","","","fee schedule","1228.47","3879.38","APC"
"Colonoscopy w/endoscope us","45391","HCPCS","","","","","","","facility","outpatient","","","","","","Ambetter","All Commercial Plans","1939.69","","","","","","","fee schedule","1228.47","3879.38","Radiology"
"Colonoscopy w/endoscopic fnb","45392","HCPCS","","","","","","","facility","outpatient","","","","","","Ambetter","All Commercial Plans","1939.69","","","","","","","fee schedule","1228.47","3879.38","Radiology"
"Colonoscopy w/snare","44394","HCPCS","","","","","","","facility","outpatient","","","","","","Bcbs","Highmark Wholecare Medicare Managed Care Plan","1422.44","","","","","","","fee schedule","1228.47","3879.38","APC"
"Colonoscopy w/ultrasound","44406","HCPCS","","","","","","","facility","outpatient","","","","","","Amerihealth","Caritas Next Other Commercial Plan","2069","","","","","","","fee schedule","1228.47","3879.38","Radiology"
"Colonoscopy w/ultrasound","44406","HCPCS","","","","","","","facility","outpatient","","","","","","Bcbs","Highmark Medicare Managed Care Plan","1228.47","","","","","","","fee schedule","1228.47","3879.38","APC"
"Colonoscopy with ablation","44401","HCPCS","","","","","","","facility","outpatient","","","","","","Aetna","Medicare Managed Care Plan","1331.92","","","","","","","fee schedule","1228.47","3879.38","APC"
"Colonoscopy with ablation","44401","HCPCS","","","","","","","facility","outpatient","","","","","","Bcbs","Highmark Medicare Managed Care Plan","1228.47","","","","","","","fee schedule","1228.47","3879.38","APC"
"Colonoscopy with ablation","44401","HCPCS","","","","","","","facility","outpatient","","","","","","Jefferson Health Plan","Health Partners Medicare Managed Care Plan","1357.78","","","","","","","fee schedule","1228.47","3879.38","APC"
"Colorectal scrn; hi risk ind","G0105","HCPCS","","","","","","","facility","outpatient","","","","","","Bcbs","Highmark Medicare Managed Care Plan","954.69","","","","","","","fee schedule","954.69","3014.82","APC"
"Colorectal scrn; hi risk ind","G0105","HCPCS","","","","","","","facility","outpatient","","","","","","Bcbs","Highmark Wholecare Medicare Managed Care Plan","1105.43","","","","","","","fee schedule","954.69","3014.82","APC"
"Colsc flx 1st tndsc dilat","0885T","HCPCS","","","","","","","facility","outpatient","","","","","","Bcbs","Highmark All Commercial Plans","9679.86","","","","","","","fee schedule","6232.37","19681.18","Radiology"
"Colsc flx 1st tndsc dilat","0885T","HCPCS","","","","","","","facility","outpatient","","","","","","Jefferson Health Plan","Health Partners Medicaid Managed Care/Aca Plan","19681.18","","","","","","","fee schedule","6232.37","19681.18","APC"
"Combined Anterior And Posterior Cervical Spinal Fusion Without Mcc","430","MS-DRG","","","","","","","facility","inpatient","","","","","","Amerihealth","Medicare Managed Care Plan","","","[MSDRG Base Rate: FEE SCHEDULE]","","","","0","other","","","No services performed during 15-month lookback period."
"Combined Anterior And Posterior Cervical Spinal Fusion Without Mcc","430","MS-DRG","","","","","","","facility","inpatient","","","","","","Cigna","All Commercial Plans","","","[SNF-(% BC): 60] [All Other IP (%BC): 88.46]","","","","0","other","","","No services performed during 15-month lookback period."
"Combined Anterior And Posterior Spinal Fusion With Cc","454","MS-DRG","","","","","","","facility","inpatient","","","","","","Aetna - Md","Better Health Medicaid Managed Care Plan","","","[Inpatient Services: Payer leverages state specific Medicaid payment methodology. Available, referenceable algorithm logic found here: https://health.maryland.gov/mmcp/provider/Pages/default.aspx]","","","","0","other","","","No services performed during 15-month lookback period."
"Combined Anterior And Posterior Spinal Fusion Without Cc/Mcc","455","MS-DRG","","","","","","","facility","inpatient","","","","","","Healthspring","Medicare Managed Care Plan","","","[MSDRG Base Rate: FEE SCHEDULE]","43523.69","43523.69","43523.69","1 through 10","other","","","Contracting method is an algorithm described in the 'standard_charges|algorithm' field. The allowed amount provided accounts for the structural rates, conditions, and utilization elements inherent in the payer’s algorithm."
"Community/work reintegration","97537","HCPCS","","","","","","","facility","outpatient","","","","","","Aetna","Medicare Managed Care Plan","32.88","","","","","","","fee schedule","30.32","95.76","APC"
"Compatibility test electric","86923","HCPCS","","","","","","","facility","outpatient","","","","","","Jefferson Health Plan","Health Partners Medicaid Managed Care/Aca Plan","552.32","","","","","","","fee schedule","19","552.32","APC"
"Compatibility test incubate","86921","HCPCS","","","","","","","facility","outpatient","","","","","","Jefferson Health Plan","Health Partners Medicaid Managed Care/Aca Plan","552.32","","","","","","","fee schedule","21.35","552.32","APC"
"Complement/function activity","86161","HCPCS","","","","","","","facility","outpatient","","","","","","Unitedhealthcare","All Commercial Plans","12","","","","","","","fee schedule","7.8","36",""
"Complete cbc automated","85027","HCPCS","","","","","","","facility","outpatient","","","","","","Amerihealth","Caritas Next Other Commercial Plan","6.47","","","","","","","fee schedule","4.21","19.41","Laboratory"
"Complete cbc automated","85027","HCPCS","","","","","","","facility","outpatient","","","","","","Unitedhealthcare","All Commercial Plans","6.47","","","","","","","fee schedule","4.21","19.41",""
"Complete cbc w/auto diff wbc","85025","HCPCS","","","","","","","facility","outpatient","","","","","","Amerihealth","Medicare Managed Care Plan","8.39","","","","","","","fee schedule","5.05","23.31","APC"
"Complete cbc w/auto diff wbc","85025","HCPCS","","","","","","","facility","outpatient","","","","","","Jefferson Health Plan","Health Partners Medicaid Managed Care/Aca Plan","23.31","","","","","","","fee schedule","5.05","23.31","APC"
"Complex body section x-rays","76102","HCPCS","","","","","","","facility","outpatient","","","","","","Cigna","All Commercial Plans","193.48","","","","","","","fee schedule","193.48","193.48",""
"Complicated Peptic Ulcer With Mcc","380","MS-DRG","","","","","","","facility","inpatient","","","","","","Aetna - De","Better Health Medicaid Managed Care Plan","","","[Inpatient Services: Payer leverages state specific Medicaid payment methodology. Available, referenceable algorithm logic found here: https://medicaidpublications.dhss.delaware.gov/docs/search]","","","","0","other","","","No services performed during 15-month lookback period."
"Complicated Peptic Ulcer Without Cc/Mcc","382","MS-DRG","","","","","","","facility","inpatient","","","","","","Bcbs","Highmark Wholecare Medicaid Managed Care Plan","","","[Inpatient Services: Payer leverages state specific Medicaid payment methodology. Available, referenceable algorithm logic found here: https://www.pa.gov/agencies/dhs/resources/for-providers]","","","","0","other","","","No services performed during 15-month lookback period."
"Complications Of Treatment With Mcc","919","MS-DRG","","","","","","","facility","inpatient","","","","","","Wellcare","Medicare Managed Care Plan","18398.29","","","","","","","fee schedule","15889.43","43023.8","MSDRG Base Rate"
"Complications of treatment w CC","452","MS-DRG","","","","","","","facility","inpatient","","","","","","Bcbs","Highmark Wholecare Medicaid Managed Care Plan","","","[Inpatient Services: Payer leverages state specific Medicaid payment methodology. Available, referenceable algorithm logic found here: https://www.pa.gov/agencies/dhs/resources/for-providers]","","","","0","other","","","No services performed during 15-month lookback period."
"Composite skin graft","15760","HCPCS","","","","","","","facility","outpatient","","","","","","Healthspring","Medicare Managed Care Plan","2229.64","","","","","","","fee schedule","2118.16","6688.93","APC"
"Comprehen metabolic panel","80053","HCPCS","","","","","","","facility","outpatient","","","","","","Bcbs","Highmark Medicare Managed Care Plan","10.03","","","","","","","fee schedule","6.86","31.68","APC"
"Comprehensive hearing test","92557","HCPCS","","","","","","","facility","outpatient","","","","","","Bcbs","Highmark Wholecare Medicare Managed Care Plan","152.95","","","","","","","fee schedule","132.1","417.14","APC"
"Coms ther 1st appl<=50 sq cm","0906T","HCPCS","","","","","","","facility","outpatient","","","","","","Healthspring","Medicare Managed Care Plan","216.81","","","","","","","fee schedule","205.97","650.43","APC"
"Comt gene","0032U","HCPCS","","","","","","","facility","outpatient","","","","","","Bcbs","Highmark All Commercial Plans","257.93","","","","","","","fee schedule","166.07","524.43","Radiology"
"Concomitant Aortic And Mitral Valve Procedures","212","MS-DRG","","","","","","","facility","inpatient","","","","","","Jefferson Health Plan","Health Partners Medicare Managed Care Plan","","","[MSDRG Base Rate: FEE SCHEDULE]","","","","0","other","","","No services performed during 15-month lookback period."
"Concomitant Left Atrial Appendage Closure And Cardiac Ablation","317","MS-DRG","","","","","","","facility","inpatient","","","","","","Aetna","Medicare Managed Care Plan","","","[MSDRG Base Rate: FEE SCHEDULE] [Psych-Per Diem: 1065] [Rehab-Per Diem: 1598] [SNF-Per Diem: 365]","","","","0","other","","","No services performed during 15-month lookback period."
"Concussion With Cc","089","MS-DRG","","","","","","","facility","inpatient","","","","","","Bcbs","Highmark Health Options Medicare Managed Care Plan","","","[MSDRG Base Rate: FEE SCHEDULE]","","","","0","other","","","No services performed during 15-month lookback period."
"Concussion With Mcc","088","MS-DRG","","","","","","","facility","inpatient","","","","","","Ibc","All Commercial Plans","","","[Psych-Per Diem: 1800] [All Other IP (%BC): 89.50]","","","","0","other","","","No services performed during 15-month lookback period."
"Cone beam ct capture limited","D0380","HCPCS","","","","","","","facility","outpatient","","","","","","Ambetter","All Commercial Plans","169.46","","","","","","","fee schedule","107.33","338.93","Radiology"
"Cone beam ct capture limited","D0380","HCPCS","","","","","","","facility","outpatient","","","","","","Bcbs","Highmark Wholecare Medicare Managed Care Plan","124.27","","","","","","","fee schedule","107.33","338.93","APC"
"Cone beam ct interprete TMJ","D0368","HCPCS","","","","","","","facility","outpatient","","","","","","Amerihealth","Caritas Next Other Commercial Plan","180.76","","","","","","","fee schedule","107.33","338.93","Radiology"
"Connective Tissue Disorders With Cc","546","MS-DRG","","","","","","","facility","inpatient","","","","","","Bcbs","Highmark Health Options Medicare Managed Care Plan","10976.88","","","","","","","fee schedule","10173.69","27104.9","MSDRG Base Rate"
"Connective Tissue Disorders With Mcc","545","MS-DRG","","","","","","","facility","inpatient","","","","","","Bcbs","Highmark Wholecare Medicare Managed Care Plan","24757.62","","","","","","","fee schedule","21381.58","58319.95","MSDRG Base Rate"
"Construct thumb replacement","26550","HCPCS","","","","","","","facility","outpatient","","","","","","Ambetter","All Commercial Plans","5303.73","","","","","","","fee schedule","3359.03","10607.46","Radiology"
"Construct vagina with graft","57292","HCPCS","","","","","","","facility","outpatient","","","","","","Jefferson Health Plan","Health Partners Medicare Managed Care Plan","5676.09","","","","","","","fee schedule","5135.51","16217.39","APC"
"Contact lens fitting","92313","HCPCS","","","","","","","facility","outpatient","","","","","","Healthspring","Medicare Managed Care Plan","143.78","","","","","","","fee schedule","136.59","431.33","APC"
"Contrast exam thoracic aorta","75600","HCPCS","","","","","","","facility","outpatient","","","","","","Ambetter","All Commercial Plans","5118.1","","","","","","","fee schedule","3241.46","10236.2","Radiology"
"Contrast exam thoracic aorta","75605","HCPCS","","","","","","","facility","outpatient","","","","","","Ambetter","All Commercial Plans","9019.72","","","","","","","fee schedule","5712.49","18039.45","Radiology"
"Contrast x-ray bladder","74430","HCPCS","","","","","","","facility","outpatient","","","","","","Bcbs","Highmark Health Options Medicare Managed Care Plan","386.43","","","","","","","fee schedule","358.15","1131.01","APC"
"Contrast x-ray exam of colon","74280","HCPCS","","","","","","","facility","outpatient","","","","","","Bcbs","Highmark Medicare Managed Care Plan","180.07","","","","","","","fee schedule","180.07","568.63","APC"
"Contrast x-ray gallbladder","74290","HCPCS","","","","","","","facility","outpatient","","","","","","Cigna","All Commercial Plans","314.56","","","","","","","fee schedule","180.07","568.63",""
"Contrast x-ray of brain","70010","HCPCS","","","","","","","facility","outpatient","","","","","","Bcbs","Highmark Wholecare Medicare Managed Care Plan","414.7","","","","","","","fee schedule","358.15","1131.01","APC"
"Contrast x-ray of elbow","73085","HCPCS","","","","","","","facility","outpatient","","","","","","Amerihealth","Caritas Next Other Commercial Plan","603.21","","","","","","","fee schedule","358.15","1131.01","Radiology"
"Contrast x-ray of shoulder","73040","HCPCS","","","","","","","facility","outpatient","","","","","","Bcbs","Highmark All Commercial Plans","556.27","","","","","","","fee schedule","358.15","1131.01","Radiology"
"Control throat bleeding","42960","HCPCS","","","","","","","facility","outpatient","","","","","","Bcbs","Highmark Medicare Managed Care Plan","553.67","","","","","","","fee schedule","553.67","1748.44","APC"
"Control throat bleeding","42960","HCPCS","","","","","","","facility","outpatient","","","","","","Healthspring","Medicare Managed Care Plan","582.81","","","","","","","fee schedule","553.67","1748.44","APC"
"Contrst x-ray urinary tract","74400","HCPCS","","","","","","","facility","outpatient","","","","","","Bcbs","Highmark Health Options Medicare Managed Care Plan","194.28","","","","","","","fee schedule","180.07","568.63","APC"
"Contrst x-ray urinary tract","74420","HCPCS","","","","","","","facility","outpatient","","","","","","Ambetter","All Commercial Plans","565.5","","","","","","","fee schedule","358.15","1131.01","Radiology"
"Conversion ext bil drg cath","47535","HCPCS","","","","","","","facility","outpatient","","","","","","Aetna","Medicare Managed Care Plan","3985.16","","","","","","","fee schedule","3675.63","11607.26","APC"
"Convert nephrostomy catheter","50434","HCPCS","","","","","","","facility","outpatient","","","","","","Bcbs","Highmark Wholecare Medicare Managed Care Plan","2484.82","","","","","","","fee schedule","2145.98","6776.79","APC"
"Cor artery disease mrna","81493","HCPCS","","","","","","","facility","outpatient","","","","","","Amerihealth","Medicare Managed Care Plan","1134","","","","","","","fee schedule","682.5","3150","APC"
"Corneal transplant","65710","HCPCS","","","","","","","facility","outpatient","","","","","","Bcbs","Highmark All Commercial Plans","8484.65","","","","","","","fee schedule","5462.84","17251.07","Radiology"
"Corneal trnspl endothelial","65756","HCPCS","","","","","","","facility","outpatient","","","","","","Aetna","All Commercial Plans","6253.38","","","","","","","fee schedule","4243.36","13400.1","Radiology"
"Coronary Bypass With Cardiac Catheterization Or Open Ablation Without Mcc","234","MS-DRG","","","","","","","facility","inpatient","","","","","","Aetna - De","Better Health Medicaid Managed Care Plan","","","[Inpatient Services: Payer leverages state specific Medicaid payment methodology. Available, referenceable algorithm logic found here: https://medicaidpublications.dhss.delaware.gov/docs/search]","","","","0","other","","","No services performed during 15-month lookback period."
"Coronary Bypass With Cardiac Catheterization Or Open Ablation Without Mcc","234","MS-DRG","","","","","","","facility","inpatient","","","","","","Wellcare","Medicare Managed Care Plan","","","[MSDRG Base Rate: FEE SCHEDULE]","","","","0","other","","","No services performed during 15-month lookback period."
"Coronary Bypass With Ptca With Mcc","231","MS-DRG","","","","","","","facility","inpatient","","","","","","Bcbs","Highmark Health Options Medicare Managed Care Plan","","","[MSDRG Base Rate: FEE SCHEDULE]","","","","0","other","","","No services performed during 15-month lookback period."
"Coronary Bypass With Ptca With Mcc","231","MS-DRG","","","","","","","facility","inpatient","","","","","","Jefferson Health Plan","Health Partners Medicare Managed Care Plan","79104.92","","","","","","","fee schedule","71571.12","201880.09","MSDRG Base Rate"
"Coronary Bypass With Ptca Without Mcc","232","MS-DRG","","","","","","","facility","inpatient","","","","","","Bcbs","Highmark Wholecare Medicare Managed Care Plan","","","[MSDRG Base Rate: FEE SCHEDULE]","","","","0","other","","","No services performed during 15-month lookback period."
"Coronary Bypass Without Cardiac Catheterization With Mcc","235","MS-DRG","","","","","","","facility","inpatient","","","","","","Bcbs","Highmark Health Options Medicaid Managed Care Plan","","","[Inpatient Services: Payer leverages state specific Medicaid payment methodology. Available, referenceable algorithm logic found here: https://medicaidpublications.dhss.delaware.gov/docs/search]","","","","0","other","","","No services performed during 15-month lookback period."
"Coronary Bypass Without Cardiac Catheterization With Mcc","235","MS-DRG","","","","","","","facility","inpatient","","","","","","Cigna","All Commercial Plans","","","[SNF-(% BC): 60] [All Other IP (%BC): 88.46]","72902.32","72902.32","72902.32","1 through 10","other","","","Contracting method is an algorithm described in the 'standard_charges|algorithm' field. The allowed amount provided accounts for the structural rates, conditions, and utilization elements inherent in the payer’s algorithm."
"Coronary Intravascular Lithotripsy With Intraluminal Device Without Mcc","324","MS-DRG","","","","","","","facility","inpatient","","","","","","Ambetter","All Commercial Plans","","91","","","","","0","percent of total billed charges","","","No services performed during 15-month lookback period."
"Coronary Intravascular Lithotripsy With Intraluminal Device Without Mcc","324","MS-DRG","","","","","","","facility","inpatient","","","","","","Bcbs","Highmark Wholecare Medicare Managed Care Plan","31296.72","","","","","","","fee schedule","27028.98","74048.5","MSDRG Base Rate"
"Coronary artery angio s&i","93454","HCPCS","","","","","","","facility","outpatient","","","","","","Jefferson Health Plan","Health Partners Medicaid Managed Care/Aca Plan","10509.98","","","","","","","fee schedule","3328.16","10509.98","APC"
"Coronavirus ag ia","87426","HCPCS","","","","","","","facility","outpatient","","","","","","Jefferson Health Plan","Health Partners Medicare Managed Care Plan","37.1","","","","","","","fee schedule","33.56","105.99","APC"
"Coronavirus ag ia","87426","HCPCS","","","","","","","facility","outpatient","","","","","","Unitedhealthcare","All Commercial Plans","35.64","","","","","","","fee schedule","33.56","105.99",""
"Correct skn color 6.1-20.0cm","11921","HCPCS","","","","","","","facility","outpatient","","","","","","Amerihealth","Medicare Managed Care Plan","862.56","","","","","","","fee schedule","758.73","2395.99","APC"
"Correction hallux valgus","28299","HCPCS","","","","","","","facility","outpatient","","","","","","Ambetter","All Commercial Plans","11761.92","","","","","","","fee schedule","7449.22","23523.84","Radiology"
"Correction of astigmatism","65772","HCPCS","","","","","","","facility","outpatient","","","","","","Bcbs","Highmark Wholecare Medicare Managed Care Plan","1184.98","","","","","","","fee schedule","1023.39","3231.77","APC"
"Correction of astigmatism","65775","HCPCS","","","","","","","facility","outpatient","","","","","","Bcbs","Highmark Wholecare Medicare Managed Care Plan","2826.1","","","","","","","fee schedule","2440.72","7707.54","APC"
"Cortisol free","82530","HCPCS","","","","","","","facility","outpatient","","","","","","Aetna","Medicare Managed Care Plan","17.21","","","","","","","fee schedule","10.86","50.13","APC"
"Cranial And Peripheral Nerve Disorders With Mcc","073","MS-DRG","","","","","","","facility","inpatient","","","","","","Aetna - De","Better Health Medicaid Managed Care Plan","","","[Inpatient Services: Payer leverages state specific Medicaid payment methodology. Available, referenceable algorithm logic found here: https://medicaidpublications.dhss.delaware.gov/docs/search]","","","","0","other","","","No services performed during 15-month lookback period."
"Cranial And Peripheral Nerve Disorders With Mcc","073","MS-DRG","","","","","","","facility","inpatient","","","","","","Aetna - Nj","Better Health Medicaid Managed Care Plan","","","[Inpatient Services: Payer leverages state specific Medicaid payment methodology. Available, referenceable algorithm logic found here: https://www.nj.gov/health/hcf/]","","","","0","other","","","No services performed during 15-month lookback period."
"Cranial And Peripheral Nerve Disorders With Mcc","073","MS-DRG","","","","","","","facility","inpatient","","","","","","Amerihealth","Medicare Managed Care Plan","15891.1","","","","","","","fee schedule","13978.28","37701.05","MSDRG Base Rate"
"Cranial And Peripheral Nerve Disorders Without Mcc","074","MS-DRG","","","","","","","facility","inpatient","","","","","","Cigna","All Commercial Plans","","","[SNF-(% BC): 60] [All Other IP (%BC): 88.46]","67886.97","67886.97","205415.21","1 through 10","other","","","Contracting method is an algorithm described in the 'standard_charges|algorithm' field. The allowed amount provided accounts for the structural rates, conditions, and utilization elements inherent in the payer’s algorithm."
"Cranial And Peripheral Nerve Disorders Without Mcc","074","MS-DRG","","","","","","","facility","inpatient","","","","","","Ibc","All Commercial Plans","","","[Psych-Per Diem: 1800] [All Other IP (%BC): 89.50]","25035.49","22260.05","35213.53","1 through 10","other","","","Contracting method is an algorithm described in the 'standard_charges|algorithm' field. The allowed amount provided accounts for the structural rates, conditions, and utilization elements inherent in the payer’s algorithm."
"Cranial And Peripheral Nerve Disorders Without Mcc","074","MS-DRG","","","","","","","facility","inpatient","","","","","","Jefferson Health Plan","Health Partners Medicaid Managed Care/Aca Plan","","","[Inpatient Services: Payer leverages state specific Medicaid payment methodology. Available, referenceable algorithm logic found here: https://www.pa.gov/agencies/dhs/resources/for-providers] [MSDRG Base Rate: FEE SCHEDULE]","","","","0","other","","","No services performed during 15-month lookback period."
"Cranial/Facial Procedures W Cc/Mcc","131","MS-DRG","","","","","","","facility","inpatient","","","","","","Wellcare","Medicare Managed Care Plan","","","[MSDRG Base Rate: FEE SCHEDULE]","","","","0","other","","","No services performed during 15-month lookback period."
"Cranial/Facial Procedures W/O Cc/Mcc","132","MS-DRG","","","","","","","facility","inpatient","","","","","","Aetna - Md","Better Health Medicaid Managed Care Plan","","","[Inpatient Services: Payer leverages state specific Medicaid payment methodology. Available, referenceable algorithm logic found here: https://health.maryland.gov/mmcp/provider/Pages/default.aspx]","","","","0","other","","","No services performed during 15-month lookback period."
"Craniotomy And Endovascular Intracranial Procedures With Cc","026","MS-DRG","","","","","","","facility","inpatient","","","","","","Ibc","All Commercial Plans","","","[Psych-Per Diem: 1800] [All Other IP (%BC): 89.50]","104907.8","104907.8","104907.8","1 through 10","other","","","Contracting method is an algorithm described in the 'standard_charges|algorithm' field. The allowed amount provided accounts for the structural rates, conditions, and utilization elements inherent in the payer’s algorithm."
"Craniotomy And Endovascular Intracranial Procedures With Mcc","025","MS-DRG","","","","","","","facility","inpatient","","","","","","Aetna","All Commercial Plans","","","[SNF-(% BC): 65] [Bariatric Surgery-Case Rate: 20177] [All Other IP (%BC): 86.5]","89151.11","89151.11","89151.11","1 through 10","other","","","Contracting method is an algorithm described in the 'standard_charges|algorithm' field. The allowed amount provided accounts for the structural rates, conditions, and utilization elements inherent in the payer’s algorithm."
"Craniotomy And Endovascular Intracranial Procedures With Mcc","025","MS-DRG","","","","","","","facility","inpatient","","","","","","Amerihealth","Caritas Next Other Commercial Plan","","94","","144984.41","144984.41","144984.41","1 through 10","percent of total billed charges","","",""
"Craniotomy And Endovascular Intracranial Procedures Without Cc/Mcc","027","MS-DRG","","","","","","","facility","inpatient","","","","","","Unitedhealthcare","All Commercial Plans","","91","","","","","0","percent of total billed charges","","","No services performed during 15-month lookback period."
"Craniotomy For Multiple Significant Trauma","955","MS-DRG","","","","","","","facility","inpatient","","","","","","Unitedhealthcare","All Commercial Plans","","91","","","","","0","percent of total billed charges","","","No services performed during 15-month lookback period."
"Craniotomy With Major Device Implant Or Acute Complex Cns Principal Diagnosis With Mcc Or Antineopla","023","MS-DRG","","","","","","","facility","inpatient","","","","","","Bcbs","Highmark All Commercial Plans","","","[Lesser Than Charges paid at %: 100] [MSDRG Base Rate: FEE SCHEDULE] [Normal Newborn-Per Diem: 6037.44] [Psych-Per Diem: 2159.84] [All Other IP (%BC): 85.44]","135917.65","2263.5","288143.06","14","other","","","Contracting method is an algorithm described in the 'standard_charges|algorithm' field. The allowed amount provided accounts for the structural rates, conditions, and utilization elements inherent in the payer’s algorithm."
"Craniotomy With Major Device Implant Or Acute Complex Cns Principal Diagnosis With Mcc Or Antineopla","023","MS-DRG","","","","","","","facility","inpatient","","","","","","Healthspring","Medicare Managed Care Plan","","","[MSDRG Base Rate: FEE SCHEDULE]","","","","0","other","","","No services performed during 15-month lookback period."
"Craniotomy With Major Device Implant Or Acute Complex Cns Principal Diagnosis With Mcc Or Antineopla","023","MS-DRG","","","","","","","facility","inpatient","","","","","","Ibc","Medicare Managed Care Plan","51360.55","","","","","","","fee schedule","48792.52","134662.05","MSDRG Base Rate"
"Craniotomy With Major Device Implant Or Acute Complex Cns Principal Diagnosis Without Mcc","024","MS-DRG","","","","","","","facility","inpatient","","","","","","Bcbs","Highmark All Commercial Plans","","","[Lesser Than Charges paid at %: 100] [MSDRG Base Rate: FEE SCHEDULE] [Normal Newborn-Per Diem: 6037.44] [Psych-Per Diem: 2159.84] [All Other IP (%BC): 85.44]","26988.58","26988.58","179056.66","1 through 10","other","","","Contracting method is an algorithm described in the 'standard_charges|algorithm' field. The allowed amount provided accounts for the structural rates, conditions, and utilization elements inherent in the payer’s algorithm."
"Craniotomy With Major Device Implant Or Acute Complex Cns Principal Diagnosis Without Mcc","024","MS-DRG","","","","","","","facility","inpatient","","","","","","Unitedhealthcare","Medicare Managed Care Plan","35913.97","","","","","","","fee schedule","33449.28","91929.65","MSDRG Base Rate"
"Crd ceramides liq chrom plsm","0119U","HCPCS","","","","","","","facility","outpatient","","","","","","Aetna","Medicare Managed Care Plan","86.27","","","","","","","fee schedule","79.57","251.28","APC"
"Crd ceramides liq chrom plsm","0119U","HCPCS","","","","","","","facility","outpatient","","","","","","Bcbs","Highmark Health Options Medicare Managed Care Plan","85.85","","","","","","","fee schedule","79.57","251.28","APC"
"Crd ceramides liq chrom plsm","0119U","HCPCS","","","","","","","facility","outpatient","","","","","","Jefferson Health Plan","Health Partners Medicare Managed Care Plan","87.95","","","","","","","fee schedule","79.57","251.28","APC"
"Crd cv ds aly 4 prtn plm alg","0309U","HCPCS","","","","","","","facility","outpatient","","","","","","Aetna","All Commercial Plans","433.73","","","","","","","fee schedule","371.21","1172.25","Laboratory"
"Crd cv ds aly 4 prtn plm alg","0309U","HCPCS","","","","","","","facility","outpatient","","","","","","Aetna","Medicare Managed Care Plan","402.47","","","","","","","fee schedule","371.21","1172.25","APC"
"Crd cv ds aly 4 prtn plm alg","0309U","HCPCS","","","","","","","facility","outpatient","","","","","","First Health","Delaware Medicaid Managed Care Plan","429.83","","","","","","","fee schedule","371.21","1172.25","Laboratory"
"Crd cv ds aly 4 prtn plm alg","0309U","HCPCS","","","","","","","facility","outpatient","","","","","","Jefferson Health Plan","Health Partners Medicare Managed Care Plan","410.29","","","","","","","fee schedule","371.21","1172.25","APC"
"Create eardrum opening","69433","HCPCS","","","","","","","facility","outpatient","","","","","","Bcbs","Highmark Health Options Medicare Managed Care Plan","597.38","","","","","","","fee schedule","553.67","1748.44","APC"
"Create new tubal opening","58770","HCPCS","","","","","","","facility","outpatient","","","","","","Healthspring","Medicare Managed Care Plan","3498.13","","","","","","","fee schedule","3323.23","10494.4","APC"
"Cricotracheal resection","31592","HCPCS","","","","","","","facility","outpatient","","","","","","Amerihealth","Medicare Managed Care Plan","6908.91","","","","","","","fee schedule","6077.29","19191.43","APC"
"Critical Care","5041","APC","","","","","","","facility","outpatient","","","","","","Aetna - Md","Better Health Medicaid Managed Care Plan","","","[Outpatient Services: Payer leverages state specific Medicaid payment methodology. Available, referenceable algorithm logic found here: https://health.maryland.gov/mmcp/provider/Pages/default.aspx]","","","","0","other","","","No services performed during 15-month lookback period."
"Critical Care","5041","APC","","","","","","","facility","outpatient","","","","","","Jefferson Health Plan","Health Partners Medicare Managed Care Plan","","","[APC ($): FEE SCHEDULE]","","","","0","other","","","No services performed during 15-month lookback period."
"Crom gnotyp cd55 exons 1-10","0182U","HCPCS","","","","","","","facility","outpatient","","","","","","Amerihealth","Medicare Managed Care Plan","325.46","","","","","","","fee schedule","286.28","904.05","APC"
"Cryopreservation oocyte(s)","89337","HCPCS","","","","","","","facility","outpatient","","","","","","Aetna","All Commercial Plans","257.75","","","","","","","fee schedule","93.28","552.32","Radiology"
"Cryopreservation sperm","89259","HCPCS","","","","","","","facility","outpatient","","","","","","Aetna","Medicare Managed Care Plan","189.63","","","","","","","fee schedule","93.28","552.32","APC"
"Cryosurgery penis lesion(s)","54056","HCPCS","","","","","","","facility","outpatient","","","","","","Aetna","All Commercial Plans","303.54","","","","","","","fee schedule","205.97","650.43","Radiology"
"Cryotherapy oral cavity","0881T","HCPCS","","","","","","","facility","outpatient","","","","","","Healthspring","Medicare Managed Care Plan","482.74","","","","","","","fee schedule","458.61","1448.23","APC"
"Cryptosporidium ag ia","87328","HCPCS","","","","","","","facility","outpatient","","","","","","Aetna","All Commercial Plans","19.35","","","","","","","fee schedule","8.98","41.46","Radiology"
"Cryptosporidium ag ia","87328","HCPCS","","","","","","","facility","outpatient","","","","","","Jefferson Health Plan","Health Partners Medicaid Managed Care/Aca Plan","41.46","","","","","","","fee schedule","8.98","41.46","APC"
"Cstb full gene analysis","0232U","HCPCS","","","","","","","facility","outpatient","","","","","","Ambetter","All Commercial Plans","412.24","","","","","","","fee schedule","261.09","824.49","Radiology"
"Cstb gene detc abnor allele","81188","HCPCS","","","","","","","facility","outpatient","","","","","","Amerihealth","Caritas Next Other Commercial Plan","219.2","","","","","","","fee schedule","89.05","411","Radiology"
"Cstb gene full gene sequence","81189","HCPCS","","","","","","","facility","outpatient","","","","","","Aetna","All Commercial Plans","384.76","","","","","","","fee schedule","178.64","824.49","Radiology"
"Cstb gene full gene sequence","81189","HCPCS","","","","","","","facility","outpatient","","","","","","Bcbs","Highmark All Commercial Plans","405.51","","","","","","","fee schedule","178.64","824.49","Radiology"
"Cstb gene known famil vrnt","81190","HCPCS","","","","","","","facility","outpatient","","","","","","Aetna","All Commercial Plans","259.28","","","","","","","fee schedule","120.38","555.6","Radiology"
"Ct Angio Abdominal Arteries","75635","HCPCS","","","","","","","facility","outpatient","","","","","","Aetna","All Commercial Plans","265.36","","","","","","","fee schedule","180.07","568.63","Radiology"
"Ct Angio Abdominal Arteries","75635","HCPCS","","","","","","","facility","outpatient","","","","","","Bcbs","Highmark Health Options Medicare Managed Care Plan","194.28","","","","","","","fee schedule","180.07","568.63","APC"
"Ct abd & pelv w/contrast","74177","HCPCS","","","","","","","facility","outpatient","","","","","","Aetna","Medicare Managed Care Plan","388.31","","","","","","","fee schedule","358.15","1131.01","APC"
"Ct abd & pelv w/contrast","74177","HCPCS","","","","","","","facility","outpatient","","","","","","Unitedhealthcare","All Commercial Plans","658.16","","","","","","","fee schedule","358.15","1131.01",""
"Ct abd & pelvis w/o contrast","74176","HCPCS","","","","","","","facility","outpatient","","","","","","Aetna","All Commercial Plans","360.98","","","","","","","fee schedule","244.95","773.52","Radiology"
"Ct abdomen w/dye","74160","HCPCS","","","","","","","facility","outpatient","","","","","","Bcbs","Highmark Wholecare Medicare Managed Care Plan","208.5","","","","","","","fee schedule","180.07","568.63","APC"
"Ct abdomen w/o & w/dye","74170","HCPCS","","","","","","","facility","outpatient","","","","","","Aetna","Medicare Managed Care Plan","195.23","","","","","","","fee schedule","180.07","568.63","APC"
"Ct angio upr extrm w/o&w/dye","73206","HCPCS","","","","","","","facility","outpatient","","","","","","Healthspring","Medicare Managed Care Plan","189.54","","","","","","","fee schedule","180.07","568.63","APC"
"Ct angiography chest","71275","HCPCS","","","","","","","facility","outpatient","","","","","","Bcbs","Highmark Medicare Managed Care Plan","180.07","","","","","","","fee schedule","180.07","568.63","APC"
"Ct breast w/3d bi c-","0636T","HCPCS","","","","","","","facility","outpatient","","","","","","Bcbs","Highmark Medicare Managed Care Plan","244.95","","","","","","","fee schedule","244.95","773.52","APC"
"Ct breast w/3d bi c-","0636T","HCPCS","","","","","","","facility","outpatient","","","","","","Healthspring","Medicare Managed Care Plan","257.84","","","","","","","fee schedule","244.95","773.52","APC"
"Ct breast w/3d bi c-/c+","0638T","HCPCS","","","","","","","facility","outpatient","","","","","","Unitedhealthcare","All Commercial Plans","658.16","","","","","","","fee schedule","358.15","1131.01",""
"Ct chest spine w/dye","72129","HCPCS","","","","","","","facility","outpatient","","","","","","Healthspring","Medicare Managed Care Plan","189.54","","","","","","","fee schedule","180.07","568.63","APC"
"Ct colonography screening","74263","HCPCS","","","","","","","facility","outpatient","","","","","","Bcbs","Highmark All Commercial Plans","380.44","","","","","","","fee schedule","244.95","1085.86","Radiology"
"Ct head/brain w/o dye","70450","HCPCS","","","","","","","facility","outpatient","","","","","","Aetna","Medicare Managed Care Plan","116.36","","","","","","","fee schedule","107.33","338.93","APC"
"Ct hrt w/o dye w/ca test","75571","HCPCS","","","","","","","facility","outpatient","","","","","","Bcbs","Highmark Medicare Managed Care Plan","89.34","","","","","","","fee schedule","89.34","282.13","APC"
"Ct hrt w/o dye w/ca test","75571","HCPCS","","","","","","","facility","outpatient","","","","","","Jefferson Health Plan","Health Partners Medicaid Managed Care/Aca Plan","282.13","","","","","","","fee schedule","89.34","282.13","APC"
"Ct lumbar spine w/dye","72132","HCPCS","","","","","","","facility","outpatient","","","","","","Aetna","Medicare Managed Care Plan","388.31","","","","","","","fee schedule","358.15","1131.01","APC"
"Ct lumbar spine w/dye","72132","HCPCS","","","","","","","facility","outpatient","","","","","","Ambetter","All Commercial Plans","565.5","","","","","","","fee schedule","358.15","1131.01","Radiology"
"Ct maxillofacial w/o & w/dye","70488","HCPCS","","","","","","","facility","outpatient","","","","","","Cigna","All Commercial Plans","314.56","","","","","","","fee schedule","180.07","568.63",""
"Ct neck spine w/o & w/dye","72127","HCPCS","","","","","","","facility","outpatient","","","","","","Bcbs","Highmark Medicare Managed Care Plan","180.07","","","","","","","fee schedule","180.07","568.63","APC"
"Ct orbit/ear/fossa w/dye","70481","HCPCS","","","","","","","facility","outpatient","","","","","","Bcbs","Highmark Medicare Managed Care Plan","180.07","","","","","","","fee schedule","180.07","568.63","APC"
"Ct orbit/ear/fossa w/o dye","70480","HCPCS","","","","","","","facility","outpatient","","","","","","Aetna","Medicare Managed Care Plan","116.36","","","","","","","fee schedule","107.33","338.93","APC"
"Ct pelvis w/dye","72193","HCPCS","","","","","","","facility","outpatient","","","","","","Jefferson Health Plan","Health Partners Medicaid Managed Care/Aca Plan","568.63","","","","","","","fee schedule","180.07","568.63","APC"
"Ct pelvis w/o & w/dye","72194","HCPCS","","","","","","","facility","outpatient","","","","","","Bcbs","Highmark Health Options Medicare Managed Care Plan","194.28","","","","","","","fee schedule","180.07","568.63","APC"
"Ct procedure","76497","HCPCS","","","","","","","facility","outpatient","","","","","","Ambetter","All Commercial Plans","141.06","","","","","","","fee schedule","89.34","282.13","Radiology"
"Ct soft tissue neck w/o dye","70490","HCPCS","","","","","","","facility","outpatient","","","","","","Bcbs","Highmark Wholecare Medicare Managed Care Plan","124.27","","","","","","","fee schedule","107.33","338.93","APC"
"Cta h&n c+ w/noncontrast img","70471","HCPCS","","","","","","","facility","outpatient","","","","","","Amerihealth","Medicare Managed Care Plan","407.16","","","","","","","fee schedule","358.15","1131.01","APC"
"Cul typ id bld pthgn 6+ trgt","87154","HCPCS","","","","","","","facility","outpatient","","","","","","Jefferson Health Plan","Health Partners Medicare Managed Care Plan","228.96","","","","","","","fee schedule","207.16","654.18","APC"
"Cult skin graft f/n/hf/g","15155","HCPCS","","","","","","","facility","outpatient","","","","","","Ambetter","All Commercial Plans","5744.18","","","","","","","fee schedule","3637.98","11488.36","Radiology"
"Culture aerobic quant other","87071","HCPCS","","","","","","","facility","outpatient","","","","","","Aetna","All Commercial Plans","13.85","","","","","","","fee schedule","6.43","29.67","Radiology"
"Culture of specimen by kit","87084","HCPCS","","","","","","","facility","outpatient","","","","","","Unitedhealthcare","All Commercial Plans","27.07","","","","","","","fee schedule","17.6","81.21",""
"Culture othr specimn aerobic","87070","HCPCS","","","","","","","facility","outpatient","","","","","","Ambetter","All Commercial Plans","12.93","","","","","","","fee schedule","5.6","25.86","Radiology"
"Culture typing added method","87158","HCPCS","","","","","","","facility","outpatient","","","","","","Aetna","All Commercial Plans","8.59","","","","","","","fee schedule","5.03","23.22","Laboratory"
"Culture typing glc/hplc","87143","HCPCS","","","","","","","facility","outpatient","","","","","","Ambetter","All Commercial Plans","16.28","","","","","","","fee schedule","8.14","37.56","Laboratory"
"Cv ds acs bld alg 5 yr score","0415U","HCPCS","","","","","","","facility","outpatient","","","","","","Amerihealth","Caritas Next Other Commercial Plan","390.75","","","","","","","fee schedule","371.21","1172.25","Laboratory"
"Cv ds quan advsrm/plsm lprtn","0377U","HCPCS","","","","","","","facility","outpatient","","","","","","Bcbs","Highmark All Commercial Plans","70.2","","","","","","","fee schedule","45.2","142.74","Radiology"
"Cyp1a2 gene","0031U","HCPCS","","","","","","","facility","outpatient","","","","","","Amerihealth","Medicare Managed Care Plan","188.79","","","","","","","fee schedule","166.07","524.43","APC"
"Cyp2c19 gene com variants","81225","HCPCS","","","","","","","facility","outpatient","","","","","","Bcbs","Highmark Medicare Managed Care Plan","276.79","","","","","","","fee schedule","189.38","874.08","APC"
"Cyp2d6 gen com&slct rar vrnt","0070U","HCPCS","","","","","","","facility","outpatient","","","","","","Ambetter","All Commercial Plans","879.28","","","","","","","fee schedule","439.64","2029.11","Laboratory"
"Cyp2d6 gen cyp2d6-2d7 hybrid","0072U","HCPCS","","","","","","","facility","outpatient","","","","","","Ambetter","All Commercial Plans","676.36","","","","","","","fee schedule","293.09","1352.73","Radiology"
"Cyp2d6 gene com variants","81226","HCPCS","","","","","","","facility","outpatient","","","","","","Unitedhealthcare","All Commercial Plans","450.91","","","","","","","fee schedule","293.09","1352.73",""
"Cyp3a4 gene common variants","81230","HCPCS","","","","","","","facility","outpatient","","","","","","Ambetter","All Commercial Plans","227.25","","","","","","","fee schedule","113.63","524.43","Laboratory"
"Cyp3a5 gene common variants","81231","HCPCS","","","","","","","facility","outpatient","","","","","","Jefferson Health Plan","Health Partners Medicaid Managed Care/Aca Plan","524.43","","","","","","","fee schedule","113.63","524.43","APC"
"Cystatin c","82610","HCPCS","","","","","","","facility","outpatient","","","","","","Aetna","All Commercial Plans","25.93","","","","","","","fee schedule","12.04","55.56","Radiology"
"Cystatin c","82610","HCPCS","","","","","","","facility","outpatient","","","","","","Amerihealth","Caritas Next Other Commercial Plan","29.63","","","","","","","fee schedule","12.04","55.56","Radiology"
"Cysto 1st trurl prst8 comis","52443","HCPCS","","","","","","","facility","outpatient","","","","","","Jefferson Health Plan","Health Partners Medicare Managed Care Plan","10741.23","","","","","","","fee schedule","9718.25","30689.22","APC"
"Cysto lo-nrg lithtrp&mcrsphr","0991T","HCPCS","","","","","","","facility","outpatient","","","","","","Healthspring","Medicare Managed Care Plan","10229.74","","","","","","","fee schedule","9718.25","30689.22","APC"
"Cystometrogram w/up","51727","HCPCS","","","","","","","facility","outpatient","","","","","","Bcbs","Highmark Medicare Managed Care Plan","715.84","","","","","","","fee schedule","715.84","2260.56","APC"
"Cystometrogram w/vp","51728","HCPCS","","","","","","","facility","outpatient","","","","","","Aetna","Medicare Managed Care Plan","776.13","","","","","","","fee schedule","715.84","2260.56","APC"
"Cystometrogram w/vp","51728","HCPCS","","","","","","","facility","outpatient","","","","","","Bcbs","Highmark Wholecare Medicare Managed Care Plan","828.87","","","","","","","fee schedule","715.84","2260.56","APC"
"Cystoscopy & revise urethra","52275","HCPCS","","","","","","","facility","outpatient","","","","","","Amerihealth","Medicare Managed Care Plan","2439.64","","","","","","","fee schedule","2145.98","6776.79","APC"
"Cystoscopy and treatment","52240","HCPCS","","","","","","","facility","outpatient","","","","","","Aetna","All Commercial Plans","8111.76","","","","","","","fee schedule","5504.41","17382.35","Radiology"
"Cystoscopy and treatment","52265","HCPCS","","","","","","","facility","outpatient","","","","","","Bcbs","Highmark All Commercial Plans","3333.05","","","","","","","fee schedule","2145.98","6776.79","Radiology"
"Cystoscopy and treatment","52281","HCPCS","","","","","","","facility","outpatient","","","","","","Bcbs","Highmark Health Options Medicare Managed Care Plan","2315.4","","","","","","","fee schedule","2145.98","6776.79","APC"
"Cystoscopy and treatment","52281","HCPCS","","","","","","","facility","outpatient","","","","","","Jefferson Health Plan","Health Partners Medicaid Managed Care/Aca Plan","6776.79","","","","","","","fee schedule","2145.98","6776.79","APC"
"Cystoscopy and treatment","52301","HCPCS","","","","","","","facility","outpatient","","","","","","Amerihealth","Medicare Managed Care Plan","4113.93","","","","","","","fee schedule","3618.74","11427.6","APC"
"Cystoscopy and treatment","52305","HCPCS","","","","","","","facility","outpatient","","","","","","Bcbs","Highmark All Commercial Plans","8549.22","","","","","","","fee schedule","5504.41","17382.35","Radiology"
"Cystoscopy and treatment","52310","HCPCS","","","","","","","facility","outpatient","","","","","","Jefferson Health Plan","Health Partners Medicare Managed Care Plan","2371.88","","","","","","","fee schedule","2145.98","6776.79","APC"
"Cystoscopy and treatment","52315","HCPCS","","","","","","","facility","outpatient","","","","","","Aetna","All Commercial Plans","3162.5","","","","","","","fee schedule","2145.98","6776.79","Radiology"
"Cystoscopy and treatment","52320","HCPCS","","","","","","","facility","outpatient","","","","","","Bcbs","Highmark Wholecare Medicare Managed Care Plan","4190.12","","","","","","","fee schedule","3618.74","11427.6","APC"
"Cystoscopy and treatment","52330","HCPCS","","","","","","","facility","outpatient","","","","","","Bcbs","Highmark Wholecare Medicare Managed Care Plan","4190.12","","","","","","","fee schedule","3618.74","11427.6","APC"
"Cystoscopy implant stent","52282","HCPCS","","","","","","","facility","outpatient","","","","","","Jefferson Health Plan","Health Partners Medicare Managed Care Plan","3999.66","","","","","","","fee schedule","3618.74","11427.6","APC"
"Cystoscopy w/biopsy(s)","52204","HCPCS","","","","","","","facility","outpatient","","","","","","Aetna","All Commercial Plans","3162.5","","","","","","","fee schedule","2145.98","6776.79","Radiology"
"Cystouretero W/Biopsy","52354","HCPCS","","","","","","","facility","outpatient","","","","","","Bcbs","Highmark All Commercial Plans","8549.22","","","","","","","fee schedule","5504.41","17382.35","Radiology"
"Cystouretero W/Lithotripsy","52353","HCPCS","","","","","","","facility","outpatient","","","","","","Aetna","Medicare Managed Care Plan","5967.94","","","","","","","fee schedule","5504.41","17382.35","APC"
"Cystouretero W/Renal Strict","52346","HCPCS","","","","","","","facility","outpatient","","","","","","Bcbs","Highmark Medicare Managed Care Plan","5504.41","","","","","","","fee schedule","5504.41","17382.35","APC"
"Cytog const alys interrog","0209U","HCPCS","","","","","","","facility","outpatient","","","","","","Amerihealth","Medicare Managed Care Plan","850.12","","","","","","","fee schedule","747.79","2361.45","APC"
"Cytogen micrarray copy nmbr","81228","HCPCS","","","","","","","facility","outpatient","","","","","","Aetna","Medicare Managed Care Plan","927","","","","","","","fee schedule","585","2700","APC"
"Cytogenetic study","88299","HCPCS","","","","","","","facility","outpatient","","","","","","Aetna","All Commercial Plans","78.84","","","","","","","fee schedule","32.16","168.94","Radiology"
"Cytogenetic study","88299","HCPCS","","","","","","","facility","outpatient","","","","","","Ambetter","All Commercial Plans","84.47","","","","","","","fee schedule","32.16","168.94","Radiology"
"Cytogenetics 25-99","88274","HCPCS","","","","","","","facility","outpatient","","","","","","Amerihealth","Medicare Managed Care Plan","45.77","","","","","","","fee schedule","27.55","127.14","APC"
"Cytogenetics dna probe","88271","HCPCS","","","","","","","facility","outpatient","","","","","","Jefferson Health Plan","Health Partners Medicaid Managed Care/Aca Plan","64.26","","","","","","","fee schedule","13.92","64.26","APC"
"Cytogenomic neo microra alys","81277","HCPCS","","","","","","","facility","outpatient","","","","","","Ambetter","All Commercial Plans","1508","","","","","","","fee schedule","754","3480","Laboratory"
"Cytogenomic neo microra alys","81277","HCPCS","","","","","","","facility","outpatient","","","","","","Jefferson Health Plan","Health Partners Medicare Managed Care Plan","1218","","","","","","","fee schedule","754","3480","APC"
"Cytomeg dna amp probe","87496","HCPCS","","","","","","","facility","outpatient","","","","","","Ambetter","All Commercial Plans","45.62","","","","","","","fee schedule","22.81","105.27","Laboratory"
"Cytomegalovirus dfa","87271","HCPCS","","","","","","","facility","outpatient","","","","","","Amerihealth","Medicare Managed Care Plan","14.49","","","","","","","fee schedule","8.72","40.26","APC"
"Cytopath c/v auto rescreen","88148","HCPCS","","","","","","","facility","outpatient","","","","","","Unitedhealthcare","All Commercial Plans","16","","","","","","","fee schedule","10.4","55.62",""
"Cytopath c/v automated","88147","HCPCS","","","","","","","facility","outpatient","","","","","","Cigna","All Commercial Plans","32.86","","","","","","","fee schedule","32.86","151.68",""
"Cytopath c/v index add-on","88155","HCPCS","","","","","","","facility","outpatient","","","","","","Unitedhealthcare","All Commercial Plans","14.65","","","","","","","fee schedule","9.52","43.95",""
"Cytopath cell enhance tech","88112","HCPCS","","","","","","","facility","outpatient","","","","","","Unitedhealthcare","All Commercial Plans","50.75","","","","","","","fee schedule","25.8","168.94",""
"Cytopath smear other source","88161","HCPCS","","","","","","","facility","outpatient","","","","","","Amerihealth","Medicare Managed Care Plan","33.76","","","","","","","fee schedule","25.23","93.77","APC"
"Cytopath smear other source","88162","HCPCS","","","","","","","facility","outpatient","","","","","","Aetna","All Commercial Plans","78.84","","","","","","","fee schedule","39.64","168.94","Radiology"
"Cytopath tbs c/v auto redo","88166","HCPCS","","","","","","","facility","outpatient","","","","","","Amerihealth","Caritas Next Other Commercial Plan","29.66","","","","","","","fee schedule","9.83","55.62","Radiology"
"Cytopath tbs c/v manual","88164","HCPCS","","","","","","","facility","outpatient","","","","","","Cigna","All Commercial Plans","9.83","","","","","","","fee schedule","9.83","55.62",""
"Cytopath tbs c/v redo","88165","HCPCS","","","","","","","facility","outpatient","","","","","","Cigna","All Commercial Plans","27.44","","","","","","","fee schedule","27.44","126.66",""
"Cytopath tbs c/v select","88167","HCPCS","","","","","","","facility","outpatient","","","","","","Amerihealth","Medicare Managed Care Plan","20.02","","","","","","","fee schedule","9.83","55.62","APC"
"Cytopathology procedure","88199","HCPCS","","","","","","","facility","outpatient","","","","","","Jefferson Health Plan","Health Partners Medicaid Managed Care/Aca Plan","168.94","","","","","","","fee schedule","32.16","168.94","APC"
"Cytotoxic antibody screening","86808","HCPCS","","","","","","","facility","outpatient","","","","","","Jefferson Health Plan","Health Partners Medicare Managed Care Plan","31.16","","","","","","","fee schedule","19.29","89.04","APC"
"Cytp urine 3-5 probes cmptr","88121","HCPCS","","","","","","","facility","outpatient","","","","","","Unitedhealthcare","All Commercial Plans","297.45","","","","","","","fee schedule","174.9","552.32",""
"D&C oF Cervical Stump","57558","HCPCS","","","","","","","facility","outpatient","","","","","","Aetna","Medicare Managed Care Plan","3603.08","","","","","","","fee schedule","3323.23","10494.4","APC"
"D&C, Conization, Laparoscopy And Tubal Interruption Without Cc/Mcc","745","MS-DRG","","","","","","","facility","inpatient","","","","","","Aetna - Md","Better Health Medicaid Managed Care Plan","","","[Inpatient Services: Payer leverages state specific Medicaid payment methodology. Available, referenceable algorithm logic found here: https://health.maryland.gov/mmcp/provider/Pages/default.aspx]","","","","0","other","","","No services performed during 15-month lookback period."
"DANDLE WRAP STRETCH L","PdrhCh1039","CDM","270","RC","","","","","facility","both","","","","125.8","125.8","","","","","","","","","","","","","Gross Charge Type: Main Acute Price List"
"DANDLE WRAP STRETCH M","PdrhSp1038","CDM","270","RC","","","","","facility","both","","","","113.21","113.21","","","","","","","","","","","","","Gross Charge Type: Main Acute Price List"
"DART, MENISCAL 18MM","ScorWmSup21238","CDM","272","RC","C1713","HCPCS","","","facility","both","","","","808.77","808.77","","","","","","","","","","","","","Gross Charge Type: Main Acute Price List"
"DARTSTICK, MENISCAL SHEATH W/CANNULA 15""","CspuChSup26469","CDM","270","RC","","","","","facility","both","","","","596.57","596.57","","","","","","","","","","","","","Gross Charge Type: Main Acute Price List"
"DBM, MAGNIFUSE 1.75X5CM","OperChSup107147","CDM","278","RC","","","","","facility","both","","","","15131.47","15131.47","","","","","","","","","","","","","Gross Charge Type: Main Acute Price List"
"DEBRIDEMENT,EXCIS,MUSCLE/FASCIA,1ST <=20","WwccRv114","CDM","761","RC","11043","HCPCS","","","facility","both","","","","1371.91","1371.91","","","","","","","","","","","","","Gross Charge Type: Main Acute Price List"
"DEBRIDEMENT,OPEN WOUND,=< 20 SQ CM,PT","PhytRh1283","CDM","420","RC","97597","HCPCS","","","facility","both","","","GP","291.43","291.43","","","","","","","","","","","","","Gross Charge Type: Main Acute Price List | The modified price is presented in the standard charge value. | Modifier GP: Services delivered under an outpatient physical therapy plan of care"
"DEBRIDEMENT,OPEN WOUND,=< 20 SQ CM,PT","PhytSp1283","CDM","420","RC","97597","HCPCS","","","facility","both","","","GP","291.43","291.43","","","","","","","","","","","","","Gross Charge Type: Main Acute Price List | The modified price is presented in the standard charge value. | Modifier GP: Services delivered under an outpatient physical therapy plan of care"
"DEBRIDEMENT,OPEN WOUND,=< 20 SQ CM,PT","PhytWm1283","CDM","420","RC","97597","HCPCS","","","facility","both","","","GP","291.43","291.43","","","","","","","","","","","","","Gross Charge Type: Main Acute Price List | The modified price is presented in the standard charge value. | Modifier GP: Services delivered under an outpatient physical therapy plan of care"
"DEEP VEIN THROMBOSIS PRICE PER PROCEDURE","PacuWmSup118240","CDM","272","RC","","","","","facility","both","","","","61597.39","61597.39","","","","","","","","","","","","","Gross Charge Type: Main Acute Price List"
"DEHYDROEPIANDROSTERONE (DHEA)","ChemSN7726","CDM","301","RC","82626","HCPCS","","","facility","both","","","","232.73","232.73","","","","","","","","","","","","","Gross Charge Type: Main Acute Price List"
"DELTA-NET, STOCKINETTE 3X25YD","AnesWmSup1004","CDM","270","RC","","","","","facility","both","","","","88.44","88.44","","","","","","","","","","","","","Gross Charge Type: Main Acute Price List"
"DEMO/EVAL,PT USE,MDI/IPPB/NEBULIZER","RespWm1155","CDM","410","RC","94664","HCPCS","","","facility","both","","","","146.77","146.77","","","","","","","","","","","","","Gross Charge Type: Main Acute Price List"
"DEOXYRIBONUCLEIC ACID ANTIBODY (DNA)","VIRORR1252","CDM","302","RC","86225","HCPCS","","","facility","both","","","","127.77","127.77","","","","","","","","","","","","","Gross Charge Type: Acute Discounted"
"DERMACARRIER, 3 TO 1","EplbChSup80749","CDM","270","RC","","","","","facility","both","","","","118.74","118.74","","","","","","","","","","","","","Gross Charge Type: Main Acute Price List"
"DERMACARRIER, II 1.5 TO 1 STRL","GyscChSup80120","CDM","272","RC","","","","","facility","both","","","","180.34","180.34","","","","","","","","","","","","","Gross Charge Type: Main Acute Price List"
"DERMACARRIER, II 1.5 TO 1 STRL","PacuChSup80120","CDM","272","RC","","","","","facility","both","","","","180.34","180.34","","","","","","","","","","","","","Gross Charge Type: Main Acute Price List"
"DETACHER, CEREPAK","AnesChSup119523","CDM","272","RC","","","","","facility","both","","","","1447.99","1447.99","","","","","","","","","","","","","Gross Charge Type: Main Acute Price List"
"DETACHER, CEREPAK","AnesWmSup119523","CDM","272","RC","","","","","facility","both","","","","1447.99","1447.99","","","","","","","","","","","","","Gross Charge Type: Main Acute Price List"
"DETACHER, CEREPAK","CspuChSup119523","CDM","272","RC","","","","","facility","both","","","","1447.99","1447.99","","","","","","","","","","","","","Gross Charge Type: Main Acute Price List"
"DETACHER, ULTRA","ScorChSup110837","CDM","272","RC","","","","","facility","both","","","","1077.96","1077.96","","","","","","","","","","","","","Gross Charge Type: Main Acute Price List"
"DETECTOR, SEEBREATH CO2 LARGE","CspuChSup19265","CDM","270","RC","","","","","facility","both","","","","45.65","45.65","","","","","","","","","","","","","Gross Charge Type: Main Acute Price List"
"DEVICE SOLITAIRE FR REVASCULARIZ 6MMX40MM","EplbChSup73146","CDM","272","RC","","","","","facility","both","","","","38672.85","38672.85","","","","","","","","","","","","","Gross Charge Type: Main Acute Price List"
"DEVICE SOLITAIRE PLATIN REVASCULARIZ 4X40 180","PacuWmSup73260","CDM","272","RC","","","","","facility","both","","","","41128.57","41128.57","","","","","","","","","","","","","Gross Charge Type: Main Acute Price List"
"DEVICE, AMPLATZER AMULET LEFT ATRIAL APPENDAGE 16MM WW","EplbChSup114478","CDM","272","RC","","","","","facility","both","","","","98421.18","98421.18","","","","","","","","","","","","","Gross Charge Type: Main Acute Price List"
"DEVICE, AMPLATZER AMULET LEFT ATRIAL APPENDAGE 22MM WW","ScanWmSup114481","CDM","272","RC","","","","","facility","both","","","","98421.18","98421.18","","","","","","","","","","","","","Gross Charge Type: Main Acute Price List"
"DEVICE, AMPLATZER AMULET LEFT ATRIAL APPENDAGE 31MM WW","AnesChSup114484","CDM","272","RC","","","","","facility","both","","","","98421.18","98421.18","","","","","","","","","","","","","Gross Charge Type: Main Acute Price List"
"DEVICE, ATRICLIP FLEXV SIZE 35","EplbChSup76337","CDM","272","RC","","","","","facility","both","","","","11087.53","11087.53","","","","","","","","","","","","","Gross Charge Type: Main Acute Price List"
"DEVICE, ATRICLIP FLEXV SIZE 40","DelrChSup76338","CDM","272","RC","","","","","facility","both","","","","11087.53","11087.53","","","","","","","","","","","","","Gross Charge Type: Main Acute Price List"
"DEVICE, ATRICLIP FLEXV SIZE 45","CcthChSup76339","CDM","272","RC","","","","","facility","both","","","","11087.53","11087.53","","","","","","","","","","","","","Gross Charge Type: Main Acute Price List"
"DEVICE, ATRICLIP FLEXV SIZE 45","ScpuChSup76339","CDM","272","RC","","","","","facility","both","","","","11087.53","11087.53","","","","","","","","","","","","","Gross Charge Type: Main Acute Price List"
"DEVICE, BIOPSY BREVERA NEEDLE 9G X 13CM","ScpuWmSup74453","CDM","270","RC","","","","","facility","both","","","","1275.06","1275.06","","","","","","","","","","","","","Gross Charge Type: Main Acute Price List"
"DEVICE, BIOPSY EVIVA STX HANDPIECE 12GA","CcimMR43072","CDM","272","RC","","","","","facility","both","","","","1170.35","1170.35","","","","","","","","","","","","","Gross Charge Type: Main Acute Price List"
"DEVICE, BIOPSY EVIVA STX HANDPIECE 12GA","GastChSup43072","CDM","272","RC","","","","","facility","both","","","","1170.35","1170.35","","","","","","","","","","","","","Gross Charge Type: Main Acute Price List"
"DEVICE, BIOPSY EVIVA STX HANDPIECE 12GA","Wilm4143072","CDM","272","RC","","","","","facility","both","","","","1170.35","1170.35","","","","","","","","","","","","","Gross Charge Type: Main Acute Price List"
"DEVICE, BIOPSY EVIVA STX HANDPIECE 9GA","Fcin3843071","CDM","272","RC","","","","","facility","both","","","","1170.35","1170.35","","","","","","","","","","","","","Gross Charge Type: Main Acute Price List"
"DEVICE, BIOPSY SERTERA INTRODUCER 12G","ScanChSup78515","CDM","272","RC","","","","","facility","both","","","","69.5","69.5","","","","","","","","","","","","","Gross Charge Type: Main Acute Price List"
"DEVICE, BIOPSY SERTERA INTRODUCER 12G","ScorChSup78515","CDM","272","RC","","","","","facility","both","","","","69.5","69.5","","","","","","","","","","","","","Gross Charge Type: Main Acute Price List"
"DEVICE, BIOPSY SERTERA NEEDLE 12G","Wilm4778514","CDM","272","RC","","","","","facility","both","","","","434.4","434.4","","","","","","","","","","","","","Gross Charge Type: Main Acute Price List"
"DEVICE, CATERPILLAR MICRO .027 ARTERIAL EMBOLIZATION 1.5-4MM X 170CM","OperChSup106974","CDM","272","RC","","","","","facility","both","","","","6660.74","6660.74","","","","","","","","","","","","","Gross Charge Type: Main Acute Price List"
"DEVICE, CATERPILLAR MICRO .027 ARTERIAL EMBOLIZATION 1.5-4MM X 170CM","PacuChSup106974","CDM","272","RC","","","","","facility","both","","","","6660.74","6660.74","","","","","","","","","","","","","Gross Charge Type: Main Acute Price List"
"DEVICE, CELERO 12 CORE BIOPSY","Ccsp3839146","CDM","272","RC","","","","","facility","both","","","","1100.47","1100.47","","","","","","","","","","","","","Gross Charge Type: Main Acute Price List"
"DEVICE, CELERO 12 CORE BIOPSY","Ccsp4139146","CDM","272","RC","","","","","facility","both","","","","1100.47","1100.47","","","","","","","","","","","","","Gross Charge Type: Main Acute Price List"
"DEVICE, CELERO 12 CORE BIOPSY","Chrs3139146","CDM","272","RC","","","","","facility","both","","","","1100.47","1100.47","","","","","","","","","","","","","Gross Charge Type: Main Acute Price List"
"DEVICE, CELERO 12 CORE BIOPSY","Hccc4139146","CDM","272","RC","","","","","facility","both","","","","1100.47","1100.47","","","","","","","","","","","","","Gross Charge Type: Main Acute Price List"
"DEVICE, CLOSED MALE LUER WITH FEMALE CAP TEXIUM","PacuChSup63670","CDM","270","RC","","","","","facility","both","","","","11.81","11.81","","","","","","","","","","","","","Gross Charge Type: Main Acute Price List"
"DEVICE, CLOSURE TR BAND 24CM","ScanWmSup49174","CDM","272","RC","","","","","facility","both","","","","197.12","197.12","","","","","","","","","","","","","Gross Charge Type: Main Acute Price List"
"DEVICE, CLOSURE VASCULAR CELT ASD 5FR","ScpuWmSup113369","CDM","278","RC","C1760","HCPCS","","","facility","both","","","","1201.15","1201.15","","","","","","","","","","","","","Gross Charge Type: Main Acute Price List"
"DEVICE, CLOSURE VASCULAR CELT ASD 6FR","GyscChSup113370","CDM","278","RC","C1760","HCPCS","","","facility","both","","","","1201.15","1201.15","","","","","","","","","","","","","Gross Charge Type: Main Acute Price List"
"DEVICE, COMANECI EMBOLIZATION ASSIST 24MM .021","AngiWmSup113293","CDM","272","RC","","","","","facility","both","","","","24905.39","24905.39","","","","","","","","","","","","","Gross Charge Type: Main Acute Price List"
"DEVICE, COMANECI EMBOLIZATION ASSIST 32MM .021","OperChSup109145","CDM","272","RC","","","","","facility","both","","","","26486.87","26486.87","","","","","","","","","","","","","Gross Charge Type: Main Acute Price List"
"DEVICE, FIXATION EASY CLIP 12X10X10","AngiWmSup61031","CDM","278","RC","C1713","HCPCS","","","facility","both","","","","6174.52","6174.52","","","","","","","","","","","","","Gross Charge Type: Main Acute Price List"
"DEVICE, FIXATION EASYCLIP 15X15X15MM","PacuWmSup78522","CDM","278","RC","C1713","HCPCS","","","facility","both","","","","7868.71","7868.71","","","","","","","","","","","","","Gross Charge Type: Main Acute Price List"
"DEVICE, FRED 27 FLOW DIVERTER 3.5MM X 11/17MM","GyscChSup107336","CDM","278","RC","C1876","HCPCS","","","facility","both","","","","90933.61","90933.61","","","","","","","","","","","","","Gross Charge Type: Main Acute Price List"
"DEVICE, FRED JR 21 FLOW DIVERTER 2.5MM X 20/25MM","AnesWmSup106947","CDM","278","RC","C1876","HCPCS","","","facility","both","","","","100316.57","100316.57","","","","","","","","","","","","","Gross Charge Type: Main Acute Price List"
"DEVICE, FRED JR 21 FLOW DIVERTER 2.5MM X 20/25MM","PacuChSup106947","CDM","278","RC","C1876","HCPCS","","","facility","both","","","","100316.57","100316.57","","","","","","","","","","","","","Gross Charge Type: Main Acute Price List"
"DEVICE, FRED JR 21 FLOW DIVERTER 3.0MM X 14/19MM","PacuChSup106948","CDM","278","RC","C1876","HCPCS","","","facility","both","","","","100316.57","100316.57","","","","","","","","","","","","","Gross Charge Type: Main Acute Price List"
"DEVICE, INFLATION SINUS RELIEVA 25CM","ScanChSup33416","CDM","270","RC","","","","","facility","both","","","","459.21","459.21","","","","","","","","","","","","","Gross Charge Type: Main Acute Price List"
"DEVICE, KYPHX DIRECTIONAL BONE FILLER SZ 3","ScanWmSup106486","CDM","272","RC","C1713","HCPCS","","","facility","both","","","","637.54","637.54","","","","","","","","","","","","","Gross Charge Type: Main Acute Price List"
"DEVICE, LATITUDE CURETTE 8.5 WEDGE","ScorChSup26226","CDM","270","RC","","","","","facility","both","","","","1024.06","1024.06","","","","","","","","","","","","","Gross Charge Type: Main Acute Price List"
"DEVICE, LINA LOOP ENDOSCOPIC 200X100MM","Chrs5443475","CDM","272","RC","","","","","facility","both","","","","2155.91","2155.91","","","","","","","","","","","","","Gross Charge Type: Main Acute Price List"
"DEVICE, NEVA VS 2.0MM - 4.0MM","AngiChSup10196273","CDM","272","RC","C1757","HCPCS","","","facility","both","","","","39420","39420","","","","","","","","","","","","","Gross Charge Type: Main Acute Price List"
"DEVICE, PERCLOSE PROSTYLE CLOSURE","EplbChSup114712","CDM","278","RC","C1760","HCPCS","","","facility","both","","","","1505.26","1505.26","","","","","","","","","","","","","Gross Charge Type: Main Acute Price List"
"DEVICE, PIPELINE FLEX EMBOLIZATION W/SHIELD TECH 2.5MM X 14MM","OperWmSup112540","CDM","272","RC","","","","","facility","both","","","","89254.61","89254.61","","","","","","","","","","","","","Gross Charge Type: Main Acute Price List"
"DEVICE, PIPELINE FLEX EMBOLIZATION W/SHIELD TECH 2.5MM X 20MM","PacuChSup112543","CDM","272","RC","","","","","facility","both","","","","83925.36","83925.36","","","","","","","","","","","","","Gross Charge Type: Main Acute Price List"
"DEVICE, PIPELINE FLEX EMBOLIZATION W/SHIELD TECH 2.75MM X 12MM","OperChSup112545","CDM","272","RC","","","","","facility","both","","","","89254.61","89254.61","","","","","","","","","","","","","Gross Charge Type: Main Acute Price List"
"DEVICE, PIPELINE FLEX EMBOLIZATION W/SHIELD TECH 2.75MM X 14MM","GastWmSup112546","CDM","272","RC","","","","","facility","both","","","","83925.36","83925.36","","","","","","","","","","","","","Gross Charge Type: Main Acute Price List"
"DEVICE, PIPELINE FLEX EMBOLIZATION W/SHIELD TECH 2.75MM X 14MM","ScorChSup112546","CDM","272","RC","","","","","facility","both","","","","83925.36","83925.36","","","","","","","","","","","","","Gross Charge Type: Main Acute Price List"
"DEVICE, PIPELINE FLEX EMBOLIZATION W/SHIELD TECH 2.75MM X 14MM","ScpuChSup112546","CDM","272","RC","","","","","facility","both","","","","83925.36","83925.36","","","","","","","","","","","","","Gross Charge Type: Main Acute Price List"
"DEVICE, PIPELINE FLEX EMBOLIZATION W/SHIELD TECH 2.75MM X 18MM","CcthChSup112548","CDM","272","RC","","","","","facility","both","","","","83925.36","83925.36","","","","","","","","","","","","","Gross Charge Type: Main Acute Price List"
"DEVICE, PIPELINE FLEX EMBOLIZATION W/SHIELD TECH 2.75MM X 20MM","CspuChSup112549","CDM","272","RC","","","","","facility","both","","","","83925.36","83925.36","","","","","","","","","","","","","Gross Charge Type: Main Acute Price List"
"DEVICE, PIPELINE FLEX EMBOLIZATION W/SHIELD TECH 3.25MM X 10MM","EplbChSup112550","CDM","272","RC","","","","","facility","both","","","","83925.36","83925.36","","","","","","","","","","","","","Gross Charge Type: Main Acute Price List"
"DEVICE, PIPELINE FLEX EMBOLIZATION W/SHIELD TECH 3.25MM X 10MM","GastChSup112550","CDM","272","RC","","","","","facility","both","","","","83925.36","83925.36","","","","","","","","","","","","","Gross Charge Type: Main Acute Price List"
"DEVICE, PIPELINE FLEX EMBOLIZATION W/SHIELD TECH 3.25MM X 14MM","GyscChSup112552","CDM","272","RC","","","","","facility","both","","","","83925.36","83925.36","","","","","","","","","","","","","Gross Charge Type: Main Acute Price List"
"DEVICE, PIPELINE FLEX EMBOLIZATION W/SHIELD TECH 3.25MM X 25MM","GastWmSup112556","CDM","272","RC","","","","","facility","both","","","","88182.44","88182.44","","","","","","","","","","","","","Gross Charge Type: Main Acute Price List"
"DEVICE, PIPELINE FLEX EMBOLIZATION W/SHIELD TECH 3.25MM X 25MM","ScanChSup112556","CDM","272","RC","","","","","facility","both","","","","88182.44","88182.44","","","","","","","","","","","","","Gross Charge Type: Main Acute Price List"
"DEVICE, PIPELINE FLEX EMBOLIZATION W/SHIELD TECH 3.25MM X 30MM","OperChSup112557","CDM","272","RC","","","","","facility","both","","","","88182.44","88182.44","","","","","","","","","","","","","Gross Charge Type: Main Acute Price List"
"DEVICE, PIPELINE FLEX EMBOLIZATION W/SHIELD TECH 3.25MM X 35MM","GyscChSup112558","CDM","272","RC","","","","","facility","both","","","","88182.44","88182.44","","","","","","","","","","","","","Gross Charge Type: Main Acute Price List"
"DEVICE, PIPELINE FLEX EMBOLIZATION W/SHIELD TECH 3.25MM X 35MM","PacuChSup112558","CDM","272","RC","","","","","facility","both","","","","88182.44","88182.44","","","","","","","","","","","","","Gross Charge Type: Main Acute Price List"
"DEVICE, PIPELINE FLEX EMBOLIZATION W/SHIELD TECH 3.50MM X 18MM","GastWmSup112562","CDM","272","RC","","","","","facility","both","","","","89254.61","89254.61","","","","","","","","","","","","","Gross Charge Type: Main Acute Price List"
"DEVICE, PIPELINE FLEX EMBOLIZATION W/SHIELD TECH 3.50MM X 30MM","CcthChSup112565","CDM","272","RC","","","","","facility","both","","","","88182.44","88182.44","","","","","","","","","","","","","Gross Charge Type: Main Acute Price List"
"DEVICE, PIPELINE FLEX EMBOLIZATION W/SHIELD TECH 3.50MM X 35MM","AnesChSup112566","CDM","272","RC","","","","","facility","both","","","","88182.44","88182.44","","","","","","","","","","","","","Gross Charge Type: Main Acute Price List"
"DEVICE, PIPELINE FLEX EMBOLIZATION W/SHIELD TECH 3.50MM X 35MM","CspuChSup112566","CDM","272","RC","","","","","facility","both","","","","88182.44","88182.44","","","","","","","","","","","","","Gross Charge Type: Main Acute Price List"
"DEVICE, PIPELINE FLEX EMBOLIZATION W/SHIELD TECH 3.50MM X 35MM","DelrChSup112566","CDM","272","RC","","","","","facility","both","","","","88182.44","88182.44","","","","","","","","","","","","","Gross Charge Type: Main Acute Price List"
"DEVICE, PIPELINE FLEX EMBOLIZATION W/SHIELD TECH 3.50MM X 35MM","ScorChSup112566","CDM","272","RC","","","","","facility","both","","","","88182.44","88182.44","","","","","","","","","","","","","Gross Charge Type: Main Acute Price List"
"DEVICE, PIPELINE FLEX EMBOLIZATION W/SHIELD TECH 3.75MM X 10MM","ScanWmSup112567","CDM","272","RC","","","","","facility","both","","","","83925.36","83925.36","","","","","","","","","","","","","Gross Charge Type: Main Acute Price List"
"DEVICE, PIPELINE FLEX EMBOLIZATION W/SHIELD TECH 3.75MM X 14MM","AngiWmSup112569","CDM","272","RC","","","","","facility","both","","","","89254.61","89254.61","","","","","","","","","","","","","Gross Charge Type: Main Acute Price List"
"DEVICE, PIPELINE FLEX EMBOLIZATION W/SHIELD TECH 3.75MM X 14MM","OperChSup112569","CDM","272","RC","","","","","facility","both","","","","89254.61","89254.61","","","","","","","","","","","","","Gross Charge Type: Main Acute Price List"
"DEVICE, PIPELINE FLEX EMBOLIZATION W/SHIELD TECH 3.75MM X 16MM","AngiChSup112570","CDM","272","RC","","","","","facility","both","","","","83925.36","83925.36","","","","","","","","","","","","","Gross Charge Type: Main Acute Price List"
"DEVICE, PIPELINE FLEX EMBOLIZATION W/SHIELD TECH 3.75MM X 20MM","AnesChSup112572","CDM","272","RC","","","","","facility","both","","","","83925.36","83925.36","","","","","","","","","","","","","Gross Charge Type: Main Acute Price List"
"DEVICE, PIPELINE FLEX EMBOLIZATION W/SHIELD TECH 3.75MM X 20MM","OperChSup112572","CDM","272","RC","","","","","facility","both","","","","83925.36","83925.36","","","","","","","","","","","","","Gross Charge Type: Main Acute Price List"
"DEVICE, PIPELINE FLEX EMBOLIZATION W/SHIELD TECH 3.75MM X 25MM","ScpuChSup112573","CDM","272","RC","","","","","facility","both","","","","88182.44","88182.44","","","","","","","","","","","","","Gross Charge Type: Main Acute Price List"
"DEVICE, PIPELINE FLEX EMBOLIZATION W/SHIELD TECH 3MM X 10MM","PacuChSup112576","CDM","272","RC","","","","","facility","both","","","","83925.36","83925.36","","","","","","","","","","","","","Gross Charge Type: Main Acute Price List"
"DEVICE, PIPELINE FLEX EMBOLIZATION W/SHIELD TECH 3MM X 25MM","AngiWmSup112582","CDM","272","RC","","","","","facility","both","","","","88182.44","88182.44","","","","","","","","","","","","","Gross Charge Type: Main Acute Price List"
"DEVICE, PIPELINE FLEX EMBOLIZATION W/SHIELD TECH 3MM X 30MM","AngiChSup112583","CDM","272","RC","","","","","facility","both","","","","88182.44","88182.44","","","","","","","","","","","","","Gross Charge Type: Main Acute Price List"
"DEVICE, PIPELINE FLEX EMBOLIZATION W/SHIELD TECH 4.25MM X 10MM","OperChSup112585","CDM","272","RC","","","","","facility","both","","","","83925.36","83925.36","","","","","","","","","","","","","Gross Charge Type: Main Acute Price List"
"DEVICE, PIPELINE FLEX EMBOLIZATION W/SHIELD TECH 4.25MM X 14MM","CcthChSup112587","CDM","272","RC","","","","","facility","both","","","","89254.61","89254.61","","","","","","","","","","","","","Gross Charge Type: Main Acute Price List"
"DEVICE, PIPELINE FLEX EMBOLIZATION W/SHIELD TECH 4.25MM X 18MM","EplbChSup112589","CDM","272","RC","","","","","facility","both","","","","83925.36","83925.36","","","","","","","","","","","","","Gross Charge Type: Main Acute Price List"
"DEVICE, PIPELINE FLEX EMBOLIZATION W/SHIELD TECH 4.25MM X 18MM","ScorChSup112589","CDM","272","RC","","","","","facility","both","","","","83925.36","83925.36","","","","","","","","","","","","","Gross Charge Type: Main Acute Price List"
"DEVICE, PIPELINE FLEX EMBOLIZATION W/SHIELD TECH 4.25MM X 35MM","GastWmSup112593","CDM","272","RC","","","","","facility","both","","","","88182.44","88182.44","","","","","","","","","","","","","Gross Charge Type: Main Acute Price List"
"DEVICE, PIPELINE FLEX EMBOLIZATION W/SHIELD TECH 4.5MM X 10MM","PacuWmSup112594","CDM","272","RC","","","","","facility","both","","","","83925.36","83925.36","","","","","","","","","","","","","Gross Charge Type: Main Acute Price List"
"DEVICE, PIPELINE FLEX EMBOLIZATION W/SHIELD TECH 4.5MM X 14MM","AngiWmSup112596","CDM","272","RC","","","","","facility","both","","","","83925.36","83925.36","","","","","","","","","","","","","Gross Charge Type: Main Acute Price List"
"DEVICE, PIPELINE FLEX EMBOLIZATION W/SHIELD TECH 4.5MM X 25MM","AngiWmSup112600","CDM","272","RC","","","","","facility","both","","","","88182.44","88182.44","","","","","","","","","","","","","Gross Charge Type: Main Acute Price List"
"DEVICE, PIPELINE FLEX EMBOLIZATION W/SHIELD TECH 4.5MM X 35MM","ScpuWmSup112602","CDM","272","RC","","","","","facility","both","","","","88182.44","88182.44","","","","","","","","","","","","","Gross Charge Type: Main Acute Price List"
"DEVICE, PIPELINE FLEX EMBOLIZATION W/SHIELD TECH 4.75MM X 10MM","ScanWmSup112603","CDM","272","RC","","","","","facility","both","","","","83925.36","83925.36","","","","","","","","","","","","","Gross Charge Type: Main Acute Price List"
"DEVICE, PIPELINE FLEX EMBOLIZATION W/SHIELD TECH 4.75MM X 12MM","DelrChSup112604","CDM","272","RC","","","","","facility","both","","","","83925.36","83925.36","","","","","","","","","","","","","Gross Charge Type: Main Acute Price List"
"DEVICE, PIPELINE FLEX EMBOLIZATION W/SHIELD TECH 4.75MM X 14MM","AnesWmSup112605","CDM","272","RC","","","","","facility","both","","","","83925.36","83925.36","","","","","","","","","","","","","Gross Charge Type: Main Acute Price List"
"DEVICE, PIPELINE FLEX EMBOLIZATION W/SHIELD TECH 4.75MM X 14MM","CspuChSup112605","CDM","272","RC","","","","","facility","both","","","","83925.36","83925.36","","","","","","","","","","","","","Gross Charge Type: Main Acute Price List"
"DEVICE, PIPELINE FLEX EMBOLIZATION W/SHIELD TECH 4MM X 10MM","CspuChSup112612","CDM","272","RC","","","","","facility","both","","","","83925.36","83925.36","","","","","","","","","","","","","Gross Charge Type: Main Acute Price List"
"DEVICE, PIPELINE FLEX EMBOLIZATION W/SHIELD TECH 4MM X 10MM","ScanWmSup112612","CDM","272","RC","","","","","facility","both","","","","83925.36","83925.36","","","","","","","","","","","","","Gross Charge Type: Main Acute Price List"
"DEVICE, PIPELINE FLEX EMBOLIZATION W/SHIELD TECH 4MM X 10MM","ScorWmSup112612","CDM","272","RC","","","","","facility","both","","","","83925.36","83925.36","","","","","","","","","","","","","Gross Charge Type: Main Acute Price List"
"DEVICE, PIPELINE FLEX EMBOLIZATION W/SHIELD TECH 4MM X 14MM","AngiChSup112614","CDM","272","RC","","","","","facility","both","","","","83925.36","83925.36","","","","","","","","","","","","","Gross Charge Type: Main Acute Price List"
"DEVICE, PIPELINE FLEX EMBOLIZATION W/SHIELD TECH 4MM X 25MM","PacuChSup112618","CDM","272","RC","","","","","facility","both","","","","88182.44","88182.44","","","","","","","","","","","","","Gross Charge Type: Main Acute Price List"
"DEVICE, PIPELINE FLEX EMBOLIZATION W/SHIELD TECH 4MM X 30MM","CcthChSup112619","CDM","272","RC","","","","","facility","both","","","","88182.44","88182.44","","","","","","","","","","","","","Gross Charge Type: Main Acute Price List"
"DEVICE, PIPELINE FLEX EMBOLIZATION W/SHIELD TECH 4MM X 30MM","GyscChSup112619","CDM","272","RC","","","","","facility","both","","","","88182.44","88182.44","","","","","","","","","","","","","Gross Charge Type: Main Acute Price List"
"DEVICE, PIPELINE FLEX EMBOLIZATION W/SHIELD TECH 4MM X 35MM","ScorChSup112620","CDM","272","RC","","","","","facility","both","","","","88182.44","88182.44","","","","","","","","","","","","","Gross Charge Type: Main Acute Price List"
"DEVICE, PIPELINE FLEX EMBOLIZATION W/SHIELD TECH 5MM X 10MM","OperChSup112621","CDM","272","RC","","","","","facility","both","","","","83925.36","83925.36","","","","","","","","","","","","","Gross Charge Type: Main Acute Price List"
"DEVICE, PIPELINE FLEX EMBOLIZATION W/SHIELD TECH 5MM X 12MM","AnesWmSup112622","CDM","272","RC","","","","","facility","both","","","","83925.36","83925.36","","","","","","","","","","","","","Gross Charge Type: Main Acute Price List"
"DEVICE, PIPELINE FLEX EMBOLIZATION W/SHIELD TECH 5MM X 18MM","PacuWmSup112625","CDM","272","RC","","","","","facility","both","","","","89254.61","89254.61","","","","","","","","","","","","","Gross Charge Type: Main Acute Price List"
"DEVICE, PIPELINE FLEX EMBOLIZATION W/SHIELD TECH 5MM X 25MM","GastChSup112627","CDM","272","RC","","","","","facility","both","","","","88182.44","88182.44","","","","","","","","","","","","","Gross Charge Type: Main Acute Price List"
"DEVICE, PIPELINE FLEX EMBOLIZATION W/SHIELD TECH 5MM X 25MM","OperWmSup112627","CDM","272","RC","","","","","facility","both","","","","88182.44","88182.44","","","","","","","","","","","","","Gross Charge Type: Main Acute Price List"
"DEVICE, PIPELINE FLEX EMBOLIZATION W/SHIELD TECH 5MM X 25MM","ScanChSup112627","CDM","272","RC","","","","","facility","both","","","","88182.44","88182.44","","","","","","","","","","","","","Gross Charge Type: Main Acute Price List"
"DEVICE, PIPELINE FLEX EMBOLIZATION W/SHIELD TECH 5MM X 30MM","AngiChSup112628","CDM","272","RC","","","","","facility","both","","","","88182.44","88182.44","","","","","","","","","","","","","Gross Charge Type: Main Acute Price List"
"DEVICE, PIPELINE FLEX EMBOLIZATION W/SHIELD TECH 5MM X 30MM","GastWmSup112628","CDM","272","RC","","","","","facility","both","","","","88182.44","88182.44","","","","","","","","","","","","","Gross Charge Type: Main Acute Price List"
"DEVICE, PIPELINE FLEX SM 2.5MM X 14MM","DelrChSup65574","CDM","278","RC","","","","","facility","both","","","","79928.91","79928.91","","","","","","","","","","","","","Gross Charge Type: Main Acute Price List"
"DEVICE, PIPELINE FLEX SM 2.5MM X 14MM","GyscChSup65574","CDM","278","RC","","","","","facility","both","","","","79928.91","79928.91","","","","","","","","","","","","","Gross Charge Type: Main Acute Price List"
"DEVICE, PIPELINE FLEX SM 2.5MM X 16MM","OperChSup65575","CDM","278","RC","","","","","facility","both","","","","85004.4","85004.4","","","","","","","","","","","","","Gross Charge Type: Main Acute Price List"
"DEVICE, PIPELINE FLEX SM 2.75MM X 12MM","ScpuWmSup65579","CDM","278","RC","","","","","facility","both","","","","79928.91","79928.91","","","","","","","","","","","","","Gross Charge Type: Main Acute Price List"
"DEVICE, PIPELINE FLEX SM 3.25MM X 12MM","GastWmSup65591","CDM","278","RC","","","","","facility","both","","","","79928.91","79928.91","","","","","","","","","","","","","Gross Charge Type: Main Acute Price List"
"DEVICE, PIPELINE FLEX SM 3.25MM X 14MM","PacuWmSup65592","CDM","278","RC","","","","","facility","both","","","","79928.91","79928.91","","","","","","","","","","","","","Gross Charge Type: Main Acute Price List"
"DEVICE, PIPELINE FLEX SM 3.25MM X 14MM","ScorWmSup65592","CDM","278","RC","","","","","facility","both","","","","79928.91","79928.91","","","","","","","","","","","","","Gross Charge Type: Main Acute Price List"
"DEVICE, PIPELINE FLEX SM 3.50MM X 12MM","PacuChSup65597","CDM","278","RC","","","","","facility","both","","","","85004.4","85004.4","","","","","","","","","","","","","Gross Charge Type: Main Acute Price List"
"DEVICE, PIPELINE FLEX SM 3.50MM X 18MM","OperWmSup65600","CDM","278","RC","","","","","facility","both","","","","79928.91","79928.91","","","","","","","","","","","","","Gross Charge Type: Main Acute Price List"
"DEVICE, PIPELINE FLEX SM 3MM X 12MM","CcthChSup65585","CDM","278","RC","","","","","facility","both","","","","79928.91","79928.91","","","","","","","","","","","","","Gross Charge Type: Main Acute Price List"
"DEVICE, PIPELINE FLEX SM 3MM X 12MM","ScanChSup65585","CDM","278","RC","","","","","facility","both","","","","79928.91","79928.91","","","","","","","","","","","","","Gross Charge Type: Main Acute Price List"
"DEVICE, PIPELINE FLEX SM 4.25MM X 12MM","DelrChSup65615","CDM","278","RC","","","","","facility","both","","","","79928.91","79928.91","","","","","","","","","","","","","Gross Charge Type: Main Acute Price List"
"DEVICE, PIPELINE FLEX SM 4.25MM X 18MM","EplbChSup65618","CDM","278","RC","","","","","facility","both","","","","79928.91","79928.91","","","","","","","","","","","","","Gross Charge Type: Main Acute Price List"
"DEVICE, PIPELINE FLEX SM 4.50MM X 12MM","ScanChSup65621","CDM","278","RC","","","","","facility","both","","","","79928.91","79928.91","","","","","","","","","","","","","Gross Charge Type: Main Acute Price List"
"DEVICE, PIPELINE FLEX SM 5MM X 14MM","ScpuWmSup65634","CDM","278","RC","","","","","facility","both","","","","79928.91","79928.91","","","","","","","","","","","","","Gross Charge Type: Main Acute Price List"
"DEVICE, PIPELINE FLEX SM 5MM X 16MM","EplbChSup65635","CDM","278","RC","","","","","facility","both","","","","79928.91","79928.91","","","","","","","","","","","","","Gross Charge Type: Main Acute Price List"
"DEVICE, POD EMBOLIZATION 30CM 3.25 - 4MM","CspuChSup65671","CDM","278","RC","C1889","HCPCS","","","facility","both","","","","11025.93","11025.93","","","","","","","","","","","","","Gross Charge Type: Main Acute Price List"
"DEVICE, PRELUDE SYNC DISTAL RADIAL COMPRESSION","AngiChSup78138","CDM","272","RC","","","","","facility","both","","","","215.59","215.59","","","","","","","","","","","","","Gross Charge Type: Main Acute Price List"
"DEVICE, PRELUDE SYNC DISTAL RADIAL COMPRESSION","ScanWmSup78138","CDM","272","RC","","","","","facility","both","","","","215.59","215.59","","","","","","","","","","","","","Gross Charge Type: Main Acute Price List"
"DEVICE, PRELUDE SYNC LEFT DISTAL RADIAL COMPRESSION","OperChSup106091","CDM","272","RC","","","","","facility","both","","","","215.59","215.59","","","","","","","","","","","","","Gross Charge Type: Main Acute Price List"
"DEVICE, PTM COMPT","AnesWmSup111697","CDM","272","RC","","","","","facility","both","","","","4619.8","4619.8","","","","","","","","","","","","","Gross Charge Type: Main Acute Price List"
"DEVICE, SOLITAIRE X REVASCULARIZATION 3MM X 20MM","CcthChSup109284","CDM","272","RC","C1757","HCPCS","","","facility","both","","","","39169.78","39169.78","","","","","","","","","","","","","Gross Charge Type: Main Acute Price List"
"DEVICE, SPIDERX EMBOLIC PROTECTION 6MM","Wilm5432899","CDM","272","RC","C1884","HCPCS","","","facility","both","","","","7237.69","7237.69","","","","","","","","","","","","","Gross Charge Type: Main Acute Price List"
"DEVICE, SPIDERX EMBOLIC PROTECTION 7MM","ScanChSup32900","CDM","272","RC","C1884","HCPCS","","","facility","both","","","","7237.69","7237.69","","","","","","","","","","","","","Gross Charge Type: Main Acute Price List"
"DEVICE, STOMA MEASURING","PacuWmSup53336","CDM","270","RC","","","","","facility","both","","","","28.19","28.19","","","","","","","","","","","","","Gross Charge Type: Main Acute Price List"
"DEVICE, SURPASS EVOLVE FLOW DIVERTER 3.25MM X 12MM","GyscChSup108728","CDM","278","RC","","","","","facility","both","","","","95769.77","95769.77","","","","","","","","","","","","","Gross Charge Type: Main Acute Price List"
"DEVICE, SURPASS EVOLVE FLOW DIVERTER 4.0MM X 12MM","GastWmSup108733","CDM","278","RC","","","","","facility","both","","","","95769.77","95769.77","","","","","","","","","","","","","Gross Charge Type: Main Acute Price List"
"DEVICE, SURPASS EVOLVE FLOW DIVERTER 4.0MM X 17MM","ScpuWmSup108735","CDM","278","RC","","","","","facility","both","","","","90051.5","90051.5","","","","","","","","","","","","","Gross Charge Type: Main Acute Price List"
"DEVICE, SURPASS EVOLVE FLOW DIVERTER 4.0MM X 30MM","GyscChSup108738","CDM","278","RC","","","","","facility","both","","","","90051.5","90051.5","","","","","","","","","","","","","Gross Charge Type: Main Acute Price List"
"DEVICE, SURPASS EVOLVE FLOW DIVERTER 4.0MM X 30MM","ScpuWmSup108738","CDM","278","RC","","","","","facility","both","","","","90051.5","90051.5","","","","","","","","","","","","","Gross Charge Type: Main Acute Price List"
"DEVICE, SURPASS EVOLVE FLOW DIVERTER 5.0MM X 15MM","AnesWmSup108746","CDM","278","RC","","","","","facility","both","","","","95769.77","95769.77","","","","","","","","","","","","","Gross Charge Type: Main Acute Price List"
"DEVICE, SURPASS EVOLVE FLOW DIVERTER 5.0MM X 30MM","CcthChSup108749","CDM","278","RC","C1876","HCPCS","","","facility","both","","","","95769.77","95769.77","","","","","","","","","","","","","Gross Charge Type: Main Acute Price List"
"DEVICE, TEMNO ACHIEVE A189 BIOPSY","CcicMR9902","CDM","270","RC","","","","","facility","both","","","","227.91","227.91","","","","","","","","","","","","","Gross Charge Type: Main Acute Price List"
"DEVICE, TEMNO ACHIEVE A189 BIOPSY","Ccim479902","CDM","270","RC","","","","","facility","both","","","","227.91","227.91","","","","","","","","","","","","","Gross Charge Type: Main Acute Price List"
"DEVICE, THERAPY ACAPELLA GREEN HIGH FLOW","PacuWmSup19488","CDM","270","RC","","","","","facility","both","","","","125.28","125.28","","","","","","","","","","","","","Gross Charge Type: Main Acute Price List"
"DEVICE, VASCADE CLOSURE 6-7FR","ScanChSup53417","CDM","272","RC","C1760","HCPCS","","","facility","both","","","","1129.43","1129.43","","","","","","","","","","","","","Gross Charge Type: Main Acute Price List"
"DEVICE, VASCADE CLOSURE 6-7FR","ScanWmSup53417","CDM","272","RC","C1760","HCPCS","","","facility","both","","","","1129.43","1129.43","","","","","","","","","","","","","Gross Charge Type: Main Acute Price List"
"DIAGNOSTIC COMPUTED TOMOGRAPHY THORAX W/CONTRAST GLR","CcccCR1136","CDM","352","RC","71260","HCPCS","","","facility","both","","","","1776.56","1776.56","","","","","","","","","","","","","Gross Charge Type: Main Acute Price List"
"DIAGNOSTIC COMPUTED TOMOGRAPHY THORAX W/CONTRAST GLR","Chrs381136","CDM","352","RC","71260","HCPCS","","","facility","both","","","","1776.56","1776.56","","","","","","","","","","","","","Gross Charge Type: Main Acute Price List"
"DIAGNOSTIC COMPUTED TOMOGRAPHY THORAX W/O CNTRST GLR","Cccc831067","CDM","352","RC","71250","HCPCS","","","facility","both","","","","1483.72","1483.72","","","","","","","","","","","","","Gross Charge Type: Main Acute Price List"
"DIAGNOSTIC COMPUTED TOMOGRAPHY THORAX W/O CNTRST GLR","Midd381128","CDM","352","RC","71250","HCPCS","","","facility","both","","","","1140.58","1140.58","","","","","","","","","","","","","Gross Charge Type: Acute Discounted"
"DIAL CIRC VASC EMBOLI OCC EVASC IMG GLP","IrraCh1467","CDM","361","RC","36909","HCPCS","","","facility","both","","","","26787.52","26787.52","","","","","","","","","","","","","Gross Charge Type: Main Acute Price List"
"DIALATOR, VESSEL 12FR.","OperChSup82644","CDM","270","RC","","","","","facility","both","","","","52.3","52.3","","","","","","","","","","","","","Gross Charge Type: Main Acute Price List"
"DIAPHYSEAL, SEGMENT ELLIPTICAL OSS WITH SCREWS SZ 3CM STANDARD SZ","OperChSup119685","CDM","278","RC","C1713","HCPCS","","","facility","both","","","","25051.66","25051.66","","","","","","","","","","","","","Gross Charge Type: Main Acute Price List"
"DIFFERENTIAL, CONC.","HemaMe1018","CDM","301","RC","89050","HCPCS","","","facility","both","","","","146.77","146.77","","","","","","","","","","","","","Gross Charge Type: Main Acute Price List"
"DIHYDROTESTOSTERONE (DHT)","ChemCh5626","CDM","301","RC","G0480","HCPCS","","","facility","both","","","","289.32","289.32","","","","","","","","","","","","","Gross Charge Type: Main Acute Price List"
"DILATION,ESOPHAGUS,OVER GUIDE WIRE GLB","IrraCh9183","CDM","361","RC","43453","HCPCS","","","facility","both","","","","667.42","667.42","","","","","","","","","","","","","Gross Charge Type: Main Acute Price List"
"DILATOR, 7.0 FR","CspuChSup82647","CDM","270","RC","","","","","facility","both","","","","52.3","52.3","","","","","","","","","","","","","Gross Charge Type: Main Acute Price List"
"DILATOR, 7.0 FR","ScanWmSup82647","CDM","270","RC","","","","","facility","both","","","","52.3","52.3","","","","","","","","","","","","","Gross Charge Type: Main Acute Price List"
"DILATOR, 8 FR.","CcicUS82646","CDM","270","RC","","","","","facility","both","","","","52.3","52.3","","","","","","","","","","","","","Gross Charge Type: Main Acute Price List"
"DILATOR, 8 FR.","Ccsb3882646","CDM","270","RC","","","","","facility","both","","","","52.3","52.3","","","","","","","","","","","","","Gross Charge Type: Main Acute Price List"
"DILATOR, 8 FR.","FcinCT82646","CDM","270","RC","","","","","facility","both","","","","52.3","52.3","","","","","","","","","","","","","Gross Charge Type: Main Acute Price List"
"DILATOR, BALLOON BILIARY WIREGUIDED CRE 180CM 15-16.5-18MM","ScpuChSup214498","CDM","272","RC","C1726","HCPCS","","","facility","both","","","","1280.43","1280.43","","","","","","","","","","","","","Gross Charge Type: Main Acute Price List"
"DILATOR, BALLOON BILIARY WIREGUIDED CRE 180CM 6-7-8MM","ScanChSup214549","CDM","272","RC","C1726","HCPCS","","","facility","both","","","","1280.43","1280.43","","","","","","","","","","","","","Gross Charge Type: Main Acute Price List"
"DILATOR, BALLOON BILIARY WIREGUIDED CRE 180CM 8-9-10MM","GastChSup214550","CDM","272","RC","C1726","HCPCS","","","facility","both","","","","1280.43","1280.43","","","","","","","","","","","","","Gross Charge Type: Main Acute Price List"
"DILATOR, BALLOON BILIARY WIREGUIDED CRE 240CM 15-16.5-18MM","Chrs54214554","CDM","272","RC","C1726","HCPCS","","","facility","both","","","","1280.43","1280.43","","","","","","","","","","","","","Gross Charge Type: Main Acute Price List"
"DILATOR, BALLOON BILIARY WIREGUIDED CRE 240CM 6-7-8MM","GastChSup214552","CDM","272","RC","C1726","HCPCS","","","facility","both","","","","1280.43","1280.43","","","","","","","","","","","","","Gross Charge Type: Main Acute Price List"
"DILATOR, BALLOON BILIARY WIREGUIDED CRE 240CM 8-9-10MM","ScpuChSup214491","CDM","272","RC","C1726","HCPCS","","","facility","both","","","","1280.43","1280.43","","","","","","","","","","","","","Gross Charge Type: Main Acute Price List"
"DILATOR, COONS 14FR .038 20CM","AnesChSup110175","CDM","272","RC","","","","","facility","both","","","","98.49","98.49","","","","","","","","","","","","","Gross Charge Type: Main Acute Price List"
"DILATOR, COONS 14FR .038 20CM","AngiWmSup110175","CDM","272","RC","","","","","facility","both","","","","98.49","98.49","","","","","","","","","","","","","Gross Charge Type: Main Acute Price List"
"DILATOR, COONS 14FR .038 20CM","EplbChSup110175","CDM","272","RC","","","","","facility","both","","","","98.49","98.49","","","","","","","","","","","","","Gross Charge Type: Main Acute Price List"
"DILATOR, COONS 14FR .038 20CM","PacuChSup110175","CDM","272","RC","","","","","facility","both","","","","98.49","98.49","","","","","","","","","","","","","Gross Charge Type: Main Acute Price List"
"DILATOR, CRE PULMONARY BALLOON 3.0CMX12MM","Chrs3139486","CDM","272","RC","C1726","HCPCS","","","facility","both","","","","1786.33","1786.33","","","","","","","","","","","","","Gross Charge Type: Main Acute Price List"
"DILATOR, CRE PULMONARY BALLOON 3.0CMX12MM","CspuChSup39486","CDM","272","RC","C1726","HCPCS","","","facility","both","","","","1786.33","1786.33","","","","","","","","","","","","","Gross Charge Type: Main Acute Price List"
"DILATOR, CRE PULMONARY BALLOON 3.0CMX12MM","OperWmSup39486","CDM","272","RC","C1726","HCPCS","","","facility","both","","","","1786.33","1786.33","","","","","","","","","","","","","Gross Charge Type: Main Acute Price List"
"DILATOR, CRE PULMONARY BALLOON 3.0CMX8MM","ScanChSup39484","CDM","272","RC","C1726","HCPCS","","","facility","both","","","","1679.67","1679.67","","","","","","","","","","","","","Gross Charge Type: Main Acute Price List"
"DILATOR, LAMINARIA 4MM","GastWmSup23560","CDM","272","RC","","","","","facility","both","","","","72.29","72.29","","","","","","","","","","","","","Gross Charge Type: Main Acute Price List"
"DILATOR, LAMINARIA 4MM","OperWmSup23560","CDM","272","RC","","","","","facility","both","","","","72.29","72.29","","","","","","","","","","","","","Gross Charge Type: Main Acute Price List"
"DILATORS, INSULATED","ScorWmSup118093","CDM","272","RC","","","","","facility","both","","","","5989.12","5989.12","","","","","","","","","","","","","Gross Charge Type: Main Acute Price List"
"DISC, ARTIFICIAL 6MM M","PacuChSup114748","CDM","278","RC","","","","","facility","both","","","","31263.19","31263.19","","","","","","","","","","","","","Gross Charge Type: Main Acute Price List"
"DISC, ARTIFICIAL M6 6MM LL","EplbChSup115696","CDM","278","RC","","","","","facility","both","","","","31263.19","31263.19","","","","","","","","","","","","","Gross Charge Type: Main Acute Price List"
"DISC, SIMPLICITY SIZE 2 HEIGHT 5","AnesChSup119115","CDM","278","RC","C1889","HCPCS","","","facility","both","","","","30182.72","30182.72","","","","","","","","","","","","","Gross Charge Type: Main Acute Price List"
"DISC, SIMPLIFY SIZE 2 HT 4","CcthChSup118663","CDM","278","RC","C1889","HCPCS","","","facility","both","","","","30182.72","30182.72","","","","","","","","","","","","","Gross Charge Type: Main Acute Price List"
"DISCOGR,LUMBAR,RS&I","CPCM541404","CDM","320","RC","72295","HCPCS","","","facility","both","","","","262.08","262.08","","","","","","","","","","","","","Gross Charge Type: Main Acute Price List"
"DISCOGR,LUMBAR,RS&I","Chrs541404","CDM","320","RC","72295","HCPCS","","","facility","both","","","","262.08","262.08","","","","","","","","","","","","","Gross Charge Type: Main Acute Price List"
"DISECTOR, SONICISION SERIES 7 39CM CURVED JAW ULTRASONIC","ScorWmSup121071","CDM","272","RC","","","","","facility","both","","","","2513.17","2513.17","","","","","","","","","","","","","Gross Charge Type: Main Acute Price List"
"DISSECTOR, BALLOON OVAL SPACEMAKER PLUS BTT","GyscChSup34488","CDM","272","RC","","","","","facility","both","","","","4162.39","4162.39","","","","","","","","","","","","","Gross Charge Type: Main Acute Price List"
"DISSECTOR, BALLOON OVAL SPACEMAKER PLUS SBT","PacuWmSup34487","CDM","272","RC","","","","","facility","both","","","","2593.74","2593.74","","","","","","","","","","","","","Gross Charge Type: Main Acute Price List"
"DISSECTOR, SONICISION 39CM CURVED JAW ULTRASONIC","GastWmSup111012","CDM","272","RC","","","","","facility","both","","","","2513.17","2513.17","","","","","","","","","","","","","Gross Charge Type: Main Acute Price List"
"DISTRACTOR, MULTI MODE ANKLE","CspuChSup205656","CDM","270","RC","","","","","facility","both","","","","312","312","","","","","","","","","","","","","Gross Charge Type: Main Acute Price List"
"DOBUTAMINE 250MG INJ","Ccsm5710746","CDM","636","RC","J1250","HCPCS","00409234402","NDC","facility","both","1","EA","","4.9","4.9","","","","","","","","","","","","","Gross Charge Type: Main Acute Price List | NDC EA = 1.0000 UN"
"DOME, FLATCUT TALAR SZ 4","ScorWmSup116328","CDM","278","RC","C1776","HCPCS","","","facility","both","","","","36422.54","36422.54","","","","","","","","","","","","","Gross Charge Type: Main Acute Price List"
"DOME, INBONE TALAR SULCUS SZ 3","AngiChSup118575","CDM","278","RC","C1776","HCPCS","","","facility","both","","","","30228.19","30228.19","","","","","","","","","","","","","Gross Charge Type: Main Acute Price List"
"DOME, INBONE TALAR SULCUS SZ 3","CcthChSup118575","CDM","278","RC","C1776","HCPCS","","","facility","both","","","","30228.19","30228.19","","","","","","","","","","","","","Gross Charge Type: Main Acute Price List"
"DOME, INBONE TALAR SULCUS SZ 3","ScanWmSup118575","CDM","278","RC","C1776","HCPCS","","","facility","both","","","","30228.19","30228.19","","","","","","","","","","","","","Gross Charge Type: Main Acute Price List"
"DOME, INBONE TALAR SULCUS SZ 3","ScorChSup118575","CDM","278","RC","C1776","HCPCS","","","facility","both","","","","30228.19","30228.19","","","","","","","","","","","","","Gross Charge Type: Main Acute Price List"
"DOME, INVISION TALAR SZ 1 THICK","AngiWmSup118602","CDM","278","RC","C1776","HCPCS","","","facility","both","","","","19153.98","19153.98","","","","","","","","","","","","","Gross Charge Type: Main Acute Price List"
"DOME, INVISION TALAR SZ 1 THICK","GyscChSup118602","CDM","278","RC","C1776","HCPCS","","","facility","both","","","","19153.98","19153.98","","","","","","","","","","","","","Gross Charge Type: Main Acute Price List"
"DOME, TALAR INFINITY ADAPTIS FLAT CUT SZ 2","OperWmSup117602","CDM","278","RC","C1776","HCPCS","","","facility","both","","","","36422.54","36422.54","","","","","","","","","","","","","Gross Charge Type: Main Acute Price List"
"DOPPLER ECHO COLOR FLOW MAPPING PF","CdpkPf502020","CDM","960","RC","93325","HCPCS","","","facility","both","","","26","434.02","434.02","","","","","","","","","","","","","Gross Charge Type: Main Acute Price List | The modified price is presented in the standard charge value. | Modifier 26: Professional Component"
"DOPPLER ECHOCARDIOGRAPHY,LIMITED GLB","CDM1501167","CDM","483","RC","93321","HCPCS","","","facility","both","","","","508.1","508.1","","","","","","","","","","","","","Gross Charge Type: Main Acute Price List"
"DORSAL PROTECTIVE W/TRACTION","OcthWm1772","CDM","270","RC","","","","","facility","both","","","","144.68","144.68","","","","","","","","","","","","","Gross Charge Type: Main Acute Price List"
"DRAIN, AXIOM DUAL SUMP LARGE","PacuWmSup1636","CDM","270","RC","","","","","facility","both","","","","169.84","169.84","","","","","","","","","","","","","Gross Charge Type: Main Acute Price List"
"DRAIN, CHEST EXPRESS MINI 500ML MOBILE","PacuChSup52719","CDM","278","RC","","","","","facility","both","","","","512.99","512.99","","","","","","","","","","","","","Gross Charge Type: Main Acute Price List"
"DRAIN, CSF DRAINAGE SYSTEM","AngiWmSup93494","CDM","270","RC","","","","","facility","both","","","","963.32","963.32","","","","","","","","","","","","","Gross Charge Type: Main Acute Price List"
"DRAIN, DUAL CHEST - ATRIUM","OperChSup215098","CDM","270","RC","","","","","facility","both","","","","359.88","359.88","","","","","","","","","","","","","Gross Charge Type: Main Acute Price List"
"DRAIN, MINI FLAP","GastWmSup101869","CDM","270","RC","","","","","facility","both","","","","202.72","202.72","","","","","","","","","","","","","Gross Charge Type: Main Acute Price List"
"DRAIN, WOUND - BLAKE 19FR","GastWmSup202683","CDM","270","RC","","","","","facility","both","","","","70.25","70.25","","","","","","","","","","","","","Gross Charge Type: Main Acute Price List"
"DRAIN, WOUND - BLAKE 19FR","OperChSup202683","CDM","270","RC","","","","","facility","both","","","","70.25","70.25","","","","","","","","","","","","","Gross Charge Type: Main Acute Price List"
"DRAINAGE, DEVICE AHMED CLEARPATH GLAUCOMA MODEL 250","ScorWmSup118571","CDM","278","RC","C1783","HCPCS","","","facility","both","","","","6159.74","6159.74","","","","","","","","","","","","","Gross Charge Type: Main Acute Price List"
"DRESSING KIT","DonrWm2249","CDM","270","RC","","","","","facility","both","","","","58.7","58.7","","","","","","","","","","","","","Gross Charge Type: Main Acute Price List"
"DRESSING,  HYDROCELLULAR ALLEVYN 3X3IN","CspuChSup42644","CDM","270","RC","","","","","facility","both","","","","10.64","10.64","","","","","","","","","","","","","Gross Charge Type: Main Acute Price List"
"DRESSING,  HYDROCELLULAR ALLEVYN 3X3IN","PacuChSup42644","CDM","270","RC","","","","","facility","both","","","","10.64","10.64","","","","","","","","","","","","","Gross Charge Type: Main Acute Price List"
"DRESSING, AQUACEL AG BURN SZ 4IN X 5IN","GastChSup54159","CDM","272","RC","","","","","facility","both","","","","90.3","90.3","","","","","","","","","","","","","Gross Charge Type: Main Acute Price List"
"DRESSING, AQUACEL AG BURN SZ 4IN X 5IN","OperChSup54159","CDM","272","RC","","","","","facility","both","","","","90.3","90.3","","","","","","","","","","","","","Gross Charge Type: Main Acute Price List"
"DRESSING, AQUACEL AG BURN SZ 9IN X 39IN","PacuWmSup54160","CDM","272","RC","","","","","facility","both","","","","1384.79","1384.79","","","","","","","","","","","","","Gross Charge Type: Main Acute Price List"
"DRESSING, AQUACEL HYDROFIBER 3/4X18""","OperWmSup19507","CDM","270","RC","","","","","facility","both","","","","23.4","23.4","","","","","","","","","","","","","Gross Charge Type: Main Acute Price List"
"DRESSING, KENNEDY SINUSTENT","OperWmSup204483","CDM","270","RC","","","","","facility","both","","","","257.57","257.57","","","","","","","","","","","","","Gross Charge Type: Main Acute Price List"
"DRESSING, MEPILEX BORDER AG 4IN X 4IN","GyscChSup61130","CDM","272","RC","","","","","facility","both","","","","113.58","113.58","","","","","","","","","","","","","Gross Charge Type: Main Acute Price List"
"DRESSING, MEPITEL ONE 4"" X 7.2""","ScpuWmSup66802","CDM","272","RC","","","","","facility","both","","","","45.99","45.99","","","","","","","","","","","","","Gross Charge Type: Main Acute Price List"
"DRESSING, PRIMATRIX 4X4CM PER SQ CM","ScanWmSup31524","CDM","636","RC","Q4110","HCPCS","","","facility","both","","","","3448.34","3448.34","","","","","","","","","","","","","Gross Charge Type: Main Acute Price List"
"DRESSING, SURGICAL OWENS NON-H","Wilm541467","CDM","270","RC","","","","","facility","both","","","","19.15","19.15","","","","","","","","","","","","","Gross Charge Type: Main Acute Price List"
"DRESSING, WOUND MATRIX BILAYER 2 X2","GastWmSup34332","CDM","636","RC","Q4104","HCPCS","08478-4014-02","NDC","facility","both","1","EA","","22185.9","22185.9","","","","","","","","","","","","","Gross Charge Type: Main Acute Price List | NDC EA = 1.0000 EA"
"DRESSING, WOUND MATRIX BILAYER 4X10""","AnesWmSup49111","CDM","636","RC","Q4104","HCPCS","","","facility","both","","","","63532.53","63532.53","","","","","","","","","","","","","Gross Charge Type: Main Acute Price List"
"DRESSING, WOUND MATRIX BILAYER 4X10""","GastWmSup49111","CDM","636","RC","Q4104","HCPCS","","","facility","both","","","","63532.53","63532.53","","","","","","","","","","","","","Gross Charge Type: Main Acute Price List"
"DRESSING, WOUND MATRIX BILAYER 8X10","PacuChSup118695","CDM","271","RC","Q4104","HCPCS","","","facility","both","","","","99884.2","99884.2","","","","","","","","","","","","","Gross Charge Type: Main Acute Price List"
"DRESSING, WOUND MESHED MATRIX BILAYER 8X10","ScorWmSup121928","CDM","278","RC","Q4104","HCPCS","","","facility","both","","","","125128.42","125128.42","","","","","","","","","","","","","Gross Charge Type: Main Acute Price List"
"DRESSING, WOUND OASIS FEN 3X7CM","Wilm5423603","CDM","636","RC","Q4102","HCPCS","08213-1000-37","NDC","facility","both","1","EA","","1411.57","1411.57","","","","","","","","","","","","","Gross Charge Type: Main Acute Price List | NDC EA = 1.0000 UN"
"DRESSING,QUIKCLOT INTERVENTIONAL WI SLIT","PacuWmSup71092","CDM","272","RC","","","","","facility","both","","","","213.62","213.62","","","","","","","","","","","","","Gross Charge Type: Main Acute Price List"
"DRESSING,QUIKCLOT INTERVENTIONAL WO SLIT","AngiWmSup71091","CDM","272","RC","","","","","facility","both","","","","213.61","213.61","","","","","","","","","","","","","Gross Charge Type: Main Acute Price List"
"DRESSING,TIELLE NON-ADHESIVE 17.5CMX17.5","CcthChSup68650","CDM","272","RC","","","","","facility","both","","","","25.51","25.51","","","","","","","","","","","","","Gross Charge Type: Main Acute Price List"
"DRESSING,TIELLE NON-ADHESIVE 17.5CMX17.5","ScpuWmSup68650","CDM","272","RC","","","","","facility","both","","","","25.51","25.51","","","","","","","","","","","","","Gross Charge Type: Main Acute Price List"
"DRILL 2.0MM","GastWmSup118979","CDM","272","RC","","","","","facility","both","","","","893.31","893.31","","","","","","","","","","","","","Gross Charge Type: Main Acute Price List"
"DRILL 2.5MM","CcthChSup118980","CDM","272","RC","","","","","facility","both","","","","934.18","934.18","","","","","","","","","","","","","Gross Charge Type: Main Acute Price List"
"DRILL BIT AO QUICK CONNECT 1.8MMX140MM","AnesWmSup118963","CDM","272","RC","","","","","facility","both","","","","648.7","648.7","","","","","","","","","","","","","Gross Charge Type: Main Acute Price List"
"DRILL BIT AO QUICK CONNECT 2.5MMX110MM","CspuChSup118962","CDM","272","RC","","","","","facility","both","","","","648.7","648.7","","","","","","","","","","","","","Gross Charge Type: Main Acute Price List"
"DRILL BIT AO QUICK CONNECT 2.5MMX110MM","GyscChSup118962","CDM","272","RC","","","","","facility","both","","","","648.7","648.7","","","","","","","","","","","","","Gross Charge Type: Main Acute Price List"
"DRILL BIT CANNULATED AO QUICK CONNECT 3.2MMX170MM","ScorChSup118960","CDM","272","RC","","","","","facility","both","","","","1957.68","1957.68","","","","","","","","","","","","","Gross Charge Type: Main Acute Price List"
"DRILL BIT,  1.5MM MINI QUICK","OperWmSup112376","CDM","272","RC","","","","","facility","both","","","","527.76","527.76","","","","","","","","","","","","","Gross Charge Type: Main Acute Price List"
"DRILL BIT,  1.5MM MINI QUICK","ScorWmSup112376","CDM","272","RC","","","","","facility","both","","","","527.76","527.76","","","","","","","","","","","","","Gross Charge Type: Main Acute Price List"
"DRILL BIT, 1.1X50MM 5MM STOP W/NT","ScpuChSup79537","CDM","272","RC","","","","","facility","both","","","","521.28","521.28","","","","","","","","","","","","","Gross Charge Type: Main Acute Price List"
"DRILL BIT, MINI QUICK COUPLING FOR THREADED HOLE","AnesWmSup113852","CDM","272","RC","","","","","facility","both","","","","432.08","432.08","","","","","","","","","","","","","Gross Charge Type: Main Acute Price List"
"DRILL BIT, MINI QUICK COUPLING FOR THREADED HOLE","PacuWmSup113852","CDM","272","RC","","","","","facility","both","","","","432.08","432.08","","","","","","","","","","","","","Gross Charge Type: Main Acute Price List"
"DRILL, 1.5MM","PacuChSup109326","CDM","272","RC","","","","","facility","both","","","","1005.19","1005.19","","","","","","","","","","","","","Gross Charge Type: Main Acute Price List"
"DRILL, 1.5X13MM","CspuChSup111860","CDM","272","RC","","","","","facility","both","","","","1106.49","1106.49","","","","","","","","","","","","","Gross Charge Type: Main Acute Price List"
"DRILL, 2.0/2.4MM PROXIMAL CORTEX","OperWmSup115789","CDM","272","RC","","","","","facility","both","","","","1260.9","1260.9","","","","","","","","","","","","","Gross Charge Type: Main Acute Price List"
"DRILL, 2.0MM 107001","ScorChSup107001","CDM","272","RC","","","","","facility","both","","","","1013.59","1013.59","","","","","","","","","","","","","Gross Charge Type: Main Acute Price List"
"DRILL, 2.0MM","GastWmSup70955","CDM","272","RC","","","","","facility","both","","","","868.79","868.79","","","","","","","","","","","","","Gross Charge Type: Main Acute Price List"
"DRILL, 2.5MM - 40592","CcthChSup40592","CDM","272","RC","","","","","facility","both","","","","741.37","741.37","","","","","","","","","","","","","Gross Charge Type: Main Acute Price List"
"DRILL, 2.6MM CANNULATED","AnesChSup117562","CDM","272","RC","","","","","facility","both","","","","1639.12","1639.12","","","","","","","","","","","","","Gross Charge Type: Main Acute Price List"
"DRILL, 2.7MMX150MM","ScorWmSup79006","CDM","272","RC","","","","","facility","both","","","","579.19","579.19","","","","","","","","","","","","","Gross Charge Type: Main Acute Price List"
"DRILL, 2.8MM","GastWmSup118415","CDM","272","RC","","","","","facility","both","","","","1537.46","1537.46","","","","","","","","","","","","","Gross Charge Type: Main Acute Price List"
"DRILL, ACUTRAK 2  5.5 LONG","CspuChSup56615","CDM","272","RC","","","","","facility","both","","","","2826.47","2826.47","","","","","","","","","","","","","Gross Charge Type: Main Acute Price List"
"DRILL, ACUTRAK 2  5.5 LONG","GyscChSup56615","CDM","272","RC","","","","","facility","both","","","","2826.47","2826.47","","","","","","","","","","","","","Gross Charge Type: Main Acute Price List"
"DRILL, ACUTRAK 2 4.7 PROFILE","GastWmSup69238","CDM","272","RC","","","","","facility","both","","","","2826.47","2826.47","","","","","","","","","","","","","Gross Charge Type: Main Acute Price List"
"DRILL, ACUTRAK 2 7.5 LONG","CcthChSup56898","CDM","272","RC","","","","","facility","both","","","","2826.47","2826.47","","","","","","","","","","","","","Gross Charge Type: Main Acute Price List"
"DRILL, ACUTRAK2  5.5 PROFILE LARGE","CspuChSup74616","CDM","272","RC","","","","","facility","both","","","","2826.47","2826.47","","","","","","","","","","","","","Gross Charge Type: Main Acute Price List"
"DRILL, ADJUSTABLE 2.4MM","GastChSup52620","CDM","272","RC","","","","","facility","both","","","","962.91","962.91","","","","","","","","","","","","","Gross Charge Type: Main Acute Price List"
"DRILL, ADJUSTABLE 2.4MM","OperChSup52620","CDM","272","RC","","","","","facility","both","","","","962.91","962.91","","","","","","","","","","","","","Gross Charge Type: Main Acute Price List"
"DRILL, BIT 2.5MM","ScorWmSup69172","CDM","272","RC","","","","","facility","both","","","","1789.71","1789.71","","","","","","","","","","","","","Gross Charge Type: Main Acute Price List"
"DRILL, BIT CALCLOCK EXTREME CALCANEAL PLATE 2.4MM","AngiChSup117743","CDM","272","RC","","","","","facility","both","","","","1129.43","1129.43","","","","","","","","","","","","","Gross Charge Type: Main Acute Price List"
"DRILL, BIT FOR 2.0MM QUICKFIX SCREW 1.3MM","GastChSup77803","CDM","272","RC","","","","","facility","both","","","","1099.31","1099.31","","","","","","","","","","","","","Gross Charge Type: Main Acute Price List"
"DRILL, BIT MFT LAG 3.5MM 2 STAND/PK","ScanWmSup117742","CDM","272","RC","","","","","facility","both","","","","1187.35","1187.35","","","","","","","","","","","","","Gross Charge Type: Main Acute Price List"
"DRILL, BIT QUICK CONNECT 2.0 VOLT 175MM/90MM","OperChSup10190737","CDM","272","RC","","","","","facility","both","","","","1974.91","1974.91","","","","","","","","","","","","","Gross Charge Type: Main Acute Price List"
"DRILL, BIT QUICK CONNECT 2.7 VOLT 135MM","ScorChSup10190738","CDM","272","RC","","","","","facility","both","","","","1531.8","1531.8","","","","","","","","","","","","","Gross Charge Type: Main Acute Price List"
"DRILL, BONE GRAFT 8MM","GyscChSup70055","CDM","272","RC","","","","","facility","both","","","","4330.3","4330.3","","","","","","","","","","","","","Gross Charge Type: Main Acute Price List"
"DRILL, CANNULATED 2.6MM","ScanChSup114201","CDM","272","RC","","","","","facility","both","","","","752.95","752.95","","","","","","","","","","","","","Gross Charge Type: Main Acute Price List"
"DRILL, CANNULATED 5.0MM","ScpuWmSup114147","CDM","272","RC","","","","","facility","both","","","","3480.26","3480.26","","","","","","","","","","","","","Gross Charge Type: Main Acute Price List"
"DRILL, CORTEX PROXIMAL 5.1MM","EplbChSup72460","CDM","272","RC","","","","","facility","both","","","","1670.4","1670.4","","","","","","","","","","","","","Gross Charge Type: Main Acute Price List"
"DRILL, CORTEX PROXIMAL, 4.2MM","ScpuWmSup71648","CDM","272","RC","","","","","facility","both","","","","1629.86","1629.86","","","","","","","","","","","","","Gross Charge Type: Main Acute Price List"
"DRILL, COUNTERBORE 5.5X185MM","PacuWmSup115460","CDM","272","RC","","","","","facility","both","","","","948.86","948.86","","","","","","","","","","","","","Gross Charge Type: Main Acute Price List"
"DRILL, COUNTERBORE 5.5X185MM","ScpuWmSup115460","CDM","272","RC","","","","","facility","both","","","","948.86","948.86","","","","","","","","","","","","","Gross Charge Type: Main Acute Price List"
"DRILL, CRANIAL AUTOMATED DISP 5.3MM 70MM WORKING W/TAPERED DEPTH STOP","ScorWmSup120929","CDM","272","RC","","","","","facility","both","","","","1720.21","1720.21","","","","","","","","","","","","","Gross Charge Type: Main Acute Price List"
"DRILL, HAND 10G 7.75IN","ScanWmSup54837","CDM","272","RC","","","","","facility","both","","","","608.92","608.92","","","","","","","","","","","","","Gross Charge Type: Main Acute Price List"
"DRILL, LONG 2.3MM","PacuChSup70956","CDM","272","RC","","","","","facility","both","","","","868.79","868.79","","","","","","","","","","","","","Gross Charge Type: Main Acute Price List"
"DRILL, LONG 2.3MM","Wilm5470956","CDM","272","RC","","","","","facility","both","","","","868.79","868.79","","","","","","","","","","","","","Gross Charge Type: Main Acute Price List"
"DRILL, LONG CANNULATED 1.7MM","DelrChSup112684","CDM","272","RC","","","","","facility","both","","","","1500.12","1500.12","","","","","","","","","","","","","Gross Charge Type: Main Acute Price List"
"DRILL, MIDFACE 1.1MM W/5MM STOP","GastChSup107830","CDM","278","RC","","","","","facility","both","","","","1048.34","1048.34","","","","","","","","","","","","","Gross Charge Type: Main Acute Price List"
"DRILL, MIDFACE 1.1MM W/5MM STOP","ScpuChSup107830","CDM","278","RC","","","","","facility","both","","","","1048.34","1048.34","","","","","","","","","","","","","Gross Charge Type: Main Acute Price List"
"DRILL, MODULAR 16MM","AnesWmSup119267","CDM","272","RC","","","","","facility","both","","","","1114.96","1114.96","","","","","","","","","","","","","Gross Charge Type: Main Acute Price List"
"DRILL, PEG","GastWmSup118598","CDM","272","RC","","","","","facility","both","","","","2212.52","2212.52","","","","","","","","","","","","","Gross Charge Type: Main Acute Price List"
"DRILL, PEG","OperWmSup118598","CDM","272","RC","","","","","facility","both","","","","2212.52","2212.52","","","","","","","","","","","","","Gross Charge Type: Main Acute Price List"
"DRILL, QUICK AO 1.2X22MM","GastWmSup64043","CDM","272","RC","","","","","facility","both","","","","616.85","616.85","","","","","","","","","","","","","Gross Charge Type: Main Acute Price List"
"DRILL, QUICK CONNECT STD 2.0X175MM","ScorChSup39849","CDM","272","RC","","","","","facility","both","","","","770.21","770.21","","","","","","","","","","","","","Gross Charge Type: Main Acute Price List"
"DRILL, QUICK CONNECT STD 2.5X205MM","ScorWmSup39848","CDM","272","RC","","","","","facility","both","","","","488.78","488.78","","","","","","","","","","","","","Gross Charge Type: Main Acute Price List"
"DRILL, QUICK CONNECT STD 2.7X205MM","ScorChSup39847","CDM","272","RC","","","","","facility","both","","","","474.94","474.94","","","","","","","","","","","","","Gross Charge Type: Main Acute Price List"
"DRILL, QUICK RELEASE 4.5MM","EplbChSup60516","CDM","272","RC","","","","","facility","both","","","","1737.58","1737.58","","","","","","","","","","","","","Gross Charge Type: Main Acute Price List"
"DRILL, QUICK RELEASE LONG 6MM","OperChSup62604","CDM","272","RC","","","","","facility","both","","","","2027.18","2027.18","","","","","","","","","","","","","Gross Charge Type: Main Acute Price List"
"DRILL, SHOULDER SYSTEM PERIPHERAL DRILL 3.2MM X 250MM","ScorWmSup10190661","CDM","272","RC","","","","","facility","both","","","","739.34","739.34","","","","","","","","","","","","","Gross Charge Type: Main Acute Price List"
"DRILL, SKY FLAT CHUCK 12MM","ScanChSup46074","CDM","272","RC","","","","","facility","both","","","","1024.06","1024.06","","","","","","","","","","","","","Gross Charge Type: Main Acute Price List"
"DRILL, SKYLINE FLAT CHUCK 16MM","GyscChSup73752","CDM","278","RC","","","","","facility","both","","","","1013.59","1013.59","","","","","","","","","","","","","Gross Charge Type: Main Acute Price List"
"DRILL, SPEED GUIDE AO 2.6MM X 30MM","OperWmSup121855","CDM","272","RC","","","","","facility","both","","","","1244.56","1244.56","","","","","","","","","","","","","Gross Charge Type: Main Acute Price List"
"DRILL, STEP 8.0MM","OperChSup120602","CDM","272","RC","","","","","facility","both","","","","2554.25","2554.25","","","","","","","","","","","","","Gross Charge Type: Main Acute Price List"
"DRILL, SURGICAL 5.2MM CANNULATED DIPOSABLE F/7MM","GyscChSup115521","CDM","272","RC","","","","","facility","both","","","","1333.73","1333.73","","","","","","","","","","","","","Gross Charge Type: Main Acute Price List"
"DRILL, TWIST  FOR 2.7 SCREWS","GyscChSup50767","CDM","272","RC","","","","","facility","both","","","","868.79","868.79","","","","","","","","","","","","","Gross Charge Type: Main Acute Price List"
"DRILL, TWIST 1.2X4MM","ScpuChSup25458","CDM","270","RC","","","","","facility","both","","","","743.74","743.74","","","","","","","","","","","","","Gross Charge Type: Main Acute Price List"
"DRILL, TWIST 1.4X54MM 8MM WORKING LENGTH","CcthChSup60868","CDM","272","RC","","","","","facility","both","","","","767.61","767.61","","","","","","","","","","","","","Gross Charge Type: Main Acute Price List"
"DRILL, TWIST 1.5X5MM","OperChSup121393","CDM","272","RC","","","","","facility","both","","","","831.76","831.76","","","","","","","","","","","","","Gross Charge Type: Main Acute Price List"
"DRILL, TWIST 1.6X5MM STRYKER","ScorWmSup25406","CDM","270","RC","","","","","facility","both","","","","555.71","555.71","","","","","","","","","","","","","Gross Charge Type: Main Acute Price List"
"DRILL, TWIST 1.9X26MM","OperWmSup31266","CDM","270","RC","","","","","facility","both","","","","746.31","746.31","","","","","","","","","","","","","Gross Charge Type: Main Acute Price List"
"DRILL, TWIST 1.9X35MM STRYKER","CcthChSup25292","CDM","272","RC","","","","","facility","both","","","","754.37","754.37","","","","","","","","","","","","","Gross Charge Type: Main Acute Price List"
"DRILL, TWIST 1.9X35MM STRYKER","ScorChSup25292","CDM","272","RC","","","","","facility","both","","","","754.37","754.37","","","","","","","","","","","","","Gross Charge Type: Main Acute Price List"
"DRILL, TWIST DIA AO 1.9MM","CspuChSup57354","CDM","272","RC","","","","","facility","both","","","","616.85","616.85","","","","","","","","","","","","","Gross Charge Type: Main Acute Price List"
"DRILL, TWIST LONG FOR 2.7 SCREWS","GastWmSup50768","CDM","272","RC","","","","","facility","both","","","","923.96","923.96","","","","","","","","","","","","","Gross Charge Type: Main Acute Price List"
"DRILL, WHIRLWIND DISS TOOL - 1603","ScpuChSup1603","CDM","270","RC","","","","","facility","both","","","","353.31","353.31","","","","","","","","","","","","","Gross Charge Type: Main Acute Price List"
"DRILL,TWIST  COLOR DEPTH MARKERS 1.6X110M","GastChSup72332","CDM","272","RC","","","","","facility","both","","","","1527.22","1527.22","","","","","","","","","","","","","Gross Charge Type: Main Acute Price List"
"DRIP CHAMBER, 108 INCH NON VENTED","AngiChSup41049","CDM","270","RC","","","","","facility","both","","","","16.94","16.94","","","","","","","","","","","","","Gross Charge Type: Main Acute Price List"
"DRIP CHAMBER, 108 INCH NON VENTED","PacuChSup41049","CDM","270","RC","","","","","facility","both","","","","16.94","16.94","","","","","","","","","","","","","Gross Charge Type: Main Acute Price List"
"DRIVE TOOL, ULTRA PLUG PULLER 6MM","ScpuWmSup28834","CDM","270","RC","","","","","facility","both","","","","2235.69","2235.69","","","","","","","","","","","","","Gross Charge Type: Main Acute Price List"
"DRIVE TOOL, ULTRA TIP EXTENDER 120MM","CspuChSup28832","CDM","270","RC","","","","","facility","both","","","","2235.69","2235.69","","","","","","","","","","","","","Gross Charge Type: Main Acute Price List"
"DRIVE TOOL, ULTRA TIP EXTENDER 120MM","EplbChSup28832","CDM","270","RC","","","","","facility","both","","","","2235.69","2235.69","","","","","","","","","","","","","Gross Charge Type: Main Acute Price List"
"DRIVER, HAXALOBULAR CANNULATED SZ 10","ScorWmSup10180671","CDM","272","RC","","","","","facility","both","","","","3049.79","3049.79","","","","","","","","","","","","","Gross Charge Type: Main Acute Price List"
"DRIVER, HAXALOBULAR CANNULATED SZ 8","AnesWmSup118026","CDM","272","RC","","","","","facility","both","","","","1817.12","1817.12","","","","","","","","","","","","","Gross Charge Type: Main Acute Price List"
"DRIVER, HAXALOBULAR CANNULATED SZ 8","OperWmSup118026","CDM","272","RC","","","","","facility","both","","","","1817.12","1817.12","","","","","","","","","","","","","Gross Charge Type: Main Acute Price List"
"DRIVER, HEXALOBULAR CANNULATED SZ 7","AngiChSup117152","CDM","272","RC","","","","","facility","both","","","","1817.12","1817.12","","","","","","","","","","","","","Gross Charge Type: Main Acute Price List"
"DRIVER, MICA HEX 2.0MM COMPT","DelrChSup110061","CDM","272","RC","","","","","facility","both","","","","973.24","973.24","","","","","","","","","","","","","Gross Charge Type: Main Acute Price List"
"DRIVER, MICA HEX 2.5MM COMPT","PacuChSup110057","CDM","272","RC","","","","","facility","both","","","","973.24","973.24","","","","","","","","","","","","","Gross Charge Type: Main Acute Price List"
"DRIVER, NEEDLE SUTURECUT MEGA 8MM","GastChSup34882","CDM","272","RC","","","","","facility","both","","","","1478.34","1478.34","","","","","","","","","","","","","Gross Charge Type: Main Acute Price List"
"DRIVER, POWER ONCONTROL W/CRADLE","Fcin3854068","CDM","272","RC","","","","","facility","both","","","","5063.3","5063.3","","","","","","","","","","","","","Gross Charge Type: Main Acute Price List"
"DRIVER, POWER ONCONTROL W/CRADLE","HcccUS54068","CDM","272","RC","","","","","facility","both","","","","5063.3","5063.3","","","","","","","","","","","","","Gross Charge Type: Main Acute Price List"
"DRIVER, RAPID SCHANZ SCREW MANDIBLE EXFIX II","OperChSup115400","CDM","272","RC","","","","","facility","both","","","","1551.48","1551.48","","","","","","","","","","","","","Gross Charge Type: Main Acute Price List"
"DRIVER, RAPID SCHANZ SCREW MANDIBLE EXFIX II","ScorWmSup115400","CDM","272","RC","","","","","facility","both","","","","1551.48","1551.48","","","","","","","","","","","","","Gross Charge Type: Main Acute Price List"
"DRIVER, SHAFT HEX CANN T1O","DelrChSup115530","CDM","272","RC","","","","","facility","both","","","","1360.95","1360.95","","","","","","","","","","","","","Gross Charge Type: Main Acute Price List"
"DRIVER, TORQUE ELBOW NEXEL","ScanChSup107513","CDM","272","RC","","","","","facility","both","","","","1534.87","1534.87","","","","","","","","","","","","","Gross Charge Type: Main Acute Price List"
"DRIVER,HDLS TRI-LOBE CANN SHORT MAN 3.0/4.0","CLDRChSup67187","CDM","272","RC","","","","","facility","both","","","","1216.31","1216.31","","","","","","","","","","","","","Gross Charge Type: Main Acute Price List"
"DRUG SCREENING COCAINE CONFIRMATION","ChemCh80353","CDM","301","RC","G0480","HCPCS","","","facility","both","","","","104.82","104.82","","","","","","","","","","","","","Gross Charge Type: Main Acute Price List"
"DRY PRO, HALF LEG","EplbChSup95680","CDM","270","RC","","","","","facility","both","","","","135.51","135.51","","","","","","","","","","","","","Gross Charge Type: Main Acute Price List"
"DUPLEX ,AORTA/IN VENA CAVA/ILIAC,LIM Rd PFR","CcicPf392780","CDM","960","RC","93979","HCPCS","","","facility","both","","","26","445.9","445.9","","","","","","","","","","","","","Gross Charge Type: Main Acute Price List | The modified price is presented in the standard charge value. | Modifier 26: Professional Component"
"DUPLEX SCAN ARTL INFL&VEN O/F HEMO COMPL BI STD GLR","MiddVS2401","CDM","921","RC","93985","HCPCS","","","facility","both","","","","1035.76","1035.76","","","","","","","","","","","","","Gross Charge Type: Main Acute Price List"
"DUPLEX SCAN,EXRACRANIAL,COMP,UNI/LIM GLB","CDM1391098","CDM","921","RC","93882","HCPCS","","","facility","both","","","","930.23","930.23","","","","","","","","","","","","","Gross Charge Type: Main Acute Price List"
"DUPLEX,ABDOM/PELVIC/SCROTAL,COMP GLB","Ccsm461720","CDM","921","RC","93975","HCPCS","","","facility","both","","","","1759.11","1759.11","","","","","","","","","","","","","Gross Charge Type: Main Acute Price List"
"DUPLEX,ABDOM/PELVIC/SCROTAL,COMP Rd GLR","Chrs392720","CDM","921","RC","93975","HCPCS","","","facility","both","","","","1759.11","1759.11","","","","","","","","","","","","","Gross Charge Type: Main Acute Price List"
"DUPLEX,ABDOM/PELVIC/SCROTAL,COMP Rd PFR","CDAVPf392720","CDM","960","RC","93975","HCPCS","","","facility","both","","","26","1373.3","1373.3","","","","","","","","","","","","","Gross Charge Type: Main Acute Price List | The modified price is presented in the standard charge value. | Modifier 26: Professional Component"
"DUPLEX,EXTREM VEINS,W COMPRE,COM,BIL GLB","Chrs391380","CDM","921","RC","93970","HCPCS","","","facility","both","","","","1553.62","1553.62","","","","","","","","","","","","","Gross Charge Type: Main Acute Price List"
"DUPLEX,EXTREM VEINS,W COMPRE,COM,BIL PF","Rdpf39P1380","CDM","960","RC","93970","HCPCS","","","facility","both","","","26","688.42","688.42","","","","","","","","","","","","","Gross Charge Type: Main Acute Price List | The modified price is presented in the standard charge value. | Modifier 26: Professional Component"
"DUPLEX,EXTREM VEINS,W COMPRE,LIM,UNI GLB","Cdpk391381","CDM","921","RC","93971","HCPCS","","","facility","both","","","","1035.76","1035.76","","","","","","","","","","","","","Gross Charge Type: Main Acute Price List"
"DUPLEX,EXTREM VEINS,W COMPRE,LIM,UNI GLB","ChrsVS1381","CDM","921","RC","93971","HCPCS","","","facility","both","","","","1035.76","1035.76","","","","","","","","","","","","","Gross Charge Type: Main Acute Price List"
"DUPLEX,EXTREM VEINS,W COMPRE,LIM,UNI Rd PFR","RdpfVSP2381","CDM","960","RC","93971","HCPCS","","","facility","both","","","26","459.86","459.86","","","","","","","","","","","","","Gross Charge Type: Main Acute Price List | The modified price is presented in the standard charge value. | Modifier 26: Professional Component"
"DUPLEX,LOWER EXTREM ART,COMP,BIL Rd PFR","Rdpf39P2811","CDM","960","RC","93925","HCPCS","","","facility","both","","","26","610.82","610.82","","","","","","","","","","","","","Gross Charge Type: Main Acute Price List | The modified price is presented in the standard charge value. | Modifier 26: Professional Component"
"DUPLEX,UPPER EXTREM ART,COMP,BIL Rd GLR","ChrsVS2815","CDM","921","RC","93930","HCPCS","","","facility","both","","","","1485.82","1485.82","","","","","","","","","","","","","Gross Charge Type: Main Acute Price List"
"DUPLEX,UPPER EXTREM ART,LIMIT,UNIL GLB","CDM1391817","CDM","921","RC","93931","HCPCS","","","facility","both","","","","994.53","994.53","","","","","","","","","","","","","Gross Charge Type: Main Acute Price List"
"DUPLEX,UPPER EXTREM ART,LIMIT,UNIL PF","CDAVPf391723","CDM","960","RC","93931","HCPCS","","","facility","both","","","26","364.12","364.12","","","","","","","","","","","","","Gross Charge Type: Main Acute Price List | The modified price is presented in the standard charge value. | Modifier 26: Professional Component"
"DUPLEX,UPPER EXTREM ART,LIMIT,UNIL Rd PFR","CDAVPf392817","CDM","960","RC","93931","HCPCS","","","facility","both","","","26","364.12","364.12","","","","","","","","","","","","","Gross Charge Type: Main Acute Price List | The modified price is presented in the standard charge value. | Modifier 26: Professional Component"
"DXA,1 = > SIT,VERTEB FX ASS,AXIAL SK GLR","GLNM4210747","CDM","320","RC","77085","HCPCS","","","facility","both","","","","184.5","184.5","","","","","","","","","","","","","Gross Charge Type: Acute Discounted"
"DYNANAIL TTC CAP","ScorChSup119875","CDM","278","RC","C1713","HCPCS","","","facility","both","","","","60981.42","60981.42","","","","","","","","","","","","","Gross Charge Type: Main Acute Price List"
"Deb bone 20 sq cm/<","11044","HCPCS","","","","","","","facility","outpatient","","","","","","Jefferson Health Plan","Health Partners Medicare Managed Care Plan","1874","","","","","","","fee schedule","1695.53","5354.29","APC"
"Deb musc/fascia 20 sq cm/<","11043","HCPCS","","","","","","","facility","outpatient","","","","","","Aetna","Medicare Managed Care Plan","822.62","","","","","","","fee schedule","758.73","2395.99","APC"
"Deb subq tissue 20 sq cm/<","11042","HCPCS","","","","","","","facility","outpatient","","","","","","Jefferson Health Plan","Health Partners Medicaid Managed Care/Aca Plan","1317.88","","","","","","","fee schedule","417.33","1317.88","APC"
"Debride nail 1-5","11720","HCPCS","","","","","","","facility","outpatient","","","","","","Aetna","All Commercial Plans","89.25","","","","","","","fee schedule","60.56","191.25","Radiology"
"Debride nail 1-5","11720","HCPCS","","","","","","","facility","outpatient","","","","","","Jefferson Health Plan","Health Partners Medicaid Managed Care/Aca Plan","191.25","","","","","","","fee schedule","60.56","191.25","APC"
"Declot vascular device","36593","HCPCS","","","","","","","facility","outpatient","","","","","","Healthspring","Medicare Managed Care Plan","356.94","","","","","","","fee schedule","339.09","1070.81","APC"
"Decompress eye socket","61330","HCPCS","","","","","","","facility","outpatient","","","","","","Bcbs","Highmark All Commercial Plans","5286.4","","","","","","","fee schedule","3403.64","10748.35","Radiology"
"Decompress eye socket","61330","HCPCS","","","","","","","facility","outpatient","","","","","","Bcbs","Highmark Wholecare Medicare Managed Care Plan","3941.06","","","","","","","fee schedule","3403.64","10748.35","APC"
"Decompress fingers/hand","26037","HCPCS","","","","","","","facility","outpatient","","","","","","Bcbs","Highmark All Commercial Plans","5217.1","","","","","","","fee schedule","3359.03","10607.46","Radiology"
"Decompress forearm 2 spaces","25024","HCPCS","","","","","","","facility","outpatient","","","","","","Aetna","All Commercial Plans","4950.15","","","","","","","fee schedule","3359.03","10607.46","Radiology"
"Decompress forearm 2 spaces","25024","HCPCS","","","","","","","facility","outpatient","","","","","","Aetna","Medicare Managed Care Plan","3641.9","","","","","","","fee schedule","3359.03","10607.46","APC"
"Decompress forearm 2 spaces","25024","HCPCS","","","","","","","facility","outpatient","","","","","","Ambetter","All Commercial Plans","5303.73","","","","","","","fee schedule","3359.03","10607.46","Radiology"
"Decompress forearm 2 spaces","25024","HCPCS","","","","","","","facility","outpatient","","","","","","Healthspring","Medicare Managed Care Plan","3535.82","","","","","","","fee schedule","3359.03","10607.46","APC"
"Decompress spinal cord thrc","63055","HCPCS","","","","","","","facility","outpatient","","","","","","Bcbs","Highmark All Commercial Plans","11569.81","","","","","","","fee schedule","7449.22","23523.84","Radiology"
"Decompress spinal cord thrc","63064","HCPCS","","","","","","","facility","outpatient","","","","","","Healthspring","Medicare Managed Care Plan","7841.28","","","","","","","fee schedule","7449.22","23523.84","APC"
"Decompression of leg","27894","HCPCS","","","","","","","facility","outpatient","","","","","","Bcbs","Highmark Medicare Managed Care Plan","3359.03","","","","","","","fee schedule","3359.03","10607.46","APC"
"Decompression of lower leg","27600","HCPCS","","","","","","","facility","outpatient","","","","","","Jefferson Health Plan","Health Partners Medicaid Managed Care/Aca Plan","10607.46","","","","","","","fee schedule","3359.03","10607.46","APC"
"Decompression of lower leg","27601","HCPCS","","","","","","","facility","outpatient","","","","","","Jefferson Health Plan","Health Partners Medicaid Managed Care/Aca Plan","10607.46","","","","","","","fee schedule","3359.03","10607.46","APC"
"Decompression of thigh/knee","27498","HCPCS","","","","","","","facility","outpatient","","","","","","Ambetter","All Commercial Plans","2606.47","","","","","","","fee schedule","1650.76","5212.93","Radiology"
"Decompression of thigh/knee","27498","HCPCS","","","","","","","facility","outpatient","","","","","","Bcbs","Highmark All Commercial Plans","2563.89","","","","","","","fee schedule","1650.76","5212.93","Radiology"
"Decompression of thigh/knee","27498","HCPCS","","","","","","","facility","outpatient","","","","","","Healthspring","Medicare Managed Care Plan","1737.64","","","","","","","fee schedule","1650.76","5212.93","APC"
"Decompression of thigh/knee","27498","HCPCS","","","","","","","facility","outpatient","","","","","","Jefferson Health Plan","Health Partners Medicaid Managed Care/Aca Plan","5212.93","","","","","","","fee schedule","1650.76","5212.93","APC"
"Deep Vein Thrombophlebitis With Cc/Mcc","294","MS-DRG","","","","","","","facility","inpatient","","","","","","Aetna","All Commercial Plans","","","[SNF-(% BC): 65] [Bariatric Surgery-Case Rate: 20177] [All Other IP (%BC): 86.5]","","","","0","other","","","No services performed during 15-month lookback period."
"Deep Vein Thrombophlebitis Without Cc/Mcc","295","MS-DRG","","","","","","","facility","inpatient","","","","","","Aetna - Nj","Better Health Medicaid Managed Care Plan","","","[Inpatient Services: Payer leverages state specific Medicaid payment methodology. Available, referenceable algorithm logic found here: https://www.nj.gov/health/hcf/]","","","","0","other","","","No services performed during 15-month lookback period."
"Deep Vein Thrombophlebitis Without Cc/Mcc","295","MS-DRG","","","","","","","facility","inpatient","","","","","","Healthspring","Medicare Managed Care Plan","","","[MSDRG Base Rate: FEE SCHEDULE]","","","","0","other","","","No services performed during 15-month lookback period."
"Deep Vein Thrombophlebitis","128","MS-DRG","","","","","","","facility","inpatient","","","","","","Amerihealth","Caritas Next Other Commercial Plan","","94","","","","","0","percent of total billed charges","","","No services performed during 15-month lookback period."
"Delay flap eye/nos/ear/lip","15630","HCPCS","","","","","","","facility","outpatient","","","","","","Bcbs","Highmark Medicare Managed Care Plan","2118.16","","","","","","","fee schedule","2118.16","6688.93","APC"
"Dental And Oral Diseases With Cc","158","MS-DRG","","","","","","","facility","inpatient","","","","","","Bcbs","Highmark All Commercial Plans","","","[Lesser Than Charges paid at %: 100] [MSDRG Base Rate: FEE SCHEDULE] [Normal Newborn-Per Diem: 6037.44] [Psych-Per Diem: 2159.84] [All Other IP (%BC): 85.44]","29775.9","12906.04","67486.55","1 through 10","other","","","Contracting method is an algorithm described in the 'standard_charges|algorithm' field. The allowed amount provided accounts for the structural rates, conditions, and utilization elements inherent in the payer’s algorithm."
"Dental And Oral Diseases With Cc","158","MS-DRG","","","","","","","facility","inpatient","","","","","","First Health","Delaware Medicaid Managed Care Plan","","","[Inpatient Services: Payer leverages state specific Medicaid payment methodology. Available, referenceable algorithm logic found here: https://medicaidpublications.dhss.delaware.gov/docs/search]","9097.24","9097.24","9097.24","1 through 10","other","","","Contracting method is an algorithm described in the 'standard_charges|algorithm' field. The allowed amount provided accounts for the structural rates, conditions, and utilization elements inherent in the payer’s algorithm."
"Dental And Oral Diseases With Mcc","157","MS-DRG","","","","","","","facility","inpatient","","","","","","Jefferson Health Plan","Health Partners Medicare Managed Care Plan","16498.85","","","","","","","fee schedule","14927.53","40344.8","MSDRG Base Rate"
"Dental And Oral Diseases Without Cc/Mcc","159","MS-DRG","","","","","","","facility","inpatient","","","","","","Ibc","Medicare Managed Care Plan","6757.61","","","","","","","fee schedule","6419.73","16649.75","MSDRG Base Rate"
"Dental bitewing single image","D0270","HCPCS","","","","","","","facility","outpatient","","","","","","Bcbs","Highmark All Commercial Plans","138.76","","","","","","","fee schedule","89.34","282.13","Radiology"
"Deoxyribonuclease antibody","86215","HCPCS","","","","","","","facility","outpatient","","","","","","Jefferson Health Plan","Health Partners Medicaid Managed Care/Aca Plan","39.75","","","","","","","fee schedule","8.61","39.75","APC"
"Depressive Neuroses","881","MS-DRG","","","","","","","facility","inpatient","","","","","","Bcbs","Highmark Health Options Medicaid Managed Care Plan","","","[Inpatient Services: Payer leverages state specific Medicaid payment methodology. Available, referenceable algorithm logic found here: https://medicaidpublications.dhss.delaware.gov/docs/search]","3300","3300","3300","1 through 10","other","","","Contracting method is an algorithm described in the 'standard_charges|algorithm' field. The allowed amount provided accounts for the structural rates, conditions, and utilization elements inherent in the payer’s algorithm."
"Derm autograft face/nck/hf/g","15135","HCPCS","","","","","","","facility","outpatient","","","","","","Aetna","All Commercial Plans","5361.24","","","","","","","fee schedule","3637.98","11488.36","Radiology"
"Dermabrasion total face","15780","HCPCS","","","","","","","facility","outpatient","","","","","","Bcbs","Highmark Health Options Medicare Managed Care Plan","3217.39","","","","","","","fee schedule","2981.98","9416.76","APC"
"Dermatological procedure","96999","HCPCS","","","","","","","facility","outpatient","","","","","","Ambetter","All Commercial Plans","325.22","","","","","","","fee schedule","205.97","650.43","Radiology"
"Design mlc device for imrt","77338","HCPCS","","","","","","","facility","outpatient","","","","","","Aetna","Medicare Managed Care Plan","416.76","","","","","","","fee schedule","384.39","1213.86","APC"
"Destroy lumb/sac facet jnt","64635","HCPCS","","","","","","","facility","outpatient","","","","","","Amerihealth","Medicare Managed Care Plan","2278.99","","","","","","","fee schedule","2004.66","6330.52","APC"
"Destroy nerve face muscle","64612","HCPCS","","","","","","","facility","outpatient","","","","","","Amerihealth","Caritas Next Other Commercial Plan","530.72","","","","","","","fee schedule","315.12","995.1","Radiology"
"Destroy nerve of eye muscle","67345","HCPCS","","","","","","","facility","outpatient","","","","","","Bcbs","Highmark Medicare Managed Care Plan","325.85","","","","","","","fee schedule","325.85","1028.99","APC"
"Destroy nerve of eye muscle","67345","HCPCS","","","","","","","facility","outpatient","","","","","","Jefferson Health Plan","Health Partners Medicare Managed Care Plan","360.15","","","","","","","fee schedule","325.85","1028.99","APC"
"Destroy premal lesions 15/>","17004","HCPCS","","","","","","","facility","outpatient","","","","","","Bcbs","Highmark Wholecare Medicare Managed Care Plan","483.22","","","","","","","fee schedule","417.33","1317.88","APC"
"Destroy vulva lesion/s compl","56515","HCPCS","","","","","","","facility","outpatient","","","","","","Bcbs","Highmark Health Options Medicare Managed Care Plan","2285.38","","","","","","","fee schedule","2118.16","6688.93","APC"
"Destroy vulva lesions sim","56501","HCPCS","","","","","","","facility","outpatient","","","","","","Jefferson Health Plan","Health Partners Medicare Managed Care Plan","2341.12","","","","","","","fee schedule","2118.16","6688.93","APC"
"Destruct b9 lesion 1-14","17110","HCPCS","","","","","","","facility","outpatient","","","","","","Jefferson Health Plan","Health Partners Medicaid Managed Care/Aca Plan","650.43","","","","","","","fee schedule","205.97","650.43","APC"
"Destruct premalg lesion","17000","HCPCS","","","","","","","facility","outpatient","","","","","","Ambetter","All Commercial Plans","325.22","","","","","","","fee schedule","205.97","650.43","Radiology"
"Destruct premalg lesion","17000","HCPCS","","","","","","","facility","outpatient","","","","","","Jefferson Health Plan","Health Partners Medicare Managed Care Plan","227.65","","","","","","","fee schedule","205.97","650.43","APC"
"Destruction anal lesion(s)","46900","HCPCS","","","","","","","facility","outpatient","","","","","","Bcbs","Highmark Health Options Medicare Managed Care Plan","450.27","","","","","","","fee schedule","417.33","1317.88","APC"
"Destruction anal lesion(s)","46924","HCPCS","","","","","","","facility","outpatient","","","","","","Healthspring","Medicare Managed Care Plan","2999.46","","","","","","","fee schedule","2849.49","8998.38","APC"
"Destruction ciliary body","66700","HCPCS","","","","","","","facility","outpatient","","","","","","Bcbs","Highmark Wholecare Medicare Managed Care Plan","2743.29","","","","","","","fee schedule","2369.21","7481.71","APC"
"Destruction ciliary body","66720","HCPCS","","","","","","","facility","outpatient","","","","","","Bcbs","Highmark All Commercial Plans","3790.83","","","","","","","fee schedule","2440.72","7707.54","Radiology"
"Destruction ciliary body","66740","HCPCS","","","","","","","facility","outpatient","","","","","","Bcbs","Highmark Health Options Medicare Managed Care Plan","2633.41","","","","","","","fee schedule","2440.72","7707.54","APC"
"Destruction of skin lesions","17266","HCPCS","","","","","","","facility","outpatient","","","","","","Ambetter","All Commercial Plans","658.94","","","","","","","fee schedule","417.33","1317.88","Radiology"
"Destruction of skin lesions","17270","HCPCS","","","","","","","facility","outpatient","","","","","","Aetna","Medicare Managed Care Plan","223.32","","","","","","","fee schedule","205.97","650.43","APC"
"Destruction of skin lesions","17273","HCPCS","","","","","","","facility","outpatient","","","","","","Amerihealth","Medicare Managed Care Plan","474.44","","","","","","","fee schedule","417.33","1317.88","APC"
"Destruction of skin lesions","17276","HCPCS","","","","","","","facility","outpatient","","","","","","Aetna","Medicare Managed Care Plan","452.47","","","","","","","fee schedule","417.33","1317.88","APC"
"Destruction of skin lesions","17284","HCPCS","","","","","","","facility","outpatient","","","","","","Amerihealth","Caritas Next Other Commercial Plan","1277.86","","","","","","","fee schedule","758.73","2395.99","Radiology"
"Destruction of skin lesions","17284","HCPCS","","","","","","","facility","outpatient","","","","","","Bcbs","Highmark All Commercial Plans","1178.43","","","","","","","fee schedule","758.73","2395.99","Radiology"
"Detect agent nos dna dir","87797","HCPCS","","","","","","","facility","outpatient","","","","","","Bcbs","Highmark Medicare Managed Care Plan","28.53","","","","","","","fee schedule","19.52","90.09","APC"
"Detect agent nos dna dir","87797","HCPCS","","","","","","","facility","outpatient","","","","","","Cigna","All Commercial Plans","19.52","","","","","","","fee schedule","19.52","90.09",""
"Detect agnt mult dna ampli","87801","HCPCS","","","","","","","facility","outpatient","","","","","","Aetna","All Commercial Plans","98.28","","","","","","","fee schedule","45.63","210.6","Radiology"
"Detect agnt mult dna ampli","87801","HCPCS","","","","","","","facility","outpatient","","","","","","Jefferson Health Plan","Health Partners Medicaid Managed Care/Aca Plan","210.6","","","","","","","fee schedule","45.63","210.6","APC"
"Dexamethasone panel","80420","HCPCS","","","","","","","facility","outpatient","","","","","","Aetna","All Commercial Plans","226.63","","","","","","","fee schedule","105.22","485.64","Radiology"
"Dgp antibody each ig class","86258","HCPCS","","","","","","","facility","outpatient","","","","","","Jefferson Health Plan","Health Partners Medicaid Managed Care/Aca Plan","36.15","","","","","","","fee schedule","11.45","36.15","APC"
"Di gnotyp slc4a1 exon 19","0183U","HCPCS","","","","","","","facility","outpatient","","","","","","Ambetter","All Commercial Plans","240.76","","","","","","","fee schedule","175.94","555.6","Laboratory"
"Di gnotyp slc4a1 exon 19","0183U","HCPCS","","","","","","","facility","outpatient","","","","","","Amerihealth","Caritas Next Other Commercial Plan","296.32","","","","","","","fee schedule","175.94","555.6","Radiology"
"Diab manage trn ind/group","G0109","HCPCS","","","","","","","facility","outpatient","","","","","","Jefferson Health Plan","Health Partners Medicare Managed Care Plan","16.75","","","","","","","fee schedule","15.15","47.85","APC"
"Diabetes With Cc","638","MS-DRG","","","","","","","facility","inpatient","","","","","","Healthspring","Medicare Managed Care Plan","","","[MSDRG Base Rate: FEE SCHEDULE]","7882.96","7882.96","7882.96","1 through 10","other","","","Contracting method is an algorithm described in the 'standard_charges|algorithm' field. The allowed amount provided accounts for the structural rates, conditions, and utilization elements inherent in the payer’s algorithm."
"Diabetes With Mcc","637","MS-DRG","","","","","","","facility","inpatient","","","","","","Unitedhealthcare","All Commercial Plans","","91","","","","","0","percent of total billed charges","","","No services performed during 15-month lookback period."
"Diagnostic colonoscopy","45378","HCPCS","","","","","","","facility","outpatient","","","","","","Amerihealth","Medicare Managed Care Plan","1085.33","","","","","","","fee schedule","954.69","3014.82","APC"
"Diagnostic laryngoscopy","31575","HCPCS","","","","","","","facility","outpatient","","","","","","Amerihealth","Medicare Managed Care Plan","232.96","","","","","","","fee schedule","204.92","647.1","APC"
"Dialysis one evaluation","90945","HCPCS","","","","","","","facility","outpatient","","","","","","Jefferson Health Plan","Health Partners Medicare Managed Care Plan","473.45","","","","","","","fee schedule","428.36","1352.72","APC"
"Diathermy eg microwave","97024","HCPCS","","","","","","","facility","outpatient","","","","","","Ambetter","All Commercial Plans","10.89","","","","","","","fee schedule","6.9","21.78","Radiology"
"Digestive Malignancy With Mcc","374","MS-DRG","","","","","","","facility","inpatient","","","","","","Amerihealth","Medicare Managed Care Plan","21017.29","","","","","","","fee schedule","18487.43","50259.45","MSDRG Base Rate"
"Digestive Malignancy With Mcc","374","MS-DRG","","","","","","","facility","inpatient","","","","","","Bcbs","Highmark All Commercial Plans","","","[Lesser Than Charges paid at %: 100] [MSDRG Base Rate: FEE SCHEDULE] [Normal Newborn-Per Diem: 6037.44] [Psych-Per Diem: 2159.84] [All Other IP (%BC): 85.44]","23228.35","23228.35","181856.57","1 through 10","other","","","Contracting method is an algorithm described in the 'standard_charges|algorithm' field. The allowed amount provided accounts for the structural rates, conditions, and utilization elements inherent in the payer’s algorithm."
"Digestive Malignancy With Mcc","374","MS-DRG","","","","","","","facility","inpatient","","","","","","Wellcare","Medicare Managed Care Plan","","","[MSDRG Base Rate: FEE SCHEDULE]","","","","0","other","","","No services performed during 15-month lookback period."
"Digestive Malignancy Without Cc/Mcc","376","MS-DRG","","","","","","","facility","inpatient","","","","","","Bcbs","Highmark Health Options Medicare Managed Care Plan","8891.18","","","","","","","fee schedule","8240.6","21721.05","MSDRG Base Rate"
"Dihydrotestosterone","82642","HCPCS","","","","","","","facility","outpatient","","","","","","Unitedhealthcare","All Commercial Plans","29.28","","","","","","","fee schedule","19.03","87.84",""
"Dilat xst trc ndurlgc px","50436","HCPCS","","","","","","","facility","outpatient","","","","","","Healthspring","Medicare Managed Care Plan","3809.2","","","","","","","fee schedule","3618.74","11427.6","APC"
"Dilate esophagus","43453","HCPCS","","","","","","","facility","outpatient","","","","","","Bcbs","Highmark Medicare Managed Care Plan","1969.95","","","","","","","fee schedule","1969.95","6220.88","APC"
"Dilate urethra stricture","53605","HCPCS","","","","","","","facility","outpatient","","","","","","Bcbs","Highmark All Commercial Plans","5620.47","","","","","","","fee schedule","3618.74","11427.6","Radiology"
"Dilate urethra stricture","53605","HCPCS","","","","","","","facility","outpatient","","","","","","Bcbs","Highmark Medicare Managed Care Plan","3618.74","","","","","","","fee schedule","3618.74","11427.6","APC"
"Dilation of urethra","53660","HCPCS","","","","","","","facility","outpatient","","","","","","Bcbs","Highmark All Commercial Plans","205.17","","","","","","","fee schedule","132.1","417.14","Radiology"
"Dilation of urethra","53661","HCPCS","","","","","","","facility","outpatient","","","","","","Amerihealth","Caritas Next Other Commercial Plan","230.04","","","","","","","fee schedule","136.59","431.33","Radiology"
"Diphtheria antibody","86648","HCPCS","","","","","","","facility","outpatient","","","","","","Jefferson Health Plan","Health Partners Medicare Managed Care Plan","15.97","","","","","","","fee schedule","9.89","45.63","APC"
"Discography cerv/thor spine","72285","HCPCS","","","","","","","facility","outpatient","","","","","","Aetna","Medicare Managed Care Plan","2173.48","","","","","","","fee schedule","2004.66","6330.52","APC"
"Discography cerv/thor spine","72285","HCPCS","","","","","","","facility","outpatient","","","","","","Amerihealth","Medicare Managed Care Plan","2278.99","","","","","","","fee schedule","2004.66","6330.52","APC"
"Discontinued Out-Patient Hospital/Ambulatory Surgery Center (ASC) Procedure After Administration of Anesthesia","","","","","","","","","facility","both","","","74","","","Aetna - DE","Better Health Medicaid Managed Care Plan","","","","","","","","","","","The modified price is presented in the standard charge value."
"Discontinued Out-Patient Hospital/Ambulatory Surgery Center (ASC) Procedure After Administration of Anesthesia","","","","","","","","","facility","both","","","74","","","Aetna - MD","Better Health Medicaid Managed Care Plan","","","","","","","","","","","The modified price is presented in the standard charge value."
"Disorders Of Liver Except Malignancy, Cirrhosis Or Alcoholic Hepatitis With Cc","442","MS-DRG","","","","","","","facility","inpatient","","","","","","Ambetter","All Commercial Plans","","91","","","","","0","percent of total billed charges","","","No services performed during 15-month lookback period."
"Disorders Of Liver Except Malignancy, Cirrhosis Or Alcoholic Hepatitis With Cc","442","MS-DRG","","","","","","","facility","inpatient","","","","","","First Health","Delaware Medicaid Managed Care Plan","","","[Inpatient Services: Payer leverages state specific Medicaid payment methodology. Available, referenceable algorithm logic found here: https://medicaidpublications.dhss.delaware.gov/docs/search]","","","","0","other","","","No services performed during 15-month lookback period."
"Disorders Of Liver Except Malignancy, Cirrhosis Or Alcoholic Hepatitis With Cc","442","MS-DRG","","","","","","","facility","inpatient","","","","","","Jefferson Health Plan","Health Partners Medicare Managed Care Plan","9490.39","","","","","","","fee schedule","8586.55","22684.55","MSDRG Base Rate"
"Disorders Of Liver Except Malignancy, Cirrhosis Or Alcoholic Hepatitis With Mcc","441","MS-DRG","","","","","","","facility","inpatient","","","","","","Aetna","All Commercial Plans","","","[SNF-(% BC): 65] [Bariatric Surgery-Case Rate: 20177] [All Other IP (%BC): 86.5]","56540.38","56540.38","56540.38","1 through 10","other","","","Contracting method is an algorithm described in the 'standard_charges|algorithm' field. The allowed amount provided accounts for the structural rates, conditions, and utilization elements inherent in the payer’s algorithm."
"Disorders Of Liver Except Malignancy, Cirrhosis Or Alcoholic Hepatitis Without Cc/Mcc","443","MS-DRG","","","","","","","facility","inpatient","","","","","","Ibc","Medicare Managed Care Plan","6679.45","","","","","","","fee schedule","6345.48","16442.95","MSDRG Base Rate"
"Disorders Of Pancreas Except Malignancy With Cc","439","MS-DRG","","","","","","","facility","inpatient","","","","","","Jefferson Health Plan","Health Partners Medicaid Managed Care/Aca Plan","","","[Inpatient Services: Payer leverages state specific Medicaid payment methodology. Available, referenceable algorithm logic found here: https://www.pa.gov/agencies/dhs/resources/for-providers] [MSDRG Base Rate: FEE SCHEDULE]","","","","0","other","","","No services performed during 15-month lookback period."
"Disorders Of Pancreas Except Malignancy With Mcc","438","MS-DRG","","","","","","","facility","inpatient","","","","","","Aetna","Medicare Managed Care Plan","","","[MSDRG Base Rate: FEE SCHEDULE] [Psych-Per Diem: 1065] [Rehab-Per Diem: 1598] [SNF-Per Diem: 365]","","","","0","other","","","No services performed during 15-month lookback period."
"Disorders Of Pancreas Except Malignancy Without Cc/Mcc","440","MS-DRG","","","","","","","facility","inpatient","","","","","","Aetna","All Commercial Plans","","","[SNF-(% BC): 65] [Bariatric Surgery-Case Rate: 20177] [All Other IP (%BC): 86.5]","","","","0","other","","","No services performed during 15-month lookback period."
"Disorders Of Personality And Impulse Control","883","MS-DRG","","","","","","","facility","inpatient","","","","","","Bcbs","Highmark Health Options Medicare Managed Care Plan","","","[MSDRG Base Rate: FEE SCHEDULE]","","","","0","other","","","No services performed during 15-month lookback period."
"Disorders Of Personality And Impulse Control","883","MS-DRG","","","","","","","facility","inpatient","","","","","","Bcbs","Highmark Wholecare Medicare Managed Care Plan","","","[MSDRG Base Rate: FEE SCHEDULE]","","","","0","other","","","No services performed during 15-month lookback period."
"Disorders Of The Biliary Tract With Cc","445","MS-DRG","","","","","","","facility","inpatient","","","","","","Ambetter","All Commercial Plans","","91","","","","","0","percent of total billed charges","","","No services performed during 15-month lookback period."
"Disorders Of The Biliary Tract Without Cc/Mcc","446","MS-DRG","","","","","","","facility","inpatient","","","","","","Aetna - Md","Better Health Medicaid Managed Care Plan","","","[Inpatient Services: Payer leverages state specific Medicaid payment methodology. Available, referenceable algorithm logic found here: https://health.maryland.gov/mmcp/provider/Pages/default.aspx]","","","","0","other","","","No services performed during 15-month lookback period."
"Disorders Of The Biliary Tract Without Cc/Mcc","446","MS-DRG","","","","","","","facility","inpatient","","","","","","Bcbs","Highmark Medicare Managed Care Plan","7422.13","","","","","","","fee schedule","7422.13","19441.55","MSDRG Base Rate"
"Dist revas ligation hemo","36838","HCPCS","","","","","","","facility","outpatient","","","","","","Bcbs","Highmark Medicare Managed Care Plan","5712.49","","","","","","","fee schedule","5712.49","18039.45","APC"
"Dmpk gene detc abnor allele","81234","HCPCS","","","","","","","facility","outpatient","","","","","","Ambetter","All Commercial Plans","205.5","","","","","","","fee schedule","89.05","411","Radiology"
"Dna/rna direct probe","87149","HCPCS","","","","","","","facility","outpatient","","","","","","Jefferson Health Plan","Health Partners Medicare Managed Care Plan","21.05","","","","","","","fee schedule","13.03","60.15","APC"
"Doppler flow testing","93990","HCPCS","","","","","","","facility","outpatient","","","","","","Bcbs","Highmark All Commercial Plans","166.69","","","","","","","fee schedule","107.33","338.93","Radiology"
"Doppler flow testing","93990","HCPCS","","","","","","","facility","outpatient","","","","","","Jefferson Health Plan","Health Partners Medicaid Managed Care/Aca Plan","338.93","","","","","","","fee schedule","107.33","338.93","APC"
"Dpyd gene common variants","81232","HCPCS","","","","","","","facility","outpatient","","","","","","Ambetter","All Commercial Plans","227.25","","","","","","","fee schedule","113.63","524.43","Laboratory"
"Drain bladder by trocar/cath","51101","HCPCS","","","","","","","facility","outpatient","","","","","","Aetna","All Commercial Plans","1299.17","","","","","","","fee schedule","881.58","2783.94","Radiology"
"Drain blood from under nail","11740","HCPCS","","","","","","","facility","outpatient","","","","","","Ambetter","All Commercial Plans","215.66","","","","","","","fee schedule","136.59","431.33","Radiology"
"Drain neck/chest lesion","21501","HCPCS","","","","","","","facility","outpatient","","","","","","Aetna","All Commercial Plans","4394.49","","","","","","","fee schedule","2981.98","9416.76","Radiology"
"Drain outer ear canal lesion","69020","HCPCS","","","","","","","facility","outpatient","","","","","","Amerihealth","Medicare Managed Care Plan","826.45","","","","","","","fee schedule","726.97","2295.69","APC"
"Drain thigh/knee lesion","27301","HCPCS","","","","","","","facility","outpatient","","","","","","Ambetter","All Commercial Plans","4708.38","","","","","","","fee schedule","2981.98","9416.76","Radiology"
"Drain/inj joint/bursa w/us","20606","HCPCS","","","","","","","facility","outpatient","","","","","","Bcbs","Highmark Health Options Medicare Managed Care Plan","781.87","","","","","","","fee schedule","724.66","2288.39","APC"
"Drainage lymph node lesion","38300","HCPCS","","","","","","","facility","outpatient","","","","","","Amerihealth","Medicare Managed Care Plan","3390.04","","","","","","","fee schedule","2981.98","9416.76","APC"
"Drainage lymph node lesion","38300","HCPCS","","","","","","","facility","outpatient","","","","","","Bcbs","Highmark All Commercial Plans","4631.48","","","","","","","fee schedule","2981.98","9416.76","Radiology"
"Drainage mouth roof lesion","42000","HCPCS","","","","","","","facility","outpatient","","","","","","Jefferson Health Plan","Health Partners Medicaid Managed Care/Aca Plan","767.84","","","","","","","fee schedule","243.15","767.84","APC"
"Drainage of bone lesion","21510","HCPCS","","","","","","","facility","outpatient","","","","","","Bcbs","Highmark Health Options Medicare Managed Care Plan","3624.22","","","","","","","fee schedule","3359.03","10607.46","APC"
"Drainage of bone lesion","27303","HCPCS","","","","","","","facility","outpatient","","","","","","Amerihealth","Caritas Next Other Commercial Plan","5657.31","","","","","","","fee schedule","3359.03","10607.46","Radiology"
"Drainage of eyelid abscess","67700","HCPCS","","","","","","","facility","outpatient","","","","","","Aetna","All Commercial Plans","480.2","","","","","","","fee schedule","325.85","1028.99","Radiology"
"Drainage of finger abscess","26010","HCPCS","","","","","","","facility","outpatient","","","","","","Amerihealth","Medicare Managed Care Plan","234.16","","","","","","","fee schedule","205.97","650.43","APC"
"Drainage of finger abscess","26011","HCPCS","","","","","","","facility","outpatient","","","","","","Amerihealth","Caritas Next Other Commercial Plan","2855.62","","","","","","","fee schedule","1695.53","5354.29","Radiology"
"Drainage of forearm bursa","25031","HCPCS","","","","","","","facility","outpatient","","","","","","Aetna","Medicare Managed Care Plan","1789.77","","","","","","","fee schedule","1650.76","5212.93","APC"
"Drainage of gum lesion","41800","HCPCS","","","","","","","facility","outpatient","","","","","","Bcbs","Highmark All Commercial Plans","212.14","","","","","","","fee schedule","136.59","431.33","Radiology"
"Drainage of hematoma/fluid","10140","HCPCS","","","","","","","facility","outpatient","","","","","","Bcbs","Highmark Health Options Medicare Managed Care Plan","1829.38","","","","","","","fee schedule","1695.53","5354.29","APC"
"Drainage of hip joint","27030","HCPCS","","","","","","","facility","outpatient","","","","","","Bcbs","Highmark Health Options Medicare Managed Care Plan","8037.31","","","","","","","fee schedule","7449.22","23523.84","APC"
"Drainage of hip joint","27030","HCPCS","","","","","","","facility","outpatient","","","","","","Jefferson Health Plan","Health Partners Medicare Managed Care Plan","8233.34","","","","","","","fee schedule","7449.22","23523.84","APC"
"Drainage of hydrocele","55000","HCPCS","","","","","","","facility","outpatient","","","","","","Bcbs","Highmark All Commercial Plans","1129.09","","","","","","","fee schedule","726.97","2295.69","Radiology"
"Drainage of hydrocele","55000","HCPCS","","","","","","","facility","outpatient","","","","","","Healthspring","Medicare Managed Care Plan","765.23","","","","","","","fee schedule","726.97","2295.69","APC"
"Drainage of kidney lesion","50390","HCPCS","","","","","","","facility","outpatient","","","","","","Bcbs","Highmark Medicare Managed Care Plan","726.97","","","","","","","fee schedule","726.97","2295.69","APC"
"Drainage of mouth lesion","40800","HCPCS","","","","","","","facility","outpatient","","","","","","Bcbs","Highmark Medicare Managed Care Plan","726.97","","","","","","","fee schedule","726.97","2295.69","APC"
"Drainage of mouth lesion","40801","HCPCS","","","","","","","facility","outpatient","","","","","","Aetna","All Commercial Plans","815.94","","","","","","","fee schedule","553.67","1748.44","Radiology"
"Drainage of mouth lesion","40801","HCPCS","","","","","","","facility","outpatient","","","","","","Aetna","Medicare Managed Care Plan","600.3","","","","","","","fee schedule","553.67","1748.44","APC"
"Drainage of mouth lesion","40801","HCPCS","","","","","","","facility","outpatient","","","","","","Bcbs","Highmark All Commercial Plans","859.94","","","","","","","fee schedule","553.67","1748.44","Radiology"
"Drainage of mouth lesion","40801","HCPCS","","","","","","","facility","outpatient","","","","","","Healthspring","Medicare Managed Care Plan","582.81","","","","","","","fee schedule","553.67","1748.44","APC"
"Drainage of mouth lesion","41006","HCPCS","","","","","","","facility","outpatient","","","","","","Bcbs","Highmark Medicare Managed Care Plan","1592.85","","","","","","","fee schedule","1592.85","5030.06","APC"
"Drainage of mouth lesion","41006","HCPCS","","","","","","","facility","outpatient","","","","","","Healthspring","Medicare Managed Care Plan","1676.69","","","","","","","fee schedule","1592.85","5030.06","APC"
"Drainage of mouth lesion","41009","HCPCS","","","","","","","facility","outpatient","","","","","","Ambetter","All Commercial Plans","874.22","","","","","","","fee schedule","553.67","1748.44","Radiology"
"Drainage of mouth lesion","41016","HCPCS","","","","","","","facility","outpatient","","","","","","Healthspring","Medicare Managed Care Plan","6397.14","","","","","","","fee schedule","6077.29","19191.43","APC"
"Drainage of ovarian cyst(s)","58800","HCPCS","","","","","","","facility","outpatient","","","","","","Amerihealth","Medicare Managed Care Plan","3777.98","","","","","","","fee schedule","3323.23","10494.4","APC"
"Drainage of pelvic abscess","57010","HCPCS","","","","","","","facility","outpatient","","","","","","Aetna","Medicare Managed Care Plan","3603.08","","","","","","","fee schedule","3323.23","10494.4","APC"
"Drainage of pelvic abscess","57010","HCPCS","","","","","","","facility","outpatient","","","","","","Bcbs","Highmark Wholecare Medicare Managed Care Plan","3847.95","","","","","","","fee schedule","3323.23","10494.4","APC"
"Drainage of pelvis lesion","26990","HCPCS","","","","","","","facility","outpatient","","","","","","Aetna","Medicare Managed Care Plan","3641.9","","","","","","","fee schedule","3359.03","10607.46","APC"
"Drainage of pilonidal cyst","10081","HCPCS","","","","","","","facility","outpatient","","","","","","Bcbs","Highmark All Commercial Plans","1129.09","","","","","","","fee schedule","726.97","2295.69","Radiology"
"Drainage of pilonidal cyst","10081","HCPCS","","","","","","","facility","outpatient","","","","","","Bcbs","Highmark Health Options Medicare Managed Care Plan","784.36","","","","","","","fee schedule","726.97","2295.69","APC"
"Drainage of salivary cyst","42409","HCPCS","","","","","","","facility","outpatient","","","","","","Bcbs","Highmark All Commercial Plans","5286.4","","","","","","","fee schedule","3403.64","10748.35","Radiology"
"Drainage of skin abscess","10060","HCPCS","","","","","","","facility","outpatient","","","","","","Jefferson Health Plan","Health Partners Medicare Managed Care Plan","227.65","","","","","","","fee schedule","205.97","650.43","APC"
"Drainage of tonsil abscess","42700","HCPCS","","","","","","","facility","outpatient","","","","","","Bcbs","Highmark Health Options Medicare Managed Care Plan","262.35","","","","","","","fee schedule","243.15","767.84","APC"
"Drainage of urethra abscess","53060","HCPCS","","","","","","","facility","outpatient","","","","","","Jefferson Health Plan","Health Partners Medicare Managed Care Plan","2371.88","","","","","","","fee schedule","2145.98","6776.79","APC"
"Drainage of urinary leakage","53080","HCPCS","","","","","","","facility","outpatient","","","","","","Jefferson Health Plan","Health Partners Medicaid Managed Care/Aca Plan","2260.56","","","","","","","fee schedule","715.84","2260.56","APC"
"Dress/debrid p-thick burn s","16020","HCPCS","","","","","","","facility","outpatient","","","","","","Bcbs","Highmark Health Options Medicare Managed Care Plan","222.23","","","","","","","fee schedule","205.97","650.43","APC"
"Dressing change not for burn","15852","HCPCS","","","","","","","facility","outpatient","","","","","","Jefferson Health Plan","Health Partners Medicaid Managed Care/Aca Plan","2395.99","","","","","","","fee schedule","758.73","2395.99","APC"
"Drug assay 120+ rx&metablt","0328U","HCPCS","","","","","","","facility","outpatient","","","","","","Amerihealth","Caritas Next Other Commercial Plan","114.43","","","","","","","fee schedule","108.71","343.29","Laboratory"
"Drug assay 120+ rx&metablt","0328U","HCPCS","","","","","","","facility","outpatient","","","","","","Bcbs","Highmark All Commercial Plans","168.84","","","","","","","fee schedule","108.71","343.29","Radiology"
"Drug assay caffeine","80155","HCPCS","","","","","","","facility","outpatient","","","","","","Bcbs","Highmark Medicare Managed Care Plan","36.64","","","","","","","fee schedule","25.07","115.71","APC"
"Drug assay felbamate","80167","HCPCS","","","","","","","facility","outpatient","","","","","","Aetna","Medicare Managed Care Plan","19.2","","","","","","","fee schedule","17.71","55.92","APC"
"Drug assay felbamate","80167","HCPCS","","","","","","","facility","outpatient","","","","","","First Health","Delaware Medicaid Managed Care Plan","20.5","","","","","","","fee schedule","17.71","55.92","Laboratory"
"Drug assay leflunomide","80193","HCPCS","","","","","","","facility","outpatient","","","","","","Bcbs","Highmark Health Options Medicare Managed Care Plan","39.53","","","","","","","fee schedule","36.64","115.71","APC"
"Drug assay posaconazole","80187","HCPCS","","","","","","","facility","outpatient","","","","","","Amerihealth","Caritas Next Other Commercial Plan","27.11","","","","","","","fee schedule","17.62","81.33","Laboratory"
"Drug assay posaconazole","80187","HCPCS","","","","","","","facility","outpatient","","","","","","Bcbs","Highmark Health Options Medicare Managed Care Plan","27.79","","","","","","","fee schedule","17.62","81.33","APC"
"Drug assay posaconazole","80187","HCPCS","","","","","","","facility","outpatient","","","","","","Unitedhealthcare","All Commercial Plans","27.11","","","","","","","fee schedule","17.62","81.33",""
"Drug assay rufinamide","80210","HCPCS","","","","","","","facility","outpatient","","","","","","Aetna","Medicare Managed Care Plan","27.92","","","","","","","fee schedule","25.75","81.33","APC"
"Drug assay rufinamide","80210","HCPCS","","","","","","","facility","outpatient","","","","","","Ambetter","All Commercial Plans","40.66","","","","","","","fee schedule","25.75","81.33","Radiology"
"Drug assay vedolizumab","80280","HCPCS","","","","","","","facility","outpatient","","","","","","Aetna","Medicare Managed Care Plan","39.73","","","","","","","fee schedule","25.07","115.71","APC"
"Drug screen quan lamotrigine","80175","HCPCS","","","","","","","facility","outpatient","","","","","","Aetna","Medicare Managed Care Plan","13.65","","","","","","","fee schedule","8.61","39.75","APC"
"Drug screen quant zonisamide","80203","HCPCS","","","","","","","facility","outpatient","","","","","","Aetna","All Commercial Plans","18.55","","","","","","","fee schedule","8.61","39.75","Radiology"
"Drug screen quant zonisamide","80203","HCPCS","","","","","","","facility","outpatient","","","","","","Jefferson Health Plan","Health Partners Medicaid Managed Care/Aca Plan","39.75","","","","","","","fee schedule","8.61","39.75","APC"
"Drug test def 15-21 classes","G0482","HCPCS","","","","","","","facility","outpatient","","","","","","Bcbs","Highmark All Commercial Plans","293.24","","","","","","","fee schedule","101.78","596.22","Radiology"
"Drug test prsmv chem anlyzr","80307","HCPCS","","","","","","","facility","outpatient","","","","","","Unitedhealthcare","All Commercial Plans","62.14","","","","","","","fee schedule","40.39","186.42",""
"Dstrj neurofibroma xtnsv","0419T","HCPCS","","","","","","","facility","outpatient","","","","","","Jefferson Health Plan","Health Partners Medicaid Managed Care/Aca Plan","2395.99","","","","","","","fee schedule","758.73","2395.99","APC"
"Duodenal motility study","91022","HCPCS","","","","","","","facility","outpatient","","","","","","Jefferson Health Plan","Health Partners Medicare Managed Care Plan","423.41","","","","","","","fee schedule","383.08","1209.74","APC"
"Dx aly aud oi snd prcsr 1st","92622","HCPCS","","","","","","","facility","outpatient","","","","","","Bcbs","Highmark All Commercial Plans","205.17","","","","","","","fee schedule","132.1","417.14","Radiology"
"Dx bronchoscope/brush","31623","HCPCS","","","","","","","facility","outpatient","","","","","","Healthspring","Medicare Managed Care Plan","1923.41","","","","","","","fee schedule","1827.24","5770.23","APC"
"Dx duod intub w/asp specs","43757","HCPCS","","","","","","","facility","outpatient","","","","","","Ambetter","All Commercial Plans","1470.17","","","","","","","fee schedule","931.11","2940.35","Radiology"
"Dx gastr intub w/asp specs","43755","HCPCS","","","","","","","facility","outpatient","","","","","","Amerihealth","Caritas Next Other Commercial Plan","222.48","","","","","","","fee schedule","132.1","417.14","Radiology"
"Dx laryngoscopy excl nb","31525","HCPCS","","","","","","","facility","outpatient","","","","","","Jefferson Health Plan","Health Partners Medicaid Managed Care/Aca Plan","5770.23","","","","","","","fee schedule","1827.24","5770.23","APC"
"Dx mammo incl cad uni","77065","HCPCS","","","","","","","facility","outpatient","","","","","","Cigna","All Commercial Plans","154.47","","","","","","","fee schedule","154.47","158.67",""
"Dxa bone density axial","77080","HCPCS","","","","","","","facility","outpatient","","","","","","Amerihealth","Medicare Managed Care Plan","122.01","","","","","","","fee schedule","107.33","338.93","APC"
"E coli 0157 ag ia","87335","HCPCS","","","","","","","facility","outpatient","","","","","","Ambetter","All Commercial Plans","18.99","","","","","","","fee schedule","8.23","37.98","Radiology"
"EBV PCR QUANT","CYGNRN2721","CDM","306","RC","87799","HCPCS","","","facility","both","","","","262.79","262.79","","","","","","","","","","","","","Gross Charge Type: Main Acute Price List"
"ECG,ROUTINE,TRACING ONLY","EkggWm1015","CDM","730","RC","93005","HCPCS","","","facility","both","","","","155.16","155.16","","","","","","","","","","","","","Gross Charge Type: Main Acute Price List"
"ECG,SCREENING IPE,INTERTERP & REPORT PF","CdnqPf502125","CDM","985","RC","G0405","HCPCS","","","facility","both","","","","95.75","95.75","","","","","","","","","","","","","Gross Charge Type: Main Acute Price List"
"ECG/signal-averaged","93278","HCPCS","","","","","","","facility","outpatient","","","","","","Amerihealth","Medicare Managed Care Plan","68.85","","","","","","","fee schedule","60.56","191.25","APC"
"ECHO,TRANSESOPHAGEAL,2D,W/O CONT GLB","Ccsm655271","CDM","483","RC","93312","HCPCS","","","facility","both","","","","1122.44","1122.44","","","","","","","","","","","","","Gross Charge Type: Acute Price List Echo Services"
"ECHO,TRANSESOPHAGEAL,2D,W/O CONT GLB","Wilm505271","CDM","483","RC","93312","HCPCS","","","facility","both","","","","1122.44","1122.44","","","","","","","","","","","","","Gross Charge Type: Acute Price List Echo Services"
"ECHO,TRANSESOPHAGEAL,2D,W/O CONT PF","CdpkPf502109","CDM","960","RC","93312","HCPCS","","","facility","both","","","26","1148.97","1148.97","","","","","","","","","","","","","Gross Charge Type: Main Acute Price List | The modified price is presented in the standard charge value. | Modifier 26: Professional Component"
"ECHO,TRANSTHOR,2D,COMP,WO CONTRAST GLB","Cdnq501163","CDM","483","RC","93306","HCPCS","","","facility","both","","","","3859.23","3859.23","","","","","","","","","","","","","Gross Charge Type: Main Acute Price List"
"ECHO,TRANSTHOR,2D,COMP,WO CONTRAST PF","CDM1P502163","CDM","960","RC","93306","HCPCS","","","facility","both","","","26","1050.48","1050.48","","","","","","","","","","","","","Gross Charge Type: Acute Price List Echo Services | The modified price is presented in the standard charge value. | Modifier 26: Professional Component"
"ECHO,TRANSTHOR,2D,COMP,WO CONTRAST PF","WilmPf502163","CDM","960","RC","93306","HCPCS","","","facility","both","","","26","1982.03","1982.03","","","","","","","","","","","","","Gross Charge Type: Main Acute Price List | The modified price is presented in the standard charge value. | Modifier 26: Professional Component"
"ECHO,TRANSTHOR,2D,LIMITED,WO CON GLB","Chrs491159","CDM","483","RC","93308","HCPCS","","","facility","both","","","","464.49","464.49","","","","","","","","","","","","","Gross Charge Type: Acute Price List Echo Services"
"ECHO,TRANSTHOR,2D,LIMITED,WO CON GLB","Chrs501159","CDM","483","RC","93308","HCPCS","","","facility","both","","","","464.49","464.49","","","","","","","","","","","","","Gross Charge Type: Acute Price List Echo Services"
"ECHO,TRANSTHOR,2D,LIMITED,WO CON PF","EmerMeP93308","CDM","960","RC","93308","HCPCS","","","facility","both","","","26","700.98","700.98","","","","","","","","","","","","","Gross Charge Type: Main Acute Price List | The modified price is presented in the standard charge value. | Modifier 26: Professional Component"
"ECHO,TRANSTHOR,2D,W STRESS TEST,W EKG GLB","CDAV501183","CDM","483","RC","93351","HCPCS","","","facility","both","","","","3921.45","3921.45","","","","","","","","","","","","","Gross Charge Type: Main Acute Price List"
"ECHO,TRANSTHOR,2D,W STRESS TEST,W EKG GLB","Cdcp501183","CDM","483","RC","93351","HCPCS","","","facility","both","","","","2078.73","2078.73","","","","","","","","","","","","","Gross Charge Type: Acute Price List Echo Services"
"ECHO,TRANSTHOR,2D,W STRESS TEST,W EKG PF","ChrsPf502183","CDM","960","RC","93351","HCPCS","","","facility","both","","","26","958.17","958.17","","","","","","","","","","","","","Gross Charge Type: Main Acute Price List | The modified price is presented in the standard charge value. | Modifier 26: Professional Component"
"EEG,EXTENDED MON,NEO-NATAL,PORTABLE GLB","EeggWm1253","CDM","740","RC","95812","HCPCS","","","facility","both","","","","1882.81","1882.81","","","","","","","","","","","","","Gross Charge Type: Main Acute Price List"
"EGD,US,TRANSMURAL INJ/MARKER PP","43253","CDM","983","RC","43253","HCPCS","","","facility","both","","","","943.02","943.02","","","","","","","","","","","","","Gross Charge Type: Main Acute Price List"
"EGGCRATE, NEONATE, 12 X 4","PdrhCh212882","CDM","270","RC","","","","","facility","both","","","","58.01","58.01","","","","","","","","","","","","","Gross Charge Type: Main Acute Price List"
"EKG tracing for initial prev","G0404","HCPCS","","","","","","","facility","outpatient","","","","","","Jefferson Health Plan","Health Partners Medicare Managed Care Plan","32.82","","","","","","","fee schedule","29.69","93.77","APC"
"ELBOW EXTENSION","OcthFk1782","CDM","270","RC","","","","","facility","both","","","","125.1","125.1","","","","","","","","","","","","","Gross Charge Type: Main Acute Price List"
"ELBOW EXTENSION","OcthWo1782","CDM","270","RC","","","","","facility","both","","","","125.1","125.1","","","","","","","","","","","","","Gross Charge Type: Main Acute Price List"
"ELECT ANAYLS IMPLNT INTRATHCL/EDRL PUMPW/REPROGRAM GLP","Wilm54281020","CDM","361","RC","62368","HCPCS","","","facility","both","","","","572.11","572.11","","","","","","","","","","","","","Gross Charge Type: Main Acute Price List"
"ELECTRODE, 26FR CUTTING LOOP","OperWmSup203491","CDM","270","RC","","","","","facility","both","","","","505.91","505.91","","","","","","","","","","","","","Gross Charge Type: Main Acute Price List"
"ELECTRODE, 26FR CUTTING LOOP","ScpuWmSup203491","CDM","270","RC","","","","","facility","both","","","","505.91","505.91","","","","","","","","","","","","","Gross Charge Type: Main Acute Price List"
"ELECTRODE, 28FR ROLLER BALL","GastChSup203498","CDM","270","RC","","","","","facility","both","","","","816.37","816.37","","","","","","","","","","","","","Gross Charge Type: Main Acute Price List"
"ELECTRODE, 28FR ROLLER BALL","PacuChSup203498","CDM","270","RC","","","","","facility","both","","","","816.37","816.37","","","","","","","","","","","","","Gross Charge Type: Main Acute Price List"
"ELECTRODE, ACMI SUPERLOOP PK WIRE LOOP TIP","OperChSup114521","CDM","272","RC","","","","","facility","both","","","","2942.8","2942.8","","","","","","","","","","","","","Gross Charge Type: Main Acute Price List"
"ELECTRODE, BALL TIP 6FR","ScpuChSup9702","CDM","270","RC","","","","","facility","both","","","","918.43","918.43","","","","","","","","","","","","","Gross Charge Type: Main Acute Price List"
"ELECTRODE, BIVAP BIPO 21 FR","AnesWmSup112287","CDM","272","RC","","","","","facility","both","","","","2237.59","2237.59","","","","","","","","","","","","","Gross Charge Type: Main Acute Price List"
"ELECTRODE, BIVAP BIPO 21 FR","AngiChSup112287","CDM","272","RC","","","","","facility","both","","","","2237.59","2237.59","","","","","","","","","","","","","Gross Charge Type: Main Acute Price List"
"ELECTRODE, DISPOSABLE","Chrs5442559","CDM","272","RC","","","","","facility","both","","","","0.33","0.33","","","","","","","","","","","","","Gross Charge Type: Main Acute Price List"
"ELECTRODE, DISPOSABLE","GastWmSup42559","CDM","272","RC","","","","","facility","both","","","","0.33","0.33","","","","","","","","","","","","","Gross Charge Type: Main Acute Price List"
"ELECTRODE, DISPOSABLE","ScanChSup42559","CDM","272","RC","","","","","facility","both","","","","0.33","0.33","","","","","","","","","","","","","Gross Charge Type: Main Acute Price List"
"ELECTRODE, ELECTROSURGICAL EDGE 0.2IN ACTIVE 4IN BLADE ADHESIVE TIP INSULATED PTFE LATEX-FREE STERILE","EplbChSup120990","CDM","272","RC","","","","","facility","both","","","","30.7","30.7","","","","","","","","","","","","","Gross Charge Type: Main Acute Price List"
"ELECTRODE, LLETZ BALL 5MM","PacuWmSup94129","CDM","270","RC","","","","","facility","both","","","","33.61","33.61","","","","","","","","","","","","","Gross Charge Type: Main Acute Price List"
"ELECTRODE, LLETZ MEDIUM LOOP","PacuWmSup95044","CDM","270","RC","","","","","facility","both","","","","72.93","72.93","","","","","","","","","","","","","Gross Charge Type: Main Acute Price List"
"ELECTRODE, LLETZ MEDIUM LOOP","ScanChSup95044","CDM","270","RC","","","","","facility","both","","","","72.93","72.93","","","","","","","","","","","","","Gross Charge Type: Main Acute Price List"
"ELECTRODE, LOOP 24FR","EplbChSup20557","CDM","270","RC","","","","","facility","both","","","","854.12","854.12","","","","","","","","","","","","","Gross Charge Type: Main Acute Price List"
"ELECTRODE, LOOP 24FR","PacuChSup20557","CDM","270","RC","","","","","facility","both","","","","854.12","854.12","","","","","","","","","","","","","Gross Charge Type: Main Acute Price List"
"ELECTRODE, LOOP DISP. 20X12MM","ScpuWmSup92046","CDM","270","RC","","","","","facility","both","","","","72.93","72.93","","","","","","","","","","","","","Gross Charge Type: Main Acute Price List"
"ELECTRODE, LOOP SMALL 10X11CM","OperChSup101158","CDM","270","RC","","","","","facility","both","","","","72.93","72.93","","","","","","","","","","","","","Gross Charge Type: Main Acute Price List"
"ELECTRODE, PROTECTED PIN PAIRED SUBDERMAL","Chrs3131578","CDM","270","RC","","","","","facility","both","","","","766.2","766.2","","","","","","","","","","","","","Gross Charge Type: Main Acute Price List"
"ELECTRODE, RESECTION LOOP LONG 24FR","AnesWmSup64797","CDM","272","RC","","","","","facility","both","","","","1034.06","1034.06","","","","","","","","","","","","","Gross Charge Type: Main Acute Price List"
"ELECTRODE, RESECTION ROLLER 24-48FR","ScanWmSup38257","CDM","272","RC","","","","","facility","both","","","","811.03","811.03","","","","","","","","","","","","","Gross Charge Type: Main Acute Price List"
"ELECTRODE, RF CANNULA CURVED  100MM 22GA","DelrChSup79822","CDM","272","RC","","","","","facility","both","","","","86.24","86.24","","","","","","","","","","","","","Gross Charge Type: Main Acute Price List"
"ELECTRODE, RF CANNULA CURVED 10MM TIP 22GA","AnesChSup79718","CDM","272","RC","","","","","facility","both","","","","81.09","81.09","","","","","","","","","","","","","Gross Charge Type: Main Acute Price List"
"ELECTRODE, RF CANNULA CURVED 10MM TIP 22GA","AnesWmSup79718","CDM","272","RC","","","","","facility","both","","","","81.09","81.09","","","","","","","","","","","","","Gross Charge Type: Main Acute Price List"
"ELECTRODE, RF CANNULA CURVED 10MM TIP 22GA","ScpuWmSup79718","CDM","272","RC","","","","","facility","both","","","","81.09","81.09","","","","","","","","","","","","","Gross Charge Type: Main Acute Price List"
"ELECTRODE, RF CANNULA CURVED 150MM 20GA","PacuChSup79719","CDM","272","RC","","","","","facility","both","","","","86.24","86.24","","","","","","","","","","","","","Gross Charge Type: Main Acute Price List"
"ELECTRODE, RF THERMOCOUPLE 5CM","DelrChSup79716","CDM","272","RC","","","","","facility","both","","","","463.36","463.36","","","","","","","","","","","","","Gross Charge Type: Main Acute Price List"
"ELECTRODE, VAPORTOME - GROOVED","CspuChSup203996","CDM","270","RC","","","","","facility","both","","","","1213.05","1213.05","","","","","","","","","","","","","Gross Charge Type: Main Acute Price List"
"ELECTRODE, VAPORTOME - GROOVED","ScanChSup203996","CDM","270","RC","","","","","facility","both","","","","1213.05","1213.05","","","","","","","","","","","","","Gross Charge Type: Main Acute Price List"
"ELECTRODE,RESECTION ROLL BALL 24FR 12-DEG","ScorWmSup64796","CDM","272","RC","","","","","facility","both","","","","1034.06","1034.06","","","","","","","","","","","","","Gross Charge Type: Main Acute Price List"
"EMBOLIZ,VAS,,HEMORR/LYMP EXTRAVAS","CcthCh1078","CDM","361","RC","37244","HCPCS","","","facility","both","","","","22844.41","22844.41","","","","","","","","","","","","","Gross Charge Type: Main Acute Price List"
"EMG,2 EXTREMITIES,W/WO PARASPINAL GLB","EmggWm1320","CDM","922","RC","95861","HCPCS","","","facility","both","","","","493.42","493.42","","","","","","","","","","","","","Gross Charge Type: Main Acute Price List"
"EMG,CRANIAL NERVE MUSCLE(S),BIL PF","EmggChPf1529","CDM","977","RC","95868","HCPCS","","","facility","both","","","26","122.32","122.32","","","","","","","","","","","","","Gross Charge Type: Main Acute Price List | The modified price is presented in the standard charge value. | Modifier 26: Professional Component"
"EMG,CRANIAL NERVE MUSCLE(S),UNIL PF","NemgNsPf1525","CDM","977","RC","95867","HCPCS","","","facility","both","","","26","148.16","148.16","","","","","","","","","","","","","Gross Charge Type: Main Acute Price List | The modified price is presented in the standard charge value. | Modifier 26: Professional Component"
"EMG,THORACIC PARASPINAL MUSCLES GLB","NemgNs1343","CDM","922","RC","95869","HCPCS","","","facility","both","","","","206.87","206.87","","","","","","","","","","","","","Gross Charge Type: Main Acute Price List"
"ENDCAP, HUMERAL +2MM","GastChSup106944","CDM","278","RC","C1713","HCPCS","","","facility","both","","","","2206.73","2206.73","","","","","","","","","","","","","Gross Charge Type: Main Acute Price List"
"ENDCAP, T2 ALPHA TIBIA SYSTEM LOWER EXTREMITY 08, +0MM","AnesWmSup106673","CDM","278","RC","C1713","HCPCS","","","facility","both","","","","1004.19","1004.19","","","","","","","","","","","","","Gross Charge Type: Main Acute Price List"
"ENDCAP, T2 ALPHA TIBIA SYSTEM LOWER EXTREMITY 08, +0MM","OperWmSup106673","CDM","278","RC","C1713","HCPCS","","","facility","both","","","","1004.19","1004.19","","","","","","","","","","","","","Gross Charge Type: Main Acute Price List"
"ENDCAP, X CORE TI 18X50 4 DEGREE 18MM","AnesChSup111182","CDM","278","RC","C1713","HCPCS","","","facility","both","","","","6950.34","6950.34","","","","","","","","","","","","","Gross Charge Type: Main Acute Price List"
"ENDCAP, X CORE TI 18X50 8 DEGREE 18MM","DelrChSup111183","CDM","278","RC","C1713","HCPCS","","","facility","both","","","","6950.34","6950.34","","","","","","","","","","","","","Gross Charge Type: Main Acute Price List"
"ENDCAP, X-CORE2 MINI PARALLEL ROUND 14MM","CcthChSup74563","CDM","278","RC","","","","","facility","both","","","","6452.33","6452.33","","","","","","","","","","","","","Gross Charge Type: Main Acute Price List"
"ENDCAP, X-CORE2 MINI PARALLEL ROUND 14MM","CspuChSup74563","CDM","278","RC","","","","","facility","both","","","","6452.33","6452.33","","","","","","","","","","","","","Gross Charge Type: Main Acute Price List"
"ENDCAP, XCORE 2 TI 18X30MM 4 DEGREE","AnesWmSup112688","CDM","278","RC","C1821","HCPCS","","","facility","both","","","","6950.34","6950.34","","","","","","","","","","","","","Gross Charge Type: Main Acute Price List"
"ENDO STITCH, DISP 10MM","ScanChSup104212","CDM","270","RC","","","","","facility","both","","","","679.92","679.92","","","","","","","","","","","","","Gross Charge Type: Main Acute Price List"
"ENDOPROSTHESIS,  EXCLUDER AAA CONTRALATERAL LEG 14.5X12CM","AngiChSup72720","CDM","278","RC","C1874","HCPCS","","","facility","both","","","","27102.86","27102.86","","","","","","","","","","","","","Gross Charge Type: Main Acute Price List"
"ENDOPROSTHESIS,  EXCLUDER AAA CONTRALATERAL LEG 14.5X12CM","GastChSup72720","CDM","278","RC","C1874","HCPCS","","","facility","both","","","","27102.86","27102.86","","","","","","","","","","","","","Gross Charge Type: Main Acute Price List"
"ENDOPROSTHESIS, AAA EXCLUDER 14.5MMX14CM","GyscChSup74750","CDM","278","RC","C1874","HCPCS","","","facility","both","","","","27102.86","27102.86","","","","","","","","","","","","","Gross Charge Type: Main Acute Price List"
"ENDOPROSTHESIS, CONTRALATERL LEG EXCLUDER 23MMX10CM","DelrChSup66545","CDM","278","RC","C1874","HCPCS","","","facility","both","","","","27102.86","27102.86","","","","","","","","","","","","","Gross Charge Type: Main Acute Price List"
"ENDOPROSTHESIS, CONTRALATERL LEG EXCLUDER 23MMX10CM","GastWmSup66545","CDM","278","RC","C1874","HCPCS","","","facility","both","","","","27102.86","27102.86","","","","","","","","","","","","","Gross Charge Type: Main Acute Price List"
"ENDOPROSTHESIS, EXCLUDER 12MMX10CM","CspuChSup73250","CDM","278","RC","C1874","HCPCS","","","facility","both","","","","27102.86","27102.86","","","","","","","","","","","","","Gross Charge Type: Main Acute Price List"
"ENDOPROSTHESIS, EXCLUDER AAA CONTRALAT LEG 16MMX13.5CM","ScorChSup72285","CDM","278","RC","C1874","HCPCS","","","facility","both","","","","27102.86","27102.86","","","","","","","","","","","","","Gross Charge Type: Main Acute Price List"
"ENDOPROSTHESIS, EXCLUDER AAA CONTRALAT LEG 16MMX9.5CM","DelrChSup68735","CDM","278","RC","C1874","HCPCS","","","facility","both","","","","27102.86","27102.86","","","","","","","","","","","","","Gross Charge Type: Main Acute Price List"
"ENDOPROSTHESIS, EXCLUDER AORTIC EXTENDER LP 12MMX12CM","DelrChSup76284","CDM","278","RC","C1874","HCPCS","","","facility","both","","","","27102.86","27102.86","","","","","","","","","","","","","Gross Charge Type: Main Acute Price List"
"ENDOPROSTHESIS, EXCLUDER AORTIC EXTENDER LP 12MMX14CM","OperChSup76285","CDM","278","RC","C1874","HCPCS","","","facility","both","","","","27102.86","27102.86","","","","","","","","","","","","","Gross Charge Type: Main Acute Price List"
"ENDOPROSTHESIS, EXCLUDER AORTIC EXTENDER LP 23MMX12CM","PacuWmSup76286","CDM","278","RC","C1874","HCPCS","","","facility","both","","","","27102.86","27102.86","","","","","","","","","","","","","Gross Charge Type: Main Acute Price List"
"ENDOPROSTHESIS, EXCLUDER AORTIC EXTENDER LP 23MMX12CM","ScpuWmSup76286","CDM","278","RC","C1874","HCPCS","","","facility","both","","","","27102.86","27102.86","","","","","","","","","","","","","Gross Charge Type: Main Acute Price List"
"ENDOPROSTHESIS, EXCLUDER C3 23X12X16CM","AnesWmSup77928","CDM","278","RC","","","","","facility","both","","","","62263.46","62263.46","","","","","","","","","","","","","Gross Charge Type: Main Acute Price List"
"ENDOPROSTHESIS, EXCLUDER C3 23X12X16CM","ScanChSup77928","CDM","278","RC","","","","","facility","both","","","","62263.46","62263.46","","","","","","","","","","","","","Gross Charge Type: Main Acute Price List"
"ENDOPROSTHESIS, EXCLUDER CONFORM AAA EXT 28MM X 4.5CM 16FR","PacuChSup111740","CDM","278","RC","C1874","HCPCS","","","facility","both","","","","25137.06","25137.06","","","","","","","","","","","","","Gross Charge Type: Main Acute Price List"
"ENDOPROSTHESIS, EXCLUDER CONFORM AAA EXT 28MM X 4.5CM 16FR","ScanWmSup111740","CDM","278","RC","C1874","HCPCS","","","facility","both","","","","25137.06","25137.06","","","","","","","","","","","","","Gross Charge Type: Main Acute Price List"
"ENDOPROSTHESIS, EXCLUDER CONFORM AAA EXT 28MM X 4.5CM 16FR","ScpuChSup111740","CDM","278","RC","C1874","HCPCS","","","facility","both","","","","25137.06","25137.06","","","","","","","","","","","","","Gross Charge Type: Main Acute Price List"
"ENDOPROSTHESIS, EXCLUDER CONFORM AAA EXT 32MM X 4.5CM 18FR","EplbChSup111741","CDM","278","RC","C1874","HCPCS","","","facility","both","","","","26733.27","26733.27","","","","","","","","","","","","","Gross Charge Type: Main Acute Price List"
"ENDOPROSTHESIS, EXCLUDER CONFORM AAA EXT 32MM X 4.5CM 18FR","OperChSup111741","CDM","278","RC","C1874","HCPCS","","","facility","both","","","","26733.27","26733.27","","","","","","","","","","","","","Gross Charge Type: Main Acute Price List"
"ENDOPROSTHESIS, EXCLUDER CONFORM AAA EXT 32MM X 4.5CM 18FR","ScanChSup111741","CDM","278","RC","C1874","HCPCS","","","facility","both","","","","26733.27","26733.27","","","","","","","","","","","","","Gross Charge Type: Main Acute Price List"
"ENDOPROSTHESIS, EXCLUDER CONTRALATERAL LEG 27MMX10CM","ScpuChSup61675","CDM","278","RC","C1874","HCPCS","","","facility","both","","","","27102.86","27102.86","","","","","","","","","","","","","Gross Charge Type: Main Acute Price List"
"ENDOPROSTHESIS, EXCLUDER HC 16X10X7 FA","CspuChSup67387","CDM","278","RC","","","","","facility","both","","","","18941.2","18941.2","","","","","","","","","","","","","Gross Charge Type: Main Acute Price List"
"ENDOPROSTHESIS, EXCLUDER IBC  23X10X10 FA","CLDRChSup77814","CDM","278","RC","","","","","facility","both","","","","62263.46","62263.46","","","","","","","","","","","","","Gross Charge Type: Main Acute Price List"
"ENDOPROSTHESIS, EXCLUDER IBC  23X10X10 FA","GyscChSup77814","CDM","278","RC","","","","","facility","both","","","","62263.46","62263.46","","","","","","","","","","","","","Gross Charge Type: Main Acute Price List"
"ENDOPROSTHESIS, EXCLUDER IBC  23X14X10 FA","CspuChSup69127","CDM","278","RC","C1874","HCPCS","","","facility","both","","","","66217.19","66217.19","","","","","","","","","","","","","Gross Charge Type: Main Acute Price List"
"ENDOPROSTHESIS, EXCLUDER IBC 23X12X10 FA","PacuChSup67386","CDM","278","RC","C1874","HCPCS","","","facility","both","","","","66217.19","66217.19","","","","","","","","","","","","","Gross Charge Type: Main Acute Price List"
"ENDOPROSTHESIS, EXCLUDER ILIAC COMPONENT 14.5MMX7CM","Chrs5471177","CDM","278","RC","C1874","HCPCS","","","facility","both","","","","17810.25","17810.25","","","","","","","","","","","","","Gross Charge Type: Main Acute Price List"
"ENDOPROSTHESIS, EXCLUDER ILIAC COMPONENT 14.5MMX7CM","DelrChSup71177","CDM","278","RC","C1874","HCPCS","","","facility","both","","","","17810.25","17810.25","","","","","","","","","","","","","Gross Charge Type: Main Acute Price List"
"ENDOPROSTHESIS, EXCLUDER TRUNK-IPSILATERAL LEG C3 28.5X14.5MMX14CM","EplbChSup61681","CDM","278","RC","","","","","facility","both","","","","66217.19","66217.19","","","","","","","","","","","","","Gross Charge Type: Main Acute Price List"
"ENDOPROSTHESIS, TAG THORACIC BRANCH 10MMX8MMX6CM","ScanWmSup116664","CDM","278","RC","C1874","HCPCS","","","facility","both","","","","45177.21","45177.21","","","","","","","","","","","","","Gross Charge Type: Main Acute Price List"
"ENDOPROSTHESIS, TAG THORACIC BRANCH 12MMX8MMX6CM","ScpuChSup116665","CDM","278","RC","C1874","HCPCS","","","facility","both","","","","45177.21","45177.21","","","","","","","","","","","","","Gross Charge Type: Main Acute Price List"
"ENDOPROSTHESIS, TAG THORACIC BRANCH 15MMX12MMX6CM","OperWmSup116668","CDM","278","RC","C1874","HCPCS","","","facility","both","","","","45177.21","45177.21","","","","","","","","","","","","","Gross Charge Type: Main Acute Price List"
"ENDOPROSTHESIS, TAG THORACIC BRANCH 15MMX8MMX6CM","AnesWmSup116666","CDM","278","RC","C1874","HCPCS","","","facility","both","","","","48045.97","48045.97","","","","","","","","","","","","","Gross Charge Type: Main Acute Price List"
"ENDOPROSTHESIS, TAG THORACIC BRANCH 17MMX12MMX6CM","ScpuChSup116669","CDM","278","RC","C1874","HCPCS","","","facility","both","","","","45177.21","45177.21","","","","","","","","","","","","","Gross Charge Type: Main Acute Price List"
"ENDOPROSTHESIS, TAG THORACIC BRANCH 21MMX8MMX10CM 20FR","ScorWmSup116637","CDM","278","RC","C1874","HCPCS","","","facility","both","","","","185342.4","185342.4","","","","","","","","","","","","","Gross Charge Type: Main Acute Price List"
"ENDOPROSTHESIS, TAG THORACIC BRANCH 26MMX8MMX10CM 20FR","EplbChSup116638","CDM","278","RC","C1874","HCPCS","","","facility","both","","","","185342.4","185342.4","","","","","","","","","","","","","Gross Charge Type: Main Acute Price List"
"ENDOPROSTHESIS, TAG THORACIC BRANCH 28MMX8MMX15CM 22FR","GyscChSup116641","CDM","278","RC","C1874","HCPCS","","","facility","both","","","","185342.4","185342.4","","","","","","","","","","","","","Gross Charge Type: Main Acute Price List"
"ENDOPROSTHESIS, TAG THORACIC BRANCH 31MMX12MMX15CM 22FR","CspuChSup116653","CDM","278","RC","C1874","HCPCS","","","facility","both","","","","185342.4","185342.4","","","","","","","","","","","","","Gross Charge Type: Main Acute Price List"
"ENDOPROSTHESIS, TAG THORACIC BRANCH 34MMX12MMX20CM 24FR","AngiChSup116656","CDM","278","RC","C1874","HCPCS","","","facility","both","","","","185342.4","185342.4","","","","","","","","","","","","","Gross Charge Type: Main Acute Price List"
"ENDOPROSTHESIS, TAG THORACIC BRANCH 34MMX12MMX20CM 24FR","GyscChSup116656","CDM","278","RC","C1874","HCPCS","","","facility","both","","","","185342.4","185342.4","","","","","","","","","","","","","Gross Charge Type: Main Acute Price List"
"ENDOPROSTHESIS, TAG THORACIC BRANCH 37MMX12MMX15CM 24FR","CcthChSup116657","CDM","278","RC","C1874","HCPCS","","","facility","both","","","","185342.4","185342.4","","","","","","","","","","","","","Gross Charge Type: Main Acute Price List"
"ENDOPROSTHESIS, TAG THORACIC BRANCH 37MMX12MMX20CM 24FR","AnesChSup116658","CDM","278","RC","C1874","HCPCS","","","facility","both","","","","185342.4","185342.4","","","","","","","","","","","","","Gross Charge Type: Main Acute Price List"
"ENDOPROSTHESIS, TAG THORACIC BRANCH 37MMX4.2MMX5CM 24FR","CcthChSup116676","CDM","278","RC","C1874","HCPCS","","","facility","both","","","","63711.45","63711.45","","","","","","","","","","","","","Gross Charge Type: Main Acute Price List"
"ENDOPROSTHESIS, TAG THORACIC BRANCH 37MMX8MMX15CM 24FR","GyscChSup116647","CDM","278","RC","C1874","HCPCS","","","facility","both","","","","185342.4","185342.4","","","","","","","","","","","","","Gross Charge Type: Main Acute Price List"
"ENDOPROSTHESIS, TAG THORACIC BRANCH 37MMX8MMX15CM 24FR","OperChSup116647","CDM","278","RC","C1874","HCPCS","","","facility","both","","","","185342.4","185342.4","","","","","","","","","","","","","Gross Charge Type: Main Acute Price List"
"ENDOPROSTHESIS, TAG THORACIC BRANCH 37MMX8MMX15CM 24FR","OperWmSup116647","CDM","278","RC","C1874","HCPCS","","","facility","both","","","","185342.4","185342.4","","","","","","","","","","","","","Gross Charge Type: Main Acute Price List"
"ENDOPROSTHESIS, TAG THORACIC BRANCH 40MMX4.3MMX6CM 26FR","GastChSup116677","CDM","278","RC","C1874","HCPCS","","","facility","both","","","","63711.45","63711.45","","","","","","","","","","","","","Gross Charge Type: Main Acute Price List"
"ENDOPROSTHESIS, TAG THORACIC BRANCH 40MMX4.3MMX6CM 26FR","ScpuWmSup116677","CDM","278","RC","C1874","HCPCS","","","facility","both","","","","63711.45","63711.45","","","","","","","","","","","","","Gross Charge Type: Main Acute Price List"
"ENDOPROSTHESIS, TAG THORACIC BRANCH 40MMX8MMX20CM 26FR","GyscChSup116650","CDM","278","RC","C1874","HCPCS","","","facility","both","","","","185342.4","185342.4","","","","","","","","","","","","","Gross Charge Type: Main Acute Price List"
"ENDOPROSTHESIS, TAG THORACIC BRANCH 40MMX8MMX20CM 26FR","OperChSup116650","CDM","278","RC","C1874","HCPCS","","","facility","both","","","","185342.4","185342.4","","","","","","","","","","","","","Gross Charge Type: Main Acute Price List"
"ENDOPROSTHESIS, TAG THORACIC BRANCH 45MMX12MMX15CM 26FR","ScorChSup116661","CDM","278","RC","C1874","HCPCS","","","facility","both","","","","185342.4","185342.4","","","","","","","","","","","","","Gross Charge Type: Main Acute Price List"
"ENDOPROSTHESIS, TAG THORACIC BRANCH 45MMX12MMX20CM 26FR","EplbChSup116662","CDM","278","RC","C1874","HCPCS","","","facility","both","","","","185342.4","185342.4","","","","","","","","","","","","","Gross Charge Type: Main Acute Price List"
"ENDOPROSTHESIS, TAG THORACIC BRANCH 45MMX4.6MMX6.5CM 26FR","AnesChSup116678","CDM","278","RC","C1874","HCPCS","","","facility","both","","","","63711.45","63711.45","","","","","","","","","","","","","Gross Charge Type: Main Acute Price List"
"ENDOPROSTHESIS, TAG THORACIC BRANCH 45MMX4.6MMX6.5CM 26FR","AngiWmSup116678","CDM","278","RC","C1874","HCPCS","","","facility","both","","","","63711.45","63711.45","","","","","","","","","","","","","Gross Charge Type: Main Acute Price List"
"ENDOPROSTHESIS, TAG THORACIC BRANCH 45MMX4.6MMX6.5CM 26FR","ScpuWmSup116678","CDM","278","RC","C1874","HCPCS","","","facility","both","","","","63711.45","63711.45","","","","","","","","","","","","","Gross Charge Type: Main Acute Price List"
"ENDOPROSTHESIS, TAG THORACIC BRANCH 45MMX8MMX15CM 26FR","AnesWmSup116651","CDM","278","RC","C1874","HCPCS","","","facility","both","","","","185342.4","185342.4","","","","","","","","","","","","","Gross Charge Type: Main Acute Price List"
"ENDOPROSTHESIS, TAG THORACIC BRANCH 45MMX8MMX15CM 26FR","CcthChSup116651","CDM","278","RC","C1874","HCPCS","","","facility","both","","","","185342.4","185342.4","","","","","","","","","","","","","Gross Charge Type: Main Acute Price List"
"ENDOPROSTHESIS, TAG THORACIC BRANCH 45MMX8MMX20CM 26FR","EplbChSup116652","CDM","278","RC","C1874","HCPCS","","","facility","both","","","","185342.4","185342.4","","","","","","","","","","","","","Gross Charge Type: Main Acute Price List"
"ENDOPROSTHESIS, TAG THORACIC BRANCH 8MMX8MMX6CM","CspuChSup116663","CDM","278","RC","C1874","HCPCS","","","facility","both","","","","45177.21","45177.21","","","","","","","","","","","","","Gross Charge Type: Main Acute Price List"
"ENDOPROSTHESIS, TAG THORACIC BRANCH 8MMX8MMX6CM","ScpuChSup116663","CDM","278","RC","C1874","HCPCS","","","facility","both","","","","45177.21","45177.21","","","","","","","","","","","","","Gross Charge Type: Main Acute Price List"
"ENDOPROSTHESIS,EXCL AORTIC EXT LP 36X4.5","CcthChSup61745","CDM","278","RC","","","","","facility","both","","","","19095.19","19095.19","","","","","","","","","","","","","Gross Charge Type: Main Acute Price List"
"ENDOPROSTHESIS,EXCL AORTIC EXTEN LP 28.5X3.3","PacuWmSup71502","CDM","278","RC","","","","","facility","both","","","","19095.19","19095.19","","","","","","","","","","","","","Gross Charge Type: Main Acute Price List"
"ENDOPROSTHESIS,EXCLUDER AAA 28X12MMX14CM","OperWmSup73249","CDM","278","RC","","","","","facility","both","","","","66217.19","66217.19","","","","","","","","","","","","","Gross Charge Type: Main Acute Price List"
"ENDOPROSTHESIS,EXCLUDER C3 26MMX14.5MX18C","EplbChSup75364","CDM","278","RC","C1874","HCPCS","","","facility","both","","","","62263.46","62263.46","","","","","","","","","","","","","Gross Charge Type: Main Acute Price List"
"ENDOPROTHESIS, AAA CONFORMABLE 28X14X12","CspuChSup111123","CDM","278","RC","C1874","HCPCS","","","facility","both","","","","76072.78","76072.78","","","","","","","","","","","","","Gross Charge Type: Main Acute Price List"
"ENDOV ADMIN,PROL,ART INTRACR,ADTL GLP","IrraWm1593","CDM","360","RC","61651","HCPCS","","","facility","both","","","","33300.39","33300.39","","","","","","","","","","","","","Gross Charge Type: Main Acute Price List"
"ENDOVASC REPAIR VISC AORT W ENDOGRFT INC S&I, INC ANGIO, INC 3 VISC ARTERY ENDOPRSTHSIS","CcthCh1400","CDM","481","RC","34847","HCPCS","","","facility","both","","","","20976.78","20976.78","","","","","","","","","","","","","Gross Charge Type: Main Acute Price List"
"ENDPLATE, INFERIOR PRODISC L 3 DEGREE","OperWmSup111626","CDM","278","RC","C1713","HCPCS","","","facility","both","","","","25967.92","25967.92","","","","","","","","","","","","","Gross Charge Type: Main Acute Price List"
"ENVELOPE, AIGIS RX ICD","ScorChSup49664","CDM","278","RC","C1889","HCPCS","","","facility","both","","","","5512.97","5512.97","","","","","","","","","","","","","Gross Charge Type: Main Acute Price List"
"ENVELOPE, LARGE 2.9IN X 3.3IN TYRX NEUROSTIMULATOR","AngiWmSup115784","CDM","278","RC","C1889","HCPCS","","","facility","both","","","","5512.97","5512.97","","","","","","","","","","","","","Gross Charge Type: Main Acute Price List"
"ENVIRONM CULTURE","MicrCL2265","CDM","306","RC","87070","HCPCS","","","facility","both","","","","57.11","57.11","","","","","","","","","","","","","Gross Charge Type: Acute Discounted"
"ENZYME TREATMENT/ RBC","BlbkWm2810","CDM","302","RC","86971","HCPCS","","","facility","both","","","","71.28","71.28","","","","","","","","","","","","","Gross Charge Type: Main Acute Price List"
"ERASER, HEMOSTATIC","ScorChSup945","CDM","270","RC","","","","","facility","both","","","","63.36","63.36","","","","","","","","","","","","","Gross Charge Type: Main Acute Price List"
"ERCP,BILIARY/PANCREATIC DUCTAL SYS,RS&I NR","CPCM547159","CDM","320","RC","74330","HCPCS","","","facility","both","","","","1127.31","1127.31","","","","","","","","","","","","","Gross Charge Type: Main Acute Price List"
"ESTABLISHED PATIENT,LEVEL 2,FAC VIS,WWCC","WwccCl49","CDM","510","RC","G0463","HCPCS","","","facility","both","","","","709.38","709.38","","","","","","","","","","","","","Gross Charge Type: Main Acute Price List"
"ESTRADIOL,PEDIATRIC","ChemSR7346","CDM","301","RC","82670","HCPCS","","","facility","both","","","","379.52","379.52","","","","","","","","","","","","","Gross Charge Type: Main Acute Price List"
"ESTROGEN RECEPTOR ASSAY","PathWm2622","CDM","310","RC","88360","HCPCS","","","facility","both","","","","413.04","413.04","","","","","","","","","","","","","Gross Charge Type: Main Acute Price List"
"ETHYLENE GLYCOL","ChemMe6975","CDM","301","RC","82693","HCPCS","","","facility","both","","","","313.1","313.1","","","","","","","","","","","","","Gross Charge Type: Main Acute Price List"
"EVAL,SPEECH-GENER/COM DEV,W PT,1ST HR,ST","SphrEk2170","CDM","440","RC","92607","HCPCS","","","facility","both","","","GN","777.86","777.86","","","","","","","","","","","","","Gross Charge Type: Main Acute Price List | The modified price is presented in the standard charge value. | Modifier GN: Services delivered under an outpatient speech language pathology plan of care"
"EVAL,SPEECH-GENER/COM DEV,W PT,AD 30M,ST","SphrMp2175","CDM","444","RC","92608","HCPCS","","","facility","both","","","GN","160.05","160.05","","","","","","","","","","","","","Gross Charge Type: Main Acute Price List | The modified price is presented in the standard charge value. | Modifier GN: Services delivered under an outpatient speech language pathology plan of care"
"EVALUATION,OT,HIGH COMPLEXITY","OcthMd3072","CDM","434","RC","97167","HCPCS","","","facility","both","","","GO","510.19","510.19","","","","","","","","","","","","","Gross Charge Type: Main Acute Price List | The modified price is presented in the standard charge value. | Modifier GO: Services delivered under an outpatient occupational therapy plan of care"
"EVALUATION,PT,HIGH COMPLEXITY","PhytFk3062","CDM","424","RC","97163","HCPCS","","","facility","both","","","GP","510.19","510.19","","","","","","","","","","","","","Gross Charge Type: Main Acute Price List | The modified price is presented in the standard charge value. | Modifier GP: Services delivered under an outpatient physical therapy plan of care"
"EVALUATION,PT,HIGH COMPLEXITY","PhytSo3062","CDM","424","RC","97163","HCPCS","","","facility","both","","","GP","510.19","510.19","","","","","","","","","","","","","Gross Charge Type: Main Acute Price List | The modified price is presented in the standard charge value. | Modifier GP: Services delivered under an outpatient physical therapy plan of care"
"EVALUATION,PT,MODERATE COMPLEXITY","PhytSb3061","CDM","424","RC","97162","HCPCS","","","facility","both","","","GP","510.19","510.19","","","","","","","","","","","","","Gross Charge Type: Main Acute Price List | The modified price is presented in the standard charge value. | Modifier GP: Services delivered under an outpatient physical therapy plan of care"
"EXCLUDER, CONFORM AAA TRUNK ENDO 23X14.5X12CM 15 FR","PacuChSup113439","CDM","278","RC","C1874","HCPCS","","","facility","both","","","","76072.78","76072.78","","","","","","","","","","","","","Gross Charge Type: Main Acute Price List"
"EXERCISER,THERABAND HAND MED","HgsrCp42177","CDM","270","RC","","","","","facility","both","","","","39.43","39.43","","","","","","","","","","","","","Gross Charge Type: Main Acute Price List"
"EXERCISOR,HAND,RUBBERBAND","OcthSp1730","CDM","270","RC","","","","","facility","both","","","","56.6","56.6","","","","","","","","","","","","","Gross Charge Type: Main Acute Price List"
"EXP,BRS TIS ARTOURA ULTRA HP SILTEX TEXT 455","GastChSup74216","CDM","278","RC","C1789","HCPCS","","","facility","both","","","","1856.8","1856.8","","","","","","","","","","","","","Gross Charge Type: Main Acute Price List"
"EXP,BRS TIS ARTOURA ULTRA HP SILTEX TEXT 455","PacuWmSup74216","CDM","278","RC","C1789","HCPCS","","","facility","both","","","","1856.8","1856.8","","","","","","","","","","","","","Gross Charge Type: Main Acute Price List"
"EXP,BRS TIS ARTOURA ULTRA HP SILTEX TEXT 850","GyscChSup74220","CDM","278","RC","C1789","HCPCS","","","facility","both","","","","1856.8","1856.8","","","","","","","","","","","","","Gross Charge Type: Main Acute Price List"
"EXPANDER, ARTOURA PLUS SMOOTH BREAST TISSUE  HIGH PROJECTION 225CC","GastWmSup109431","CDM","278","RC","","","","","facility","both","","","","1856.8","1856.8","","","","","","","","","","","","","Gross Charge Type: Main Acute Price List"
"EXPANDER, ARTOURA PLUS SMOOTH BREAST TISSUE  HIGH PROJECTION 375CC","EplbChSup109433","CDM","278","RC","","","","","facility","both","","","","1856.8","1856.8","","","","","","","","","","","","","Gross Charge Type: Main Acute Price List"
"EXPANDER, ARTOURA PLUS SMOOTH BREAST TISSUE  HIGH PROJECTION 375CC","ScpuChSup109433","CDM","278","RC","","","","","facility","both","","","","1856.8","1856.8","","","","","","","","","","","","","Gross Charge Type: Main Acute Price List"
"EXPANDER, ARTOURA PLUS SMOOTH BREAST TISSUE  HIGH PROJECTION 600CC","PacuWmSup109436","CDM","278","RC","","","","","facility","both","","","","1856.8","1856.8","","","","","","","","","","","","","Gross Charge Type: Main Acute Price List"
"EXPANDER, ARTOURA PLUS SMOOTH BREAST TISSUE  HIGH PROJECTION 600CC","ScanChSup109436","CDM","278","RC","","","","","facility","both","","","","1856.8","1856.8","","","","","","","","","","","","","Gross Charge Type: Main Acute Price List"
"EXPANDER, ARTOURA PLUS SMOOTH BREAST TISSUE  HIGH PROJECTION 750CC","GyscChSup109437","CDM","278","RC","C1789","HCPCS","","","facility","both","","","","1856.8","1856.8","","","","","","","","","","","","","Gross Charge Type: Main Acute Price List"
"EXPANDER, BREAST TISSUE RECTANGULAR 50CC","GyscChSup22496","CDM","278","RC","C1789","HCPCS","","","facility","both","","","","551.24","551.24","","","","","","","","","","","","","Gross Charge Type: Main Acute Price List"
"EXPANDER, BREAST TISSUE SMOOTH RECTANGULAR 100CC","Chrs3129126","CDM","278","RC","C1789","HCPCS","","","facility","both","","","","551.24","551.24","","","","","","","","","","","","","Gross Charge Type: Main Acute Price List"
"EXPANDER, SMOOTH FULL HEIGHT EXTRA PROJECTION 450CC","CspuChSup112711","CDM","278","RC","C1789","HCPCS","","","facility","both","","","","1666.16","1666.16","","","","","","","","","","","","","Gross Charge Type: Main Acute Price List"
"EXPANDER, SMOOTH FULL HEIGHT EXTRA PROJECTION 800CC","ScpuChSup112714","CDM","278","RC","C1789","HCPCS","","","facility","both","","","","1666.16","1666.16","","","","","","","","","","","","","Gross Charge Type: Main Acute Price List"
"EXPANDER, SMOOTH FULL HEIGHT EXTRA PROJECTION 950CC","GastWmSup112715","CDM","278","RC","C1789","HCPCS","","","facility","both","","","","1566.68","1566.68","","","","","","","","","","","","","Gross Charge Type: Main Acute Price List"
"EXPANDER, TISSUE MODERATE HEIGHT EXTRA PROJECTION  W/TAB 400CC","GyscChSup112099","CDM","278","RC","C1789","HCPCS","","","facility","both","","","","1666.16","1666.16","","","","","","","","","","","","","Gross Charge Type: Main Acute Price List"
"EXPANDER, TISSUE VARIABLE PROJECTION FULL HEIGHT W/TAB 400CC","AngiWmSup112087","CDM","278","RC","C1789","HCPCS","","","facility","both","","","","1566.68","1566.68","","","","","","","","","","","","","Gross Charge Type: Main Acute Price List"
"EXPANDER, TISSUE VARIABLE PROJECTION FULL HEIGHT W/TAB 400CC","ScanWmSup112087","CDM","278","RC","C1789","HCPCS","","","facility","both","","","","1566.68","1566.68","","","","","","","","","","","","","Gross Charge Type: Main Acute Price List"
"EXPANDER, TISSUE VARIABLE PROJECTION FULL HEIGHT W/TAB 400CC","ScpuChSup112087","CDM","278","RC","C1789","HCPCS","","","facility","both","","","","1566.68","1566.68","","","","","","","","","","","","","Gross Charge Type: Main Acute Price List"
"EXPANDER, TISSUE VARIABLE PROJECTION FULL HEIGHT W/TAB 500CC","AnesWmSup112088","CDM","278","RC","C1789","HCPCS","","","facility","both","","","","1666.16","1666.16","","","","","","","","","","","","","Gross Charge Type: Main Acute Price List"
"EXPANDER, TISSUE VARIABLE PROJECTION FULL HEIGHT W/TAB 850CC","ScpuWmSup112091","CDM","278","RC","C1789","HCPCS","","","facility","both","","","","1666.16","1666.16","","","","","","","","","","","","","Gross Charge Type: Main Acute Price List"
"EXPANDER, TISSUE VARIABLE PROJECTION MODERATE HEIGHT W/TAB 300CC","CspuChSup112093","CDM","278","RC","C1789","HCPCS","","","facility","both","","","","1666.16","1666.16","","","","","","","","","","","","","Gross Charge Type: Main Acute Price List"
"EXPANDER, TISSUE VARIABLE PROJECTION MODERATE HEIGHT W/TAB 400CC","AngiChSup112094","CDM","278","RC","C1789","HCPCS","","","facility","both","","","","1666.16","1666.16","","","","","","","","","","","","","Gross Charge Type: Main Acute Price List"
"EXPANDER, TISSUE VARIABLE PROJECTION MODERATE HEIGHT W/TAB 400CC","ScpuChSup112094","CDM","278","RC","C1789","HCPCS","","","facility","both","","","","1666.16","1666.16","","","","","","","","","","","","","Gross Charge Type: Main Acute Price List"
"EXPANDER, TISSUE VARIABLE PROJECTION MODERATE HEIGHT W/TAB 500CC","AngiWmSup112095","CDM","278","RC","C1789","HCPCS","","","facility","both","","","","1666.16","1666.16","","","","","","","","","","","","","Gross Charge Type: Main Acute Price List"
"EXPANDER, TISSUE VARIABLE PROJECTION MODERATE HEIGHT W/TAB 700CC","CspuChSup112097","CDM","278","RC","C1789","HCPCS","","","facility","both","","","","1666.16","1666.16","","","","","","","","","","","","","Gross Charge Type: Main Acute Price List"
"EXPANDER, TISSUE VARIABLE PROJECTION MODERATE HEIGHT W/TAB 700CC","OperChSup112097","CDM","278","RC","C1789","HCPCS","","","facility","both","","","","1666.16","1666.16","","","","","","","","","","","","","Gross Charge Type: Main Acute Price List"
"EXPANDER, TISSUE VARIABLE PROJECTION MODERATE HEIGHT W/TAB 700CC","ScpuWmSup112097","CDM","278","RC","C1789","HCPCS","","","facility","both","","","","1666.16","1666.16","","","","","","","","","","","","","Gross Charge Type: Main Acute Price List"
"EXPANDER, TISSUE VARIABLE PROJECTION SHOET HEIGHT W/TAB 250CC","ScorChSup120373","CDM","278","RC","C1789","HCPCS","","","facility","both","","","","1566.68","1566.68","","","","","","","","","","","","","Gross Charge Type: Main Acute Price List"
"EXPANDER,BREAST TISSUE ARTOURA HP SM  600","PacuWmSup74431","CDM","278","RC","C1789","HCPCS","","","facility","both","","","","1856.8","1856.8","","","","","","","","","","","","","Gross Charge Type: Main Acute Price List"
"EXPANDER,BRS TIS ARTOURA HP SILTEX TEXT 225","ScorChSup74211","CDM","278","RC","C1789","HCPCS","","","facility","both","","","","1856.8","1856.8","","","","","","","","","","","","","Gross Charge Type: Main Acute Price List"
"EXPANDER,BRS TIS ARTOURA HP SILTEX TEXT 300","GastChSup74212","CDM","278","RC","C1789","HCPCS","","","facility","both","","","","1856.8","1856.8","","","","","","","","","","","","","Gross Charge Type: Main Acute Price List"
"EXPANDER,BRS TIS ARTOURA HP SILTEX TEXT 300","ScorChSup74212","CDM","278","RC","C1789","HCPCS","","","facility","both","","","","1856.8","1856.8","","","","","","","","","","","","","Gross Charge Type: Main Acute Price List"
"EXPANDER,BRS TIS ARTOURA HP SILTEX TEXT 750","PacuChSup74209","CDM","278","RC","C1789","HCPCS","","","facility","both","","","","1856.8","1856.8","","","","","","","","","","","","","Gross Charge Type: Main Acute Price List"
"EXPANDER,BRS TIS ARTOURA HP SILTEX TEXT 850","OperWmSup74210","CDM","278","RC","C1789","HCPCS","","","facility","both","","","","1856.8","1856.8","","","","","","","","","","","","","Gross Charge Type: Main Acute Price List"
"EXPANDER,TISS SHAPED SHORT HT TAB 350CC","OperChSup58477","CDM","278","RC","C1789","HCPCS","","","facility","both","","","","8315.65","8315.65","","","","","","","","","","","","","Gross Charge Type: Main Acute Price List"
"EXPANDER,TISS SHAPED SHORT HT TAB 350CC","ScorChSup58477","CDM","278","RC","C1789","HCPCS","","","facility","both","","","","8315.65","8315.65","","","","","","","","","","","","","Gross Charge Type: Main Acute Price List"
"EXTENDER, BULLDOG LEAD LR-LED01","OperWmSup64851","CDM","272","RC","","","","","facility","both","","","","1695.84","1695.84","","","","","","","","","","","","","Gross Charge Type: Main Acute Price List"
"EXTENDER, TIGHTROPE BUTTON","AnesWmSup63947","CDM","278","RC","C1813","HCPCS","","","facility","both","","","","1411.79","1411.79","","","","","","","","","","","","","Gross Charge Type: Main Acute Price List"
"EXTENSION KIT OCTAD 1X8 40CM 3708140","OperWmSup40268","CDM","278","RC","C1883","HCPCS","","","facility","both","","","","3822.69","3822.69","","","","","","","","","","","","","Gross Charge Type: Main Acute Price List"
"EXTENSION SET, IV","OperWmSup42735","CDM","270","RC","","","","","facility","both","","","","18.23","18.23","","","","","","","","","","","","","Gross Charge Type: Main Acute Price List"
"EXTENSION, GMRS PICE 40MM","OperChSup63583","CDM","278","RC","","","","","facility","both","","","","21727.11","21727.11","","","","","","","","","","","","","Gross Charge Type: Main Acute Price List"
"EXTENSION, LOC GUIDE WIRE","EplbChSup203751","CDM","270","RC","","","","","facility","both","","","","347.52","347.52","","","","","","","","","","","","","Gross Charge Type: Main Acute Price List"
"EXTENSION, SINGLE 8 CHANNEL 60CM","EplbChSup36193","CDM","278","RC","","","","","facility","both","","","","4343.96","4343.96","","","","","","","","","","","","","Gross Charge Type: Main Acute Price List"
"EXTENSION, SINGLE 8 CHANNEL 60CM","OperChSup36193","CDM","278","RC","","","","","facility","both","","","","4343.96","4343.96","","","","","","","","","","","","","Gross Charge Type: Main Acute Price List"
"EXTENSION, STEM STRAIGHT 15MM DIAMETER 30MM LENGTH","ScorChSup115338","CDM","278","RC","C1776","HCPCS","","","facility","both","","","","3445.32","3445.32","","","","","","","","","","","","","Gross Charge Type: Main Acute Price List"
"EXTRACTOR THREADED, MALE, 1/4-28 UNF-2A","ScanChSup116224","CDM","272","RC","","","","","facility","both","","","","1998.22","1998.22","","","","","","","","","","","","","Gross Charge Type: Main Acute Price List"
"EXTRACTOR THREADED, MALE, 5/16-18 UNC-2A","OperWmSup116225","CDM","272","RC","","","","","facility","both","","","","1998.22","1998.22","","","","","","","","","","","","","Gross Charge Type: Main Acute Price List"
"EXTRACTOR THREADED, MALE, 5/16-24 UNF-2A","AnesChSup116226","CDM","272","RC","","","","","facility","both","","","","1998.22","1998.22","","","","","","","","","","","","","Gross Charge Type: Main Acute Price List"
"EXTRACTOR THREADED, MALE, 5/16-32 UNEF-2A","GyscChSup116227","CDM","272","RC","","","","","facility","both","","","","1998.22","1998.22","","","","","","","","","","","","","Gross Charge Type: Main Acute Price List"
"EXTRACTOR THREADED, MALE, M6 X 1.0  6G","ScanChSup116232","CDM","272","RC","","","","","facility","both","","","","1998.22","1998.22","","","","","","","","","","","","","Gross Charge Type: Main Acute Price List"
"EXTRACTOR THREADED, MALE, M7 X 1.0  6G","AngiWmSup116233","CDM","272","RC","","","","","facility","both","","","","1998.22","1998.22","","","","","","","","","","","","","Gross Charge Type: Main Acute Price List"
"EXTRACTOR THREADED, MALE, M8 X 1.25  6G","GyscChSup116234","CDM","272","RC","","","","","facility","both","","","","1998.22","1998.22","","","","","","","","","","","","","Gross Charge Type: Main Acute Price List"
"EXTRACTOR THREADED, MALE,12-24 UNC-2A","ScpuWmSup116221","CDM","272","RC","","","","","facility","both","","","","1998.22","1998.22","","","","","","","","","","","","","Gross Charge Type: Main Acute Price List"
"EXTRACTOR, HUMERAL NAIL","DelrChSup114838","CDM","272","RC","","","","","facility","both","","","","9608.31","9608.31","","","","","","","","","","","","","Gross Charge Type: Main Acute Price List"
"EXTRACTOR, NAIL TRIGEN  DISP","GastChSup72137","CDM","272","RC","","","","","facility","both","","","","2560.04","2560.04","","","","","","","","","","","","","Gross Charge Type: Main Acute Price List"
"EXTRACTOR, NAIL TRIGEN IMHS CP","CspuChSup76268","CDM","272","RC","","","","","facility","both","","","","4494.55","4494.55","","","","","","","","","","","","","Gross Charge Type: Main Acute Price List"
"EXTRACTOR, RX 12-15MM BELOW","CspuChSup27182","CDM","270","RC","","","","","facility","both","","","","874.68","874.68","","","","","","","","","","","","","Gross Charge Type: Main Acute Price List"
"EXTRACTOR, T-HANDLE 4.0MM","CspuChSup66702","CDM","272","RC","","","","","facility","both","","","","1047.4","1047.4","","","","","","","","","","","","","Gross Charge Type: Main Acute Price List"
"EXTRACTOR, T-HANDLE 4.0MM","ScorWmSup66702","CDM","272","RC","","","","","facility","both","","","","1047.4","1047.4","","","","","","","","","","","","","Gross Charge Type: Main Acute Price List"
"EYE SPHERE, PLASTIC 14MM DIAMETER","AnesWmSup118061","CDM","278","RC","L8610","HCPCS","","","facility","both","","","","225.89","225.89","","","","","","","","","","","","","Gross Charge Type: Main Acute Price List"
"EYE SPHERE, PLASTIC 14MM DIAMETER","OperChSup118061","CDM","278","RC","L8610","HCPCS","","","facility","both","","","","225.89","225.89","","","","","","","","","","","","","Gross Charge Type: Main Acute Price List"
"EYE SPHERE, PLASTIC 14MM DIAMETER","ScanWmSup118061","CDM","278","RC","L8610","HCPCS","","","facility","both","","","","225.89","225.89","","","","","","","","","","","","","Gross Charge Type: Main Acute Price List"
"EYE SPHERE, PLASTIC 14MM DIAMETER","ScpuChSup118061","CDM","278","RC","L8610","HCPCS","","","facility","both","","","","225.89","225.89","","","","","","","","","","","","","Gross Charge Type: Main Acute Price List"
"EYE SPHERE, PLASTIC 16MM DIAMETER","ScorWmSup118062","CDM","278","RC","L8610","HCPCS","","","facility","both","","","","240.23","240.23","","","","","","","","","","","","","Gross Charge Type: Main Acute Price List"
"Ear, Nose, Mouth And Throat Malignancy With Mcc","146","MS-DRG","","","","","","","facility","inpatient","","","","","","Bcbs","Highmark Health Options Medicare Managed Care Plan","","","[MSDRG Base Rate: FEE SCHEDULE]","","","","0","other","","","No services performed during 15-month lookback period."
"Ear, Nose, Mouth And Throat Malignancy With Mcc","146","MS-DRG","","","","","","","facility","inpatient","","","","","","Jefferson Health Plan","Health Partners Medicaid Managed Care/Aca Plan","49758.9","","","","","","","fee schedule","18307.71","49758.9",""
"Ear, Nose, Mouth And Throat Malignancy With Mcc","146","MS-DRG","","","","","","","facility","inpatient","","","","","","Wellcare","Medicare Managed Care Plan","21198.4","","","","","","","fee schedule","18307.71","49758.9","MSDRG Base Rate"
"Ecg monit/reprt up to 48 hrs","93226","HCPCS","","","","","","","facility","outpatient","","","","","","Ambetter","All Commercial Plans","95.62","","","","","","","fee schedule","60.56","191.25","Radiology"
"Ecg/monitoring and analysis","93271","HCPCS","","","","","","","facility","outpatient","","","","","","Ambetter","All Commercial Plans","154.1","","","","","","","fee schedule","97.6","308.21","Radiology"
"Echo exam of abdomen","76705","HCPCS","","","","","","","facility","outpatient","","","","","","Aetna","All Commercial Plans","158.17","","","","","","","fee schedule","107.33","338.93","Radiology"
"Echo exam of eye","76516","HCPCS","","","","","","","facility","outpatient","","","","","","Aetna","Medicare Managed Care Plan","116.36","","","","","","","fee schedule","107.33","338.93","APC"
"Echo exam of fetal heart","76825","HCPCS","","","","","","","facility","outpatient","","","","","","Aetna","Medicare Managed Care Plan","608.19","","","","","","","fee schedule","560.95","1771.42","APC"
"Echo exam of fetal heart","76825","HCPCS","","","","","","","facility","outpatient","","","","","","Bcbs","Highmark All Commercial Plans","871.24","","","","","","","fee schedule","560.95","1771.42","Radiology"
"Echo transesophageal","93312","HCPCS","","","","","","","facility","outpatient","","","","","","Ambetter","All Commercial Plans","885.71","","","","","","","fee schedule","560.95","1771.42","Radiology"
"Echograp trans r pros study","76873","HCPCS","","","","","","","facility","outpatient","","","","","","Bcbs","Highmark Health Options Medicare Managed Care Plan","115.8","","","","","","","fee schedule","107.33","338.93","APC"
"Ectopic Pregnancy","777","MS-DRG","","","","","","","facility","inpatient","","","","","","Wellcare","Medicare Managed Care Plan","","","[MSDRG Base Rate: FEE SCHEDULE]","","","","0","other","","","No services performed during 15-month lookback period."
"Ed svc CKD grp per session","G0421","HCPCS","","","","","","","facility","outpatient","","","","","","Bcbs","Highmark Medicare Managed Care Plan","25.89","","","","","","","fee schedule","25.89","81.75","APC"
"Ed svc CKD grp per session","G0421","HCPCS","","","","","","","facility","outpatient","","","","","","Jefferson Health Plan","Health Partners Medicare Managed Care Plan","28.61","","","","","","","fee schedule","25.89","81.75","APC"
"Eeg awake and drowsy","95816","HCPCS","","","","","","","facility","outpatient","","","","","","Healthspring","Medicare Managed Care Plan","233.33","","","","","","","fee schedule","221.67","700","APC"
"Eeg awake and drowsy","95816","HCPCS","","","","","","","facility","outpatient","","","","","","Jefferson Health Plan","Health Partners Medicare Managed Care Plan","245","","","","","","","fee schedule","221.67","700","APC"
"Eeg coma or sleep only","95822","HCPCS","","","","","","","facility","outpatient","","","","","","Aetna","All Commercial Plans","326.67","","","","","","","fee schedule","221.67","700","Radiology"
"Egd cautery tumor polyp","43250","HCPCS","","","","","","","facility","outpatient","","","","","","Bcbs","Highmark Medicare Managed Care Plan","1969.95","","","","","","","fee schedule","1969.95","6220.88","APC"
"Egd control bleeding any","43255","HCPCS","","","","","","","facility","outpatient","","","","","","Amerihealth","Medicare Managed Care Plan","2239.52","","","","","","","fee schedule","1969.95","6220.88","APC"
"Egd control bleeding any","43255","HCPCS","","","","","","","facility","outpatient","","","","","","Bcbs","Highmark Health Options Medicare Managed Care Plan","2125.47","","","","","","","fee schedule","1969.95","6220.88","APC"
"Egd diagnostic brush wash","43235","HCPCS","","","","","","","facility","outpatient","","","","","","Bcbs","Highmark Wholecare Medicare Managed Care Plan","1078.13","","","","","","","fee schedule","931.11","2940.35","APC"
"Egd endoscopic stent place","43266","HCPCS","","","","","","","facility","outpatient","","","","","","Amerihealth","Caritas Next Other Commercial Plan","10496.63","","","","","","","fee schedule","6232.37","19681.18","Radiology"
"Egd flx transnasal dx br/wa","0652T","HCPCS","","","","","","","facility","outpatient","","","","","","Bcbs","Highmark Health Options Medicare Managed Care Plan","2125.47","","","","","","","fee schedule","1969.95","6220.88","APC"
"Egd flx transnasal dx br/wa","0652T","HCPCS","","","","","","","facility","outpatient","","","","","","Bcbs","Highmark Wholecare Medicare Managed Care Plan","2280.99","","","","","","","fee schedule","1969.95","6220.88","APC"
"Egd flx transnasal dx br/wa","0652T","HCPCS","","","","","","","facility","outpatient","","","","","","Jefferson Health Plan","Health Partners Medicaid Managed Care/Aca Plan","6220.88","","","","","","","fee schedule","1969.95","6220.88","APC"
"Egd flx transnasal tube/cath","0654T","HCPCS","","","","","","","facility","outpatient","","","","","","Ambetter","All Commercial Plans","6249.51","","","","","","","fee schedule","3958.02","12499.01","Radiology"
"Egd lesion ablation","43270","HCPCS","","","","","","","facility","outpatient","","","","","","Bcbs","Highmark Health Options Medicare Managed Care Plan","2125.47","","","","","","","fee schedule","1969.95","6220.88","APC"
"Egd optical endomicroscopy","43252","HCPCS","","","","","","","facility","outpatient","","","","","","Ambetter","All Commercial Plans","3110.44","","","","","","","fee schedule","1969.95","6220.88","Radiology"
"Egd remove lesion snare","43251","HCPCS","","","","","","","facility","outpatient","","","","","","Bcbs","Highmark Wholecare Medicare Managed Care Plan","2280.99","","","","","","","fee schedule","1969.95","6220.88","APC"
"Egd tube/cath insertion","43241","HCPCS","","","","","","","facility","outpatient","","","","","","Healthspring","Medicare Managed Care Plan","2073.63","","","","","","","fee schedule","1969.95","6220.88","APC"
"Egd us exam duodenum/jejunum","43259","HCPCS","","","","","","","facility","outpatient","","","","","","Aetna","Medicare Managed Care Plan","2135.84","","","","","","","fee schedule","1969.95","6220.88","APC"
"Egd us fine needle bx/aspir","43238","HCPCS","","","","","","","facility","outpatient","","","","","","Aetna","Medicare Managed Care Plan","2135.84","","","","","","","fee schedule","1969.95","6220.88","APC"
"Egd us fine needle bx/aspir","43238","HCPCS","","","","","","","facility","outpatient","","","","","","Ambetter","All Commercial Plans","3110.44","","","","","","","fee schedule","1969.95","6220.88","Radiology"
"Egd us transmural injxn/mark","43253","HCPCS","","","","","","","facility","outpatient","","","","","","Ambetter","All Commercial Plans","3110.44","","","","","","","fee schedule","1969.95","6220.88","Radiology"
"Egd w/thrml txmnt gerd","43257","HCPCS","","","","","","","facility","outpatient","","","","","","Jefferson Health Plan","Health Partners Medicaid Managed Care/Aca Plan","12499.01","","","","","","","fee schedule","3958.02","12499.01","APC"
"Egfr gene com variants","81235","HCPCS","","","","","","","facility","outpatient","","","","","","Cigna","All Commercial Plans","210.98","","","","","","","fee schedule","210.98","973.74",""
"Ehrlicha chaffeensis amp prb","87484","HCPCS","","","","","","","facility","outpatient","","","","","","Aetna","Medicare Managed Care Plan","36.14","","","","","","","fee schedule","33.34","105.27","APC"
"Ehrlicha chaffeensis amp prb","87484","HCPCS","","","","","","","facility","outpatient","","","","","","Bcbs","Highmark All Commercial Plans","51.78","","","","","","","fee schedule","33.34","105.27","Radiology"
"Ehrlichia Antibody","86666","HCPCS","","","","","","","facility","outpatient","","","","","","Cigna","All Commercial Plans","6.62","","","","","","","fee schedule","6.62","30.54",""
"Ehrlichia Antibody","86666","HCPCS","","","","","","","facility","outpatient","","","","","","Unitedhealthcare","All Commercial Plans","10.18","","","","","","","fee schedule","6.62","30.54",""
"El-1 fecal quantitative","82653","HCPCS","","","","","","","facility","outpatient","","","","","","First Health","Delaware Medicaid Managed Care Plan","25.27","","","","","","","fee schedule","21.82","68.91","Laboratory"
"Elbow arthroscopy/surgery","29834","HCPCS","","","","","","","facility","outpatient","","","","","","Aetna","Medicare Managed Care Plan","3641.9","","","","","","","fee schedule","3359.03","10607.46","APC"
"Elbow arthroscopy/surgery","29836","HCPCS","","","","","","","facility","outpatient","","","","","","Aetna","Medicare Managed Care Plan","8076.52","","","","","","","fee schedule","7449.22","23523.84","APC"
"Elec alys s-scl eeg prgr 1st","1005T","HCPCS","","","","","","","facility","outpatient","","","","","","Bcbs","Highmark Medicare Managed Care Plan","97.6","","","","","","","fee schedule","97.6","308.21","APC"
"Elec alys smpl prgrmg iins","0589T","HCPCS","","","","","","","facility","outpatient","","","","","","Healthspring","Medicare Managed Care Plan","102.74","","","","","","","fee schedule","97.6","308.21","APC"
"Elec impd spectrsc 1+skn les","0658T","HCPCS","","","","","","","facility","outpatient","","","","","","Amerihealth","Caritas Next Other Commercial Plan","102","","","","","","","fee schedule","60.56","191.25","Radiology"
"Electric current therapy","97033","HCPCS","","","","","","","facility","outpatient","","","","","","Bcbs","Highmark All Commercial Plans","29.2","","","","","","","fee schedule","17.98","56.79","Occupational Therapy, Physical Therapy, Speech Therapy"
"Electrical stimulation","97032","HCPCS","","","","","","","facility","outpatient","","","","","","Amerihealth","Caritas Next Other Commercial Plan","23.41","","","","","","","fee schedule","13.9","43.89","Radiology"
"Electrode stimulation brain","95961","HCPCS","","","","","","","facility","outpatient","","","","","","Bcbs","Highmark Wholecare Medicare Managed Care Plan","1020.78","","","","","","","fee schedule","881.58","2783.94","APC"
"Electromagntic tx for ulcers","G0329","HCPCS","","","","","","","facility","outpatient","","","","","","Ambetter","All Commercial Plans","15.84","","","","","","","fee schedule","10.03","31.68","Radiology"
"Electrophysiologic study","93624","HCPCS","","","","","","","facility","outpatient","","","","","","Bcbs","Highmark Medicare Managed Care Plan","8007.12","","","","","","","fee schedule","8007.12","25285.64","APC"
"Electrophysiology evaluation","93619","HCPCS","","","","","","","facility","outpatient","","","","","","Bcbs","Highmark Health Options Medicare Managed Care Plan","8639.26","","","","","","","fee schedule","8007.12","25285.64","APC"
"Encephaltis east eqne anbdy","86652","HCPCS","","","","","","","facility","outpatient","","","","","","Unitedhealthcare","All Commercial Plans","13.19","","","","","","","fee schedule","8.57","39.57",""
"Endo assay seven anal","81506","HCPCS","","","","","","","facility","outpatient","","","","","","Aetna","All Commercial Plans","76.5","","","","","","","fee schedule","65.47","206.76","Laboratory"
"Endo assay seven anal","81506","HCPCS","","","","","","","facility","outpatient","","","","","","Aetna","Medicare Managed Care Plan","70.99","","","","","","","fee schedule","65.47","206.76","APC"
"Endo assay seven anal","81506","HCPCS","","","","","","","facility","outpatient","","","","","","Bcbs","Highmark Medicare Managed Care Plan","65.47","","","","","","","fee schedule","65.47","206.76","APC"
"Endocrine Disorders With Cc","644","MS-DRG","","","","","","","facility","inpatient","","","","","","Amerihealth","Medicare Managed Care Plan","10334.22","","","","","","","fee schedule","9090.28","24087.5","MSDRG Base Rate"
"Endocrine Disorders With Mcc","643","MS-DRG","","","","","","","facility","inpatient","","","","","","Aetna - Md","Better Health Medicaid Managed Care Plan","","","[Inpatient Services: Payer leverages state specific Medicaid payment methodology. Available, referenceable algorithm logic found here: https://health.maryland.gov/mmcp/provider/Pages/default.aspx]","","","","0","other","","","No services performed during 15-month lookback period."
"Endocrine Disorders With Mcc","643","MS-DRG","","","","","","","facility","inpatient","","","","","","Unitedhealthcare","All Commercial Plans","","91","","","","","0","percent of total billed charges","","","No services performed during 15-month lookback period."
"Endocrine Disorders Without Cc/Mcc","645","MS-DRG","","","","","","","facility","inpatient","","","","","","Ambetter","All Commercial Plans","","91","","","","","0","percent of total billed charges","","","No services performed during 15-month lookback period."
"Endocrine nuclear procedure","78099","HCPCS","","","","","","","facility","outpatient","","","","","","Amerihealth","Caritas Next Other Commercial Plan","691.21","","","","","","","fee schedule","410.4","1296.01","Radiology"
"Endocrine nuclear procedure","78099","HCPCS","","","","","","","facility","outpatient","","","","","","Bcbs","Highmark Wholecare Medicare Managed Care Plan","475.21","","","","","","","fee schedule","410.4","1296.01","APC"
"Endocrine nuclear procedure","78099","HCPCS","","","","","","","facility","outpatient","","","","","","Cigna","All Commercial Plans","635.48","","","","","","","fee schedule","410.4","1296.01",""
"Endocrine surgery procedure","60699","HCPCS","","","","","","","facility","outpatient","","","","","","Aetna","Medicare Managed Care Plan","6728.97","","","","","","","fee schedule","6206.33","19598.93","APC"
"Endoscopic Tubal Interruption","362","MS-DRG","","","","","","","facility","inpatient","","","","","","Jefferson Health Plan","Health Partners Medicare Managed Care Plan","","","[MSDRG Base Rate: FEE SCHEDULE]","","","","0","other","","","No services performed during 15-month lookback period."
"Endovasc tempory vessel occl","61623","HCPCS","","","","","","","facility","outpatient","","","","","","Amerihealth","Medicare Managed Care Plan","13472.99","","","","","","","fee schedule","11851.24","37424.98","APC"
"Endovascular Abdominal Aorta With Iliac Branch Procedures","213","MS-DRG","","","","","","","facility","inpatient","","","","","","Unitedhealthcare","All Commercial Plans","","91","","","","","0","percent of total billed charges","","","No services performed during 15-month lookback period."
"Endovascular Cardiac Valve Replacement And Supplement Procedures With Mcc","266","MS-DRG","","","","","","","facility","inpatient","","","","","","Bcbs","Highmark Medicare Managed Care Plan","52151.6","","","","","","","fee schedule","52151.6","146763.54","MSDRG Base Rate"
"Endovascular Cardiac Valve Replacement And Supplement Procedures Without Mcc","267","MS-DRG","","","","","","","facility","inpatient","","","","","","Unitedhealthcare","Medicare Managed Care Plan","43604.57","","","","","","","fee schedule","40612.1","114012.11","MSDRG Base Rate"
"Entamoeb hist dispr ag ia","87336","HCPCS","","","","","","","facility","outpatient","","","","","","Aetna","All Commercial Plans","17.76","","","","","","","fee schedule","10.4","48","Laboratory"
"Entamoeb hist group ag ia","87337","HCPCS","","","","","","","facility","outpatient","","","","","","Bcbs","Highmark All Commercial Plans","17.68","","","","","","","fee schedule","7.79","35.94","Radiology"
"Enterovirus antibody dfa","87267","HCPCS","","","","","","","facility","outpatient","","","","","","Cigna","All Commercial Plans","8.72","","","","","","","fee schedule","8.72","40.26",""
"Enterovirus antibody","86658","HCPCS","","","","","","","facility","outpatient","","","","","","Aetna","Medicare Managed Care Plan","13.42","","","","","","","fee schedule","8.47","39.09","APC"
"Enzyme histochemistry","88319","HCPCS","","","","","","","facility","outpatient","","","","","","Bcbs","Highmark Wholecare Medicare Managed Care Plan","957.71","","","","","","","fee schedule","55.6","2611.92","APC"
"Ep & ablate ventric tachy","93654","HCPCS","","","","","","","facility","outpatient","","","","","","Jefferson Health Plan","Health Partners Medicaid Managed Care/Aca Plan","84736.03","","","","","","","fee schedule","26833.08","84736.03","APC"
"Ephys eval ccm-d ld separate","0931T","HCPCS","","","","","","","facility","outpatient","","","","","","Bcbs","Highmark Health Options Medicare Managed Care Plan","1348.6","","","","","","","fee schedule","1249.92","3947.13","APC"
"Ephys eval ccm-d ld separate","0931T","HCPCS","","","","","","","facility","outpatient","","","","","","Jefferson Health Plan","Health Partners Medicare Managed Care Plan","1381.49","","","","","","","fee schedule","1249.92","3947.13","APC"
"Epistaxis Without Mcc","151","MS-DRG","","","","","","","facility","inpatient","","","","","","Aetna","Medicare Managed Care Plan","","","[MSDRG Base Rate: FEE SCHEDULE] [Psych-Per Diem: 1065] [Rehab-Per Diem: 1598] [SNF-Per Diem: 365]","","","","0","other","","","No services performed during 15-month lookback period."
"Epstein-barr capsid vca","86665","HCPCS","","","","","","","facility","outpatient","","","","","","Bcbs","Highmark All Commercial Plans","26.77","","","","","","","fee schedule","11.79","54.42","Radiology"
"Epstein-barr capsid vca","86665","HCPCS","","","","","","","facility","outpatient","","","","","","Jefferson Health Plan","Health Partners Medicare Managed Care Plan","19.05","","","","","","","fee schedule","11.79","54.42","APC"
"Epstein-barr nuclear antigen","86664","HCPCS","","","","","","","facility","outpatient","","","","","","Bcbs","Highmark Health Options Medicare Managed Care Plan","15.67","","","","","","","fee schedule","9.94","45.87","APC"
"Ercp sphincter pressure meas","43263","HCPCS","","","","","","","facility","outpatient","","","","","","Bcbs","Highmark Health Options Medicare Managed Care Plan","2125.47","","","","","","","fee schedule","1969.95","6220.88","APC"
"Esophageal motility study","78258","HCPCS","","","","","","","facility","outpatient","","","","","","Cigna","All Commercial Plans","635.48","","","","","","","fee schedule","410.4","1296.01",""
"Esophagitis, Gastroenteritis And Miscellaneous Digestive Disorders With Mcc","391","MS-DRG","","","","","","","facility","inpatient","","","","","","Unitedhealthcare","Medicare Managed Care Plan","11964.27","","","","","","","fee schedule","11143.2","29805.05","MSDRG Base Rate"
"Esophagoscop ultrasound exam","43231","HCPCS","","","","","","","facility","outpatient","","","","","","Bcbs","Highmark Wholecare Medicare Managed Care Plan","2280.99","","","","","","","fee schedule","1969.95","6220.88","APC"
"Esophagoscopy lesion ablate","43229","HCPCS","","","","","","","facility","outpatient","","","","","","Aetna","All Commercial Plans","5832.87","","","","","","","fee schedule","3958.02","12499.01","Radiology"
"Esophagoscopy lesion removal","43216","HCPCS","","","","","","","facility","outpatient","","","","","","Aetna","Medicare Managed Care Plan","2135.84","","","","","","","fee schedule","1969.95","6220.88","APC"
"Esophagoscopy rigid trnso dx","43191","HCPCS","","","","","","","facility","outpatient","","","","","","Bcbs","Highmark All Commercial Plans","3059.64","","","","","","","fee schedule","1969.95","6220.88","Radiology"
"Esophagoscp guide wire dilat","43196","HCPCS","","","","","","","facility","outpatient","","","","","","Bcbs","Highmark Wholecare Medicare Managed Care Plan","2280.99","","","","","","","fee schedule","1969.95","6220.88","APC"
"Esophagus endoscopy/ligation","43205","HCPCS","","","","","","","facility","outpatient","","","","","","Bcbs","Highmark Wholecare Medicare Managed Care Plan","2280.99","","","","","","","fee schedule","1969.95","6220.88","APC"
"Estradiol response panel","80415","HCPCS","","","","","","","facility","outpatient","","","","","","Bcbs","Highmark Medicare Managed Care Plan","53.1","","","","","","","fee schedule","36.33","167.67","APC"
"Estradiol response panel","80415","HCPCS","","","","","","","facility","outpatient","","","","","","Jefferson Health Plan","Health Partners Medicare Managed Care Plan","58.68","","","","","","","fee schedule","36.33","167.67","APC"
"Esw integ wnd hlg 1st wnd","0512T","HCPCS","","","","","","","facility","outpatient","","","","","","Bcbs","Highmark Health Options Medicare Managed Care Plan","222.23","","","","","","","fee schedule","205.97","650.43","APC"
"Esw integ wnd hlg 1st wnd","0512T","HCPCS","","","","","","","facility","outpatient","","","","","","Bcbs","Highmark Medicare Managed Care Plan","205.97","","","","","","","fee schedule","205.97","650.43","APC"
"Evac meibomian glnd heat bi","0563T","HCPCS","","","","","","","facility","outpatient","","","","","","Bcbs","Highmark Medicare Managed Care Plan","60.56","","","","","","","fee schedule","60.56","191.25","APC"
"Eval aud rehab status","92626","HCPCS","","","","","","","facility","outpatient","","","","","","Healthspring","Medicare Managed Care Plan","139.05","","","","","","","fee schedule","132.1","417.14","APC"
"Evaluate pt use of inhaler","94664","HCPCS","","","","","","","facility","outpatient","","","","","","Bcbs","Highmark Wholecare Medicare Managed Care Plan","260.3","","","","","","","fee schedule","224.8","709.9","APC"
"Evaluate pt use of inhaler","94664","HCPCS","","","","","","","facility","outpatient","","","","","","Healthspring","Medicare Managed Care Plan","236.63","","","","","","","fee schedule","224.8","709.9","APC"
"Evaluation cervical mucus","89330","HCPCS","","","","","","","facility","outpatient","","","","","","First Health","Delaware Medicaid Managed Care Plan","11.42","","","","","","","fee schedule","6.75","31.14","Laboratory"
"Evaluation of speech fluency","92521","HCPCS","","","","","","","facility","outpatient","","","","","","Ambetter","All Commercial Plans","199.36","","","","","","","fee schedule","126.26","398.73","Radiology"
"Evaluation of wheezing","94060","HCPCS","","","","","","","facility","outpatient","","","","","","Jefferson Health Plan","Health Partners Medicaid Managed Care/Aca Plan","1209.74","","","","","","","fee schedule","383.08","1209.74","APC"
"Ex for speech device rx 1hr","92607","HCPCS","","","","","","","facility","outpatient","","","","","","Bcbs","Highmark All Commercial Plans","187.89","","","","","","","fee schedule","115.71","365.4","Occupational Therapy, Physical Therapy, Speech Therapy"
"Exam of vulva w/scope","56820","HCPCS","","","","","","","facility","outpatient","","","","","","Bcbs","Highmark Health Options Medicare Managed Care Plan","223.93","","","","","","","fee schedule","207.55","655.42","APC"
"Exam synovial fluid crystals","89060","HCPCS","","","","","","","facility","outpatient","","","","","","Amerihealth","Caritas Next Other Commercial Plan","11.73","","","","","","","fee schedule","4.76","21.99","Radiology"
"Exam/biopsy of vag w/scope","57421","HCPCS","","","","","","","facility","outpatient","","","","","","Ambetter","All Commercial Plans","1492.97","","","","","","","fee schedule","945.55","2985.94","Radiology"
"Exam/biopsy of vulva w/scope","56821","HCPCS","","","","","","","facility","outpatient","","","","","","Ambetter","All Commercial Plans","493.95","","","","","","","fee schedule","312.83","987.9","Radiology"
"Exc Skin Abd","15830","HCPCS","","","","","","","facility","outpatient","","","","","","Bcbs","Highmark All Commercial Plans","10587.54","","","","","","","fee schedule","6816.78","21526.69","Radiology"
"Exc Skin Abd","15830","HCPCS","","","","","","","facility","outpatient","","","","","","Bcbs","Highmark Health Options Medicare Managed Care Plan","7354.95","","","","","","","fee schedule","6816.78","21526.69","APC"
"Exc abdl tum deep 5 cm/>","22901","HCPCS","","","","","","","facility","outpatient","","","","","","Healthspring","Medicare Managed Care Plan","3138.92","","","","","","","fee schedule","2981.98","9416.76","APC"
"Exc abdl tum deep < 5 cm","22900","HCPCS","","","","","","","facility","outpatient","","","","","","Amerihealth","Medicare Managed Care Plan","3390.04","","","","","","","fee schedule","2981.98","9416.76","APC"
"Exc back tum deep < 5 cm","21932","HCPCS","","","","","","","facility","outpatient","","","","","","Jefferson Health Plan","Health Partners Medicaid Managed Care/Aca Plan","9416.76","","","","","","","fee schedule","2981.98","9416.76","APC"
"Exc chest wall tumor w/ribs","21601","HCPCS","","","","","","","facility","outpatient","","","","","","Healthspring","Medicare Managed Care Plan","3138.92","","","","","","","fee schedule","2981.98","9416.76","APC"
"Exc f/e/e/n/l mal+mrg 0.6-1","11641","HCPCS","","","","","","","facility","outpatient","","","","","","Jefferson Health Plan","Health Partners Medicaid Managed Care/Aca Plan","2295.69","","","","","","","fee schedule","726.97","2295.69","APC"
"Exc f/e/e/n/l mal+mrg 3.1-4","11644","HCPCS","","","","","","","facility","outpatient","","","","","","Bcbs","Highmark Health Options Medicare Managed Care Plan","1829.38","","","","","","","fee schedule","1695.53","5354.29","APC"
"Exc face les sc <2 cm","21011","HCPCS","","","","","","","facility","outpatient","","","","","","Bcbs","Highmark All Commercial Plans","2633.42","","","","","","","fee schedule","1695.53","5354.29","Radiology"
"Exc face-mm b9+marg 0.6-1 cm","11441","HCPCS","","","","","","","facility","outpatient","","","","","","Bcbs","Highmark Wholecare Medicare Managed Care Plan","841.75","","","","","","","fee schedule","726.97","2295.69","APC"
"Exc foot/toe tum sc 1.5 cm/>","28039","HCPCS","","","","","","","facility","outpatient","","","","","","Bcbs","Highmark Medicare Managed Care Plan","2981.98","","","","","","","fee schedule","2981.98","9416.76","APC"
"Exc forearm les sc 3 cm/>","25071","HCPCS","","","","","","","facility","outpatient","","","","","","Ambetter","All Commercial Plans","2677.15","","","","","","","fee schedule","1695.53","5354.29","Radiology"
"Exc forearm tum deep < 3 cm","25076","HCPCS","","","","","","","facility","outpatient","","","","","","Bcbs","Highmark All Commercial Plans","2633.42","","","","","","","fee schedule","1695.53","5354.29","Radiology"
"Exc h-f-nk-sp b9+marg 3.1-4","11424","HCPCS","","","","","","","facility","outpatient","","","","","","Aetna","Medicare Managed Care Plan","1838.31","","","","","","","fee schedule","1695.53","5354.29","APC"
"Exc hand les sc 1.5 cm/>","26111","HCPCS","","","","","","","facility","outpatient","","","","","","Amerihealth","Caritas Next Other Commercial Plan","2855.62","","","","","","","fee schedule","1695.53","5354.29","Radiology"
"Exc hip pelvis les sc 3 cm/>","27043","HCPCS","","","","","","","facility","outpatient","","","","","","Bcbs","Highmark All Commercial Plans","4631.48","","","","","","","fee schedule","2981.98","9416.76","Radiology"
"Exc hip/pelv tum deep 5 cm/>","27045","HCPCS","","","","","","","facility","outpatient","","","","","","Jefferson Health Plan","Health Partners Medicare Managed Care Plan","3295.87","","","","","","","fee schedule","2981.98","9416.76","APC"
"Exc neck les sc < 3 cm","21555","HCPCS","","","","","","","facility","outpatient","","","","","","Aetna","Medicare Managed Care Plan","1838.31","","","","","","","fee schedule","1695.53","5354.29","APC"
"Exc neck tum deep 5 cm/>","21554","HCPCS","","","","","","","facility","outpatient","","","","","","Aetna","All Commercial Plans","4394.49","","","","","","","fee schedule","2981.98","9416.76","Radiology"
"Exc neck tum deep < 5 cm","21556","HCPCS","","","","","","","facility","outpatient","","","","","","Jefferson Health Plan","Health Partners Medicare Managed Care Plan","3295.87","","","","","","","fee schedule","2981.98","9416.76","APC"
"Exc rectal tumor endoscopic","0184T","HCPCS","","","","","","","facility","outpatient","","","","","","Jefferson Health Plan","Health Partners Medicaid Managed Care/Aca Plan","19681.18","","","","","","","fee schedule","6232.37","19681.18","APC"
"Exc s/n/h/f/g mal+mrg 2.1-3","11623","HCPCS","","","","","","","facility","outpatient","","","","","","Healthspring","Medicare Managed Care Plan","1784.76","","","","","","","fee schedule","1695.53","5354.29","APC"
"Exc shoulder tum deep 5 cm/>","23073","HCPCS","","","","","","","facility","outpatient","","","","","","Amerihealth","Caritas Next Other Commercial Plan","5022.27","","","","","","","fee schedule","2981.98","9416.76","Radiology"
"Exc thigh/knee les sc 3 cm/>","27337","HCPCS","","","","","","","facility","outpatient","","","","","","Jefferson Health Plan","Health Partners Medicare Managed Care Plan","3295.87","","","","","","","fee schedule","2981.98","9416.76","APC"
"Exc thigh/knee tum deep <5cm","27328","HCPCS","","","","","","","facility","outpatient","","","","","","Jefferson Health Plan","Health Partners Medicare Managed Care Plan","3295.87","","","","","","","fee schedule","2981.98","9416.76","APC"
"Exc tr-ext b9+marg 0.6-1 cm","11401","HCPCS","","","","","","","facility","outpatient","","","","","","Aetna","Medicare Managed Care Plan","452.47","","","","","","","fee schedule","417.33","1317.88","APC"
"Exc tr-ext b9+marg 0.6-1 cm","11401","HCPCS","","","","","","","facility","outpatient","","","","","","Healthspring","Medicare Managed Care Plan","439.29","","","","","","","fee schedule","417.33","1317.88","APC"
"Exc tr-ext mal+marg 0.5 cm/<","11600","HCPCS","","","","","","","facility","outpatient","","","","","","Bcbs","Highmark Health Options Medicare Managed Care Plan","784.36","","","","","","","fee schedule","726.97","2295.69","APC"
"Exc tr-ext mal+marg 1.1-2 cm","11602","HCPCS","","","","","","","facility","outpatient","","","","","","Aetna","All Commercial Plans","615.01","","","","","","","fee schedule","417.33","1317.88","Radiology"
"Exc tr-ext mal+marg 2.1-3 cm","11603","HCPCS","","","","","","","facility","outpatient","","","","","","Aetna","Medicare Managed Care Plan","788.19","","","","","","","fee schedule","726.97","2295.69","APC"
"Exc tr-ext mal+marg 2.1-3 cm","11603","HCPCS","","","","","","","facility","outpatient","","","","","","Amerihealth","Medicare Managed Care Plan","826.45","","","","","","","fee schedule","726.97","2295.69","APC"
"Exchange drainage catheter","49423","HCPCS","","","","","","","facility","outpatient","","","","","","Healthspring","Medicare Managed Care Plan","2073.63","","","","","","","fee schedule","1969.95","6220.88","APC"
"Excise anal ext tag/papilla","46220","HCPCS","","","","","","","facility","outpatient","","","","","","Jefferson Health Plan","Health Partners Medicare Managed Care Plan","1357.78","","","","","","","fee schedule","1228.47","3879.38","APC"
"Excise excess skin arm/hand","15837","HCPCS","","","","","","","facility","outpatient","","","","","","Amerihealth","Medicare Managed Care Plan","3390.04","","","","","","","fee schedule","2981.98","9416.76","APC"
"Excise excess skin arm/hand","15837","HCPCS","","","","","","","facility","outpatient","","","","","","Healthspring","Medicare Managed Care Plan","3138.92","","","","","","","fee schedule","2981.98","9416.76","APC"
"Excise excess skin fat pad","15838","HCPCS","","","","","","","facility","outpatient","","","","","","Aetna","All Commercial Plans","4394.49","","","","","","","fee schedule","2981.98","9416.76","Radiology"
"Excise excess skin fat pad","15838","HCPCS","","","","","","","facility","outpatient","","","","","","Jefferson Health Plan","Health Partners Medicare Managed Care Plan","3295.87","","","","","","","fee schedule","2981.98","9416.76","APC"
"Excise excessive skin arm","15836","HCPCS","","","","","","","facility","outpatient","","","","","","Amerihealth","Medicare Managed Care Plan","3390.04","","","","","","","fee schedule","2981.98","9416.76","APC"
"Excise foot tendon sheath","28088","HCPCS","","","","","","","facility","outpatient","","","","","","Amerihealth","Medicare Managed Care Plan","3818.69","","","","","","","fee schedule","3359.03","10607.46","APC"
"Excise intrspinl lesion lmbr","63267","HCPCS","","","","","","","facility","outpatient","","","","","","Ambetter","All Commercial Plans","11761.92","","","","","","","fee schedule","7449.22","23523.84","Radiology"
"Excise parotid gland/lesion","42425","HCPCS","","","","","","","facility","outpatient","","","","","","Bcbs","Highmark Medicare Managed Care Plan","6077.29","","","","","","","fee schedule","6077.29","19191.43","APC"
"Excise pharynx lesion","42808","HCPCS","","","","","","","facility","outpatient","","","","","","Ambetter","All Commercial Plans","5374.17","","","","","","","fee schedule","3403.64","10748.35","Radiology"
"Excise pharynx lesion","42808","HCPCS","","","","","","","facility","outpatient","","","","","","Jefferson Health Plan","Health Partners Medicare Managed Care Plan","3761.92","","","","","","","fee schedule","3403.64","10748.35","APC"
"Excise sublingual gland","42450","HCPCS","","","","","","","facility","outpatient","","","","","","Bcbs","Highmark Wholecare Medicare Managed Care Plan","7036.86","","","","","","","fee schedule","6077.29","19191.43","APC"
"Excise submaxillary gland","42440","HCPCS","","","","","","","facility","outpatient","","","","","","Ambetter","All Commercial Plans","9595.72","","","","","","","fee schedule","6077.29","19191.43","Radiology"
"Excise submaxillary gland","42440","HCPCS","","","","","","","facility","outpatient","","","","","","Amerihealth","Medicare Managed Care Plan","6908.91","","","","","","","fee schedule","6077.29","19191.43","APC"
"Excise tendon forearm/wrist","25109","HCPCS","","","","","","","facility","outpatient","","","","","","Jefferson Health Plan","Health Partners Medicare Managed Care Plan","3712.61","","","","","","","fee schedule","3359.03","10607.46","APC"
"Excision graft extremity","35903","HCPCS","","","","","","","facility","outpatient","","","","","","Ambetter","All Commercial Plans","5118.1","","","","","","","fee schedule","3241.46","10236.2","Radiology"
"Excision of gum lesion","41822","HCPCS","","","","","","","facility","outpatient","","","","","","Aetna","Medicare Managed Care Plan","1726.99","","","","","","","fee schedule","1592.85","5030.06","APC"
"Excision of gum lesion","41822","HCPCS","","","","","","","facility","outpatient","","","","","","Healthspring","Medicare Managed Care Plan","1676.69","","","","","","","fee schedule","1592.85","5030.06","APC"
"Excision of mouth lesion","41116","HCPCS","","","","","","","facility","outpatient","","","","","","Aetna","All Commercial Plans","5015.9","","","","","","","fee schedule","3403.64","10748.35","Radiology"
"Excision of mouth lesion","41116","HCPCS","","","","","","","facility","outpatient","","","","","","Bcbs","Highmark Medicare Managed Care Plan","3403.64","","","","","","","fee schedule","3403.64","10748.35","APC"
"Excision of nail fold toe","11765","HCPCS","","","","","","","facility","outpatient","","","","","","Healthspring","Medicare Managed Care Plan","439.29","","","","","","","fee schedule","417.33","1317.88","APC"
"Excision of tongue lesion","41110","HCPCS","","","","","","","facility","outpatient","","","","","","Jefferson Health Plan","Health Partners Medicare Managed Care Plan","3761.92","","","","","","","fee schedule","3403.64","10748.35","APC"
"Exhaled Nitric Oxide Meas","95012","HCPCS","","","","","","","facility","outpatient","","","","","","Aetna","Medicare Managed Care Plan","41.57","","","","","","","fee schedule","38.34","121.09","APC"
"Exhaled air analysis o2","94680","HCPCS","","","","","","","facility","outpatient","","","","","","Aetna","All Commercial Plans","194.67","","","","","","","fee schedule","132.1","417.14","Radiology"
"Exhaled air analysis o2","94680","HCPCS","","","","","","","facility","outpatient","","","","","","Jefferson Health Plan","Health Partners Medicaid Managed Care/Aca Plan","417.14","","","","","","","fee schedule","132.1","417.14","APC"
"Exome sequence analysis","81415","HCPCS","","","","","","","facility","outpatient","","","","","","Cigna","All Commercial Plans","3107","","","","","","","fee schedule","3107","14340",""
"Exploration for testis","54560","HCPCS","","","","","","","facility","outpatient","","","","","","Bcbs","Highmark Health Options Medicare Managed Care Plan","2315.4","","","","","","","fee schedule","2145.98","6776.79","APC"
"Exploration maxillary sinus","31020","HCPCS","","","","","","","facility","outpatient","","","","","","Ambetter","All Commercial Plans","5374.17","","","","","","","fee schedule","3403.64","10748.35","Radiology"
"Exploration maxillary sinus","31020","HCPCS","","","","","","","facility","outpatient","","","","","","Bcbs","Highmark All Commercial Plans","5286.4","","","","","","","fee schedule","3403.64","10748.35","Radiology"
"Exploration maxillary sinus","31030","HCPCS","","","","","","","facility","outpatient","","","","","","Aetna","Medicare Managed Care Plan","6589.06","","","","","","","fee schedule","6077.29","19191.43","APC"
"Exploration of knee joint","27310","HCPCS","","","","","","","facility","outpatient","","","","","","Amerihealth","Caritas Next Other Commercial Plan","5657.31","","","","","","","fee schedule","3359.03","10607.46","Radiology"
"Exploration of middle ear","69440","HCPCS","","","","","","","facility","outpatient","","","","","","Ambetter","All Commercial Plans","5374.17","","","","","","","fee schedule","3403.64","10748.35","Radiology"
"Exploration of middle ear","69440","HCPCS","","","","","","","facility","outpatient","","","","","","Bcbs","Highmark Medicare Managed Care Plan","3403.64","","","","","","","fee schedule","3403.64","10748.35","APC"
"Exploration of spinal fusion","22830","HCPCS","","","","","","","facility","outpatient","","","","","","Aetna","Medicare Managed Care Plan","8076.52","","","","","","","fee schedule","7449.22","23523.84","APC"
"Exploration sphenoid sinus","31050","HCPCS","","","","","","","facility","outpatient","","","","","","Jefferson Health Plan","Health Partners Medicare Managed Care Plan","6717","","","","","","","fee schedule","6077.29","19191.43","APC"
"Exploratory elbow surgery","24000","HCPCS","","","","","","","facility","outpatient","","","","","","Amerihealth","Caritas Next Other Commercial Plan","5657.31","","","","","","","fee schedule","3359.03","10607.46","Radiology"
"Explore inner ear","69805","HCPCS","","","","","","","facility","outpatient","","","","","","Amerihealth","Caritas Next Other Commercial Plan","10235.43","","","","","","","fee schedule","6077.29","19191.43","Radiology"
"Explore limb vessels","35860","HCPCS","","","","","","","facility","outpatient","","","","","","Aetna","All Commercial Plans","4776.89","","","","","","","fee schedule","3241.46","10236.2","Radiology"
"Explore sinus remove polyps","31032","HCPCS","","","","","","","facility","outpatient","","","","","","Healthspring","Medicare Managed Care Plan","6397.14","","","","","","","fee schedule","6077.29","19191.43","APC"
"Explore wound chest","20101","HCPCS","","","","","","","facility","outpatient","","","","","","Aetna","All Commercial Plans","3121.5","","","","","","","fee schedule","2118.16","6688.93","Radiology"
"Explore/irrigate tear ducts","68840","HCPCS","","","","","","","facility","outpatient","","","","","","Aetna","Medicare Managed Care Plan","353.29","","","","","","","fee schedule","325.85","1028.99","APC"
"Explore/treat eye socket","67413","HCPCS","","","","","","","facility","outpatient","","","","","","Bcbs","Highmark All Commercial Plans","3790.83","","","","","","","fee schedule","2440.72","7707.54","Radiology"
"Explore/treat finger joint","26075","HCPCS","","","","","","","facility","outpatient","","","","","","Aetna","All Commercial Plans","4950.15","","","","","","","fee schedule","3359.03","10607.46","Radiology"
"Explore/treat knee joint","27331","HCPCS","","","","","","","facility","outpatient","","","","","","Bcbs","Highmark Wholecare Medicare Managed Care Plan","3889.4","","","","","","","fee schedule","3359.03","10607.46","APC"
"Ext ecg>48hr<7d recording","93242","HCPCS","","","","","","","facility","outpatient","","","","","","Jefferson Health Plan","Health Partners Medicaid Managed Care/Aca Plan","121.09","","","","","","","fee schedule","38.34","121.09","APC"
"Ext ecg>7d<15d scan a/r","93247","HCPCS","","","","","","","facility","outpatient","","","","","","Jefferson Health Plan","Health Partners Medicare Managed Care Plan","150.96","","","","","","","fee schedule","136.59","431.33","APC"
"Extended culture of oocytes","89272","HCPCS","","","","","","","facility","outpatient","","","","","","Ambetter","All Commercial Plans","1305.96","","","","","","","fee schedule","408.33","2611.92","Radiology"
"Extended culture of oocytes","89272","HCPCS","","","","","","","facility","outpatient","","","","","","Bcbs","Highmark Medicare Managed Care Plan","827.11","","","","","","","fee schedule","408.33","2611.92","APC"
"Extensive Burns Or Full Thickness Burns With Mv >96 Hours Without Skin Graft","933","MS-DRG","","","","","","","facility","inpatient","","","","","","Bcbs","Highmark Medicare Managed Care Plan","33299.93","","","","","","","fee schedule","33299.93","91513.7","MSDRG Base Rate"
"Extensive O.R. Procedures Unrelated To Principal Diagnosis With Cc","982","MS-DRG","","","","","","","facility","inpatient","","","","","","Healthspring","Medicare Managed Care Plan","","","[MSDRG Base Rate: FEE SCHEDULE]","","","","0","other","","","No services performed during 15-month lookback period."
"Extensive O.R. Procedures Unrelated To Principal Diagnosis With Cc","982","MS-DRG","","","","","","","facility","inpatient","","","","","","Jefferson Health Plan","Health Partners Medicaid Managed Care/Aca Plan","57774.75","","","","","","","fee schedule","21185.83","57774.75",""
"Extensive O.R. Procedures Unrelated To Principal Diagnosis With Mcc","981","MS-DRG","","","","","","","facility","inpatient","","","","","","Aetna - De","Better Health Medicaid Managed Care Plan","","","[Inpatient Services: Payer leverages state specific Medicaid payment methodology. Available, referenceable algorithm logic found here: https://medicaidpublications.dhss.delaware.gov/docs/search]","","","","0","other","","","No services performed during 15-month lookback period."
"Extensive ear canal surgery","69150","HCPCS","","","","","","","facility","outpatient","","","","","","Bcbs","Highmark Wholecare Medicare Managed Care Plan","7036.86","","","","","","","fee schedule","6077.29","19191.43","APC"
"Extensive sternum surgery","21630","HCPCS","","","","","","","facility","outpatient","","","","","","Healthspring","Medicare Managed Care Plan","7841.28","","","","","","","fee schedule","7449.22","23523.84","APC"
"Extensive surgery of throat","42842","HCPCS","","","","","","","facility","outpatient","","","","","","Bcbs","Highmark All Commercial Plans","9438.99","","","","","","","fee schedule","6077.29","19191.43","Radiology"
"Extensive vulva surgery","56630","HCPCS","","","","","","","facility","outpatient","","","","","","Ambetter","All Commercial Plans","8108.69","","","","","","","fee schedule","5135.51","16217.39","Radiology"
"Extensv oral eval prob focus","D0160","HCPCS","","","","","","","facility","outpatient","","","","","","Amerihealth","Medicare Managed Care Plan","155.38","","","","","","","fee schedule","136.68","431.61","APC"
"Extracranial Procedures With Cc","038","MS-DRG","","","","","","","facility","inpatient","","","","","","Ibc","All Commercial Plans","","","[Psych-Per Diem: 1800] [All Other IP (%BC): 89.50]","","","","0","other","","","No services performed during 15-month lookback period."
"Extraocular Procedures Except Orbit","115","MS-DRG","","","","","","","facility","inpatient","","","","","","Unitedhealthcare","Medicare Managed Care Plan","14379.53","","","","","","","fee schedule","13392.7","36070.15","MSDRG Base Rate"
"Extraoral 2d project image","D0250","HCPCS","","","","","","","facility","outpatient","","","","","","Amerihealth","Medicare Managed Care Plan","101.57","","","","","","","fee schedule","89.34","282.13","APC"
"Eye exam establish patient","92012","HCPCS","","","","","","","facility","outpatient","","","","","","Aetna","All Commercial Plans","201.42","","","","","","","fee schedule","136.68","431.61","Radiology"
"Eye mvmt alys w/o calbrj i&r","0615T","HCPCS","","","","","","","facility","outpatient","","","","","","Ambetter","All Commercial Plans","215.66","","","","","","","fee schedule","136.59","431.33","Radiology"
"Eye service or procedure","92499","HCPCS","","","","","","","facility","outpatient","","","","","","Amerihealth","Caritas Next Other Commercial Plan","50.01","","","","","","","fee schedule","29.69","93.77","Radiology"
"Eye service or procedure","92499","HCPCS","","","","","","","facility","outpatient","","","","","","Bcbs","Highmark Health Options Medicare Managed Care Plan","32.04","","","","","","","fee schedule","29.69","93.77","APC"
"Eye surgery procedure","67299","HCPCS","","","","","","","facility","outpatient","","","","","","Amerihealth","Caritas Next Other Commercial Plan","3990.24","","","","","","","fee schedule","2369.21","7481.71","Radiology"
"F5 gene","81241","HCPCS","","","","","","","facility","outpatient","","","","","","Unitedhealthcare","All Commercial Plans","73.37","","","","","","","fee schedule","47.69","220.11",""
"FACTOR VIII RAG","HemaMe1123","CDM","305","RC","85246","HCPCS","","","facility","both","","","","213.44","213.44","","","","","","","","","","","","","Gross Charge Type: Acute Discounted"
"FAT,FECAL,72 HOUR","ChemCh7147","CDM","301","RC","82710","HCPCS","","","facility","both","","","","283.05","283.05","","","","","","","","","","","","","Gross Charge Type: Main Acute Price List"
"FELT, PTFE 15X2X15X2CM","OperWmSup26761","CDM","278","RC","C1768","HCPCS","","","facility","both","","","","2500.86","2500.86","","","","","","","","","","","","","Gross Charge Type: Main Acute Price List"
"FEMORAL, 5MM AUGMENT BLOCK POSTERIOR SZ E W/ SCREW","ScorChSup121128","CDM","278","RC","C1713","HCPCS","","","facility","both","","","","3745.06","3745.06","","","","","","","","","","","","","Gross Charge Type: Main Acute Price List"
"FEMORAL, AUGMENT PERSONA POSTERIOR SZ 11 10MM THICKNESS","AnesWmSup117109","CDM","278","RC","C1776","HCPCS","","","facility","both","","","","5420.57","5420.57","","","","","","","","","","","","","Gross Charge Type: Main Acute Price List"
"FEMORAL, AUGMENT PERSONA POSTERIOR SZ 11 10MM THICKNESS","ScpuWmSup117109","CDM","278","RC","C1776","HCPCS","","","facility","both","","","","5420.57","5420.57","","","","","","","","","","","","","Gross Charge Type: Main Acute Price List"
"FEMORAL, COMPONENT 7.0X5.0MM 36X35PFXL","AnesWmSup110254","CDM","278","RC","C1776","HCPCS","","","facility","both","","","","25021.22","25021.22","","","","","","","","","","","","","Gross Charge Type: Main Acute Price List"
"FEMORAL, COMPONENT 7.0X5.0MM 36X35PFXL","PacuChSup110254","CDM","278","RC","C1776","HCPCS","","","facility","both","","","","25021.22","25021.22","","","","","","","","","","","","","Gross Charge Type: Main Acute Price List"
"FEMORAL, COMPONENT 7.0X5.0MM 36X35PFXL","ScorChSup110254","CDM","278","RC","C1776","HCPCS","","","facility","both","","","","25021.22","25021.22","","","","","","","","","","","","","Gross Charge Type: Main Acute Price List"
"FEMORAL, ELLIPTICAL SEGMENTAL OSS POROUS PLASMA 7CM RD LEFT","DelrChSup119684","CDM","278","RC","C1776","HCPCS","","","facility","both","","","","28015.66","28015.66","","","","","","","","","","","","","Gross Charge Type: Main Acute Price List"
"FEMUR, CEMENTED PERSONA REVISION RIGHT SZ 11","GyscChSup117107","CDM","278","RC","C1776","HCPCS","","","facility","both","","","","30059.52","30059.52","","","","","","","","","","","","","Gross Charge Type: Main Acute Price List"
"FEMUR, PERSONA REVISION CEMENTED PLUS SZ 5+ LEFT","OperWmSup10180756","CDM","278","RC","C1776","HCPCS","","","facility","both","","","","30066.66","30066.66","","","","","","","","","","","","","Gross Charge Type: Main Acute Price List"
"FEMUR, PERSONA REVISION CEMENTED STANDARD RIGHT SIZE 5","CspuChSup109081","CDM","278","RC","C1776","HCPCS","","","facility","both","","","","26411.29","26411.29","","","","","","","","","","","","","Gross Charge Type: Main Acute Price List"
"FEMUR, PERSONA REVISION CEMENTED STANDARD RIGHT SIZE 5","GastWmSup109081","CDM","278","RC","C1776","HCPCS","","","facility","both","","","","26411.29","26411.29","","","","","","","","","","","","","Gross Charge Type: Main Acute Price List"
"FEMUR, PERSONA REVISION CEMENTED STANDARD RIGHT SIZE 5","GyscChSup109081","CDM","278","RC","C1776","HCPCS","","","facility","both","","","","26411.29","26411.29","","","","","","","","","","","","","Gross Charge Type: Main Acute Price List"
"FENTANYL LEVEL,URINE","ChemSN2710","CDM","301","RC","G0480","HCPCS","","","facility","both","","","","409.55","409.55","","","","","","","","","","","","","Gross Charge Type: Main Acute Price List"
"FETAL BIOPHYSICAL PROFILE,WO NST GLR","LdtrCh76819","CDM","402","RC","76819","HCPCS","","","facility","both","","","","434.69","434.69","","","","","","","","","","","","","Gross Charge Type: Acute Discounted"
"FETAL FIBRONECTIN","ChemNr7152","CDM","301","RC","82731","HCPCS","","","facility","both","","","","512.97","512.97","","","","","","","","","","","","","Gross Charge Type: Main Acute Price List"
"FIBER, LASER ACCUMAX 550 MICRON","ScorWmSup51344","CDM","272","RC","","","","","facility","both","","","","2310.29","2310.29","","","","","","","","","","","","","Gross Charge Type: Main Acute Price List"
"FIBER, LASER FLEXIVA ID TRACTIP 365 HOLMIUM PULSE 120H","OperWmSup79499","CDM","272","RC","","","","","facility","both","","","","1844.11","1844.11","","","","","","","","","","","","","Gross Charge Type: Main Acute Price List"
"FIBER, LASER GREENLIGHT MOXY","AngiChSup46219","CDM","272","RC","","","","","facility","both","","","","18479.22","18479.22","","","","","","","","","","","","","Gross Charge Type: Main Acute Price List"
"FIBER, LASER SLIMLINE EZ 550 MICRON","ScanWmSup37407","CDM","270","RC","","","","","facility","both","","","","2465.62","2465.62","","","","","","","","","","","","","Gross Charge Type: Main Acute Price List"
"FIBER, MOSES 550 LASER","AngiChSup112514","CDM","272","RC","","","","","facility","both","","","","3233.86","3233.86","","","","","","","","","","","","","Gross Charge Type: Main Acute Price List"
"FIBER, MOSES 550 LASER","ScanWmSup112514","CDM","272","RC","","","","","facility","both","","","","3233.86","3233.86","","","","","","","","","","","","","Gross Charge Type: Main Acute Price List"
"FIBER, MOSES 550 LASER","ScorChSup112514","CDM","272","RC","","","","","facility","both","","","","3233.86","3233.86","","","","","","","","","","","","","Gross Charge Type: Main Acute Price List"
"FIBERTAK, RC 2.6 WHITE/BLACK","AnesChSup117818","CDM","278","RC","C1713","HCPCS","","","facility","both","","","","3138.99","3138.99","","","","","","","","","","","","","Gross Charge Type: Main Acute Price List"
"FIBERTAK, RC SP SOFT ANCHOR SELF PUNCHING 2.6MM WHITE/BLACK","EplbChSup115491","CDM","278","RC","C1713","HCPCS","","","facility","both","","","","2721.06","2721.06","","","","","","","","","","","","","Gross Charge Type: Main Acute Price List"
"FIBERWIRE, #2 2/5 METRIC","CcthChSup31139","CDM","272","RC","","","","","facility","both","","","","148.13","148.13","","","","","","","","","","","","","Gross Charge Type: Main Acute Price List"
"FIBERWIRE, #2 2/5 METRIC","ScanChSup31139","CDM","272","RC","","","","","facility","both","","","","148.13","148.13","","","","","","","","","","","","","Gross Charge Type: Main Acute Price List"
"FIBERWIRE, #2-0 BRAIDED POLYBLEND SUTURE","CcthChSup33268","CDM","270","RC","","","","","facility","both","","","","148.13","148.13","","","","","","","","","","","","","Gross Charge Type: Main Acute Price List"
"FIBERWIRE, 3-0 W/TAPERED NEEDLE","ScanWmSup38142","CDM","272","RC","","","","","facility","both","","","","148.13","148.13","","","","","","","","","","","","","Gross Charge Type: Main Acute Price List"
"FIBERWIRE, 4-0 W/TAPPERED NEEDLE","CcthChSup26516","CDM","270","RC","","","","","facility","both","","","","148.13","148.13","","","","","","","","","","","","","Gross Charge Type: Main Acute Price List"
"FIBERWIRE, 4-0 W/TAPPERED NEEDLE","Wilm5426516","CDM","270","RC","","","","","facility","both","","","","148.13","148.13","","","","","","","","","","","","","Gross Charge Type: Main Acute Price List"
"FIBRINOGEN,ACTIVITY","HemaCL2065","CDM","305","RC","85384","HCPCS","","","facility","both","","","","100.65","100.65","","","","","","","","","","","","","Gross Charge Type: Main Acute Price List"
"FIBRO - FIBROTEST-ACTITEST PANEL","ChemWm6013","CDM","310","RC","81596","HCPCS","","","facility","both","","","","184.63","184.63","","","","","","","","","","","","","Gross Charge Type: Main Acute Price List"
"FIBULA, LATERAL 6X77MM","GyscChSup78727","CDM","278","RC","C1776","HCPCS","","","facility","both","","","","7742.79","7742.79","","","","","","","","","","","","","Gross Charge Type: Main Acute Price List"
"FIBULA, LATERAL 77MM RT","OperChSup107903","CDM","278","RC","C1776","HCPCS","","","facility","both","","","","7742.79","7742.79","","","","","","","","","","","","","Gross Charge Type: Main Acute Price List"
"FIBULA, LATERAL 77MM RT","PacuWmSup107903","CDM","278","RC","C1776","HCPCS","","","facility","both","","","","7742.79","7742.79","","","","","","","","","","","","","Gross Charge Type: Main Acute Price List"
"FIBULA, LATERAL 89MM LT","PacuChSup106548","CDM","278","RC","C1776","HCPCS","","","facility","both","","","","7921.43","7921.43","","","","","","","","","","","","","Gross Charge Type: Main Acute Price List"
"FILLER, CERAMENT BONE VOID 5ML","CspuChSup118232","CDM","278","RC","C1713","HCPCS","","","facility","both","","","","8818.96","8818.96","","","","","","","","","","","","","Gross Charge Type: Main Acute Price List"
"FILTER, BREVERA SINGLE CHAMBER TISSUE","AnesWmSup74455","CDM","270","RC","","","","","facility","both","","","","79.93","79.93","","","","","","","","","","","","","Gross Charge Type: Main Acute Price List"
"FILTER, CHARCOAL ES-2000","CcthChSup212581","CDM","270","RC","","","","","facility","both","","","","663.35","663.35","","","","","","","","","","","","","Gross Charge Type: Main Acute Price List"
"FILTER, DENALI VENA CAVA FEMORAL","GastChSup54298","CDM","278","RC","C1880","HCPCS","","","facility","both","","","","5543.76","5543.76","","","","","","","","","","","","","Gross Charge Type: Main Acute Price List"
"FILTER, DENALI VENA CAVA JUGULAR","ScorChSup60289","CDM","278","RC","C1880","HCPCS","","","facility","both","","","","5212.76","5212.76","","","","","","","","","","","","","Gross Charge Type: Main Acute Price List"
"FILTER, OPTIONAL VENA CAVA FEMORAL 7FR","Chrs5456048","CDM","278","RC","C1880","HCPCS","","","facility","both","","","","5482.17","5482.17","","","","","","","","","","","","","Gross Charge Type: Main Acute Price List"
"FILTER, OPTIONAL VENA CAVA W/HOOK JUGULAR 7FR 59MM","Chrs5459055","CDM","278","RC","C1880","HCPCS","","","facility","both","","","","5482.17","5482.17","","","","","","","","","","","","","Gross Charge Type: Main Acute Price List"
"FILTER, TISSUE ATEC","CcicMR43075","CDM","272","RC","","","","","facility","both","","","","15.4","15.4","","","","","","","","","","","","","Gross Charge Type: Main Acute Price List"
"FILTER, TISSUE ATEC","CcsmCT43075","CDM","272","RC","","","","","facility","both","","","","15.4","15.4","","","","","","","","","","","","","Gross Charge Type: Main Acute Price List"
"FILTER, TISSUE ATEC","WilmCT43075","CDM","272","RC","","","","","facility","both","","","","15.4","15.4","","","","","","","","","","","","","Gross Charge Type: Main Acute Price List"
"FILTERWIRE, EZ SYSTEM 2.25 X 3.5 X 300","AngiChSup37805","CDM","272","RC","C1884","HCPCS","","","facility","both","","","","7500.58","7500.58","","","","","","","","","","","","","Gross Charge Type: Main Acute Price List"
"FIXATOR, FRAME 4.2MM AO FITTING","AngiChSup114840","CDM","272","RC","","","","","facility","both","","","","3195.29","3195.29","","","","","","","","","","","","","Gross Charge Type: Main Acute Price List"
"FIXATOR, FRAME 4.2MM AO FITTING","CcthChSup114840","CDM","272","RC","","","","","facility","both","","","","3195.29","3195.29","","","","","","","","","","","","","Gross Charge Type: Main Acute Price List"
"FLEXBAND, ARTELON PLUS 0.3X8CM","OperWmSup10195227","CDM","278","RC","C1781","HCPCS","","","facility","both","","","","11119.36","11119.36","","","","","","","","","","","","","Gross Charge Type: Main Acute Price List"
"FLEXSHEATH, DRYSEAL 12FRX33CM","Wilm5472233","CDM","272","RC","C1894","HCPCS","","","facility","both","","","","2285.27","2285.27","","","","","","","","","","","","","Gross Charge Type: Main Acute Price List"
"FLOWER ORTHO NO ROPE","ScanChSup118774","CDM","278","RC","C1713","HCPCS","","","facility","both","","","","19895.96","19895.96","","","","","","","","","","","","","Gross Charge Type: Main Acute Price List"
"FLUORO,CVC PLACE/REPLC/REMVL GLB","CcsmXR9626","CDM","320","RC","77001","HCPCS","","","facility","both","","","","438.2","438.2","","","","","","","","","","","","","Gross Charge Type: Main Acute Price List"
"FLUORO,CVC PLACE/REPLC/REMVL","CcsbXR9625","CDM","320","RC","77001","HCPCS","","","facility","both","","","","336.85","336.85","","","","","","","","","","","","","Gross Charge Type: Acute Discounted"
"FLUORO,CVC PLACE/REPLC/REMVL","CcsmXR9625","CDM","320","RC","77001","HCPCS","","","facility","both","","","","336.85","336.85","","","","","","","","","","","","","Gross Charge Type: Acute Discounted"
"FLUORO,NDLE/CATH SPINE/PARASP,NEURLY GLP","AngiCh2175","CDM","320","RC","77003","HCPCS","","","facility","both","","","","703.06","703.06","","","","","","","","","","","","","Gross Charge Type: Main Acute Price List"
"FLUORO,NEEDLE PLACEMENT GLP","CcicXR1567","CDM","320","RC","77002","HCPCS","","","facility","both","","","","215.96","215.96","","","","","","","","","","","","","Gross Charge Type: Main Acute Price List"
"FLUOROSCOPY,MD,>1 HR,ASST NONRAD PHY GLP","CcicXR1418","CDM","320","RC","76001","HCPCS","","","facility","both","","","TC","736.03","736.03","","","","","","","","","","","","","Gross Charge Type: Main Acute Price List | The modified price is presented in the standard charge value. | Modifier TC: Technical Component; represents the costs of equipment, supplies, and technician personnel for a procedure, excluding the physician's interpretation. It is used when only the technical portion of a test is billed, typically by hospitals, imaging centers, or independent diagnostic testing facilities"
"FNA,CT GUID,1ST LESION NR","ChrsCt3019","CDM","361","RC","10009","HCPCS","","","facility","both","","","","944.2","944.2","","","","","","","","","","","","","Gross Charge Type: Main Acute Price List"
"FNA,US GUID,1ST LESION GLP","IrraCh1034","CDM","361","RC","10005","HCPCS","","","facility","both","","","","944.2","944.2","","","","","","","","","","","","","Gross Charge Type: Main Acute Price List"
"FNA,US GUID,1ST LESION GLP","IrraWm1034","CDM","361","RC","10005","HCPCS","","","facility","both","","","","944.2","944.2","","","","","","","","","","","","","Gross Charge Type: Main Acute Price List"
"FORCEP, 3F 115CM PIRANHA UR BX","ScpuChSup211267","CDM","270","RC","","","","","facility","both","","","","1885.43","1885.43","","","","","","","","","","","","","Gross Charge Type: Main Acute Price List"
"FORCEP, 7FR 105CM STRAIGHT 2.2MM","GastWmSup42889","CDM","272","RC","","","","","facility","both","","","","1188.21","1188.21","","","","","","","","","","","","","Gross Charge Type: Main Acute Price List"
"FORCEP, 7FR 105CM STRAIGHT 2.2MM","ScorWmSup42889","CDM","272","RC","","","","","facility","both","","","","1188.21","1188.21","","","","","","","","","","","","","Gross Charge Type: Main Acute Price List"
"FORCEP, BIOPSY 7F-2.2MM-104CM","PacuWmSup204004","CDM","270","RC","","","","","facility","both","","","","1032.13","1032.13","","","","","","","","","","","","","Gross Charge Type: Main Acute Price List"
"FORCEP, COREDX MINI","ScanChSup113661","CDM","272","RC","","","","","facility","both","","","","3510.79","3510.79","","","","","","","","","","","","","Gross Charge Type: Main Acute Price List"
"FORCEP, GRASPING TALON 3/120","CcthChSup204137","CDM","270","RC","","","","","facility","both","","","","978.44","978.44","","","","","","","","","","","","","Gross Charge Type: Main Acute Price List"
"FORCEP, PKS CUTTING WITH ATTACHED CORD 10MM","EplbChSup38362","CDM","272","RC","","","","","facility","both","","","","4196.84","4196.84","","","","","","","","","","","","","Gross Charge Type: Main Acute Price List"
"FORCEP, PKS CUTTING WITH ATTACHED CORD 10MM","GastChSup38362","CDM","272","RC","","","","","facility","both","","","","4196.84","4196.84","","","","","","","","","","","","","Gross Charge Type: Main Acute Price List"
"FORCEP, RADIAL JAW #4 JUMBO W/NEEDLE","Chrs3137044","CDM","270","RC","","","","","facility","both","","","","185.34","185.34","","","","","","","","","","","","","Gross Charge Type: Main Acute Price List"
"FORCEPS, BIPOLAR FENESTRATED 8MM","EplbChSup34881","CDM","272","RC","","","","","facility","both","","","","1663.13","1663.13","","","","","","","","","","","","","Gross Charge Type: Main Acute Price List"
"FORCEPS, BIPOLAR MARYLAND FENESTRATED 8MM","PacuWmSup34879","CDM","272","RC","","","","","facility","both","","","","1563.83","1563.83","","","","","","","","","","","","","Gross Charge Type: Main Acute Price List"
"FORCEPS, DISSECTING PK 8MM","ScpuChSup34883","CDM","272","RC","","","","","facility","both","","","","1679.67","1679.67","","","","","","","","","","","","","Gross Charge Type: Main Acute Price List"
"FORCEPS, MAX GRIP 23G","ScorWmSup55188","CDM","272","RC","","","","","facility","both","","","","937.2","937.2","","","","","","","","","","","","","Gross Charge Type: Main Acute Price List"
"FREECLIMB70 REPERFUSION SYSTEM","ScanChSup119167","CDM","272","RC","C1757","HCPCS","","","facility","both","","","","25254.93","25254.93","","","","","","","","","","","","","Gross Charge Type: Main Acute Price List"
"FUNNEL, FISTULA FOR VAC","DelrChSup70734","CDM","272","RC","","","","","facility","both","","","","463.36","463.36","","","","","","","","","","","","","Gross Charge Type: Main Acute Price List"
"FUNNEL, FISTULA FOR VAC","ScanChSup70734","CDM","272","RC","","","","","facility","both","","","","463.36","463.36","","","","","","","","","","","","","Gross Charge Type: Main Acute Price List"
"Facility svs dental rehab","G0330","HCPCS","","","","","","","facility","outpatient","","","","","","Jefferson Health Plan","Health Partners Medicare Managed Care Plan","3761.92","","","","","","","fee schedule","3403.64","10748.35","APC"
"Factor inhibitor test","85335","HCPCS","","","","","","","facility","outpatient","","","","","","Ambetter","All Commercial Plans","16.73","","","","","","","fee schedule","8.37","38.61","Laboratory"
"False Labor","780","MS-DRG","","","","","","","facility","inpatient","","","","","","Bcbs","Highmark Wholecare Medicaid Managed Care Plan","","","[Inpatient Services: Payer leverages state specific Medicaid payment methodology. Available, referenceable algorithm logic found here: https://www.pa.gov/agencies/dhs/resources/for-providers]","","","","0","other","","","No services performed during 15-month lookback period."
"False Labor","780","MS-DRG","","","","","","","facility","inpatient","","","","","","Ibc","All Commercial Plans","","","[Psych-Per Diem: 1800] [All Other IP (%BC): 89.50]","","","","0","other","","","No services performed during 15-month lookback period."
"Fecal blood scrn immunoassay","G0328","HCPCS","","","","","","","facility","outpatient","","","","","","Bcbs","Highmark All Commercial Plans","26.63","","","","","","","fee schedule","11.73","54.15","Radiology"
"Fecal blood scrn immunoassay","G0328","HCPCS","","","","","","","facility","outpatient","","","","","","Jefferson Health Plan","Health Partners Medicaid Managed Care/Aca Plan","54.15","","","","","","","fee schedule","11.73","54.15","APC"
"Fecal microbiota prep instil","G0455","HCPCS","","","","","","","facility","outpatient","","","","","","Ambetter","All Commercial Plans","1507.41","","","","","","","fee schedule","954.69","3014.82","Radiology"
"Female Reproductive System Reconstructive Procedures","748","MS-DRG","","","","","","","facility","inpatient","","","","","","Wellcare","Medicare Managed Care Plan","14065.28","","","","","","","fee schedule","12147.29","32601.55","MSDRG Base Rate"
"Ferumoxytol, non-esrd","1297","APC","","","","","","","facility","outpatient","","","","","","Amerihealth","Medicare Managed Care Plan","","","[APC ($): FEE SCHEDULE]","","","","0","other","","","No services performed during 15-month lookback period."
"Ferumoxytol, non-esrd","Q0138","HCPCS","","","","","","","facility","outpatient","","","","","","Bcbs","Highmark All Commercial Plans","0.48","","","","","","","fee schedule","0.31","0.97","Radiology"
"Fetal biophys profil w/o nst","76819","HCPCS","","","","","","","facility","outpatient","","","","","","Bcbs","Highmark All Commercial Plans","166.69","","","","","","","fee schedule","107.33","338.93","Radiology"
"Fetal biophys profile w/nst","76818","HCPCS","","","","","","","facility","outpatient","","","","","","Bcbs","Highmark Wholecare Medicare Managed Care Plan","124.27","","","","","","","fee schedule","107.33","338.93","APC"
"Fetal chrmoml aneuploidy","81420","HCPCS","","","","","","","facility","outpatient","","","","","","Aetna","All Commercial Plans","1062.67","","","","","","","fee schedule","493.38","2277.15","Radiology"
"Fetal contract stress test","59020","HCPCS","","","","","","","facility","outpatient","","","","","","Jefferson Health Plan","Health Partners Medicare Managed Care Plan","229.4","","","","","","","fee schedule","207.55","655.42","APC"
"Fetal cord puncture prenatal","59012","HCPCS","","","","","","","facility","outpatient","","","","","","Bcbs","Highmark Wholecare Medicare Managed Care Plan","362.23","","","","","","","fee schedule","312.83","987.9","APC"
"Fetal fluid drainage w/us","59074","HCPCS","","","","","","","facility","outpatient","","","","","","Bcbs","Highmark Health Options Medicare Managed Care Plan","337.53","","","","","","","fee schedule","312.83","987.9","APC"
"Fever And Inflammatory Conditions","864","MS-DRG","","","","","","","facility","inpatient","","","","","","Wellcare","Medicare Managed Care Plan","","","[MSDRG Base Rate: FEE SCHEDULE]","","","","0","other","","","No services performed during 15-month lookback period."
"Fgfr3 gene analysis","0154U","HCPCS","","","","","","","facility","outpatient","","","","","","Ambetter","All Commercial Plans","723.21","","","","","","","fee schedule","458.03","1446.42","Radiology"
"Fgfr3 gene analysis","0154U","HCPCS","","","","","","","facility","outpatient","","","","","","Bcbs","Highmark All Commercial Plans","711.4","","","","","","","fee schedule","458.03","1446.42","Radiology"
"Fgfr3 gene analysis","0154U","HCPCS","","","","","","","facility","outpatient","","","","","","Jefferson Health Plan","Health Partners Medicare Managed Care Plan","506.25","","","","","","","fee schedule","458.03","1446.42","APC"
"Fibrin degradation quant","85379","HCPCS","","","","","","","facility","outpatient","","","","","","Ambetter","All Commercial Plans","15.27","","","","","","","fee schedule","6.62","30.54","Radiology"
"Fibrin degrade semiquant","85378","HCPCS","","","","","","","facility","outpatient","","","","","","Bcbs","Highmark Health Options Medicare Managed Care Plan","9.96","","","","","","","fee schedule","6.32","29.16","APC"
"Fibrinogen activity","85384","HCPCS","","","","","","","facility","outpatient","","","","","","Bcbs","Highmark All Commercial Plans","14.34","","","","","","","fee schedule","6.32","29.16","Radiology"
"Fibrinolysins screen i&r","85390","HCPCS","","","","","","","facility","outpatient","","","","","","Unitedhealthcare","All Commercial Plans","15.48","","","","","","","fee schedule","10.06","46.44",""
"Fibrinolytic plasminogen","85415","HCPCS","","","","","","","facility","outpatient","","","","","","First Health","Delaware Medicaid Managed Care Plan","18.91","","","","","","","fee schedule","11.17","51.57","Laboratory"
"Finger tendon transfer","26497","HCPCS","","","","","","","facility","outpatient","","","","","","Amerihealth","Caritas Next Other Commercial Plan","5657.31","","","","","","","fee schedule","3359.03","10607.46","Radiology"
"Fit aphakia spectcl monofocl","92352","HCPCS","","","","","","","facility","outpatient","","","","","","Bcbs","Highmark Wholecare Medicare Managed Care Plan","70.12","","","","","","","fee schedule","60.56","191.25","APC"
"Fit spectacles compound lens","92355","HCPCS","","","","","","","facility","outpatient","","","","","","Aetna","All Commercial Plans","56.51","","","","","","","fee schedule","38.34","121.09","Radiology"
"Fit spectacles compound lens","92355","HCPCS","","","","","","","facility","outpatient","","","","","","Amerihealth","Medicare Managed Care Plan","43.59","","","","","","","fee schedule","38.34","121.09","APC"
"Fitting of diaphragm/cap","57170","HCPCS","","","","","","","facility","outpatient","","","","","","Aetna","Medicare Managed Care Plan","225.03","","","","","","","fee schedule","207.55","655.42","APC"
"Fitting of diaphragm/cap","57170","HCPCS","","","","","","","facility","outpatient","","","","","","Bcbs","Highmark Medicare Managed Care Plan","207.55","","","","","","","fee schedule","207.55","655.42","APC"
"Fixation of ankle joint","27860","HCPCS","","","","","","","facility","outpatient","","","","","","Jefferson Health Plan","Health Partners Medicaid Managed Care/Aca Plan","10607.46","","","","","","","fee schedule","3359.03","10607.46","APC"
"Fixation of shoulder blade","23400","HCPCS","","","","","","","facility","outpatient","","","","","","Amerihealth","Medicare Managed Care Plan","8468.58","","","","","","","fee schedule","7449.22","23523.84","APC"
"Flowcytometry/ tc 1 marker","88184","HCPCS","","","","","","","facility","outpatient","","","","","","Aetna","Medicare Managed Care Plan","398.97","","","","","","","fee schedule","44.34","1162.04","APC"
"Flowcytometry/ tc 1 marker","88184","HCPCS","","","","","","","facility","outpatient","","","","","","Ambetter","All Commercial Plans","581.02","","","","","","","fee schedule","44.34","1162.04","Radiology"
"Flowcytometry/ tc 1 marker","88184","HCPCS","","","","","","","facility","outpatient","","","","","","Bcbs","Highmark Wholecare Medicare Managed Care Plan","426.08","","","","","","","fee schedule","44.34","1162.04","APC"
"Flt3 gene analysis","81246","HCPCS","","","","","","","facility","outpatient","","","","","","Cigna","All Commercial Plans","53.95","","","","","","","fee schedule","53.95","249",""
"Fluid pressure muscle","20950","HCPCS","","","","","","","facility","outpatient","","","","","","Aetna","All Commercial Plans","1071.32","","","","","","","fee schedule","726.97","2295.69","Radiology"
"Fluorescein angrph uni/bi","92235","HCPCS","","","","","","","facility","outpatient","","","","","","Amerihealth","Caritas Next Other Commercial Plan","373.33","","","","","","","fee schedule","221.67","700","Radiology"
"Fluorescein angrph uni/bi","92235","HCPCS","","","","","","","facility","outpatient","","","","","","Jefferson Health Plan","Health Partners Medicare Managed Care Plan","245","","","","","","","fee schedule","221.67","700","APC"
"Fluoro polarize fetal lung","83663","HCPCS","","","","","","","facility","outpatient","","","","","","Aetna","Medicare Managed Care Plan","19.48","","","","","","","fee schedule","12.29","56.73","APC"
"Fluoro polarize fetal lung","83663","HCPCS","","","","","","","facility","outpatient","","","","","","Unitedhealthcare","All Commercial Plans","18.91","","","","","","","fee schedule","12.29","56.73",""
"Fluoroscope examination","76000","HCPCS","","","","","","","facility","outpatient","","","","","","Unitedhealthcare","All Commercial Plans","411.25","","","","","","","fee schedule","244.95","773.52",""
"Fmri brain by tech","70554","HCPCS","","","","","","","facility","outpatient","","","","","","Bcbs","Highmark Wholecare Medicare Managed Care Plan","283.62","","","","","","","fee schedule","244.95","773.52","APC"
"Fmri brain by tech","70554","HCPCS","","","","","","","facility","outpatient","","","","","","Jefferson Health Plan","Health Partners Medicaid Managed Care/Aca Plan","773.52","","","","","","","fee schedule","244.95","773.52","APC"
"Fna bx w/ct gdn 1st les","10009","HCPCS","","","","","","","facility","outpatient","","","","","","Bcbs","Highmark Medicare Managed Care Plan","726.97","","","","","","","fee schedule","726.97","2295.69","APC"
"Fna bx w/fluor gdn 1st les","10007","HCPCS","","","","","","","facility","outpatient","","","","","","Amerihealth","Caritas Next Other Commercial Plan","1224.37","","","","","","","fee schedule","726.97","2295.69","Radiology"
"Fna bx w/mr gdn 1st les","10011","HCPCS","","","","","","","facility","outpatient","","","","","","Bcbs","Highmark All Commercial Plans","1129.09","","","","","","","fee schedule","726.97","2295.69","Radiology"
"Follow-up angiography","75898","HCPCS","","","","","","","facility","outpatient","","","","","","Cigna","All Commercial Plans","2815.72","","","","","","","fee schedule","2815.72","10236.2",""
"Follow-up surgery of eye","66250","HCPCS","","","","","","","facility","outpatient","","","","","","Bcbs","Highmark Medicare Managed Care Plan","2440.72","","","","","","","fee schedule","2440.72","7707.54","APC"
"Foot Procedures With Cc","504","MS-DRG","","","","","","","facility","inpatient","","","","","","Bcbs","Highmark Medicare Managed Care Plan","16213.45","","","","","","","fee schedule","16213.45","43926.2","MSDRG Base Rate"
"Foot Procedures With Cc","504","MS-DRG","","","","","","","facility","inpatient","","","","","","Healthspring","Medicare Managed Care Plan","17066.79","","","","","","","fee schedule","16213.45","43926.2","MSDRG Base Rate"
"Foot Procedures With Cc","504","MS-DRG","","","","","","","facility","inpatient","","","","","","Jefferson Health Plan","Health Partners Medicare Managed Care Plan","17920.13","","","","","","","fee schedule","16213.45","43926.2","MSDRG Base Rate"
"Foot Procedures With Mcc","503","MS-DRG","","","","","","","facility","inpatient","","","","","","Jefferson Health Plan","Health Partners Medicaid Managed Care/Aca Plan","65590.85","","","","","","","fee schedule","23992.23","65590.85",""
"Foot Procedures Without Cc/Mcc","505","MS-DRG","","","","","","","facility","inpatient","","","","","","Ambetter","All Commercial Plans","","91","","","","","0","percent of total billed charges","","","No services performed during 15-month lookback period."
"Foot Procedures Without Cc/Mcc","505","MS-DRG","","","","","","","facility","inpatient","","","","","","Bcbs","Highmark Health Options Medicaid Managed Care Plan","","","[Inpatient Services: Payer leverages state specific Medicaid payment methodology. Available, referenceable algorithm logic found here: https://medicaidpublications.dhss.delaware.gov/docs/search]","","","","0","other","","","No services performed during 15-month lookback period."
"Foot Procedures Without Cc/Mcc","505","MS-DRG","","","","","","","facility","inpatient","","","","","","Bcbs","Highmark Wholecare Medicaid Managed Care Plan","","","[Inpatient Services: Payer leverages state specific Medicaid payment methodology. Available, referenceable algorithm logic found here: https://www.pa.gov/agencies/dhs/resources/for-providers]","","","","0","other","","","No services performed during 15-month lookback period."
"Foot Procedures Without Cc/Mcc","505","MS-DRG","","","","","","","facility","inpatient","","","","","","Ibc","Medicare Managed Care Plan","16388.21","","","","","","","fee schedule","15568.8","42130.8","MSDRG Base Rate"
"Foot/toes surgery procedure","28899","HCPCS","","","","","","","facility","outpatient","","","","","","Amerihealth","Caritas Next Other Commercial Plan","426.49","","","","","","","fee schedule","253.23","799.67","Radiology"
"Foot/toes surgery procedure","28899","HCPCS","","","","","","","facility","outpatient","","","","","","Healthspring","Medicare Managed Care Plan","266.56","","","","","","","fee schedule","253.23","799.67","APC"
"Forearm or wrist surgery","25999","HCPCS","","","","","","","facility","outpatient","","","","","","Bcbs","Highmark All Commercial Plans","393.3","","","","","","","fee schedule","253.23","799.67","Radiology"
"Forehead Flap w/Vasc Pedicle","15731","HCPCS","","","","","","","facility","outpatient","","","","","","Bcbs","Highmark Medicare Managed Care Plan","3637.98","","","","","","","fee schedule","3637.98","11488.36","APC"
"Forensic cytopathology","88125","HCPCS","","","","","","","facility","outpatient","","","","","","Healthspring","Medicare Managed Care Plan","56.31","","","","","","","fee schedule","8.21","168.94","APC"
"Fracture, Sprain, Strain And Dislocation Except Femur, Hip, Pelvis And Thigh Without Mcc","563","MS-DRG","","","","","","","facility","inpatient","","","","","","Bcbs","Highmark Medicare Managed Care Plan","7997.59","","","","","","","fee schedule","7997.59","21044.25","MSDRG Base Rate"
"Fracture, Sprain, Strain And Dislocation Except Femur, Hip, Pelvis And Thigh Without Mcc","563","MS-DRG","","","","","","","facility","inpatient","","","","","","Jefferson Health Plan","Health Partners Medicare Managed Care Plan","","","[MSDRG Base Rate: FEE SCHEDULE]","","","","0","other","","","No services performed during 15-month lookback period."
"Fractures Of Femur With Mcc","533","MS-DRG","","","","","","","facility","inpatient","","","","","","Ambetter","All Commercial Plans","","91","","","","","0","percent of total billed charges","","","No services performed during 15-month lookback period."
"Fractures Of Femur With Mcc","533","MS-DRG","","","","","","","facility","inpatient","","","","","","Amerihealth","Caritas Next Other Commercial Plan","","94","","","","","0","percent of total billed charges","","","No services performed during 15-month lookback period."
"Fractures Of Femur Without Mcc","534","MS-DRG","","","","","","","facility","inpatient","","","","","","Aetna - De","Better Health Medicaid Managed Care Plan","","","[Inpatient Services: Payer leverages state specific Medicaid payment methodology. Available, referenceable algorithm logic found here: https://medicaidpublications.dhss.delaware.gov/docs/search]","","","","0","other","","","No services performed during 15-month lookback period."
"Frenulotomy of penis","54164","HCPCS","","","","","","","facility","outpatient","","","","","","Aetna","All Commercial Plans","3162.5","","","","","","","fee schedule","2145.98","6776.79","Radiology"
"Frozen cell preparation","88241","HCPCS","","","","","","","facility","outpatient","","","","","","First Health","Delaware Medicaid Managed Care Plan","13.3","","","","","","","fee schedule","7.86","36.27","Laboratory"
"Ftl aneuploidy str alys dna","0252U","HCPCS","","","","","","","facility","outpatient","","","","","","Bcbs","Highmark Health Options Medicare Managed Care Plan","778.03","","","","","","","fee schedule","721.1","2277.15","APC"
"Ftl aneuploidy trsmy dna seq","0327U","HCPCS","","","","","","","facility","outpatient","","","","","","Amerihealth","Caritas Next Other Commercial Plan","1272","","","","","","","fee schedule","755.25","2385","Radiology"
"Ftl cgen abnor four anal","81511","HCPCS","","","","","","","facility","outpatient","","","","","","Cigna","All Commercial Plans","99.78","","","","","","","fee schedule","99.78","460.5",""
"Full Thickness Burn With Skin Graft Or Inhalation Injury Without Cc/Mcc","929","MS-DRG","","","","","","","facility","inpatient","","","","","","Wellcare","Medicare Managed Care Plan","","","[MSDRG Base Rate: FEE SCHEDULE]","","","","0","other","","","No services performed during 15-month lookback period."
"Fungi identification mold","87107","HCPCS","","","","","","","facility","outpatient","","","","","","Aetna","All Commercial Plans","14.45","","","","","","","fee schedule","6.71","30.96","Radiology"
"Fungus isolation culture","87102","HCPCS","","","","","","","facility","outpatient","","","","","","First Health","Delaware Medicaid Managed Care Plan","9.25","","","","","","","fee schedule","5.47","25.23","Laboratory"
"Fungus nes antibody","86671","HCPCS","","","","","","","facility","outpatient","","","","","","Aetna","All Commercial Plans","13.6","","","","","","","fee schedule","7.96","36.75","Laboratory"
"Fusion of ankle joint open","27870","HCPCS","","","","","","","facility","outpatient","","","","","","Bcbs","Highmark Wholecare Medicare Managed Care Plan","15261.25","","","","","","","fee schedule","13180.17","41621.58","APC"
"Fusion of big toe joint","28750","HCPCS","","","","","","","facility","outpatient","","","","","","Amerihealth","Caritas Next Other Commercial Plan","12546.05","","","","","","","fee schedule","7449.22","23523.84","Radiology"
"Fusion of elbow joint","24800","HCPCS","","","","","","","facility","outpatient","","","","","","Bcbs","Highmark Medicare Managed Care Plan","7449.22","","","","","","","fee schedule","7449.22","23523.84","APC"
"Fusion of finger tendons","26471","HCPCS","","","","","","","facility","outpatient","","","","","","Aetna","Medicare Managed Care Plan","3641.9","","","","","","","fee schedule","3359.03","10607.46","APC"
"Fusion of foot bones","28705","HCPCS","","","","","","","facility","outpatient","","","","","","Aetna","Medicare Managed Care Plan","19515.99","","","","","","","fee schedule","18000.18","56842.69","APC"
"Fusion of foot bones","28725","HCPCS","","","","","","","facility","outpatient","","","","","","Ambetter","All Commercial Plans","20810.79","","","","","","","fee schedule","13180.17","41621.58","Radiology"
"Fusion of knuckle joint","26516","HCPCS","","","","","","","facility","outpatient","","","","","","Amerihealth","Medicare Managed Care Plan","3818.69","","","","","","","fee schedule","3359.03","10607.46","APC"
"Fusion of knuckle joint","26516","HCPCS","","","","","","","facility","outpatient","","","","","","Jefferson Health Plan","Health Partners Medicare Managed Care Plan","3712.61","","","","","","","fee schedule","3359.03","10607.46","APC"
"Fusion of knuckle joints","26518","HCPCS","","","","","","","facility","outpatient","","","","","","Bcbs","Highmark All Commercial Plans","11569.81","","","","","","","fee schedule","7449.22","23523.84","Radiology"
"Fusion of pubic bones","27282","HCPCS","","","","","","","facility","outpatient","","","","","","Healthspring","Medicare Managed Care Plan","3535.82","","","","","","","fee schedule","3359.03","10607.46","APC"
"Fusion of shoulder joint","23802","HCPCS","","","","","","","facility","outpatient","","","","","","Aetna","All Commercial Plans","19423.4","","","","","","","fee schedule","13180.17","41621.58","Radiology"
"Fusion of shoulder joint","23802","HCPCS","","","","","","","facility","outpatient","","","","","","Bcbs","Highmark Health Options Medicare Managed Care Plan","14220.71","","","","","","","fee schedule","13180.17","41621.58","APC"
"Fusion of spermatic ducts","54901","HCPCS","","","","","","","facility","outpatient","","","","","","Bcbs","Highmark Health Options Medicare Managed Care Plan","3904.43","","","","","","","fee schedule","3618.74","11427.6","APC"
"Fusion of spermatic ducts","54901","HCPCS","","","","","","","facility","outpatient","","","","","","Jefferson Health Plan","Health Partners Medicaid Managed Care/Aca Plan","11427.6","","","","","","","fee schedule","3618.74","11427.6","APC"
"Fusion/graft of elbow joint","24802","HCPCS","","","","","","","facility","outpatient","","","","","","Ambetter","All Commercial Plans","20810.79","","","","","","","fee schedule","13180.17","41621.58","Radiology"
"Fusion/graft of finger joint","26862","HCPCS","","","","","","","facility","outpatient","","","","","","Aetna","Medicare Managed Care Plan","3641.9","","","","","","","fee schedule","3359.03","10607.46","APC"
"Fusion/graft of hand joint","26844","HCPCS","","","","","","","facility","outpatient","","","","","","Bcbs","Highmark All Commercial Plans","11569.81","","","","","","","fee schedule","7449.22","23523.84","Radiology"
"Fxjl abl lsr 1st 100 sq cm","0479T","HCPCS","","","","","","","facility","outpatient","","","","","","Bcbs","Highmark Medicare Managed Care Plan","758.73","","","","","","","fee schedule","758.73","2395.99","APC"
"Fxn gene analysis","0233U","HCPCS","","","","","","","facility","outpatient","","","","","","Bcbs","Highmark All Commercial Plans","405.51","","","","","","","fee schedule","261.09","824.49","Radiology"
"Fxn gene charac alleles","81285","HCPCS","","","","","","","facility","outpatient","","","","","","Amerihealth","Caritas Next Other Commercial Plan","439.73","","","","","","","fee schedule","178.64","824.49","Radiology"
"Fxn gene known famil variant","81289","HCPCS","","","","","","","facility","outpatient","","","","","","Bcbs","Highmark Health Options Medicare Managed Care Plan","189.83","","","","","","","fee schedule","120.38","555.6","APC"
"Fxn gene known famil variant","81289","HCPCS","","","","","","","facility","outpatient","","","","","","First Health","Delaware Medicaid Managed Care Plan","203.72","","","","","","","fee schedule","120.38","555.6","Laboratory"
"Fy gnotyp ackr1 exons 1-2","0187U","HCPCS","","","","","","","facility","outpatient","","","","","","First Health","Delaware Medicaid Managed Care Plan","302.31","","","","","","","fee schedule","261.09","824.49","Laboratory"
"G-WIRE, NITI DBLE TROCAR .062X9.25MM","ScorWmSup113324","CDM","278","RC","C1769","HCPCS","","","facility","both","","","","328.32","328.32","","","","","","","","","","","","","Gross Charge Type: Main Acute Price List"
"G.I. hemorrhage w CC","174","MS-DRG","","","","","","","facility","inpatient","","","","","","Aetna","Medicare Managed Care Plan","","","[MSDRG Base Rate: FEE SCHEDULE] [Psych-Per Diem: 1065] [Rehab-Per Diem: 1598] [SNF-Per Diem: 365]","","","","0","other","","","No services performed during 15-month lookback period."
"G.I. hemorrhage w CC","174","MS-DRG","","","","","","","facility","inpatient","","","","","","Ambetter","All Commercial Plans","","91","","","","","0","percent of total billed charges","","","No services performed during 15-month lookback period."
"G.I. hemorrhage w CC","174","MS-DRG","","","","","","","facility","inpatient","","","","","","Cigna","All Commercial Plans","","","[SNF-(% BC): 60] [All Other IP (%BC): 88.46]","","","","0","other","","","No services performed during 15-month lookback period."
"G6pc gene","81250","HCPCS","","","","","","","facility","outpatient","","","","","","Amerihealth","Caritas Next Other Commercial Plan","58.49","","","","","","","fee schedule","38.02","175.47","Laboratory"
"GALLIUM GA-68 GOZETOTIDE (GOZELLIX), DIAGNOSTIC, PER 1 MCI","CHRS839616","CDM","343","RC","A9616","HCPCS","84552-0500-25","NDC","facility","both","1","EA","","2928.25","2928.25","","","","","","","","","","","","","Gross Charge Type: Main Acute Price List | NDC EA = 1 EA"
"GAS, CONSTELLATION AUTO FILL","ScanWmSup51453","CDM","272","RC","","","","","facility","both","","","","506.58","506.58","","","","","","","","","","","","","Gross Charge Type: Main Acute Price List"
"GASTRIC EMPTY STUDY,SM BOWEL TRANSIT GLB","Chrs422247","CDM","341","RC","78265","HCPCS","","","facility","both","","","","948.38","948.38","","","","","","","","","","","","","Gross Charge Type: Main Acute Price List"
"GAUGE, DEPTH CONTOUR ADVANCE TOOL COCHLEAR","ScorWmSup119613","CDM","272","RC","","","","","facility","both","","","","2090.89","2090.89","","","","","","","","","","","","","Gross Charge Type: Main Acute Price List"
"GAUGE, PROSTEP MICA DEPTH 150MM COMPT","ScanChSup110066","CDM","270","RC","","","","","facility","both","","","","733.01","733.01","","","","","","","","","","","","","Gross Charge Type: Main Acute Price List"
"GD65C - GAD65 AB ASSAY, CSF/SERUM","ChemCh2269","CDM","302","RC","86341","HCPCS","","","facility","both","","","","61.71","61.71","","","","","","","","","","","","","Gross Charge Type: Main Acute Price List"
"GEL, INTRASITE 8GM APPLIPAK","CspuChSup19506","CDM","270","RC","","","","","facility","both","","","","13.48","13.48","","","","","","","","","","","","","Gross Charge Type: Main Acute Price List"
"GELPOINT,TRANSANAL ACCESS PLATFORM BALL 4X5.5","AngiChSup75850","CDM","272","RC","","","","","facility","both","","","","5389.77","5389.77","","","","","","","","","","","","","Gross Charge Type: Main Acute Price List"
"GELPOINT,TRANSANAL ACCESS PLATFORM BALL 4X9","PacuWmSup75851","CDM","272","RC","","","","","facility","both","","","","5389.77","5389.77","","","","","","","","","","","","","Gross Charge Type: Main Acute Price List"
"GELPORT, 100MM W/O TROCAR","CcthChSup24546","CDM","270","RC","","","","","facility","both","","","","4311.82","4311.82","","","","","","","","","","","","","Gross Charge Type: Main Acute Price List"
"GENERATOR GALLANT DR ICD DF1 CONNECTOR","CcthChSup10190002","CDM","278","RC","C1721","HCPCS","","","facility","both","","","","76090.82","76090.82","","","","","","","","","","","","","Gross Charge Type: Main Acute Price List"
"GENERATOR MICRA TRANSCATH PACING SYS","PacuWmSup72559","CDM","278","RC","C1786","HCPCS","","","facility","both","","","","66217.19","66217.19","","","","","","","","","","","","","Gross Charge Type: Main Acute Price List"
"GENERATOR, ACCOLADE DR EL MRI PACER","Wilm3167231","CDM","275","RC","C1785","HCPCS","","","facility","both","","","","23407.01","23407.01","","","","","","","","","","","","","Gross Charge Type: Main Acute Price List"
"GENERATOR, ACCOLADE SR MRI PACER","ScpuWmSup67234","CDM","278","RC","C1786","HCPCS","","","facility","both","","","","19095.19","19095.19","","","","","","","","","","","","","Gross Charge Type: Main Acute Price List"
"GENERATOR, ACCOLADE SR PACER","AngiWmSup63005","CDM","278","RC","","","","","facility","both","","","","20019.15","20019.15","","","","","","","","","","","","","Gross Charge Type: Main Acute Price List"
"GENERATOR, ACCOLADE SR PACER","ScpuWmSup63005","CDM","278","RC","","","","","facility","both","","","","20019.15","20019.15","","","","","","","","","","","","","Gross Charge Type: Main Acute Price List"
"GENERATOR, ACTICOR CRT-DX DF4 PROMRI W/CLS","AnesChSup107440","CDM","278","RC","C1882","HCPCS","","","facility","both","","","","105413.49","105413.49","","","","","","","","","","","","","Gross Charge Type: Main Acute Price List"
"GENERATOR, ACTICOR CRT-DX DF4 PROMRI W/CLS","AngiChSup107440","CDM","278","RC","C1882","HCPCS","","","facility","both","","","","105413.49","105413.49","","","","","","","","","","","","","Gross Charge Type: Main Acute Price List"
"GENERATOR, ACTICOR CRT-DX DF4 PROMRI W/CLS","ScorWmSup107440","CDM","278","RC","C1882","HCPCS","","","facility","both","","","","105413.49","105413.49","","","","","","","","","","","","","Gross Charge Type: Main Acute Price List"
"GENERATOR, ACTICOR HF-T QP CRT-DX DF4 PROMRI W/CLS","EplbChSup107496","CDM","278","RC","C1882","HCPCS","","","facility","both","","","","104715.57","104715.57","","","","","","","","","","","","","Gross Charge Type: Main Acute Price List"
"GENERATOR, ALLURE CRT-P RF","OperChSup59530","CDM","275","RC","C2621","HCPCS","","","facility","both","","","","30798.7","30798.7","","","","","","","","","","","","","Gross Charge Type: Main Acute Price List"
"GENERATOR, ALLURE CRT-P RF","OperWmSup59530","CDM","275","RC","C2621","HCPCS","","","facility","both","","","","30798.7","30798.7","","","","","","","","","","","","","Gross Charge Type: Main Acute Price List"
"GENERATOR, AMPLIA MRI COND CRT-D","CspuChSup67051","CDM","278","RC","C1882","HCPCS","","","facility","both","","","","107151.08","107151.08","","","","","","","","","","","","","Gross Charge Type: Main Acute Price List"
"GENERATOR, AMPLIA MRI COND QUAD CRT-D","AngiWmSup67050","CDM","278","RC","C1882","HCPCS","","","facility","both","","","","110047.05","110047.05","","","","","","","","","","","","","Gross Charge Type: Main Acute Price List"
"GENERATOR, AMPLIA MRI QUAD CRTD","OperWmSup73683","CDM","278","RC","C1882","HCPCS","","","facility","both","","","","110047.05","110047.05","","","","","","","","","","","","","Gross Charge Type: Main Acute Price List"
"GENERATOR, AMPLIA MRI QUAD CRTD","PacuWmSup73683","CDM","278","RC","C1882","HCPCS","","","facility","both","","","","110047.05","110047.05","","","","","","","","","","","","","Gross Charge Type: Main Acute Price List"
"GENERATOR, ASSURITY MRI PACER SR RF","CspuChSup70228","CDM","275","RC","C1786","HCPCS","","","facility","both","","","","19095.19","19095.19","","","","","","","","","","","","","Gross Charge Type: Main Acute Price List"
"GENERATOR, ASSURITY MRI PACER SR RF","ScpuChSup70228","CDM","275","RC","C1786","HCPCS","","","facility","both","","","","19095.19","19095.19","","","","","","","","","","","","","Gross Charge Type: Main Acute Price List"
"GENERATOR, AZURE PACER XT DR MRI","CLDRChSup74142","CDM","275","RC","C1785","HCPCS","","","facility","both","","","","24638.96","24638.96","","","","","","","","","","","","","Gross Charge Type: Main Acute Price List"
"GENERATOR, AZURE PACER XT SR MRI","CcthChSup74143","CDM","275","RC","C1786","HCPCS","","","facility","both","","","","20327.14","20327.14","","","","","","","","","","","","","Gross Charge Type: Main Acute Price List"
"GENERATOR, CLARIA MRI COND CRT-D DF1","Chrs5470510","CDM","278","RC","C1882","HCPCS","","","facility","both","","","","113955.17","113955.17","","","","","","","","","","","","","Gross Charge Type: Main Acute Price List"
"GENERATOR, CLARIA MRI COND QUAD CRT-D DF4","OperWmSup70507","CDM","278","RC","C1882","HCPCS","","","facility","both","","","","117035.04","117035.04","","","","","","","","","","","","","Gross Charge Type: Main Acute Price List"
"GENERATOR, COBALT VR MRI D4","AngiWmSup121629","CDM","278","RC","C1722","HCPCS","","","facility","both","","","","67730.07","67730.07","","","","","","","","","","","","","Gross Charge Type: Main Acute Price List"
"GENERATOR, COBALT XT VR MRI D4","CcthChSup121627","CDM","278","RC","C1722","HCPCS","","","facility","both","","","","73825.78","73825.78","","","","","","","","","","","","","Gross Charge Type: Main Acute Price List"
"GENERATOR, CROME VR MRI D1","AngiChSup121630","CDM","278","RC","C1722","HCPCS","","","facility","both","","","","61753.71","61753.71","","","","","","","","","","","","","Gross Charge Type: Main Acute Price List"
"GENERATOR, DYNAGEN ICD EL DR D153","ScpuWmSup68625","CDM","278","RC","C1721","HCPCS","","","facility","both","","","","65159.44","65159.44","","","","","","","","","","","","","Gross Charge Type: Main Acute Price List"
"GENERATOR, EDORA CRT-P HF-T W/CLS","DelrChSup107494","CDM","275","RC","C2621","HCPCS","","","facility","both","","","","30798.7","30798.7","","","","","","","","","","","","","Gross Charge Type: Main Acute Price List"
"GENERATOR, EDORA CRT-P HF-T W/CLS","PacuChSup107494","CDM","275","RC","C2621","HCPCS","","","facility","both","","","","30798.7","30798.7","","","","","","","","","","","","","Gross Charge Type: Main Acute Price List"
"GENERATOR, EDORA CRT-P HF-T W/CLS","PacuWmSup107494","CDM","275","RC","C2621","HCPCS","","","facility","both","","","","30798.7","30798.7","","","","","","","","","","","","","Gross Charge Type: Main Acute Price List"
"GENERATOR, EDORA DR-T PROMRI W/CLS AND HM","ScorChSup73720","CDM","275","RC","C1785","HCPCS","","","facility","both","","","","23407.01","23407.01","","","","","","","","","","","","","Gross Charge Type: Main Acute Price List"
"GENERATOR, EDORA SR-T PROMRI W/CLS AND HM","CspuChSup73721","CDM","275","RC","C1786","HCPCS","","","facility","both","","","","19095.19","19095.19","","","","","","","","","","","","","Gross Charge Type: Main Acute Price List"
"GENERATOR, EDORA SR-T PROMRI W/CLS AND HM","PacuWmSup73721","CDM","275","RC","C1786","HCPCS","","","facility","both","","","","19095.19","19095.19","","","","","","","","","","","","","Gross Charge Type: Main Acute Price List"
"GENERATOR, ELLIPSE NEXT GEN ICD VR 36","AngiWmSup54638","CDM","278","RC","C1722","HCPCS","","","facility","both","","","","58517.52","58517.52","","","","","","","","","","","","","Gross Charge Type: Main Acute Price List"
"GENERATOR, ELLIPSE NEXT GEN ICD VR 36","ScpuChSup54638","CDM","278","RC","C1722","HCPCS","","","facility","both","","","","58517.52","58517.52","","","","","","","","","","","","","Gross Charge Type: Main Acute Price List"
"GENERATOR, EMBLEM SUBCUTANEOUS S-ICD","OperWmSup63973","CDM","278","RC","C1722","HCPCS","","","facility","both","","","","117035.04","117035.04","","","","","","","","","","","","","Gross Charge Type: Main Acute Price List"
"GENERATOR, ESSENTIO DR MRI PACER","GastWmSup67233","CDM","275","RC","C1786","HCPCS","","","facility","both","","","","24297.23","24297.23","","","","","","","","","","","","","Gross Charge Type: Main Acute Price List"
"GENERATOR, ESSENTIO DR MRI PACER","ScanChSup67233","CDM","275","RC","C1786","HCPCS","","","facility","both","","","","24297.23","24297.23","","","","","","","","","","","","","Gross Charge Type: Main Acute Price List"
"GENERATOR, EVERA XT DR MRI COND ICD","ScorWmSup65782","CDM","278","RC","C1721","HCPCS","","","facility","both","","","","76996.74","76996.74","","","","","","","","","","","","","Gross Charge Type: Main Acute Price List"
"GENERATOR, FORTIFY ASSURA NEXT GEN ICD VR 40 DF4 CONN","PacuChSup54636","CDM","278","RC","C1722","HCPCS","","","facility","both","","","","64677.26","64677.26","","","","","","","","","","","","","Gross Charge Type: Main Acute Price List"
"GENERATOR, FORTIFY ASSURA NEXT GEN ICD VR 40 DF4 CONN","ScanChSup54636","CDM","278","RC","C1722","HCPCS","","","facility","both","","","","64677.26","64677.26","","","","","","","","","","","","","Gross Charge Type: Main Acute Price List"
"GENERATOR, FORTIFY ASSURA NEXT GEN ICD VR 40","GyscChSup54635","CDM","278","RC","C1722","HCPCS","","","facility","both","","","","64677.26","64677.26","","","","","","","","","","","","","Gross Charge Type: Main Acute Price List"
"GENERATOR, GALLANT DR ICD","CspuChSup109340","CDM","278","RC","C1721","HCPCS","","","facility","both","","","","76996.74","76996.74","","","","","","","","","","","","","Gross Charge Type: Main Acute Price List"
"GENERATOR, GALLANT VR ICD","DelrChSup109239","CDM","278","RC","C1722","HCPCS","","","facility","both","","","","64677.26","64677.26","","","","","","","","","","","","","Gross Charge Type: Main Acute Price List"
"GENERATOR, IILIVIA NEO VR-T DF1 PROMRI W/CLS","EplbChSup107771","CDM","278","RC","C1722","HCPCS","","","facility","both","","","","64677.26","64677.26","","","","","","","","","","","","","Gross Charge Type: Main Acute Price List"
"GENERATOR, IILIVIA NEO VR-T DF1 PROMRI W/CLS","ScpuChSup107771","CDM","278","RC","C1722","HCPCS","","","facility","both","","","","64677.26","64677.26","","","","","","","","","","","","","Gross Charge Type: Main Acute Price List"
"GENERATOR, IMPLANTABLE MONTAGE MRI SAFE IPG","GastChSup78056","CDM","278","RC","C1767","HCPCS","","","facility","both","","","","100200.74","100200.74","","","","","","","","","","","","","Gross Charge Type: Main Acute Price List"
"GENERATOR, IMPLANTABLE PROCLAIM PULSE 5 NEUROSTIMULATOR 3670","GastChSup115219","CDM","278","RC","C1767","HCPCS","","","facility","both","","","","98421.18","98421.18","","","","","","","","","","","","","Gross Charge Type: Main Acute Price List"
"GENERATOR, INSIGNIA I PLUS SR 1194","EplbChSup19071","CDM","275","RC","C1786","HCPCS","","","facility","both","","","","16217.46","16217.46","","","","","","","","","","","","","Gross Charge Type: Main Acute Price List"
"GENERATOR, INTICA NEO HF-T CRT DF1 PROMRI W/CLS","GastWmSup107774","CDM","278","RC","C1882","HCPCS","","","facility","both","","","","104715.57","104715.57","","","","","","","","","","","","","Gross Charge Type: Main Acute Price List"
"GENERATOR, INTICA NEO HF-T CRT DF1 PROMRI W/CLS","GyscChSup107774","CDM","278","RC","C1882","HCPCS","","","facility","both","","","","104715.57","104715.57","","","","","","","","","","","","","Gross Charge Type: Main Acute Price List"
"GENERATOR, INTICA NEO VR-T DX DF1 PROMRI W/CLS","PacuChSup107770","CDM","278","RC","C1722","HCPCS","","","facility","both","","","","67757.13","67757.13","","","","","","","","","","","","","Gross Charge Type: Main Acute Price List"
"GENERATOR, MOMENTUM EL DR MRI","ScorWmSup73616","CDM","278","RC","C1721","HCPCS","","","facility","both","","","","76996.74","76996.74","","","","","","","","","","","","","Gross Charge Type: Main Acute Price List"
"GENERATOR, MOMENTUM X4 IS4 DF1 MRI","ScanWmSup73623","CDM","278","RC","C1882","HCPCS","","","facility","both","","","","104715.57","104715.57","","","","","","","","","","","","","Gross Charge Type: Main Acute Price List"
"GENERATOR, PERCIVA DR MRI","CspuChSup73618","CDM","278","RC","C1722","HCPCS","","","facility","both","","","","72399.38","72399.38","","","","","","","","","","","","","Gross Charge Type: Main Acute Price List"
"GENERATOR, PERCIVA DR MRI","GastWmSup73618","CDM","278","RC","C1722","HCPCS","","","facility","both","","","","72399.38","72399.38","","","","","","","","","","","","","Gross Charge Type: Main Acute Price List"
"GENERATOR, PERCIVA DR MRI","ScanWmSup73618","CDM","278","RC","C1722","HCPCS","","","facility","both","","","","72399.38","72399.38","","","","","","","","","","","","","Gross Charge Type: Main Acute Price List"
"GENERATOR, PERCIVA DR MRI","ScpuWmSup73618","CDM","278","RC","C1722","HCPCS","","","facility","both","","","","72399.38","72399.38","","","","","","","","","","","","","Gross Charge Type: Main Acute Price List"
"GENERATOR, PERCIVA VR DF4 MRI","ScanChSup73654","CDM","278","RC","C1722","HCPCS","","","facility","both","","","","60815.48","60815.48","","","","","","","","","","","","","Gross Charge Type: Main Acute Price List"
"GENERATOR, PERCIVA VR MRI","AngiChSup73655","CDM","278","RC","C1722","HCPCS","","","facility","both","","","","64677.26","64677.26","","","","","","","","","","","","","Gross Charge Type: Main Acute Price List"
"GENERATOR, PERCIVA VR MRI","ScpuChSup73655","CDM","278","RC","C1722","HCPCS","","","facility","both","","","","64677.26","64677.26","","","","","","","","","","","","","Gross Charge Type: Main Acute Price List"
"GENERATOR, QUADRA ASSURA NEXT GEN CRT-D 40 DF4 CONN","EplbChSup54640","CDM","278","RC","C1882","HCPCS","","","facility","both","","","","98463.15","98463.15","","","","","","","","","","","","","Gross Charge Type: Main Acute Price List"
"GENERATOR, QUADRA ASSURA NEXT GEN CRT-D 40 DF4 CONN","GastWmSup54640","CDM","278","RC","C1882","HCPCS","","","facility","both","","","","98463.15","98463.15","","","","","","","","","","","","","Gross Charge Type: Main Acute Price List"
"GENERATOR, RIVACOR DR-T DF4 PROMRI W/CLS","OperChSup107486","CDM","278","RC","C1721","HCPCS","","","facility","both","","","","76996.74","76996.74","","","","","","","","","","","","","Gross Charge Type: Main Acute Price List"
"GENERATOR, RIVACOR HF-T QP DF4 PROMRI W/CLS","AngiChSup107495","CDM","278","RC","C1882","HCPCS","","","facility","both","","","","104715.57","104715.57","","","","","","","","","","","","","Gross Charge Type: Main Acute Price List"
"GENERATOR, SOLARA CRT-P MRI","EplbChSup72035","CDM","275","RC","C2621","HCPCS","","","facility","both","","","","36958.43","36958.43","","","","","","","","","","","","","Gross Charge Type: Main Acute Price List"
"GENERATOR, UNIFY ASSURA NEXT GEN CRT-D 40","Wilm5454641","CDM","278","RC","C1882","HCPCS","","","facility","both","","","","95475.95","95475.95","","","","","","","","","","","","","Gross Charge Type: Main Acute Price List"
"GENERATOR, VALITUDE CRT-P X4","PacuChSup63014","CDM","275","RC","C1882","HCPCS","","","facility","both","","","","36958.43","36958.43","","","","","","","","","","","","","Gross Charge Type: Main Acute Price List"
"GENERATOR, VALITUDE CRT-P","CLDRChSup70718","CDM","275","RC","C2621","HCPCS","","","facility","both","","","","30798.7","30798.7","","","","","","","","","","","","","Gross Charge Type: Main Acute Price List"
"GENERATOR, VALITUDE CRT-P","OperWmSup70718","CDM","275","RC","C2621","HCPCS","","","facility","both","","","","30798.7","30798.7","","","","","","","","","","","","","Gross Charge Type: Main Acute Price List"
"GENERATOR, VISIA AF MRI VR SURESCAN ICD","CspuChSup67473","CDM","278","RC","C1722","HCPCS","","","facility","both","","","","70836.99","70836.99","","","","","","","","","","","","","Gross Charge Type: Main Acute Price List"
"GENERATOR, VISIA AF MRI VR SURESCAN ICD","GastChSup67473","CDM","278","RC","C1722","HCPCS","","","facility","both","","","","70836.99","70836.99","","","","","","","","","","","","","Gross Charge Type: Main Acute Price List"
"GENERATOR, VISIA AF VR MRI SURESCAN ICD DF1","CspuChSup69180","CDM","278","RC","C1722","HCPCS","","","facility","both","","","","70836.99","70836.99","","","","","","","","","","","","","Gross Charge Type: Main Acute Price List"
"GENERATOR, VISIA AF VR MRI SURESCAN ICD DF1","OperChSup69180","CDM","278","RC","C1722","HCPCS","","","facility","both","","","","70836.99","70836.99","","","","","","","","","","","","","Gross Charge Type: Main Acute Price List"
"GENERATOR, VISIA AF VR MRI SURESCAN ICD DF1","Wilm5469180","CDM","278","RC","C1722","HCPCS","","","facility","both","","","","70836.99","70836.99","","","","","","","","","","","","","Gross Charge Type: Main Acute Price List"
"GENERATOR, VIVA XT CRT-D","GastChSup57893","CDM","278","RC","C1882","HCPCS","","","facility","both","","","","98463.15","98463.15","","","","","","","","","","","","","Gross Charge Type: Main Acute Price List"
"GENERATOR, VNS SENTIVA SINGLE PIN 8CC","GyscChSup75061","CDM","278","RC","C1767","HCPCS","","","facility","both","","","","235240.43","235240.43","","","","","","","","","","","","","Gross Charge Type: Main Acute Price List"
"GENERATOR, VNS SENTIVA SINGLE PIN 8CC","ScorWmSup75061","CDM","278","RC","C1767","HCPCS","","","facility","both","","","","235240.43","235240.43","","","","","","","","","","","","","Gross Charge Type: Main Acute Price List"
"GENERATOR,ASSURITY PACER DR RF MERLIN PK","OperChSup59531","CDM","275","RC","C1785","HCPCS","","","facility","both","","","","17375.85","17375.85","","","","","","","","","","","","","Gross Charge Type: Main Acute Price List"
"GENERATOR,EDORA HF-T QP PROMRI CLS AND HM","CspuChSup73716","CDM","275","RC","C2621","HCPCS","","","facility","both","","","","36958.43","36958.43","","","","","","","","","","","","","Gross Charge Type: Main Acute Price List"
"GENERATOR,INOGEN DEFIBRILLAT EL DR DF4 D142","CspuChSup63007","CDM","278","RC","C1721","HCPCS","","","facility","both","","","","65159.44","65159.44","","","","","","","","","","","","","Gross Charge Type: Main Acute Price List"
"GENERATOR,INTICA HF-T QP DX PROMRI HE CLS HM","CcthChSup73717","CDM","278","RC","C1882","HCPCS","","","facility","both","","","","98463.15","98463.15","","","","","","","","","","","","","Gross Charge Type: Main Acute Price List"
"GENERATOR,VIGILANT EL DR DF4 MRI","GastWmSup73615","CDM","278","RC","C1721","HCPCS","","","facility","both","","","","76996.74","76996.74","","","","","","","","","","","","","Gross Charge Type: Main Acute Price List"
"GENERATOR,VIGILANT EL DR DF4 MRI","PacuChSup73615","CDM","278","RC","C1721","HCPCS","","","facility","both","","","","76996.74","76996.74","","","","","","","","","","","","","Gross Charge Type: Main Acute Price List"
"GENERATOR. ELECTRO DETACH V4","AnesChSup115825","CDM","272","RC","","","","","facility","both","","","","1385.94","1385.94","","","","","","","","","","","","","Gross Charge Type: Main Acute Price List"
"GENERATOR. ELECTRO DETACH V4","AnesWmSup115825","CDM","272","RC","","","","","facility","both","","","","1385.94","1385.94","","","","","","","","","","","","","Gross Charge Type: Main Acute Price List"
"GENERATOR. ELECTRO DETACH V4","PacuWmSup115825","CDM","272","RC","","","","","facility","both","","","","1385.94","1385.94","","","","","","","","","","","","","Gross Charge Type: Main Acute Price List"
"GENOTYPE RHD VARIANTS","BlbkCh2055","CDM","310","RC","81403","HCPCS","","","facility","both","","","","875","875","","","","","","","","","","","","","Gross Charge Type: Main Acute Price List"
"GENTAMICIN LEVEL","ChemMe2587","CDM","301","RC","80170","HCPCS","","","facility","both","","","","239.72","239.72","","","","","","","","","","","","","Gross Charge Type: Main Acute Price List"
"GI nuclear procedure","78299","HCPCS","","","","","","","facility","outpatient","","","","","","Aetna","All Commercial Plans","604.81","","","","","","","fee schedule","410.4","1296.01","Radiology"
"GIRDLE, ABOVE THE KNEE BLACK LARGE","EplbChSup31607","CDM","270","RC","","","","","facility","both","","","","391.15","391.15","","","","","","","","","","","","","Gross Charge Type: Main Acute Price List"
"GIRDLE, ABOVE THE KNEE BLACK X-LARGE","Wilm5431608","CDM","270","RC","","","","","facility","both","","","","393.92","393.92","","","","","","","","","","","","","Gross Charge Type: Main Acute Price List"
"GIRDLE, BELOW THE KNEE BLACK X-LARGE","Chrs3131613","CDM","270","RC","","","","","facility","both","","","","406.36","406.36","","","","","","","","","","","","","Gross Charge Type: Main Acute Price List"
"GL1CS/C - MGLUR1 AB CBA","CHEMSR2303","CDM","302","RC","86255","HCPCS","","","facility","both","","","","666.18","666.18","","","","","","","","","","","","","Gross Charge Type: Main Acute Price List"
"GLENOID, 3-PEG AUGMENTED SIZE MEDIUM","PacuChSup109245","CDM","278","RC","C1776","HCPCS","","","facility","both","","","","9239.61","9239.61","","","","","","","","","","","","","Gross Charge Type: Main Acute Price List"
"GLENOID, 3-PEG AUGMENTED SIZE MEDIUM","ScorChSup109245","CDM","278","RC","C1776","HCPCS","","","facility","both","","","","9239.61","9239.61","","","","","","","","","","","","","Gross Charge Type: Main Acute Price List"
"GLENOID, 3-PEG IMPLANT 17 SIZE SMALL","GastWmSup109357","CDM","278","RC","C1776","HCPCS","","","facility","both","","","","18479.22","18479.22","","","","","","","","","","","","","Gross Charge Type: Main Acute Price List"
"GLENOID, AUGMENTED UNIVERS VAULTLOCK LARGE 15L","GastWmSup118300","CDM","278","RC","C1776","HCPCS","","","facility","both","","","","9118.43","9118.43","","","","","","","","","","","","","Gross Charge Type: Main Acute Price List"
"GLENOID, AUGMENTED UNIVERS VAULTLOCK SMALL 15R","OperWmSup120145","CDM","278","RC","C1776","HCPCS","","","facility","both","","","","9122.32","9122.32","","","","","","","","","","","","","Gross Charge Type: Main Acute Price List"
"GLENOID, CROSSLINK ANCHOR PG 52MM","PacuChSup41276","CDM","278","RC","C1713","HCPCS","","","facility","both","","","","6775.72","6775.72","","","","","","","","","","","","","Gross Charge Type: Main Acute Price List"
"GLENOID, CROSSLINK ANCHOR PG 52MM","ScorChSup41276","CDM","278","RC","C1713","HCPCS","","","facility","both","","","","6775.72","6775.72","","","","","","","","","","","","","Gross Charge Type: Main Acute Price List"
"GLENOID, HYBRID UNITI CEMENTED SZ- XS 21.5MM","AngiChSup119256","CDM","278","RC","C1776","HCPCS","","","facility","both","","","","10773.03","10773.03","","","","","","","","","","","","","Gross Charge Type: Main Acute Price List"
"GLENOID, POLY W/KEEL MEDIUM","ScanChSup24215","CDM","270","RC","","","","","facility","both","","","","7297.86","7297.86","","","","","","","","","","","","","Gross Charge Type: Main Acute Price List"
"GLENOID, POLY WITH KEEL SMALL","EplbChSup27653","CDM","278","RC","","","","","facility","both","","","","7297.86","7297.86","","","","","","","","","","","","","Gross Charge Type: Main Acute Price List"
"GLENOID, POLY WITH KEEL SMALL","ScpuChSup27653","CDM","278","RC","","","","","facility","both","","","","7297.86","7297.86","","","","","","","","","","","","","Gross Charge Type: Main Acute Price List"
"GLENOID, UNIVERS REVERS MODULAR SYSTEM BASEPLATE 28MM +2","PacuWmSup118615","CDM","278","RC","C1776","HCPCS","","","facility","both","","","","12742.29","12742.29","","","","","","","","","","","","","Gross Charge Type: Main Acute Price List"
"GLENOID, UNIVERS VAULTLOCK W/CLEAT- MEDIUM","PacuChSup69826","CDM","278","RC","C1776","HCPCS","","","facility","both","","","","9701.59","9701.59","","","","","","","","","","","","","Gross Charge Type: Main Acute Price List"
"GLENOID, X3 PEGGED REUNION TSA SZ 44","ScorWmSup58175","CDM","278","RC","C1776","HCPCS","","","facility","both","","","","5791.95","5791.95","","","","","","","","","","","","","Gross Charge Type: Main Acute Price List"
"GLENOID,UNIVERS VAULTLOCK CLEAT XLG","CspuChSup71138","CDM","278","RC","","","","","facility","both","","","","9122.32","9122.32","","","","","","","","","","","","","Gross Charge Type: Main Acute Price List"
"GLENOID,UNIVERS VAULTLOCK CLEAT XLG","ScpuChSup71138","CDM","278","RC","","","","","facility","both","","","","9122.32","9122.32","","","","","","","","","","","","","Gross Charge Type: Main Acute Price List"
"GLENOSHERE, UNIVERS REVERS MODULAR GLENOID SYSTEM 45 +4 LAT/28","ScpuWmSup115215","CDM","278","RC","C1776","HCPCS","","","facility","both","","","","13315.81","13315.81","","","","","","","","","","","","","Gross Charge Type: Main Acute Price List"
"GLENOSPHERE CANNULATED COCR STANDARD SZ 36MM","ScpuWmSup118303","CDM","278","RC","C1776","HCPCS","","","facility","both","","","","13831.18","13831.18","","","","","","","","","","","","","Gross Charge Type: Main Acute Price List"
"GLENOSPHERE, REUNION RSA CONCENTRIC 40X2MM","GastWmSup76110","CDM","278","RC","","","","","facility","both","","","","8007.66","8007.66","","","","","","","","","","","","","Gross Charge Type: Main Acute Price List"
"GLENOSPHERE, REVERS MODULAR ARTHREX 42/28","GastChSup109836","CDM","278","RC","C1776","HCPCS","","","facility","both","","","","14167.39","14167.39","","","","","","","","","","","","","Gross Charge Type: Main Acute Price List"
"GLENOSPHERE, TITANIUM UNIVERS REVERS MODULAR GLENOID SYSTEM 39/24","ScpuChSup115212","CDM","278","RC","C1776","HCPCS","","","facility","both","","","","22000.03","22000.03","","","","","","","","","","","","","Gross Charge Type: Main Acute Price List"
"GLENOSPHERE, UNIVERS REVERS MODULAR GLENIOD SYSTEM 39 + 2.5 INF/24","OperWmSup109803","CDM","278","RC","C1776","HCPCS","","","facility","both","","","","14167.39","14167.39","","","","","","","","","","","","","Gross Charge Type: Main Acute Price List"
"GLENOSPHERE, UNIVERS REVERS MODULAR GLENOID SYSTEM +4 LAT/24","AngiChSup114998","CDM","278","RC","C1776","HCPCS","","","facility","both","","","","13315.81","13315.81","","","","","","","","","","","","","Gross Charge Type: Main Acute Price List"
"GLENOSPHERE, UNIVERS REVERS MODULAR GLENOID SYSTEM 39 + 2.5 INF/24","GyscChSup109087","CDM","278","RC","C1776","HCPCS","","","facility","both","","","","14167.39","14167.39","","","","","","","","","","","","","Gross Charge Type: Main Acute Price List"
"GLENOSPHERE, UNIVERS REVERS MODULAR GLENOID SYSTEM 39 + 2.5 INF/24","PacuChSup109087","CDM","278","RC","C1776","HCPCS","","","facility","both","","","","14167.39","14167.39","","","","","","","","","","","","","Gross Charge Type: Main Acute Price List"
"GLENOSPHERE, UNIVERS REVERS MODULAR GLENOID SYSTEM 42 +2.5 INF/24","OperChSup113283","CDM","278","RC","C1776","HCPCS","","","facility","both","","","","13321.48","13321.48","","","","","","","","","","","","","Gross Charge Type: Main Acute Price List"
"GLENOSPHERE,REUNION RSA CONCENTRIC 32X6MM","ScpuWmSup73105","CDM","278","RC","","","","","facility","both","","","","8007.66","8007.66","","","","","","","","","","","","","Gross Charge Type: Main Acute Price List"
"GLENOSPHERE,REUNION RSA CONCENTRIC 36X2MM","Chrs5471901","CDM","272","RC","","","","","facility","both","","","","8007.66","8007.66","","","","","","","","","","","","","Gross Charge Type: Main Acute Price List"
"GLENOSPHERE,REUNION RSA CONCENTRIC 36X6MM","Chrs5470246","CDM","278","RC","","","","","facility","both","","","","8007.66","8007.66","","","","","","","","","","","","","Gross Charge Type: Main Acute Price List"
"GLENOSPHERE,REUNION RSA CONCENTRIC 40X6","DelrChSup75043","CDM","278","RC","","","","","facility","both","","","","7529.54","7529.54","","","","","","","","","","","","","Gross Charge Type: Main Acute Price List"
"GLENOSPHERE,UN REV MOD GLENI SYS 36 4 LAT/24","CLDRChSup76634","CDM","278","RC","C1776","HCPCS","","","facility","both","","","","14167.39","14167.39","","","","","","","","","","","","","Gross Charge Type: Main Acute Price List"
"GLENOSPHERE,UNIV REV MOD GLEN SYS 36 2.5 24","AnesWmSup76680","CDM","278","RC","","","","","facility","both","","","","13321.48","13321.48","","","","","","","","","","","","","Gross Charge Type: Main Acute Price List"
"GLENOSPHERE,UNIV REV MOD GLEN SYS 36 2.5 24","ScorWmSup76680","CDM","278","RC","","","","","facility","both","","","","13321.48","13321.48","","","","","","","","","","","","","Gross Charge Type: Main Acute Price List"
"GLIDECATH, MULTI 4FR","CcthChSup39135","CDM","272","RC","C1887","HCPCS","","","facility","both","","","","306.97","306.97","","","","","","","","","","","","","Gross Charge Type: Main Acute Price List"
"GLIDEWIRE, .018 150CM STRAIGHT","OperWmSup36773","CDM","272","RC","","","","","facility","both","","","","369.77","369.77","","","","","","","","","","","","","Gross Charge Type: Main Acute Price List"
"GLIDEWIRE, .025 180CM ANGLE","GastChSup82548","CDM","272","RC","C1769","HCPCS","","","facility","both","","","","349.95","349.95","","","","","","","","","","","","","Gross Charge Type: Main Acute Price List"
"GLIDEWIRE, .025 180CM ANGLE","PacuWmSup82548","CDM","272","RC","C1769","HCPCS","","","facility","both","","","","349.95","349.95","","","","","","","","","","","","","Gross Charge Type: Main Acute Price List"
"GLIDEWIRE, .035 S/S J 260CM - 8019","PacuWmSup8019","CDM","272","RC","C1769","HCPCS","","","facility","both","","","","344.94","344.94","","","","","","","","","","","","","Gross Charge Type: Main Acute Price List"
"GLIDEWIRE, .035 S/S J 260CM - 8019","ScorChSup8019","CDM","272","RC","C1769","HCPCS","","","facility","both","","","","344.94","344.94","","","","","","","","","","","","","Gross Charge Type: Main Acute Price List"
"GLIDEWIRE, .035 S/S J 260CM - 8020","AngiChSup8020","CDM","272","RC","C1769","HCPCS","","","facility","both","","","","344.94","344.94","","","","","","","","","","","","","Gross Charge Type: Main Acute Price List"
"GLIDEWIRE, .035/150 STRGHTSTIF","ScpuWmSup3316","CDM","272","RC","C1769","HCPCS","","","facility","both","","","","315.07","315.07","","","","","","","","","","","","","Gross Charge Type: Main Acute Price List"
"GLIDEWIRE, .035X150CM UROLOGICAL","GastWmSup203681","CDM","272","RC","C1769","HCPCS","","","facility","both","","","","218.46","218.46","","","","","","","","","","","","","Gross Charge Type: Main Acute Price List"
"GLIDEWIRE, 035 X 150CM SHAPEABLE","AngiChSup44875","CDM","272","RC","C1769","HCPCS","","","facility","both","","","","534.3","534.3","","","","","","","","","","","","","Gross Charge Type: Main Acute Price List"
"GLIDEWIRE, 035 X 150CM SHAPEABLE","OperChSup44875","CDM","272","RC","C1769","HCPCS","","","facility","both","","","","534.3","534.3","","","","","","","","","","","","","Gross Charge Type: Main Acute Price List"
"GLIDEWIRE, 035X260CM","AngiChSup9209","CDM","272","RC","C1769","HCPCS","","","facility","both","","","","313.41","313.41","","","","","","","","","","","","","Gross Charge Type: Main Acute Price List"
"GLIDEWIRE, 035X260CM","Uhcc47Sup9209","CDM","272","RC","C1769","HCPCS","","","facility","both","","","","313.41","313.41","","","","","","","","","","","","","Gross Charge Type: Main Acute Price List"
"GLIDEWIRE, ADVANTAGE .014 180CM","ScanChSup61531","CDM","272","RC","C1769","HCPCS","","","facility","both","","","","1385.94","1385.94","","","","","","","","","","","","","Gross Charge Type: Main Acute Price List"
"GLIDEWIRE, ADVANTAGE 180CM","AngiChSup40183","CDM","272","RC","C1769","HCPCS","","","facility","both","","","","1324.34","1324.34","","","","","","","","","","","","","Gross Charge Type: Main Acute Price List"
"GLIDEWIRE, HYDROPHILIC 0.018X180CM 90 DEG ANG","OperChSup44154","CDM","272","RC","C1769","HCPCS","","","facility","both","","","","1077.3","1077.3","","","","","","","","","","","","","Gross Charge Type: Main Acute Price List"
"GLIDEWIRE, J TIP .035 150CM","CspuChSup104854","CDM","272","RC","C1769","HCPCS","","","facility","both","","","","192.61","192.61","","","","","","","","","","","","","Gross Charge Type: Main Acute Price List"
"GLIDEWIRE, J TIP .038 150CM","ScanWmSup104855","CDM","272","RC","C1769","HCPCS","","","facility","both","","","","221.75","221.75","","","","","","","","","","","","","Gross Charge Type: Main Acute Price List"
"GLIDEWIRE, LT 0135 150CM","PacuChSup102345","CDM","272","RC","C1769","HCPCS","","","facility","both","","","","221.99","221.99","","","","","","","","","","","","","Gross Charge Type: Main Acute Price List"
"GLIDEWIRE, LT 0135 150CM","ScanWmSup102345","CDM","272","RC","C1769","HCPCS","","","facility","both","","","","221.99","221.99","","","","","","","","","","","","","Gross Charge Type: Main Acute Price List"
"GLIDEWIRE, STANDARD ANGLED 0.035 150CM","OperChSup43746","CDM","272","RC","","","","","facility","both","","","","240.23","240.23","","","","","","","","","","","","","Gross Charge Type: Main Acute Price List"
"GLIDEWIRE,.016  180 ST 25CM 2CM 90/60D DBL ANG","ScorWmSup74770","CDM","272","RC","C1769","HCPCS","","","facility","both","","","","1903.36","1903.36","","","","","","","","","","","","","Gross Charge Type: Main Acute Price List"
"GLUCOSE,POINT OF CARE","PoctMe7950","CDM","301","RC","82948","HCPCS","","","facility","both","","","","37.05","37.05","","","","","","","","","","","","","Gross Charge Type: Main Acute Price List"
"GLYCATED HEMOGLOBIN","ChemMe7203","CDM","301","RC","83036","HCPCS","","","facility","both","","","","94.35","94.35","","","","","","","","","","","","","Gross Charge Type: Main Acute Price List"
"GRAFT, AAA ILIAC LEG SPIRAL Z  20X56MM","GyscChSup61726","CDM","278","RC","C1874","HCPCS","","","facility","both","","","","17868.17","17868.17","","","","","","","","","","","","","Gross Charge Type: Main Acute Price List"
"GRAFT, AAA ILIAC LEG SPIRAL Z  20X74MM","AngiChSup61727","CDM","278","RC","C1874","HCPCS","","","facility","both","","","","22591.35","22591.35","","","","","","","","","","","","","Gross Charge Type: Main Acute Price List"
"GRAFT, AAA ILIAC LEG SPIRAL Z 20X90MM","AngiWmSup63134","CDM","278","RC","C1874","HCPCS","","","facility","both","","","","23833.87","23833.87","","","","","","","","","","","","","Gross Charge Type: Main Acute Price List"
"GRAFT, AAA ILIAC LEG ZENITH SPIRAL Z 16X90MM","PacuWmSup67842","CDM","278","RC","C1874","HCPCS","","","facility","both","","","","25347.32","25347.32","","","","","","","","","","","","","Gross Charge Type: Main Acute Price List"
"GRAFT, ALLODERM 6X16CM","AngiWmSup32948","CDM","278","RC","","","","","facility","both","","","","17074.67","17074.67","","","","","","","","","","","","","Gross Charge Type: Main Acute Price List"
"GRAFT, ALLODERM 6X16CM","OperWmSup32948","CDM","278","RC","","","","","facility","both","","","","17074.67","17074.67","","","","","","","","","","","","","Gross Charge Type: Main Acute Price List"
"GRAFT, ALLODERM CONTOUR PERF THIN 1.0 + 0.2MM","EplbChSup78648","CDM","278","RC","Q4116","HCPCS","","","facility","both","","","","24181.39","24181.39","","","","","","","","","","","","","Gross Charge Type: Main Acute Price List"
"GRAFT, ALLODERM CONTOUR PERF THIN 1.0 + 0.2MM","GastChSup78648","CDM","278","RC","Q4116","HCPCS","","","facility","both","","","","24181.39","24181.39","","","","","","","","","","","","","Gross Charge Type: Main Acute Price List"
"GRAFT, AMNIOGRAFT 2.0X1.5CM SIZE B","OperChSup60178","CDM","278","RC","V2790","HCPCS","","","facility","both","","","","4244.06","4244.06","","","","","","","","","","","","","Gross Charge Type: Main Acute Price List"
"GRAFT, AMNIOTIC MEMBRANE NUSHIELD 1.6 SQ CM DISC WC","WWSUCLSUP73497","CDM","636","RC","Q4160","HCPCS","","","facility","both","","","","1217.43","1217.43","","","","","","","","","","","","","Gross Charge Type: Main Acute Price List"
"GRAFT, AMNIOTIC MEMBRANE NUSHIELD 2X3CM","CLDRChSup73498","CDM","278","RC","Q4160","HCPCS","57877000504","NDC","facility","both","1","EA","","4604.6","4604.6","","","","","","","","","","","","","Gross Charge Type: Main Acute Price List | NDC EA = 6.0000 EA"
"GRAFT, AMNIOTIC MEMBRANE NUSHIELD 2X3CM","PacuChSup73498","CDM","278","RC","Q4160","HCPCS","57877000504","NDC","facility","both","1","EA","","4604.6","4604.6","","","","","","","","","","","","","Gross Charge Type: Main Acute Price List | NDC EA = 6.0000 EA"
"GRAFT, AMNIOTIC MEMBRANE NUSHIELD 4X4CM","EplbChSup73499","CDM","278","RC","Q4160","HCPCS","","","facility","both","","","","8253.53","8253.53","","","","","","","","","","","","","Gross Charge Type: Main Acute Price List"
"GRAFT, ARTHOCELL 2.5","ScpuChSup112450","CDM","278","RC","C1713","HCPCS","","","facility","both","","","","11703.51","11703.51","","","","","","","","","","","","","Gross Charge Type: Main Acute Price List"
"GRAFT, AVANCE NERVE 1-2MMX50MM","ScanWmSup52132","CDM","278","RC","","","","","facility","both","","","","34207.26","34207.26","","","","","","","","","","","","","Gross Charge Type: Main Acute Price List"
"GRAFT, AVANCE NERVE 4-5MMX50MM","GastWmSup52136","CDM","278","RC","","","","","facility","both","","","","36692","36692","","","","","","","","","","","","","Gross Charge Type: Main Acute Price List"
"GRAFT, AVANCE NERVE 4-5MMX70MM","CLDRChSup52139","CDM","278","RC","C1762","HCPCS","","","facility","both","","","","51446.14","51446.14","","","","","","","","","","","","","Gross Charge Type: Main Acute Price List"
"GRAFT, AVANCE NERVE 4-5MMX70MM","ScorChSup52139","CDM","278","RC","C1762","HCPCS","","","facility","both","","","","51446.14","51446.14","","","","","","","","","","","","","Gross Charge Type: Main Acute Price List"
"GRAFT, AVANCE NERVE 4-5MMX70MM","ScpuChSup52139","CDM","278","RC","C1762","HCPCS","","","facility","both","","","","51446.14","51446.14","","","","","","","","","","","","","Gross Charge Type: Main Acute Price List"
"GRAFT, AVANCE NERVE 4-5MMX70MM","ScpuWmSup52139","CDM","278","RC","C1762","HCPCS","","","facility","both","","","","51446.14","51446.14","","","","","","","","","","","","","Gross Charge Type: Main Acute Price List"
"GRAFT, AVANCE NERVE 4-5MMX70MM","Wilm5452139","CDM","278","RC","C1762","HCPCS","","","facility","both","","","","51446.14","51446.14","","","","","","","","","","","","","Gross Charge Type: Main Acute Price List"
"GRAFT, AXIS TUTOPLAST 6X8CM","GyscChSup106502","CDM","278","RC","C1762","HCPCS","","","facility","both","","","","12750.66","12750.66","","","","","","","","","","","","","Gross Charge Type: Main Acute Price List"
"GRAFT, AXIS TUTOPLAST 6X8CM","ScorWmSup106502","CDM","278","RC","C1762","HCPCS","","","facility","both","","","","12750.66","12750.66","","","","","","","","","","","","","Gross Charge Type: Main Acute Price List"
"GRAFT, BIFURCATED KNITTED 12X6MM","GyscChSup23568","CDM","278","RC","C1768","HCPCS","","","facility","both","","","","4889.42","4889.42","","","","","","","","","","","","","Gross Charge Type: Main Acute Price List"
"GRAFT, BIFURCATED KNITTED 16X8MM","OperChSup23570","CDM","278","RC","C1768","HCPCS","","","facility","both","","","","4889.42","4889.42","","","","","","","","","","","","","Gross Charge Type: Main Acute Price List"
"GRAFT, BIFURCATED KNITTED 16X8MM","ScanWmSup23570","CDM","278","RC","C1768","HCPCS","","","facility","both","","","","4889.42","4889.42","","","","","","","","","","","","","Gross Charge Type: Main Acute Price List"
"GRAFT, BIFURCATED KNITTED 18X9MM","CcthChSup23571","CDM","278","RC","C1768","HCPCS","","","facility","both","","","","4597.48","4597.48","","","","","","","","","","","","","Gross Charge Type: Main Acute Price List"
"GRAFT, BIFURCATED KNITTED 18X9MM","ScanWmSup23571","CDM","278","RC","C1768","HCPCS","","","facility","both","","","","4597.48","4597.48","","","","","","","","","","","","","Gross Charge Type: Main Acute Price List"
"GRAFT, BIFURCATED KNITTED 20X10MM","ScorChSup23572","CDM","278","RC","C1768","HCPCS","","","facility","both","","","","4889.42","4889.42","","","","","","","","","","","","","Gross Charge Type: Main Acute Price List"
"GRAFT, BIRFUCATED KNITTED 14X7MM","OperChSup23569","CDM","278","RC","C1768","HCPCS","","","facility","both","","","","4889.42","4889.42","","","","","","","","","","","","","Gross Charge Type: Main Acute Price List"
"GRAFT, BONE PRO-DENSE INJECT 10CC","CcthChSup106422","CDM","278","RC","C1713","HCPCS","","","facility","both","","","","22076.51","22076.51","","","","","","","","","","","","","Gross Charge Type: Main Acute Price List"
"GRAFT, BONE PRO-DENSE INJECT 15CC","GastWmSup79613","CDM","278","RC","C1713","HCPCS","","","facility","both","","","","26880.44","26880.44","","","","","","","","","","","","","Gross Charge Type: Main Acute Price List"
"GRAFT, BONE PRO-DENSE INJECT 2CC","OperWmSup78436","CDM","278","RC","C1713","HCPCS","","","facility","both","","","","5457.53","5457.53","","","","","","","","","","","","","Gross Charge Type: Main Acute Price List"
"GRAFT, BONE PRO-DENSE INJECT 2CC","ScanWmSup78436","CDM","278","RC","C1713","HCPCS","","","facility","both","","","","5457.53","5457.53","","","","","","","","","","","","","Gross Charge Type: Main Acute Price List"
"GRAFT, BONE WEDGE ALLOSYNC COTTON  20MM X 5.5MM","OperWmSup10196698","CDM","278","RC","C1762","HCPCS","","","facility","both","","","","9782","9782","","","","","","","","","","","","","Gross Charge Type: Main Acute Price List"
"GRAFT, BONE WEDGE ALLOSYNC EVANS  18MM X 18MM X 6.5MM","OperWmSup10196701","CDM","278","RC","C1762","HCPCS","","","facility","both","","","","9052","9052","","","","","","","","","","","","","Gross Charge Type: Main Acute Price List"
"GRAFT, BONE WEDGE ALLOSYNC EVANS  20MM X 20MM X 12MM","OperWmSup10196708","CDM","278","RC","C1762","HCPCS","","","facility","both","","","","9344","9344","","","","","","","","","","","","","Gross Charge Type: Main Acute Price List"
"GRAFT, BONE WEDGE ALLOSYNC EVANS  20MM X 20MM X 6.5MM","ScorChSup10196705","CDM","278","RC","C1762","HCPCS","","","facility","both","","","","9344","9344","","","","","","","","","","","","","Gross Charge Type: Main Acute Price List"
"GRAFT, CARDIOROOT WOVEN 30MM","DelrChSup118672","CDM","278","RC","C1768","HCPCS","","","facility","both","","","","11792.36","11792.36","","","","","","","","","","","","","Gross Charge Type: Main Acute Price List"
"GRAFT, CARDIOROOT WOVEN 30MM","OperChSup118672","CDM","278","RC","C1768","HCPCS","","","facility","both","","","","11792.36","11792.36","","","","","","","","","","","","","Gross Charge Type: Main Acute Price List"
"GRAFT, CARDIOROOT WOVEN 34MM","ScpuChSup118674","CDM","278","RC","C1768","HCPCS","","","facility","both","","","","11792.36","11792.36","","","","","","","","","","","","","Gross Charge Type: Main Acute Price List"
"GRAFT, CONFORMABLE THORACIC STENT 21MMX21MMX10CM 18FR","AnesChSup79751","CDM","278","RC","C1874","HCPCS","","","facility","both","","","","107985.12","107985.12","","","","","","","","","","","","","Gross Charge Type: Main Acute Price List"
"GRAFT, CONFORMABLE THORACIC STENT 26X26MMX10CM 20FR","AngiWmSup79452","CDM","278","RC","","","","","facility","both","","","","114842.17","114842.17","","","","","","","","","","","","","Gross Charge Type: Main Acute Price List"
"GRAFT, CONFORMABLE THORACIC STENT 26X26MMX10CM 20FR","ScorWmSup79452","CDM","278","RC","","","","","facility","both","","","","114842.17","114842.17","","","","","","","","","","","","","Gross Charge Type: Main Acute Price List"
"GRAFT, CONFORMABLE THORACIC STENT 31MMX31MMX10CM 22FR","CspuChSup79752","CDM","278","RC","","","","","facility","both","","","","107985.12","107985.12","","","","","","","","","","","","","Gross Charge Type: Main Acute Price List"
"GRAFT, CORNERSTONE LORDOTIC 6X14X11MM","ScpuChSup28710","CDM","278","RC","C1762","HCPCS","","","facility","both","","","","4311.82","4311.82","","","","","","","","","","","","","Gross Charge Type: Main Acute Price List"
"GRAFT, CORNERSTONE LORDOTIC 8X14X11MM","EplbChSup27665","CDM","278","RC","C1713","HCPCS","","","facility","both","","","","4311.82","4311.82","","","","","","","","","","","","","Gross Charge Type: Main Acute Price List"
"GRAFT, CORNERSTONE LORDOTIC 9X14X11MM","OperWmSup28155","CDM","278","RC","C1713","HCPCS","","","facility","both","","","","4311.82","4311.82","","","","","","","","","","","","","Gross Charge Type: Main Acute Price List"
"GRAFT, CRYOPRESERVED GRAFIXPL PRIME 3X3CM","CcthChSup79422","CDM","278","RC","","","","","facility","both","","","","6515.94","6515.94","","","","","","","","","","","","","Gross Charge Type: Main Acute Price List"
"GRAFT, CRYOPRESERVED GRAFIXPL PRIME 3X3CM","GastChSup79422","CDM","278","RC","","","","","facility","both","","","","6515.94","6515.94","","","","","","","","","","","","","Gross Charge Type: Main Acute Price List"
"GRAFT, CRYOPRESERVED STRAVIX UMBILICAL TISSUE 2X4CM","ScpuChSup113799","CDM","636","RC","Q4133","HCPCS","","","facility","both","","","","9170.95","9170.95","","","","","","","","","","","","","Gross Charge Type: Main Acute Price List"
"GRAFT, CRYOPRESERVED STRAVIX UMBILICAL TISSUE 3X6CM","DelrChSup113800","CDM","636","RC","Q4133","HCPCS","","","facility","both","","","","14335.64","14335.64","","","","","","","","","","","","","Gross Charge Type: Main Acute Price List"
"GRAFT, DERMIS DECELL ARTHROFLEX 40X70MM","GastChSup52063","CDM","278","RC","Q4125","HCPCS","","","facility","both","","","","17758.53","17758.53","","","","","","","","","","","","","Gross Charge Type: Main Acute Price List"
"GRAFT, DERMIS DECELLULARIZED ARTHROFLEX   40X70X3.0MM","OperWmSup69402","CDM","278","RC","Q4125","HCPCS","","","facility","both","","","","24552.72","24552.72","","","","","","","","","","","","","Gross Charge Type: Main Acute Price List"
"GRAFT, DERMIS DECELLULARIZED ARTHROFLEX 1.5MM X 25MM X 30MM","AngiWmSup111710","CDM","278","RC","Q4125","HCPCS","","","facility","both","","","","6950.34","6950.34","","","","","","","","","","","","","Gross Charge Type: Main Acute Price List"
"GRAFT, DURAMATRIX ONLAY 4X5","ScpuWmSup43904","CDM","278","RC","Q4100","HCPCS","","","facility","both","","","","6674.56","6674.56","","","","","","","","","","","","","Gross Charge Type: Main Acute Price List"
"GRAFT, EXCLUDER C3 LEG 23X14.5X18CM","DelrChSup70713","CDM","278","RC","","","","","facility","both","","","","62263.46","62263.46","","","","","","","","","","","","","Gross Charge Type: Main Acute Price List"
"GRAFT, EXCLUDER C3 LEG 23X14.5X18CM","PacuChSup70713","CDM","278","RC","","","","","facility","both","","","","62263.46","62263.46","","","","","","","","","","","","","Gross Charge Type: Main Acute Price List"
"GRAFT, EXCLUDER CONFORM AAA 20MMX14.5MMX12CM 15 FR","ScpuWmSup114000","CDM","278","RC","C1874","HCPCS","","","facility","both","","","","71500.09","71500.09","","","","","","","","","","","","","Gross Charge Type: Main Acute Price List"
"GRAFT, EXCLUDER CONFORM AAA 32MMX14.5MMX14CM 18 FR","AnesChSup111940","CDM","278","RC","C1874","HCPCS","","","facility","both","","","","76072.78","76072.78","","","","","","","","","","","","","Gross Charge Type: Main Acute Price List"
"GRAFT, FENSTRATED ENDOVASCULAR AAA DISTAL 12MM X 76MM","AngiChSup107934","CDM","278","RC","C1874","HCPCS","","","facility","both","","","","25716.91","25716.91","","","","","","","","","","","","","Gross Charge Type: Main Acute Price List"
"GRAFT, FLEXHD PLIABLE THICK 8CMX16CM","OperWmSup10195287","CDM","278","RC","Q4128","HCPCS","","","facility","both","","","","18844.51","18844.51","","","","","","","","","","","","","Gross Charge Type: Main Acute Price List"
"GRAFT, GELWEAVE 26/8MM LENGTH 20/15CM","GastWmSup24699","CDM","278","RC","C1768","HCPCS","","","facility","both","","","","4974.47","4974.47","","","","","","","","","","","","","Gross Charge Type: Main Acute Price List"
"GRAFT, GELWEAVE 30MM X 40CM","PacuWmSup42992","CDM","278","RC","C1768","HCPCS","","","facility","both","","","","3670.17","3670.17","","","","","","","","","","","","","Gross Charge Type: Main Acute Price List"
"GRAFT, GELWEAVE ANTE-FLO 34X8 LENGTH W/SIDE ARM","AngiChSup107450","CDM","278","RC","C1768","HCPCS","","","facility","both","","","","7303.91","7303.91","","","","","","","","","","","","","Gross Charge Type: Main Acute Price List"
"GRAFT, GELWEAVE WOVEN  8MMX30CM","ScorWmSup75507","CDM","278","RC","C1768","HCPCS","","","facility","both","","","","2711.15","2711.15","","","","","","","","","","","","","Gross Charge Type: Main Acute Price List"
"GRAFT, GELWEAVE WOVEN 12MMX15CM","GyscChSup110341","CDM","278","RC","C1768","HCPCS","","","facility","both","","","","2071.89","2071.89","","","","","","","","","","","","","Gross Charge Type: Main Acute Price List"
"GRAFT, GELWEAVE WOVEN 14X30CM","GyscChSup70611","CDM","278","RC","C1768","HCPCS","","","facility","both","","","","2666.21","2666.21","","","","","","","","","","","","","Gross Charge Type: Main Acute Price List"
"GRAFT, GELWEAVE WOVEN 14X30CM","Wilm5470611","CDM","278","RC","C1768","HCPCS","","","facility","both","","","","2666.21","2666.21","","","","","","","","","","","","","Gross Charge Type: Main Acute Price List"
"GRAFT, GELWEAVE WOVEN 16X30CM","EplbChSup70612","CDM","278","RC","C1768","HCPCS","","","facility","both","","","","2666.21","2666.21","","","","","","","","","","","","","Gross Charge Type: Main Acute Price List"
"GRAFT, GELWEAVE WOVEN 16X30CM","ScpuWmSup70612","CDM","278","RC","C1768","HCPCS","","","facility","both","","","","2666.21","2666.21","","","","","","","","","","","","","Gross Charge Type: Main Acute Price List"
"GRAFT, GELWEAVE WOVEN 18MM X 30CM","GastChSup21315","CDM","278","RC","C1768","HCPCS","","","facility","both","","","","2835.51","2835.51","","","","","","","","","","","","","Gross Charge Type: Main Acute Price List"
"GRAFT, GELWEAVE WOVEN 18MM X 30CM","Wilm5421315","CDM","278","RC","C1768","HCPCS","","","facility","both","","","","2835.51","2835.51","","","","","","","","","","","","","Gross Charge Type: Main Acute Price List"
"GRAFT, GELWEAVE WOVEN 20MM X 15CM","AngiWmSup20499","CDM","278","RC","C1768","HCPCS","","","facility","both","","","","4974.47","4974.47","","","","","","","","","","","","","Gross Charge Type: Main Acute Price List"
"GRAFT, GELWEAVE WOVEN 28MM X 25CM","CspuChSup20560","CDM","278","RC","C1768","HCPCS","","","facility","both","","","","2835.51","2835.51","","","","","","","","","","","","","Gross Charge Type: Main Acute Price List"
"GRAFT, GELWEAVE WOVEN 28MM X 25CM","GastWmSup20560","CDM","278","RC","C1768","HCPCS","","","facility","both","","","","2835.51","2835.51","","","","","","","","","","","","","Gross Charge Type: Main Acute Price List"
"GRAFT, GELWEAVE WOVEN 28MM X 25CM","ScorWmSup20560","CDM","278","RC","C1768","HCPCS","","","facility","both","","","","2835.51","2835.51","","","","","","","","","","","","","Gross Charge Type: Main Acute Price List"
"GRAFT, GELWEAVE WOVEN 30MM X 20CM","ScanWmSup23105","CDM","278","RC","C1768","HCPCS","","","facility","both","","","","2835.51","2835.51","","","","","","","","","","","","","Gross Charge Type: Main Acute Price List"
"GRAFT, GELWEAVE WOVEN 32MMX20CM","EplbChSup52594","CDM","278","RC","C1768","HCPCS","","","facility","both","","","","2835.51","2835.51","","","","","","","","","","","","","Gross Charge Type: Main Acute Price List"
"GRAFT, GELWEAVE WOVEN 8MM X 15CM","CcthChSup20490","CDM","278","RC","C1768","HCPCS","","","facility","both","","","","2071.89","2071.89","","","","","","","","","","","","","Gross Charge Type: Main Acute Price List"
"GRAFT, HD FLEX PLIABLE PRE SMALL 17.5 X 20CM","CcthChSup79138","CDM","278","RC","C1762","HCPCS","","","facility","both","","","","90856.15","90856.15","","","","","","","","","","","","","Gross Charge Type: Main Acute Price List"
"GRAFT, HD FLEX PLIABLE PRE SMALL 17.5 X 20CM","ScanWmSup79138","CDM","278","RC","C1762","HCPCS","","","facility","both","","","","90856.15","90856.15","","","","","","","","","","","","","Gross Charge Type: Main Acute Price List"
"GRAFT, HEMASHEILD PLATINUM 4 BRANCH 24MM","CcthChSup119588","CDM","278","RC","C1768","HCPCS","","","facility","both","","","","10249.38","10249.38","","","","","","","","","","","","","Gross Charge Type: Main Acute Price List"
"GRAFT, HEMASHEILD PLATINUM 4 BRANCH 24MM","GastChSup119588","CDM","278","RC","C1768","HCPCS","","","facility","both","","","","10249.38","10249.38","","","","","","","","","","","","","Gross Charge Type: Main Acute Price List"
"GRAFT, HEMASHEILD PLATINUM 4 BRANCH 32MM","PacuChSup119592","CDM","278","RC","C1768","HCPCS","","","facility","both","","","","9928.85","9928.85","","","","","","","","","","","","","Gross Charge Type: Main Acute Price List"
"GRAFT, HEMASHEILD PLATINUM STRAIGHT 16X30CM","ScanWmSup119338","CDM","278","RC","C1768","HCPCS","","","facility","both","","","","3597.9","3597.9","","","","","","","","","","","","","Gross Charge Type: Main Acute Price List"
"GRAFT, HEMASHEILD PLATINUM STRAIGHT 16X30CM","ScorWmSup119338","CDM","278","RC","C1768","HCPCS","","","facility","both","","","","3597.9","3597.9","","","","","","","","","","","","","Gross Charge Type: Main Acute Price List"
"GRAFT, HEMASHEILD PLATINUM STRAIGHT 16X30CM","ScpuWmSup119338","CDM","278","RC","C1768","HCPCS","","","facility","both","","","","3597.9","3597.9","","","","","","","","","","","","","Gross Charge Type: Main Acute Price List"
"GRAFT, HEMASHIELD 27MM AORTIC VALVE W/30MM","ScorWmSup114584","CDM","278","RC","C1768","HCPCS","","","facility","both","","","","29723.15","29723.15","","","","","","","","","","","","","Gross Charge Type: Main Acute Price List"
"GRAFT, HEMASHIELD PLATINUM 28MM","AngiWmSup95562","CDM","270","RC","","","","","facility","both","","","","3280.92","3280.92","","","","","","","","","","","","","Gross Charge Type: Main Acute Price List"
"GRAFT, HEMASHIELD PLATINUM 28MM","GastChSup95562","CDM","270","RC","","","","","facility","both","","","","3280.92","3280.92","","","","","","","","","","","","","Gross Charge Type: Main Acute Price List"
"GRAFT, HEMASHIELD PLATINUM 28MM","OperWmSup95562","CDM","270","RC","","","","","facility","both","","","","3280.92","3280.92","","","","","","","","","","","","","Gross Charge Type: Main Acute Price List"
"GRAFT, HEMASHIELD PLATINUM 28MM","PacuChSup95562","CDM","270","RC","","","","","facility","both","","","","3280.92","3280.92","","","","","","","","","","","","","Gross Charge Type: Main Acute Price List"
"GRAFT, HEMASHIELD PLATINUM 3 BRANCH 12MM 8MM","ScorChSup10196254","CDM","278","RC","C1768","HCPCS","","","facility","both","","","","9431.07","9431.07","","","","","","","","","","","","","Gross Charge Type: Main Acute Price List"
"GRAFT, HEMASHIELD PLATINUM STRAIGHT 20X15CM","ScanChSup119184","CDM","278","RC","C1768","HCPCS","","","facility","both","","","","2589.29","2589.29","","","","","","","","","","","","","Gross Charge Type: Main Acute Price List"
"GRAFT, HEMASHIELD PLATINUM STRAIGHT 24X15CM","CspuChSup119186","CDM","278","RC","C1768","HCPCS","","","facility","both","","","","2589.29","2589.29","","","","","","","","","","","","","Gross Charge Type: Main Acute Price List"
"GRAFT, HEMASHIELD PLATINUM STRAIGHT 26X15CM","AngiWmSup119187","CDM","278","RC","C1768","HCPCS","","","facility","both","","","","2759.92","2759.92","","","","","","","","","","","","","Gross Charge Type: Main Acute Price List"
"GRAFT, HEMASHIELD PLATINUM STRAIGHT 30X15CM","AnesWmSup119189","CDM","278","RC","C1768","HCPCS","","","facility","both","","","","2759.92","2759.92","","","","","","","","","","","","","Gross Charge Type: Main Acute Price List"
"GRAFT, HEMASHIELD PLATINUM STRAIGHT 30X15CM","PacuChSup119189","CDM","278","RC","C1768","HCPCS","","","facility","both","","","","2759.92","2759.92","","","","","","","","","","","","","Gross Charge Type: Main Acute Price List"
"GRAFT, HEMASHIELD PLATINUM STRAIGHT 32X15CM","PacuChSup119190","CDM","278","RC","C1768","HCPCS","","","facility","both","","","","2759.92","2759.92","","","","","","","","","","","","","Gross Charge Type: Main Acute Price List"
"GRAFT, HEMASHIELD PLATINUM WOVEN DOUBLE VELOUR 30X10MM 50CM","ScanChSup118932","CDM","278","RC","C1768","HCPCS","","","facility","both","","","","8749.05","8749.05","","","","","","","","","","","","","Gross Charge Type: Main Acute Price List"
"GRAFT, HEMASHIELD PLATINUM WOVEN DOUBLE VELOUR SINGLE BRANCH 24MMX50CM","GastChSup119340","CDM","278","RC","C1768","HCPCS","","","facility","both","","","","8226.66","8226.66","","","","","","","","","","","","","Gross Charge Type: Main Acute Price List"
"GRAFT, HEMASHIELD PLATINUM WOVEN DOUBLE VELOUR SINGLE BRANCH 26MMX50CM","OperChSup119341","CDM","278","RC","C1768","HCPCS","","","facility","both","","","","8749.05","8749.05","","","","","","","","","","","","","Gross Charge Type: Main Acute Price List"
"GRAFT, HEMASHIELD PLATINUM WOVEN DOUBLE VELOUR SINGLE BRANCH 32MMX50CM","ScorChSup119365","CDM","278","RC","C1768","HCPCS","","","facility","both","","","","8746.83","8746.83","","","","","","","","","","","","","Gross Charge Type: Main Acute Price List"
"GRAFT, INFUSE BONE MEDIUM","ScpuChSup20880","CDM","278","RC","C1762","HCPCS","","","facility","both","","","","31691.85","31691.85","","","","","","","","","","","","","Gross Charge Type: Main Acute Price List"
"GRAFT, INFUSE BONE XSMALL","Chrs3137343","CDM","278","RC","C1713","HCPCS","","","facility","both","","","","11395.52","11395.52","","","","","","","","","","","","","Gross Charge Type: Main Acute Price List"
"GRAFT, INFUSE BONE XXSMALL","ScpuChSup37342","CDM","278","RC","","","","","facility","both","","","","5697.76","5697.76","","","","","","","","","","","","","Gross Charge Type: Main Acute Price List"
"GRAFT, INFUSE LARGE II","Chrs5423612","CDM","278","RC","C1762","HCPCS","","","facility","both","","","","35326.11","35326.11","","","","","","","","","","","","","Gross Charge Type: Main Acute Price List"
"GRAFT, INTRAORTIC 8X30","AngiWmSup95437","CDM","278","RC","C1768","HCPCS","","","facility","both","","","","2607.3","2607.3","","","","","","","","","","","","","Gross Charge Type: Main Acute Price List"
"GRAFT, INTRAORTIC 8X30","ScanWmSup95437","CDM","278","RC","C1768","HCPCS","","","facility","both","","","","2607.3","2607.3","","","","","","","","","","","","","Gross Charge Type: Main Acute Price List"
"GRAFT, INTRAORTIC PLATINUM 24X30","AnesWmSup95430","CDM","278","RC","C1768","HCPCS","","","facility","both","","","","2563.74","2563.74","","","","","","","","","","","","","Gross Charge Type: Main Acute Price List"
"GRAFT, KNITTED BIFURCATED 22X11MM","GyscChSup40532","CDM","278","RC","","","","","facility","both","","","","4597.48","4597.48","","","","","","","","","","","","","Gross Charge Type: Main Acute Price List"
"GRAFT, KNITTED STRAIGHT 24MMX340CM","OperWmSup23581","CDM","278","RC","","","","","facility","both","","","","3111.21","3111.21","","","","","","","","","","","","","Gross Charge Type: Main Acute Price List"
"GRAFT, KNITTED STRIAGHT 12MMX40CM","GastChSup23575","CDM","278","RC","C1768","HCPCS","","","facility","both","","","","3308.76","3308.76","","","","","","","","","","","","","Gross Charge Type: Main Acute Price List"
"GRAFT, KNITTED STRIAGHT 12MMX40CM","ScanWmSup23575","CDM","278","RC","C1768","HCPCS","","","facility","both","","","","3308.76","3308.76","","","","","","","","","","","","","Gross Charge Type: Main Acute Price List"
"GRAFT, KNITTED STRIAGHT 12MMX40CM","Wilm5423575","CDM","278","RC","C1768","HCPCS","","","facility","both","","","","3308.76","3308.76","","","","","","","","","","","","","Gross Charge Type: Main Acute Price List"
"GRAFT, LYOPRESERVED GRAFIXPL PRIME 1.5X2CM","GastChSup79420","CDM","278","RC","","","","","facility","both","","","","4587.22","4587.22","","","","","","","","","","","","","Gross Charge Type: Main Acute Price List"
"GRAFT, LYOPRESERVED GRAFIXPL PRIME 1.5X2CM","GastWmSup79420","CDM","278","RC","","","","","facility","both","","","","4587.22","4587.22","","","","","","","","","","","","","Gross Charge Type: Main Acute Price List"
"GRAFT, LYOPRESERVED GRAFIXPL PRIME 16MM DISC (2CM2)","AnesChSup79419","CDM","278","RC","","","","","facility","both","","","","2580.32","2580.32","","","","","","","","","","","","","Gross Charge Type: Main Acute Price List"
"GRAFT, OMNIGRAFT DERMAL REGENERATION MATRIX 4X4CM","AnesWmSup119930","CDM","278","RC","Q4105","HCPCS","","","facility","both","","","","7494.55","7494.55","","","","","","","","","","","","","Gross Charge Type: Main Acute Price List"
"GRAFT, OMNIGRAFT DERMAL REGENERATION MATRIX 4X4CM","GyscChSup119930","CDM","278","RC","Q4105","HCPCS","","","facility","both","","","","7494.55","7494.55","","","","","","","","","","","","","Gross Charge Type: Main Acute Price List"
"GRAFT, OVITEX REINFORCED BIOSCAFFOLDS 10X20CM","ScpuWmSup78212","CDM","278","RC","","","","","facility","both","","","","20851.02","20851.02","","","","","","","","","","","","","Gross Charge Type: Main Acute Price List"
"GRAFT, PRECISION 10X26X26MM FROZEN","CspuChSup70218","CDM","278","RC","","","","","facility","both","","","","22420.64","22420.64","","","","","","","","","","","","","Gross Charge Type: Main Acute Price List"
"GRAFT, PRIMATRIX MESHED 5X5CM","GastChSup116417","CDM","278","RC","Q4110","HCPCS","","","facility","both","","","","8561.43","8561.43","","","","","","","","","","","","","Gross Charge Type: Main Acute Price List"
"GRAFT, PROPATEN VASCULAR 6X80MM","EplbChSup33501","CDM","278","RC","C1768","HCPCS","","","facility","both","","","","18177.39","18177.39","","","","","","","","","","","","","Gross Charge Type: Main Acute Price List"
"GRAFT, PROPATEN VASCULAR 6X80MM","OperClSup33501","CDM","278","RC","C1768","HCPCS","","","facility","both","","","","18177.39","18177.39","","","","","","","","","","","","","Gross Charge Type: Main Acute Price List"
"GRAFT, REM RING TW 6/70/70","ScanChSup103299","CDM","278","RC","C1768","HCPCS","","","facility","both","","","","9535.28","9535.28","","","","","","","","","","","","","Gross Charge Type: Main Acute Price List"
"GRAFT, STENT ABDOMINAL BIFURCAT ENDURANT II 23X16X166MM","OperWmSup54994","CDM","278","RC","","","","","facility","both","","","","51997.24","51997.24","","","","","","","","","","","","","Gross Charge Type: Main Acute Price List"
"GRAFT, STENT ABDOMINAL BIFURCAT ENDURANT II 28X16X166MM","CspuChSup55006","CDM","278","RC","C1876","HCPCS","","","facility","both","","","","51997.24","51997.24","","","","","","","","","","","","","Gross Charge Type: Main Acute Price List"
"GRAFT, STENT ABDOMINAL BIFURCAT ENDURANT II 28X16X166MM","EplbChSup55006","CDM","278","RC","C1876","HCPCS","","","facility","both","","","","51997.24","51997.24","","","","","","","","","","","","","Gross Charge Type: Main Acute Price List"
"GRAFT, STENT ABDOMINAL BIFURCAT ENDURANT II 32X16X166MM","OperWmSup55012","CDM","278","RC","","","","","facility","both","","","","51997.24","51997.24","","","","","","","","","","","","","Gross Charge Type: Main Acute Price List"
"GRAFT, STENT BIFURCATED AFX2 22X16X100MM","CspuChSup68779","CDM","278","RC","","","","","facility","both","","","","63711.45","63711.45","","","","","","","","","","","","","Gross Charge Type: Main Acute Price List"
"GRAFT, STENT CONTRALATERAL LIMB ENDURANT II 16X13X93MM","PacuWmSup54955","CDM","278","RC","","","","","facility","both","","","","25672.82","25672.82","","","","","","","","","","","","","Gross Charge Type: Main Acute Price List"
"GRAFT, STENT CONTRALATERAL LIMB ENDURANT II 16X16X124MM","CspuChSup54959","CDM","278","RC","","","","","facility","both","","","","25672.82","25672.82","","","","","","","","","","","","","Gross Charge Type: Main Acute Price List"
"GRAFT, STENT CONTRALATERAL LIMB ENDURANT II 16X16X124MM","GastChSup54959","CDM","278","RC","","","","","facility","both","","","","25672.82","25672.82","","","","","","","","","","","","","Gross Charge Type: Main Acute Price List"
"GRAFT, STENT CONTRALATERAL LIMB ENDURANT II 16X16X124MM","ScpuWmSup54959","CDM","278","RC","","","","","facility","both","","","","25672.82","25672.82","","","","","","","","","","","","","Gross Charge Type: Main Acute Price List"
"GRAFT, STENT CONTRALATERAL LIMB ENDURANT II 16X16X156MM","ScanWmSup110620","CDM","272","RC","C1784","HCPCS","","","facility","both","","","","33361.63","33361.63","","","","","","","","","","","","","Gross Charge Type: Main Acute Price List"
"GRAFT, STENT CONTRALATERAL LIMB ENDURANT II 16X16X82MM","EplbChSup54957","CDM","278","RC","C1874","HCPCS","","","facility","both","","","","23689.08","23689.08","","","","","","","","","","","","","Gross Charge Type: Main Acute Price List"
"GRAFT, STENT CONTRALATERAL LIMB ENDURANT II 16X16X82MM","OperWmSup54957","CDM","278","RC","C1874","HCPCS","","","facility","both","","","","23689.08","23689.08","","","","","","","","","","","","","Gross Charge Type: Main Acute Price List"
"GRAFT, STENT CONTRALATERAL LIMB ENDURANT II 16X16X93MM","CcthChSup54958","CDM","278","RC","","","","","facility","both","","","","26124.6","26124.6","","","","","","","","","","","","","Gross Charge Type: Main Acute Price List"
"GRAFT, STENT CONTRALATERAL LIMB ENDURANT II 16X20X124MM","CspuChSup54962","CDM","278","RC","C1874","HCPCS","","","facility","both","","","","27580.23","27580.23","","","","","","","","","","","","","Gross Charge Type: Main Acute Price List"
"GRAFT, STENT CONTRALATERAL LIMB ENDURANT II 16X20X93MM","CspuChSup54961","CDM","278","RC","","","","","facility","both","","","","27669.59","27669.59","","","","","","","","","","","","","Gross Charge Type: Main Acute Price List"
"GRAFT, STENT CONTRALATERAL LIMB ENDURANT II 16X20X93MM","ScanChSup54961","CDM","278","RC","","","","","facility","both","","","","27669.59","27669.59","","","","","","","","","","","","","Gross Charge Type: Main Acute Price List"
"GRAFT, STENT CONTRALATERAL LIMB ENDURANT II 16X24X124MM","Wilm5454965","CDM","278","RC","C1876","HCPCS","","","facility","both","","","","25933.46","25933.46","","","","","","","","","","","","","Gross Charge Type: Main Acute Price List"
"GRAFT, STENT CONTRALATERAL LIMB ENDURANT II 16X24X93MM","EplbChSup54964","CDM","278","RC","","","","","facility","both","","","","25672.82","25672.82","","","","","","","","","","","","","Gross Charge Type: Main Acute Price List"
"GRAFT, STENT ENDURANT II 2-PIECE BUNDLE CASE","AnesChSup110966","CDM","278","RC","","","","","facility","both","","","","76380.77","76380.77","","","","","","","","","","","","","Gross Charge Type: Main Acute Price List"
"GRAFT, STENT ENDURANT II 2-PIECE BUNDLE CASE","ScorChSup110966","CDM","278","RC","","","","","facility","both","","","","76380.77","76380.77","","","","","","","","","","","","","Gross Charge Type: Main Acute Price List"
"GRAFT, STENT ENDURANT II 3-PIECE BUNDLE CASE","PacuWmSup110969","CDM","278","RC","C1776","HCPCS","","","facility","both","","","","107795.43","107795.43","","","","","","","","","","","","","Gross Charge Type: Main Acute Price List"
"GRAFT, STENT ENDURANT II 4-PIECE BUNDLE CASE","ScanWmSup110972","CDM","278","RC","","","","","facility","both","","","","80508.11","80508.11","","","","","","","","","","","","","Gross Charge Type: Main Acute Price List"
"GRAFT, STENT ILIAC EXTENSION ENDURANT II 20X20X82MM","CcthChSup54971","CDM","278","RC","","","","","facility","both","","","","25281.86","25281.86","","","","","","","","","","","","","Gross Charge Type: Main Acute Price List"
"GRAFT, STENT ILIAC EXTENSION ENDURANT II 20X20X82MM","OperWmSup54971","CDM","278","RC","","","","","facility","both","","","","25281.86","25281.86","","","","","","","","","","","","","Gross Charge Type: Main Acute Price List"
"GRAFT, STENT ILIAC EXTENSION ENDURANT II 24X24X82MM","OperWmSup54972","CDM","278","RC","","","","","facility","both","","","","25672.82","25672.82","","","","","","","","","","","","","Gross Charge Type: Main Acute Price List"
"GRAFT, STENT LIMB 16X16X146","ScorWmSup110766","CDM","278","RC","C1784","HCPCS","","","facility","both","","","","35480.09","35480.09","","","","","","","","","","","","","Gross Charge Type: Main Acute Price List"
"GRAFT, STENT LIMB 16X20X146MM","GastWmSup109346","CDM","278","RC","","","","","facility","both","","","","35480.09","35480.09","","","","","","","","","","","","","Gross Charge Type: Main Acute Price List"
"GRAFT, STENT TAG CONFORM THORACIC 37MMX37MMX10CM 22FR","ScanChSup79954","CDM","278","RC","","","","","facility","both","","","","114842.17","114842.17","","","","","","","","","","","","","Gross Charge Type: Main Acute Price List"
"GRAFT, STRATTICE ACELLULAR FIRM 16X20CM","ScanWmSup38799","CDM","278","RC","C1763","HCPCS","","","facility","both","","","","49789.17","49789.17","","","","","","","","","","","","","Gross Charge Type: Main Acute Price List"
"GRAFT, STRATTICE ACELLULAR FIRM 20X25CM","CcthChSup42056","CDM","636","RC","Q4100","HCPCS","","","facility","both","","","","77797.5","77797.5","","","","","","","","","","","","","Gross Charge Type: Main Acute Price List"
"GRAFT, THORACIC TAG CONFORM SG AC 28MMX28MMX10CM 20FR","GyscChSup79680","CDM","278","RC","C1874","HCPCS","","","facility","both","","","","114842.17","114842.17","","","","","","","","","","","","","Gross Charge Type: Main Acute Price List"
"GRAFT, THORACIC TAG CONFORM SG AC 31MMX31MMX10CM 20FR","OperWmSup79385","CDM","278","RC","C1874","HCPCS","","","facility","both","","","","114842.17","114842.17","","","","","","","","","","","","","Gross Charge Type: Main Acute Price List"
"GRAFT, THORACIC TAG CONFORM SG AC 31MMX31MMX10CM 20FR","ScanWmSup79385","CDM","278","RC","C1874","HCPCS","","","facility","both","","","","114842.17","114842.17","","","","","","","","","","","","","Gross Charge Type: Main Acute Price List"
"GRAFT, THORACIC TAG CONFORM SG AC 31X26MMX10CM 20FR","GyscChSup79450","CDM","278","RC","","","","","facility","both","","","","114842.17","114842.17","","","","","","","","","","","","","Gross Charge Type: Main Acute Price List"
"GRAFT, THORACIC TAG CONFORM SG AC 31X31MMX15CM 20FR","ScanChSup80047","CDM","278","RC","C1874","HCPCS","","","facility","both","","","","114842.17","114842.17","","","","","","","","","","","","","Gross Charge Type: Main Acute Price List"
"GRAFT, THORACIC TAG CONFORM SG AC 34MMX34MMX20CM 22FR","OperChSup79684","CDM","278","RC","C1874","HCPCS","","","facility","both","","","","114842.17","114842.17","","","","","","","","","","","","","Gross Charge Type: Main Acute Price List"
"GRAFT, THORACIC TAG CONFORM SG AC 34MMX34MMX20CM 22FR","PacuChSup79684","CDM","278","RC","C1874","HCPCS","","","facility","both","","","","114842.17","114842.17","","","","","","","","","","","","","Gross Charge Type: Main Acute Price List"
"GRAFT, THORACIC TAG CONFORM SG AC 37MMX37MMX15CM 22FR","AngiWmSup79160","CDM","278","RC","","","","","facility","both","","","","114842.17","114842.17","","","","","","","","","","","","","Gross Charge Type: Main Acute Price List"
"GRAFT, THORACIC TAG CONFORM SG AC 40MMX40MMX15CM 22FR","DelrChSup107795","CDM","278","RC","","","","","facility","both","","","","114842.17","114842.17","","","","","","","","","","","","","Gross Charge Type: Main Acute Price List"
"GRAFT, THORACIC TAG CONFORM SG AC 40MMX40MMX15CM 22FR","GyscChSup107795","CDM","278","RC","","","","","facility","both","","","","114842.17","114842.17","","","","","","","","","","","","","Gross Charge Type: Main Acute Price List"
"GRAFT, THORACIC TAG CONFORM SG AC 45MMX45MMX10CM 24FR","ScpuWmSup79161","CDM","278","RC","","","","","facility","both","","","","114842.17","114842.17","","","","","","","","","","","","","Gross Charge Type: Main Acute Price List"
"GRAFT, THORACIC ZENITH ALPHA PROXIMAL 32 X 28MM","DelrChSup119819","CDM","278","RC","C1874","HCPCS","","","facility","both","","","","110359.82","110359.82","","","","","","","","","","","","","Gross Charge Type: Main Acute Price List"
"GRAFT, THORACTIC TAG CONFORM SG AC 28X28MMX15CM 20FR","GastWmSup79451","CDM","278","RC","C1874","HCPCS","","","facility","both","","","","114842.17","114842.17","","","","","","","","","","","","","Gross Charge Type: Main Acute Price List"
"GRAFT, UPRARENAL AORTIC EXT AFX 34X34X100MM","OperWmSup49093","CDM","278","RC","C1874","HCPCS","","","facility","both","","","","25829.81","25829.81","","","","","","","","","","","","","Gross Charge Type: Main Acute Price List"
"GRAFT, VALIANT NAVION THORACIC STENT 40X40X95","OperChSup79028","CDM","278","RC","","","","","facility","both","","","","86879.25","86879.25","","","","","","","","","","","","","Gross Charge Type: Main Acute Price List"
"GRAFT, VALSALVA 28MMX15CM","CspuChSup74656","CDM","278","RC","c1768","HCPCS","","","facility","both","","","","14877.31","14877.31","","","","","","","","","","","","","Gross Charge Type: Main Acute Price List"
"GRAFT, VASCULAR ACUSEAL TAPERED 6X40MM","GastWmSup65117","CDM","278","RC","C1768","HCPCS","","","facility","both","","","","9689.27","9689.27","","","","","","","","","","","","","Gross Charge Type: Main Acute Price List"
"GRAFT, VASCULAR ACUSEAL TAPERED 6X40MM","ScanChSup65117","CDM","278","RC","C1768","HCPCS","","","facility","both","","","","9689.27","9689.27","","","","","","","","","","","","","Gross Charge Type: Main Acute Price List"
"GRAFT, VASCULAR COLLAGEN ARTEGRAFT 6MM X 40CM","EplbChSup39237","CDM","278","RC","C1768","HCPCS","","","facility","both","","","","12794.42","12794.42","","","","","","","","","","","","","Gross Charge Type: Main Acute Price List"
"GRAFT, VASCULAR COLLAGEN ARTEGRAFT 6MMX36CM","GastWmSup44355","CDM","278","RC","C1768","HCPCS","","","facility","both","","","","10940.99","10940.99","","","","","","","","","","","","","Gross Charge Type: Main Acute Price List"
"GRAFT, VASCULAR COLLAGEN ARTEGRAFT 6MMX36CM","PacuChSup44355","CDM","278","RC","C1768","HCPCS","","","facility","both","","","","10940.99","10940.99","","","","","","","","","","","","","Gross Charge Type: Main Acute Price List"
"GRAFT, VASCULAR COLLAGEN ARTEGRAFT 7MM X 45CM","GastChSup39238","CDM","278","RC","C1768","HCPCS","","","facility","both","","","","14962.01","14962.01","","","","","","","","","","","","","Gross Charge Type: Main Acute Price List"
"GRAFT, VASCULAR COLLAGEN ARTEGRAFT 7MM X 45CM","ScanChSup39238","CDM","278","RC","C1768","HCPCS","","","facility","both","","","","14962.01","14962.01","","","","","","","","","","","","","Gross Charge Type: Main Acute Price List"
"GRAFT, VASCULAR COLLAGEN ARTEGRAFT 7MMX40CM","OperChSup33506","CDM","278","RC","C1768","HCPCS","","","facility","both","","","","10883.07","10883.07","","","","","","","","","","","","","Gross Charge Type: Main Acute Price List"
"GRAFT, VASCULAR PROPATEN AXILLOBIFEM RINGED 90X40CM","ScpuChSup76557","CDM","278","RC","C1768","HCPCS","","","facility","both","","","","28710.54","28710.54","","","","","","","","","","","","","Gross Charge Type: Main Acute Price List"
"GRAFT, ZENITH ALPHA THOARCIC PROXIMAL COMPONENT 30MMX201MM","AngiChSup10195975","CDM","278","RC","C1874","HCPCS","","","facility","both","","","","114613.62","114613.62","","","","","","","","","","","","","Gross Charge Type: Main Acute Price List"
"GRAFT, ZENITH ALPHA THORACIC TAPERED PROXIMAL COMPONENT 38X34X167MM","OperChSup10195976","CDM","278","RC","C1874","HCPCS","","","facility","both","","","","114613.62","114613.62","","","","","","","","","","","","","Gross Charge Type: Main Acute Price List"
"GRAFT, ZENITH FENSTRATED AAA  ENDOVASCULAR PROXIMAL BODY 30MM X 94MM","AnesChSup113456","CDM","278","RC","C1874","HCPCS","","","facility","both","","","","71710.13","71710.13","","","","","","","","","","","","","Gross Charge Type: Main Acute Price List"
"GRAFT, ZENITH FENSTRATED AAA  ENDOVASCULAR PROXIMAL BODY 30X94 113477","CcthChSup113477","CDM","278","RC","C1874","HCPCS","","","facility","both","","","","76263.72","76263.72","","","","","","","","","","","","","Gross Charge Type: Main Acute Price List"
"GRAFT, ZENITH FLEX  ENDOVASCULAR 39MM","PacuChSup113419","CDM","278","RC","C1874","HCPCS","","","facility","both","","","","13437.32","13437.32","","","","","","","","","","","","","Gross Charge Type: Main Acute Price List"
"GRAFT, ZENITH FLEX  ENDOVASCULAR 39MM","ScanWmSup113419","CDM","278","RC","C1874","HCPCS","","","facility","both","","","","13437.32","13437.32","","","","","","","","","","","","","Gross Charge Type: Main Acute Price List"
"GRAFT, ZENITH FLEX  ENDOVASCULAR 39MM","ScorWmSup113419","CDM","278","RC","C1874","HCPCS","","","facility","both","","","","13437.32","13437.32","","","","","","","","","","","","","Gross Charge Type: Main Acute Price List"
"GRAFT, ZENITH FLEX AAA ENDOVASCULAR 28MM X 39MM 113476","EplbChSup113476","CDM","278","RC","C1874","HCPCS","","","facility","both","","","","12666.99","12666.99","","","","","","","","","","","","","Gross Charge Type: Main Acute Price List"
"GRAFT, ZENITH FLEX AAA ENDOVASCULAR 28MM X 39MM 113476","OperChSup113476","CDM","278","RC","C1874","HCPCS","","","facility","both","","","","12666.99","12666.99","","","","","","","","","","","","","Gross Charge Type: Main Acute Price List"
"GRAFT, ZENITH T X 2 ENDOVASCULAR DISSECTION STR ZDEG-P-34-79-PF-US","PacuWmSup119820","CDM","278","RC","C1874","HCPCS","","","facility","both","","","","116325.52","116325.52","","","","","","","","","","","","","Gross Charge Type: Main Acute Price List"
"GRAFT, ZENITH T X 2 ENDOVASCULAR DISSECTION STR ZDEG-P-34-79-PF-US","ScpuChSup119820","CDM","278","RC","C1874","HCPCS","","","facility","both","","","","116325.52","116325.52","","","","","","","","","","","","","Gross Charge Type: Main Acute Price List"
"GRAFT, ZENITH T X 2 ENDOVASCULAR DISSECTION STR ZDEG-P-36-79-PF-US","ScpuWmSup119821","CDM","278","RC","C1874","HCPCS","","","facility","both","","","","116325.52","116325.52","","","","","","","","","","","","","Gross Charge Type: Main Acute Price List"
"GRAFT, ZENITH TX2 ENDOVASCULAR DISSECTION STR ZDEG-P-32-82-PF-US","GyscChSup114226","CDM","278","RC","C1874","HCPCS","","","facility","both","","","","102686.4","102686.4","","","","","","","","","","","","","Gross Charge Type: Main Acute Price List"
"GRAFT,ALLODERM CONTOUR PREF RTU 10.7X21.5","OperChSup74741","CDM","278","RC","Q4116","HCPCS","","","facility","both","","","","31950.57","31950.57","","","","","","","","","","","","","Gross Charge Type: Main Acute Price List"
"GRAFT,ALLODERM RTU MEDIUM PERFORATED 16X20","CspuChSup74151","CDM","278","RC","Q4116","HCPCS","","","facility","both","","","","62348.88","62348.88","","","","","","","","","","","","","Gross Charge Type: Main Acute Price List"
"GRAFT,DERMIS DECELLULARIZ ARTHROFLEX 30X40","ScpuWmSup66824","CDM","278","RC","","","","","facility","both","","","","7199.39","7199.39","","","","","","","","","","","","","Gross Charge Type: Main Acute Price List"
"GRAFT,EXCLUD AORT EXT ENDOPROSTHE 26X3.3","ScorChSup59858","CDM","278","RC","","","","","facility","both","","","","17955.05","17955.05","","","","","","","","","","","","","Gross Charge Type: Main Acute Price List"
"GRAFT,EXCLUD TRUNK IPSILAT LEG C3 35X14.5X14","DelrChSup66894","CDM","278","RC","","","","","facility","both","","","","66217.19","66217.19","","","","","","","","","","","","","Gross Charge Type: Main Acute Price List"
"GRAFT,EXCLUD TRUNK IPSILAT LEG C3 35X14.5X14","GastWmSup66894","CDM","278","RC","","","","","facility","both","","","","66217.19","66217.19","","","","","","","","","","","","","Gross Charge Type: Main Acute Price List"
"GRAFT,EXCLUD TRUNK IPSILAT LEG C3 35X14.5X14","OperChSup66894","CDM","278","RC","","","","","facility","both","","","","66217.19","66217.19","","","","","","","","","","","","","Gross Charge Type: Main Acute Price List"
"GRAFT,FLEX HD PLIABLE SHAP BREST RECON 13CMX22CM","DelrChSup69016","CDM","278","RC","","","","","facility","both","","","","26611.23","26611.23","","","","","","","","","","","","","Gross Charge Type: Main Acute Price List"
"GRAFT,HD FLEX PLIABLE PERF SHAP SM 9CMX15CM","Chrs5466622","CDM","278","RC","","","","","facility","both","","","","13708.39","13708.39","","","","","","","","","","","","","Gross Charge Type: Main Acute Price List"
"GRAFT,HEMASHIELD 22MMX30CM - 40583","CspuChSup40583","CDM","278","RC","C1768","HCPCS","","","facility","both","","","","3820.28","3820.28","","","","","","","","","","","","","Gross Charge Type: Main Acute Price List"
"GRAFT,STENT  BIFURC AFX2 25MMX110-16MMX30","AngiWmSup71938","CDM","278","RC","","","","","facility","both","","","","60390","60390","","","","","","","","","","","","","Gross Charge Type: Main Acute Price List"
"GRAFT,STENT  BIFURC AFX2 25MMX110-16MMX30","CcthChSup71938","CDM","278","RC","","","","","facility","both","","","","60390","60390","","","","","","","","","","","","","Gross Charge Type: Main Acute Price List"
"GRAFT,STENT  BIFURC AFX2 25MMX110-16MMX30","GyscChSup71938","CDM","278","RC","","","","","facility","both","","","","60390","60390","","","","","","","","","","","","","Gross Charge Type: Main Acute Price List"
"GRAFT,STENT AB BIF ENDURANT II 25X14X103","CcthChSup61717","CDM","278","RC","","","","","facility","both","","","","51997.24","51997.24","","","","","","","","","","","","","Gross Charge Type: Main Acute Price List"
"GRAFT,STENT AB BIF ENDURANT II 25X14X103","EplbChSup61717","CDM","278","RC","","","","","facility","both","","","","51997.24","51997.24","","","","","","","","","","","","","Gross Charge Type: Main Acute Price List"
"GRAFT,STENT AB BIF ENDURANT II 25X14X103","Wilm5461717","CDM","278","RC","","","","","facility","both","","","","51997.24","51997.24","","","","","","","","","","","","","Gross Charge Type: Main Acute Price List"
"GRAFT,STENT AORTIC EXT ENDURANT 32X32X70","ScpuWmSup58989","CDM","278","RC","","","","","facility","both","","","","42557.8","42557.8","","","","","","","","","","","","","Gross Charge Type: Main Acute Price List"
"GRAFT,STENT BIFURCATED AFX2 25MMX60-16X40","EplbChSup74802","CDM","278","RC","","","","","facility","both","","","","60390","60390","","","","","","","","","","","","","Gross Charge Type: Main Acute Price List"
"GRAFT,STENT BIFURCATED AFX2 25MMX60-16X40","GastChSup74802","CDM","278","RC","","","","","facility","both","","","","60390","60390","","","","","","","","","","","","","Gross Charge Type: Main Acute Price List"
"GRAFT,SUPRARENAL AORTIC EXT AFX 28X28X95MM","Wilm5449091","CDM","278","RC","","","","","facility","both","","","","23058","23058","","","","","","","","","","","","","Gross Charge Type: Main Acute Price List"
"GRAFT,VAS PROPATEN AXILLOBIFEM RING 70X40","DelrChSup76556","CDM","278","RC","","","","","facility","both","","","","22837.66","22837.66","","","","","","","","","","","","","Gross Charge Type: Main Acute Price List"
"GRAFT,VAS PROPATEN AXILLOBIFEM RING 70X40","PacuWmSup76556","CDM","278","RC","","","","","facility","both","","","","22837.66","22837.66","","","","","","","","","","","","","Gross Charge Type: Main Acute Price List"
"GRAFT,VAS PROPATEN AXILLOBIFEM RING 70X40","ScpuChSup76556","CDM","278","RC","","","","","facility","both","","","","22837.66","22837.66","","","","","","","","","","","","","Gross Charge Type: Main Acute Price List"
"GRAFTJACKET, TENDON REPAIR STANDARD 4X8CM","AnesChSup109851","CDM","278","RC","Q4107","HCPCS","","","facility","both","","","","15256","15256","","","","","","","","","","","","","Gross Charge Type: Main Acute Price List"
"GRAFTJACKET, TENDON REPAIR STANDARD 4X8CM","ScanChSup109851","CDM","278","RC","Q4107","HCPCS","","","facility","both","","","","15256","15256","","","","","","","","","","","","","Gross Charge Type: Main Acute Price List"
"GRAFTJACKET, TENDON REPAIR THIN 2X4CM","DelrChSup108213","CDM","278","RC","Q4107","HCPCS","","","facility","both","","","","5710.86","5710.86","","","","","","","","","","","","","Gross Charge Type: Main Acute Price List"
"GRAFTJACKET, TENDON REPAIR THIN 2X4CM","EplbChSup108213","CDM","278","RC","Q4107","HCPCS","","","facility","both","","","","5710.86","5710.86","","","","","","","","","","","","","Gross Charge Type: Main Acute Price List"
"GRAFTJACKET, TENDON REPAIR THIN 4X4CM","CcthChSup107709","CDM","278","RC","Q4107","HCPCS","","","facility","both","","","","12436.51","12436.51","","","","","","","","","","","","","Gross Charge Type: Main Acute Price List"
"GRAFTJACKET, TENDON REPAIR THIN 4X8CM 0.4-1MM THICK","ScpuChSup107950","CDM","278","RC","Q4107","HCPCS","","","facility","both","","","","1139.55","1139.55","","","","","","","","","","","","","Gross Charge Type: Main Acute Price List"
"GRAFTJACKET, TENDON REPAIR THIN 4X8CM 0.4-1MM THICK","ScpuWmSup107950","CDM","278","RC","Q4107","HCPCS","","","facility","both","","","","1139.55","1139.55","","","","","","","","","","","","","Gross Charge Type: Main Acute Price List"
"GRASPER, ENDOWRIST CADIERE FORCEP","AngiChSup55836","CDM","272","RC","","","","","facility","both","","","","1158.39","1158.39","","","","","","","","","","","","","Gross Charge Type: Main Acute Price List"
"GRIDS, STERILE BIOPSY","Ccsm4139036","CDM","272","RC","","","","","facility","both","","","","246.38","246.38","","","","","","","","","","","","","Gross Charge Type: Main Acute Price List"
"GRIDS, STERILE BIOPSY","CcspMR39036","CDM","272","RC","","","","","facility","both","","","","246.38","246.38","","","","","","","","","","","","","Gross Charge Type: Main Acute Price List"
"GRIDS, STERILE BIOPSY","FcinCT39036","CDM","272","RC","","","","","facility","both","","","","246.38","246.38","","","","","","","","","","","","","Gross Charge Type: Main Acute Price List"
"GRIDS, STERILE BIOPSY","Wilm5439036","CDM","272","RC","","","","","facility","both","","","","246.38","246.38","","","","","","","","","","","","","Gross Charge Type: Main Acute Price List"
"GTT-added samples","82952","HCPCS","","","","","","","facility","outpatient","","","","","","Cigna","All Commercial Plans","2.55","","","","","","","fee schedule","2.55","11.76",""
"GUIDE WIRE BENTSON .035 X 180CM","CinvClSup72323","CDM","272","RC","C1769","HCPCS","","","facility","both","","","","67.75","67.75","","","","","","","","","","","","","Gross Charge Type: Main Acute Price List"
"GUIDE WIRE,3.2MM X 600MM","GyscChSup78241","CDM","278","RC","","","","","facility","both","","","","1421","1421","","","","","","","","","","","","","Gross Charge Type: Main Acute Price List"
"GUIDE WIRE,3.2MM X 600MM","PacuWmSup78241","CDM","278","RC","","","","","facility","both","","","","1421","1421","","","","","","","","","","","","","Gross Charge Type: Main Acute Price List"
"GUIDE, 6FR JR4ST","ScanWmSup33146","CDM","278","RC","C1887","HCPCS","","","facility","both","","","","369.59","369.59","","","","","","","","","","","","","Gross Charge Type: Main Acute Price List"
"GUIDE, AIMING 2.0MM","AnesChSup107722","CDM","272","RC","","","","","facility","both","","","","154","154","","","","","","","","","","","","","Gross Charge Type: Main Acute Price List"
"GUIDE, AIMING 2.0MM","GastChSup107722","CDM","272","RC","","","","","facility","both","","","","154","154","","","","","","","","","","","","","Gross Charge Type: Main Acute Price List"
"GUIDE, AIMING 2.0MM","PacuWmSup107722","CDM","272","RC","","","","","facility","both","","","","154","154","","","","","","","","","","","","","Gross Charge Type: Main Acute Price List"
"GUIDE, BLUEPRINT PERFORM+ GLENOID","AnesChSup71134","CDM","272","RC","","","","","facility","both","","","","4054.37","4054.37","","","","","","","","","","","","","Gross Charge Type: Main Acute Price List"
"GUIDE, C-9 PROBE NEEDLE","CcthChSup34413","CDM","272","RC","","","","","facility","both","","","","388.06","388.06","","","","","","","","","","","","","Gross Charge Type: Main Acute Price List"
"GUIDE, CUTTING W/PLANNING RECON IPS","PacuChSup112708","CDM","272","RC","","","","","facility","both","","","","24615.79","24615.79","","","","","","","","","","","","","Gross Charge Type: Main Acute Price List"
"GUIDE, GABBAY-FRATER SUTURE","ScorChSup204719","CDM","270","RC","","","","","facility","both","","","","26.44","26.44","","","","","","","","","","","","","Gross Charge Type: Main Acute Price List"
"GUIDE, GLENOID PERFORM BLUEPRINT","ScpuWmSup72086","CDM","278","RC","","","","","facility","both","","","","4054.37","4054.37","","","","","","","","","","","","","Gross Charge Type: Main Acute Price List"
"GUIDE, HELI-FX AAA 28MM","ScpuWmSup77230","CDM","278","RC","","","","","facility","both","","","","9184.5","9184.5","","","","","","","","","","","","","Gross Charge Type: Main Acute Price List"
"GUIDE, MANDIBLE 3D PRINT TRUMATCH","OperChSup118837","CDM","272","RC","","","","","facility","both","","","","20327.14","20327.14","","","","","","","","","","","","","Gross Charge Type: Main Acute Price List"
"GUIDE, NEEDLE EVIVA 12GA","Ccsb4143074","CDM","272","RC","","","","","facility","both","","","","43.44","43.44","","","","","","","","","","","","","Gross Charge Type: Main Acute Price List"
"GUIDE, NEEDLE EVIVA 12GA","Fcin4743074","CDM","272","RC","","","","","facility","both","","","","43.44","43.44","","","","","","","","","","","","","Gross Charge Type: Main Acute Price List"
"GUIDE, NEEDLE EVIVA 12GA","Wilm4143074","CDM","272","RC","","","","","facility","both","","","","43.44","43.44","","","","","","","","","","","","","Gross Charge Type: Main Acute Price List"
"GUIDE, NEEDLE EVIVA 9GA","Ccsp3843073","CDM","272","RC","","","","","facility","both","","","","46.2","46.2","","","","","","","","","","","","","Gross Charge Type: Main Acute Price List"
"GUIDE, NEEDLE EVIVA 9GA","Chrs4143073","CDM","272","RC","","","","","facility","both","","","","46.2","46.2","","","","","","","","","","","","","Gross Charge Type: Main Acute Price List"
"GUIDE, NEEDLE EVIVA 9GA","EplbChSup43073","CDM","272","RC","","","","","facility","both","","","","46.2","46.2","","","","","","","","","","","","","Gross Charge Type: Main Acute Price List"
"GUIDE, NEEDLE EVIVA 9GA","PacuWmSup43073","CDM","272","RC","","","","","facility","both","","","","46.2","46.2","","","","","","","","","","","","","Gross Charge Type: Main Acute Price List"
"GUIDE, NEEDLE EVIVA 9GA","S1074743073","CDM","272","RC","","","","","facility","both","","","","46.2","46.2","","","","","","","","","","","","","Gross Charge Type: Main Acute Price List"
"GUIDE, NEEDLE STERILE DISP.  20-22G CLOSED LNGC2022YX","AnesChSup113844","CDM","272","RC","","","","","facility","both","","","","43.44","43.44","","","","","","","","","","","","","Gross Charge Type: Main Acute Price List"
"GUIDE, ONE2ONE ORTHOGNATHIC HYBRID SURGICAL","ScorWmSup120536","CDM","272","RC","","","","","facility","both","","","","15927.86","15927.86","","","","","","","","","","","","","Gross Charge Type: Main Acute Price List"
"GUIDE, ONE2ONE RECONSTRUCTION MANDIBLE HYBRID SURGICAL","OperChSup120576","CDM","278","RC","L8699","HCPCS","","","facility","both","","","","9556.72","9556.72","","","","","","","","","","","","","Gross Charge Type: Main Acute Price List"
"GUIDE, PATIENT SPECIFIC GRAFT HARVESTING","OperChSup118834","CDM","272","RC","","","","","facility","both","","","","5008.17","5008.17","","","","","","","","","","","","","Gross Charge Type: Main Acute Price List"
"GUIDE, PROTECTOR","GyscChSup104843","CDM","272","RC","","","","","facility","both","","","","675.17","675.17","","","","","","","","","","","","","Gross Charge Type: Main Acute Price List"
"GUIDE, STAPLE SIZING OSSIO","GyscChSup120241","CDM","272","RC","","","","","facility","both","","","","1847.92","1847.92","","","","","","","","","","","","","Gross Charge Type: Main Acute Price List"
"GUIDE, STAPLE SIZING OSSIO","OperWmSup120241","CDM","272","RC","","","","","facility","both","","","","1847.92","1847.92","","","","","","","","","","","","","Gross Charge Type: Main Acute Price List"
"GUIDE, WIRE BALL NOSE 3.0MM X 900MM","OperWmSup108770","CDM","272","RC","","","","","facility","both","","","","1231.94","1231.94","","","","","","","","","","","","","Gross Charge Type: Main Acute Price List"
"GUIDE, WIRE BALL NOSE 3.0MM X 900MM","ScanChSup108770","CDM","272","RC","","","","","facility","both","","","","1231.94","1231.94","","","","","","","","","","","","","Gross Charge Type: Main Acute Price List"
"GUIDEWIRE .018 X 45CM","GastChSup117239","CDM","272","RC","C1769","HCPCS","","","facility","both","","","","202.72","202.72","","","","","","","","","","","","","Gross Charge Type: Main Acute Price List"
"GUIDEWIRE .018 X 45CM","GastWmSup117239","CDM","272","RC","C1769","HCPCS","","","facility","both","","","","202.72","202.72","","","","","","","","","","","","","Gross Charge Type: Main Acute Price List"
"GUIDEWIRE COMMAND HI-TORQUE 14 ST 014 10CM STRAIGHT 300CM","OperWmSup10193062","CDM","272","RC","C1769","HCPCS","","","facility","both","","","","1132.96","1132.96","","","","","","","","","","","","","Gross Charge Type: Main Acute Price List"
"GUIDEWIRE COMMAND HI-TORQUE 18 ST 018 10CM 4G 300CM","AngiChSup10193045","CDM","272","RC","C1769","HCPCS","","","facility","both","","","","1132.96","1132.96","","","","","","","","","","","","","Gross Charge Type: Main Acute Price List"
"GUIDEWIRE POWERWIRE PRO RF 110G 20 DEGREE ANGLED","CcthChSup10195911","CDM","272","RC","C1769","HCPCS","","","facility","both","","","","14600","14600","","","","","","","","","","","","","Gross Charge Type: Main Acute Price List"
"GUIDEWIRE STANDARD STR .038X75","OperClSup117262","CDM","272","RC","C1769","HCPCS","","","facility","both","","","","162.17","162.17","","","","","","","","","","","","","Gross Charge Type: Main Acute Price List"
"GUIDEWIRE, .014 FLOPPY J","OperWmSup203563","CDM","272","RC","C1769","HCPCS","","","facility","both","","","","405.44","405.44","","","","","","","","","","","","","Gross Charge Type: Main Acute Price List"
"GUIDEWIRE, .014 PT GRAPHIX","AngiChSup215515","CDM","272","RC","C1769","HCPCS","","","facility","both","","","","469.15","469.15","","","","","","","","","","","","","Gross Charge Type: Main Acute Price List"
"GUIDEWIRE, .018 ANGLED","Wilm5493553","CDM","272","RC","C1769","HCPCS","","","facility","both","","","","369.77","369.77","","","","","","","","","","","","","Gross Charge Type: Main Acute Price List"
"GUIDEWIRE, .032/150 3J TF/HEP","ScpuChSup3273","CDM","270","RC","","","","","facility","both","","","","78.54","78.54","","","","","","","","","","","","","Gross Charge Type: Main Acute Price List"
"GUIDEWIRE, .035 ST AMPLATZ","OperChSup205678","CDM","272","RC","C1769","HCPCS","","","facility","both","","","","152.76","152.76","","","","","","","","","","","","","Gross Charge Type: Main Acute Price List"
"GUIDEWIRE, .035 ST AMPLATZ","ScpuWmSup205678","CDM","272","RC","C1769","HCPCS","","","facility","both","","","","152.76","152.76","","","","","","","","","","","","","Gross Charge Type: Main Acute Price List"
"GUIDEWIRE, .035 X 180CM ANGLE","GastWmSup4802","CDM","272","RC","C1769","HCPCS","","","facility","both","","","","264.87","264.87","","","","","","","","","","","","","Gross Charge Type: Main Acute Price List"
"GUIDEWIRE, .035/150 3J FIX TF","ScanChSup3284","CDM","270","RC","","","","","facility","both","","","","78.54","78.54","","","","","","","","","","","","","Gross Charge Type: Main Acute Price List"
"GUIDEWIRE, .035/260 FIXED TF","ScpuChSup3280","CDM","270","RC","","","","","facility","both","","","","102.25","102.25","","","","","","","","","","","","","Gross Charge Type: Main Acute Price List"
"GUIDEWIRE, .035X180CM","Chrs54206195","CDM","270","RC","","","","","facility","both","","","","264.87","264.87","","","","","","","","","","","","","Gross Charge Type: Main Acute Price List"
"GUIDEWIRE, .038 AMPLATZ 260CMJ","EplbChSup7972","CDM","272","RC","C1769","HCPCS","","","facility","both","","","","102.35","102.35","","","","","","","","","","","","","Gross Charge Type: Main Acute Price List"
"GUIDEWIRE, .038 PTFE AMPLATZ","ScpuWmSup212020","CDM","272","RC","","","","","facility","both","","","","138.42","138.42","","","","","","","","","","","","","Gross Charge Type: Main Acute Price List"
"GUIDEWIRE, .038 X 150CM","PacuChSup4759","CDM","272","RC","C1769","HCPCS","","","facility","both","","","","68.68","68.68","","","","","","","","","","","","","Gross Charge Type: Main Acute Price List"
"GUIDEWIRE, .038 X 150CM","ScorChSup4759","CDM","272","RC","C1769","HCPCS","","","facility","both","","","","68.68","68.68","","","","","","","","","","","","","Gross Charge Type: Main Acute Price List"
"GUIDEWIRE, .062X6""","ScpuWmSup64835","CDM","272","RC","","","","","facility","both","","","","268.25","268.25","","","","","","","","","","","","","Gross Charge Type: Main Acute Price List"
"GUIDEWIRE, 0.8MM 100MM LENGTH TROCAR TIP","GyscChSup107221","CDM","278","RC","C1769","HCPCS","","","facility","both","","","","379.19","379.19","","","","","","","","","","","","","Gross Charge Type: Main Acute Price List"
"GUIDEWIRE, 1.1MM 150MM LENGTH TROCAR TIP","EplbChSup106693","CDM","272","RC","","","","","facility","both","","","","421.34","421.34","","","","","","","","","","","","","Gross Charge Type: Main Acute Price List"
"GUIDEWIRE, 1.1MM 150MM LENGTH TROCAR TIP","PacuWmSup106693","CDM","272","RC","","","","","facility","both","","","","421.34","421.34","","","","","","","","","","","","","Gross Charge Type: Main Acute Price List"
"GUIDEWIRE, 1.1MM 150MM LENGTH TROCAR TIP","ScanWmSup106693","CDM","272","RC","","","","","facility","both","","","","421.34","421.34","","","","","","","","","","","","","Gross Charge Type: Main Acute Price List"
"GUIDEWIRE, 1.25MM THREADED","ScanChSup92847","CDM","272","RC","","","","","facility","both","","","","155.23","155.23","","","","","","","","","","","","","Gross Charge Type: Main Acute Price List"
"GUIDEWIRE, 1.4MM 150MM LENGTH TROCAR TIP","OperChSup106515","CDM","272","RC","","","","","facility","both","","","","488.03","488.03","","","","","","","","","","","","","Gross Charge Type: Main Acute Price List"
"GUIDEWIRE, 1.8MM WITH FLUTES 300MM/150MM CALIBRATION","Chrs5425975","CDM","272","RC","","","","","facility","both","","","","523.88","523.88","","","","","","","","","","","","","Gross Charge Type: Main Acute Price List"
"GUIDEWIRE, 3.2X330MM","AngiChSup106642","CDM","278","RC","C1769","HCPCS","","","facility","both","","","","1181.75","1181.75","","","","","","","","","","","","","Gross Charge Type: Main Acute Price List"
"GUIDEWIRE, 3.2X400MM","Chrs5445120","CDM","272","RC","","","","","facility","both","","","","565.46","565.46","","","","","","","","","","","","","Gross Charge Type: Main Acute Price List"
"GUIDEWIRE, 3.2X400MM","OPERCLSUP45120","CDM","272","RC","","","","","facility","both","","","","565.46","565.46","","","","","","","","","","","","","Gross Charge Type: Main Acute Price List"
"GUIDEWIRE, 4MM BEVELED FT 1.6MM","AnesWmSup119269","CDM","278","RC","C1713","HCPCS","","","facility","both","","","","328.32","328.32","","","","","","","","","","","","","Gross Charge Type: Main Acute Price List"
"GUIDEWIRE, ADVANTAGE .018 180CM","CspuChSup57269","CDM","272","RC","C1769","HCPCS","","","facility","both","","","","1324.34","1324.34","","","","","","","","","","","","","Gross Charge Type: Main Acute Price List"
"GUIDEWIRE, AMPLATZ .035 260CM","Uhcc47Sup213241","CDM","272","RC","C1769","HCPCS","","","facility","both","","","","140.44","140.44","","","","","","","","","","","","","Gross Charge Type: Main Acute Price List"
"GUIDEWIRE, AMPLATZ EXTRA STIFF .025 X 260CM","GastChSup31526","CDM","272","RC","","","","","facility","both","","","","190.89","190.89","","","","","","","","","","","","","Gross Charge Type: Main Acute Price List"
"GUIDEWIRE, AMPLATZ EXTRA STIFF .025 X 260CM","ScpuChSup31526","CDM","272","RC","","","","","facility","both","","","","190.89","190.89","","","","","","","","","","","","","Gross Charge Type: Main Acute Price List"
"GUIDEWIRE, AMPTZ SS .038 75CM","CcccCR204326","CDM","272","RC","C1769","HCPCS","","","facility","both","","","","140.44","140.44","","","","","","","","","","","","","Gross Charge Type: Main Acute Price List"
"GUIDEWIRE, AMPTZ SS .038 75CM","Ccsb38204326","CDM","272","RC","C1769","HCPCS","","","facility","both","","","","140.44","140.44","","","","","","","","","","","","","Gross Charge Type: Main Acute Price List"
"GUIDEWIRE, AMPTZ SS .038 75CM","Fcin41204326","CDM","272","RC","C1769","HCPCS","","","facility","both","","","","140.44","140.44","","","","","","","","","","","","","Gross Charge Type: Main Acute Price List"
"GUIDEWIRE, AMPTZ SS .038 75CM","MiddUS204326","CDM","272","RC","C1769","HCPCS","","","facility","both","","","","140.44","140.44","","","","","","","","","","","","","Gross Charge Type: Main Acute Price List"
"GUIDEWIRE, AMPTZ SS.035 260","AngiChSup204325","CDM","272","RC","C1769","HCPCS","","","facility","both","","","","140.44","140.44","","","","","","","","","","","","","Gross Charge Type: Main Acute Price List"
"GUIDEWIRE, AMPTZ SS.035 260","EplbChSup204325","CDM","272","RC","C1769","HCPCS","","","facility","both","","","","140.44","140.44","","","","","","","","","","","","","Gross Charge Type: Main Acute Price List"
"GUIDEWIRE, ANCHORAGE 1.6X100MM","AngiWmSup50334","CDM","272","RC","C1769","HCPCS","","","facility","both","","","","214.11","214.11","","","","","","","","","","","","","Gross Charge Type: Main Acute Price List"
"GUIDEWIRE, ANGIOGUARD RX EMBOLI CAPTURE 5MM","GyscChSup36558","CDM","272","RC","","","","","facility","both","","","","8282.49","8282.49","","","","","","","","","","","","","Gross Charge Type: Main Acute Price List"
"GUIDEWIRE, ANGIOGUARD RX EMBOLI CAPTURE 5MM","OperChSup36558","CDM","272","RC","","","","","facility","both","","","","8282.49","8282.49","","","","","","","","","","","","","Gross Charge Type: Main Acute Price List"
"GUIDEWIRE, ANGIOGUARD RX EMBOLI CAPTURE 6MM","Wilm5436559","CDM","272","RC","","","","","facility","both","","","","8408.04","8408.04","","","","","","","","","","","","","Gross Charge Type: Main Acute Price List"
"GUIDEWIRE, ARISTITLE 18FR SOFT .018 200CM","CcthChSup110143","CDM","278","RC","C1769","HCPCS","","","facility","both","","","","3973.04","3973.04","","","","","","","","","","","","","Gross Charge Type: Main Acute Price List"
"GUIDEWIRE, ARISTOTLE 14 SOFT FLEX PROFILE .014 200CM","ScanChSup112825","CDM","272","RC","C1769","HCPCS","","","facility","both","","","","3233.86","3233.86","","","","","","","","","","","","","Gross Charge Type: Main Acute Price List"
"GUIDEWIRE, ARISTOTLE 24 SOFT .024 200CM","PacuChSup109146","CDM","272","RC","C1769","HCPCS","","","facility","both","","","","4589.01","4589.01","","","","","","","","","","","","","Gross Charge Type: Main Acute Price List"
"GUIDEWIRE, ARISTOTLE COLOSSUS 0.035 X 200CM","EplbChSup121919","CDM","272","RC","","","","","facility","both","","","","8009.56","8009.56","","","","","","","","","","","","","Gross Charge Type: Main Acute Price List"
"GUIDEWIRE, ASAHI CONFIANZA PRO9 .014 300CM","Wilm5435327","CDM","272","RC","","","","","facility","both","","","","819.25","819.25","","","","","","","","","","","","","Gross Charge Type: Main Acute Price List"
"GUIDEWIRE, ASAHI FIELDER FC 180CM STR","GastWmSup51867","CDM","272","RC","C1769","HCPCS","","","facility","both","","","","461.98","461.98","","","","","","","","","","","","","Gross Charge Type: Main Acute Price List"
"GUIDEWIRE, ASAHI FIELDER XT 190CM","Chrs3139403","CDM","272","RC","C1769","HCPCS","","","facility","both","","","","800.77","800.77","","","","","","","","","","","","","Gross Charge Type: Main Acute Price List"
"GUIDEWIRE, ASAHI FIELDER XT 190CM","ScpuChSup39403","CDM","272","RC","C1769","HCPCS","","","facility","both","","","","800.77","800.77","","","","","","","","","","","","","Gross Charge Type: Main Acute Price List"
"GUIDEWIRE, ASAHI PROWATER STRAIGHT .014 300CM","PacuChSup48588","CDM","272","RC","C1769","HCPCS","","","facility","both","","","","461.98","461.98","","","","","","","","","","","","","Gross Charge Type: Main Acute Price List"
"GUIDEWIRE, ASAHI REGALIA XS PERIPHERAL 0.014 1.0 X  300CM","AnesChSup114469","CDM","278","RC","C1769","HCPCS","","","facility","both","","","","665.79","665.79","","","","","","","","","","","","","Gross Charge Type: Main Acute Price List"
"GUIDEWIRE, ASAHI SION BLACK J SHAPE 0.014 300CM","OperWmSup10196662","CDM","272","RC","C1769","HCPCS","","","facility","both","","","","525.6","525.6","","","","","","","","","","","","","Gross Charge Type: Main Acute Price List"
"GUIDEWIRE, ASTOTO 30 300CM","EplbChSup54468","CDM","272","RC","C1769","HCPCS","","","facility","both","","","","868.79","868.79","","","","","","","","","","","","","Gross Charge Type: Main Acute Price List"
"GUIDEWIRE, AXIMED PRIME SOFT 14 0.36MM 200CM","GyscChSup119193","CDM","272","RC","C1769","HCPCS","","","facility","both","","","","1478.34","1478.34","","","","","","","","","","","","","Gross Charge Type: Main Acute Price List"
"GUIDEWIRE, BALL 3.0MM","OperChSup106643","CDM","278","RC","C1769","HCPCS","","","facility","both","","","","2320.61","2320.61","","","","","","","","","","","","","Gross Charge Type: Main Acute Price List"
"GUIDEWIRE, BALL 3.0MM","ScpuChSup106643","CDM","278","RC","C1769","HCPCS","","","facility","both","","","","2320.61","2320.61","","","","","","","","","","","","","Gross Charge Type: Main Acute Price List"
"GUIDEWIRE, BALL TIPPED 03X1250MM","OperWmSup65819","CDM","278","RC","","","","","facility","both","","","","972.74","972.74","","","","","","","","","","","","","Gross Charge Type: Main Acute Price List"
"GUIDEWIRE, BALL TIPPED 03X1250MM","ScanWmSup65819","CDM","278","RC","","","","","facility","both","","","","972.74","972.74","","","","","","","","","","","","","Gross Charge Type: Main Acute Price List"
"GUIDEWIRE, BALL TIPPED 2.0MM","ScorChSup119984","CDM","272","RC","","","","","facility","both","","","","810.87","810.87","","","","","","","","","","","","","Gross Charge Type: Main Acute Price List"
"GUIDEWIRE, BENTSON .038X150CM","GastWmSup4761","CDM","272","RC","C1769","HCPCS","","","facility","both","","","","88.34","88.34","","","","","","","","","","","","","Gross Charge Type: Main Acute Price List"
"GUIDEWIRE, BENTSON 0.35 X 260CM","PacuWmSup31107","CDM","272","RC","C1769","HCPCS","","","facility","both","","","","67.75","67.75","","","","","","","","","","","","","Gross Charge Type: Main Acute Price List"
"GUIDEWIRE, BOUGIE 0.6MM","Chrs5450307","CDM","272","RC","","","","","facility","both","","","","214.76","214.76","","","","","","","","","","","","","Gross Charge Type: Main Acute Price List"
"GUIDEWIRE, BOUGIE 0.6MM","GyscChSup50307","CDM","272","RC","","","","","facility","both","","","","214.76","214.76","","","","","","","","","","","","","Gross Charge Type: Main Acute Price List"
"GUIDEWIRE, CALIBRATED 1.35MM","GyscChSup119655","CDM","272","RC","","","","","facility","both","","","","268.25","268.25","","","","","","","","","","","","","Gross Charge Type: Main Acute Price List"
"GUIDEWIRE, CALIBRATED MEASUREMENT 1.1","ScanWmSup119370","CDM","278","RC","C1769","HCPCS","","","facility","both","","","","268.25","268.25","","","","","","","","","","","","","Gross Charge Type: Main Acute Price List"
"GUIDEWIRE, CHIKAI V .014 180CM","ScorChSup10180547","CDM","272","RC","C1769","HCPCS","","","facility","both","","","","1632.72","1632.72","","","","","","","","","","","","","Gross Charge Type: Main Acute Price List"
"GUIDEWIRE, DOUBLE ENDED INTRODUCER .038 50CM","AngiChSup110079","CDM","272","RC","C1769","HCPCS","","","facility","both","","","","42.81","42.81","","","","","","","","","","","","","Gross Charge Type: Main Acute Price List"
"GUIDEWIRE, DRILL TIP 1.6MM","ScpuWmSup40378","CDM","278","RC","C1769","HCPCS","","","facility","both","","","","221.75","221.75","","","","","","","","","","","","","Gross Charge Type: Main Acute Price List"
"GUIDEWIRE, DRILL TIP 2.5 X 300MM","ScanChSup53842","CDM","272","RC","","","","","facility","both","","","","402.11","402.11","","","","","","","","","","","","","Gross Charge Type: Main Acute Price List"
"GUIDEWIRE, FATHOM .016 ANGLED 215CM","ScorChSup107245","CDM","272","RC","C1769","HCPCS","","","facility","both","","","","1401.65","1401.65","","","","","","","","","","","","","Gross Charge Type: Main Acute Price List"
"GUIDEWIRE, FATHOM 14  200CM X10CM ANGELED","ScpuChSup108818","CDM","272","RC","C1769","HCPCS","","","facility","both","","","","1489.86","1489.86","","","","","","","","","","","","","Gross Charge Type: Main Acute Price List"
"GUIDEWIRE, GLIDEWIRE, STF, 150","CcthChSup203343","CDM","272","RC","C1769","HCPCS","","","facility","both","","","","315.07","315.07","","","","","","","","","","","","","Gross Charge Type: Main Acute Price List"
"GUIDEWIRE, GREB 5FR X 30CM, ECHO TROCAR 21G X 7CM","GastWmSup790258","CDM","272","RC","C1769","HCPCS","","","facility","both","","","","597","597","","","","","","","","","","","","","Gross Charge Type: Main Acute Price List"
"GUIDEWIRE, HYBRID .007 STRAIGHT TIP","AnesChSup76999","CDM","272","RC","","","","","facility","both","","","","3437.14","3437.14","","","","","","","","","","","","","Gross Charge Type: Main Acute Price List"
"GUIDEWIRE, HYBRID .012/.014 DOUBLE ANGLE 200CM","ScanChSup116381","CDM","278","RC","C1769","HCPCS","","","facility","both","","","","2636.37","2636.37","","","","","","","","","","","","","Gross Charge Type: Main Acute Price List"
"GUIDEWIRE, HYBRID 0.008 DOUBLE ANGLE TIP","GyscChSup77261","CDM","272","RC","","","","","facility","both","","","","3603.45","3603.45","","","","","","","","","","","","","Gross Charge Type: Main Acute Price List"
"GUIDEWIRE, INTRODUCER","ScanChSup83553","CDM","270","RC","","","","","facility","both","","","","30.8","30.8","","","","","","","","","","","","","Gross Charge Type: Main Acute Price List"
"GUIDEWIRE, JAGWIRE .035","OperWmSup22254","CDM","270","RC","","","","","facility","both","","","","723.77","723.77","","","","","","","","","","","","","Gross Charge Type: Main Acute Price List"
"GUIDEWIRE, LUNDERQUIST DOUBLE CURVED .035X260CM","OperWmSup36266","CDM","272","RC","","","","","facility","both","","","","992.96","992.96","","","","","","","","","","","","","Gross Charge Type: Main Acute Price List"
"GUIDEWIRE, NEWTON LT .025 100","OperChSup211223","CDM","272","RC","","","","","facility","both","","","","61.22","61.22","","","","","","","","","","","","","Gross Charge Type: Main Acute Price List"
"GUIDEWIRE, NITINOL 1.1MM","CcthChSup112848","CDM","278","RC","C1769","HCPCS","","","facility","both","","","","1543.56","1543.56","","","","","","","","","","","","","Gross Charge Type: Main Acute Price List"
"GUIDEWIRE, NITINOL 1.1MM","ScanWmSup112848","CDM","278","RC","C1769","HCPCS","","","facility","both","","","","1543.56","1543.56","","","","","","","","","","","","","Gross Charge Type: Main Acute Price List"
"GUIDEWIRE, NITREX .014 300CM","OperWmSup64385","CDM","272","RC","C1769","HCPCS","","","facility","both","","","","694","694","","","","","","","","","","","","","Gross Charge Type: Main Acute Price List"
"GUIDEWIRE, NITREX .014 300CM","ScanWmSup64385","CDM","272","RC","C1769","HCPCS","","","facility","both","","","","694","694","","","","","","","","","","","","","Gross Charge Type: Main Acute Price List"
"GUIDEWIRE, NITREX .018 X 180CM","PacuChSup44492","CDM","272","RC","C1769","HCPCS","","","facility","both","","","","498.94","498.94","","","","","","","","","","","","","Gross Charge Type: Main Acute Price List"
"GUIDEWIRE, PACEMAKER 9FR","ScpuWmSup790094","CDM","272","RC","C1769","HCPCS","","","facility","both","","","","162.27","162.27","","","","","","","","","","","","","Gross Charge Type: Main Acute Price List"
"GUIDEWIRE, PERIPHERAL  .038X210CM","Chrs5454663","CDM","272","RC","C1769","HCPCS","","","facility","both","","","","186.08","186.08","","","","","","","","","","","","","Gross Charge Type: Main Acute Price List"
"GUIDEWIRE, PERIPHERAL  .038X210CM","GastChSup54663","CDM","272","RC","C1769","HCPCS","","","facility","both","","","","186.08","186.08","","","","","","","","","","","","","Gross Charge Type: Main Acute Price List"
"GUIDEWIRE, PHOENIX EXTRA SUPPORT","ScpuWmSup112828","CDM","272","RC","C1769","HCPCS","","","facility","both","","","","666.07","666.07","","","","","","","","","","","","","Gross Charge Type: Main Acute Price List"
"GUIDEWIRE, PHOENIX LIGHT SUPPORT","AngiWmSup112829","CDM","272","RC","C1769","HCPCS","","","facility","both","","","","666.07","666.07","","","","","","","","","","","","","Gross Charge Type: Main Acute Price List"
"GUIDEWIRE, PHOENIX LIGHT SUPPORT","CcthChSup112829","CDM","272","RC","C1769","HCPCS","","","facility","both","","","","666.07","666.07","","","","","","","","","","","","","Gross Charge Type: Main Acute Price List"
"GUIDEWIRE, PILOT HI-TORQUE 50 J-TIP 300CM","OperChSup115437","CDM","272","RC","C1769","HCPCS","","","facility","both","","","","422.63","422.63","","","","","","","","","","","","","Gross Charge Type: Main Acute Price List"
"GUIDEWIRE, PLATINUM 260","CspuChSup102280","CDM","272","RC","C1769","HCPCS","","","facility","both","","","","385.17","385.17","","","","","","","","","","","","","Gross Charge Type: Main Acute Price List"
"GUIDEWIRE, PLATINUM 260","GastWmSup102280","CDM","272","RC","C1769","HCPCS","","","facility","both","","","","385.17","385.17","","","","","","","","","","","","","Gross Charge Type: Main Acute Price List"
"GUIDEWIRE, PMG-18-SP-60-COPE","CcthChSup93428","CDM","272","RC","C1769","HCPCS","","","facility","both","","","","209.38","209.38","","","","","","","","","","","","","Gross Charge Type: Main Acute Price List"
"GUIDEWIRE, PMG-18SP-100-COPE","GyscChSup93429","CDM","272","RC","C1769","HCPCS","","","facility","both","","","","209.38","209.38","","","","","","","","","","","","","Gross Charge Type: Main Acute Price List"
"GUIDEWIRE, PMG-18SP-100-COPE","Wilm5493429","CDM","272","RC","C1769","HCPCS","","","facility","both","","","","209.38","209.38","","","","","","","","","","","","","Gross Charge Type: Main Acute Price List"
"GUIDEWIRE, POWERHICKMAN DUAL LUMEN 9.5FR","GastChSup790211","CDM","272","RC","C1769","HCPCS","","","facility","both","","","","1.12","1.12","","","","","","","","","","","","","Gross Charge Type: Main Acute Price List"
"GUIDEWIRE, POWERHICKMAN DUAL LUMEN 9.5FR","GastWmSup790211","CDM","272","RC","C1769","HCPCS","","","facility","both","","","","1.12","1.12","","","","","","","","","","","","","Gross Charge Type: Main Acute Price List"
"GUIDEWIRE, POWERHICKMAN DUAL LUMEN 9.5FR","OperChSup790211","CDM","272","RC","C1769","HCPCS","","","facility","both","","","","1.12","1.12","","","","","","","","","","","","","Gross Charge Type: Main Acute Price List"
"GUIDEWIRE, POWERLINE DUAL LUMEN 6FR 18GA","OperChSup790201","CDM","272","RC","C1769","HCPCS","","","facility","both","","","","1.12","1.12","","","","","","","","","","","","","Gross Charge Type: Main Acute Price List"
"GUIDEWIRE, ROADRUNNER PC","ScpuWmSup203725","CDM","272","RC","C1769","HCPCS","","","facility","both","","","","218.61","218.61","","","","","","","","","","","","","Gross Charge Type: Main Acute Price List"
"GUIDEWIRE, ROSEN 260CM","ScanWmSup47542","CDM","272","RC","C1769","HCPCS","","","facility","both","","","","42.54","42.54","","","","","","","","","","","","","Gross Charge Type: Main Acute Price List"
"GUIDEWIRE, ROTAREX .018 220CM","AnesWmSup106971","CDM","272","RC","C1769","HCPCS","","","facility","both","","","","868.79","868.79","","","","","","","","","","","","","Gross Charge Type: Main Acute Price List"
"GUIDEWIRE, ROTAREX .018 220CM","CspuChSup106971","CDM","272","RC","C1769","HCPCS","","","facility","both","","","","868.79","868.79","","","","","","","","","","","","","Gross Charge Type: Main Acute Price List"
"GUIDEWIRE, ROTAREX .018 220CM","PacuWmSup106971","CDM","272","RC","C1769","HCPCS","","","facility","both","","","","868.79","868.79","","","","","","","","","","","","","Gross Charge Type: Main Acute Price List"
"GUIDEWIRE, SAFESEPT TRANSEPTAL","ScanWmSup60421","CDM","272","RC","","","","","facility","both","","","","1293.55","1293.55","","","","","","","","","","","","","Gross Charge Type: Main Acute Price List"
"GUIDEWIRE, SAVION DLVR .014 300CM ANGLED","GastWmSup75403","CDM","272","RC","C1769","HCPCS","","","facility","both","","","","973.05","973.05","","","","","","","","","","","","","Gross Charge Type: Main Acute Price List"
"GUIDEWIRE, SAVION DLVR .014 300CM ANGLED","PacuChSup75403","CDM","272","RC","C1769","HCPCS","","","facility","both","","","","973.05","973.05","","","","","","","","","","","","","Gross Charge Type: Main Acute Price List"
"GUIDEWIRE, SAVION DLVR .014 300CM ANGLED","ScanChSup75403","CDM","272","RC","C1769","HCPCS","","","facility","both","","","","973.05","973.05","","","","","","","","","","","","","Gross Charge Type: Main Acute Price List"
"GUIDEWIRE, SAVION FLX .014 185CM STRAIGHT","OperWmSup75396","CDM","272","RC","C1769","HCPCS","","","facility","both","","","","863","863","","","","","","","","","","","","","Gross Charge Type: Main Acute Price List"
"GUIDEWIRE, SMOOTH TIP 3X800MM","ScorChSup29697","CDM","272","RC","","","","","facility","both","","","","970.17","970.17","","","","","","","","","","","","","Gross Charge Type: Main Acute Price List"
"GUIDEWIRE, SPLASH 150CM .035 ANGLED STIFF","DelrChSup113373","CDM","272","RC","C1769","HCPCS","","","facility","both","","","","141.91","141.91","","","","","","","","","","","","","Gross Charge Type: Main Acute Price List"
"GUIDEWIRE, SPLASH 150CM.035 ANGLED STANDARD","ScanWmSup113374","CDM","272","RC","C1769","HCPCS","","","facility","both","","","","141.91","141.91","","","","","","","","","","","","","Gross Charge Type: Main Acute Price List"
"GUIDEWIRE, SPLASH 150CM.035 ANGLED STANDARD","ScorChSup113374","CDM","272","RC","C1769","HCPCS","","","facility","both","","","","141.91","141.91","","","","","","","","","","","","","Gross Charge Type: Main Acute Price List"
"GUIDEWIRE, SPLASH 150CM.035 ANGLED STANDARD","ScpuChSup113374","CDM","272","RC","C1769","HCPCS","","","facility","both","","","","141.91","141.91","","","","","","","","","","","","","Gross Charge Type: Main Acute Price List"
"GUIDEWIRE, STARTER .035 80CM STRAIGHT FIXED CORE","GastWmSup110864","CDM","272","RC","C1769","HCPCS","","","facility","both","","","","45.62","45.62","","","","","","","","","","","","","Gross Charge Type: Main Acute Price List"
"GUIDEWIRE, STARTER BENTSN .035","ScanChSup204958","CDM","272","RC","C1769","HCPCS","","","facility","both","","","","45.61","45.61","","","","","","","","","","","","","Gross Charge Type: Main Acute Price List"
"GUIDEWIRE, STARTER FIX J .035","GastWmSup204957","CDM","272","RC","C1769","HCPCS","","","facility","both","","","","49.24","49.24","","","","","","","","","","","","","Gross Charge Type: Main Acute Price List"
"GUIDEWIRE, STARTER ROSEN .035","ScpuWmSup204956","CDM","272","RC","C1769","HCPCS","","","facility","both","","","","45.62","45.62","","","","","","","","","","","","","Gross Charge Type: Main Acute Price List"
"GUIDEWIRE, SYNCHRO 2 PRE-SHAPED 200CM 0.014","ScorChSup115654","CDM","272","RC","","","","","facility","both","","","","4038.16","4038.16","","","","","","","","","","","","","Gross Charge Type: Main Acute Price List"
"GUIDEWIRE, SYNCHRO 2 PRE-SHAPED 200CM 0.014","ScorWmSup115654","CDM","272","RC","","","","","facility","both","","","","4038.16","4038.16","","","","","","","","","","","","","Gross Charge Type: Main Acute Price List"
"GUIDEWIRE, SYNCHRO SELECT-14 SOFT PS 215CM","AngiChSup108435","CDM","272","RC","","","","","facility","both","","","","4353.7","4353.7","","","","","","","","","","","","","Gross Charge Type: Main Acute Price List"
"GUIDEWIRE, SYNCHRO SELECT-14 SOFT PS 215CM","CspuChSup108435","CDM","272","RC","","","","","facility","both","","","","4353.7","4353.7","","","","","","","","","","","","","Gross Charge Type: Main Acute Price List"
"GUIDEWIRE, SYNCHRO SELECT-14 SUPPORT PS 215CM","AnesChSup108443","CDM","272","RC","","","","","facility","both","","","","4353.7","4353.7","","","","","","","","","","","","","Gross Charge Type: Main Acute Price List"
"GUIDEWIRE, SYNCHRO SELECT-14 SUPPORT ST 215CM","CcthChSup108445","CDM","272","RC","","","","","facility","both","","","","4353.7","4353.7","","","","","","","","","","","","","Gross Charge Type: Main Acute Price List"
"GUIDEWIRE, THREAD 2.4MM","CspuChSup56897","CDM","272","RC","","","","","facility","both","","","","121.63","121.63","","","","","","","","","","","","","Gross Charge Type: Main Acute Price List"
"GUIDEWIRE, THREAD 2.4MM","OperWmSup56897","CDM","272","RC","","","","","facility","both","","","","121.63","121.63","","","","","","","","","","","","","Gross Charge Type: Main Acute Price List"
"GUIDEWIRE, THREADED ASNIS 2.0X150MM","GastChSup61303","CDM","272","RC","C1769","HCPCS","","","facility","both","","","","483.55","483.55","","","","","","","","","","","","","Gross Charge Type: Main Acute Price List"
"GUIDEWIRE, THREADED ASNIS III 1.4X150MM","OPERCLSUP42027","CDM","272","RC","C1769","HCPCS","","","facility","both","","","","483.55","483.55","","","","","","","","","","","","","Gross Charge Type: Main Acute Price List"
"GUIDEWIRE, THSCF-35-80-1.5 ROSEN","EplbChSup22382","CDM","272","RC","C1769","HCPCS","","","facility","both","","","","73.91","73.91","","","","","","","","","","","","","Gross Charge Type: Main Acute Price List"
"GUIDEWIRE, TORX TRANSITIONLESS .018 180CM","OperChSup78137","CDM","272","RC","C1769","HCPCS","","","facility","both","","","","463.22","463.22","","","","","","","","","","","","","Gross Charge Type: Main Acute Price List"
"GUIDEWIRE, TORX TRANSITIONLESS .018 80CM","CspuChSup78136","CDM","272","RC","C1769","HCPCS","","","facility","both","","","","368.35","368.35","","","","","","","","","","","","","Gross Charge Type: Main Acute Price List"
"GUIDEWIRE, TORX TRANSITIONLESS .018 80CM","OperWmSup78136","CDM","272","RC","C1769","HCPCS","","","facility","both","","","","368.35","368.35","","","","","","","","","","","","","Gross Charge Type: Main Acute Price List"
"GUIDEWIRE, TRANSEND 300CM .010","PacuWmSup34279","CDM","272","RC","","","","","facility","both","","","","3756.82","3756.82","","","","","","","","","","","","","Gross Charge Type: Main Acute Price List"
"GUIDEWIRE, TRANSEND 300CM .010","ScorWmSup34279","CDM","272","RC","","","","","facility","both","","","","3756.82","3756.82","","","","","","","","","","","","","Gross Charge Type: Main Acute Price List"
"GUIDEWIRE, TRAXCESS 14 SUPPORT STR 200CM","ScpuWmSup56077","CDM","272","RC","C1769","HCPCS","","","facility","both","","","","2771.89","2771.89","","","","","","","","","","","","","Gross Charge Type: Main Acute Price List"
"GUIDEWIRE, TROCAR 1.1MM 111642","AngiWmSup111642","CDM","278","RC","C1769","HCPCS","","","facility","both","","","","126.15","126.15","","","","","","","","","","","","","Gross Charge Type: Main Acute Price List"
"GUIDEWIRE, TROCAR 1.1MM","ScanChSup106474","CDM","278","RC","C1769","HCPCS","","","facility","both","","","","126.15","126.15","","","","","","","","","","","","","Gross Charge Type: Main Acute Price List"
"GUIDEWIRE, TROCAR 1.1MM","ScpuWmSup106474","CDM","278","RC","C1769","HCPCS","","","facility","both","","","","126.15","126.15","","","","","","","","","","","","","Gross Charge Type: Main Acute Price List"
"GUIDEWIRE, TROCAR DOUBLE-ENDED 1.1MM","GastChSup65096","CDM","272","RC","C1713","HCPCS","","","facility","both","","","","188.24","188.24","","","","","","","","","","","","","Gross Charge Type: Main Acute Price List"
"GUIDEWIRE, TROCAR DOUBLE-ENDED 1.1MM","GyscChSup65096","CDM","272","RC","C1713","HCPCS","","","facility","both","","","","188.24","188.24","","","","","","","","","","","","","Gross Charge Type: Main Acute Price List"
"GUIDEWIRE, TROCAR THREADED 0.86MM","PacuChSup64659","CDM","272","RC","","","","","facility","both","","","","174.2","174.2","","","","","","","","","","","","","Gross Charge Type: Main Acute Price List"
"GUIDEWIRE, TROCAR TIP .045","ScanChSup50164","CDM","272","RC","","","","","facility","both","","","","256.93","256.93","","","","","","","","","","","","","Gross Charge Type: Main Acute Price List"
"GUIDEWIRE, TROCAR TIP .045","ScpuChSup50164","CDM","272","RC","","","","","facility","both","","","","256.93","256.93","","","","","","","","","","","","","Gross Charge Type: Main Acute Price List"
"GUIDEWIRE, TROCAR TIP 1.35MM","DelrChSup118260","CDM","278","RC","C1713","HCPCS","","","facility","both","","","","126.09","126.09","","","","","","","","","","","","","Gross Charge Type: Main Acute Price List"
"GUIDEWIRE, TROCAR TIP 1.6MMX235MM THREADED","GyscChSup109252","CDM","278","RC","C1769","HCPCS","","","facility","both","","","","1201.15","1201.15","","","","","","","","","","","","","Gross Charge Type: Main Acute Price List"
"GUIDEWIRE, TROCAR TIP 1.6MMX235MM","ScanChSup108229","CDM","278","RC","C1769","HCPCS","","","facility","both","","","","100.09","100.09","","","","","","","","","","","","","Gross Charge Type: Main Acute Price List"
"GUIDEWIRE, TROCAR TIP 1.6MMX235MM","ScanWmSup108229","CDM","278","RC","C1769","HCPCS","","","facility","both","","","","100.09","100.09","","","","","","","","","","","","","Gross Charge Type: Main Acute Price List"
"GUIDEWIRE, TROCAR TIP 2.0MMX150MM","GyscChSup117153","CDM","272","RC","","","","","facility","both","","","","736.7","736.7","","","","","","","","","","","","","Gross Charge Type: Main Acute Price List"
"GUIDEWIRE, TROCAR TIP 2MMX150MM","Wilm5461439","CDM","272","RC","","","","","facility","both","","","","408.39","408.39","","","","","","","","","","","","","Gross Charge Type: Main Acute Price List"
"GUIDEWIRE, TROCAR TIP LASER LINE .045IN","ScanWmSup59739","CDM","272","RC","","","","","facility","both","","","","564.72","564.72","","","","","","","","","","","","","Gross Charge Type: Main Acute Price List"
"GUIDEWIRE, TROCAR TIP THREADED 2.4MMX12""","AngiWmSup113059","CDM","272","RC","C1769","HCPCS","","","facility","both","","","","1201.15","1201.15","","","","","","","","","","","","","Gross Charge Type: Main Acute Price List"
"GUIDEWIRE, TROCAR TIP THREADED 2.4MMX12""","ScpuChSup113059","CDM","272","RC","C1769","HCPCS","","","facility","both","","","","1201.15","1201.15","","","","","","","","","","","","","Gross Charge Type: Main Acute Price List"
"GUIDEWIRE, TROCARE TIP THREADED .062IN","Chrs5461325","CDM","272","RC","","","","","facility","both","","","","835.78","835.78","","","","","","","","","","","","","Gross Charge Type: Main Acute Price List"
"GUIDEWIRE, TROCARE TIP THREADED .062IN","ScanChSup61325","CDM","272","RC","","","","","facility","both","","","","835.78","835.78","","","","","","","","","","","","","Gross Charge Type: Main Acute Price List"
"GUIDEWIRE, TROOPER/PATRIOT EXT","EplbChSup7999","CDM","272","RC","C1769","HCPCS","","","facility","both","","","","766.28","766.28","","","","","","","","","","","","","Gross Charge Type: Main Acute Price List"
"GUIDEWIRE, TYPE ROTOFLOPPY","PacuChSup202269","CDM","272","RC","C1769","HCPCS","","","facility","both","","","","723.21","723.21","","","","","","","","","","","","","Gross Charge Type: Main Acute Price List"
"GUIDEWIRE, VASCULAR GLADIUS .014 200CM STR TIP","AnesWmSup115625","CDM","272","RC","C1769","HCPCS","","","facility","both","","","","925.45","925.45","","","","","","","","","","","","","Gross Charge Type: Main Acute Price List"
"GUIDEWIRE, VASCULAR GLADIUS .014 300CM  STR TIP","AnesWmSup115626","CDM","272","RC","C1769","HCPCS","","","facility","both","","","","984.21","984.21","","","","","","","","","","","","","Gross Charge Type: Main Acute Price List"
"GUIDEWIRE, VASCULAR GLADIUS .018 300CM STR TIP","PacuWmSup115628","CDM","272","RC","C1769","HCPCS","","","facility","both","","","","925.45","925.45","","","","","","","","","","","","","Gross Charge Type: Main Acute Price List"
"GUIDEWIRE, VASCULAR GLADIUS .018 300CM STR TIP","ScpuWmSup115628","CDM","272","RC","C1769","HCPCS","","","facility","both","","","","925.45","925.45","","","","","","","","","","","","","Gross Charge Type: Main Acute Price List"
"GUIDEWIRE, VASCULAR GLADIUS MONGO 0.014 190CM 3GM STR TIP","PacuChSup115547","CDM","272","RC","C1769","HCPCS","","","facility","both","","","","724.03","724.03","","","","","","","","","","","","","Gross Charge Type: Main Acute Price List"
"GUIDEWIRE, VERSACORE FLOOPY .035 260CM","CcthChSup7979","CDM","272","RC","C1769","HCPCS","","","facility","both","","","","585.18","585.18","","","","","","","","","","","","","Gross Charge Type: Main Acute Price List"
"GUIDEWIRE, VERSACORE MODIFIED .035 145CM","OperChSup204242","CDM","272","RC","C1769","HCPCS","","","facility","both","","","","486.62","486.62","","","","","","","","","","","","","Gross Charge Type: Main Acute Price List"
"GUIDEWIRE, VIPER 2 BLUNT 1.45 DIA","GyscChSup46625","CDM","272","RC","","","","","facility","both","","","","538.98","538.98","","","","","","","","","","","","","Gross Charge Type: Main Acute Price List"
"GUIDEWIRE, VIPERWIRE ADVANCE .014/335CM","CspuChSup65244","CDM","272","RC","C1769","HCPCS","","","facility","both","","","","1231.94","1231.94","","","","","","","","","","","","","Gross Charge Type: Main Acute Price List"
"GUIDEWIRE, VIPERWIRE ADVANCE .014/335CM","GyscChSup65244","CDM","272","RC","C1769","HCPCS","","","facility","both","","","","1231.94","1231.94","","","","","","","","","","","","","Gross Charge Type: Main Acute Price List"
"GUIDEWIRE, VIPERWIRE ADVANCE .014/335CM","ScanChSup65244","CDM","272","RC","C1769","HCPCS","","","facility","both","","","","1231.94","1231.94","","","","","","","","","","","","","Gross Charge Type: Main Acute Price List"
"GUIDEWIRE, VOLO 14 SOFT","DelrChSup113341","CDM","272","RC","C1769","HCPCS","","","facility","both","","","","2309.9","2309.9","","","","","","","","","","","","","Gross Charge Type: Main Acute Price List"
"GUIDEWIRE, VOLO 14 SOFT","ScpuWmSup113341","CDM","272","RC","C1769","HCPCS","","","facility","both","","","","2309.9","2309.9","","","","","","","","","","","","","Gross Charge Type: Main Acute Price List"
"GUIDEWIRE, ZOOM 14 SUPPORT EXCHANGE  300CM","CcthChSup120985","CDM","272","RC","C1769","HCPCS","","","facility","both","","","","3619.97","3619.97","","","","","","","","","","","","","Gross Charge Type: Main Acute Price List"
"GUIDEWIRE,.025/150 3J FIX TF","ScanWmSup3274","CDM","272","RC","","","","","facility","both","","","","78.54","78.54","","","","","","","","","","","","","Gross Charge Type: Main Acute Price List"
"GUIDEWIRE,10.5 SPLIT W/SIDEPOR","AngiWmSup790062","CDM","272","RC","C1769","HCPCS","","","facility","both","","","","10","10","","","","","","","","","","","","","Gross Charge Type: Main Acute Price List"
"GUIDEWIRE,8.0FR INTRODUCER","OperWmSup790034","CDM","272","RC","C1769","HCPCS","","","facility","both","","","","11.23","11.23","","","","","","","","","","","","","Gross Charge Type: Main Acute Price List"
"GUIDEWIRE,ASAHI MEISTER 16 0.41MM 165CM D-A","AngiChSup71087","CDM","272","RC","","","","","facility","both","","","","1632.33","1632.33","","","","","","","","","","","","","Gross Charge Type: Main Acute Price List"
"GUIDEWIRE,ASAHI MEISTER 16 0.41MM 165CM D-A","Chrs5471087","CDM","272","RC","","","","","facility","both","","","","1632.33","1632.33","","","","","","","","","","","","","Gross Charge Type: Main Acute Price List"
"GUIDEWIRE,ASAHI MEISTER 16 0.41MM 165CM D-A","GastWmSup71087","CDM","272","RC","","","","","facility","both","","","","1632.33","1632.33","","","","","","","","","","","","","Gross Charge Type: Main Acute Price List"
"GUIDEWIRE,ASAHI MEISTER 16 0.41MM 805CM R-C","AngiChSup71090","CDM","272","RC","","","","","facility","both","","","","1632.33","1632.33","","","","","","","","","","","","","Gross Charge Type: Main Acute Price List"
"GUIDEWIRE,ASAHI MEISTER 16 0.41MM 805CM R-C","EplbChSup71090","CDM","272","RC","","","","","facility","both","","","","1632.33","1632.33","","","","","","","","","","","","","Gross Charge Type: Main Acute Price List"
"GUIDEWIRE,HYBRID 0.007"" DOUBLE ANGLE TIP","GastChSup76867","CDM","272","RC","","","","","facility","both","","","","3603.45","3603.45","","","","","","","","","","","","","Gross Charge Type: Main Acute Price List"
"GUIDEWIRE,LUNDERQUIST DBL CURV .035X300CM","CcthChSup72198","CDM","272","RC","C1769","HCPCS","","","facility","both","","","","963.1","963.1","","","","","","","","","","","","","Gross Charge Type: Main Acute Price List"
"GUIDEWIRE,PILOT HI-TORQUE COMM .014 300CM","GastWmSup63184","CDM","272","RC","C1769","HCPCS","","","facility","both","","","","1447.99","1447.99","","","","","","","","","","","","","Gross Charge Type: Main Acute Price List"
"GUIDEWIRE,PILOT HI-TORQUE COMM .014 300CM","OperWmSup63184","CDM","272","RC","C1769","HCPCS","","","facility","both","","","","1447.99","1447.99","","","","","","","","","","","","","Gross Charge Type: Main Acute Price List"
"GUIDEWIRE,PTFE NITINOL W/HYDROPHILIC TIP","Chrs5464487","CDM","272","RC","C1769","HCPCS","","","facility","both","","","","252.98","252.98","","","","","","","","","","","","","Gross Charge Type: Main Acute Price List"
"GUIDEWIRE,PTFE NITINOL W/HYDROPHILIC TIP","OperWmSup64487","CDM","272","RC","C1769","HCPCS","","","facility","both","","","","252.98","252.98","","","","","","","","","","","","","Gross Charge Type: Main Acute Price List"
"GUIDEWIRE,TROCAR TIP W/LASER LINE .045IN","GastWmSup63820","CDM","272","RC","","","","","facility","both","","","","148.13","148.13","","","","","","","","","","","","","Gross Charge Type: Main Acute Price List"
"GUIDEWIRE,TROCAR ZERO POINT THREAD .045""","AngiWmSup63349","CDM","278","RC","C1776","HCPCS","","","facility","both","","","","174.2","174.2","","","","","","","","","","","","","Gross Charge Type: Main Acute Price List"
"GUIDEWIRE,WAYNE PNEUMOTHORAX 14FR 29CM PIGT","PacuChSup790279","CDM","272","RC","C1769","HCPCS","","","facility","both","","","","1.19","1.19","","","","","","","","","","","","","Gross Charge Type: Main Acute Price List"
"Gait training therapy","97116","HCPCS","","","","","","","facility","outpatient","","","","","","Aetna","Medicare Managed Care Plan","29.81","","","","","","","fee schedule","27.49","86.82","APC"
"Gardner vag dna quant","87512","HCPCS","","","","","","","facility","outpatient","","","","","","First Health","Delaware Medicaid Managed Care Plan","45.94","","","","","","","fee schedule","27.14","125.28","Laboratory"
"Gastric analy w/ph ea spec","82930","HCPCS","","","","","","","facility","outpatient","","","","","","Bcbs","Highmark Medicare Managed Care Plan","6.37","","","","","","","fee schedule","4.36","20.13","APC"
"Gastric emptying imag study","78264","HCPCS","","","","","","","facility","outpatient","","","","","","Healthspring","Medicare Managed Care Plan","432","","","","","","","fee schedule","410.4","1296.01","APC"
"Gastric motility studies","91020","HCPCS","","","","","","","facility","outpatient","","","","","","Aetna","Medicare Managed Care Plan","415.34","","","","","","","fee schedule","383.08","1209.74","APC"
"Gastroenterology procedure","91299","HCPCS","","","","","","","facility","outpatient","","","","","","Aetna","All Commercial Plans","194.67","","","","","","","fee schedule","132.1","417.14","Radiology"
"Gastroenterology procedure","91299","HCPCS","","","","","","","facility","outpatient","","","","","","Aetna","Medicare Managed Care Plan","143.22","","","","","","","fee schedule","132.1","417.14","APC"
"Gastrointestinal Hemorrhage With Cc","378","MS-DRG","","","","","","","facility","inpatient","","","","","","Aetna","All Commercial Plans","","","[SNF-(% BC): 65] [Bariatric Surgery-Case Rate: 20177] [All Other IP (%BC): 86.5]","","","","0","other","","","No services performed during 15-month lookback period."
"Gastrointestinal Hemorrhage With Cc","378","MS-DRG","","","","","","","facility","inpatient","","","","","","Aetna","Medicare Managed Care Plan","","","[MSDRG Base Rate: FEE SCHEDULE] [Psych-Per Diem: 1065] [Rehab-Per Diem: 1598] [SNF-Per Diem: 365]","","","","0","other","","","No services performed during 15-month lookback period."
"Gastrointestinal Hemorrhage With Cc","378","MS-DRG","","","","","","","facility","inpatient","","","","","","Healthspring","Medicare Managed Care Plan","9175.25","","","","","","","fee schedule","8716.49","23046.45","MSDRG Base Rate"
"Gastrointestinal Hemorrhage Without Cc/Mcc","379","MS-DRG","","","","","","","facility","inpatient","","","","","","Healthspring","Medicare Managed Care Plan","","","[MSDRG Base Rate: FEE SCHEDULE]","","","","0","other","","","No services performed during 15-month lookback period."
"Gastrointestinal Hemorrhage Without Cc/Mcc","379","MS-DRG","","","","","","","facility","inpatient","","","","","","Jefferson Health Plan","Health Partners Medicaid Managed Care/Aca Plan","","","[Inpatient Services: Payer leverages state specific Medicaid payment methodology. Available, referenceable algorithm logic found here: https://www.pa.gov/agencies/dhs/resources/for-providers] [MSDRG Base Rate: FEE SCHEDULE]","","","","0","other","","","No services performed during 15-month lookback period."
"Gastrointestinal Obstruction With Cc","389","MS-DRG","","","","","","","facility","inpatient","","","","","","Amerihealth","Caritas Next Other Commercial Plan","","94","","","","","0","percent of total billed charges","","","No services performed during 15-month lookback period."
"Gastrointestinal Obstruction With Cc","389","MS-DRG","","","","","","","facility","inpatient","","","","","","First Health","Delaware Medicaid Managed Care Plan","","","[Inpatient Services: Payer leverages state specific Medicaid payment methodology. Available, referenceable algorithm logic found here: https://medicaidpublications.dhss.delaware.gov/docs/search]","","","","0","other","","","No services performed during 15-month lookback period."
"Gastrointestinal Obstruction With Mcc","388","MS-DRG","","","","","","","facility","inpatient","","","","","","Unitedhealthcare","Medicare Managed Care Plan","13853.17","","","","","","","fee schedule","12902.46","34704.8","MSDRG Base Rate"
"Gastrointestinal Obstruction Without Cc/Mcc","390","MS-DRG","","","","","","","facility","inpatient","","","","","","Aetna","Medicare Managed Care Plan","","","[MSDRG Base Rate: FEE SCHEDULE] [Psych-Per Diem: 1065] [Rehab-Per Diem: 1598] [SNF-Per Diem: 365]","","","","0","other","","","No services performed during 15-month lookback period."
"Gba gene","81251","HCPCS","","","","","","","facility","outpatient","","","","","","Jefferson Health Plan","Health Partners Medicare Managed Care Plan","49.61","","","","","","","fee schedule","30.71","141.75","APC"
"Gba gene","81251","HCPCS","","","","","","","facility","outpatient","","","","","","Unitedhealthcare","All Commercial Plans","47.25","","","","","","","fee schedule","30.71","141.75",""
"Gen, neuro, clo loop, rechg","2038","APC","","","","","","","facility","outpatient","","","","","","Jefferson Health Plan","Health Partners Medicare Managed Care Plan","","","[APC ($): FEE SCHEDULE]","","","","0","other","","","No services performed during 15-month lookback period."
"Genital surgery procedure","58999","HCPCS","","","","","","","facility","outpatient","","","","","","Healthspring","Medicare Managed Care Plan","218.47","","","","","","","fee schedule","207.55","655.42","APC"
"Genitourinary nuclear exam","78799","HCPCS","","","","","","","facility","outpatient","","","","","","Unitedhealthcare","All Commercial Plans","673.73","","","","","","","fee schedule","410.4","1296.01",""
"Genome rapid sequence alys","0094U","HCPCS","","","","","","","facility","outpatient","","","","","","Bcbs","Highmark Health Options Medicare Managed Care Plan","7771.75","","","","","","","fee schedule","7203.09","22746.6","APC"
"Genotype cytomegalovirus","87910","HCPCS","","","","","","","facility","outpatient","","","","","","Bcbs","Highmark All Commercial Plans","379.87","","","","","","","fee schedule","167.34","772.35","Radiology"
"Genotype dna hepatitis b","87912","HCPCS","","","","","","","facility","outpatient","","","","","","Aetna","All Commercial Plans","360.43","","","","","","","fee schedule","167.34","772.35","Radiology"
"Genotype dna hepatitis b","87912","HCPCS","","","","","","","facility","outpatient","","","","","","Unitedhealthcare","All Commercial Plans","257.45","","","","","","","fee schedule","167.34","772.35",""
"Genotype dna/rna hep c","87902","HCPCS","","","","","","","facility","outpatient","","","","","","Aetna","All Commercial Plans","285.77","","","","","","","fee schedule","167.34","772.35","Laboratory"
"Genotype dna/rna hep c","87902","HCPCS","","","","","","","facility","outpatient","","","","","","First Health","Delaware Medicaid Managed Care Plan","283.2","","","","","","","fee schedule","167.34","772.35","Laboratory"
"Genotype dna/rna hep c","87902","HCPCS","","","","","","","facility","outpatient","","","","","","Jefferson Health Plan","Health Partners Medicare Managed Care Plan","270.32","","","","","","","fee schedule","167.34","772.35","APC"
"Gi barrett esoph 9 prtn bmrk","0108U","HCPCS","","","","","","","facility","outpatient","","","","","","Ambetter","All Commercial Plans","7425","","","","","","","fee schedule","2513.25","14850","Radiology"
"Gi barretts esophgl cell 89","0506U","HCPCS","","","","","","","facility","outpatient","","","","","","Ambetter","All Commercial Plans","2519.41","","","","","","","fee schedule","1841.11","5814.03","Laboratory"
"Gi barretts esophgl cell 89","0506U","HCPCS","","","","","","","facility","outpatient","","","","","","Amerihealth","Caritas Next Other Commercial Plan","1938.01","","","","","","","fee schedule","1841.11","5814.03","Laboratory"
"Gi ibd ia quan deter adl lvl","0514U","HCPCS","","","","","","","facility","outpatient","","","","","","Ambetter","All Commercial Plans","57.86","","","","","","","fee schedule","36.64","115.71","Radiology"
"Gi ibs ia anti-cdtb&vinculin","0164U","HCPCS","","","","","","","facility","outpatient","","","","","","Amerihealth","Medicare Managed Care Plan","120.98","","","","","","","fee schedule","106.42","336.06","APC"
"Gi myoelectrical actv study","0779T","HCPCS","","","","","","","facility","outpatient","","","","","","Aetna","Medicare Managed Care Plan","415.34","","","","","","","fee schedule","383.08","1209.74","APC"
"Giardia ag ia","87329","HCPCS","","","","","","","facility","outpatient","","","","","","Jefferson Health Plan","Health Partners Medicare Managed Care Plan","12.58","","","","","","","fee schedule","7.79","35.94","APC"
"Giardia ag if","87269","HCPCS","","","","","","","facility","outpatient","","","","","","Ambetter","All Commercial Plans","17.69","","","","","","","fee schedule","8.85","40.83","Laboratory"
"Gingivectomy/plasty 4 or mor","D4210","HCPCS","","","","","","","facility","outpatient","","","","","","Aetna","All Commercial Plans","5015.9","","","","","","","fee schedule","3403.64","10748.35","Radiology"
"Gingivectomy/plasty rest","D4212","HCPCS","","","","","","","facility","outpatient","","","","","","Jefferson Health Plan","Health Partners Medicare Managed Care Plan","3761.92","","","","","","","fee schedule","3403.64","10748.35","APC"
"Gjb2 gene full sequence","81252","HCPCS","","","","","","","facility","outpatient","","","","","","Unitedhealthcare","All Commercial Plans","101.12","","","","","","","fee schedule","65.73","303.36",""
"Gjb6 gene com variants","81254","HCPCS","","","","","","","facility","outpatient","","","","","","Amerihealth","Medicare Managed Care Plan","37.8","","","","","","","fee schedule","22.75","105","APC"
"Glaucoma scrn hgh risk direc","G0117","HCPCS","","","","","","","facility","outpatient","","","","","","Aetna","Medicare Managed Care Plan","32.19","","","","","","","fee schedule","29.69","93.77","APC"
"Glaucoma surgery","66150","HCPCS","","","","","","","facility","outpatient","","","","","","Aetna","All Commercial Plans","6253.38","","","","","","","fee schedule","4243.36","13400.1","Radiology"
"Glaucoma surgery","66150","HCPCS","","","","","","","facility","outpatient","","","","","","Ambetter","All Commercial Plans","6700.05","","","","","","","fee schedule","4243.36","13400.1","Radiology"
"Glaucoma surgery","66170","HCPCS","","","","","","","facility","outpatient","","","","","","Ambetter","All Commercial Plans","3740.85","","","","","","","fee schedule","2369.21","7481.71","Radiology"
"Glucagon tolerance panel","80422","HCPCS","","","","","","","facility","outpatient","","","","","","Bcbs","Highmark Medicare Managed Care Plan","43.77","","","","","","","fee schedule","29.95","138.21","APC"
"Glucagon tolerance panel","80424","HCPCS","","","","","","","facility","outpatient","","","","","","Amerihealth","Caritas Next Other Commercial Plan","50.5","","","","","","","fee schedule","32.83","151.5","Laboratory"
"Glucagon tolerance panel","80424","HCPCS","","","","","","","facility","outpatient","","","","","","Bcbs","Highmark Medicare Managed Care Plan","47.97","","","","","","","fee schedule","32.83","151.5","APC"
"Glucose Other Fluid","82945","HCPCS","","","","","","","facility","outpatient","","","","","","Jefferson Health Plan","Health Partners Medicaid Managed Care/Aca Plan","11.79","","","","","","","fee schedule","2.55","11.79","APC"
"Glucose test","82950","HCPCS","","","","","","","facility","outpatient","","","","","","Bcbs","Highmark Medicare Managed Care Plan","4.51","","","","","","","fee schedule","3.09","14.25","APC"
"Glucose tolerance test (GTT)","82951","HCPCS","","","","","","","facility","outpatient","","","","","","Aetna","Medicare Managed Care Plan","13.26","","","","","","","fee schedule","8.37","38.61","APC"
"Glucose tolerance test (GTT)","82951","HCPCS","","","","","","","facility","outpatient","","","","","","Unitedhealthcare","All Commercial Plans","12.87","","","","","","","fee schedule","8.37","38.61",""
"Glycosylated hb home device","83037","HCPCS","","","","","","","facility","outpatient","","","","","","Bcbs","Highmark Medicare Managed Care Plan","9.22","","","","","","","fee schedule","6.31","29.13","APC"
"Gonadotropin hormone panel","80426","HCPCS","","","","","","","facility","outpatient","","","","","","Aetna","Medicare Managed Care Plan","152.86","","","","","","","fee schedule","96.47","445.23","APC"
"Gonadotropin hormone panel","80426","HCPCS","","","","","","","facility","outpatient","","","","","","First Health","Delaware Medicaid Managed Care Plan","163.25","","","","","","","fee schedule","96.47","445.23","Laboratory"
"Gonadotropin hormone panel","80426","HCPCS","","","","","","","facility","outpatient","","","","","","Jefferson Health Plan","Health Partners Medicare Managed Care Plan","155.83","","","","","","","fee schedule","96.47","445.23","APC"
"Graft hand or finger tendon","26416","HCPCS","","","","","","","facility","outpatient","","","","","","Aetna","All Commercial Plans","4950.15","","","","","","","fee schedule","3359.03","10607.46","Radiology"
"Grfg autol soft tiss dir exc","15769","HCPCS","","","","","","","facility","outpatient","","","","","","Aetna","Medicare Managed Care Plan","3944.34","","","","","","","fee schedule","3637.98","11488.36","APC"
"Growth hormone panel","80428","HCPCS","","","","","","","facility","outpatient","","","","","","First Health","Delaware Medicaid Managed Care Plan","73.37","","","","","","","fee schedule","43.36","200.1","Laboratory"
"Gstr rstcv px trnsorl esg","43889","HCPCS","","","","","","","facility","outpatient","","","","","","Jefferson Health Plan","Health Partners Medicare Managed Care Plan","12061.26","","","","","","","fee schedule","10912.57","34460.74","APC"
"Guided tiss regen nonresorb","D4267","HCPCS","","","","","","","facility","outpatient","","","","","","Aetna","All Commercial Plans","2347.36","","","","","","","fee schedule","1592.85","5030.06","Radiology"
"Guided tiss regen nonresorb","D4267","HCPCS","","","","","","","facility","outpatient","","","","","","Jefferson Health Plan","Health Partners Medicare Managed Care Plan","1760.52","","","","","","","fee schedule","1592.85","5030.06","APC"
"Guidewire KIT, MICROPUNCTURE 4FR X 10CM Stiff W/GUIDEWIRE AND NEEDLE","EplbChSup790304","CDM","272","RC","C1769","HCPCS","","","facility","both","","","","11.94","11.94","","","","","","","","","","","","","Gross Charge Type: Main Acute Price List"
"Guidewire KIT, MICROPUNCTURE 5FR X 10CM STD W/GUIDEWIRE AND NEEDLE","CspuChSup790305","CDM","272","RC","C1769","HCPCS","","","facility","both","","","","11.23","11.23","","","","","","","","","","","","","Gross Charge Type: Main Acute Price List"
"Guidewire- Kit  VERACROSS PIGTAIL WIRE 230CM W/63CM SHEATH 45DEG D1","AnesWmSup790310","CDM","272","RC","C1769","HCPCS","","","facility","both","","","","11.94","11.94","","","","","","","","","","","","","Gross Charge Type: Main Acute Price List"
"Guidewire- Kit  VERACROSS PIGTAIL WIRE 230CM W/63CM SHEATH 45DEG D1","GastWmSup790310","CDM","272","RC","C1769","HCPCS","","","facility","both","","","","11.94","11.94","","","","","","","","","","","","","Gross Charge Type: Main Acute Price List"
"Gum graft","41870","HCPCS","","","","","","","facility","outpatient","","","","","","Ambetter","All Commercial Plans","2515.03","","","","","","","fee schedule","1592.85","5030.06","Radiology"
"H pylori ag ia","87339","HCPCS","","","","","","","facility","outpatient","","","","","","Jefferson Health Plan","Health Partners Medicaid Managed Care/Aca Plan","48","","","","","","","fee schedule","10.4","48","APC"
"HALF-PIN, APEX 50 THRD SD 5X200","ScorWmSup60176","CDM","278","RC","C1713","HCPCS","","","facility","both","","","","744.38","744.38","","","","","","","","","","","","","Gross Charge Type: Main Acute Price List"
"HALO, OBTRYX CURVED","ScorChSup28229","CDM","272","RC","C1781","HCPCS","","","facility","both","","","","5890.8","5890.8","","","","","","","","","","","","","Gross Charge Type: Main Acute Price List"
"HALTER, HEAD DISKARD DELUXE UNIVERSAL","GastWmSup59343","CDM","272","RC","","","","","facility","both","","","","386.33","386.33","","","","","","","","","","","","","Gross Charge Type: Main Acute Price List"
"HANDLE, COIL RUBY LP DETACHMENT","CspuChSup106092","CDM","272","RC","","","","","facility","both","","","","1466.02","1466.02","","","","","","","","","","","","","Gross Charge Type: Main Acute Price List"
"HANDLE, GIA UNIVERSAL SHORT 12MM","GastChSup26038","CDM","270","RC","","","","","facility","both","","","","563.68","563.68","","","","","","","","","","","","","Gross Charge Type: Main Acute Price List"
"HANDLE, INHANCE SIZER","AnesWmSup119255","CDM","272","RC","","","","","facility","both","","","","758.75","758.75","","","","","","","","","","","","","Gross Charge Type: Main Acute Price List"
"HANDPIECE, BIOPLAR CURVED LEFT","GastWmSup32329","CDM","270","RC","","","","","facility","both","","","","16323.31","16323.31","","","","","","","","","","","","","Gross Charge Type: Main Acute Price List"
"HANDPIECE, BIPOLAR LONG","CcthChSup32328","CDM","270","RC","","","","","facility","both","","","","16631.29","16631.29","","","","","","","","","","","","","Gross Charge Type: Main Acute Price List"
"HANDPIECE, BIPOLAR SEALER 2.3","ScanWmSup33668","CDM","270","RC","","","","","facility","both","","","","3168.58","3168.58","","","","","","","","","","","","","Gross Charge Type: Main Acute Price List"
"HANDPIECE, CLIP APPLIER XI MED/LRG","ScanWmSup63692","CDM","272","RC","","","","","facility","both","","","","82.2","82.2","","","","","","","","","","","","","Gross Charge Type: Main Acute Price List"
"HANDPIECE, DIGITEX DISPOSABLE","ScanWmSup49920","CDM","270","RC","","","","","facility","both","","","","2279.11","2279.11","","","","","","","","","","","","","Gross Charge Type: Main Acute Price List"
"HANDPIECE, HYDRODEBRIDER FRONTAL","CspuChSup47219","CDM","270","RC","","","","","facility","both","","","","2657.92","2657.92","","","","","","","","","","","","","Gross Charge Type: Main Acute Price List"
"HANDPIECE, MRI 20MM MR","CcicUS39517","CDM","270","RC","","","","","facility","both","","","","1755.53","1755.53","","","","","","","","","","","","","Gross Charge Type: Main Acute Price List"
"HANDPIECE, MRI 20MM MR","CcspCT39517","CDM","270","RC","","","","","facility","both","","","","1755.53","1755.53","","","","","","","","","","","","","Gross Charge Type: Main Acute Price List"
"HANDPIECE, MRI 20MM MR","HcccMR39517","CDM","270","RC","","","","","facility","both","","","","1755.53","1755.53","","","","","","","","","","","","","Gross Charge Type: Main Acute Price List"
"HANDPIECE, NANOSCOPE 125MM","ScpuWmSup118873","CDM","272","RC","","","","","facility","both","","","","3233.86","3233.86","","","","","","","","","","","","","Gross Charge Type: Main Acute Price List"
"HANDPIECE, NANOSCOPE","GyscChSup114637","CDM","272","RC","","","","","facility","both","","","","3815.27","3815.27","","","","","","","","","","","","","Gross Charge Type: Main Acute Price List"
"HANDPIECE, SOMNOPLASTY DUAL 2220","PacuChSup26484","CDM","270","RC","","","","","facility","both","","","","1947.72","1947.72","","","","","","","","","","","","","Gross Charge Type: Main Acute Price List"
"HANDPIECE, STAPLER ENDOWRIST 30 XI CURVED TIP","CspuChSup79193","CDM","272","RC","","","","","facility","both","","","","931.35","931.35","","","","","","","","","","","","","Gross Charge Type: Main Acute Price List"
"HANDPIECE, TRIPLE OPTION","Wilm545272","CDM","270","RC","","","","","facility","both","","","","405.06","405.06","","","","","","","","","","","","","Gross Charge Type: Main Acute Price List"
"HANDPIECE, VERSAJET EXACT 45-DEG 8MM","ScpuWmSup39418","CDM","272","RC","","","","","facility","both","","","","3387.86","3387.86","","","","","","","","","","","","","Gross Charge Type: Main Acute Price List"
"HANDPIECE, XI CARDIERE FORCEPT","GastWmSup78403","CDM","272","RC","","","","","facility","both","","","","1039.08","1039.08","","","","","","","","","","","","","Gross Charge Type: Main Acute Price List"
"HANDPIECE, XI MARYLAND BIPOLAR FORCEPS","OperChSup60304","CDM","272","RC","","","","","facility","both","","","","1520.13","1520.13","","","","","","","","","","","","","Gross Charge Type: Main Acute Price List"
"HANDPIECE, XI PERMANENT MONOPOLAR CAUTERY HOOK","GastChSup60311","CDM","272","RC","","","","","facility","both","","","","776.13","776.13","","","","","","","","","","","","","Gross Charge Type: Main Acute Price List"
"HANDPIECE, XI PERMANENT MONOPOLAR CAUTERY HOOK","ScpuWmSup60311","CDM","272","RC","","","","","facility","both","","","","776.13","776.13","","","","","","","","","","","","","Gross Charge Type: Main Acute Price List"
"HANDPIECE, XI PROGRASP FORCEPS","CspuChSup60309","CDM","272","RC","","","","","facility","both","","","","970.17","970.17","","","","","","","","","","","","","Gross Charge Type: Main Acute Price List"
"HANDPIECE, XI PROGRASP FORCEPS","ScanChSup60309","CDM","272","RC","","","","","facility","both","","","","970.17","970.17","","","","","","","","","","","","","Gross Charge Type: Main Acute Price List"
"HANDPIECE, XI SMALL GRAPTOR","AnesChSup60307","CDM","272","RC","","","","","facility","both","","","","1552.25","1552.25","","","","","","","","","","","","","Gross Charge Type: Main Acute Price List"
"HANDPIECE, XI SMALL GRAPTOR","OperChSup60307","CDM","272","RC","","","","","facility","both","","","","1552.25","1552.25","","","","","","","","","","","","","Gross Charge Type: Main Acute Price List"
"HANDPIECE,AQUAMANTYS ENDO VATS SEALER","GastChSup69680","CDM","272","RC","","","","","facility","both","","","","4282.55","4282.55","","","","","","","","","","","","","Gross Charge Type: Main Acute Price List"
"HANDPIECE. AQUAMANTYS MIS FLEX","ScanChSup115353","CDM","272","RC","","","","","facility","both","","","","3803.69","3803.69","","","","","","","","","","","","","Gross Charge Type: Main Acute Price List"
"HARVESTER, OATS SINGLE USE 10MM","Wilm54214664","CDM","270","RC","","","","","facility","both","","","","3203.06","3203.06","","","","","","","","","","","","","Gross Charge Type: Main Acute Price List"
"HARVESTER, OATS SINGLE USE 16MM","OperChSup79438","CDM","278","RC","","","","","facility","both","","","","4773.8","4773.8","","","","","","","","","","","","","Gross Charge Type: Main Acute Price List"
"HARVESTER, OATS SINGLE USE 6MM","Wilm54214660","CDM","270","RC","","","","","facility","both","","","","3203.06","3203.06","","","","","","","","","","","","","Gross Charge Type: Main Acute Price List"
"HBOT ESTABLISHED PATIENT,LEVEL 3,FAC VIS","WhboRv156","CDM","510","RC","G0463","HCPCS","","","facility","both","","","","481.54","481.54","","","","","","","","","","","","","Gross Charge Type: Main Acute Price List"
"HBV NAT","BlbkCh2526","CDM","302","RC","87516","HCPCS","","","facility","both","","","","76.88","76.88","","","","","","","","","","","","","Gross Charge Type: Main Acute Price List"
"HEAD, 28MM","ScorWmSup109704","CDM","278","RC","C1776","HCPCS","","","facility","both","","","","1484.5","1484.5","","","","","","","","","","","","","Gross Charge Type: Main Acute Price List"
"HEAD, DELTA CERAMIC FEMORAL 36MM +0 -COMPT","OperChSup111397","CDM","278","RC","C1776","HCPCS","","","facility","both","","","","4619.8","4619.8","","","","","","","","","","","","","Gross Charge Type: Main Acute Price List"
"HEAD, DELTA CERAMIC FEMORAL 36MM +3 -COMPT","ScpuWmSup111398","CDM","278","RC","C1776","HCPCS","","","facility","both","","","","4343.96","4343.96","","","","","","","","","","","","","Gross Charge Type: Main Acute Price List"
"HEAD, DELTA CERAMIC FEMORAL 36MM +6 -COMPT","DelrChSup111399","CDM","278","RC","C1776","HCPCS","","","facility","both","","","","4343.96","4343.96","","","","","","","","","","","","","Gross Charge Type: Main Acute Price List"
"HEAD, DELTA CERAMIC FEMORAL 36MM +6 -COMPT","PacuChSup111399","CDM","278","RC","C1776","HCPCS","","","facility","both","","","","4343.96","4343.96","","","","","","","","","","","","","Gross Charge Type: Main Acute Price List"
"HEAD, DELTA CERAMIC FEMORAL 36MM -3 -COMPT","AnesChSup111400","CDM","278","RC","C1776","HCPCS","","","facility","both","","","","4619.8","4619.8","","","","","","","","","","","","","Gross Charge Type: Main Acute Price List"
"HEAD, ECCENTRIC HUMERAL  GLOBAL UNITE 52X18","AnesWmSup77706","CDM","278","RC","C1776","HCPCS","","","facility","both","","","","9856.01","9856.01","","","","","","","","","","","","","Gross Charge Type: Main Acute Price List"
"HEAD, ECCENTRIC HUMERAL  GLOBAL UNITE 52X18","GastChSup77706","CDM","278","RC","C1776","HCPCS","","","facility","both","","","","9856.01","9856.01","","","","","","","","","","","","","Gross Charge Type: Main Acute Price List"
"HEAD, ECCENTRIC HUMERAL  GLOBAL UNITE 52X18","ScanChSup77706","CDM","278","RC","C1776","HCPCS","","","facility","both","","","","9856.01","9856.01","","","","","","","","","","","","","Gross Charge Type: Main Acute Price List"
"HEAD, ECCENTRIC HUMERAL 48X18MM","AnesChSup78121","CDM","272","RC","","","","","facility","both","","","","9856.01","9856.01","","","","","","","","","","","","","Gross Charge Type: Main Acute Price List"
"HEAD, ECCENTRIC HUMERAL 48X18MM","CcthChSup78121","CDM","272","RC","","","","","facility","both","","","","9856.01","9856.01","","","","","","","","","","","","","Gross Charge Type: Main Acute Price List"
"HEAD, FEMORAL BIOLOX 28MM","OperWmSup110401","CDM","278","RC","C1776","HCPCS","","","facility","both","","","","27529.14","27529.14","","","","","","","","","","","","","Gross Charge Type: Main Acute Price List"
"HEAD, FEMORAL C-TAPER LFIT ANATOMIC SZ 40MM 10MM","OperWmSup114759","CDM","278","RC","C1776","HCPCS","","","facility","both","","","","1736.85","1736.85","","","","","","","","","","","","","Gross Charge Type: Main Acute Price List"
"HEAD, FEMORAL COCR LONG NECK 28MM DIA","OperWmSup76982","CDM","278","RC","C1776","HCPCS","","","facility","both","","","","13773.17","13773.17","","","","","","","","","","","","","Gross Charge Type: Main Acute Price List"
"HEAD, FEMORAL TAPER OXINIUM +0 12/14 22MM","AngiWmSup115487","CDM","278","RC","C1776","HCPCS","","","facility","both","","","","5210.53","5210.53","","","","","","","","","","","","","Gross Charge Type: Main Acute Price List"
"HEAD, FEMORAL TAPER OXINIUM +0 12/14 22MM","ScanChSup115487","CDM","278","RC","C1776","HCPCS","","","facility","both","","","","5210.53","5210.53","","","","","","","","","","","","","Gross Charge Type: Main Acute Price List"
"HEAD, HIP FEMORAL MODULAR REMEDY 60MM LARGE","AnesWmSup108191","CDM","278","RC","C1776","HCPCS","","","facility","both","","","","13900.68","13900.68","","","","","","","","","","","","","Gross Charge Type: Main Acute Price List"
"HEAD, HIP FEMORAL MODULAR REMEDY 60MM LARGE","AngiWmSup108191","CDM","278","RC","C1776","HCPCS","","","facility","both","","","","13900.68","13900.68","","","","","","","","","","","","","Gross Charge Type: Main Acute Price List"
"HEAD, HUMERAL 42X17MM","AnesWmSup41254","CDM","278","RC","C1776","HCPCS","","","facility","both","","","","8108.73","8108.73","","","","","","","","","","","","","Gross Charge Type: Main Acute Price List"
"HEAD, HUMERAL 48X21MM","GastChSup41258","CDM","278","RC","C1776","HCPCS","","","facility","both","","","","8623.63","8623.63","","","","","","","","","","","","","Gross Charge Type: Main Acute Price List"
"HEAD, HUMERAL 50X21MM","Wilm5441259","CDM","278","RC","C1776","HCPCS","","","facility","both","","","","8108.73","8108.73","","","","","","","","","","","","","Gross Charge Type: Main Acute Price List"
"HEAD, HUMERAL 52X20MM","ScpuWmSup41260","CDM","278","RC","C1776","HCPCS","","","facility","both","","","","8623.63","8623.63","","","","","","","","","","","","","Gross Charge Type: Main Acute Price List"
"HEAD, HUMERAL 54X23MM","OperChSup41263","CDM","278","RC","C1776","HCPCS","","","facility","both","","","","8108.73","8108.73","","","","","","","","","","","","","Gross Charge Type: Main Acute Price List"
"HEAD, HUMERAL COCR 43MMX16MM","ScpuWmSup115121","CDM","278","RC","C1776","HCPCS","","","facility","both","","","","8573.98","8573.98","","","","","","","","","","","","","Gross Charge Type: Main Acute Price List"
"HEAD, HUMERAL ECLIPSE 43/16","GastChSup107121","CDM","278","RC","C1776","HCPCS","","","facility","both","","","","9239.61","9239.61","","","","","","","","","","","","","Gross Charge Type: Main Acute Price List"
"HEAD, HUMERAL ECLIPSE 43/18","GyscChSup107122","CDM","278","RC","C1776","HCPCS","","","facility","both","","","","9239.61","9239.61","","","","","","","","","","","","","Gross Charge Type: Main Acute Price List"
"HEAD, HUMERAL ECLIPSE 43/18","PacuChSup107122","CDM","278","RC","C1776","HCPCS","","","facility","both","","","","9239.61","9239.61","","","","","","","","","","","","","Gross Charge Type: Main Acute Price List"
"HEAD, HUMERAL ECLIPSE 45/19","CspuChSup107124","CDM","278","RC","C1776","HCPCS","","","facility","both","","","","9239.61","9239.61","","","","","","","","","","","","","Gross Charge Type: Main Acute Price List"
"HEAD, HUMERAL ECLIPSE 47/20","GastWmSup107126","CDM","278","RC","C1776","HCPCS","","","facility","both","","","","9239.61","9239.61","","","","","","","","","","","","","Gross Charge Type: Main Acute Price List"
"HEAD, HUMERAL ECLIPSE 47/20","ScorWmSup107126","CDM","278","RC","C1776","HCPCS","","","facility","both","","","","9239.61","9239.61","","","","","","","","","","","","","Gross Charge Type: Main Acute Price List"
"HEAD, HUMERAL EXTENDED ARTICULAR SURFACE 48X24MM","PacuWmSup107175","CDM","278","RC","C1713","HCPCS","","","facility","both","","","","6081.55","6081.55","","","","","","","","","","","","","Gross Charge Type: Main Acute Price List"
"HEAD, HUMERAL SR STAND REUNION TSA 44X19","CspuChSup58183","CDM","278","RC","C1776","HCPCS","","","facility","both","","","","7391.69","7391.69","","","","","","","","","","","","","Gross Charge Type: Main Acute Price List"
"HEAD, HUMERAL SR STAND REUNION TSA 52X17","PacuChSup58189","CDM","278","RC","C1776","HCPCS","","","facility","both","","","","7391.69","7391.69","","","","","","","","","","","","","Gross Charge Type: Main Acute Price List"
"HEAD, HUMERAL SR STAND REUNION TSA 52X23","GastWmSup58191","CDM","278","RC","C1776","HCPCS","","","facility","both","","","","6950.34","6950.34","","","","","","","","","","","","","Gross Charge Type: Main Acute Price List"
"HEAD, HUMERAL UNIVERS II 56X22MM","ScorChSup61900","CDM","278","RC","C1776","HCPCS","","","facility","both","","","","8108.73","8108.73","","","","","","","","","","","","","Gross Charge Type: Main Acute Price List"
"HEAD, MODULAR CERAMIC BIOLOX TYPE 1 TAPER 28MM 3MM NECK","OperWmSup117759","CDM","278","RC","C1776","HCPCS","","","facility","both","","","","4927.79","4927.79","","","","","","","","","","","","","Gross Charge Type: Main Acute Price List"
"HEAD, RADIAL MODULAR 6.5MM","ScpuChSup19991","CDM","278","RC","C1776","HCPCS","","","facility","both","","","","13132.57","13132.57","","","","","","","","","","","","","Gross Charge Type: Main Acute Price List"
"HEAD, SCREW TOP LOAD POLYAXIAL MATRIX TI","AngiWmSup45991","CDM","278","RC","C1713","HCPCS","","","facility","both","","","","1601.53","1601.53","","","","","","","","","","","","","Gross Charge Type: Main Acute Price List"
"HEAD, UNIVERS REVERS CA HUMERAL 50/19","AngiChSup75513","CDM","278","RC","C1776","HCPCS","","","facility","both","","","","14475.39","14475.39","","","","","","","","","","","","","Gross Charge Type: Main Acute Price List"
"HEAD, UNIVERS REVERS HUMERAL ADAPTER 36","CcthChSup75512","CDM","278","RC","C1776","HCPCS","","","facility","both","","","","13243.44","13243.44","","","","","","","","","","","","","Gross Charge Type: Main Acute Price List"
"HEAD, UNIVERS REVERS HUMERAL ADAPTER 36","ScpuWmSup75512","CDM","278","RC","C1776","HCPCS","","","facility","both","","","","13243.44","13243.44","","","","","","","","","","","","","Gross Charge Type: Main Acute Price List"
"HEADER, DRG EXTERNAL PULSE GENERATOR 2-PORT","DelrChSup107383","CDM","270","RC","","","","","facility","both","","","","1847.92","1847.92","","","","","","","","","","","","","Gross Charge Type: Main Acute Price List"
"HEADER, DRG EXTERNAL PULSE GENERATOR 2-PORT","GyscChSup107383","CDM","270","RC","","","","","facility","both","","","","1847.92","1847.92","","","","","","","","","","","","","Gross Charge Type: Main Acute Price List"
"HEAVY METALS EVAL,URINE","ChemSN8307","CDM","301","RC","83015","HCPCS","","","facility","both","","","","483.63","483.63","","","","","","","","","","","","","Gross Charge Type: Main Acute Price List"
"HEAVY METALS EVAL,URINE","ChemWm8307","CDM","301","RC","83015","HCPCS","","","facility","both","","","","483.63","483.63","","","","","","","","","","","","","Gross Charge Type: Main Acute Price List"
"HEELBO","OcthRh1720","CDM","270","RC","","","","","facility","both","","","","56.6","56.6","","","","","","","","","","","","","Gross Charge Type: Main Acute Price List"
"HEMATOCRIT","ChemWm5324","CDM","305","RC","85014","HCPCS","","","facility","both","","","","40.53","40.53","","","","","","","","","","","","","Gross Charge Type: Main Acute Price List"
"HEMO PERITONEAL DIALYSIS","DialWm1293","CDM","831","RC","","","","","facility","both","","","","439.61","439.61","","","","","","","","","","","","","Gross Charge Type: Main Acute Price List"
"HEMOGLOBIN S","ChemWm7238","CDM","301","RC","83020","HCPCS","","","facility","both","","","","181.71","181.71","","","","","","","","","","","","","Gross Charge Type: Main Acute Price List"
"HEMOGLOBIN","WspuWm17020","CDM","305","RC","85018","HCPCS","","","facility","both","","","","32.14","32.14","","","","","","","","","","","","","Gross Charge Type: Main Acute Price List"
"HEMOGLOBIN,ELECTROPHORESIS","CHEMRR3275","CDM","301","RC","83020","HCPCS","","","facility","both","","","","118.75","118.75","","","","","","","","","","","","","Gross Charge Type: Acute Discounted"
"HEPATIC FUNCTION PANEL","ChemMe80076","CDM","301","RC","80076","HCPCS","","","facility","both","","","","309.61","309.61","","","","","","","","","","","","","Gross Charge Type: Main Acute Price List"
"HEPATOBILIARY SYS IMG,INCL GALLBLAD PF","Nmpc42P3211","CDM","973","RC","78226","HCPCS","","","facility","both","","","26","250.19","250.19","","","","","","","","","","","","","Gross Charge Type: Main Acute Price List | The modified price is presented in the standard charge value. | Modifier 26: Professional Component"
"HETASTARCH IV BAG 6% 500ML","ScpuWmSup88819","CDM","270","RC","","","","","facility","both","","","","65.43","65.43","","","","","","","","","","","","","Gross Charge Type: Main Acute Price List"
"HEX DRIVER, SET SCREW 2.0MM","PacuWmSup26899","CDM","270","RC","","","","","facility","both","","","","461.98","461.98","","","","","","","","","","","","","Gross Charge Type: Main Acute Price List"
"HINGE, FLEXPSPAN TOE W/GROMMENT TI SILICONE","GastChSup108169","CDM","278","RC","C1776","HCPCS","","","facility","both","","","","6115.86","6115.86","","","","","","","","","","","","","Gross Charge Type: Main Acute Price List"
"HINGE, LOW PROFILE FEMALE","ScpuChSup119085","CDM","272","RC","","","","","facility","both","","","","1378.37","1378.37","","","","","","","","","","","","","Gross Charge Type: Main Acute Price List"
"HINGE, LOW PROFILE MALE","PacuChSup24350","CDM","270","RC","","","","","facility","both","","","","1201.15","1201.15","","","","","","","","","","","","","Gross Charge Type: Main Acute Price List"
"HIP, C-STEM SUMMIT COP CEMENTED POROCOAT W/ACCESSORIES","EplbChSup112809","CDM","278","RC","C1776","HCPCS","","","facility","both","","","","26178.89","26178.89","","","","","","","","","","","","","Gross Charge Type: Main Acute Price List"
"HIP, PINNACLE MODU TOTAL PRIMARY CAP","OperWmSup121030","CDM","278","RC","C1766","HCPCS","","","facility","both","","","","36188.1","36188.1","","","","","","","","","","","","","Gross Charge Type: Main Acute Price List"
"HIP, PINNACLE MODU TOTAL PRIMARY CAP","ScorWmSup121030","CDM","278","RC","C1766","HCPCS","","","facility","both","","","","36188.1","36188.1","","","","","","","","","","","","","Gross Charge Type: Main Acute Price List"
"HIP, PRIMARY FEMORAL STEM DUOFIX CEMENTLESS","GyscChSup119878","CDM","278","RC","C1776","HCPCS","","","facility","both","","","","14167.39","14167.39","","","","","","","","","","","","","Gross Charge Type: Main Acute Price List"
"HIP, PRIMARY POR ST/TRIB METAL CUP/ XLPE LINER/ STD HEAD","OperChSup63227","CDM","278","RC","C1776","HCPCS","","","facility","both","","","","21719.81","21719.81","","","","","","","","","","","","","Gross Charge Type: Main Acute Price List"
"HIP, PRIMARY POR ST/TRIB METAL CUP/ XLPE LN/ CERAMIC HD","ScpuChSup63231","CDM","278","RC","C1776","HCPCS","","","facility","both","","","","24615.79","24615.79","","","","","","","","","","","","","Gross Charge Type: Main Acute Price List"
"HIP, PRIMARY POR ST/TRIB METAL CUP/ XLPE LN/ CERAMIC HD","Wilm3163231","CDM","278","RC","C1776","HCPCS","","","facility","both","","","","24615.79","24615.79","","","","","","","","","","","","","Gross Charge Type: Main Acute Price List"
"HIP, PRIMARY W/COBALT CHROME HEAD","PacuWmSup68384","CDM","278","RC","C1776","HCPCS","","","facility","both","","","","23099.02","23099.02","","","","","","","","","","","","","Gross Charge Type: Main Acute Price List"
"HIP, RESTORATION MODULAR +30 CONE BODY 27MM","DelrChSup118234","CDM","278","RC","C1776","HCPCS","","","facility","both","","","","21806.66","21806.66","","","","","","","","","","","","","Gross Charge Type: Main Acute Price List"
"HIP,BIPOLAR SELF-CENTER LINER HEAD W/ACCESS","CcthChSup72943","CDM","278","RC","C1776","HCPCS","","","facility","both","","","","4311.82","4311.82","","","","","","","","","","","","","Gross Charge Type: Main Acute Price List"
"HIP,PRIM  TANDEM BIPOLAR MED DMD FEM COCR HD","OperWmSup67101","CDM","278","RC","","","","","facility","both","","","","8687.93","8687.93","","","","","","","","","","","","","Gross Charge Type: Main Acute Price List"
"HIP,PRIM  TANDEM BIPOLAR MED DMD FEM COCR HD","PacuWmSup67101","CDM","278","RC","","","","","facility","both","","","","8687.93","8687.93","","","","","","","","","","","","","Gross Charge Type: Main Acute Price List"
"HIP,PRIM  TANDEM BIPOLAR MED DMD FEM COCR HD","ScorChSup67101","CDM","278","RC","","","","","facility","both","","","","8687.93","8687.93","","","","","","","","","","","","","Gross Charge Type: Main Acute Price List"
"HIP,PRIMARY ADVAN TRIT SHELL METAL OR CE HD","AnesWmSup72777","CDM","278","RC","C1776","HCPCS","","","facility","both","","","","26178.89","26178.89","","","","","","","","","","","","","Gross Charge Type: Main Acute Price List"
"HIP,PRIMARY COP CEMENTED/POROUS GRIPTION SIZ","CspuChSup72947","CDM","278","RC","C1776","HCPCS","","","facility","both","","","","26178.89","26178.89","","","","","","","","","","","","","Gross Charge Type: Main Acute Price List"
"HIP,PRIMARY POROUS FEM COCR HEAD R3 XLPE","PacuWmSup67096","CDM","278","RC","C1776","HCPCS","","","facility","both","","","","21719.81","21719.81","","","","","","","","","","","","","Gross Charge Type: Main Acute Price List"
"HISTAMINE,URINE","ChemSR8889","CDM","301","RC","83088","HCPCS","","","facility","both","","","","777.86","777.86","","","","","","","","","","","","","Gross Charge Type: Main Acute Price List"
"HISTOCHEMICAL STAIN","PathCh2626","CDM","310","RC","88314","HCPCS","","","facility","both","","","","392.78","392.78","","","","","","","","","","","","","Gross Charge Type: Main Acute Price List"
"HIV TROPISM DEEP SEQUENCING","CygnCh1149","CDM","306","RC","87906","HCPCS","","","facility","both","","","","1118.93","1118.93","","","","","","","","","","","","","Gross Charge Type: Main Acute Price List"
"HIV2 DNA/RNA QUALITATIVE PCR","ChemMe2798","CDM","302","RC","87538","HCPCS","","","facility","both","","","","488.53","488.53","","","","","","","","","","","","","Gross Charge Type: Main Acute Price List"
"HIV2 DNA/RNA QUALITATIVE PCR","ChemWm2798","CDM","302","RC","87538","HCPCS","","","facility","both","","","","488.53","488.53","","","","","","","","","","","","","Gross Charge Type: Main Acute Price List"
"HLA CYTOTOXIC ANTIBODY SCREEN","BlbkCh2568","CDM","302","RC","86807","HCPCS","","","facility","both","","","","1610.21","1610.21","","","","","","","","","","","","","Gross Charge Type: Main Acute Price List"
"HLA CYTOTOXIC ANTIBODY SCREEN","BlbkCh2568","CDM","302","RC","86807","HCPCS","","","facility","both","","","","366.76","366.76","","","","","","","","","","","","","Gross Charge Type: Acute Discounted"
"HLA CYTOTOXIC ANTIBODY SCREEN","BlbkWm2568","CDM","302","RC","86807","HCPCS","","","facility","both","","","","1610.21","1610.21","","","","","","","","","","","","","Gross Charge Type: Main Acute Price List"
"HLA CYTOTOXIC ANTIBODY SCREEN","BlbkWm2568","CDM","302","RC","86807","HCPCS","","","facility","both","","","","366.76","366.76","","","","","","","","","","","","","Gross Charge Type: Acute Discounted"
"HLA II TYPING 1 LOCUS HR,HLA DR/DQ HIGH RESOLUTION","BoneCh1303","CDM","301","RC","81382","HCPCS","","","facility","both","","","","670.23","670.23","","","","","","","","","","","","","Gross Charge Type: Main Acute Price List"
"HLA TYPE DR","BlbkCh2549","CDM","302","RC","86817","HCPCS","","","facility","both","","","","1156.66","1156.66","","","","","","","","","","","","","Gross Charge Type: Main Acute Price List"
"HOLDER, TRACHEOSTOMY TUBE BLUE","GyscChSup51941","CDM","272","RC","","","","","facility","both","","","","14.77","14.77","","","","","","","","","","","","","Gross Charge Type: Main Acute Price List"
"HOLDER,LEG FOAM CUSHION INSERT","GyscChSup32523","CDM","270","RC","","","","","facility","both","","","","354.37","354.37","","","","","","","","","","","","","Gross Charge Type: Main Acute Price List"
"HOLSTER, HM II GOGEAR VEST MED","GyscChSup57713","CDM","270","RC","Q0508","HCPCS","","","facility","both","","","","2287.82","2287.82","","","","","","","","","","","","","Gross Charge Type: Main Acute Price List"
"HOLTER MONITOR,UP TO 48 HR,RECORDING","Ccsm651143","CDM","731","RC","93225","HCPCS","","","facility","both","","","","575.19","575.19","","","","","","","","","","","","","Gross Charge Type: Main Acute Price List"
"HOLTER MONITOR,UP TO 48 HR,RECORDING","Cdpk501143","CDM","731","RC","93225","HCPCS","","","facility","both","","","","575.19","575.19","","","","","","","","","","","","","Gross Charge Type: Main Acute Price List"
"HOLTER MONTR REC/SCAN UP TO 48HR","Ccsm651291","CDM","731","RC","93226","HCPCS","","","facility","both","","","","982.63","982.63","","","","","","","","","","","","","Gross Charge Type: Main Acute Price List"
"HOLTER MONTR REC/SCAN UP TO 48HR","Cdnq501124","CDM","731","RC","93226","HCPCS","","","facility","both","","","","982.63","982.63","","","","","","","","","","","","","Gross Charge Type: Main Acute Price List"
"HOOK, SELECTA EXTENDED 45","GastWmSup76754","CDM","272","RC","C1893","HCPCS","","","facility","both","","","","1847.92","1847.92","","","","","","","","","","","","","Gross Charge Type: Main Acute Price List"
"HOOK, SHARP PLASTIC STAYS 5MM","PacuWmSup73436","CDM","272","RC","","","","","facility","both","","","","47.18","47.18","","","","","","","","","","","","","Gross Charge Type: Main Acute Price List"
"HUMERAL, PRESS-FIT IMPLANT SIZE B","DelrChSup109356","CDM","278","RC","C1776","HCPCS","","","facility","both","","","","24638.96","24638.96","","","","","","","","","","","","","Gross Charge Type: Main Acute Price List"
"HUMERAL, PRESS-FIT IMPLANT SIZE F","ScorWmSup109160","CDM","278","RC","C1776","HCPCS","","","facility","both","","","","24638.96","24638.96","","","","","","","","","","","","","Gross Charge Type: Main Acute Price List"
"HUMERAL, PRESS-FIT IMPLANT SIZE G","OperWmSup109923","CDM","278","RC","C1776","HCPCS","","","facility","both","","","","24638.96","24638.96","","","","","","","","","","","","","Gross Charge Type: Main Acute Price List"
"HUMERAL, PRESS-FIT IMPLANT SIZE G","ScanWmSup109923","CDM","278","RC","C1776","HCPCS","","","facility","both","","","","24638.96","24638.96","","","","","","","","","","","","","Gross Charge Type: Main Acute Price List"
"HUMERAL, PRESS-FIT IMPLANT SIZE H","EplbChSup109360","CDM","278","RC","C1776","HCPCS","","","facility","both","","","","24638.96","24638.96","","","","","","","","","","","","","Gross Charge Type: Main Acute Price List"
"HUMERAL, STEM PRESS-FIT 12MMX96MM","OperChSup79201","CDM","278","RC","C1776","HCPCS","","","facility","both","","","","13900.68","13900.68","","","","","","","","","","","","","Gross Charge Type: Main Acute Price List"
"HUMERAL, STEM PRESS-FIT 13MMX97MM","GastChSup108095","CDM","278","RC","C1776","HCPCS","","","facility","both","","","","13900.68","13900.68","","","","","","","","","","","","","Gross Charge Type: Main Acute Price List"
"HUMERAL, STEM PRESS-FIT 18MMX103MM","ScpuWmSup107515","CDM","278","RC","C1776","HCPCS","","","facility","both","","","","14783.38","14783.38","","","","","","","","","","","","","Gross Charge Type: Main Acute Price List"
"HUMERAL, STEM PRESS-FIT 19MMX104MM","ScorWmSup106986","CDM","278","RC","C1776","HCPCS","","","facility","both","","","","13900.68","13900.68","","","","","","","","","","","","","Gross Charge Type: Main Acute Price List"
"HUMERAL,BODY ANAT PROXIMAL 135 DEG SZ 10","OperWmSup65266","CDM","278","RC","C1776","HCPCS","","","facility","both","","","","6085.32","6085.32","","","","","","","","","","","","","Gross Charge Type: Main Acute Price List"
"HUMERAL,BODY ANAT PROXIMAL 135 DEG SZ 10","PacuChSup65266","CDM","278","RC","C1776","HCPCS","","","facility","both","","","","6085.32","6085.32","","","","","","","","","","","","","Gross Charge Type: Main Acute Price List"
"HYDROSET, BONE SUBSTITUTE HA INJECT 3CC","PacuChSup73011","CDM","278","RC","C1713","HCPCS","","","facility","both","","","","5341.62","5341.62","","","","","","","","","","","","","Gross Charge Type: Main Acute Price List"
"HYSTEROSALPINGOGRAPHY,RS&I GLP","AngiCh3012","CDM","320","RC","74740","HCPCS","","","facility","both","","","","327.27","327.27","","","","","","","","","","","","","Gross Charge Type: Acute Discounted"
"HYSTEROSALPINGOGRAPHY,RS&I GLP","AngiWm3012","CDM","320","RC","74740","HCPCS","","","facility","both","","","","452.88","452.88","","","","","","","","","","","","","Gross Charge Type: Main Acute Price List"
"HYSTEROSALPINGOGRAPHY,RS&I GLP","ChrsXR3012","CDM","320","RC","74740","HCPCS","","","facility","both","","","","327.27","327.27","","","","","","","","","","","","","Gross Charge Type: Acute Discounted"
"HYSTEROSALPINGOGRAPHY,RS&I GLP","MiddXR3012","CDM","320","RC","74740","HCPCS","","","facility","both","","","","327.27","327.27","","","","","","","","","","","","","Gross Charge Type: Acute Discounted"
"Hair trnspl >15 punch grafts","15776","HCPCS","","","","","","","facility","outpatient","","","","","","Ambetter","All Commercial Plans","658.94","","","","","","","fee schedule","417.33","1317.88","Radiology"
"Hand Or Wrist Procedures, Except Major Thumb Or Joint Procedures With Cc/Mcc","513","MS-DRG","","","","","","","facility","inpatient","","","","","","Unitedhealthcare","All Commercial Plans","","91","","","","","0","percent of total billed charges","","","No services performed during 15-month lookback period."
"Hand Or Wrist Procedures, Except Major Thumb Or Joint Procedures With Cc/Mcc","513","MS-DRG","","","","","","","facility","inpatient","","","","","","Wellcare","Medicare Managed Care Plan","","","[MSDRG Base Rate: FEE SCHEDULE]","","","","0","other","","","No services performed during 15-month lookback period."
"Hand Procedures For Injuries","906","MS-DRG","","","","","","","facility","inpatient","","","","","","Aetna - De","Better Health Medicaid Managed Care Plan","","","[Inpatient Services: Payer leverages state specific Medicaid payment methodology. Available, referenceable algorithm logic found here: https://medicaidpublications.dhss.delaware.gov/docs/search]","","","","0","other","","","No services performed during 15-month lookback period."
"Hand tendon reconstruction","26500","HCPCS","","","","","","","facility","outpatient","","","","","","Amerihealth","Medicare Managed Care Plan","8468.58","","","","","","","fee schedule","7449.22","23523.84","APC"
"Hast w/report","94452","HCPCS","","","","","","","facility","outpatient","","","","","","Jefferson Health Plan","Health Partners Medicaid Managed Care/Aca Plan","431.33","","","","","","","fee schedule","136.59","431.33","APC"
"Hba1/hba2 full gene sequence","81259","HCPCS","","","","","","","facility","outpatient","","","","","","Jefferson Health Plan","Health Partners Medicare Managed Care Plan","630","","","","","","","fee schedule","390","1800","APC"
"Hba1/hba2 gene","81257","HCPCS","","","","","","","facility","outpatient","","","","","","Aetna","Medicare Managed Care Plan","105.33","","","","","","","fee schedule","66.47","306.78","APC"
"Hba1/hba2 gene","81257","HCPCS","","","","","","","facility","outpatient","","","","","","Jefferson Health Plan","Health Partners Medicaid Managed Care/Aca Plan","306.78","","","","","","","fee schedule","66.47","306.78","APC"
"Hbb gene dup/del variants","81363","HCPCS","","","","","","","facility","outpatient","","","","","","Amerihealth","Caritas Next Other Commercial Plan","202.4","","","","","","","fee schedule","131.56","607.2","Laboratory"
"Hc pro phone call 11-20 min","98967","HCPCS","","","","","","","facility","outpatient","","","","","","Bcbs","Highmark Medicare Managed Care Plan","19.02","","","","","","","fee schedule","19.02","60.06","APC"
"Hdr rdncl ntrstl/icav brchtx","77770","HCPCS","","","","","","","facility","outpatient","","","","","","Bcbs","Highmark Medicare Managed Care Plan","715","","","","","","","fee schedule","715","2257.89","APC"
"Hdr rdncl ntrstl/icav brchtx","77770","HCPCS","","","","","","","facility","outpatient","","","","","","Jefferson Health Plan","Health Partners Medicaid Managed Care/Aca Plan","2257.89","","","","","","","fee schedule","715","2257.89","APC"
"Hdr rdncl ntrstl/icav brchtx","77772","HCPCS","","","","","","","facility","outpatient","","","","","","Bcbs","Highmark All Commercial Plans","1110.51","","","","","","","fee schedule","715","2257.89","Radiology"
"Hdr rdncl skn surf brachytx","77768","HCPCS","","","","","","","facility","outpatient","","","","","","Jefferson Health Plan","Health Partners Medicare Managed Care Plan","437.63","","","","","","","fee schedule","395.95","1250.38","APC"
"Headaches With Mcc","102","MS-DRG","","","","","","","facility","inpatient","","","","","","Aetna","Medicare Managed Care Plan","10733.1","","","","","","","fee schedule","9899.47","26341.15","MSDRG Base Rate"
"Headaches Without Mcc","103","MS-DRG","","","","","","","facility","inpatient","","","","","","Amerihealth","Medicare Managed Care Plan","8524.13","","","","","","","fee schedule","7498.07","19653.05","MSDRG Base Rate"
"Hearing loss dup/del analys","81431","HCPCS","","","","","","","facility","outpatient","","","","","","Bcbs","Highmark All Commercial Plans","1002.71","","","","","","","fee schedule","441.72","2038.71","Radiology"
"Heart Failure & Shock","127","MS-DRG","","","","","","","facility","inpatient","","","","","","Jefferson Health Plan","Health Partners Medicare Managed Care Plan","","","[MSDRG Base Rate: FEE SCHEDULE]","","","","0","other","","","No services performed during 15-month lookback period."
"Heart Failure And Shock With Cc","292","MS-DRG","","","","","","","facility","inpatient","","","","","","Aetna","All Commercial Plans","","","[SNF-(% BC): 65] [Bariatric Surgery-Case Rate: 20177] [All Other IP (%BC): 86.5]","","","","0","other","","","No services performed during 15-month lookback period."
"Heart Failure And Shock With Cc","292","MS-DRG","","","","","","","facility","inpatient","","","","","","Bcbs","Highmark Health Options Medicare Managed Care Plan","","","[MSDRG Base Rate: FEE SCHEDULE]","","","","0","other","","","No services performed during 15-month lookback period."
"Heart Failure And Shock With Cc","292","MS-DRG","","","","","","","facility","inpatient","","","","","","Healthspring","Medicare Managed Care Plan","","","[MSDRG Base Rate: FEE SCHEDULE]","5646.63","5646.63","5646.63","1 through 10","other","","","Contracting method is an algorithm described in the 'standard_charges|algorithm' field. The allowed amount provided accounts for the structural rates, conditions, and utilization elements inherent in the payer’s algorithm."
"Heart Failure And Shock With Mcc","291","MS-DRG","","","","","","","facility","inpatient","","","","","","Amerihealth","Medicare Managed Care Plan","","","[MSDRG Base Rate: FEE SCHEDULE]","","","","0","other","","","No services performed during 15-month lookback period."
"Heart Failure And Shock Without Cc/Mcc","293","MS-DRG","","","","","","","facility","inpatient","","","","","","Wellcare","Medicare Managed Care Plan","6041.13","","","","","","","fee schedule","5217.34","13554.62","MSDRG Base Rate"
"Heart Transplant Or Implant Of Heart Assist System With Mcc","001","MS-DRG","","","","","","","facility","inpatient","","","","","","Aetna - De","Better Health Medicaid Managed Care Plan","","","[Inpatient Services: Payer leverages state specific Medicaid payment methodology. Available, referenceable algorithm logic found here: https://medicaidpublications.dhss.delaware.gov/docs/search]","","","","0","other","","","No services performed during 15-month lookback period."
"Heart Transplant Or Implant Of Heart Assist System With Mcc","001","MS-DRG","","","","","","","facility","inpatient","","","","","","Bcbs","Highmark Health Options Medicare Managed Care Plan","","","[MSDRG Base Rate: FEE SCHEDULE]","","","","0","other","","","No services performed during 15-month lookback period."
"Heart Transplant Or Implant Of Heart Assist System With Mcc","001","MS-DRG","","","","","","","facility","inpatient","","","","","","First Health","Delaware Medicaid Managed Care Plan","","","[Inpatient Services: Payer leverages state specific Medicaid payment methodology. Available, referenceable algorithm logic found here: https://medicaidpublications.dhss.delaware.gov/docs/search]","","","","0","other","","","No services performed during 15-month lookback period."
"Heart first pass multiple","78483","HCPCS","","","","","","","facility","outpatient","","","","","","Bcbs","Highmark All Commercial Plans","865.75","","","","","","","fee schedule","557.41","1760.25","Radiology"
"Heart image (pet) multiple","78492","HCPCS","","","","","","","facility","outpatient","","","","","","Aetna","Medicare Managed Care Plan","1591.6","","","","","","","fee schedule","1467.98","4635.73","APC"
"Heart infarct image (ef)","78468","HCPCS","","","","","","","facility","outpatient","","","","","","Aetna","All Commercial Plans","821.45","","","","","","","fee schedule","557.41","1760.25","Radiology"
"Heart/lung resuscitation cpr","92950","HCPCS","","","","","","","facility","outpatient","","","","","","Aetna","Medicare Managed Care Plan","240.33","","","","","","","fee schedule","221.67","700","APC"
"Heart/lung resuscitation cpr","92950","HCPCS","","","","","","","facility","outpatient","","","","","","Jefferson Health Plan","Health Partners Medicaid Managed Care/Aca Plan","700","","","","","","","fee schedule","221.67","700","APC"
"Heat Quant Sensory Test","0109T","HCPCS","","","","","","","facility","outpatient","","","","","","Healthspring","Medicare Managed Care Plan","40.36","","","","","","","fee schedule","38.34","121.09","APC"
"Heavy metal quant each nes","83018","HCPCS","","","","","","","facility","outpatient","","","","","","First Health","Delaware Medicaid Managed Care Plan","24.16","","","","","","","fee schedule","14.27","65.88","Laboratory"
"Heavy metal quant each nes","83018","HCPCS","","","","","","","facility","outpatient","","","","","","Jefferson Health Plan","Health Partners Medicare Managed Care Plan","23.06","","","","","","","fee schedule","14.27","65.88","APC"
"Heinz bodies induced","85445","HCPCS","","","","","","","facility","outpatient","","","","","","Amerihealth","Medicare Managed Care Plan","7.37","","","","","","","fee schedule","4.43","20.46","APC"
"Heinz bodies induced","85445","HCPCS","","","","","","","facility","outpatient","","","","","","Cigna","All Commercial Plans","4.43","","","","","","","fee schedule","4.43","20.46",""
"Helicobacter pylori antibody","86677","HCPCS","","","","","","","facility","outpatient","","","","","","Bcbs","Highmark Medicare Managed Care Plan","16.01","","","","","","","fee schedule","10.95","50.55","APC"
"Helminth antibody","86682","HCPCS","","","","","","","facility","outpatient","","","","","","Amerihealth","Caritas Next Other Commercial Plan","20.82","","","","","","","fee schedule","8.46","39.03","Radiology"
"Hem cgen coagj do 20 genes","0270U","HCPCS","","","","","","","facility","outpatient","","","","","","Aetna","All Commercial Plans","675.07","","","","","","","fee schedule","577.76","1824.51","Laboratory"
"Hem cgen coagj do 20 genes","0270U","HCPCS","","","","","","","facility","outpatient","","","","","","Aetna","Medicare Managed Care Plan","626.42","","","","","","","fee schedule","577.76","1824.51","APC"
"Hem cgen neutropenia 23 gen","0271U","HCPCS","","","","","","","facility","outpatient","","","","","","Aetna","All Commercial Plans","851.44","","","","","","","fee schedule","577.76","1824.51","Radiology"
"Hem gen pltlt do 43 genes","0274U","HCPCS","","","","","","","facility","outpatient","","","","","","Bcbs","Highmark All Commercial Plans","897.35","","","","","","","fee schedule","577.76","1824.51","Radiology"
"Hem gen thrombosis 12 genes","0278U","HCPCS","","","","","","","facility","outpatient","","","","","","Aetna","All Commercial Plans","675.07","","","","","","","fee schedule","577.76","1824.51","Laboratory"
"Hem genetic bld do 51 genes","0272U","HCPCS","","","","","","","facility","outpatient","","","","","","Aetna","All Commercial Plans","851.44","","","","","","","fee schedule","577.76","1824.51","Radiology"
"Hem genetic bld do 51 genes","0272U","HCPCS","","","","","","","facility","outpatient","","","","","","Amerihealth","Caritas Next Other Commercial Plan","973.07","","","","","","","fee schedule","577.76","1824.51","Radiology"
"Hem heprn nduc trmbctpna srm","0275U","HCPCS","","","","","","","facility","outpatient","","","","","","Ambetter","All Commercial Plans","27.56","","","","","","","fee schedule","17.45","55.11","Radiology"
"Hem heprn nduc trmbctpna srm","0275U","HCPCS","","","","","","","facility","outpatient","","","","","","Jefferson Health Plan","Health Partners Medicaid Managed Care/Aca Plan","55.11","","","","","","","fee schedule","17.45","55.11","APC"
"Hem inh thrombocytopenia 23","0276U","HCPCS","","","","","","","facility","outpatient","","","","","","Bcbs","Highmark All Commercial Plans","3612.85","","","","","","","fee schedule","2326.13","7345.68","Radiology"
"Hem rbc ads whl bld hypoxic","0303U","HCPCS","","","","","","","facility","outpatient","","","","","","Ambetter","All Commercial Plans","2862.11","","","","","","","fee schedule","2091.54","6604.86","Laboratory"
"Hem rbc ads whl bld normoxic","0304U","HCPCS","","","","","","","facility","outpatient","","","","","","Ambetter","All Commercial Plans","3113.7","","","","","","","fee schedule","1972.01","6227.4","Radiology"
"Hem rbc fnclty&dfrm shr strs","0305U","HCPCS","","","","","","","facility","outpatient","","","","","","Amerihealth","Medicare Managed Care Plan","715.59","","","","","","","fee schedule","629.45","1987.74","APC"
"Hem vw factor&clgn iii bndg","0279U","HCPCS","","","","","","","facility","outpatient","","","","","","First Health","Delaware Medicaid Managed Care Plan","12.68","","","","","","","fee schedule","10.95","34.59","Laboratory"
"Hematocrit","85014","HCPCS","","","","","","","facility","outpatient","","","","","","Ambetter","All Commercial Plans","3.56","","","","","","","fee schedule","1.54","7.11","Radiology"
"Hemoglobin chromotography","83021","HCPCS","","","","","","","facility","outpatient","","","","","","Amerihealth","Caritas Next Other Commercial Plan","18.06","","","","","","","fee schedule","11.74","54.18","Laboratory"
"Hemoglobin fetal","85460","HCPCS","","","","","","","facility","outpatient","","","","","","Amerihealth","Medicare Managed Care Plan","8.35","","","","","","","fee schedule","5.02","23.19","APC"
"Hemoglobin fetal","85461","HCPCS","","","","","","","facility","outpatient","","","","","","Amerihealth","Caritas Next Other Commercial Plan","9.36","","","","","","","fee schedule","6.08","28.08","Laboratory"
"Hemophilus influenza antibdy","86684","HCPCS","","","","","","","facility","outpatient","","","","","","Amerihealth","Caritas Next Other Commercial Plan","25.34","","","","","","","fee schedule","10.3","47.52","Radiology"
"Hemorrhoidopexy by stapling","46947","HCPCS","","","","","","","facility","outpatient","","","","","","Bcbs","Highmark All Commercial Plans","4425.71","","","","","","","fee schedule","2849.49","8998.38","Radiology"
"Hep b core antibody total","86704","HCPCS","","","","","","","facility","outpatient","","","","","","Bcbs","Highmark All Commercial Plans","17.78","","","","","","","fee schedule","7.83","36.15","Radiology"
"Hep b core antibody total","86704","HCPCS","","","","","","","facility","outpatient","","","","","","Jefferson Health Plan","Health Partners Medicaid Managed Care/Aca Plan","36.15","","","","","","","fee schedule","7.83","36.15","APC"
"Hep c screen high risk/other","G0472","HCPCS","","","","","","","facility","outpatient","","","","","","Amerihealth","Caritas Next Other Commercial Plan","46.35","","","","","","","fee schedule","30.13","139.05","Laboratory"
"Hep nash mir34a5p ?2m ykl40","0468U","HCPCS","","","","","","","facility","outpatient","","","","","","Aetna","Medicare Managed Care Plan","259.25","","","","","","","fee schedule","239.12","755.1","APC"
"Heparin-protamine tolerance","85530","HCPCS","","","","","","","facility","outpatient","","","","","","Bcbs","Highmark Medicare Managed Care Plan","12.44","","","","","","","fee schedule","8.51","39.27","APC"
"Hepatitis b dna quant","87517","HCPCS","","","","","","","facility","outpatient","","","","","","Aetna","Medicare Managed Care Plan","44.13","","","","","","","fee schedule","27.85","128.52","APC"
"Hepatitis b surface ag quan","87467","HCPCS","","","","","","","facility","outpatient","","","","","","Bcbs","Highmark All Commercial Plans","37.36","","","","","","","fee schedule","15.05","75.96","Radiology"
"Hepatitis be antibody","86707","HCPCS","","","","","","","facility","outpatient","","","","","","Cigna","All Commercial Plans","7.52","","","","","","","fee schedule","7.52","34.71",""
"Hepatitis be antibody","86707","HCPCS","","","","","","","facility","outpatient","","","","","","Jefferson Health Plan","Health Partners Medicare Managed Care Plan","12.15","","","","","","","fee schedule","7.52","34.71","APC"
"Hepatitis c probe&rvrs trnsc","87521","HCPCS","","","","","","","facility","outpatient","","","","","","Cigna","All Commercial Plans","22.81","","","","","","","fee schedule","22.81","105.27",""
"Hepatitis c rna dir probe","87520","HCPCS","","","","","","","facility","outpatient","","","","","","Aetna","All Commercial Plans","43.71","","","","","","","fee schedule","20.29","93.66","Radiology"
"Hepatitis g dna amp probe","87526","HCPCS","","","","","","","facility","outpatient","","","","","","Unitedhealthcare","All Commercial Plans","39.26","","","","","","","fee schedule","25.52","117.78",""
"Hepatitis g dna quant","87527","HCPCS","","","","","","","facility","outpatient","","","","","","Jefferson Health Plan","Health Partners Medicare Managed Care Plan","43.85","","","","","","","fee schedule","27.14","125.28","APC"
"Hepatobiliary Diagnostic Procedures With Mcc","420","MS-DRG","","","","","","","facility","inpatient","","","","","","Healthspring","Medicare Managed Care Plan","30726.2","","","","","","","fee schedule","29189.89","80066.85","MSDRG Base Rate"
"Hepatobiliary Diagnostic Procedures Without Cc/Mcc","422","MS-DRG","","","","","","","facility","inpatient","","","","","","Bcbs","Highmark Medicare Managed Care Plan","12250.23","","","","","","","fee schedule","12250.23","32888.25","MSDRG Base Rate"
"Hepatobiliary system imaging","78226","HCPCS","","","","","","","facility","outpatient","","","","","","Healthspring","Medicare Managed Care Plan","432","","","","","","","fee schedule","410.4","1296.01","APC"
"Hered colon ca do mrna pnl","0130U","HCPCS","","","","","","","facility","outpatient","","","","","","Jefferson Health Plan","Health Partners Medicare Managed Care Plan","614.14","","","","","","","fee schedule","380.19","1754.7","APC"
"Hered pan ca mrna pnl 18 gen","0134U","HCPCS","","","","","","","facility","outpatient","","","","","","Bcbs","Highmark All Commercial Plans","1104.25","","","","","","","fee schedule","710.97","2245.17","Radiology"
"Hered pan ca mrna pnl 18 gen","0134U","HCPCS","","","","","","","facility","outpatient","","","","","","Bcbs","Highmark Health Options Medicare Managed Care Plan","767.1","","","","","","","fee schedule","710.97","2245.17","APC"
"Hered prst8 ca rltd do 11","0133U","HCPCS","","","","","","","facility","outpatient","","","","","","Unitedhealthcare","All Commercial Plans","690.29","","","","","","","fee schedule","655.78","2070.87",""
"Hereditary colon ca dsordrs","81436","HCPCS","","","","","","","facility","outpatient","","","","","","Cigna","All Commercial Plans","380.19","","","","","","","fee schedule","380.19","380.19",""
"Hernia Procedures Except Inguinal And Femoral Without Cc/Mcc","355","MS-DRG","","","","","","","facility","inpatient","","","","","","Bcbs","Highmark Wholecare Medicare Managed Care Plan","13652","","","","","","","fee schedule","11790.36","31607.5","MSDRG Base Rate"
"Hernia Procedures Except Inguinal And Femoral Without Cc/Mcc","355","MS-DRG","","","","","","","facility","inpatient","","","","","","First Health","Delaware Medicaid Managed Care Plan","","","[Inpatient Services: Payer leverages state specific Medicaid payment methodology. Available, referenceable algorithm logic found here: https://medicaidpublications.dhss.delaware.gov/docs/search]","","","","0","other","","","No services performed during 15-month lookback period."
"Herpes simplex 1 ag if","87274","HCPCS","","","","","","","facility","outpatient","","","","","","Aetna","All Commercial Plans","16.77","","","","","","","fee schedule","7.79","35.94","Radiology"
"Herpes simplex 1 ag if","87274","HCPCS","","","","","","","facility","outpatient","","","","","","Bcbs","Highmark Medicare Managed Care Plan","11.38","","","","","","","fee schedule","7.79","35.94","APC"
"Herpes simplex 1 ag if","87274","HCPCS","","","","","","","facility","outpatient","","","","","","First Health","Delaware Medicaid Managed Care Plan","13.18","","","","","","","fee schedule","7.79","35.94","Laboratory"
"Herpes simplex 2 ag if","87273","HCPCS","","","","","","","facility","outpatient","","","","","","Aetna","All Commercial Plans","13.3","","","","","","","fee schedule","7.79","35.94","Laboratory"
"Herpes simplex 2 ag if","87273","HCPCS","","","","","","","facility","outpatient","","","","","","Bcbs","Highmark Medicare Managed Care Plan","11.38","","","","","","","fee schedule","7.79","35.94","APC"
"Herpes simplex nes antbdy","86694","HCPCS","","","","","","","facility","outpatient","","","","","","Bcbs","Highmark All Commercial Plans","21.23","","","","","","","fee schedule","9.35","43.17","Radiology"
"Heterophile antibody absrbj","86310","HCPCS","","","","","","","facility","outpatient","","","","","","Amerihealth","Caritas Next Other Commercial Plan","7.37","","","","","","","fee schedule","4.79","22.11","Laboratory"
"Hexagnal phosph pltlt neutrl","85598","HCPCS","","","","","","","facility","outpatient","","","","","","Aetna","All Commercial Plans","19.96","","","","","","","fee schedule","11.69","53.94","Laboratory"
"Hgb quant transcutaneous","88738","HCPCS","","","","","","","facility","outpatient","","","","","","Aetna","All Commercial Plans","7.03","","","","","","","fee schedule","3.26","15.06","Radiology"
"Hhv-6 dna quant","87533","HCPCS","","","","","","","facility","outpatient","","","","","","Ambetter","All Commercial Plans","62.64","","","","","","","fee schedule","27.14","125.28","Radiology"
"Hi enrgy eswt plantar fascia","28890","HCPCS","","","","","","","facility","outpatient","","","","","","Bcbs","Highmark Medicare Managed Care Plan","1650.76","","","","","","","fee schedule","1650.76","5212.93","APC"
"Hi-res gastric ep mapping","0868T","HCPCS","","","","","","","facility","outpatient","","","","","","Bcbs","Highmark Health Options Medicare Managed Care Plan","413.33","","","","","","","fee schedule","383.08","1209.74","APC"
"Hip & Femur Procedures Except Major Joint Age >17 w CC","210","MS-DRG","","","","","","","facility","inpatient","","","","","","Ambetter","All Commercial Plans","","91","","","","","0","percent of total billed charges","","","No services performed during 15-month lookback period."
"Hip And Femur Procedures Except Major Joint With Mcc","480","MS-DRG","","","","","","","facility","inpatient","","","","","","Jefferson Health Plan","Health Partners Medicaid Managed Care/Aca Plan","68439.05","","","","","","","fee schedule","25014.89","68439.05",""
"Hip And Femur Procedures Except Major Joint With Mcc","480","MS-DRG","","","","","","","facility","inpatient","","","","","","Jefferson Health Plan","Health Partners Medicare Managed Care Plan","","","[MSDRG Base Rate: FEE SCHEDULE]","","","","0","other","","","No services performed during 15-month lookback period."
"Hip And Femur Procedures Except Major Joint Without Cc/Mcc","482","MS-DRG","","","","","","","facility","inpatient","","","","","","Aetna - De","Better Health Medicaid Managed Care Plan","","","[Inpatient Services: Payer leverages state specific Medicaid payment methodology. Available, referenceable algorithm logic found here: https://medicaidpublications.dhss.delaware.gov/docs/search]","","","","0","other","","","No services performed during 15-month lookback period."
"Hip And Femur Procedures Except Major Joint Without Cc/Mcc","482","MS-DRG","","","","","","","facility","inpatient","","","","","","Bcbs","Highmark Health Options Medicaid Managed Care Plan","","","[Inpatient Services: Payer leverages state specific Medicaid payment methodology. Available, referenceable algorithm logic found here: https://medicaidpublications.dhss.delaware.gov/docs/search]","13939.61","13939.61","13939.61","1 through 10","other","","","Contracting method is an algorithm described in the 'standard_charges|algorithm' field. The allowed amount provided accounts for the structural rates, conditions, and utilization elements inherent in the payer’s algorithm."
"Hip And Femur Procedures Except Major Joint Without Cc/Mcc","482","MS-DRG","","","","","","","facility","inpatient","","","","","","Healthspring","Medicare Managed Care Plan","","","[MSDRG Base Rate: FEE SCHEDULE]","11725.72","11725.72","11725.72","1 through 10","other","","","Contracting method is an algorithm described in the 'standard_charges|algorithm' field. The allowed amount provided accounts for the structural rates, conditions, and utilization elements inherent in the payer’s algorithm."
"Hip Replacement With Principal Diagnosis Of Hip Fracture With Mcc","521","MS-DRG","","","","","","","facility","inpatient","","","","","","Aetna - Md","Better Health Medicaid Managed Care Plan","","","[Inpatient Services: Payer leverages state specific Medicaid payment methodology. Available, referenceable algorithm logic found here: https://health.maryland.gov/mmcp/provider/Pages/default.aspx]","","","","0","other","","","No services performed during 15-month lookback period."
"Hip Replacement With Principal Diagnosis Of Hip Fracture With Mcc","521","MS-DRG","","","","","","","facility","inpatient","","","","","","Bcbs","Highmark All Commercial Plans","","","[Lesser Than Charges paid at %: 100] [MSDRG Base Rate: FEE SCHEDULE] [Normal Newborn-Per Diem: 6037.44] [Psych-Per Diem: 2159.84] [All Other IP (%BC): 85.44]","130313.59","130313.59","130313.59","1 through 10","other","","","Contracting method is an algorithm described in the 'standard_charges|algorithm' field. The allowed amount provided accounts for the structural rates, conditions, and utilization elements inherent in the payer’s algorithm."
"Hip Replacement With Principal Diagnosis Of Hip Fracture With Mcc","521","MS-DRG","","","","","","","facility","inpatient","","","","","","Bcbs","Highmark Wholecare Medicaid Managed Care Plan","","","[Inpatient Services: Payer leverages state specific Medicaid payment methodology. Available, referenceable algorithm logic found here: https://www.pa.gov/agencies/dhs/resources/for-providers]","","","","0","other","","","No services performed during 15-month lookback period."
"Hip Replacement With Principal Diagnosis Of Hip Fracture Without Mcc","522","MS-DRG","","","","","","","facility","inpatient","","","","","","Aetna","Medicare Managed Care Plan","19852.15","","","","","","","fee schedule","18310.23","50714.89","MSDRG Base Rate"
"Hip Replacement With Principal Diagnosis Of Hip Fracture Without Mcc","522","MS-DRG","","","","","","","facility","inpatient","","","","","","Bcbs","Highmark Health Options Medicaid Managed Care Plan","","","[Inpatient Services: Payer leverages state specific Medicaid payment methodology. Available, referenceable algorithm logic found here: https://medicaidpublications.dhss.delaware.gov/docs/search]","10944.5","10944.5","10944.5","1 through 10","other","","","Contracting method is an algorithm described in the 'standard_charges|algorithm' field. The allowed amount provided accounts for the structural rates, conditions, and utilization elements inherent in the payer’s algorithm."
"Hip Replacement With Principal Diagnosis Of Hip Fracture Without Mcc","522","MS-DRG","","","","","","","facility","inpatient","","","","","","Jefferson Health Plan","Health Partners Medicare Managed Care Plan","","","[MSDRG Base Rate: FEE SCHEDULE]","","","","0","other","","","No services performed during 15-month lookback period."
"Hip arthr0 w/debridement","29862","HCPCS","","","","","","","facility","outpatient","","","","","","Bcbs","Highmark Wholecare Medicare Managed Care Plan","8625.41","","","","","","","fee schedule","7449.22","23523.84","APC"
"Hip arthr0 w/synovectomy","29863","HCPCS","","","","","","","facility","outpatient","","","","","","Amerihealth","Caritas Next Other Commercial Plan","5657.31","","","","","","","fee schedule","3359.03","10607.46","Radiology"
"Hip arthr0 w/synovectomy","29863","HCPCS","","","","","","","facility","outpatient","","","","","","Bcbs","Highmark Wholecare Medicare Managed Care Plan","3889.4","","","","","","","fee schedule","3359.03","10607.46","APC"
"Hip arthro acetabuloplasty","29915","HCPCS","","","","","","","facility","outpatient","","","","","","Aetna","All Commercial Plans","10977.79","","","","","","","fee schedule","7449.22","23523.84","Radiology"
"Hip arthro w/labral repair","29916","HCPCS","","","","","","","facility","outpatient","","","","","","Bcbs","Highmark Wholecare Medicare Managed Care Plan","8625.41","","","","","","","fee schedule","7449.22","23523.84","APC"
"Histoplasma capsul ag ia","87385","HCPCS","","","","","","","facility","outpatient","","","","","","Amerihealth","Caritas Next Other Commercial Plan","13.25","","","","","","","fee schedule","8.61","39.75","Laboratory"
"Histoplasma capsul ag ia","87385","HCPCS","","","","","","","facility","outpatient","","","","","","Amerihealth","Medicare Managed Care Plan","14.31","","","","","","","fee schedule","8.61","39.75","APC"
"Histoplasmosis skin test","86510","HCPCS","","","","","","","facility","outpatient","","","","","","Cigna","All Commercial Plans","4.46","","","","","","","fee schedule","4.46","121.09",""
"Hiv With Extensive O.R. Procedures With Mcc","969","MS-DRG","","","","","","","facility","inpatient","","","","","","Bcbs","Highmark Wholecare Medicaid Managed Care Plan","","","[Inpatient Services: Payer leverages state specific Medicaid payment methodology. Available, referenceable algorithm logic found here: https://www.pa.gov/agencies/dhs/resources/for-providers]","","","","0","other","","","No services performed during 15-month lookback period."
"Hiv With Extensive O.R. Procedures Without Mcc","970","MS-DRG","","","","","","","facility","inpatient","","","","","","First Health","Delaware Medicaid Managed Care Plan","","","[Inpatient Services: Payer leverages state specific Medicaid payment methodology. Available, referenceable algorithm logic found here: https://medicaidpublications.dhss.delaware.gov/docs/search]","","","","0","other","","","No services performed during 15-month lookback period."
"Hiv With Extensive O.R. Procedures Without Mcc","970","MS-DRG","","","","","","","facility","inpatient","","","","","","Ibc","All Commercial Plans","","","[Psych-Per Diem: 1800] [All Other IP (%BC): 89.50]","","","","0","other","","","No services performed during 15-month lookback period."
"Hiv With Major Related Condition With Cc","975","MS-DRG","","","","","","","facility","inpatient","","","","","","Bcbs","Highmark Health Options Medicare Managed Care Plan","","","[MSDRG Base Rate: FEE SCHEDULE]","","","","0","other","","","No services performed during 15-month lookback period."
"Hiv With Major Related Condition With Mcc","974","MS-DRG","","","","","","","facility","inpatient","","","","","","Jefferson Health Plan","Health Partners Medicare Managed Care Plan","","","[MSDRG Base Rate: FEE SCHEDULE]","","","","0","other","","","No services performed during 15-month lookback period."
"Hiv With Major Related Condition Without Cc/Mcc","976","MS-DRG","","","","","","","facility","inpatient","","","","","","Aetna","Medicare Managed Care Plan","8736.94","","","","","","","fee schedule","8058.35","21213.45","MSDRG Base Rate"
"Hiv With Major Related Condition Without Cc/Mcc","976","MS-DRG","","","","","","","facility","inpatient","","","","","","Wellcare","Medicare Managed Care Plan","9330.72","","","","","","","fee schedule","8058.35","21213.45","MSDRG Base Rate"
"Hiv antigen w/hiv antibodies","87806","HCPCS","","","","","","","facility","outpatient","","","","","","Bcbs","Highmark Health Options Medicare Managed Care Plan","33.59","","","","","","","fee schedule","21.3","98.31","APC"
"Hiv-1 probe&reverse trnscrpj","87535","HCPCS","","","","","","","facility","outpatient","","","","","","Amerihealth","Caritas Next Other Commercial Plan","35.09","","","","","","","fee schedule","22.81","105.27","Laboratory"
"Hiv-1 probe&reverse trnscrpj","87535","HCPCS","","","","","","","facility","outpatient","","","","","","Amerihealth","Caritas Next Other Commercial Plan","56.14","","","","","","","fee schedule","22.81","105.27","Radiology"
"Hiv-1 probe&reverse trnscrpj","87535","HCPCS","","","","","","","facility","outpatient","","","","","","Bcbs","Highmark All Commercial Plans","51.78","","","","","","","fee schedule","22.81","105.27","Radiology"
"Hiv-1/hiv-2 1 result antbdy","86703","HCPCS","","","","","","","facility","outpatient","","","","","","Aetna","All Commercial Plans","19.19","","","","","","","fee schedule","8.91","41.13","Radiology"
"Hiv-2 probe&revrse trnscripj","87538","HCPCS","","","","","","","facility","outpatient","","","","","","Ambetter","All Commercial Plans","52.64","","","","","","","fee schedule","22.81","105.27","Radiology"
"Hiv-2 quant&revrse trnscripj","87539","HCPCS","","","","","","","facility","outpatient","","","","","","Bcbs","Highmark Medicare Managed Care Plan","55.69","","","","","","","fee schedule","38.1","175.86","APC"
"Hla class i phenotype qual","86830","HCPCS","","","","","","","facility","outpatient","","","","","","Bcbs","Highmark All Commercial Plans","140.94","","","","","","","fee schedule","62.09","286.56","Radiology"
"Hla class i semiquant panel","86834","HCPCS","","","","","","","facility","outpatient","","","","","","Ambetter","All Commercial Plans","536.34","","","","","","","fee schedule","232.41","1072.68","Radiology"
"Hla class i/ii antibody qual","86829","HCPCS","","","","","","","facility","outpatient","","","","","","Aetna","Medicare Managed Care Plan","66.12","","","","","","","fee schedule","41.72","192.57","APC"
"Hla class ii semiquant panel","86835","HCPCS","","","","","","","facility","outpatient","","","","","","Bcbs","Highmark Medicare Managed Care Plan","306.81","","","","","","","fee schedule","209.92","968.88","APC"
"Hla i & ii type verify lr","81371","HCPCS","","","","","","","facility","outpatient","","","","","","Bcbs","Highmark Health Options Medicare Managed Care Plan","414.63","","","","","","","fee schedule","262.94","1213.56","APC"
"Hla i & ii typing lr","81370","HCPCS","","","","","","","facility","outpatient","","","","","","Ambetter","All Commercial Plans","522.76","","","","","","","fee schedule","261.38","1206.36","Laboratory"
"Hla i & ii typing lr","81370","HCPCS","","","","","","","facility","outpatient","","","","","","Bcbs","Highmark Medicare Managed Care Plan","382.01","","","","","","","fee schedule","261.38","1206.36","APC"
"Hla i typing 1 antigen lr","81374","HCPCS","","","","","","","facility","outpatient","","","","","","Amerihealth","Medicare Managed Care Plan","80.28","","","","","","","fee schedule","48.31","222.99","APC"
"Hla i typing 1 locus lr","81373","HCPCS","","","","","","","facility","outpatient","","","","","","Aetna","Medicare Managed Care Plan","131.25","","","","","","","fee schedule","82.83","382.29","APC"
"Hla ii typing 1 loc hr","81382","HCPCS","","","","","","","facility","outpatient","","","","","","First Health","Delaware Medicaid Managed Care Plan","136.05","","","","","","","fee schedule","80.39","371.04","Laboratory"
"Hla ii typing 1 loc hr","81382","HCPCS","","","","","","","facility","outpatient","","","","","","Unitedhealthcare","All Commercial Plans","123.68","","","","","","","fee schedule","80.39","371.04",""
"Hla ii typing 1 locus lr","81376","HCPCS","","","","","","","facility","outpatient","","","","","","Aetna","All Commercial Plans","171.11","","","","","","","fee schedule","79.44","366.66","Radiology"
"Hla ii typing 1 locus lr","81376","HCPCS","","","","","","","facility","outpatient","","","","","","Ambetter","All Commercial Plans","158.89","","","","","","","fee schedule","79.44","366.66","Laboratory"
"Hla typing a b or c","86813","HCPCS","","","","","","","facility","outpatient","","","","","","Jefferson Health Plan","Health Partners Medicaid Managed Care/Aca Plan","174","","","","","","","fee schedule","37.7","174","APC"
"Hla typing a b or c","86813","HCPCS","","","","","","","facility","outpatient","","","","","","Unitedhealthcare","All Commercial Plans","58","","","","","","","fee schedule","37.7","174",""
"Hpa-1 genotyping","81105","HCPCS","","","","","","","facility","outpatient","","","","","","Amerihealth","Medicare Managed Care Plan","132","","","","","","","fee schedule","79.44","366.66","APC"
"Hpa-3 genotyping","81107","HCPCS","","","","","","","facility","outpatient","","","","","","Bcbs","Highmark Medicare Managed Care Plan","116.11","","","","","","","fee schedule","79.44","366.66","APC"
"Hpv e6/e7 mrk hi-rsk typ crv","0502U","HCPCS","","","","","","","facility","outpatient","","","","","","Bcbs","Highmark Health Options Medicare Managed Care Plan","35.97","","","","","","","fee schedule","33.34","105.27","APC"
"Hpv e6/e7 mrk hi-rsk typ crv","0502U","HCPCS","","","","","","","facility","outpatient","","","","","","Jefferson Health Plan","Health Partners Medicaid Managed Care/Aca Plan","105.27","","","","","","","fee schedule","33.34","105.27","APC"
"Hpv sep hi-rsk typ&pool rslt","87626","HCPCS","","","","","","","facility","outpatient","","","","","","Bcbs","Highmark Health Options Medicare Managed Care Plan","71.96","","","","","","","fee schedule","66.69","210.6","APC"
"Hpv types 16 & 18 only","87625","HCPCS","","","","","","","facility","outpatient","","","","","","Bcbs","Highmark Health Options Medicare Managed Care Plan","41.56","","","","","","","fee schedule","26.36","121.65","APC"
"Hpylori detcj abx rstnc dna","0008U","HCPCS","","","","","","","facility","outpatient","","","","","","Aetna","All Commercial Plans","663.68","","","","","","","fee schedule","388.64","1793.73","Laboratory"
"Hpylori detcj abx rstnc dna","0008U","HCPCS","","","","","","","facility","outpatient","","","","","","Jefferson Health Plan","Health Partners Medicare Managed Care Plan","627.81","","","","","","","fee schedule","388.64","1793.73","APC"
"Hrdtry brst ca-rlatd dsordrs","81432","HCPCS","","","","","","","facility","outpatient","","","","","","Jefferson Health Plan","Health Partners Medicaid Managed Care/Aca Plan","3911.85","","","","","","","fee schedule","441.38","3911.85","APC"
"Hrdtry brst ca-rlatd dsordrs","81433","HCPCS","","","","","","","facility","outpatient","","","","","","Cigna","All Commercial Plans","285.3","","","","","","","fee schedule","285.3","285.3",""
"Hrdtry perph neurphy panel","81448","HCPCS","","","","","","","facility","outpatient","","","","","","Aetna","All Commercial Plans","649.24","","","","","","","fee schedule","380.19","1754.7","Laboratory"
"Hrdtry perph neurphy panel","81448","HCPCS","","","","","","","facility","outpatient","","","","","","Bcbs","Highmark All Commercial Plans","863.02","","","","","","","fee schedule","380.19","1754.7","Radiology"
"Hsv 1&2 vzv amp prb tq pthgn","0527U","HCPCS","","","","","","","facility","outpatient","","","","","","Jefferson Health Plan","Health Partners Medicaid Managed Care/Aca Plan","427.89","","","","","","","fee schedule","135.5","427.89","APC"
"Hsv dna amp probe","87529","HCPCS","","","","","","","facility","outpatient","","","","","","Amerihealth","Caritas Next Other Commercial Plan","56.14","","","","","","","fee schedule","22.81","105.27","Radiology"
"Hsv dna quant","87530","HCPCS","","","","","","","facility","outpatient","","","","","","Cigna","All Commercial Plans","27.85","","","","","","","fee schedule","27.85","128.52",""
"Htlv-ii antibody","86688","HCPCS","","","","","","","facility","outpatient","","","","","","Unitedhealthcare","All Commercial Plans","14","","","","","","","fee schedule","9.1","42",""
"Hydrate iv infusion add-on","96361","HCPCS","","","","","","","facility","outpatient","","","","","","Aetna","All Commercial Plans","70.84","","","","","","","fee schedule","48.07","151.8","Radiology"
"Hydrotherapy","97036","HCPCS","","","","","","","facility","outpatient","","","","","","Aetna","All Commercial Plans","48.23","","","","","","","fee schedule","32.73","103.35","Radiology"
"Hydrotherapy","97036","HCPCS","","","","","","","facility","outpatient","","","","","","Jefferson Health Plan","Health Partners Medicare Managed Care Plan","36.17","","","","","","","fee schedule","32.73","103.35","APC"
"Hyoid myotomy & suspension","21685","HCPCS","","","","","","","facility","outpatient","","","","","","Bcbs","Highmark Wholecare Medicare Managed Care Plan","7036.86","","","","","","","fee schedule","6077.29","19191.43","APC"
"Hypertension Without Mcc","305","MS-DRG","","","","","","","facility","inpatient","","","","","","Aetna - Nj","Better Health Medicaid Managed Care Plan","","","[Inpatient Services: Payer leverages state specific Medicaid payment methodology. Available, referenceable algorithm logic found here: https://www.nj.gov/health/hcf/]","","","","0","other","","","No services performed during 15-month lookback period."
"Hypertension Without Mcc","305","MS-DRG","","","","","","","facility","inpatient","","","","","","Ambetter","All Commercial Plans","","91","","","","","0","percent of total billed charges","","","No services performed during 15-month lookback period."
"Hypertension Without Mcc","305","MS-DRG","","","","","","","facility","inpatient","","","","","","Bcbs","Highmark Health Options Medicare Managed Care Plan","","","[MSDRG Base Rate: FEE SCHEDULE]","5663.65","5663.65","5663.65","1 through 10","other","","","Contracting method is an algorithm described in the 'standard_charges|algorithm' field. The allowed amount provided accounts for the structural rates, conditions, and utilization elements inherent in the payer’s algorithm."
"Hypertension Without Mcc","305","MS-DRG","","","","","","","facility","inpatient","","","","","","Healthspring","Medicare Managed Care Plan","7171.5","","","","","","","fee schedule","6812.92","17744.85","MSDRG Base Rate"
"Hypertensive Encephalopathy With Mcc","077","MS-DRG","","","","","","","facility","inpatient","","","","","","Healthspring","Medicare Managed Care Plan","","","[MSDRG Base Rate: FEE SCHEDULE]","","","","0","other","","","No services performed during 15-month lookback period."
"Hypertensive Encephalopathy Without Cc/Mcc","079","MS-DRG","","","","","","","facility","inpatient","","","","","","Cigna","All Commercial Plans","","","[SNF-(% BC): 60] [All Other IP (%BC): 88.46]","","","","0","other","","","No services performed during 15-month lookback period."
"Hyperthermia treatment","77600","HCPCS","","","","","","","facility","outpatient","","","","","","Jefferson Health Plan","Health Partners Medicaid Managed Care/Aca Plan","1250.38","","","","","","","fee schedule","395.95","1250.38","APC"
"Hyperthermia treatment","77605","HCPCS","","","","","","","facility","outpatient","","","","","","Aetna","Medicare Managed Care Plan","775.21","","","","","","","fee schedule","715","2257.89","APC"
"Hypoxia response curve","94450","HCPCS","","","","","","","facility","outpatient","","","","","","Amerihealth","Medicare Managed Care Plan","150.17","","","","","","","fee schedule","132.1","417.14","APC"
"Hyprphenylalninmia mntr quan","0382U","HCPCS","","","","","","","facility","outpatient","","","","","","Jefferson Health Plan","Health Partners Medicaid Managed Care/Aca Plan","154.92","","","","","","","fee schedule","49.06","154.92","APC"
"Hysteroscopy dx sep proc","58555","HCPCS","","","","","","","facility","outpatient","","","","","","Jefferson Health Plan","Health Partners Medicare Managed Care Plan","3673.04","","","","","","","fee schedule","3323.23","10494.4","APC"
"Hysteroscopy resect septum","58560","HCPCS","","","","","","","facility","outpatient","","","","","","Ambetter","All Commercial Plans","8108.69","","","","","","","fee schedule","5135.51","16217.39","Radiology"
"I & d vaginal hematoma pp","57022","HCPCS","","","","","","","facility","outpatient","","","","","","Aetna","Medicare Managed Care Plan","3233.09","","","","","","","fee schedule","2981.98","9416.76","APC"
"I & d vaginal hematoma pp","57022","HCPCS","","","","","","","facility","outpatient","","","","","","Bcbs","Highmark Wholecare Medicare Managed Care Plan","3452.81","","","","","","","fee schedule","2981.98","9416.76","APC"
"I&cust prep jaw xpnsj 1arch","0964T","HCPCS","","","","","","","facility","outpatient","","","","","","Bcbs","Highmark All Commercial Plans","5286.4","","","","","","","fee schedule","3403.64","10748.35","Radiology"
"I&d p-spine c/t/cerv-thor","22010","HCPCS","","","","","","","facility","outpatient","","","","","","Bcbs","Highmark All Commercial Plans","11569.81","","","","","","","fee schedule","7449.22","23523.84","Radiology"
"I&d p-spine c/t/cerv-thor","22010","HCPCS","","","","","","","facility","outpatient","","","","","","Bcbs","Highmark Medicare Managed Care Plan","7449.22","","","","","","","fee schedule","7449.22","23523.84","APC"
"I131 IODINE,TX SOLUTION,1MCI","Ccic424411","CDM","344","RC","A9530","HCPCS","06517488025","NDC","facility","both","1","EA","","60.8","60.8","","","","","","","","","","","","","Gross Charge Type: Main Acute Price List | NDC EA = 1.0000 UN"
"I131 IODINE,TX SOLUTION,1MCI","Chrs424411","CDM","344","RC","A9530","HCPCS","06517488025","NDC","facility","both","1","EA","","60.8","60.8","","","","","","","","","","","","","Gross Charge Type: Main Acute Price List | NDC EA = 1.0000 UN"
"IDENTIFIER, BIOPSY SITE 14 G COR MARK","Ccsb4733126","CDM","270","RC","","","","","facility","both","","","","488.53","488.53","","","","","","","","","","","","","Gross Charge Type: Main Acute Price List"
"IDENTIFIER, BIOPSY SITE 14 G COR MARK","FcinCT33126","CDM","270","RC","","","","","facility","both","","","","488.53","488.53","","","","","","","","","","","","","Gross Charge Type: Main Acute Price List"
"IDENTIFIER, BIOPSY SITE 15G COR MARK","Ccim4165055","CDM","272","RC","","","","","facility","both","","","","459.36","459.36","","","","","","","","","","","","","Gross Charge Type: Main Acute Price List"
"IDENTIFIER,BIOP SITE 9G 20 MAMMO MARK MRI","CcimUS63959","CDM","272","RC","","","","","facility","both","","","","488.53","488.53","","","","","","","","","","","","","Gross Charge Type: Main Acute Price List"
"IDENTIFIER,BIOP SITE 9G 20 MAMMO MARK MRI","FcinCT63959","CDM","272","RC","","","","","facility","both","","","","488.53","488.53","","","","","","","","","","","","","Gross Charge Type: Main Acute Price List"
"IDENTIFIER,BIOP SITE 9G 20 MAMMO MARK MRI","ScpuChSup63959","CDM","272","RC","","","","","facility","both","","","","488.53","488.53","","","","","","","","","","","","","Gross Charge Type: Main Acute Price List"
"IDENTIFIER,BIOP SITE 9G 20 MAMMO MARK MRI","ScpuWmSup63959","CDM","272","RC","","","","","facility","both","","","","488.53","488.53","","","","","","","","","","","","","Gross Charge Type: Main Acute Price List"
"IDENTIFIER,BIOPSY SITE 9G 20MM MAMMO MARK","CCBC3063958","CDM","272","RC","","","","","facility","both","","","","488.53","488.53","","","","","","","","","","","","","Gross Charge Type: Main Acute Price List"
"IDENTIFIER,BIOPSY SITE 9G 20MM MAMMO MARK","Ccsb3863958","CDM","272","RC","","","","","facility","both","","","","488.53","488.53","","","","","","","","","","","","","Gross Charge Type: Main Acute Price List"
"IDENTIFIER,BIOPSY SITE 9G 20MM MAMMO MARK","ScorChSup63958","CDM","272","RC","","","","","facility","both","","","","488.53","488.53","","","","","","","","","","","","","Gross Charge Type: Main Acute Price List"
"IDENTIFIER,BIOPSY SITE 9G 20MM MAMMO MARK","ScpuChSup63958","CDM","272","RC","","","","","facility","both","","","","488.53","488.53","","","","","","","","","","","","","Gross Charge Type: Main Acute Price List"
"IG5CS/C - IGLON5 CBA","ChemCh2317","CDM","302","RC","86255","HCPCS","","","facility","both","","","","666.18","666.18","","","","","","","","","","","","","Gross Charge Type: Main Acute Price List"
"IGVH - CLL IGVH","CygnCh2124","CDM","310","RC","81263","HCPCS","","","facility","both","","","","626.74","626.74","","","","","","","","","","","","","Gross Charge Type: Main Acute Price List"
"IMM ADMN SARSCOV2 VACCINE SINGLE DOSE","90480","CDM","771","RC","90480","HCPCS","","","facility","both","","","","76.74","76.74","","","","","","","","","","","","","Gross Charge Type: Main Acute Price List"
"IMMUNOFIXATION ELECTROPHORESIS, SERUM","PathPfCh1713","CDM","971","RC","86334","HCPCS","","","facility","both","","","26","93.12","93.12","","","","","","","","","","","","","Gross Charge Type: Main Acute Price List | The modified price is presented in the standard charge value. | Modifier 26: Professional Component"
"IMPEDE EMBOLIZATION PLUG W/ANCHOR COIL 7MM","EplbChSup10196314","CDM","278","RC","C1884","HCPCS","","","facility","both","","","","7300","7300","","","","","","","","","","","","","Gross Charge Type: Main Acute Price List"
"IMPLANT BREAST INSPIRA RESPONSIVE MODERATE PROFILE 295CC","OperChSup10180516","CDM","278","RC","C1789","HCPCS","","","facility","both","","","","922.6","922.6","","","","","","","","","","","","","Gross Charge Type: Main Acute Price List"
"IMPLANT DYNAFORCE HIMAX 18X18X18MM","EplbChSup118764","CDM","278","RC","C1713","HCPCS","","","facility","both","","","","8046.41","8046.41","","","","","","","","","","","","","Gross Charge Type: Main Acute Price List"
"IMPLANT DYNAFORCE HIMAX 18X18X18MM","OperWmSup118764","CDM","278","RC","C1713","HCPCS","","","facility","both","","","","8046.41","8046.41","","","","","","","","","","","","","Gross Charge Type: Main Acute Price List"
"IMPLANT DYNAFORCE HIMAX C 18X18X18MM","GastChSup118765","CDM","278","RC","C1713","HCPCS","","","facility","both","","","","8046.41","8046.41","","","","","","","","","","","","","Gross Charge Type: Main Acute Price List"
"IMPLANT DYNAFORCE HIMAX C 18X18X18MM","PacuChSup118765","CDM","278","RC","C1713","HCPCS","","","facility","both","","","","8046.41","8046.41","","","","","","","","","","","","","Gross Charge Type: Main Acute Price List"
"IMPLANT FIBERSTITCH 1.5 24"" CURVED W/ 2 IMPLANTS AND 2-0 FIBERWIRE","ScorWmSup10193842","CDM","278","RC","C1713","HCPCS","","","facility","both","","","","3480.93","3480.93","","","","","","","","","","","","","Gross Charge Type: Main Acute Price List"
"IMPLANT PRODISC C SK EXTRA LARGE 7MM","OperChSup10180845","CDM","278","RC","C1889","HCPCS","","","facility","both","","","","26531.79","26531.79","","","","","","","","","","","","","Gross Charge Type: Main Acute Price List"
"IMPLANT PRODISC C VIVO EXTRA LARGE 7MM","ScorWmSup10180826","CDM","278","RC","C1889","HCPCS","","","facility","both","","","","26531.79","26531.79","","","","","","","","","","","","","Gross Charge Type: Main Acute Price List"
"IMPLANT PRODISC C VIVO EXTRA LARGE-DEEP 6MM","OperWmSup10180828","CDM","278","RC","C1889","HCPCS","","","facility","both","","","","26531.79","26531.79","","","","","","","","","","","","","Gross Charge Type: Main Acute Price List"
"IMPLANT PRODISC C VIVO EXTRA LARGE-DEEP 7MM","OperWmSup10180829","CDM","278","RC","C1889","HCPCS","","","facility","both","","","","26531.79","26531.79","","","","","","","","","","","","","Gross Charge Type: Main Acute Price List"
"IMPLANT,  DYNA FORCE HIMAX 18X18X14MM","GastChSup118944","CDM","278","RC","C1713","HCPCS","","","facility","both","","","","6996.68","6996.68","","","","","","","","","","","","","Gross Charge Type: Main Acute Price List"
"IMPLANT, 2.9X12.5MM CITREFIX","ScanChSup118903","CDM","278","RC","C1713","HCPCS","","","facility","both","","","","3764.77","3764.77","","","","","","","","","","","","","Gross Charge Type: Main Acute Price List"
"IMPLANT, 3D ORBITAL FLOOR RT-LG 36X37X17MMX1.2MM","OperChSup70942","CDM","278","RC","C1781","HCPCS","","","facility","both","","","","14221.79","14221.79","","","","","","","","","","","","","Gross Charge Type: Main Acute Price List"
"IMPLANT, ABUTMENT 9MM BA300","OperChSup120824","CDM","278","RC","L8693","HCPCS","","","facility","both","","","","10409.91","10409.91","","","","","","","","","","","","","Gross Charge Type: Main Acute Price List"
"IMPLANT, ACIS PRO TI LOR/L 7MM H","OperWmSup10180716","CDM","278","RC","C1889","HCPCS","","","facility","both","","","","3967.81","3967.81","","","","","","","","","","","","","Gross Charge Type: Main Acute Price List"
"IMPLANT, ALIF 3DP INTERFIXATED 10X34X24MM 10 DEG","AngiChSup107938","CDM","278","RC","C1889","HCPCS","","","facility","both","","","","35110.52","35110.52","","","","","","","","","","","","","Gross Charge Type: Main Acute Price List"
"IMPLANT, ALIF 3DP INTERFIXATED 10X34X24MM 10 DEG","CcthChSup107938","CDM","278","RC","C1889","HCPCS","","","facility","both","","","","35110.52","35110.52","","","","","","","","","","","","","Gross Charge Type: Main Acute Price List"
"IMPLANT, ALIF 3DP INTERFIXATED 10X34X24MM 10 DEG","OperChSup107938","CDM","278","RC","C1889","HCPCS","","","facility","both","","","","35110.52","35110.52","","","","","","","","","","","","","Gross Charge Type: Main Acute Price List"
"IMPLANT, ALIF 3DP INTERFIXATED 10X38X28MM 10 DEG","GastChSup108561","CDM","278","RC","C1889","HCPCS","","","facility","both","","","","33014.12","33014.12","","","","","","","","","","","","","Gross Charge Type: Main Acute Price List"
"IMPLANT, ALIF 3DP INTERFIXATED 10X38X28MM 15 DEG","EplbChSup110637","CDM","278","RC","C1776","HCPCS","","","facility","both","","","","35110.52","35110.52","","","","","","","","","","","","","Gross Charge Type: Main Acute Price List"
"IMPLANT, ALIF 3DP INTERFIXATED 6X34X24MM 10 DEG","AnesChSup107821","CDM","278","RC","C1889","HCPCS","","","facility","both","","","","35110.52","35110.52","","","","","","","","","","","","","Gross Charge Type: Main Acute Price List"
"IMPLANT, ALIF 3DP INTERFIXATED 6X34X24MM 15 DEG","GastChSup107315","CDM","278","RC","C1776","HCPCS","","","facility","both","","","","33014.12","33014.12","","","","","","","","","","","","","Gross Charge Type: Main Acute Price List"
"IMPLANT, ALIF 3DP INTERFIXATED 6X34X24MM 15 DEG","OperChSup107315","CDM","278","RC","C1776","HCPCS","","","facility","both","","","","33014.12","33014.12","","","","","","","","","","","","","Gross Charge Type: Main Acute Price List"
"IMPLANT, ALIF 3DP INTERFIXATED 6X38X28MM 10 DEG","OperChSup106839","CDM","278","RC","C1889","HCPCS","","","facility","both","","","","33014.12","33014.12","","","","","","","","","","","","","Gross Charge Type: Main Acute Price List"
"IMPLANT, ALIF 3DP INTERFIXATED 6X38X28MM 20 DEG","CcthChSup106852","CDM","278","RC","","","","","facility","both","","","","33014.12","33014.12","","","","","","","","","","","","","Gross Charge Type: Main Acute Price List"
"IMPLANT, ALIF 3DP INTERFIXATED 8X34X24MM 10 DEG","ScanChSup107481","CDM","278","RC","C1889","HCPCS","","","facility","both","","","","35110.52","35110.52","","","","","","","","","","","","","Gross Charge Type: Main Acute Price List"
"IMPLANT, ALIF 3DP INTERFIXATED 8X38X28MM 20 DEG","ScorWmSup106797","CDM","278","RC","","","","","facility","both","","","","33014.12","33014.12","","","","","","","","","","","","","Gross Charge Type: Main Acute Price List"
"IMPLANT, ALIF 3DP INTERFIXATED 8X38X28MM 20 DEG","ScpuWmSup106797","CDM","278","RC","","","","","facility","both","","","","33014.12","33014.12","","","","","","","","","","","","","Gross Charge Type: Main Acute Price List"
"IMPLANT, ARTIC-L 9MM","OperWmSup113438","CDM","278","RC","C1821","HCPCS","","","facility","both","","","","15059.07","15059.07","","","","","","","","","","","","","Gross Charge Type: Main Acute Price List"
"IMPLANT, BAHA B1300 3MM","ScpuChSup71112","CDM","278","RC","C1889","HCPCS","","","facility","both","","","","8737.83","8737.83","","","","","","","","","","","","","Gross Charge Type: Main Acute Price List"
"IMPLANT, BAHA B1300 4MM","Wilm5459139","CDM","278","RC","C1889","HCPCS","","","facility","both","","","","8737.83","8737.83","","","","","","","","","","","","","Gross Charge Type: Main Acute Price List"
"IMPLANT, BAHA4 4MM W/12MM ABUTMENT","GastChSup59109","CDM","278","RC","L8693","HCPCS","","","facility","both","","","","18015.01","18015.01","","","","","","","","","","","","","Gross Charge Type: Main Acute Price List"
"IMPLANT, BAHA4 4MM W/8MM ABUTMENT","OperChSup59107","CDM","278","RC","L8693","HCPCS","","","facility","both","","","","18015.01","18015.01","","","","","","","","","","","","","Gross Charge Type: Main Acute Price List"
"IMPLANT, BEDROCK IFUSE GRANITE 10.5X80MM","OperWmSup121568","CDM","278","RC","C1713","HCPCS","","","facility","both","","","","21564.2","21564.2","","","","","","","","","","","","","Gross Charge Type: Main Acute Price List"
"IMPLANT, BENDBLOCK 76MMX61MMX19MM","ScpuChSup113891","CDM","278","RC","","","","","facility","both","","","","6959.2","6959.2","","","","","","","","","","","","","Gross Charge Type: Main Acute Price List"
"IMPLANT, BIOLOX OPTION HEAD XL 28/+7 TAPER 12/14","AngiWmSup118587","CDM","278","RC","C1776","HCPCS","","","facility","both","","","","13247.5","13247.5","","","","","","","","","","","","","Gross Charge Type: Main Acute Price List"
"IMPLANT, BREAST GEL 425CC","GastWmSup25521","CDM","278","RC","C1789","HCPCS","","","facility","both","","","","812.35","812.35","","","","","","","","","","","","","Gross Charge Type: Main Acute Price List"
"IMPLANT, BREAST GEL LUXE HSC+ SMOOTH RND HIGH 415CC","ScpuChSup113472","CDM","278","RC","C1789","HCPCS","","","facility","both","","","","1044.45","1044.45","","","","","","","","","","","","","Gross Charge Type: Main Acute Price List"
"IMPLANT, BREAST GEL LUXE HSC+ SMOOTH RND HIGH 440CC","DelrChSup113473","CDM","278","RC","C1789","HCPCS","","","facility","both","","","","1044.45","1044.45","","","","","","","","","","","","","Gross Charge Type: Main Acute Price List"
"IMPLANT, BREAST GEL SMOOTH RND 650CC","GastChSup49355","CDM","278","RC","C1789","HCPCS","","","facility","both","","","","812.35","812.35","","","","","","","","","","","","","Gross Charge Type: Main Acute Price List"
"IMPLANT, BREAST GEL SMOOTH RND 650CC","OperWmSup49355","CDM","278","RC","C1789","HCPCS","","","facility","both","","","","812.35","812.35","","","","","","","","","","","","","Gross Charge Type: Main Acute Price List"
"IMPLANT, BREAST GEL SMOOTH RND 750CC","CspuChSup49357","CDM","278","RC","C1789","HCPCS","","","facility","both","","","","812.35","812.35","","","","","","","","","","","","","Gross Charge Type: Main Acute Price List"
"IMPLANT, BREAST GEL SMOOTH RND 800CC","PacuChSup49358","CDM","278","RC","C1789","HCPCS","","","facility","both","","","","812.35","812.35","","","","","","","","","","","","","Gross Charge Type: Main Acute Price List"
"IMPLANT, BREAST INSPIRA EXTRA FULL 750CC","ScpuWmSup65316","CDM","278","RC","C1789","HCPCS","","","facility","both","","","","981.18","981.18","","","","","","","","","","","","","Gross Charge Type: Main Acute Price List"
"IMPLANT, BREAST INSPIRA EXTRA FULL 800CC","EplbChSup65317","CDM","278","RC","C1789","HCPCS","","","facility","both","","","","922.6","922.6","","","","","","","","","","","","","Gross Charge Type: Main Acute Price List"
"IMPLANT, BREAST INSPIRA EXTRA FULL 800CC","PacuChSup65317","CDM","278","RC","C1789","HCPCS","","","facility","both","","","","922.6","922.6","","","","","","","","","","","","","Gross Charge Type: Main Acute Price List"
"IMPLANT, BREAST INSPIRA EXTRA FULL 800CC","ScpuWmSup65317","CDM","278","RC","C1789","HCPCS","","","facility","both","","","","922.6","922.6","","","","","","","","","","","","","Gross Charge Type: Main Acute Price List"
"IMPLANT, BREAST INSPIRA LOW PROFILE SM ROUND 340CC","ScorChSup111265","CDM","278","RC","C1789","HCPCS","","","facility","both","","","","1270.75","1270.75","","","","","","","","","","","","","Gross Charge Type: Main Acute Price List"
"IMPLANT, BREAST INSPIRA RESPONSIVE LOW PLUS PROFILE 145CC","ScorChSup120686","CDM","278","RC","C1789","HCPCS","","","facility","both","","","","922.6","922.6","","","","","","","","","","","","","Gross Charge Type: Main Acute Price List"
"IMPLANT, BREAST INSPIRA RESPONSIVE LOW PLUS PROFILE 440CC","OperChSup120699","CDM","278","RC","C1789","HCPCS","","","facility","both","","","","922.6","922.6","","","","","","","","","","","","","Gross Charge Type: Main Acute Price List"
"IMPLANT, BREAST INSPIRA RESPONSIVE LOW PROFILE 170CC","OperChSup120706","CDM","278","RC","C1789","HCPCS","","","facility","both","","","","922.6","922.6","","","","","","","","","","","","","Gross Charge Type: Main Acute Price List"
"IMPLANT, BREAST INSPIRA RESPONSIVE LOW-PLUS PROFILE 640CC","GyscChSup113162","CDM","278","RC","C1789","HCPCS","","","facility","both","","","","1270.75","1270.75","","","","","","","","","","","","","Gross Charge Type: Main Acute Price List"
"IMPLANT, BREAST INSPIRA RESPONSIVE MODERATE PROFILE 640CC","PacuChSup113159","CDM","278","RC","C1789","HCPCS","","","facility","both","","","","1270.75","1270.75","","","","","","","","","","","","","Gross Charge Type: Main Acute Price List"
"IMPLANT, BREAST INSPIRA RESPONSIVE MODERATE PROFILE 640CC","ScorWmSup113159","CDM","278","RC","C1789","HCPCS","","","facility","both","","","","1270.75","1270.75","","","","","","","","","","","","","Gross Charge Type: Main Acute Price List"
"IMPLANT, BREAST INSPIRA RESPONSIVE MODERATE PROFILE 685CC","GastWmSup113160","CDM","278","RC","C1789","HCPCS","","","facility","both","","","","1270.75","1270.75","","","","","","","","","","","","","Gross Charge Type: Main Acute Price List"
"IMPLANT, BREAST INSPIRA SM RND COHESIVE 420CC","GyscChSup108411","CDM","278","RC","C1789","HCPCS","","","facility","both","","","","1270.75","1270.75","","","","","","","","","","","","","Gross Charge Type: Main Acute Price List"
"IMPLANT, BREAST INSPIRA SM RND COHESIVE 440CC","AngiChSup111113","CDM","278","RC","C1789","HCPCS","","","facility","both","","","","1351.44","1351.44","","","","","","","","","","","","","Gross Charge Type: Main Acute Price List"
"IMPLANT, BREAST INSPIRA SM RND COHESIVE 440CC","ScpuChSup111113","CDM","278","RC","C1789","HCPCS","","","facility","both","","","","1351.44","1351.44","","","","","","","","","","","","","Gross Charge Type: Main Acute Price List"
"IMPLANT, BREAST INSPIRA SM RND COHESIVE 495CC","GastChSup109056","CDM","278","RC","C1789","HCPCS","","","facility","both","","","","1351.44","1351.44","","","","","","","","","","","","","Gross Charge Type: Main Acute Price List"
"IMPLANT, BREAST INSPIRA SM RND COHESIVE 700CC","OperWmSup108924","CDM","278","RC","C1789","HCPCS","","","facility","both","","","","1351.44","1351.44","","","","","","","","","","","","","Gross Charge Type: Main Acute Price List"
"IMPLANT, BREAST INSPIRA SM RND COHESIVE 700CC","ScorChSup108924","CDM","278","RC","C1789","HCPCS","","","facility","both","","","","1351.44","1351.44","","","","","","","","","","","","","Gross Charge Type: Main Acute Price List"
"IMPLANT, BREAST INSPIRA SM RND COHESIVE 800CC","DelrChSup108926","CDM","278","RC","C1789","HCPCS","","","facility","both","","","","1351.44","1351.44","","","","","","","","","","","","","Gross Charge Type: Main Acute Price List"
"IMPLANT, BREAST INSPIRA SM RND COHESIVE EXTRA FULL 525CC","GastChSup113061","CDM","278","RC","C1789","HCPCS","","","facility","both","","","","1351.44","1351.44","","","","","","","","","","","","","Gross Charge Type: Main Acute Price List"
"IMPLANT, BREAST INSPIRA SM RND COHESIVE EXTRA-FULL 200CC","AngiChSup119323","CDM","278","RC","C1789","HCPCS","","","facility","both","","","","1270.75","1270.75","","","","","","","","","","","","","Gross Charge Type: Main Acute Price List"
"IMPLANT, BREAST INSPIRA SM RND COHESIVE EXTRA-FULL 255CC","OperChSup119325","CDM","278","RC","C1789","HCPCS","","","facility","both","","","","1270.75","1270.75","","","","","","","","","","","","","Gross Charge Type: Main Acute Price List"
"IMPLANT, BREAST INSPIRA SM RND COHESIVE EXTRA-FULL 310CC","GyscChSup114585","CDM","278","RC","C1789","HCPCS","","","facility","both","","","","1270.75","1270.75","","","","","","","","","","","","","Gross Charge Type: Main Acute Price List"
"IMPLANT, BREAST INSPIRA SM RND HIGHLY COHESIVE MOD PROFILE 175CC","ScanWmSup108032","CDM","278","RC","C1789","HCPCS","","","facility","both","","","","1351.44","1351.44","","","","","","","","","","","","","Gross Charge Type: Main Acute Price List"
"IMPLANT, BREAST INSPIRA SM RND HIGHLY COHESIVE MOD PROFILE 255CC","EplbChSup108036","CDM","278","RC","C1789","HCPCS","","","facility","both","","","","1270.75","1270.75","","","","","","","","","","","","","Gross Charge Type: Main Acute Price List"
"IMPLANT, BREAST INSPIRA SM RND HIGHLY COHESIVE MOD PROFILE 255CC","GyscChSup108036","CDM","278","RC","C1789","HCPCS","","","facility","both","","","","1270.75","1270.75","","","","","","","","","","","","","Gross Charge Type: Main Acute Price List"
"IMPLANT, BREAST INSPIRA SM RND HIGHLY COHESIVE MOD PROFILE 330CC","OperWmSup108040","CDM","278","RC","C1789","HCPCS","","","facility","both","","","","1351.44","1351.44","","","","","","","","","","","","","Gross Charge Type: Main Acute Price List"
"IMPLANT, BREAST INSPIRA SM RND HIGHLY COHESIVE MOD PROFILE 520CC","ScorChSup108047","CDM","278","RC","C1789","HCPCS","","","facility","both","","","","1351.44","1351.44","","","","","","","","","","","","","Gross Charge Type: Main Acute Price List"
"IMPLANT, BREAST INSPIRA SM RND HIGHLY COHESIVE MOD PROFILE 640CC","EplbChSup108050","CDM","278","RC","C1789","HCPCS","","","facility","both","","","","1351.44","1351.44","","","","","","","","","","","","","Gross Charge Type: Main Acute Price List"
"IMPLANT, BREAST INSPIRA SM RND HIGHLY COHESIVE MOD PROFILE 640CC","PacuWmSup108050","CDM","278","RC","C1789","HCPCS","","","facility","both","","","","1351.44","1351.44","","","","","","","","","","","","","Gross Charge Type: Main Acute Price List"
"IMPLANT, BREAST INSPIRA SM RND HIGHLY COHESIVE MOD PROFILE 640CC","ScpuChSup108050","CDM","278","RC","C1789","HCPCS","","","facility","both","","","","1351.44","1351.44","","","","","","","","","","","","","Gross Charge Type: Main Acute Price List"
"IMPLANT, BREAST INSPIRA SM RND RESPONSIVE FULL PROFILE 265CC","ScorWmSup10180533","CDM","278","RC","C1789","HCPCS","","","facility","both","","","","922.6","922.6","","","","","","","","","","","","","Gross Charge Type: Main Acute Price List"
"IMPLANT, BREAST INSPIRA SM RND RESPONSIVE FULL PROFILE 335","CcthChSup114643","CDM","278","RC","C1789","HCPCS","","","facility","both","","","","922.6","922.6","","","","","","","","","","","","","Gross Charge Type: Main Acute Price List"
"IMPLANT, BREAST INSPIRA SM RND RESPONSIVE FULL PROFILE 385CC","DelrChSup112439","CDM","278","RC","C1789","HCPCS","","","facility","both","","","","1270.75","1270.75","","","","","","","","","","","","","Gross Charge Type: Main Acute Price List"
"IMPLANT, BREAST INSPIRA SM RND RESPONSIVE FULL PROFILE 415CC","PacuChSup112440","CDM","278","RC","C1789","HCPCS","","","facility","both","","","","1351.44","1351.44","","","","","","","","","","","","","Gross Charge Type: Main Acute Price List"
"IMPLANT, BREAST INSPIRA SM RND RESPONSIVE FULL PROFILE 450CC","ScpuWmSup112441","CDM","278","RC","C1789","HCPCS","","","facility","both","","","","1270.75","1270.75","","","","","","","","","","","","","Gross Charge Type: Main Acute Price List"
"IMPLANT, BREAST INSPIRA SM RND RESPONSIVE FULL PROFILE 560CC","CcthChSup112444","CDM","278","RC","C1789","HCPCS","","","facility","both","","","","1351.44","1351.44","","","","","","","","","","","","","Gross Charge Type: Main Acute Price List"
"IMPLANT, BREAST INSPIRA SM RND RESPONSIVE FULL PROFILE 560CC","GastWmSup112444","CDM","278","RC","C1789","HCPCS","","","facility","both","","","","1351.44","1351.44","","","","","","","","","","","","","Gross Charge Type: Main Acute Price List"
"IMPLANT, BREAST INSPIRA SM RND RESPONSIVE FULL PROFILE 560CC","ScpuWmSup112444","CDM","278","RC","C1789","HCPCS","","","facility","both","","","","1351.44","1351.44","","","","","","","","","","","","","Gross Charge Type: Main Acute Price List"
"IMPLANT, BREAST INSPIRA SM RND RESPONSIVE FULL PROFILE 605CC","OperWmSup112445","CDM","278","RC","C1789","HCPCS","","","facility","both","","","","1351.44","1351.44","","","","","","","","","","","","","Gross Charge Type: Main Acute Price List"
"IMPLANT, BREAST INSPIRA SM RND SOFT TOUCH  420CC","AnesChSup109059","CDM","278","RC","C1789","HCPCS","","","facility","both","","","","1351.44","1351.44","","","","","","","","","","","","","Gross Charge Type: Main Acute Price List"
"IMPLANT, BREAST INSPIRA SM RND SOFT TOUCH  420CC","CcthChSup109059","CDM","278","RC","C1789","HCPCS","","","facility","both","","","","1351.44","1351.44","","","","","","","","","","","","","Gross Charge Type: Main Acute Price List"
"IMPLANT, BREAST INSPIRA SM RND SOFT TOUCH  420CC","GastWmSup109059","CDM","278","RC","C1789","HCPCS","","","facility","both","","","","1351.44","1351.44","","","","","","","","","","","","","Gross Charge Type: Main Acute Price List"
"IMPLANT, BREAST INSPIRA SM RND SOFT TOUCH  420CC","ScorChSup109059","CDM","278","RC","C1789","HCPCS","","","facility","both","","","","1351.44","1351.44","","","","","","","","","","","","","Gross Charge Type: Main Acute Price List"
"IMPLANT, BREAST INSPIRA SM RND SOFT TOUCH 470CC","ScanChSup109061","CDM","278","RC","C1789","HCPCS","","","facility","both","","","","1351.44","1351.44","","","","","","","","","","","","","Gross Charge Type: Main Acute Price List"
"IMPLANT, BREAST INSPIRA SM RND SOFT TOUCH 495CC","GastChSup109062","CDM","278","RC","C1789","HCPCS","","","facility","both","","","","1351.44","1351.44","","","","","","","","","","","","","Gross Charge Type: Main Acute Price List"
"IMPLANT, BREAST INSPIRA SM RND SOFT TOUCH 615CC","PacuChSup80355","CDM","278","RC","C1789","HCPCS","","","facility","both","","","","1351.44","1351.44","","","","","","","","","","","","","Gross Charge Type: Main Acute Price List"
"IMPLANT, BREAST INSPIRA SM RND SOFT TOUCH 650CC","PacuChSup108927","CDM","278","RC","C1789","HCPCS","","","facility","both","","","","1351.44","1351.44","","","","","","","","","","","","","Gross Charge Type: Main Acute Price List"
"IMPLANT, BREAST INSPIRA SM RND SOFT TOUCH 700CC","CspuChSup108928","CDM","278","RC","C1789","HCPCS","","","facility","both","","","","1351.44","1351.44","","","","","","","","","","","","","Gross Charge Type: Main Acute Price List"
"IMPLANT, BREAST INSPIRA SM RND SOFT TOUCH 750CC","EplbChSup108929","CDM","278","RC","C1789","HCPCS","","","facility","both","","","","1351.44","1351.44","","","","","","","","","","","","","Gross Charge Type: Main Acute Price List"
"IMPLANT, BREAST INSPIRA SM RND SOFT TOUCH 800CC","ScorChSup108930","CDM","278","RC","C1789","HCPCS","","","facility","both","","","","1351.44","1351.44","","","","","","","","","","","","","Gross Charge Type: Main Acute Price List"
"IMPLANT, BREAST INSPIRA SM RND SOFT TOUCH EXTRA FULL 255CC","PacuWmSup112065","CDM","278","RC","C1789","HCPCS","","","facility","both","","","","1351.44","1351.44","","","","","","","","","","","","","Gross Charge Type: Main Acute Price List"
"IMPLANT, BREAST INSPIRA SM RND SOFT TOUCH EXTRA FULL 310CC","OperChSup112067","CDM","278","RC","C1789","HCPCS","","","facility","both","","","","1351.44","1351.44","","","","","","","","","","","","","Gross Charge Type: Main Acute Price List"
"IMPLANT, BREAST INSPIRA SM RND SOFT TOUCH EXTRA FULL 525CC","PacuWmSup112068","CDM","278","RC","C1789","HCPCS","","","facility","both","","","","1351.44","1351.44","","","","","","","","","","","","","Gross Charge Type: Main Acute Price List"
"IMPLANT, BREAST INSPIRA SM RND SOFT TOUCH EXTRA FULL 525CC","ScorWmSup112068","CDM","278","RC","C1789","HCPCS","","","facility","both","","","","1351.44","1351.44","","","","","","","","","","","","","Gross Charge Type: Main Acute Price List"
"IMPLANT, BREAST INSPIRA SM RND SOFT TOUCH FULL PROFILE 180CC","ScorWmSup112061","CDM","278","RC","C1789","HCPCS","","","facility","both","","","","1351.44","1351.44","","","","","","","","","","","","","Gross Charge Type: Main Acute Price List"
"IMPLANT, BREAST INSPIRA SM RND SOFT TOUCH FULL PROFILE 220CC","GastChSup107967","CDM","278","RC","C1789","HCPCS","","","facility","both","","","","1270.75","1270.75","","","","","","","","","","","","","Gross Charge Type: Main Acute Price List"
"IMPLANT, BREAST INSPIRA SM RND SOFT TOUCH FULL PROFILE 220CC","ScorChSup107967","CDM","278","RC","C1789","HCPCS","","","facility","both","","","","1270.75","1270.75","","","","","","","","","","","","","Gross Charge Type: Main Acute Price List"
"IMPLANT, BREAST INSPIRA SM RND SOFT TOUCH FULL PROFILE 240CC","ScpuWmSup107968","CDM","278","RC","C1789","HCPCS","","","facility","both","","","","1351.44","1351.44","","","","","","","","","","","","","Gross Charge Type: Main Acute Price List"
"IMPLANT, BREAST INSPIRA SM RND SOFT TOUCH FULL PROFILE 295CC","PacuChSup112062","CDM","278","RC","C1789","HCPCS","","","facility","both","","","","1351.44","1351.44","","","","","","","","","","","","","Gross Charge Type: Main Acute Price List"
"IMPLANT, BREAST INSPIRA SM RND SOFT TOUCH FULL PROFILE 295CC","ScpuWmSup112062","CDM","278","RC","C1789","HCPCS","","","facility","both","","","","1351.44","1351.44","","","","","","","","","","","","","Gross Charge Type: Main Acute Price List"
"IMPLANT, BREAST INSPIRA SM RND SOFT TOUCH FULL PROFILE 345CC","DelrChSup112032","CDM","278","RC","C1789","HCPCS","","","facility","both","","","","1351.44","1351.44","","","","","","","","","","","","","Gross Charge Type: Main Acute Price List"
"IMPLANT, BREAST INSPIRA SM RND SOFT TOUCH FULL PROFILE 345CC","OperWmSup112032","CDM","278","RC","C1789","HCPCS","","","facility","both","","","","1351.44","1351.44","","","","","","","","","","","","","Gross Charge Type: Main Acute Price List"
"IMPLANT, BREAST INSPIRA SM RND SOFT TOUCH FULL PROFILE 345CC","ScanChSup112032","CDM","278","RC","C1789","HCPCS","","","facility","both","","","","1351.44","1351.44","","","","","","","","","","","","","Gross Charge Type: Main Acute Price List"
"IMPLANT, BREAST INSPIRA SM RND SOFT TOUCH FULL PROFILE 365CC","ScpuChSup112033","CDM","278","RC","C1789","HCPCS","","","facility","both","","","","1351.44","1351.44","","","","","","","","","","","","","Gross Charge Type: Main Acute Price List"
"IMPLANT, BREAST INSPIRA SM RND SOFT TOUCH FULL PROFILE 385CC","CspuChSup107970","CDM","278","RC","C1789","HCPCS","","","facility","both","","","","1351.44","1351.44","","","","","","","","","","","","","Gross Charge Type: Main Acute Price List"
"IMPLANT, BREAST INSPIRA SM RND SOFT TOUCH FULL PROFILE 385CC","PacuWmSup107970","CDM","278","RC","C1789","HCPCS","","","facility","both","","","","1351.44","1351.44","","","","","","","","","","","","","Gross Charge Type: Main Acute Price List"
"IMPLANT, BREAST INSPIRA SM RND SOFT TOUCH FULL PROFILE 485CC","PacuChSup107973","CDM","278","RC","C1789","HCPCS","","","facility","both","","","","1351.44","1351.44","","","","","","","","","","","","","Gross Charge Type: Main Acute Price List"
"IMPLANT, BREAST INSPIRA SM RND SOFT TOUCH FULL PROFILE 485CC","PacuWmSup107973","CDM","278","RC","C1789","HCPCS","","","facility","both","","","","1351.44","1351.44","","","","","","","","","","","","","Gross Charge Type: Main Acute Price List"
"IMPLANT, BREAST INSPIRA SM RND SOFT TOUCH FULL PROFILE 560CC","EplbChSup111910","CDM","278","RC","C1789","HCPCS","","","facility","both","","","","1351.44","1351.44","","","","","","","","","","","","","Gross Charge Type: Main Acute Price List"
"IMPLANT, BREAST INSPIRA SM RND SOFT TOUCH FULL PROFILE 605CC","AngiWmSup109865","CDM","278","RC","C1789","HCPCS","","","facility","both","","","","1351.44","1351.44","","","","","","","","","","","","","Gross Charge Type: Main Acute Price List"
"IMPLANT, BREAST INSPIRA SM RND SOFT TOUCH FULL PROFILE 695CC","ScanWmSup109867","CDM","278","RC","C1789","HCPCS","","","facility","both","","","","1351.44","1351.44","","","","","","","","","","","","","Gross Charge Type: Main Acute Price List"
"IMPLANT, BREAST INSPIRA SM RND SOFT TOUCH FULL PROFILE 745CC","PacuChSup108935","CDM","278","RC","C1789","HCPCS","","","facility","both","","","","1351.44","1351.44","","","","","","","","","","","","","Gross Charge Type: Main Acute Price List"
"IMPLANT, BREAST INSPIRA SM RND SOFT TOUCH FULL PROFILE 745CC","ScanChSup108935","CDM","278","RC","C1789","HCPCS","","","facility","both","","","","1351.44","1351.44","","","","","","","","","","","","","Gross Charge Type: Main Acute Price List"
"IMPLANT, BREAST INSPIRA SM RND SOFT TOUCH FULL PROFILE 770CC","AngiWmSup108936","CDM","278","RC","C1789","HCPCS","","","facility","both","","","","1351.44","1351.44","","","","","","","","","","","","","Gross Charge Type: Main Acute Price List"
"IMPLANT, BREAST INSPIRA SM RND SOFT TOUCH FULL PROFILE 770CC","DelrChSup108936","CDM","278","RC","C1789","HCPCS","","","facility","both","","","","1351.44","1351.44","","","","","","","","","","","","","Gross Charge Type: Main Acute Price List"
"IMPLANT, BREAST INSPIRA SM RND SOFT TOUCH LOW PLUS PROFILE 190CC","ScanChSup107953","CDM","278","RC","C1789","HCPCS","","","facility","both","","","","1351.44","1351.44","","","","","","","","","","","","","Gross Charge Type: Main Acute Price List"
"IMPLANT, BREAST INSPIRA SM RND SOFT TOUCH LOW PLUS PROFILE 190CC","ScanWmSup107953","CDM","278","RC","C1789","HCPCS","","","facility","both","","","","1351.44","1351.44","","","","","","","","","","","","","Gross Charge Type: Main Acute Price List"
"IMPLANT, BREAST INSPIRA SM RND SOFT TOUCH LOW PLUS PROFILE 265CC","AngiWmSup107958","CDM","278","RC","C1789","HCPCS","","","facility","both","","","","1351.44","1351.44","","","","","","","","","","","","","Gross Charge Type: Main Acute Price List"
"IMPLANT, BREAST INSPIRA SM RND SOFT TOUCH LOW PLUS PROFILE 280CC","ScanChSup112051","CDM","278","RC","C1789","HCPCS","","","facility","both","","","","1270.75","1270.75","","","","","","","","","","","","","Gross Charge Type: Main Acute Price List"
"IMPLANT, BREAST INSPIRA SM RND SOFT TOUCH LOW PLUS PROFILE 360CC","ScorChSup112055","CDM","278","RC","C1789","HCPCS","","","facility","both","","","","1351.44","1351.44","","","","","","","","","","","","","Gross Charge Type: Main Acute Price List"
"IMPLANT, BREAST INSPIRA SM RND SOFT TOUCH LOW PROFILE  400C","AngiWmSup107744","CDM","278","RC","C1789","HCPCS","","","facility","both","","","","1351.44","1351.44","","","","","","","","","","","","","Gross Charge Type: Main Acute Price List"
"IMPLANT, BREAST INSPIRA SM RND SOFT TOUCH LOW PROFILE 125CC","OperWmSup111744","CDM","278","RC","C1789","HCPCS","","","facility","both","","","","1270.75","1270.75","","","","","","","","","","","","","Gross Charge Type: Main Acute Price List"
"IMPLANT, BREAST INSPIRA SM RND SOFT TOUCH LOW PROFILE 140CC","AngiChSup111745","CDM","278","RC","C1789","HCPCS","","","facility","both","","","","1270.75","1270.75","","","","","","","","","","","","","Gross Charge Type: Main Acute Price List"
"IMPLANT, BREAST INSPIRA SM RND SOFT TOUCH LOW PROFILE 140CC","PacuWmSup111745","CDM","278","RC","C1789","HCPCS","","","facility","both","","","","1270.75","1270.75","","","","","","","","","","","","","Gross Charge Type: Main Acute Price List"
"IMPLANT, BREAST INSPIRA SM RND SOFT TOUCH LOW PROFILE 170CC","OperChSup111746","CDM","278","RC","C1789","HCPCS","","","facility","both","","","","1270.75","1270.75","","","","","","","","","","","","","Gross Charge Type: Main Acute Price List"
"IMPLANT, BREAST INSPIRA SM RND SOFT TOUCH LOW PROFILE 200CC","PacuChSup111747","CDM","278","RC","C1789","HCPCS","","","facility","both","","","","1270.75","1270.75","","","","","","","","","","","","","Gross Charge Type: Main Acute Price List"
"IMPLANT, BREAST INSPIRA SM RND SOFT TOUCH LOW PROFILE 230CC","ScpuWmSup112040","CDM","278","RC","C1789","HCPCS","","","facility","both","","","","1270.75","1270.75","","","","","","","","","","","","","Gross Charge Type: Main Acute Price List"
"IMPLANT, BREAST INSPIRA SM RND SOFT TOUCH LOW PROFILE 260CC","ScpuChSup112041","CDM","278","RC","C1789","HCPCS","","","facility","both","","","","1270.75","1270.75","","","","","","","","","","","","","Gross Charge Type: Main Acute Price List"
"IMPLANT, BREAST INSPIRA SM RND SOFT TOUCH LOW PROFILE 290CC","ScpuWmSup112042","CDM","278","RC","C1789","HCPCS","","","facility","both","","","","1270.75","1270.75","","","","","","","","","","","","","Gross Charge Type: Main Acute Price List"
"IMPLANT, BREAST INSPIRA SM RND SOFT TOUCH LOW PROFILE 320CC","ScanWmSup112043","CDM","278","RC","C1789","HCPCS","","","facility","both","","","","1270.75","1270.75","","","","","","","","","","","","","Gross Charge Type: Main Acute Price List"
"IMPLANT, BREAST INSPIRA SM RND SOFT TOUCH LOW PROFILE 380CC","GyscChSup112045","CDM","278","RC","C1789","HCPCS","","","facility","both","","","","1270.75","1270.75","","","","","","","","","","","","","Gross Charge Type: Main Acute Price List"
"IMPLANT, BREAST INSPIRA SM RND SOFT TOUCH LOW PROFILE 410CC","OperChSup112046","CDM","278","RC","C1789","HCPCS","","","facility","both","","","","1270.75","1270.75","","","","","","","","","","","","","Gross Charge Type: Main Acute Price List"
"IMPLANT, BREAST INSPIRA SM RND SOFT TOUCH LOW PROFILE 560CC","AnesChSup112049","CDM","278","RC","C1789","HCPCS","","","facility","both","","","","1270.75","1270.75","","","","","","","","","","","","","Gross Charge Type: Main Acute Price List"
"IMPLANT, BREAST INSPIRA SM RND SOFT TOUCH LOW PROFILE 560CC","DelrChSup112049","CDM","278","RC","C1789","HCPCS","","","facility","both","","","","1270.75","1270.75","","","","","","","","","","","","","Gross Charge Type: Main Acute Price List"
"IMPLANT, BREAST INSPIRA SM RND SOFT TOUCH LOW PROFILE 560CC","ScorChSup112049","CDM","278","RC","C1789","HCPCS","","","facility","both","","","","1270.75","1270.75","","","","","","","","","","","","","Gross Charge Type: Main Acute Price List"
"IMPLANT, BREAST INSPIRA SM RND SOFT TOUCH MOD PROFILE 175CC","ScanWmSup112036","CDM","278","RC","C1789","HCPCS","","","facility","both","","","","1351.44","1351.44","","","","","","","","","","","","","Gross Charge Type: Main Acute Price List"
"IMPLANT, BREAST INSPIRA SM RND SOFT TOUCH MOD PROFILE 255CC","DelrChSup107962","CDM","278","RC","C1789","HCPCS","","","facility","both","","","","1351.44","1351.44","","","","","","","","","","","","","Gross Charge Type: Main Acute Price List"
"IMPLANT, BREAST INSPIRA SM RND SOFT TOUCH MOD PROFILE 295CC","GastChSup112059","CDM","278","RC","C1789","HCPCS","","","facility","both","","","","1351.44","1351.44","","","","","","","","","","","","","Gross Charge Type: Main Acute Price List"
"IMPLANT, BREAST INSPIRA SM RND SOFT TOUCH MOD PROFILE 295CC","ScpuWmSup112059","CDM","278","RC","C1789","HCPCS","","","facility","both","","","","1351.44","1351.44","","","","","","","","","","","","","Gross Charge Type: Main Acute Price List"
"IMPLANT, BREAST INSPIRA SM RND SOFT TOUCH MOD PROFILE 310cc","GastChSup112060","CDM","278","RC","C1789","HCPCS","","","facility","both","","","","1351.44","1351.44","","","","","","","","","","","","","Gross Charge Type: Main Acute Price List"
"IMPLANT, BREAST INSPIRA SM RND SOFT TOUCH MOD PROFILE 345CC","CspuChSup109868","CDM","278","RC","C1789","HCPCS","","","facility","both","","","","1351.44","1351.44","","","","","","","","","","","","","Gross Charge Type: Main Acute Price List"
"IMPLANT, BREAST INSPIRA SM RND SOFT TOUCH MOD PROFILE 375CC","AngiChSup107964","CDM","278","RC","C1789","HCPCS","","","facility","both","","","","1270.75","1270.75","","","","","","","","","","","","","Gross Charge Type: Main Acute Price List"
"IMPLANT, BREAST INSPIRA SM RND SOFT TOUCH MOD PROFILE 375CC","OperWmSup107964","CDM","278","RC","C1789","HCPCS","","","facility","both","","","","1270.75","1270.75","","","","","","","","","","","","","Gross Charge Type: Main Acute Price List"
"IMPLANT, BREAST INSPIRA SM RND SOFT TOUCH MODERATE PROFILE 445C","AngiWmSup107741","CDM","278","RC","C1789","HCPCS","","","facility","both","","","","922.6","922.6","","","","","","","","","","","","","Gross Charge Type: Main Acute Price List"
"IMPLANT, BREAST INSPIRA SMOOTH FULL PROFILE 695CC","OperChSup107258","CDM","278","RC","C1789","HCPCS","","","facility","both","","","","922.6","922.6","","","","","","","","","","","","","Gross Charge Type: Main Acute Price List"
"IMPLANT, BREAST INSPIRA SMOOTH FULL PROFILE 770CC","ScpuChSup107260","CDM","278","RC","C1789","HCPCS","","","facility","both","","","","922.6","922.6","","","","","","","","","","","","","Gross Charge Type: Main Acute Price List"
"IMPLANT, BREAST INSPIRA SMOOTH RND COHESIVE FULL PROFILE  240CC","ScorChSup112291","CDM","278","RC","C1789","HCPCS","","","facility","both","","","","1270.75","1270.75","","","","","","","","","","","","","Gross Charge Type: Main Acute Price List"
"IMPLANT, BREAST INSPIRA SMOOTH RND COHESIVE FULL PROFILE  325CC","ScorWmSup112294","CDM","278","RC","C1789","HCPCS","","","facility","both","","","","1351.44","1351.44","","","","","","","","","","","","","Gross Charge Type: Main Acute Price List"
"IMPLANT, BREAST INSPIRA SMOOTH RND COHESIVE FULL PROFILE  695CC","GastChSup112300","CDM","278","RC","C1789","HCPCS","","","facility","both","","","","1270.75","1270.75","","","","","","","","","","","","","Gross Charge Type: Main Acute Price List"
"IMPLANT, BREAST INSPIRA SMOOTH RND COHESIVE FULL PROFILE  695CC","OperChSup112300","CDM","278","RC","C1789","HCPCS","","","facility","both","","","","1270.75","1270.75","","","","","","","","","","","","","Gross Charge Type: Main Acute Price List"
"IMPLANT, BREAST INSPIRA SMOOTH RND COHESIVE FULL PROFILE  695CC","PacuChSup112300","CDM","278","RC","C1789","HCPCS","","","facility","both","","","","1270.75","1270.75","","","","","","","","","","","","","Gross Charge Type: Main Acute Price List"
"IMPLANT, BREAST INSPIRA SMOOTH RND COHESIVE FULL PROFILE 200CC","AnesChSup112289","CDM","278","RC","C1789","HCPCS","","","facility","both","","","","1270.75","1270.75","","","","","","","","","","","","","Gross Charge Type: Main Acute Price List"
"IMPLANT, BREAST INSPIRA SMOOTH RND COHESIVE FULL PROFILE 200CC","GastChSup112289","CDM","278","RC","C1789","HCPCS","","","facility","both","","","","1270.75","1270.75","","","","","","","","","","","","","Gross Charge Type: Main Acute Price List"
"IMPLANT, BREAST INSPIRA SMOOTH RND COHESIVE FULL PROFILE 295CC 112293","AnesChSup112293","CDM","278","RC","C1789","HCPCS","","","facility","both","","","","1270.75","1270.75","","","","","","","","","","","","","Gross Charge Type: Main Acute Price List"
"IMPLANT, BREAST INSPIRA SMOOTH RND COHESIVE FULL PROFILE 295CC","AngiChSup112288","CDM","278","RC","C1789","HCPCS","","","facility","both","","","","1351.44","1351.44","","","","","","","","","","","","","Gross Charge Type: Main Acute Price List"
"IMPLANT, BREAST INSPIRA SMOOTH RND COHESIVE FULL PROFILE 295CC","ScanWmSup112288","CDM","278","RC","C1789","HCPCS","","","facility","both","","","","1351.44","1351.44","","","","","","","","","","","","","Gross Charge Type: Main Acute Price List"
"IMPLANT, BREAST INSPIRA SMOOTH RND COHESIVE FULL PROFILE 345CC","GyscChSup112296","CDM","278","RC","C1789","HCPCS","","","facility","both","","","","1351.44","1351.44","","","","","","","","","","","","","Gross Charge Type: Main Acute Price List"
"IMPLANT, BREAST INSPIRA SMOOTH RND COHESIVE FULL PROFILE 345CC","OperWmSup112296","CDM","278","RC","C1789","HCPCS","","","facility","both","","","","1351.44","1351.44","","","","","","","","","","","","","Gross Charge Type: Main Acute Price List"
"IMPLANT, BREAST INSPIRA SMOOTH RND COHESIVE FULL PROFILE 345CC","ScpuChSup112296","CDM","278","RC","C1789","HCPCS","","","facility","both","","","","1351.44","1351.44","","","","","","","","","","","","","Gross Charge Type: Main Acute Price List"
"IMPLANT, BREAST INSPIRA SMOOTH RND COHESIVE FULL PROFILE 365CC","ScorWmSup115089","CDM","278","RC","C1789","HCPCS","","","facility","both","","","","1351.44","1351.44","","","","","","","","","","","","","Gross Charge Type: Main Acute Price List"
"IMPLANT, BREAST INSPIRA SMOOTH RND COHESIVE FULL PROFILE 415CC","DelrChSup109070","CDM","278","RC","C1789","HCPCS","","","facility","both","","","","1351.44","1351.44","","","","","","","","","","","","","Gross Charge Type: Main Acute Price List"
"IMPLANT, BREAST INSPIRA SMOOTH RND COHESIVE FULL PROFILE 650CC","DelrChSup112299","CDM","278","RC","C1789","HCPCS","","","facility","both","","","","1270.75","1270.75","","","","","","","","","","","","","Gross Charge Type: Main Acute Price List"
"IMPLANT, BREAST INSPIRA SMOOTH RND COHESIVE FULL PROFILE 770CC","ScorChSup108933","CDM","278","RC","C1789","HCPCS","","","facility","both","","","","1351.44","1351.44","","","","","","","","","","","","","Gross Charge Type: Main Acute Price List"
"IMPLANT, BREAST INSPIRA SMOOTH RND COHESIVE LOW PLUS PROFILE  695CC","GyscChSup112301","CDM","278","RC","C1789","HCPCS","","","facility","both","","","","1270.75","1270.75","","","","","","","","","","","","","Gross Charge Type: Main Acute Price List"
"IMPLANT, BREAST INSPIRA SMOOTH RND COHESIVE LOW PLUS PROFILE  695CC","OperWmSup112301","CDM","278","RC","C1789","HCPCS","","","facility","both","","","","1270.75","1270.75","","","","","","","","","","","","","Gross Charge Type: Main Acute Price List"
"IMPLANT, BREAST INSPIRA SSM SMOOTH MODERATE PROFILE 405C","OperWmSup107781","CDM","278","RC","C1789","HCPCS","","","facility","both","","","","1351.44","1351.44","","","","","","","","","","","","","Gross Charge Type: Main Acute Price List"
"IMPLANT, BREAST INSPIRA SSM SMOOTH MODERATE PROFILE 485C","ScanChSup107783","CDM","278","RC","C1789","HCPCS","","","facility","both","","","","1270.75","1270.75","","","","","","","","","","","","","Gross Charge Type: Main Acute Price List"
"IMPLANT, BREAST INSPIRA SSM SMOOTH MODERATE PROFILE 520C","CspuChSup107784","CDM","278","RC","C1789","HCPCS","","","facility","both","","","","1351.44","1351.44","","","","","","","","","","","","","Gross Charge Type: Main Acute Price List"
"IMPLANT, BREAST INSPIRA SSM SMOOTH MODERATE PROFILE 520C","DelrChSup107784","CDM","278","RC","C1789","HCPCS","","","facility","both","","","","1351.44","1351.44","","","","","","","","","","","","","Gross Charge Type: Main Acute Price List"
"IMPLANT, BREAST INSPIRA SSM SMOOTH MODERATE PROFILE 520C","PacuWmSup107784","CDM","278","RC","C1789","HCPCS","","","facility","both","","","","1351.44","1351.44","","","","","","","","","","","","","Gross Charge Type: Main Acute Price List"
"IMPLANT, BREAST INSPIRA SSM SMOOTH MODERATE PROFILE 520C","ScorWmSup107784","CDM","278","RC","C1789","HCPCS","","","facility","both","","","","1351.44","1351.44","","","","","","","","","","","","","Gross Charge Type: Main Acute Price List"
"IMPLANT, BREAST INSPIRA SSM SMOOTH MODERATE PROFILE 520C","ScpuChSup107784","CDM","278","RC","C1789","HCPCS","","","facility","both","","","","1351.44","1351.44","","","","","","","","","","","","","Gross Charge Type: Main Acute Price List"
"IMPLANT, BREAST INSPIRA SSM SMOOTH MODERATE PROFILE 640","EplbChSup109041","CDM","278","RC","C1789","HCPCS","","","facility","both","","","","1270.75","1270.75","","","","","","","","","","","","","Gross Charge Type: Main Acute Price List"
"IMPLANT, BREAST INSPIRA SSM SMOOTH MODERATE PROFILE 640","ScanWmSup109041","CDM","278","RC","C1789","HCPCS","","","facility","both","","","","1270.75","1270.75","","","","","","","","","","","","","Gross Charge Type: Main Acute Price List"
"IMPLANT, BREAST INSPIRA SSM SMOOTH MODERATE PROFILE 685","AnesChSup109042","CDM","278","RC","C1789","HCPCS","","","facility","both","","","","1270.75","1270.75","","","","","","","","","","","","","Gross Charge Type: Main Acute Price List"
"IMPLANT, BREAST INSPIRA SSM SMOOTH MODERATE PROFILE 685","DelrChSup109042","CDM","278","RC","C1789","HCPCS","","","facility","both","","","","1270.75","1270.75","","","","","","","","","","","","","Gross Charge Type: Main Acute Price List"
"IMPLANT, BREAST INSPIRA SSM SMOOTH MODERATE PROFILE 685","GyscChSup109042","CDM","278","RC","C1789","HCPCS","","","facility","both","","","","1270.75","1270.75","","","","","","","","","","","","","Gross Charge Type: Main Acute Price List"
"IMPLANT, BREAST INSPIRIA EXTRA FULL PROFILE 285CC","ScorChSup10195395","CDM","278","RC","C1789","HCPCS","","","facility","both","","","","874.5","874.5","","","","","","","","","","","","","Gross Charge Type: Main Acute Price List"
"IMPLANT, BREAST LUXE HSC GEL SMOOTH MOD PLUS 470C","AnesChSup113878","CDM","278","RC","C1789","HCPCS","","","facility","both","","","","812.35","812.35","","","","","","","","","","","","","Gross Charge Type: Main Acute Price List"
"IMPLANT, BREAST LUXE HSC GEL SMOOTH MOD PLUS 470C","OperWmSup113878","CDM","278","RC","C1789","HCPCS","","","facility","both","","","","812.35","812.35","","","","","","","","","","","","","Gross Charge Type: Main Acute Price List"
"IMPLANT, BREAST LUXE HSC GEL SMOOTH MOD PLUS 470C","PacuWmSup113878","CDM","278","RC","C1789","HCPCS","","","facility","both","","","","812.35","812.35","","","","","","","","","","","","","Gross Charge Type: Main Acute Price List"
"IMPLANT, BREAST LUXE HSC+ SMOOTH RND HIGH 505CC","AngiChSup113674","CDM","278","RC","C1789","HCPCS","","","facility","both","","","","1044.45","1044.45","","","","","","","","","","","","","Gross Charge Type: Main Acute Price List"
"IMPLANT, BREAST LUXE HSC+ SMOOTH RND HIGH 620CC","EplbChSup113678","CDM","278","RC","C1789","HCPCS","","","facility","both","","","","1044.45","1044.45","","","","","","","","","","","","","Gross Charge Type: Main Acute Price List"
"IMPLANT, BREAST MEMORY GEL EXTRA SMOOTH MP 580CC","ScanWmSup112312","CDM","278","RC","C1789","HCPCS","","","facility","both","","","","1079.26","1079.26","","","","","","","","","","","","","Gross Charge Type: Main Acute Price List"
"IMPLANT, BREAST MEMORY GEL MOD HIGH XTRA 170CC","AngiWmSup108958","CDM","278","RC","C1789","HCPCS","","","facility","both","","","","1147.8","1147.8","","","","","","","","","","","","","Gross Charge Type: Main Acute Price List"
"IMPLANT, BREAST MEMORY GEL MOD HIGH XTRA 280CC","GastWmSup108963","CDM","278","RC","C1789","HCPCS","","","facility","both","","","","1079.26","1079.26","","","","","","","","","","","","","Gross Charge Type: Main Acute Price List"
"IMPLANT, BREAST MEMORY GEL MOD HIGH XTRA 375CC","ScpuChSup108967","CDM","278","RC","C1789","HCPCS","","","facility","both","","","","1147.8","1147.8","","","","","","","","","","","","","Gross Charge Type: Main Acute Price List"
"IMPLANT, BREAST MEMORY GEL MOD HIGH XTRA 430CC","ScanWmSup108971","CDM","278","RC","C1789","HCPCS","","","facility","both","","","","1079.26","1079.26","","","","","","","","","","","","","Gross Charge Type: Main Acute Price List"
"IMPLANT, BREAST MEMORY GEL MOD HIGH XTRA 630CC","AnesWmSup108976","CDM","278","RC","C1789","HCPCS","","","facility","both","","","","1147.8","1147.8","","","","","","","","","","","","","Gross Charge Type: Main Acute Price List"
"IMPLANT, BREAST MEMORY GEL MOD HIGH XTRA 630CC","EplbChSup108976","CDM","278","RC","C1789","HCPCS","","","facility","both","","","","1147.8","1147.8","","","","","","","","","","","","","Gross Charge Type: Main Acute Price List"
"IMPLANT, BREAST MEMORY GEL MOD HIGH XTRA 700CC","ScpuChSup108977","CDM","278","RC","C1789","HCPCS","","","facility","both","","","","1147.8","1147.8","","","","","","","","","","","","","Gross Charge Type: Main Acute Price List"
"IMPLANT, BREAST MOD PLUS PROFILE GEL 300CC","ScanWmSup32070","CDM","278","RC","C1789","HCPCS","","","facility","both","","","","812.35","812.35","","","","","","","","","","","","","Gross Charge Type: Main Acute Price List"
"IMPLANT, BREAST MOD PROF SMTH RND 240CC","CcthChSup37715","CDM","278","RC","C1789","HCPCS","","","facility","both","","","","511.5","511.5","","","","","","","","","","","","","Gross Charge Type: Main Acute Price List"
"IMPLANT, BREAST MOD PROF SMTH RND 240CC","GyscChSup37715","CDM","278","RC","C1789","HCPCS","","","facility","both","","","","511.5","511.5","","","","","","","","","","","","","Gross Charge Type: Main Acute Price List"
"IMPLANT, BREAST MOD PROF SMTH RND 240CC","OperChSup37715","CDM","278","RC","C1789","HCPCS","","","facility","both","","","","511.5","511.5","","","","","","","","","","","","","Gross Charge Type: Main Acute Price List"
"IMPLANT, BREAST MOD PROF SMTH RND 240CC","ScorChSup37715","CDM","278","RC","C1789","HCPCS","","","facility","both","","","","511.5","511.5","","","","","","","","","","","","","Gross Charge Type: Main Acute Price List"
"IMPLANT, BREAST OPUS LUXE TEXTURED HIGH PROJECTION 700CC","OperWmSup110504","CDM","278","RC","C1789","HCPCS","","","facility","both","","","","812.35","812.35","","","","","","","","","","","","","Gross Charge Type: Main Acute Price List"
"IMPLANT, BREAST RND GEL 300CC - 21473","GyscChSup21473","CDM","278","RC","C1789","HCPCS","","","facility","both","","","","812.35","812.35","","","","","","","","","","","","","Gross Charge Type: Main Acute Price List"
"IMPLANT, BREAST RND HIGH PROFILE SMOOTH 800CC","GastChSup31931","CDM","278","RC","C1789","HCPCS","","","facility","both","","","","812.35","812.35","","","","","","","","","","","","","Gross Charge Type: Main Acute Price List"
"IMPLANT, BREAST RND HIGH PROFILE SMOOTH 800CC","GyscChSup31931","CDM","278","RC","C1789","HCPCS","","","facility","both","","","","812.35","812.35","","","","","","","","","","","","","Gross Charge Type: Main Acute Price List"
"IMPLANT, BREAST RND HIGH PROFILE SMOOTH 800CC","PacuChSup31931","CDM","278","RC","C1789","HCPCS","","","facility","both","","","","812.35","812.35","","","","","","","","","","","","","Gross Charge Type: Main Acute Price List"
"IMPLANT, BREAST RND HP GEL 750CC","AngiWmSup40489","CDM","278","RC","C1789","HCPCS","","","facility","both","","","","812.35","812.35","","","","","","","","","","","","","Gross Charge Type: Main Acute Price List"
"IMPLANT, BREAST RND SALINE 425CC","OperWmSup9625","CDM","278","RC","C1789","HCPCS","","","facility","both","","","","382.97","382.97","","","","","","","","","","","","","Gross Charge Type: Main Acute Price List"
"IMPLANT, BREAST RND SALINE 475CC","Chrs549626x","CDM","278","RC","C1789","HCPCS","","","facility","both","","","","382.97","382.97","","","","","","","","","","","","","Gross Charge Type: Main Acute Price List"
"IMPLANT, BREAST RND SALINE 475CC","PacuWmSup9626","CDM","278","RC","C1789","HCPCS","","","facility","both","","","","382.97","382.97","","","","","","","","","","","","","Gross Charge Type: Main Acute Price List"
"IMPLANT, BREAST RND SALINE 475CC","ScpuWmSup9626","CDM","278","RC","C1789","HCPCS","","","facility","both","","","","382.97","382.97","","","","","","","","","","","","","Gross Charge Type: Main Acute Price List"
"IMPLANT, BREAST SALINE FILLED 210CC","ScorWmSup26967","CDM","278","RC","C1789","HCPCS","","","facility","both","","","","573.9","573.9","","","","","","","","","","","","","Gross Charge Type: Main Acute Price List"
"IMPLANT, BREAST SALINE FILLED 575CC","GastChSup76917","CDM","278","RC","C1789","HCPCS","","","facility","both","","","","382.97","382.97","","","","","","","","","","","","","Gross Charge Type: Main Acute Price List"
"IMPLANT, BREAST SALINE FILLED HP 350CC","CspuChSup37716","CDM","278","RC","C1789","HCPCS","","","facility","both","","","","370.26","370.26","","","","","","","","","","","","","Gross Charge Type: Main Acute Price List"
"IMPLANT, BREAST SALINE FILLED HP 350CC","GyscChSup37716","CDM","278","RC","C1789","HCPCS","","","facility","both","","","","370.26","370.26","","","","","","","","","","","","","Gross Charge Type: Main Acute Price List"
"IMPLANT, BREAST SALINE SMTH RND HIGH PROFILE 240CC","PacuWmSup116726","CDM","278","RC","C1789","HCPCS","","","facility","both","","","","348.15","348.15","","","","","","","","","","","","","Gross Charge Type: Main Acute Price List"
"IMPLANT, BREAST SALINE SMTH RND HP STYLE 68HP 500CC - 49705","AngiChSup49705","CDM","278","RC","C1789","HCPCS","","","facility","both","","","","348.15","348.15","","","","","","","","","","","","","Gross Charge Type: Main Acute Price List"
"IMPLANT, BREAST SALINE SMTH RND HP STYLE 68HP 700CC","ScorWmSup49709","CDM","278","RC","","","","","facility","both","","","","370.26","370.26","","","","","","","","","","","","","Gross Charge Type: Main Acute Price List"
"IMPLANT, BREAST SALINE SMTH RND HP STYLE 68HP 800CC","AnesChSup106981","CDM","278","RC","C1789","HCPCS","","","facility","both","","","","1.74","1.74","","","","","","","","","","","","","Gross Charge Type: Main Acute Price List"
"IMPLANT, BREAST SALINE SMTH RND HP STYLE 68HP 800CC","AngiChSup106981","CDM","278","RC","C1789","HCPCS","","","facility","both","","","","1.74","1.74","","","","","","","","","","","","","Gross Charge Type: Main Acute Price List"
"IMPLANT, BREAST SALINE SMTH RND LOW PROFILE 125CC","ScanChSup116728","CDM","278","RC","C1789","HCPCS","","","facility","both","","","","348.15","348.15","","","","","","","","","","","","","Gross Charge Type: Main Acute Price List"
"IMPLANT, BREAST SALINE SMTH RND LOW PROFILE 150CC","ScorWmSup116729","CDM","278","RC","C1789","HCPCS","","","facility","both","","","","348.15","348.15","","","","","","","","","","","","","Gross Charge Type: Main Acute Price List"
"IMPLANT, BREAST SALINE SMTH RND LOW PROFILE 175CC","GastWmSup116730","CDM","278","RC","C1789","HCPCS","","","facility","both","","","","348.15","348.15","","","","","","","","","","","","","Gross Charge Type: Main Acute Price List"
"IMPLANT, BREAST SALINE SMTH RND LOW PROFILE 175CC","ScanChSup116730","CDM","278","RC","C1789","HCPCS","","","facility","both","","","","348.15","348.15","","","","","","","","","","","","","Gross Charge Type: Main Acute Price List"
"IMPLANT, BREAST SALINE SMTH RND LOW PROFILE 200CC","ScpuWmSup116731","CDM","278","RC","C1789","HCPCS","","","facility","both","","","","348.15","348.15","","","","","","","","","","","","","Gross Charge Type: Main Acute Price List"
"IMPLANT, BREAST SALINE SMTH RND LOW PROFILE 300CC","OperWmSup116735","CDM","278","RC","C1789","HCPCS","","","facility","both","","","","348.15","348.15","","","","","","","","","","","","","Gross Charge Type: Main Acute Price List"
"IMPLANT, BREAST SALINE SMTH RND LOW PROFILE 420CC","PacuChSup116739","CDM","278","RC","C1789","HCPCS","","","facility","both","","","","348.15","348.15","","","","","","","","","","","","","Gross Charge Type: Main Acute Price List"
"IMPLANT, BREAST SALINE SMTH RND LOW PROFILE 420CC","ScpuWmSup116739","CDM","278","RC","C1789","HCPCS","","","facility","both","","","","348.15","348.15","","","","","","","","","","","","","Gross Charge Type: Main Acute Price List"
"IMPLANT, BREAST SALINE SMTH RND LOW PROFILE 480CC","ScorWmSup116741","CDM","278","RC","C1789","HCPCS","","","facility","both","","","","348.15","348.15","","","","","","","","","","","","","Gross Charge Type: Main Acute Price List"
"IMPLANT, BREAST SALINE SMTH RND LOW PROFILE 480CC","ScpuWmSup116741","CDM","278","RC","C1789","HCPCS","","","facility","both","","","","348.15","348.15","","","","","","","","","","","","","Gross Charge Type: Main Acute Price List"
"IMPLANT, BREAST SALINE SMTH RND LOW PROFILE 525CC","CspuChSup116742","CDM","278","RC","C1789","HCPCS","","","facility","both","","","","348.15","348.15","","","","","","","","","","","","","Gross Charge Type: Main Acute Price List"
"IMPLANT, BREAST SALINE SMTH RND LOW PROFILE 640CC","ScpuWmSup116745","CDM","278","RC","C1789","HCPCS","","","facility","both","","","","348.15","348.15","","","","","","","","","","","","","Gross Charge Type: Main Acute Price List"
"IMPLANT, BREAST SALINE SMTH RND MOD PROFILE 300CC","GastChSup116748","CDM","278","RC","C1789","HCPCS","","","facility","both","","","","348.15","348.15","","","","","","","","","","","","","Gross Charge Type: Main Acute Price List"
"IMPLANT, BREAST SALINE SMTH RND MOD PROFILE 300CC","PacuChSup116748","CDM","278","RC","C1789","HCPCS","","","facility","both","","","","348.15","348.15","","","","","","","","","","","","","Gross Charge Type: Main Acute Price List"
"IMPLANT, BREAST SALINE SMTH RND MOD PROFILE 300CC","PacuWmSup116748","CDM","278","RC","C1789","HCPCS","","","facility","both","","","","348.15","348.15","","","","","","","","","","","","","Gross Charge Type: Main Acute Price List"
"IMPLANT, BREAST SALINE SMTH RND MOD PROFILE 390CC","OperChSup116749","CDM","278","RC","C1789","HCPCS","","","facility","both","","","","370.26","370.26","","","","","","","","","","","","","Gross Charge Type: Main Acute Price List"
"IMPLANT, BREAST SALINE SMTH RND MOD PROFILE 420CC","OperWmSup116750","CDM","278","RC","C1789","HCPCS","","","facility","both","","","","370.26","370.26","","","","","","","","","","","","","Gross Charge Type: Main Acute Price List"
"IMPLANT, BREAST SALINE SMTH RND MOD PROFILE 480CC","AnesWmSup116752","CDM","278","RC","C1789","HCPCS","","","facility","both","","","","370.26","370.26","","","","","","","","","","","","","Gross Charge Type: Main Acute Price List"
"IMPLANT, BREAST SALINE SMTH RND MOD PROFILE 480CC","DelrChSup116752","CDM","278","RC","C1789","HCPCS","","","facility","both","","","","370.26","370.26","","","","","","","","","","","","","Gross Charge Type: Main Acute Price List"
"IMPLANT, BREAST SALINE SMTH RND MOD PROFILE 800-850CC","GastChSup112324","CDM","278","RC","C1789","HCPCS","","","facility","both","","","","348.15","348.15","","","","","","","","","","","","","Gross Charge Type: Main Acute Price List"
"IMPLANT, BREAST SILICONE 650CC","ScanChSup24373","CDM","278","RC","C1789","HCPCS","","","facility","both","","","","812.35","812.35","","","","","","","","","","","","","Gross Charge Type: Main Acute Price List"
"IMPLANT, BREAST SILICONE 650CC","ScpuWmSup24373","CDM","278","RC","C1789","HCPCS","","","facility","both","","","","812.35","812.35","","","","","","","","","","","","","Gross Charge Type: Main Acute Price List"
"IMPLANT, BREAST SILTEX ROUND MODERATE PLUS PROFILE 200CC","ScanWmSup63556","CDM","278","RC","C1789","HCPCS","","","facility","both","","","","863.94","863.94","","","","","","","","","","","","","Gross Charge Type: Main Acute Price List"
"IMPLANT, BREAST SIZER ROUND HIGH PROFILE 330CC","ScorWmSup34611","CDM","272","RC","","","","","facility","both","","","","46.42","46.42","","","","","","","","","","","","","Gross Charge Type: Main Acute Price List"
"IMPLANT, BREAST SMOOTH GEL 400CC","AngiWmSup30873","CDM","278","RC","C1789","HCPCS","","","facility","both","","","","812.35","812.35","","","","","","","","","","","","","Gross Charge Type: Main Acute Price List"
"IMPLANT, BREAST SMOOTH GEL FILLED MED PLUS 275CC","PacuWmSup25972","CDM","278","RC","C1789","HCPCS","","","facility","both","","","","812.35","812.35","","","","","","","","","","","","","Gross Charge Type: Main Acute Price List"
"IMPLANT, BREAST SMOOTH MPP GEL 500CC","ScpuChSup33139","CDM","278","RC","C1789","HCPCS","","","facility","both","","","","812.35","812.35","","","","","","","","","","","","","Gross Charge Type: Main Acute Price List"
"IMPLANT, BREAST SMOOTH RD MOD PLUS PROFILE 575CC","EplbChSup50930","CDM","278","RC","C1789","HCPCS","","","facility","both","","","","812.35","812.35","","","","","","","","","","","","","Gross Charge Type: Main Acute Price List"
"IMPLANT, BREAST SMOOTH RND MOD CLASSIC PROFILE 300CC","AngiWmSup57146","CDM","278","RC","C1789","HCPCS","","","facility","both","","","","812.35","812.35","","","","","","","","","","","","","Gross Charge Type: Main Acute Price List"
"IMPLANT, BREAST SMOOTH RND MOD CLASSIC PROFILE 300CC","CspuChSup57146","CDM","278","RC","C1789","HCPCS","","","facility","both","","","","812.35","812.35","","","","","","","","","","","","","Gross Charge Type: Main Acute Price List"
"IMPLANT, BREAST SMOOTH RND MOD CLASSIC PROFILE 445CC","ScorWmSup57144","CDM","278","RC","C1789","HCPCS","","","facility","both","","","","812.35","812.35","","","","","","","","","","","","","Gross Charge Type: Main Acute Price List"
"IMPLANT, BREAST SMOOTH ROUND MOD PLUS PRO GEL 150CC","Chrs3134472","CDM","278","RC","C1789","HCPCS","","","facility","both","","","","863.94","863.94","","","","","","","","","","","","","Gross Charge Type: Main Acute Price List"
"IMPLANT, BREAST SMOOTH ROUND MOD PLUS PRO GEL 200CC","ScpuChSup34473","CDM","278","RC","C1789","HCPCS","","","facility","both","","","","863.94","863.94","","","","","","","","","","","","","Gross Charge Type: Main Acute Price List"
"IMPLANT, BREAST SMOOTH ROUND MOD PLUS PRO GIL 375CC","PacuChSup34475","CDM","278","RC","C1789","HCPCS","","","facility","both","","","","812.35","812.35","","","","","","","","","","","","","Gross Charge Type: Main Acute Price List"
"IMPLANT, BREAST SMTH RND OD PLUS PRO SALINE 350CC","Chrs5442896","CDM","278","RC","C1789","HCPCS","","","facility","both","","","","407.28","407.28","","","","","","","","","","","","","Gross Charge Type: Main Acute Price List"
"IMPLANT, BREAST SMTH RND OD PLUS PRO SALINE 350CC","PacuWmSup42896","CDM","278","RC","C1789","HCPCS","","","facility","both","","","","407.28","407.28","","","","","","","","","","","","","Gross Charge Type: Main Acute Price List"
"IMPLANT, BREAST SPEC ADJ 175CC","OperWmSup9629","CDM","278","RC","C1789","HCPCS","","","facility","both","","","","841.36","841.36","","","","","","","","","","","","","Gross Charge Type: Main Acute Price List"
"IMPLANT, BREAST ULTRA HIGH SMOOTH RND MEMORYGEL 400CC","PacuChSup51648","CDM","278","RC","C1789","HCPCS","","","facility","both","","","","863.94","863.94","","","","","","","","","","","","","Gross Charge Type: Main Acute Price List"
"IMPLANT, BREAST ULTRA HIGH SMOOTH RND MEMORYGEL 400CC","ScorChSup51648","CDM","278","RC","C1789","HCPCS","","","facility","both","","","","863.94","863.94","","","","","","","","","","","","","Gross Charge Type: Main Acute Price List"
"IMPLANT, BREAST ULTRA HIGH SMOOTH RND MEMORYGEL 480CC","ScpuWmSup51651","CDM","278","RC","C1789","HCPCS","","","facility","both","","","","812.35","812.35","","","","","","","","","","","","","Gross Charge Type: Main Acute Price List"
"IMPLANT, BREAST ULTRA HIGH SMOOTH RND MEMORYGEL 535CC","EplbChSup51652","CDM","278","RC","C1789","HCPCS","","","facility","both","","","","812.35","812.35","","","","","","","","","","","","","Gross Charge Type: Main Acute Price List"
"IMPLANT, BRIGADE 12X34X24 8 DEGREE","OperWmSup110472","CDM","278","RC","C1821","HCPCS","","","facility","both","","","","28334.8","28334.8","","","","","","","","","","","","","Gross Charge Type: Main Acute Price List"
"IMPLANT, BRIGADE 14X38X28MM 12 DEG","EplbChSup72353","CDM","278","RC","","","","","facility","both","","","","26642.97","26642.97","","","","","","","","","","","","","Gross Charge Type: Main Acute Price List"
"IMPLANT, BRIGADE 16X38X28MM 12 DEG","CspuChSup72905","CDM","278","RC","","","","","facility","both","","","","26642.97","26642.97","","","","","","","","","","","","","Gross Charge Type: Main Acute Price List"
"IMPLANT, BRIGADE 16X38X28MM 8 DEGREE","DelrChSup113465","CDM","278","RC","C1821","HCPCS","","","facility","both","","","","26642.97","26642.97","","","","","","","","","","","","","Gross Charge Type: Main Acute Price List"
"IMPLANT, BULKING AGENT COAPTITE 1ML","ScorChSup31880","CDM","278","RC","L8606","HCPCS","","","facility","both","","","","2108","2108","","","","","","","","","","","","","Gross Charge Type: Main Acute Price List"
"IMPLANT, CASCADIA INTERBODY 12X14X7MM 7 DEGREE","GastChSup78595","CDM","278","RC","C1889","HCPCS","","","facility","both","","","","5021.73","5021.73","","","","","","","","","","","","","Gross Charge Type: Main Acute Price List"
"IMPLANT, CERVICAL CASCADIA INTERBODY 13X16X9MM 7 DEGREE","ScpuWmSup115190","CDM","278","RC","","","","","facility","both","","","","4438.06","4438.06","","","","","","","","","","","","","Gross Charge Type: Main Acute Price List"
"IMPLANT, CERVICAL DISC MOBI-C 13X15MM H6","AngiWmSup59810","CDM","278","RC","C1889","HCPCS","","","facility","both","","","","29566.74","29566.74","","","","","","","","","","","","","Gross Charge Type: Main Acute Price List"
"IMPLANT, CERVICAL DISC MOBI-C 13X17MM H6","EplbChSup59813","CDM","278","RC","","","","","facility","both","","","","27801.36","27801.36","","","","","","","","","","","","","Gross Charge Type: Main Acute Price List"
"IMPLANT, CERVICAL DISC MOBI-C 17X17 H5","AngiWmSup75517","CDM","278","RC","C1889","HCPCS","","","facility","both","","","","29566.74","29566.74","","","","","","","","","","","","","Gross Charge Type: Main Acute Price List"
"IMPLANT, CERVICAL DISC MOBI-C 17X19MM","AnesWmSup107923","CDM","278","RC","C1889","HCPCS","","","facility","both","","","","29566.74","29566.74","","","","","","","","","","","","","Gross Charge Type: Main Acute Price List"
"IMPLANT, CERVICAL DISC MOBI-C 17X19MM","OperChSup107923","CDM","278","RC","C1889","HCPCS","","","facility","both","","","","29566.74","29566.74","","","","","","","","","","","","","Gross Charge Type: Main Acute Price List"
"IMPLANT, CERVICAL INTERBODY 13X16X10MM 7 DEGREE","OperChSup112747","CDM","278","RC","C1821","HCPCS","","","facility","both","","","","4721.88","4721.88","","","","","","","","","","","","","Gross Charge Type: Main Acute Price List"
"IMPLANT, CERVICAL LORDOTIC CASCADIA 12X14X8MM 7 DEGREE","AngiChSup78254","CDM","278","RC","C1889","HCPCS","","","facility","both","","","","3887.5","3887.5","","","","","","","","","","","","","Gross Charge Type: Main Acute Price List"
"IMPLANT, CERVICAL LORDOTIC CASCADIA 12X14X8MM 7 DEGREE","ScanChSup78254","CDM","278","RC","C1889","HCPCS","","","facility","both","","","","3887.5","3887.5","","","","","","","","","","","","","Gross Charge Type: Main Acute Price List"
"IMPLANT, CERVICAL LORDOTIC CASCADIA 13X16X6MM 7 DEG","AngiWmSup78692","CDM","278","RC","","","","","facility","both","","","","5021.73","5021.73","","","","","","","","","","","","","Gross Charge Type: Main Acute Price List"
"IMPLANT, CERVICAL LORDOTIC CASCADIA 13X16X6MM 7 DEG","GastChSup78692","CDM","278","RC","","","","","facility","both","","","","5021.73","5021.73","","","","","","","","","","","","","Gross Charge Type: Main Acute Price List"
"IMPLANT, CERVICAL LORDOTIC CASCADIA 13X16X6MM 7 DEG","ScorWmSup78692","CDM","278","RC","","","","","facility","both","","","","5021.73","5021.73","","","","","","","","","","","","","Gross Charge Type: Main Acute Price List"
"IMPLANT, CERVICAL LORDOTIC CASCADIA SIZE 13X16X7MM 7 DEG","GastChSup78181","CDM","278","RC","C1889","HCPCS","","","facility","both","","","","5021.73","5021.73","","","","","","","","","","","","","Gross Charge Type: Main Acute Price List"
"IMPLANT, CERVICAL LORDOTIC CASCADIA TI 13X16X8MM","CLDRChSup78093","CDM","278","RC","C1889","HCPCS","","","facility","both","","","","5021.73","5021.73","","","","","","","","","","","","","Gross Charge Type: Main Acute Price List"
"IMPLANT, CERVICAL MODULUS 6X15X12MM 7DEG","ScpuWmSup107238","CDM","278","RC","C1821","HCPCS","","","facility","both","","","","8315.65","8315.65","","","","","","","","","","","","","Gross Charge Type: Main Acute Price List"
"IMPLANT, COCHLEAR HI-RES ULTRA 3D W/HIFOCUS SLIMJ ELECTRODE","EplbChSup77223","CDM","278","RC","L8614","HCPCS","","","facility","both","","","","125760.31","125760.31","","","","","","","","","","","","","Gross Charge Type: Main Acute Price List"
"IMPLANT, COCHLEAR NUCLEUS NEXA WITH SLIM STRAIGHT ELECTRODE","OperChSup10195284","CDM","278","RC","L8614","HCPCS","","","facility","both","","","","81998.04","81998.04","","","","","","","","","","","","","Gross Charge Type: Main Acute Price List"
"IMPLANT, COCHLEAR NUCLEUS NEXA WITH SLIM STRAIGHT ELECTRODE","ScorChSup10195284","CDM","278","RC","L8614","HCPCS","","","facility","both","","","","81998.04","81998.04","","","","","","","","","","","","","Gross Charge Type: Main Acute Price List"
"IMPLANT, COCHLEAR NUCLEUS PROFILE PLUS W/SLIM MODIOLAR ELECTRODE CI632","CLDRChSup78653","CDM","278","RC","L8614","HCPCS","","","facility","both","","","","137071.8","137071.8","","","","","","","","","","","","","Gross Charge Type: Main Acute Price List"
"IMPLANT, COCHLEAR NUCLEUS WITH CONTOUR ADVANCE CI612","PacuWmSup115352","CDM","278","RC","L8614","HCPCS","","","facility","both","","","","164131.79","164131.79","","","","","","","","","","","","","Gross Charge Type: Main Acute Price List"
"IMPLANT, COCHLEAR SYNCHRONY 2 FLEX20","CspuChSup109102","CDM","278","RC","L8614","HCPCS","","","facility","both","","","","121051.75","121051.75","","","","","","","","","","","","","Gross Charge Type: Main Acute Price List"
"IMPLANT, COCHLEAR SYNCHRONY 2 PLUS FLEX 28 PKG","GyscChSup110886","CDM","278","RC","L8614","HCPCS","","","facility","both","","","","196230.8","196230.8","","","","","","","","","","","","","Gross Charge Type: Main Acute Price List"
"IMPLANT, COFIX 10MM","AnesChSup110547","CDM","278","RC","C1889","HCPCS","","","facility","both","","","","30182.72","30182.72","","","","","","","","","","","","","Gross Charge Type: Main Acute Price List"
"IMPLANT, COFIX 14MM","GyscChSup114675","CDM","278","RC","","","","","facility","both","","","","28443.5","28443.5","","","","","","","","","","","","","Gross Charge Type: Main Acute Price List"
"IMPLANT, COFIX 8MM","ScorWmSup112125","CDM","278","RC","C1776","HCPCS","","","facility","both","","","","30182.72","30182.72","","","","","","","","","","","","","Gross Charge Type: Main Acute Price List"
"IMPLANT, COHERE 10X18X55MM 10 DEGREE","ScorWmSup113635","CDM","278","RC","C1821","HCPCS","","","facility","both","","","","23961.3","23961.3","","","","","","","","","","","","","Gross Charge Type: Main Acute Price List"
"IMPLANT, COHERE XL 10X18X45MM 10 DEGREE","EplbChSup113746","CDM","278","RC","C1821","HCPCS","","","facility","both","","","","25482.84","25482.84","","","","","","","","","","","","","Gross Charge Type: Main Acute Price List"
"IMPLANT, COHERE XL 10X18X45MM 10 DEGREE","PacuChSup113746","CDM","278","RC","C1821","HCPCS","","","facility","both","","","","25482.84","25482.84","","","","","","","","","","","","","Gross Charge Type: Main Acute Price List"
"IMPLANT, COHERE XLW 8X22X55MM 10 DEGREE","CcthChSup114514","CDM","278","RC","","","","","facility","both","","","","26313.19","26313.19","","","","","","","","","","","","","Gross Charge Type: Main Acute Price List"
"IMPLANT, CORE XCORE2 24-33","AnesWmSup116408","CDM","278","RC","","","","","facility","both","","","","31855.73","31855.73","","","","","","","","","","","","","Gross Charge Type: Main Acute Price List"
"IMPLANT, CORNEA-8","ScanChSup33541","CDM","278","RC","V2785","HCPCS","","","facility","both","","","","24036.59","24036.59","","","","","","","","","","","","","Gross Charge Type: Main Acute Price List"
"IMPLANT, COROENT XL-CT 10X18X55 10 DEGREE","PacuChSup114210","CDM","278","RC","","","","","facility","both","","","","22559.65","22559.65","","","","","","","","","","","","","Gross Charge Type: Main Acute Price List"
"IMPLANT, COROENT XL-CT 10X18X55 10 DEGREE","ScorChSup114210","CDM","278","RC","","","","","facility","both","","","","22559.65","22559.65","","","","","","","","","","","","","Gross Charge Type: Main Acute Price List"
"IMPLANT, COROENT XLW-CT 10X22X50 10 DEGREE","AnesWmSup114209","CDM","278","RC","","","","","facility","both","","","","22559.65","22559.65","","","","","","","","","","","","","Gross Charge Type: Main Acute Price List"
"IMPLANT, CURVAFIX LOW PROFILE 7.5 MM X 190 MM","OperWmSup10195713","CDM","278","RC","C1713","HCPCS","","","facility","both","","","","18454.4","18454.4","","","","","","","","","","","","","Gross Charge Type: Main Acute Price List"
"IMPLANT, CURVAFIX LOW PROFILE 9.5 MM X 90 MM","ScorChSup10195692","CDM","278","RC","C1713","HCPCS","","","facility","both","","","","18454.4","18454.4","","","","","","","","","","","","","Gross Charge Type: Main Acute Price List"
"IMPLANT, EIT ALIF H 18MM 10 DEGREE S","AnesWmSup118215","CDM","278","RC","C1776","HCPCS","","","facility","both","","","","19866.39","19866.39","","","","","","","","","","","","","Gross Charge Type: Main Acute Price List"
"IMPLANT, EIT ALIF H 18MM 10 DEGREE S","OperChSup118215","CDM","278","RC","C1776","HCPCS","","","facility","both","","","","19866.39","19866.39","","","","","","","","","","","","","Gross Charge Type: Main Acute Price List"
"IMPLANT, EIT ALIF H 18MM 10 DEGREE S","ScanWmSup118215","CDM","278","RC","C1776","HCPCS","","","facility","both","","","","19866.39","19866.39","","","","","","","","","","","","","Gross Charge Type: Main Acute Price List"
"IMPLANT, EIT LLIF 14MM 8 DEGREE 60/18","ScpuWmSup118781","CDM","278","RC","C1713","HCPCS","","","facility","both","","","","18244.64","18244.64","","","","","","","","","","","","","Gross Charge Type: Main Acute Price List"
"IMPLANT, EIT LLIF H 14MM 8 DEGREE 50/18","GastWmSup118870","CDM","278","RC","C1776","HCPCS","","","facility","both","","","","18244.64","18244.64","","","","","","","","","","","","","Gross Charge Type: Main Acute Price List"
"IMPLANT, EIT LLIF H 14MM 8 DEGREE 50/18","OperChSup118870","CDM","278","RC","C1776","HCPCS","","","facility","both","","","","18244.64","18244.64","","","","","","","","","","","","","Gross Charge Type: Main Acute Price List"
"IMPLANT, EIT LLIF H 14MM 8 DEGREE 50/18","ScorWmSup118870","CDM","278","RC","C1776","HCPCS","","","facility","both","","","","18244.64","18244.64","","","","","","","","","","","","","Gross Charge Type: Main Acute Price List"
"IMPLANT, EIT TLIF H 12MM 12 DEGREE 32/12","ScorWmSup114162","CDM","278","RC","C1776","HCPCS","","","facility","both","","","","14153.88","14153.88","","","","","","","","","","","","","Gross Charge Type: Main Acute Price List"
"IMPLANT, EIT TLIF H 13MM 8 DEGREE 28/10","ScorChSup120731","CDM","278","RC","C1776","HCPCS","","","facility","both","","","","14757.89","14757.89","","","","","","","","","","","","","Gross Charge Type: Main Acute Price List"
"IMPLANT, EIT TLIF H 14MM 12 DEGREE 32/12","DelrChSup113067","CDM","278","RC","C1821","HCPCS","","","facility","both","","","","15059.07","15059.07","","","","","","","","","","","","","Gross Charge Type: Main Acute Price List"
"IMPLANT, EIT TLIF H 7MM 0 DEGREE 28/10","ScanChSup109291","CDM","278","RC","C1889","HCPCS","","","facility","both","","","","15695.01","15695.01","","","","","","","","","","","","","Gross Charge Type: Main Acute Price List"
"IMPLANT, EIT TLIF H 8MM 8 DEGREE 32/12","OperWmSup109292","CDM","278","RC","C1889","HCPCS","","","facility","both","","","","15695.01","15695.01","","","","","","","","","","","","","Gross Charge Type: Main Acute Price List"
"IMPLANT, FHL SYSTEM 6.25MM","GastChSup115390","CDM","272","RC","","","","","facility","both","","","","8655.27","8655.27","","","","","","","","","","","","","Gross Charge Type: Main Acute Price List"
"IMPLANT, FHL SYSTEM 6.25MM","PacuChSup115390","CDM","272","RC","","","","","facility","both","","","","8655.27","8655.27","","","","","","","","","","","","","Gross Charge Type: Main Acute Price List"
"IMPLANT, FHL SYSTEM 6.25MM","ScanWmSup115390","CDM","272","RC","","","","","facility","both","","","","8655.27","8655.27","","","","","","","","","","","","","Gross Charge Type: Main Acute Price List"
"IMPLANT, FIBER STITCH","AnesChSup111271","CDM","278","RC","C1713","HCPCS","","","facility","both","","","","3303.15","3303.15","","","","","","","","","","","","","Gross Charge Type: Main Acute Price List"
"IMPLANT, FIBER STITCH","ScorWmSup111271","CDM","278","RC","C1713","HCPCS","","","facility","both","","","","3303.15","3303.15","","","","","","","","","","","","","Gross Charge Type: Main Acute Price List"
"IMPLANT, FIBERSTICH 2-0 W SUTURE STERILE","DelrChSup115653","CDM","278","RC","C1713","HCPCS","","","facility","both","","","","2865.79","2865.79","","","","","","","","","","","","","Gross Charge Type: Main Acute Price List"
"IMPLANT, FIBERSTICH 2-0 W SUTURE STERILE","ScpuWmSup115653","CDM","278","RC","C1713","HCPCS","","","facility","both","","","","2865.79","2865.79","","","","","","","","","","","","","Gross Charge Type: Main Acute Price List"
"IMPLANT, FOSSA SMALL LEFT","PacuWmSup66316","CDM","278","RC","","","","","facility","both","","","","25747.71","25747.71","","","","","","","","","","","","","Gross Charge Type: Main Acute Price List"
"IMPLANT, GLAUCOMA PARS BAENELDT","EplbChSup19595","CDM","278","RC","","","","","facility","both","","","","4311.82","4311.82","","","","","","","","","","","","","Gross Charge Type: Main Acute Price List"
"IMPLANT, GLAUCOMA PARS PLANA","Wilm5426867","CDM","278","RC","L8612","HCPCS","","","facility","both","","","","3695.84","3695.84","","","","","","","","","","","","","Gross Charge Type: Main Acute Price List"
"IMPLANT, GOLD LID 0.8","PacuWmSup215191","CDM","278","RC","","","","","facility","both","","","","1563.83","1563.83","","","","","","","","","","","","","Gross Charge Type: Main Acute Price List"
"IMPLANT, GOLD SEED MARKER 5MM","Chrs3836136","CDM","270","RC","","","","","facility","both","","","","67.18","67.18","","","","","","","","","","","","","Gross Charge Type: Main Acute Price List"
"IMPLANT, GOLD SEED MARKER 5MM","Hccc3836136","CDM","270","RC","","","","","facility","both","","","","67.18","67.18","","","","","","","","","","","","","Gross Charge Type: Main Acute Price List"
"IMPLANT, GOLD SEED MARKER 5MM","Midd4736136","CDM","270","RC","","","","","facility","both","","","","67.18","67.18","","","","","","","","","","","","","Gross Charge Type: Main Acute Price List"
"IMPLANT, GREAT TOE REG LPT SIZE # 0","AnesChSup61512","CDM","278","RC","C1776","HCPCS","","","facility","both","","","","10269.13","10269.13","","","","","","","","","","","","","Gross Charge Type: Main Acute Price List"
"IMPLANT, GREAT TOE REG LPT SIZE # 0","OperWmSup61512","CDM","278","RC","C1776","HCPCS","","","facility","both","","","","10269.13","10269.13","","","","","","","","","","","","","Gross Charge Type: Main Acute Price List"
"IMPLANT, HAMMERTOE CCI STD KIT W/ 1.25 K WIRE","CcthChSup117604","CDM","278","RC","C1713","HCPCS","","","facility","both","","","","12510.61","12510.61","","","","","","","","","","","","","Gross Charge Type: Main Acute Price List"
"IMPLANT, HAMMERTOE CCI STD KIT W/ 1.25 K WIRE","DelrChSup117604","CDM","278","RC","C1713","HCPCS","","","facility","both","","","","12510.61","12510.61","","","","","","","","","","","","","Gross Charge Type: Main Acute Price List"
"IMPLANT, HAMMERTOE CCI STD KIT W/ 1.25 K WIRE","GyscChSup117604","CDM","278","RC","C1713","HCPCS","","","facility","both","","","","12510.61","12510.61","","","","","","","","","","","","","Gross Charge Type: Main Acute Price List"
"IMPLANT, HAMMERTOE CCI STD KIT W/ 1.25 K WIRE","PacuChSup117604","CDM","278","RC","C1713","HCPCS","","","facility","both","","","","12510.61","12510.61","","","","","","","","","","","","","Gross Charge Type: Main Acute Price List"
"IMPLANT, HAMMERTOE CCI STD KIT W/ 1.25 K WIRE","ScanWmSup117604","CDM","278","RC","C1713","HCPCS","","","facility","both","","","","12510.61","12510.61","","","","","","","","","","","","","Gross Charge Type: Main Acute Price List"
"IMPLANT, HEMI GREAT TOE MEDIUM","ScanWmSup43378","CDM","278","RC","","","","","facility","both","","","","8351.99","8351.99","","","","","","","","","","","","","Gross Charge Type: Main Acute Price List"
"IMPLANT, HEMI GREAT TOE SMALL","Chrs5443377","CDM","278","RC","C1776","HCPCS","","","facility","both","","","","8882.34","8882.34","","","","","","","","","","","","","Gross Charge Type: Main Acute Price List"
"IMPLANT, HUMERAL CEMENTLESS MODULAR ECCENTRIC EPIPHYSIS SZ 1 LT","AngiWmSup120078","CDM","278","RC","C1776","HCPCS","","","facility","both","","","","50274.13","50274.13","","","","","","","","","","","","","Gross Charge Type: Main Acute Price List"
"IMPLANT, HUMERAL CEMENTLESS MODULAR ECCENTRIC EPIPHYSIS SZ 1 LT","GastWmSup120078","CDM","278","RC","C1776","HCPCS","","","facility","both","","","","50274.13","50274.13","","","","","","","","","","","","","Gross Charge Type: Main Acute Price List"
"IMPLANT, HUMERAL CEMENTLESS MODULAR ECCENTRIC EPIPHYSIS SZ 1 LT","ScanWmSup120078","CDM","278","RC","C1776","HCPCS","","","facility","both","","","","50274.13","50274.13","","","","","","","","","","","","","Gross Charge Type: Main Acute Price List"
"IMPLANT, IBALANCE LARGE 6 DEGREE","GyscChSup116398","CDM","278","RC","C1713","HCPCS","","","facility","both","","","","11923.02","11923.02","","","","","","","","","","","","","Gross Charge Type: Main Acute Price List"
"IMPLANT, IFUSE TORQ 10.0MMX10MM","EplbChSup112982","CDM","278","RC","C1713","HCPCS","","","facility","both","","","","18463.82","18463.82","","","","","","","","","","","","","Gross Charge Type: Main Acute Price List"
"IMPLANT, IFUSE TORQ 10.0MMX10MM","ScorWmSup112982","CDM","278","RC","C1713","HCPCS","","","facility","both","","","","18463.82","18463.82","","","","","","","","","","","","","Gross Charge Type: Main Acute Price List"
"IMPLANT, IFUSE TORQ 10.0MMX45MM","CcthChSup112981","CDM","278","RC","C1713","HCPCS","","","facility","both","","","","18463.82","18463.82","","","","","","","","","","","","","Gross Charge Type: Main Acute Price List"
"IMPLANT, IFUSE TORQ 10.0MMX45MM","ScanWmSup112981","CDM","278","RC","C1713","HCPCS","","","facility","both","","","","18463.82","18463.82","","","","","","","","","","","","","Gross Charge Type: Main Acute Price List"
"IMPLANT, IFUSE TORQ 10.0MMX45MM","ScpuWmSup112981","CDM","278","RC","C1713","HCPCS","","","facility","both","","","","18463.82","18463.82","","","","","","","","","","","","","Gross Charge Type: Main Acute Price List"
"IMPLANT, IFUSE TORQ 10.0X85MM","GastChSup114614","CDM","278","RC","C1713","HCPCS","","","facility","both","","","","17353.97","17353.97","","","","","","","","","","","","","Gross Charge Type: Main Acute Price List"
"IMPLANT, IFUSE TORQ 10.0X85MM","PacuWmSup114614","CDM","278","RC","C1713","HCPCS","","","facility","both","","","","17353.97","17353.97","","","","","","","","","","","","","Gross Charge Type: Main Acute Price List"
"IMPLANT, IFUSE TORQ 10MMX35MM","AnesChSup113214","CDM","278","RC","C1713","HCPCS","","","facility","both","","","","18463.82","18463.82","","","","","","","","","","","","","Gross Charge Type: Main Acute Price List"
"IMPLANT, IFUSE TORQ 8.7MMX170MM","ScorChSup10180584","CDM","278","RC","C1713","HCPCS","","","facility","both","","","","18468.2","18468.2","","","","","","","","","","","","","Gross Charge Type: Main Acute Price List"
"IMPLANT, IFUSE TORQUE 11.5MMX50MM 112368","CcthChSup112368","CDM","278","RC","C1713","HCPCS","","","facility","both","","","","17361.38","17361.38","","","","","","","","","","","","","Gross Charge Type: Main Acute Price List"
"IMPLANT, IFUSE TORQUE 11.5MMX50MM","EplbChSup112366","CDM","278","RC","C1713","HCPCS","","","facility","both","","","","18463.82","18463.82","","","","","","","","","","","","","Gross Charge Type: Main Acute Price List"
"IMPLANT, IFUSE TORQUE 11.5MMX50MM","GyscChSup112366","CDM","278","RC","C1713","HCPCS","","","facility","both","","","","18463.82","18463.82","","","","","","","","","","","","","Gross Charge Type: Main Acute Price List"
"IMPLANT, IFUSE TORQUE 11.5MMX50MM","ScanChSup112366","CDM","278","RC","C1713","HCPCS","","","facility","both","","","","18463.82","18463.82","","","","","","","","","","","","","Gross Charge Type: Main Acute Price List"
"IMPLANT, INSPRIA SMOOTH COHESIVE LOW PROFILE 380CC","OperChSup118212","CDM","278","RC","C1789","HCPCS","","","facility","both","","","","5960.96","5960.96","","","","","","","","","","","","","Gross Charge Type: Main Acute Price List"
"IMPLANT, INSPRIA SMOOTH COHESIVE LOW PROFILE 380CC","ScanWmSup118212","CDM","278","RC","C1789","HCPCS","","","facility","both","","","","5960.96","5960.96","","","","","","","","","","","","","Gross Charge Type: Main Acute Price List"
"IMPLANT, INSPRIRA SMOOTH COHESIVE LOW PROFILE 230CC","EplbChSup113908","CDM","278","RC","C1789","HCPCS","","","facility","both","","","","1270.75","1270.75","","","","","","","","","","","","","Gross Charge Type: Main Acute Price List"
"IMPLANT, INTERBODY CASCADIA ALIF SIZE 24X30X11MM 10 DEG","AnesWmSup78343","CDM","278","RC","C1889","HCPCS","","","facility","both","","","","17486.63","17486.63","","","","","","","","","","","","","Gross Charge Type: Main Acute Price List"
"IMPLANT, INTERBODY CASCADIA ALIF SIZE 24X30X11MM 10 DEG","ScanChSup78343","CDM","278","RC","C1889","HCPCS","","","facility","both","","","","17486.63","17486.63","","","","","","","","","","","","","Gross Charge Type: Main Acute Price List"
"IMPLANT, INTERBODY CASCADIA SIZE 24X30X11MM, 15 DEGREE","AngiWmSup78245","CDM","278","RC","C1889","HCPCS","","","facility","both","","","","17486.63","17486.63","","","","","","","","","","","","","Gross Charge Type: Main Acute Price List"
"IMPLANT, INTERBODY CASCADIA SIZE 24X30X11MM, 15 DEGREE","GastChSup78245","CDM","278","RC","C1889","HCPCS","","","facility","both","","","","17486.63","17486.63","","","","","","","","","","","","","Gross Charge Type: Main Acute Price List"
"IMPLANT, INTERLAMINAR COFLEX SIZE 16","ScanChSup52360","CDM","278","RC","C1713","HCPCS","","","facility","both","","","","30182.72","30182.72","","","","","","","","","","","","","Gross Charge Type: Main Acute Price List"
"IMPLANT, INTERLAMINAR COFLEX SIZE 8","GastChSup52356","CDM","278","RC","C1713","HCPCS","","","facility","both","","","","28380.55","28380.55","","","","","","","","","","","","","Gross Charge Type: Main Acute Price List"
"IMPLANT, INTERLAMINAR COFLEX SIZE 8","ScanWmSup52356","CDM","278","RC","C1713","HCPCS","","","facility","both","","","","28380.55","28380.55","","","","","","","","","","","","","Gross Charge Type: Main Acute Price List"
"IMPLANT, KIT SYNDEX CONSTRICTOR","AnesWmSup118808","CDM","278","RC","C1713","HCPCS","","","facility","both","","","","6950.34","6950.34","","","","","","","","","","","","","Gross Charge Type: Main Acute Price List"
"IMPLANT, LMH COCR SIZE 3 SYSTEM","GastChSup115296","CDM","278","RC","C1776","HCPCS","","","facility","both","","","","20109.4","20109.4","","","","","","","","","","","","","Gross Charge Type: Main Acute Price List"
"IMPLANT, LMH COCR SIZE 3 SYSTEM","ScanWmSup115296","CDM","278","RC","C1776","HCPCS","","","facility","both","","","","20109.4","20109.4","","","","","","","","","","","","","Gross Charge Type: Main Acute Price List"
"IMPLANT, LOW PROFILE CURVAFIX 7.5X200MM","ScorChSup10195450","CDM","278","RC","C1713","HCPCS","","","facility","both","","","","18454.4","18454.4","","","","","","","","","","","","","Gross Charge Type: Main Acute Price List"
"IMPLANT, LPT GREAT TOE SIZE 2","GastWmSup118342","CDM","278","RC","C1776","HCPCS","","","facility","both","","","","10269.13","10269.13","","","","","","","","","","","","","Gross Charge Type: Main Acute Price List"
"IMPLANT, LPT REGULAR GREAT TOE SZ 1","CcthChSup119792","CDM","278","RC","C1776","HCPCS","","","facility","both","","","","10921.21","10921.21","","","","","","","","","","","","","Gross Charge Type: Main Acute Price List"
"IMPLANT, MANDIBLE IPS","OperWmSup111140","CDM","278","RC","C1889","HCPCS","","","facility","both","","","","58424.58","58424.58","","","","","","","","","","","","","Gross Charge Type: Main Acute Price List"
"IMPLANT, MANDIBLE IPS","ScpuChSup111140","CDM","278","RC","C1889","HCPCS","","","facility","both","","","","58424.58","58424.58","","","","","","","","","","","","","Gross Charge Type: Main Acute Price List"
"IMPLANT, MEDPOR TITAN 3D ORBITAL FLOOR RIGHT- SMALL 32X35MMX13MMX1.2MM","OperChSup65403","CDM","278","RC","C1781","HCPCS","","","facility","both","","","","14338.64","14338.64","","","","","","","","","","","","","Gross Charge Type: Main Acute Price List"
"IMPLANT, MEMORY GEL SMOOTH ROUND HIGH EXTRA PROFILE 355CC","DelrChSup119775","CDM","278","RC","C1789","HCPCS","","","facility","both","","","","1079.26","1079.26","","","","","","","","","","","","","Gross Charge Type: Main Acute Price List"
"IMPLANT, MEMORY GEL SMOOTH ROUND HIGH EXTRA PROFILE 355CC","GastWmSup119775","CDM","278","RC","C1789","HCPCS","","","facility","both","","","","1079.26","1079.26","","","","","","","","","","","","","Gross Charge Type: Main Acute Price List"
"IMPLANT, MEMORY GEL SMOOTH ROUND HIGH EXTRA PROFILE 415CC","ScpuWmSup119776","CDM","278","RC","C1789","HCPCS","","","facility","both","","","","1147.8","1147.8","","","","","","","","","","","","","Gross Charge Type: Main Acute Price List"
"IMPLANT, MEMORY GEL SMOOTH ROUND HIGH EXTRA PROFILE 465CC","EplbChSup119777","CDM","278","RC","C1789","HCPCS","","","facility","both","","","","1276.55","1276.55","","","","","","","","","","","","","Gross Charge Type: Main Acute Price List"
"IMPLANT, MEMORY GEL SMOOTH ROUND HIGH EXTRA PROFILE 465CC","OperChSup119777","CDM","278","RC","C1789","HCPCS","","","facility","both","","","","1276.55","1276.55","","","","","","","","","","","","","Gross Charge Type: Main Acute Price List"
"IMPLANT, MICRO THIN SHEET 38X50X0.45MM","GastChSup63771","CDM","278","RC","","","","","facility","both","","","","2797.02","2797.02","","","","","","","","","","","","","Gross Charge Type: Main Acute Price List"
"IMPLANT, MODULUS ALIF 6X42X32MM 15 DEGREE","AnesWmSup111952","CDM","278","RC","","","","","facility","both","","","","33014.12","33014.12","","","","","","","","","","","","","Gross Charge Type: Main Acute Price List"
"IMPLANT, MODULUS ALIF 6X42X32MM 15 DEGREE","ScpuChSup111952","CDM","278","RC","","","","","facility","both","","","","33014.12","33014.12","","","","","","","","","","","","","Gross Charge Type: Main Acute Price List"
"IMPLANT, MODULUS CERVICAL 6X17X14MM 7 DEGREE","ScanWmSup112251","CDM","278","RC","C1821","HCPCS","","","facility","both","","","","8315.65","8315.65","","","","","","","","","","","","","Gross Charge Type: Main Acute Price List"
"IMPLANT, MODULUS TLIF 10X10X30MM 8 DEGREE","DelrChSup111126","CDM","278","RC","C1821","HCPCS","","","facility","both","","","","17375.85","17375.85","","","","","","","","","","","","","Gross Charge Type: Main Acute Price List"
"IMPLANT, MODULUS TLIF-A 9X9X30MM 8 DEGREE","OperWmSup79606","CDM","278","RC","","","","","facility","both","","","","18479.22","18479.22","","","","","","","","","","","","","Gross Charge Type: Main Acute Price List"
"IMPLANT, MODULUS TLIF-O 7X10X25MM 4 DEGREE","ScanWmSup107825","CDM","278","RC","C1821","HCPCS","","","facility","both","","","","17375.85","17375.85","","","","","","","","","","","","","Gross Charge Type: Main Acute Price List"
"IMPLANT, MODULUS TLIF-O 8X10X25MM 12 DEGREE","OperWmSup112310","CDM","278","RC","C1821","HCPCS","","","facility","both","","","","17375.85","17375.85","","","","","","","","","","","","","Gross Charge Type: Main Acute Price List"
"IMPLANT, MODULUS XL 10X18X45MM 10 DEGREE","PacuChSup75779","CDM","278","RC","C1889","HCPCS","","","facility","both","","","","25482.84","25482.84","","","","","","","","","","","","","Gross Charge Type: Main Acute Price List"
"IMPLANT, MODULUS XL 12X18X50MM 10 DEGREE","CLDRChSup75784","CDM","278","RC","C1776","HCPCS","","","facility","both","","","","25482.84","25482.84","","","","","","","","","","","","","Gross Charge Type: Main Acute Price List"
"IMPLANT, MODULUS XL 12X18X55MM 10 DEGREE","ScorChSup75785","CDM","278","RC","C1889","HCPCS","","","facility","both","","","","25482.84","25482.84","","","","","","","","","","","","","Gross Charge Type: Main Acute Price List"
"IMPLANT, MODULUS XL 12X18X60MM 10 DEGREE","ScpuWmSup75786","CDM","278","RC","","","","","facility","both","","","","25482.84","25482.84","","","","","","","","","","","","","Gross Charge Type: Main Acute Price List"
"IMPLANT, MODULUS XL 8X18X45MM 10 DEGREE","AnesChSup75787","CDM","278","RC","C1889","HCPCS","","","facility","both","","","","25482.84","25482.84","","","","","","","","","","","","","Gross Charge Type: Main Acute Price List"
"IMPLANT, MODULUS XL 8X18X45MM 10 DEGREE","CspuChSup75787","CDM","278","RC","C1889","HCPCS","","","facility","both","","","","25482.84","25482.84","","","","","","","","","","","","","Gross Charge Type: Main Acute Price List"
"IMPLANT, MODULUS XL 8X18X55MM 10 DEGREE","ScanChSup75789","CDM","278","RC","C1889","HCPCS","","","facility","both","","","","25482.84","25482.84","","","","","","","","","","","","","Gross Charge Type: Main Acute Price List"
"IMPLANT, MODULUS XL 8X18X60MM 10 DEGREE","PacuWmSup75790","CDM","278","RC","C1889","HCPCS","","","facility","both","","","","23961.3","23961.3","","","","","","","","","","","","","Gross Charge Type: Main Acute Price List"
"IMPLANT, MODULUS XLW 10X22X45MM 10 DEGREE","GyscChSup75897","CDM","278","RC","C1889","HCPCS","","","facility","both","","","","27996.02","27996.02","","","","","","","","","","","","","Gross Charge Type: Main Acute Price List"
"IMPLANT, MODULUS XLW 10X22X45MM 10 DEGREE","ScorChSup75897","CDM","278","RC","C1889","HCPCS","","","facility","both","","","","27996.02","27996.02","","","","","","","","","","","","","Gross Charge Type: Main Acute Price List"
"IMPLANT, MODULUS XLW 10X22X45MM 15 DEGREE","AnesWmSup75768","CDM","278","RC","C1889","HCPCS","","","facility","both","","","","30022.57","30022.57","","","","","","","","","","","","","Gross Charge Type: Main Acute Price List"
"IMPLANT, MODULUS XLW 10X22X45MM 5 DEGREE","ScorChSup77489","CDM","278","RC","C1889","HCPCS","","","facility","both","","","","27996.02","27996.02","","","","","","","","","","","","","Gross Charge Type: Main Acute Price List"
"IMPLANT, MODULUS XLW 10X22X50MM 10 DEGREE","ScpuChSup75898","CDM","278","RC","C1889","HCPCS","","","facility","both","","","","27996.02","27996.02","","","","","","","","","","","","","Gross Charge Type: Main Acute Price List"
"IMPLANT, MODULUS XLW 10X22X50MM 15 DEGREE","OperWmSup75766","CDM","278","RC","C1889","HCPCS","","","facility","both","","","","30022.57","30022.57","","","","","","","","","","","","","Gross Charge Type: Main Acute Price List"
"IMPLANT, MODULUS XLW 10X22X50MM 15 DEGREE","ScorWmSup75766","CDM","278","RC","C1889","HCPCS","","","facility","both","","","","30022.57","30022.57","","","","","","","","","","","","","Gross Charge Type: Main Acute Price List"
"IMPLANT, MODULUS XLW 10X22X55MM 10 DEGREE","OperWmSup75899","CDM","278","RC","C1889","HCPCS","","","facility","both","","","","27996.02","27996.02","","","","","","","","","","","","","Gross Charge Type: Main Acute Price List"
"IMPLANT, MODULUS XLW 10X22X55MM 15 DEGREE","PacuChSup75769","CDM","278","RC","C1889","HCPCS","","","facility","both","","","","30022.57","30022.57","","","","","","","","","","","","","Gross Charge Type: Main Acute Price List"
"IMPLANT, MODULUS XLW 10X22X55MM 5 DEGREE","CcthChSup78483","CDM","278","RC","C1889","HCPCS","","","facility","both","","","","27996.02","27996.02","","","","","","","","","","","","","Gross Charge Type: Main Acute Price List"
"IMPLANT, MODULUS XLW 12X22X45MM 10 DEGREE","ScanWmSup75901","CDM","278","RC","","","","","facility","both","","","","24952.05","24952.05","","","","","","","","","","","","","Gross Charge Type: Main Acute Price List"
"IMPLANT, MODULUS XLW 12X22X45MM 15 DEGREE","CcthChSup75771","CDM","278","RC","","","","","facility","both","","","","28229.96","28229.96","","","","","","","","","","","","","Gross Charge Type: Main Acute Price List"
"IMPLANT, MODULUS XLW 12X22X45MM 15 DEGREE","ScorWmSup75771","CDM","278","RC","","","","","facility","both","","","","28229.96","28229.96","","","","","","","","","","","","","Gross Charge Type: Main Acute Price List"
"IMPLANT, MODULUS XLW 12X22X45MM 5 DEGREE","ScpuWmSup106215","CDM","278","RC","C1889","HCPCS","","","facility","both","","","","27996.02","27996.02","","","","","","","","","","","","","Gross Charge Type: Main Acute Price List"
"IMPLANT, MODULUS XLW 12X22X50MM 10 DEGREE","ScanChSup75902","CDM","278","RC","C1889","HCPCS","","","facility","both","","","","27996.02","27996.02","","","","","","","","","","","","","Gross Charge Type: Main Acute Price List"
"IMPLANT, MODULUS XLW 12X22X50MM 5 DEG","AngiWmSup80126","CDM","278","RC","C1889","HCPCS","","","facility","both","","","","27996.02","27996.02","","","","","","","","","","","","","Gross Charge Type: Main Acute Price List"
"IMPLANT, MODULUS XLW 12X22X50MM 5 DEG","ScanChSup80126","CDM","278","RC","C1889","HCPCS","","","facility","both","","","","27996.02","27996.02","","","","","","","","","","","","","Gross Charge Type: Main Acute Price List"
"IMPLANT, MODULUS XLW 12X22X50MM 5 DEG","ScorWmSup80126","CDM","278","RC","C1889","HCPCS","","","facility","both","","","","27996.02","27996.02","","","","","","","","","","","","","Gross Charge Type: Main Acute Price List"
"IMPLANT, MODULUS XLW 12X22X55MM 10 DEGREE","OperWmSup75903","CDM","278","RC","C1889","HCPCS","","","facility","both","","","","27996.02","27996.02","","","","","","","","","","","","","Gross Charge Type: Main Acute Price List"
"IMPLANT, MODULUS XLW 12X22X55MM 15 DEGREE","ScpuChSup75773","CDM","278","RC","C1889","HCPCS","","","facility","both","","","","28229.96","28229.96","","","","","","","","","","","","","Gross Charge Type: Main Acute Price List"
"IMPLANT, MODULUS XLW 12X22X55MM 5 DEGREE","DelrChSup78840","CDM","278","RC","C1889","HCPCS","","","facility","both","","","","27996.02","27996.02","","","","","","","","","","","","","Gross Charge Type: Main Acute Price List"
"IMPLANT, MODULUS XLW 12X22X55MM 5 DEGREE","GastWmSup78840","CDM","278","RC","C1889","HCPCS","","","facility","both","","","","27996.02","27996.02","","","","","","","","","","","","","Gross Charge Type: Main Acute Price List"
"IMPLANT, MODULUS XLW 8X22X45MM 10 DEGREE","ScanChSup75905","CDM","278","RC","C1889","HCPCS","","","facility","both","","","","27996.02","27996.02","","","","","","","","","","","","","Gross Charge Type: Main Acute Price List"
"IMPLANT, MODULUS XLW 8X22X45MM 15 DEGREE","CspuChSup75775","CDM","278","RC","C1889","HCPCS","","","facility","both","","","","30022.57","30022.57","","","","","","","","","","","","","Gross Charge Type: Main Acute Price List"
"IMPLANT, MODULUS XLW 8X22X50MM 15 DEGREE","GastWmSup75776","CDM","278","RC","C1889","HCPCS","","","facility","both","","","","30022.57","30022.57","","","","","","","","","","","","","Gross Charge Type: Main Acute Price List"
"IMPLANT, MODULUS XLW 8X22X50MM 5 DEGREE","OperChSup77040","CDM","278","RC","C1889","HCPCS","","","facility","both","","","","27996.02","27996.02","","","","","","","","","","","","","Gross Charge Type: Main Acute Price List"
"IMPLANT, MODULUS XLW 8X22X55MM 10 DEGREE","AngiWmSup75907","CDM","278","RC","C1889","HCPCS","","","facility","both","","","","27996.02","27996.02","","","","","","","","","","","","","Gross Charge Type: Main Acute Price List"
"IMPLANT, MODULUS XLW 8X22X55MM 15 DEGREE","ScorWmSup75777","CDM","278","RC","C1889","HCPCS","","","facility","both","","","","30022.57","30022.57","","","","","","","","","","","","","Gross Charge Type: Main Acute Price List"
"IMPLANT, MODULUS XLW 8X22X55MM 5 DEGREE","ScpuChSup78944","CDM","278","RC","","","","","facility","both","","","","27996.02","27996.02","","","","","","","","","","","","","Gross Charge Type: Main Acute Price List"
"IMPLANT, MODULUS XLW 8X22X60MM 10 DEGREE","ScpuChSup75908","CDM","278","RC","C1889","HCPCS","","","facility","both","","","","26324.41","26324.41","","","","","","","","","","","","","Gross Charge Type: Main Acute Price List"
"IMPLANT, MODULUS XLW 8X22X60MM 15 DEGREE","AnesChSup75778","CDM","278","RC","","","","","facility","both","","","","30022.57","30022.57","","","","","","","","","","","","","Gross Charge Type: Main Acute Price List"
"IMPLANT, MODULUS XLW 8X22X60MM 5 DEGREE","GastWmSup79491","CDM","278","RC","C1889","HCPCS","","","facility","both","","","","27996.02","27996.02","","","","","","","","","","","","","Gross Charge Type: Main Acute Price List"
"IMPLANT, MODULUS XLXW 10X26X45MM 10 DEGREE","ScorWmSup107524","CDM","278","RC","","","","","facility","both","","","","28229.96","28229.96","","","","","","","","","","","","","Gross Charge Type: Main Acute Price List"
"IMPLANT, MODULUS XLXW 10X26X55MM 10 DEGREE","CcthChSup107457","CDM","278","RC","C1776","HCPCS","","","facility","both","","","","28229.96","28229.96","","","","","","","","","","","","","Gross Charge Type: Main Acute Price List"
"IMPLANT, MODULUS XLXW 10X26X55MM 10 DEGREE","OperWmSup107457","CDM","278","RC","C1776","HCPCS","","","facility","both","","","","28229.96","28229.96","","","","","","","","","","","","","Gross Charge Type: Main Acute Price List"
"IMPLANT, MODULUS XLXW 10X26X60MM 10 DEGREE","CcthChSup106988","CDM","278","RC","C1776","HCPCS","","","facility","both","","","","28229.96","28229.96","","","","","","","","","","","","","Gross Charge Type: Main Acute Price List"
"IMPLANT, MODULUS XLXW 12X26X60MM 10 DEGREE","PacuChSup107543","CDM","278","RC","","","","","facility","both","","","","28229.96","28229.96","","","","","","","","","","","","","Gross Charge Type: Main Acute Price List"
"IMPLANT, MTP CARTIVA 6MM COMPT","CspuChSup112846","CDM","278","RC","C1776","HCPCS","","","facility","both","","","","19258.23","19258.23","","","","","","","","","","","","","Gross Charge Type: Main Acute Price List"
"IMPLANT, NANOLOCK ENDOSKELETON 6 DEGREE LRG (18X16) 7MM COMPT","CcthChSup109695","CDM","278","RC","C1889","HCPCS","","","facility","both","","","","22175.06","22175.06","","","","","","","","","","","","","Gross Charge Type: Main Acute Price List"
"IMPLANT, NANOLOCK ENDOSKELETON 6 DEGREE LRG (18X16) 8MM","ScorWmSup79624","CDM","278","RC","C1889","HCPCS","","","facility","both","","","","20851.02","20851.02","","","","","","","","","","","","","Gross Charge Type: Main Acute Price List"
"IMPLANT, NEUROSTIMULATOR AXONICS","OperWmSup106154","CDM","278","RC","C1820","HCPCS","","","facility","both","","","","62170.79","62170.79","","","","","","","","","","","","","Gross Charge Type: Main Acute Price List"
"IMPLANT, NEUROSTIMULATOR AXONICS","ScanChSup106154","CDM","278","RC","C1820","HCPCS","","","facility","both","","","","62170.79","62170.79","","","","","","","","","","","","","Gross Charge Type: Main Acute Price List"
"IMPLANT, NEUROSTIMULATOR AXONICS","ScpuChSup106154","CDM","278","RC","C1820","HCPCS","","","facility","both","","","","62170.79","62170.79","","","","","","","","","","","","","Gross Charge Type: Main Acute Price List"
"IMPLANT, ORBITAL IPS","CspuChSup112851","CDM","278","RC","","","","","facility","both","","","","28380.55","28380.55","","","","","","","","","","","","","Gross Charge Type: Main Acute Price List"
"IMPLANT, ORBITAL","PacuWmSup113433","CDM","278","RC","","","","","facility","both","","","","42860.43","42860.43","","","","","","","","","","","","","Gross Charge Type: Main Acute Price List"
"IMPLANT, OSI300","ScanChSup119889","CDM","278","RC","L8690","HCPCS","","","facility","both","","","","27660.79","27660.79","","","","","","","","","","","","","Gross Charge Type: Main Acute Price List"
"IMPLANT, PENILE 700LGX WI/Z","Chrs5449313","CDM","278","RC","C1813","HCPCS","","","facility","both","","","","68557.89","68557.89","","","","","","","","","","","","","Gross Charge Type: Main Acute Price List"
"IMPLANT, PENILE CX MS PUMP 12X24MM","EplbChSup113733","CDM","278","RC","C1813","HCPCS","","","facility","both","","","","66679.18","66679.18","","","","","","","","","","","","","Gross Charge Type: Main Acute Price List"
"IMPLANT, PENILE CX MS PUMP 12X24MM","PacuWmSup113733","CDM","278","RC","C1813","HCPCS","","","facility","both","","","","66679.18","66679.18","","","","","","","","","","","","","Gross Charge Type: Main Acute Price List"
"IMPLANT, PENILE CX PRECONNECT MS 18CM PS IZ","ScanWmSup55777","CDM","278","RC","C1813","HCPCS","","","facility","both","","","","66679.18","66679.18","","","","","","","","","","","","","Gross Charge Type: Main Acute Price List"
"IMPLANT, PENILE CX PRECONNECT MS 21CM PS IZ","OperWmSup55778","CDM","278","RC","C1813","HCPCS","","","facility","both","","","","62697.86","62697.86","","","","","","","","","","","","","Gross Charge Type: Main Acute Price List"
"IMPLANT, PENILE LGX PRECONNECT MS 18CM IP IZ","ScanWmSup55767","CDM","278","RC","C1813","HCPCS","","","facility","both","","","","64464.4","64464.4","","","","","","","","","","","","","Gross Charge Type: Main Acute Price List"
"IMPLANT, PHALINX MEDIUM 0 STRL","ScorWmSup119411","CDM","278","RC","C1713","HCPCS","","","facility","both","","","","7078.78","7078.78","","","","","","","","","","","","","Gross Charge Type: Main Acute Price List"
"IMPLANT, PHALINX SMALL 0 STRL","OperWmSup10180953","CDM","278","RC","C1713","HCPCS","","","facility","both","","","","7080.45","7080.45","","","","","","","","","","","","","Gross Charge Type: Main Acute Price List"
"IMPLANT, PHALINX TRIAL STRL","AngiChSup119410","CDM","278","RC","C1713","HCPCS","","","facility","both","","","","307.99","307.99","","","","","","","","","","","","","Gross Charge Type: Main Acute Price List"
"IMPLANT, PIP SILICONE SIZE 30","PacuWmSup65957","CDM","278","RC","","","","","facility","both","","","","6549.79","6549.79","","","","","","","","","","","","","Gross Charge Type: Main Acute Price List"
"IMPLANT, PRODISC-L END PLATE INFERIOR MED 107927","AngiWmSup107927","CDM","278","RC","C1889","HCPCS","","","facility","both","","","","25967.92","25967.92","","","","","","","","","","","","","Gross Charge Type: Main Acute Price List"
"IMPLANT, PRODISC-L END PLATE SUPERIOR LARGE","GastChSup35487","CDM","278","RC","C1889","HCPCS","","","facility","both","","","","24417.42","24417.42","","","","","","","","","","","","","Gross Charge Type: Main Acute Price List"
"IMPLANT, PRODISC-L END PLATE SUPERIOR LRG","ScpuWmSup107926","CDM","278","RC","C1889","HCPCS","","","facility","both","","","","25967.92","25967.92","","","","","","","","","","","","","Gross Charge Type: Main Acute Price List"
"IMPLANT, PRODISC-L END PLATE SUPERIOR MED","PacuWmSup33731","CDM","278","RC","C1889","HCPCS","","","facility","both","","","","24417.42","24417.42","","","","","","","","","","","","","Gross Charge Type: Main Acute Price List"
"IMPLANT, PRODISC-L INFERIOR ENDPLATE 8 DEGREE","OperChSup108100","CDM","278","RC","C1889","HCPCS","","","facility","both","","","","24417.42","24417.42","","","","","","","","","","","","","Gross Charge Type: Main Acute Price List"
"IMPLANT, PROPEL MINI MOMETASONE FUROATE","GastWmSup64564","CDM","278","RC","C2625","HCPCS","","","facility","both","","","","6254.36","6254.36","","","","","","","","","","","","","Gross Charge Type: Main Acute Price List"
"IMPLANT, QUADLINK SYSTEM 8MM","ScorWmSup121737","CDM","278","RC","C1713","HCPCS","","","facility","both","","","","14517.33","14517.33","","","","","","","","","","","","","Gross Charge Type: Main Acute Price List"
"IMPLANT, QUADLINK SYSTEM 9MM","ScorWmSup121736","CDM","278","RC","C1713","HCPCS","","","facility","both","","","","14517.33","14517.33","","","","","","","","","","","","","Gross Charge Type: Main Acute Price List"
"IMPLANT, REPAIR SYSTEM DISTAL BICEPS","ScpuChSup39163","CDM","278","RC","C1713","HCPCS","","","facility","both","","","","5673.42","5673.42","","","","","","","","","","","","","Gross Charge Type: Main Acute Price List"
"IMPLANT, SACRAL I-FUSE 3D 7X35MM","CcthChSup74991","CDM","278","RC","","","","","facility","both","","","","17361.38","17361.38","","","","","","","","","","","","","Gross Charge Type: Main Acute Price List"
"IMPLANT, SACRAL I-FUSE 3D 7X35MM","PacuWmSup74991","CDM","278","RC","","","","","facility","both","","","","17361.38","17361.38","","","","","","","","","","","","","Gross Charge Type: Main Acute Price List"
"IMPLANT, SACRAL I-FUSE 3D 7X40MM","PacuChSup74163","CDM","278","RC","","","","","facility","both","","","","17361.38","17361.38","","","","","","","","","","","","","Gross Charge Type: Main Acute Price List"
"IMPLANT, SACRAL I-FUSE 3D 7X40MM","ScanWmSup74163","CDM","278","RC","","","","","facility","both","","","","17361.38","17361.38","","","","","","","","","","","","","Gross Charge Type: Main Acute Price List"
"IMPLANT, SACRAL I-FUSE 3D 7X40MM","ScorWmSup74163","CDM","278","RC","","","","","facility","both","","","","17361.38","17361.38","","","","","","","","","","","","","Gross Charge Type: Main Acute Price List"
"IMPLANT, SACRAL I-FUSE 3D 7X50MM","ScanChSup75451","CDM","278","RC","","","","","facility","both","","","","17361.38","17361.38","","","","","","","","","","","","","Gross Charge Type: Main Acute Price List"
"IMPLANT, SACRAL I-FUSE 3D 7X50MM","ScorChSup75451","CDM","278","RC","","","","","facility","both","","","","17361.38","17361.38","","","","","","","","","","","","","Gross Charge Type: Main Acute Price List"
"IMPLANT, SACRAL I-FUSE 3D 7X50MM","ScpuWmSup75451","CDM","278","RC","","","","","facility","both","","","","17361.38","17361.38","","","","","","","","","","","","","Gross Charge Type: Main Acute Price List"
"IMPLANT, SIMPLIFIY DISC 3 H 5. 5 DEGREE","OperChSup119637","CDM","278","RC","C1889","HCPCS","","","facility","both","","","","30182.72","30182.72","","","","","","","","","","","","","Gross Charge Type: Main Acute Price List"
"IMPLANT, SIMPLIFY DISC SIZE 2 HT 4","OperChSup114263","CDM","278","RC","","","","","facility","both","","","","23740.41","23740.41","","","","","","","","","","","","","Gross Charge Type: Main Acute Price List"
"IMPLANT, SIMPLIFY DISC SIZE 3 HT 5","OperChSup114262","CDM","278","RC","","","","","facility","both","","","","23740.41","23740.41","","","","","","","","","","","","","Gross Charge Type: Main Acute Price List"
"IMPLANT, SIMPLIFY DISC SIZE 3 HT 5","PacuWmSup114262","CDM","278","RC","","","","","facility","both","","","","23740.41","23740.41","","","","","","","","","","","","","Gross Charge Type: Main Acute Price List"
"IMPLANT, SIMPLIFY DISC SIZE 3 HT 5","ScanWmSup114262","CDM","278","RC","","","","","facility","both","","","","23740.41","23740.41","","","","","","","","","","","","","Gross Charge Type: Main Acute Price List"
"IMPLANT, SIMPLIFY DISC SIZE 3 HT 5","ScorChSup114262","CDM","278","RC","","","","","facility","both","","","","23740.41","23740.41","","","","","","","","","","","","","Gross Charge Type: Main Acute Price List"
"IMPLANT, SMALL PRE-CONTOURED ORBITAL IMPLANT","PacuChSup118928","CDM","278","RC","C1713","HCPCS","","","facility","both","","","","8069.26","8069.26","","","","","","","","","","","","","Gross Charge Type: Main Acute Price List"
"IMPLANT, SMART TOE II 19MM","AngiChSup55584","CDM","278","RC","C1713","HCPCS","","","facility","both","","","","5417.09","5417.09","","","","","","","","","","","","","Gross Charge Type: Main Acute Price List"
"IMPLANT, SMART TOE II ANGLED 20MM","ScanChSup55590","CDM","278","RC","C1713","HCPCS","","","facility","both","","","","5715.03","5715.03","","","","","","","","","","","","","Gross Charge Type: Main Acute Price List"
"IMPLANT, SMOOTH MOD HIGH XTRA 210 CC","EplbChSup109469","CDM","278","RC","C1789","HCPCS","","","facility","both","","","","1147.8","1147.8","","","","","","","","","","","","","Gross Charge Type: Main Acute Price List"
"IMPLANT, SMOOTH MOD HIGH XTRA 210 CC","ScpuChSup109469","CDM","278","RC","C1789","HCPCS","","","facility","both","","","","1147.8","1147.8","","","","","","","","","","","","","Gross Charge Type: Main Acute Price List"
"IMPLANT, SMOOTH MOD HIGH XTRA 500 CC","AngiChSup109480","CDM","278","RC","C1789","HCPCS","","","facility","both","","","","1079.26","1079.26","","","","","","","","","","","","","Gross Charge Type: Main Acute Price List"
"IMPLANT, SMOOTH MOD HIGH XTRA 500 CC","CcthChSup109480","CDM","278","RC","C1789","HCPCS","","","facility","both","","","","1079.26","1079.26","","","","","","","","","","","","","Gross Charge Type: Main Acute Price List"
"IMPLANT, SMOOTH MOD HIGH XTRA 500 CC","GastChSup109480","CDM","278","RC","C1789","HCPCS","","","facility","both","","","","1079.26","1079.26","","","","","","","","","","","","","Gross Charge Type: Main Acute Price List"
"IMPLANT, SMOOTH MOD HIGH XTRA 500 CC","GyscChSup109480","CDM","278","RC","C1789","HCPCS","","","facility","both","","","","1079.26","1079.26","","","","","","","","","","","","","Gross Charge Type: Main Acute Price List"
"IMPLANT, SMOOTH MOD HIGH XTRA 700 CC","GyscChSup109484","CDM","278","RC","C1789","HCPCS","","","facility","both","","","","1079.26","1079.26","","","","","","","","","","","","","Gross Charge Type: Main Acute Price List"
"IMPLANT, SPHERE ROUND 18MM","GyscChSup21007","CDM","278","RC","L8610","HCPCS","","","facility","both","","","","3263.18","3263.18","","","","","","","","","","","","","Gross Charge Type: Main Acute Price List"
"IMPLANT, SPHERE ROUND 18MM","Wilm5421007","CDM","278","RC","L8610","HCPCS","","","facility","both","","","","3263.18","3263.18","","","","","","","","","","","","","Gross Charge Type: Main Acute Price List"
"IMPLANT, SPHERE ROUND 20MM","Chrs54104594","CDM","278","RC","L8610","HCPCS","","","facility","both","","","","3068.34","3068.34","","","","","","","","","","","","","Gross Charge Type: Main Acute Price List"
"IMPLANT, SPHERE ROUND SST-EZ 20MM","GastChSup61880","CDM","278","RC","L8610","HCPCS","","","facility","both","","","","3359.33","3359.33","","","","","","","","","","","","","Gross Charge Type: Main Acute Price List"
"IMPLANT, SPHERE ROUND SST-EZ 20MM","GyscChSup61880","CDM","278","RC","L8610","HCPCS","","","facility","both","","","","3359.33","3359.33","","","","","","","","","","","","","Gross Charge Type: Main Acute Price List"
"IMPLANT, SPIN COROENT XL WIDE 100 10X22X45MM","ScpuChSup46495","CDM","278","RC","C1889","HCPCS","","","facility","both","","","","21559.08","21559.08","","","","","","","","","","","","","Gross Charge Type: Main Acute Price List"
"IMPLANT, SPINAL ALIF NANOLOCK SURFACE 7MM 6 DEG SMALL","OperWmSup79840","CDM","278","RC","C1889","HCPCS","","","facility","both","","","","22175.06","22175.06","","","","","","","","","","","","","Gross Charge Type: Main Acute Price List"
"IMPLANT, SPINAL ALIF NANOLOCK SURFACE 8MM  6 DEG SMALL","OperWmSup106137","CDM","278","RC","C1889","HCPCS","","","facility","both","","","","22175.06","22175.06","","","","","","","","","","","","","Gross Charge Type: Main Acute Price List"
"IMPLANT, SPINAL ARTIC-L 3D TI 12W 25X10MM 10 DEG","GyscChSup76597","CDM","278","RC","C1889","HCPCS","","","facility","both","","","","16015.32","16015.32","","","","","","","","","","","","","Gross Charge Type: Main Acute Price List"
"IMPLANT, SPINAL CERVICAL CIF CONDUIT 5MM 8DEG S","PacuWmSup109856","CDM","278","RC","C1821","HCPCS","","","facility","both","","","","6950.34","6950.34","","","","","","","","","","","","","Gross Charge Type: Main Acute Price List"
"IMPLANT, SPINAL CERVICAL CIF CONDUIT 6MM 8DEG S","CspuChSup79185","CDM","278","RC","","","","","facility","both","","","","7243.85","7243.85","","","","","","","","","","","","","Gross Charge Type: Main Acute Price List"
"IMPLANT, SPINAL CERVICAL CIF CONDUIT 6MM 8DEG S","ScorChSup79185","CDM","278","RC","","","","","facility","both","","","","7243.85","7243.85","","","","","","","","","","","","","Gross Charge Type: Main Acute Price List"
"IMPLANT, SPINAL CERVICAL CIF CONDUIT 7MM 8DEG L","AnesWmSup106465","CDM","278","RC","C1821","HCPCS","","","facility","both","","","","7243.85","7243.85","","","","","","","","","","","","","Gross Charge Type: Main Acute Price List"
"IMPLANT, SPINAL CERVICAL CIF CONDUIT 8MM 8DEG S","EplbChSup79333","CDM","278","RC","","","","","facility","both","","","","7391.69","7391.69","","","","","","","","","","","","","Gross Charge Type: Main Acute Price List"
"IMPLANT, SPINAL COHERE XL 10X18X50MM 10 DEG","ScorWmSup111079","CDM","278","RC","C1821","HCPCS","","","facility","both","","","","25482.84","25482.84","","","","","","","","","","","","","Gross Charge Type: Main Acute Price List"
"IMPLANT, SPINAL COROENT 8 DEGREE 12X34X24MM","ScorWmSup109900","CDM","278","RC","","","","","facility","both","","","","16217.46","16217.46","","","","","","","","","","","","","Gross Charge Type: Main Acute Price List"
"IMPLANT, SPINAL COROENT XL 10X18X40MM 10-DEG","ScanChSup66210","CDM","278","RC","C1889","HCPCS","","","facility","both","","","","21559.08","21559.08","","","","","","","","","","","","","Gross Charge Type: Main Acute Price List"
"IMPLANT, SPINAL COROENT XL 10X18X45MM","CspuChSup36311","CDM","278","RC","C1889","HCPCS","","","facility","both","","","","21559.08","21559.08","","","","","","","","","","","","","Gross Charge Type: Main Acute Price List"
"IMPLANT, SPINAL COROENT XL 10X18X45MM","OperChSup36311","CDM","278","RC","C1889","HCPCS","","","facility","both","","","","21559.08","21559.08","","","","","","","","","","","","","Gross Charge Type: Main Acute Price List"
"IMPLANT, SPINAL COROENT XL WIDE 100 10X22X60MM","CspuChSup41778","CDM","278","RC","","","","","facility","both","","","","20271.82","20271.82","","","","","","","","","","","","","Gross Charge Type: Main Acute Price List"
"IMPLANT, SPINAL COROENT XL WIDE 100 12X22X50MM","EplbChSup41728","CDM","278","RC","","","","","facility","both","","","","20271.82","20271.82","","","","","","","","","","","","","Gross Charge Type: Main Acute Price List"
"IMPLANT, SPINAL COROENT XL WIDE 100 12X22X50MM","ScanChSup41728","CDM","278","RC","","","","","facility","both","","","","20271.82","20271.82","","","","","","","","","","","","","Gross Charge Type: Main Acute Price List"
"IMPLANT, SPINAL COROENT XL WIDE 100 8X22X50MM","Chrs3141431","CDM","278","RC","","","","","facility","both","","","","20271.82","20271.82","","","","","","","","","","","","","Gross Charge Type: Main Acute Price List"
"IMPLANT, SPINAL COROENT XLIF THORACIC 6X16X35MM","CcthChSup63639","CDM","278","RC","","","","","facility","both","","","","20271.82","20271.82","","","","","","","","","","","","","Gross Charge Type: Main Acute Price List"
"IMPLANT, SPINAL COROENT XLP 8X18X50MM","CspuChSup35231","CDM","278","RC","","","","","facility","both","","","","20271.82","20271.82","","","","","","","","","","","","","Gross Charge Type: Main Acute Price List"
"IMPLANT, SPINAL COROENT XLRG 8X18X45MM","ScanWmSup41495","CDM","278","RC","C1889","HCPCS","","","facility","both","","","","21559.08","21559.08","","","","","","","","","","","","","Gross Charge Type: Main Acute Price List"
"IMPLANT, SPINAL IBF NANOLOCK SURFACE  14MM 4DEG XLG","DelrChSup80184","CDM","278","RC","","","","","facility","both","","","","20271.82","20271.82","","","","","","","","","","","","","Gross Charge Type: Main Acute Price List"
"IMPLANT, SPINAL IBF NANOLOCK SURFACE  14MM 4DEG XLG","ScorWmSup80184","CDM","278","RC","","","","","facility","both","","","","20271.82","20271.82","","","","","","","","","","","","","Gross Charge Type: Main Acute Price List"
"IMPLANT, SPINAL IBF NANOLOCK SURFACE  14MM 4DEG XLG","ScpuChSup80184","CDM","278","RC","","","","","facility","both","","","","20271.82","20271.82","","","","","","","","","","","","","Gross Charge Type: Main Acute Price List"
"IMPLANT, SPINAL IBF NANOLOCK SURFACE 10MM 12DEG XLG","AnesWmSup107289","CDM","278","RC","C1889","HCPCS","","","facility","both","","","","42502.19","42502.19","","","","","","","","","","","","","Gross Charge Type: Main Acute Price List"
"IMPLANT, SPINAL IBF NANOLOCK SURFACE 10MM 7DEG LRG","PacuWmSup106098","CDM","278","RC","","","","","facility","both","","","","39964.45","39964.45","","","","","","","","","","","","","Gross Charge Type: Main Acute Price List"
"IMPLANT, SPINAL IBF NANOLOCK SURFACE 10MM 7DEG STND","GastWmSup108550","CDM","278","RC","C1889","HCPCS","","","facility","both","","","","42502.19","42502.19","","","","","","","","","","","","","Gross Charge Type: Main Acute Price List"
"IMPLANT, SPINAL IBF NANOLOCK SURFACE 11MM 12 DEG LRG","CLDRChSup79867","CDM","278","RC","C1889","HCPCS","","","facility","both","","","","42502.19","42502.19","","","","","","","","","","","","","Gross Charge Type: Main Acute Price List"
"IMPLANT, SPINAL IBF NANOLOCK SURFACE 11MM 12 DEG LRG","ScpuChSup79867","CDM","278","RC","C1889","HCPCS","","","facility","both","","","","42502.19","42502.19","","","","","","","","","","","","","Gross Charge Type: Main Acute Price List"
"IMPLANT, SPINAL IBF NANOLOCK SURFACE 11MM 12DEG XLG","ScanWmSup107433","CDM","278","RC","C1776","HCPCS","","","facility","both","","","","42502.19","42502.19","","","","","","","","","","","","","Gross Charge Type: Main Acute Price List"
"IMPLANT, SPINAL IBF NANOLOCK SURFACE 11MM 12DEG","PacuWmSup79414","CDM","278","RC","C1889","HCPCS","","","facility","both","","","","42502.19","42502.19","","","","","","","","","","","","","Gross Charge Type: Main Acute Price List"
"IMPLANT, SPINAL IBF NANOLOCK SURFACE 11MM 4DEG LRG","ScanWmSup78903","CDM","278","RC","","","","","facility","both","","","","20271.82","20271.82","","","","","","","","","","","","","Gross Charge Type: Main Acute Price List"
"IMPLANT, SPINAL IBF NANOLOCK SURFACE 11MM 7DEG STND","OperWmSup80358","CDM","278","RC","C1889","HCPCS","","","facility","both","","","","42502.19","42502.19","","","","","","","","","","","","","Gross Charge Type: Main Acute Price List"
"IMPLANT, SPINAL IBF NANOLOCK SURFACE 12MM 12DEG LRG","AnesChSup79427","CDM","278","RC","C1889","HCPCS","","","facility","both","","","","42502.19","42502.19","","","","","","","","","","","","","Gross Charge Type: Main Acute Price List"
"IMPLANT, SPINAL IBF NANOLOCK SURFACE 12MM 12DEG LRG","GastChSup79427","CDM","278","RC","C1889","HCPCS","","","facility","both","","","","42502.19","42502.19","","","","","","","","","","","","","Gross Charge Type: Main Acute Price List"
"IMPLANT, SPINAL IBF NANOLOCK SURFACE 12MM 12DEG XLG","PacuWmSup106527","CDM","278","RC","C1889","HCPCS","","","facility","both","","","","42502.19","42502.19","","","","","","","","","","","","","Gross Charge Type: Main Acute Price List"
"IMPLANT, SPINAL IBF NANOLOCK SURFACE 12MM 12DEG XLG","ScanWmSup106527","CDM","278","RC","C1889","HCPCS","","","facility","both","","","","42502.19","42502.19","","","","","","","","","","","","","Gross Charge Type: Main Acute Price List"
"IMPLANT, SPINAL IBF NANOLOCK SURFACE 12MM 4DEG XLG","DelrChSup78882","CDM","278","RC","","","","","facility","both","","","","20271.82","20271.82","","","","","","","","","","","","","Gross Charge Type: Main Acute Price List"
"IMPLANT, SPINAL IBF NANOLOCK SURFACE 12MM 7DEG LRG","AngiChSup79082","CDM","278","RC","C1889","HCPCS","","","facility","both","","","","39964.45","39964.45","","","","","","","","","","","","","Gross Charge Type: Main Acute Price List"
"IMPLANT, SPINAL IBF NANOLOCK SURFACE 12MM 7DEG LRG","OperWmSup79082","CDM","278","RC","C1889","HCPCS","","","facility","both","","","","39964.45","39964.45","","","","","","","","","","","","","Gross Charge Type: Main Acute Price List"
"IMPLANT, SPINAL IBF NANOLOCK SURFACE 12MM 7DEG LRG","PacuWmSup79082","CDM","278","RC","C1889","HCPCS","","","facility","both","","","","39964.45","39964.45","","","","","","","","","","","","","Gross Charge Type: Main Acute Price List"
"IMPLANT, SPINAL IBF NANOLOCK SURFACE 13MM 12DEG LRG","GastChSup79088","CDM","278","RC","C1889","HCPCS","","","facility","both","","","","42502.19","42502.19","","","","","","","","","","","","","Gross Charge Type: Main Acute Price List"
"IMPLANT, SPINAL IBF NANOLOCK SURFACE 13MM 12DEG LRG","ScanChSup79088","CDM","278","RC","C1889","HCPCS","","","facility","both","","","","42502.19","42502.19","","","","","","","","","","","","","Gross Charge Type: Main Acute Price List"
"IMPLANT, SPINAL IBF NANOLOCK SURFACE 13MM 12DEG XLG","ScanWmSup106702","CDM","278","RC","C1889","HCPCS","","","facility","both","","","","39964.45","39964.45","","","","","","","","","","","","","Gross Charge Type: Main Acute Price List"
"IMPLANT, SPINAL IBF NANOLOCK SURFACE 13MM 7DEG STND","AnesChSup79335","CDM","278","RC","","","","","facility","both","","","","42502.19","42502.19","","","","","","","","","","","","","Gross Charge Type: Main Acute Price List"
"IMPLANT, SPINAL IBF NANOLOCK SURFACE 13MM 7DEG STND","OperChSup79335","CDM","278","RC","","","","","facility","both","","","","42502.19","42502.19","","","","","","","","","","","","","Gross Charge Type: Main Acute Price List"
"IMPLANT, SPINAL IBF NANOLOCK SURFACE 13MM 7DEG XLRG","CspuChSup79666","CDM","278","RC","","","","","facility","both","","","","39964.45","39964.45","","","","","","","","","","","","","Gross Charge Type: Main Acute Price List"
"IMPLANT, SPINAL IBF NANOLOCK SURFACE 14MM 12DEG LRG","AngiWmSup78978","CDM","278","RC","C1889","HCPCS","","","facility","both","","","","42502.19","42502.19","","","","","","","","","","","","","Gross Charge Type: Main Acute Price List"
"IMPLANT, SPINAL IBF NANOLOCK SURFACE 14MM 12DEG LRG","CLDRChSup78978","CDM","278","RC","C1889","HCPCS","","","facility","both","","","","42502.19","42502.19","","","","","","","","","","","","","Gross Charge Type: Main Acute Price List"
"IMPLANT, SPINAL IBF NANOLOCK SURFACE 14MM 12DEG LRG","ScanWmSup78978","CDM","278","RC","C1889","HCPCS","","","facility","both","","","","42502.19","42502.19","","","","","","","","","","","","","Gross Charge Type: Main Acute Price List"
"IMPLANT, SPINAL IBF NANOLOCK SURFACE 5MM 6DEG MED","AngiChSup106140","CDM","278","RC","C1889","HCPCS","","","facility","both","","","","22175.06","22175.06","","","","","","","","","","","","","Gross Charge Type: Main Acute Price List"
"IMPLANT, SPINAL IBF NANOLOCK SURFACE 6MM 6DEG SMALL","ScanWmSup79197","CDM","278","RC","","","","","facility","both","","","","8687.93","8687.93","","","","","","","","","","","","","Gross Charge Type: Main Acute Price List"
"IMPLANT, SPINAL IBF NANOLOCK SURFACE 8MM 4 DEG XLRG","AnesWmSup79322","CDM","278","RC","","","","","facility","both","","","","20271.82","20271.82","","","","","","","","","","","","","Gross Charge Type: Main Acute Price List"
"IMPLANT, SPINAL IBF NANOLOCK SURFACE 8MM 6DEG MED","CcthChSup80211","CDM","278","RC","C1889","HCPCS","","","facility","both","","","","22175.06","22175.06","","","","","","","","","","","","","Gross Charge Type: Main Acute Price List"
"IMPLANT, SPINAL IBF NANOLOCK SURFACE 9MM 0DEG","CLDRChSup78999","CDM","278","RC","","","","","facility","both","","","","17375.85","17375.85","","","","","","","","","","","","","Gross Charge Type: Main Acute Price List"
"IMPLANT, SPINAL IFUSE BEDROCK GRANITE 9.5X50MM","ScorChSup10196645","CDM","278","RC","C1737","HCPCS","","","facility","both","","","","19272","19272","","","","","","","","","","","","","Gross Charge Type: Main Acute Price List"
"IMPLANT, SPINAL LUMBAR ALIF 14MM 15 DEG M","DelrChSup80127","CDM","278","RC","","","","","facility","both","","","","19866.39","19866.39","","","","","","","","","","","","","Gross Charge Type: Main Acute Price List"
"IMPLANT, SPINAL LUMBAR ALIF CONDUIT 12MM 10DEG M","PacuWmSup78757","CDM","278","RC","","","","","facility","both","","","","20271.82","20271.82","","","","","","","","","","","","","Gross Charge Type: Main Acute Price List"
"IMPLANT, SPINAL LUMBAR ALIF CONDUIT 16MM 20DEG L","OperChSup79387","CDM","278","RC","","","","","facility","both","","","","20271.82","20271.82","","","","","","","","","","","","","Gross Charge Type: Main Acute Price List"
"IMPLANT, SPINAL POST CONDUIT 12MM 8DEG 22/9","CcthChSup79488","CDM","278","RC","C1889","HCPCS","","","facility","both","","","","15695.01","15695.01","","","","","","","","","","","","","Gross Charge Type: Main Acute Price List"
"IMPLANT, SPINAL POST CONDUIT 12MM 8DEG 22/9","CspuChSup79488","CDM","278","RC","C1889","HCPCS","","","facility","both","","","","15695.01","15695.01","","","","","","","","","","","","","Gross Charge Type: Main Acute Price List"
"IMPLANT, SPINAL POST CONDUIT 13MM 8DEG 22/9","AnesWmSup110236","CDM","278","RC","C1713","HCPCS","","","facility","both","","","","15695.01","15695.01","","","","","","","","","","","","","Gross Charge Type: Main Acute Price List"
"IMPLANT, SPINAL STRATOSPHERE CENTERPLATE 13 C","ScanChSup106915","CDM","278","RC","C1889","HCPCS","","","facility","both","","","","31855.73","31855.73","","","","","","","","","","","","","Gross Charge Type: Main Acute Price List"
"IMPLANT, SPINAL STRATOSPHERE EXPANDABLE 13 D","PacuWmSup106843","CDM","278","RC","C1889","HCPCS","","","facility","both","","","","31855.73","31855.73","","","","","","","","","","","","","Gross Charge Type: Main Acute Price List"
"IMPLANT, SPINAL TLIF CONDUIT CURVED 13MM 8DEG 32/12","CcthChSup107317","CDM","278","RC","C1889","HCPCS","","","facility","both","","","","15695.01","15695.01","","","","","","","","","","","","","Gross Charge Type: Main Acute Price List"
"IMPLANT, SPINAL TLIF CONDUIT CURVED 14MM 8 DEG 28/10","EplbChSup107824","CDM","278","RC","C1821","HCPCS","","","facility","both","","","","15059.07","15059.07","","","","","","","","","","","","","Gross Charge Type: Main Acute Price List"
"IMPLANT, SPINAL TLIF CONDUIT CURVED 14MM 8 DEG 32/12","ScanWmSup106921","CDM","278","RC","C1889","HCPCS","","","facility","both","","","","15695.01","15695.01","","","","","","","","","","","","","Gross Charge Type: Main Acute Price List"
"IMPLANT, SPINAL TLIF CONDUIT CURVED 15MM 8 DEG 28/10","ScpuChSup107101","CDM","278","RC","","","","","facility","both","","","","15059.07","15059.07","","","","","","","","","","","","","Gross Charge Type: Main Acute Price List"
"IMPLANT, SPINAL TLIF CONDUIT CURVED 15MM 8 DEG 32/12","ScanChSup106922","CDM","278","RC","C1889","HCPCS","","","facility","both","","","","15695.01","15695.01","","","","","","","","","","","","","Gross Charge Type: Main Acute Price List"
"IMPLANT, SPINAL TLIF CONDUIT CURVED 8DEG 32/12","ScpuWmSup107179","CDM","278","RC","C1889","HCPCS","","","facility","both","","","","15695.01","15695.01","","","","","","","","","","","","","Gross Charge Type: Main Acute Price List"
"IMPLANT, SUBFIX 8MM","AnesChSup111868","CDM","278","RC","C1713","HCPCS","","","facility","both","","","","12500.42","12500.42","","","","","","","","","","","","","Gross Charge Type: Main Acute Price List"
"IMPLANT, SUBFIX 8MM","GastChSup111868","CDM","278","RC","C1713","HCPCS","","","facility","both","","","","12500.42","12500.42","","","","","","","","","","","","","Gross Charge Type: Main Acute Price List"
"IMPLANT, TEMPLATE OSI200","OperWmSup108797","CDM","272","RC","","","","","facility","both","","","","172.47","172.47","","","","","","","","","","","","","Gross Charge Type: Main Acute Price List"
"IMPLANT, TIGHTROPE II BTB W/ FIBERTAPE","OperWmSup10196376","CDM","278","RC","C1713","HCPCS","","","facility","both","","","","4080.7","4080.7","","","","","","","","","","","","","Gross Charge Type: Main Acute Price List"
"IMPLANT, TIGHTROPE MINI CMC 1.1MM","ScpuChSup66937","CDM","278","RC","C1713","HCPCS","","","facility","both","","","","5617.03","5617.03","","","","","","","","","","","","","Gross Charge Type: Main Acute Price List"
"IMPLANT, TLX20 7X11X26MM 20 DEGREE","CspuChSup114513","CDM","278","RC","C1889","HCPCS","","","facility","both","","","","26631.62","26631.62","","","","","","","","","","","","","Gross Charge Type: Main Acute Price List"
"IMPLANT, TLX20 8X11X26MM 20 DEGREE","DelrChSup117593","CDM","278","RC","C1889","HCPCS","","","facility","both","","","","28334.8","28334.8","","","","","","","","","","","","","Gross Charge Type: Main Acute Price List"
"IMPLANT, TLX20 8X11X26MM 20 DEGREE","ScorChSup117593","CDM","278","RC","C1889","HCPCS","","","facility","both","","","","28334.8","28334.8","","","","","","","","","","","","","Gross Charge Type: Main Acute Price List"
"IMPLANT, UNI BICEPS PROXIMAL REPAIR KIT","EplbChSup65361","CDM","278","RC","C1713","HCPCS","","","facility","both","","","","4504.3","4504.3","","","","","","","","","","","","","Gross Charge Type: Main Acute Price List"
"IMPLANT, VOICE INJECTABLE RADIESSE 1.0CC","GastWmSup41506","CDM","278","RC","C1878","HCPCS","","","facility","both","","","","4188.62","4188.62","","","","","","","","","","","","","Gross Charge Type: Main Acute Price List"
"IMPLANT, VOICE INJECTABLE RADIESSE 1.0CC","PacuWmSup41506","CDM","278","RC","C1878","HCPCS","","","facility","both","","","","4188.62","4188.62","","","","","","","","","","","","","Gross Charge Type: Main Acute Price List"
"IMPLANT, X-CORE2 18X20-25 MM","CspuChSup71075","CDM","278","RC","","","","","facility","both","","","","31855.73","31855.73","","","","","","","","","","","","","Gross Charge Type: Main Acute Price List"
"IMPLANT, XCORE 14 15-20MM","EplbChSup118217","CDM","278","RC","","","","","facility","both","","","","24673.71","24673.71","","","","","","","","","","","","","Gross Charge Type: Main Acute Price List"
"IMPLANT,BREAST MEM GEL XT HG PR 465","CLDRChSup74915","CDM","278","RC","C1789","HCPCS","","","facility","both","","","","1079.26","1079.26","","","","","","","","","","","","","Gross Charge Type: Main Acute Price List"
"IMPLANT,BREAST MEM GEL XTRA HG PRO790","ScanWmSup73977","CDM","278","RC","C1789","HCPCS","","","facility","both","","","","1147.8","1147.8","","","","","","","","","","","","","Gross Charge Type: Main Acute Price List"
"IMPLANT,BREAST MEM GEL XTRA MOD PLUS PROF 325","CLDRChSup74803","CDM","278","RC","C1789","HCPCS","","","facility","both","","","","1147.8","1147.8","","","","","","","","","","","","","Gross Charge Type: Main Acute Price List"
"IMPLANT,BREAST MEM GEL XTRA MOD PLUS PROF 325","GastChSup74803","CDM","278","RC","C1789","HCPCS","","","facility","both","","","","1147.8","1147.8","","","","","","","","","","","","","Gross Charge Type: Main Acute Price List"
"IMPLANT,BREAST MEM GEL XTRA MOD PLUS PROF 560","ScanWmSup73975","CDM","278","RC","C1789","HCPCS","","","facility","both","","","","1147.8","1147.8","","","","","","","","","","","","","Gross Charge Type: Main Acute Price List"
"IMPLANT,BREAST MEMORY GEL EXTRA HG PRO 355","OperChSup74065","CDM","278","RC","C1789","HCPCS","","","facility","both","","","","1079.26","1079.26","","","","","","","","","","","","","Gross Charge Type: Main Acute Price List"
"IMPLANT,BREAST MEMORY GEL EXTRA SM MP 405","AngiWmSup74755","CDM","278","RC","C1789","HCPCS","","","facility","both","","","","1147.8","1147.8","","","","","","","","","","","","","Gross Charge Type: Main Acute Price List"
"IMPLANT,BREAST MEMORY GEL EXTRA SM MP 440","AngiChSup74756","CDM","278","RC","C1789","HCPCS","","","facility","both","","","","1147.8","1147.8","","","","","","","","","","","","","Gross Charge Type: Main Acute Price List"
"IMPLANT,BREAST MEMORY GEL EXTRA SM MP 490","EplbChSup74758","CDM","278","RC","C1789","HCPCS","","","facility","both","","","","1147.8","1147.8","","","","","","","","","","","","","Gross Charge Type: Main Acute Price List"
"IMPLANT,BREAST MEMORY GEL EXTRA SM MP 490","ScpuWmSup74758","CDM","278","RC","C1789","HCPCS","","","facility","both","","","","1147.8","1147.8","","","","","","","","","","","","","Gross Charge Type: Main Acute Price List"
"IMPLANT,BREAST MEMORY GEL EXTRA SM MP 685","CLDRChSup74760","CDM","278","RC","C1789","HCPCS","","","facility","both","","","","1147.8","1147.8","","","","","","","","","","","","","Gross Charge Type: Main Acute Price List"
"IMPLANT,BREAST MEMORY GEL EXTRA SM MP 685","ScanChSup74760","CDM","278","RC","C1789","HCPCS","","","facility","both","","","","1147.8","1147.8","","","","","","","","","","","","","Gross Charge Type: Main Acute Price List"
"IMPLANT,BREAST SILTEX MOD CLASSIC 385CC","CcthChSup72355","CDM","278","RC","C1789","HCPCS","","","facility","both","","","","812.35","812.35","","","","","","","","","","","","","Gross Charge Type: Main Acute Price List"
"IMPLANT,BREAST SILTEX MOD CLASSIC 385CC","ScorChSup72355","CDM","278","RC","C1789","HCPCS","","","facility","both","","","","812.35","812.35","","","","","","","","","","","","","Gross Charge Type: Main Acute Price List"
"IMPLANT,BREAST SM RND MOD CLASS PROF 275","GastWmSup59521","CDM","278","RC","C1789","HCPCS","","","facility","both","","","","812.35","812.35","","","","","","","","","","","","","Gross Charge Type: Main Acute Price List"
"IMPLANT,BREAST SM RND MOD CLASS PROF 275","ScpuChSup59521","CDM","278","RC","C1789","HCPCS","","","facility","both","","","","812.35","812.35","","","","","","","","","","","","","Gross Charge Type: Main Acute Price List"
"IMPLANT,BREAST ULTRA HIGH SM RN GEL 750C","ScpuWmSup60934","CDM","278","RC","C1789","HCPCS","","","facility","both","","","","863.94","863.94","","","","","","","","","","","","","Gross Charge Type: Main Acute Price List"
"IMPLANT,BREAST ULTRA HIGH SMTH RND 700CC","EplbChSup65695","CDM","278","RC","C1789","HCPCS","","","facility","both","","","","863.94","863.94","","","","","","","","","","","","","Gross Charge Type: Main Acute Price List"
"IMPLANT,BRST MEM GEL XTRA MOD PLUS PROF 545","GastChSup74498","CDM","278","RC","C1789","HCPCS","","","facility","both","","","","1147.8","1147.8","","","","","","","","","","","","","Gross Charge Type: Main Acute Price List"
"IMPLANT,BRST MEM GEL XTRA MOD PLUS PROF 630","CLDRChSup74499","CDM","278","RC","C1789","HCPCS","","","facility","both","","","","1079.26","1079.26","","","","","","","","","","","","","Gross Charge Type: Main Acute Price List"
"IMPLANT,BRST MEM GEL XTRA MOD PLUS PROF 645","AngiWmSup74500","CDM","278","RC","C1789","HCPCS","","","facility","both","","","","1079.26","1079.26","","","","","","","","","","","","","Gross Charge Type: Main Acute Price List"
"IMPLANT,BRST MEMORY GEL EXT HIGH PROF 755","ScpuWmSup74572","CDM","278","RC","C1789","HCPCS","","","facility","both","","","","1147.8","1147.8","","","","","","","","","","","","","Gross Charge Type: Main Acute Price List"
"IMPLANT,BRST MEMORY GEL XTRA MOD PL PROF 130","AnesWmSup74619","CDM","278","RC","C1789","HCPCS","","","facility","both","","","","1079.26","1079.26","","","","","","","","","","","","","Gross Charge Type: Main Acute Price List"
"IMPLANT,BRST MEMORY GEL XTRA MOD PL PROF 215","GyscChSup74622","CDM","278","RC","C1789","HCPCS","","","facility","both","","","","1079.26","1079.26","","","","","","","","","","","","","Gross Charge Type: Main Acute Price List"
"IMPLANT,COROENT PK XL WD 10X22X40 10-DEG","ScorWmSup59748","CDM","278","RC","","","","","facility","both","","","","21559.08","21559.08","","","","","","","","","","","","","Gross Charge Type: Main Acute Price List"
"IMPLANT,MEDPOR TIT 3D ORB FL LT-SM 32X35X13X1.2","OperWmSup66902","CDM","278","RC","","","","","facility","both","","","","14338.64","14338.64","","","","","","","","","","","","","Gross Charge Type: Main Acute Price List"
"IMPLANT,MEMORY GEL EXTRA HIGH PROFILE 450","DelrChSup73891","CDM","278","RC","C1789","HCPCS","","","facility","both","","","","1079.26","1079.26","","","","","","","","","","","","","Gross Charge Type: Main Acute Price List"
"IMPLANT,MEMORY GEL EXTRA HIGH PROFILE 450","ScanWmSup73891","CDM","278","RC","C1789","HCPCS","","","facility","both","","","","1079.26","1079.26","","","","","","","","","","","","","Gross Charge Type: Main Acute Price List"
"IMPLANT,SPINAL COROENT PEEK XLW 10X22X50","CspuChSup58454","CDM","278","RC","","","","","facility","both","","","","21559.08","21559.08","","","","","","","","","","","","","Gross Charge Type: Main Acute Price List"
"IMPLANT,SPINAL COROENT XL 12X18X45MM 10-D","AngiChSup65501","CDM","278","RC","","","","","facility","both","","","","21559.08","21559.08","","","","","","","","","","","","","Gross Charge Type: Main Acute Price List"
"IMPLANT,SPINAL COROENT XLIF 10 - 33095","GastWmSup33095","CDM","278","RC","","","","","facility","both","","","","20271.82","20271.82","","","","","","","","","","","","","Gross Charge Type: Main Acute Price List"
"IMPLANT,SPINAL COROENT, XL-FW 10X22X55MM","DelrChSup68908","CDM","278","RC","","","","","facility","both","","","","26642.97","26642.97","","","","","","","","","","","","","Gross Charge Type: Main Acute Price List"
"IMPLANT,SPINAL PRODISC END PL - 40360","PacuChSup40360","CDM","278","RC","","","","","facility","both","","","","24417.42","24417.42","","","","","","","","","","","","","Gross Charge Type: Main Acute Price List"
"IMPLANT,SPINE CURV TLIF POS TRUSS 27X10X9 0 D","ScanWmSup72230","CDM","278","RC","","","","","facility","both","","","","13900.68","13900.68","","","","","","","","","","","","","Gross Charge Type: Main Acute Price List"
"IMPLANT,SPINE CURV TLIF POS TRUSS 27X10X9 0 D","ScorWmSup72230","CDM","278","RC","","","","","facility","both","","","","13900.68","13900.68","","","","","","","","","","","","","Gross Charge Type: Main Acute Price List"
"IMPLANT,TOE FLEX HINGE GROMMETS SILICONE SZ 1S","CspuChSup69256","CDM","278","RC","C1776","HCPCS","","","facility","both","","","","6861.95","6861.95","","","","","","","","","","","","","Gross Charge Type: Main Acute Price List"
"IMPLANT,TOE FLEX HINGE GROMMETS SILICONE SZ 1S","GastWmSup69256","CDM","278","RC","C1776","HCPCS","","","facility","both","","","","6861.95","6861.95","","","","","","","","","","","","","Gross Charge Type: Main Acute Price List"
"IMPLANT,X-CORE2 VBR EXPANDABLE 18X28-41MM","EplbChSup70958","CDM","278","RC","","","","","facility","both","","","","33878.56","33878.56","","","","","","","","","","","","","Gross Charge Type: Main Acute Price List"
"IMPLANT. SPINAL COROENT XL WIDE 100 10X34X24MM","GastChSup110267","CDM","278","RC","C1821","HCPCS","","","facility","both","","","","16217.46","16217.46","","","","","","","","","","","","","Gross Charge Type: Main Acute Price List"
"INF,IV,TX,PRO,DX,ADD SEQ TO 1H","CMOUCh14040","CDM","940","RC","96367","HCPCS","","","facility","both","","","","489.92","489.92","","","","","","","","","","","","","Gross Charge Type: Main Acute Price List"
"INF,IV,TX,PRO,DX,ADD SEQ TO 1H","CcciRh96367","CDM","940","RC","96367","HCPCS","","","facility","both","","","","489.92","489.92","","","","","","","","","","","","","Gross Charge Type: Main Acute Price List"
"INFANT CARE AFTER EXTERNAL DELIVERY","CLDRCh1123","CDM","720","RC","","","","","facility","both","","","","544.43","544.43","","","","","","","","","","","","","Gross Charge Type: Main Acute Price List"
"INFECT AGENT DETECT,DNA OR RNA; STREP, GROUP A, AMP PROBE","MICRRN2479","CDM","306","RC","87651","HCPCS","","","facility","both","","","","55.54","55.54","","","","","","","","","","","","","Gross Charge Type: Main Acute Price List"
"INFS,IV,HYDRATION,ADD HR","CceuCh14036","CDM","940","RC","96361","HCPCS","","","facility","both","","","","129.3","129.3","","","","","","","","","","","","","Gross Charge Type: Main Acute Price List"
"INFUS,IV,HYDRATION,INIT,31M-1H","CO24Ch14042","CDM","940","RC","96360","HCPCS","","","facility","both","","","","788.35","788.35","","","","","","","","","","","","","Gross Charge Type: Main Acute Price List"
"INHALATION TREATMENT","ChhnCh1120","CDM","410","RC","94640","HCPCS","","","facility","both","","","","99.24","99.24","","","","","","","","","","","","","Gross Charge Type: Main Acute Price List"
"INJ ARTHROGRAPHY,KNEE,CT/MRI GLP","CcspMr3031","CDM","361","RC","27369","HCPCS","","","facility","both","","","","1323.51","1323.51","","","","","","","","","","","","","Gross Charge Type: Main Acute Price List"
"INJ ARTHROGRAPHY,KNEE,CT/MRI GLP","IrraCh3031","CDM","361","RC","27369","HCPCS","","","facility","both","","","","1323.51","1323.51","","","","","","","","","","","","","Gross Charge Type: Main Acute Price List"
"INJ ARTHROGRAPHY,KNEE,CT/MRI GLP","Wilm413031","CDM","361","RC","27369","HCPCS","","","facility","both","","","","1323.51","1323.51","","","","","","","","","","","","","Gross Charge Type: Main Acute Price List"
"INJ PROC,RETRO URETHROCYS GLP","CcimXR1521","CDM","360","RC","51610","HCPCS","","","facility","both","","","","248.11","248.11","","","","","","","","","","","","","Gross Charge Type: Main Acute Price List"
"INJ(S),SING/MULT TRIGGER PTS,1-2 MUS GLP","AngiWm3614","CDM","361","RC","20552","HCPCS","","","facility","both","","","","69.9","69.9","","","","","","","","","","","","","Gross Charge Type: Main Acute Price List"
"INJ,ANES,TRANSF EPI,IMG,SN LV,CRV/TH GLP","Wilm381376","CDM","361","RC","64479","HCPCS","","","facility","both","","","","757.61","757.61","","","","","","","","","","","","","Gross Charge Type: Main Acute Price List"
"INJ,ANESTH,OTHER PERIPH NERVE/BRNCH GLP","CcccCR64450","CDM","361","RC","64450","HCPCS","","","facility","both","","","","733.77","733.77","","","","","","","","","","","","","Gross Charge Type: Main Acute Price List"
"INJ,DX/TX,PARAV JT,IMG,2ND,CERV/THOR GLP","WilmCT5808","CDM","361","RC","64491","HCPCS","","","facility","both","","","","480.13","480.13","","","","","","","","","","","","","Gross Charge Type: Main Acute Price List"
"INJ,DX/TX,PARAV JT,IMG,2ND,CERV/THOR NR","Wilm547131","CDM","361","RC","64491","HCPCS","","","facility","both","","","","480.13","480.13","","","","","","","","","","","","","Gross Charge Type: Main Acute Price List"
"INJ,DX/TX,PARAV JT,IMG,SING,LUMB/SAC NR","Chrs387132","CDM","361","RC","64493","HCPCS","","","facility","both","","","","1347.46","1347.46","","","","","","","","","","","","","Gross Charge Type: Main Acute Price List"
"INJ,RAD EVAL EXIST G/D/J/GJ/C,RS&I GLP","Chrs549640","CDM","361","RC","49465","HCPCS","","","facility","both","","","","594.05","594.05","","","","","","","","","","","","","Gross Charge Type: Main Acute Price List"
"INJECT,ARTHROGRAM,ANKLE GLB","IrraCh9064","CDM","361","RC","27648","HCPCS","","","facility","both","","","","379.83","379.83","","","","","","","","","","","","","Gross Charge Type: Main Acute Price List"
"INJECTABLE URETHRAL BULKING AGENT","ScorChSup10190133","CDM","278","RC","L8606","HCPCS","","","facility","both","","","","6469.26","6469.26","","","","","","","","","","","","","Gross Charge Type: Main Acute Price List"
"INJECTION,ARTHROGRAPHY,ELBOW GLP","Midd549054","CDM","361","RC","24220","HCPCS","","","facility","both","","","","403.95","403.95","","","","","","","","","","","","","Gross Charge Type: Main Acute Price List"
"INJECTION,ARTHROGRAPHY,HIP,WO ANES NR","Fcin387036","CDM","361","RC","27093","HCPCS","","","facility","both","","","","689.8","689.8","","","","","","","","","","","","","Gross Charge Type: Main Acute Price List"
"INJECTION,ARTHROGRAPHY,WRIST GLP","Chrs549056","CDM","361","RC","25246","HCPCS","","","facility","both","","","","486.43","486.43","","","","","","","","","","","","","Gross Charge Type: Main Acute Price List"
"INJECTION,SCLEROSING SOLUTION,MULTIPLE VEINS,SAME LEG GLB","IrraWm2236","CDM","361","RC","36471","HCPCS","","","facility","both","","","","278.86","278.86","","","","","","","","","","","","","Gross Charge Type: Main Acute Price List"
"INJECTION,SINUS TRACT,DIAG GLP","ChrsXR9048","CDM","361","RC","20501","HCPCS","","","facility","both","","","","646.47","646.47","","","","","","","","","","","","","Gross Charge Type: Main Acute Price List"
"INJECTIONS,IM  OR SQ","CO24Ch14030","CDM","940","RC","96372","HCPCS","","","facility","both","","","","311","311","","","","","","","","","","","","","Gross Charge Type: Main Acute Price List"
"INJECTOR, MONARCH 4","PacuWmSup115375","CDM","272","RC","","","","","facility","both","","","","1505.91","1505.91","","","","","","","","","","","","","Gross Charge Type: Main Acute Price List"
"INJECTOR, MONARCH 4","ScorChSup115375","CDM","272","RC","","","","","facility","both","","","","1505.91","1505.91","","","","","","","","","","","","","Gross Charge Type: Main Acute Price List"
"INS, VANTA ADAPTIVE STIMULATOR","EplbChSup114588","CDM","278","RC","C1767","HCPCS","","","facility","both","","","","141842.29","141842.29","","","","","","","","","","","","","Gross Charge Type: Main Acute Price List"
"INS,TRANSCATH,WIRELESS PA SENS,MONIT","EplbCh1044","CDM","361","RC","33289","HCPCS","","","facility","both","","","","19688.94","19688.94","","","","","","","","","","","","","Gross Charge Type: Main Acute Price List"
"INSERT ,POLY  INBONE EVERLAST CROSS LINKED SZ 3+ 12MM","ScorWmSup10190525","CDM","278","RC","C1776","HCPCS","","","facility","both","","","","16234.76","16234.76","","","","","","","","","","","","","Gross Charge Type: Main Acute Price List"
"INSERT GMK REVISION TIB FXD SZ 5 HT 23MM SC","ScorWmSup10194571","CDM","278","RC","C1776","HCPCS","","","facility","both","","","","15622","15622","","","","","","","","","","","","","Gross Charge Type: Main Acute Price List"
"INSERT, ARTICULAR 11MM LEGION SZ 1-2","ScorChSup10190666","CDM","278","RC","C1776","HCPCS","","","facility","both","","","","11490.64","11490.64","","","","","","","","","","","","","Gross Charge Type: Main Acute Price List"
"INSERT, ARTICULAR JOURNEY II BCS SIZE 5-6 RIGHT 10MM","GyscChSup115404","CDM","278","RC","C1776","HCPCS","","","facility","both","","","","11883.82","11883.82","","","","","","","","","","","","","Gross Charge Type: Main Acute Price List"
"INSERT, ARTICULAR JOURNEY II BCS SIZE 5-6 RIGHT 10MM","PacuWmSup115404","CDM","278","RC","C1776","HCPCS","","","facility","both","","","","11883.82","11883.82","","","","","","","","","","","","","Gross Charge Type: Main Acute Price List"
"INSERT, ARTICULAR JOURNEY II BSC UHMWPE SIZE 7-8 LEFT 13MM","GyscChSup115380","CDM","278","RC","C1776","HCPCS","","","facility","both","","","","3292.41","3292.41","","","","","","","","","","","","","Gross Charge Type: Main Acute Price List"
"INSERT, ARTICULAR JOURNEY II BSC UHMWPE SIZE 7-8 LEFT 13MM","ScanWmSup115380","CDM","278","RC","C1776","HCPCS","","","facility","both","","","","3292.41","3292.41","","","","","","","","","","","","","Gross Charge Type: Main Acute Price List"
"INSERT, ATTUNE KNEE SYSTEM ROTATING PLATFORM CRS SZ 8 10MM","OperChSup119629","CDM","278","RC","C1776","HCPCS","","","facility","both","","","","15600.15","15600.15","","","","","","","","","","","","","Gross Charge Type: Main Acute Price List"
"INSERT, ATTUNE KNEE SYSTEM ROTATING PLATFORM CRS SZ 8 10MM","OperWmSup119629","CDM","278","RC","C1776","HCPCS","","","facility","both","","","","15600.15","15600.15","","","","","","","","","","","","","Gross Charge Type: Main Acute Price List"
"INSERT, ATTUNE TIBIAL FIXED BEARING SIZE 4 12MM","AnesWmSup115792","CDM","278","RC","C1776","HCPCS","","","facility","both","","","","4465.82","4465.82","","","","","","","","","","","","","Gross Charge Type: Main Acute Price List"
"INSERT, ATUNE REVISION CRS SZ 7 ADX 12MM","GastChSup117112","CDM","278","RC","C1776","HCPCS","","","facility","both","","","","15600.15","15600.15","","","","","","","","","","","","","Gross Charge Type: Main Acute Price List"
"INSERT, ATUNE REVISION CRS SZ 7 ADX 12MM","ScpuChSup117112","CDM","278","RC","C1776","HCPCS","","","facility","both","","","","15600.15","15600.15","","","","","","","","","","","","","Gross Charge Type: Main Acute Price List"
"INSERT, COMBO HUMERAL 36 +3/33","CspuChSup115526","CDM","278","RC","C1776","HCPCS","","","facility","both","","","","4126.4","4126.4","","","","","","","","","","","","","Gross Charge Type: Main Acute Price List"
"INSERT, FIXED TIBIAL SIZE 2 LEFT 13MM FLEX","ScorWmSup120277","CDM","278","RC","C1776","HCPCS","","","facility","both","","","","0.01","0.01","","","","","","","","","","","","","Gross Charge Type: Main Acute Price List"
"INSERT, HARMONIC ACE CURVED SHEARS","PacuWmSup56100","CDM","272","RC","","","","","facility","both","","","","2490.54","2490.54","","","","","","","","","","","","","Gross Charge Type: Main Acute Price List"
"INSERT, HARMONIC ACE CURVED SHEARS","ScpuChSup56100","CDM","272","RC","","","","","facility","both","","","","2490.54","2490.54","","","","","","","","","","","","","Gross Charge Type: Main Acute Price List"
"INSERT, HUMERAL COMBO MODULAR GLENOID SYSTEM 36+3/39","ScorWmSup109088","CDM","278","RC","C1776","HCPCS","","","facility","both","","","","4669.08","4669.08","","","","","","","","","","","","","Gross Charge Type: Main Acute Price List"
"INSERT, HUMERAL MODULAR GLENOID UNIVERS REVERS 33+3","GyscChSup118265","CDM","278","RC","C1776","HCPCS","","","facility","both","","","","4388.43","4388.43","","","","","","","","","","","","","Gross Charge Type: Main Acute Price List"
"INSERT, HUMERAL PERFORM SZ 1","AnesWmSup112960","CDM","278","RC","C1776","HCPCS","","","facility","both","","","","10425.51","10425.51","","","","","","","","","","","","","Gross Charge Type: Main Acute Price List"
"INSERT, HUMERAL UNIVERS MODULAR GLENOID SYSTEM COMBINATION 33+3C/36","DelrChSup118593","CDM","278","RC","C1776","HCPCS","","","facility","both","","","","5878.83","5878.83","","","","","","","","","","","","","Gross Charge Type: Main Acute Price List"
"INSERT, HUMERAL UNIVERS REVERS MOD 42 + 3/45","CcthChSup110122","CDM","278","RC","C1776","HCPCS","","","facility","both","","","","4669.08","4669.08","","","","","","","","","","","","","Gross Charge Type: Main Acute Price List"
"INSERT, HUMERAL UNIVERS REVERS SMALL 36 +6 CONSTRAINED","AnesWmSup118777","CDM","278","RC","C1776","HCPCS","","","facility","both","","","","4390.3","4390.3","","","","","","","","","","","","","Gross Charge Type: Main Acute Price List"
"INSERT, HUMERAL UNIVERS REVERS SMALL 36 +6 CONSTRAINED","CspuChSup118777","CDM","278","RC","C1776","HCPCS","","","facility","both","","","","4390.3","4390.3","","","","","","","","","","","","","Gross Charge Type: Main Acute Price List"
"INSERT, INBONE EVERLAST POLY SZ 1+ 14MM","AnesChSup118604","CDM","278","RC","C1776","HCPCS","","","facility","both","","","","22669.69","22669.69","","","","","","","","","","","","","Gross Charge Type: Main Acute Price List"
"INSERT, INFINITY EVERLAST CROSS-LINKED POLY SZ 1/1 + H 8MM","CcthChSup118015","CDM","278","RC","C1776","HCPCS","","","facility","both","","","","12023.81","12023.81","","","","","","","","","","","","","Gross Charge Type: Main Acute Price List"
"INSERT, KNEE TIBIAL A/P LIP 19M M","ScorChSup96517","CDM","270","RC","","","","","facility","both","","","","3079.87","3079.87","","","","","","","","","","","","","Gross Charge Type: Main Acute Price List"
"INSERT, KNEE TIBIAL A/P LIP 9MM L","PacuChSup96519","CDM","270","RC","","","","","facility","both","","","","4311.82","4311.82","","","","","","","","","","","","","Gross Charge Type: Main Acute Price List"
"INSERT, KNEE TIBIAL A/P LIP 9MM L","PacuWmSup96519","CDM","270","RC","","","","","facility","both","","","","4311.82","4311.82","","","","","","","","","","","","","Gross Charge Type: Main Acute Price List"
"INSERT, KNEE TIBIAL A/P LIP 9MM M","GyscChSup96513","CDM","270","RC","","","","","facility","both","","","","3079.87","3079.87","","","","","","","","","","","","","Gross Charge Type: Main Acute Price List"
"INSERT, LEGION CR XLPE HIGH FLEXION SZ 5-6 9MM","CspuChSup116193","CDM","278","RC","C1776","HCPCS","","","facility","both","","","","4343.96","4343.96","","","","","","","","","","","","","Gross Charge Type: Main Acute Price List"
"INSERT, MEDICAL MT9-13","AngiWmSup119413","CDM","272","RC","","","","","facility","both","","","","4921.63","4921.63","","","","","","","","","","","","","Gross Charge Type: Main Acute Price List"
"INSERT, PERFORM SZ 3-4 36MM DIA +0 10DEG","OperWmSup120197","CDM","278","RC","C1776","HCPCS","","","facility","both","","","","0.01","0.01","","","","","","","","","","","","","Gross Charge Type: Main Acute Price List"
"INSERT, POLARCUP XLPE STERIL/NON CEMENTED SZ 47/28","ScorWmSup119538","CDM","278","RC","C1776","HCPCS","","","facility","both","","","","4003.83","4003.83","","","","","","","","","","","","","Gross Charge Type: Main Acute Price List"
"INSERT, POLY INFINITY EVERLAST CROSS-LINKED SZ 3+ 7MM","ScorWmSup119295","CDM","278","RC","C1776","HCPCS","","","facility","both","","","","12023.81","12023.81","","","","","","","","","","","","","Gross Charge Type: Main Acute Price List"
"INSERT, RENTENTIVE REVERSED 42MM THICK 6MM","AngiChSup107263","CDM","278","RC","C1713","HCPCS","","","facility","both","","","","8641.59","8641.59","","","","","","","","","","","","","Gross Charge Type: Main Acute Price List"
"INSERT, RETENTIVE REVERSED SZ 3 39MM +3MM THICK","DelrChSup115779","CDM","278","RC","C1713","HCPCS","","","facility","both","","","","13031.89","13031.89","","","","","","","","","","","","","Gross Charge Type: Main Acute Price List"
"INSERT, RETENTIVE REVERSED SZ 3 39MM +3MM THICK","OperChSup115779","CDM","278","RC","C1713","HCPCS","","","facility","both","","","","13031.89","13031.89","","","","","","","","","","","","","Gross Charge Type: Main Acute Price List"
"INSERT, REUNION RSA X 3 HUMERAL STERILE 40X4MM","GyscChSup118667","CDM","278","RC","C1776","HCPCS","","","facility","both","","","","5791.95","5791.95","","","","","","","","","","","","","Gross Charge Type: Main Acute Price List"
"INSERT, REUNION RSA X3 HUMERAL 36X4MM","CspuChSup71900","CDM","278","RC","","","","","facility","both","","","","6159.74","6159.74","","","","","","","","","","","","","Gross Charge Type: Main Acute Price List"
"INSERT, REUNION RSA X3 HUMERAL 36X4MM","ScpuWmSup71900","CDM","278","RC","","","","","facility","both","","","","6159.74","6159.74","","","","","","","","","","","","","Gross Charge Type: Main Acute Price List"
"INSERT, REUNION RSA X3 HUMERAL 40X4MM 108339","AngiWmSup108339","CDM","278","RC","C1776","HCPCS","","","facility","both","","","","5791.95","5791.95","","","","","","","","","","","","","Gross Charge Type: Main Acute Price List"
"INSERT, REUNION RSA X3 HUMERAL 40X4MM 108339","EplbChSup108339","CDM","278","RC","C1776","HCPCS","","","facility","both","","","","5791.95","5791.95","","","","","","","","","","","","","Gross Charge Type: Main Acute Price List"
"INSERT, REUNION RSA X3 HUMERAL 40X4MM 108339","PacuWmSup108339","CDM","278","RC","C1776","HCPCS","","","facility","both","","","","5791.95","5791.95","","","","","","","","","","","","","Gross Charge Type: Main Acute Price List"
"INSERT, REUNION RSA X3 HUMERAL 40X4MM 108339","ScorWmSup108339","CDM","278","RC","C1776","HCPCS","","","facility","both","","","","5791.95","5791.95","","","","","","","","","","","","","Gross Charge Type: Main Acute Price List"
"INSERT, REUNION RSA X3 HUMERAL 40X4MM","ScanWmSup75042","CDM","278","RC","C1776","HCPCS","","","facility","both","","","","5791.95","5791.95","","","","","","","","","","","","","Gross Charge Type: Main Acute Price List"
"INSERT, REUNION RSA X3 HUMERAL CONSTRAINED 32X12MM","CspuChSup106963","CDM","278","RC","C1776","HCPCS","","","facility","both","","","","5791.95","5791.95","","","","","","","","","","","","","Gross Charge Type: Main Acute Price List"
"INSERT, REVERSE ASCEND FLEX 36X6X17.5 A","CspuChSup65201","CDM","278","RC","C1776","HCPCS","","","facility","both","","","","6955.6","6955.6","","","","","","","","","","","","","Gross Charge Type: Main Acute Price List"
"INSERT, REVERSED HUMERAL SYSTEM THICK 6MM 36MM SZ 3","CcthChSup113880","CDM","278","RC","C1776","HCPCS","","","facility","both","","","","9077.22","9077.22","","","","","","","","","","","","","Gross Charge Type: Main Acute Price List"
"INSERT, REVERSED HUMERAL SYSTEM THICK 6MM 36MM SZ 3","GastWmSup113880","CDM","278","RC","C1776","HCPCS","","","facility","both","","","","9077.22","9077.22","","","","","","","","","","","","","Gross Charge Type: Main Acute Price List"
"INSERT, REVERSED HUMERAL SYSTEM THICK 6MM 36MM SZ 3","ScorWmSup113880","CDM","278","RC","C1776","HCPCS","","","facility","both","","","","9077.22","9077.22","","","","","","","","","","","","","Gross Charge Type: Main Acute Price List"
"INSERT, REVISION CRS FIXED BEARING SIZE 4 12MM","PacuChSup119827","CDM","278","RC","C1776","HCPCS","","","facility","both","","","","12928.05","12928.05","","","","","","","","","","","","","Gross Charge Type: Main Acute Price List"
"INSERT, REVISION TRIATHALON SZ 4 19MM","OperChSup10191743","CDM","278","RC","C1776","HCPCS","","","facility","both","","","","20603.52","20603.52","","","","","","","","","","","","","Gross Charge Type: Main Acute Price List"
"INSERT, SURGICAL OSTEOTOMY MT1412+","AnesWmSup119134","CDM","272","RC","","","","","facility","both","","","","4921.63","4921.63","","","","","","","","","","","","","Gross Charge Type: Main Acute Price List"
"INSERT, SURGICAL OSTEOTOMY MT1412+","OperChSup119134","CDM","272","RC","","","","","facility","both","","","","4921.63","4921.63","","","","","","","","","","","","","Gross Charge Type: Main Acute Price List"
"INSERT, TIB IMP PS TRULIANT 3.5 11MM","OperWmSup114788","CDM","278","RC","C1776","HCPCS","","","facility","both","","","","15906.78","15906.78","","","","","","","","","","","","","Gross Charge Type: Main Acute Price List"
"INSERT, TIB IMP PS TRULIANT 3.5 11MM","ScanWmSup114788","CDM","278","RC","C1776","HCPCS","","","facility","both","","","","15906.78","15906.78","","","","","","","","","","","","","Gross Charge Type: Main Acute Price List"
"INSERT, TIBIAL ATTUNE REVISON HALF POROCOAT 53MM","ScorChSup119263","CDM","278","RC","C1776","HCPCS","","","facility","both","","","","19774.61","19774.61","","","","","","","","","","","","","Gross Charge Type: Main Acute Price List"
"INSERT, TIBIAL BEARING TRIATHLON X3 CS SZ 8 14MM","AngiChSup108632","CDM","278","RC","C1776","HCPCS","","","facility","both","","","","4054.37","4054.37","","","","","","","","","","","","","Gross Charge Type: Main Acute Price List"
"INSERT, TIBIAL FIXED BEARING POSTERIOR STBLZ SIZE 4 / 12MM","DelrChSup115794","CDM","278","RC","C1776","HCPCS","","","facility","both","","","","4199.16","4199.16","","","","","","","","","","","","","Gross Charge Type: Main Acute Price List"
"INSERT, TIBIAL LCS COMPLETE RPS LARGE 20MM","OperWmSup118657","CDM","278","RC","C1776","HCPCS","","","facility","both","","","","6467.73","6467.73","","","","","","","","","","","","","Gross Charge Type: Main Acute Price List"
"INSERT, TIBIAL LCS COMPLETE RPS LARGE 20MM","ScpuWmSup118657","CDM","278","RC","C1776","HCPCS","","","facility","both","","","","6467.73","6467.73","","","","","","","","","","","","","Gross Charge Type: Main Acute Price List"
"INSERT, TIBIAL REMEDY SPACER 70MM MED","ScpuChSup64405","CDM","278","RC","C1776","HCPCS","","","facility","both","","","","2895.98","2895.98","","","","","","","","","","","","","Gross Charge Type: Main Acute Price List"
"INSERT, TIBIAL REMEDY SPACER 80MM LRG","Chrs5464406","CDM","278","RC","C1776","HCPCS","","","facility","both","","","","3079.87","3079.87","","","","","","","","","","","","","Gross Charge Type: Main Acute Price List"
"INSERT, TIBIAL REMEDY SPACER 80MM LRG","PacuChSup64406","CDM","278","RC","C1776","HCPCS","","","facility","both","","","","3079.87","3079.87","","","","","","","","","","","","","Gross Charge Type: Main Acute Price List"
"INSERT, TIBIAL REMEDY SPACER 80MM LRG","PacuWmSup64406","CDM","278","RC","C1776","HCPCS","","","facility","both","","","","3079.87","3079.87","","","","","","","","","","","","","Gross Charge Type: Main Acute Price List"
"INSERT, TIBIAL SIGMA FIXED BEARING SZ 2 20MM","CcthChSup112453","CDM","278","RC","C1776","HCPCS","","","facility","both","","","","8696.62","8696.62","","","","","","","","","","","","","Gross Charge Type: Main Acute Price List"
"INSERT, TIBIAL SIGMA FIXED BEARING SZ 2 20MM","GastChSup112453","CDM","278","RC","C1776","HCPCS","","","facility","both","","","","8696.62","8696.62","","","","","","","","","","","","","Gross Charge Type: Main Acute Price List"
"INSERT, TIBIAL SIGMA FIXED BEARING SZ 2 20MM","ScorWmSup112453","CDM","278","RC","C1776","HCPCS","","","facility","both","","","","8696.62","8696.62","","","","","","","","","","","","","Gross Charge Type: Main Acute Price List"
"INSERT, TIBIAL TOTAL STABILIZER SZ 4 22MM","CcthChSup118704","CDM","278","RC","C1776","HCPCS","","","facility","both","","","","12813.05","12813.05","","","","","","","","","","","","","Gross Charge Type: Main Acute Price List"
"INSERT, TIBIAL TRIATHLON TS SZ 13MM","ScpuWmSup117707","CDM","278","RC","C1776","HCPCS","","","facility","both","","","","12813.05","12813.05","","","","","","","","","","","","","Gross Charge Type: Main Acute Price List"
"INSERT, TIBIAL TRIATHLON TS SZ 7 16MM E0T","ScanChSup116150","CDM","278","RC","C1776","HCPCS","","","facility","both","","","","12813.05","12813.05","","","","","","","","","","","","","Gross Charge Type: Main Acute Price List"
"INSERT, TIBIAL TRIATHLON X3 CS SZ 8 13MM","OperWmSup10179480","CDM","278","RC","C1776","HCPCS","","","facility","both","","","","4312.84","4312.84","","","","","","","","","","","","","Gross Charge Type: Main Acute Price List"
"INSERT, TIBIAL TRIATHLON X3 POLY TS SZ 4 19MM","AnesChSup120084","CDM","278","RC","C1776","HCPCS","","","facility","both","","","","12813.05","12813.05","","","","","","","","","","","","","Gross Charge Type: Main Acute Price List"
"INSERT, TIBIAL TRIATHLON X3 TS+ SZ 3 19MM","ScanWmSup118831","CDM","278","RC","C1776","HCPCS","","","facility","both","","","","12813.05","12813.05","","","","","","","","","","","","","Gross Charge Type: Main Acute Price List"
"INSERT, TRIATHLON TOTAL STABILIZER SZ 1 THKNS 9MM TYP TS","ScanWmSup115793","CDM","278","RC","C1776","HCPCS","","","facility","both","","","","12813.05","12813.05","","","","","","","","","","","","","Gross Charge Type: Main Acute Price List"
"INSERT, TRIATHLON X3 TS SIZE 2 X 11MM","ScpuWmSup109321","CDM","278","RC","C1776","HCPCS","","","facility","both","","","","12813.05","12813.05","","","","","","","","","","","","","Gross Charge Type: Main Acute Price List"
"INSERT, TRIATHLON X3 TS SZ PLUS 3 11MM","CspuChSup116336","CDM","278","RC","C1776","HCPCS","","","facility","both","","","","12813.05","12813.05","","","","","","","","","","","","","Gross Charge Type: Main Acute Price List"
"INSERT,GASTROSTOMY,W FLUORO/RS&I,PERC","AngiCh9654","CDM","361","RC","49440","HCPCS","","","facility","both","","","","3509.1","3509.1","","","","","","","","","","","","","Gross Charge Type: Main Acute Price List"
"INSERT,HUMERAL UNIVERS REVERS SMALL 36 +6","AngiChSup71968","CDM","278","RC","C1776","HCPCS","","","facility","both","","","","4669.08","4669.08","","","","","","","","","","","","","Gross Charge Type: Main Acute Price List"
"INSERT,INDWELL TUNN PLEU CATH GLB","IrraWm4013","CDM","361","RC","32550","HCPCS","","","facility","both","","","","2376.2","2376.2","","","","","","","","","","","","","Gross Charge Type: Main Acute Price List"
"INSERT,PERM DUAL LEADLESS PACEMAKER,RIGHT ATRIAL,RIGHT VENT PACEMAKER COMP","EpLbCh0797T","CDM","361","RC","0797T","HCPCS","","","facility","both","","","","8130.82","8130.82","","","","","","","","","","","","","Gross Charge Type: Main Acute Price List"
"INSERT,TIBIAL TRIATHLON TS+ SZ 7 13MM","OperWmSup10195129","CDM","278","RC","C1776","HCPCS","","","facility","both","","","","12147.96","12147.96","","","","","","","","","","","","","Gross Charge Type: Main Acute Price List"
"INSERT,TIBIAL TRIATHLON X3 TS SZ 2 X 19MM","OperWmSup10180693","CDM","278","RC","C1776","HCPCS","","","facility","both","","","","2194.54","2194.54","","","","","","","","","","","","","Gross Charge Type: Main Acute Price List"
"INSERT,TUNN CVC,WO PORT/PUMP,=>5YO","AngiWm9580","CDM","361","RC","36558","HCPCS","","","facility","both","","","","2137.87","2137.87","","","","","","","","","","","","","Gross Charge Type: Main Acute Price List"
"INSERTER,SCREW STARDRIVE T8 SELF RETAIN","AngiWmSup66214","CDM","278","RC","","","","","facility","both","","","","1022.52","1022.52","","","","","","","","","","","","","Gross Charge Type: Main Acute Price List"
"INSERTION,TIPS GLB","IrraCh9554","CDM","361","RC","37182","HCPCS","","","facility","both","","","","33300.39","33300.39","","","","","","","","","","","","","Gross Charge Type: Main Acute Price List"
"INSPECTION MIRROR (SMALL)","OcthRh1650","CDM","270","RC","","","","","facility","both","","","","62.21","62.21","","","","","","","","","","","","","Gross Charge Type: Main Acute Price List"
"INSTRUMENT,BIOPINCE FULL CORE BIOPSY 18X10","ScpuWmSup70096","CDM","272","RC","","","","","facility","both","","","","243.26","243.26","","","","","","","","","","","","","Gross Charge Type: Main Acute Price List"
"INSTRUMENT,MISSION CORE NEEDLE BIOPSY 14G X 10CM","CcicCT66175","CDM","272","RC","","","","","facility","both","","","","209.43","209.43","","","","","","","","","","","","","Gross Charge Type: Main Acute Price List"
"INSTRUMENT,MISSION CORE NEEDLE BIOPSY 14G X 10CM","CcimMR66175","CDM","272","RC","","","","","facility","both","","","","209.43","209.43","","","","","","","","","","","","","Gross Charge Type: Main Acute Price List"
"INSTRUMENT,MISSION CORE NEEDLE BIOPSY 14G X 10CM","CcsbMR66175","CDM","272","RC","","","","","facility","both","","","","209.43","209.43","","","","","","","","","","","","","Gross Charge Type: Main Acute Price List"
"INSTRUMENT,MISSION CORE NEEDLE BIOPSY 14G X 10CM","ScanChSup66175","CDM","272","RC","","","","","facility","both","","","","209.43","209.43","","","","","","","","","","","","","Gross Charge Type: Main Acute Price List"
"INSTRUMENT,MISSION CORE NEEDLE BIOPSY 14G X 10CM","WilmUS66175","CDM","272","RC","","","","","facility","both","","","","209.43","209.43","","","","","","","","","","","","","Gross Charge Type: Main Acute Price List"
"INTRODUCER - CATH, BROVIAC SINGLE 6.6FR 90CM SILICONE","OperChSup790300","CDM","272","RC","C1894","HCPCS","","","facility","both","","","","1.12","1.12","","","","","","","","","","","","","Gross Charge Type: Main Acute Price List"
"INTRODUCER SHEATH, PRELUDE PRO 4FR 11CM","CcthChSup790228","CDM","272","RC","C1769","HCPCS","","","facility","both","","","","253.97","253.97","","","","","","","","","","","","","Gross Charge Type: Main Acute Price List"
"INTRODUCER SHEATH, PRELUDE PRO 4FR 11CM","CspuChSup790228","CDM","272","RC","C1769","HCPCS","","","facility","both","","","","253.97","253.97","","","","","","","","","","","","","Gross Charge Type: Main Acute Price List"
"INTRODUCER SHEATH, PRELUDE PRO 4FR 11CM","ScorChSup790228","CDM","272","RC","C1769","HCPCS","","","facility","both","","","","253.97","253.97","","","","","","","","","","","","","Gross Charge Type: Main Acute Price List"
"INTRODUCER, 6F X 25CM PINNACLE","CspuChSup204373","CDM","272","RC","C1894","HCPCS","","","facility","both","","","","114.27","114.27","","","","","","","","","","","","","Gross Charge Type: Main Acute Price List"
"INTRODUCER, 6F X 25CM PINNACLE","GyscChSup204373","CDM","272","RC","C1894","HCPCS","","","facility","both","","","","114.27","114.27","","","","","","","","","","","","","Gross Charge Type: Main Acute Price List"
"INTRODUCER, ACCUSTICK","Fcin3882557","CDM","272","RC","C1894","HCPCS","","","facility","both","","","","448.7","448.7","","","","","","","","","","","","","Gross Charge Type: Main Acute Price List"
"INTRODUCER, BALKIN 6FR 40CM","PacuChSup22227","CDM","272","RC","C1894","HCPCS","","","facility","both","","","","309.22","309.22","","","","","","","","","","","","","Gross Charge Type: Main Acute Price List"
"INTRODUCER, BALKIN 8FR 40CM","GastChSup22229","CDM","272","RC","C1894","HCPCS","","","facility","both","","","","330.96","330.96","","","","","","","","","","","","","Gross Charge Type: Main Acute Price List"
"INTRODUCER, BOUGIE COUDE TIP PEDIATRIC","PacuWmSup60550","CDM","272","RC","","","","","facility","both","","","","48.62","48.62","","","","","","","","","","","","","Gross Charge Type: Main Acute Price List"
"INTRODUCER, CHECK-FLO EXTRA LARGE","OperChSup67840","CDM","272","RC","C1894","HCPCS","","","facility","both","","","","2747.24","2747.24","","","","","","","","","","","","","Gross Charge Type: Main Acute Price List"
"INTRODUCER, CHECKFLO XLARGE 20FR 40CM","ScpuWmSup39143","CDM","272","RC","C1894","HCPCS","","","facility","both","","","","2747.24","2747.24","","","","","","","","","","","","","Gross Charge Type: Main Acute Price List"
"INTRODUCER, CHECKFLO XLARGE 24FR 65CM","PacuWmSup119822","CDM","272","RC","C1894","HCPCS","","","facility","both","","","","2583.21","2583.21","","","","","","","","","","","","","Gross Charge Type: Main Acute Price List"
"INTRODUCER, CURVED REMORAL 16 FR","GastChSup33069","CDM","270","RC","","","","","facility","both","","","","3367.96","3367.96","","","","","","","","","","","","","Gross Charge Type: Main Acute Price List"
"INTRODUCER, KYPHX ASSIST DIRECTIONAL CANNUAL","DelrChSup106487","CDM","272","RC","","","","","facility","both","","","","3326.26","3326.26","","","","","","","","","","","","","Gross Charge Type: Main Acute Price List"
"INTRODUCER, KYPHX ONE-STEP OSTEO","GastWmSup30929","CDM","270","RC","","","","","facility","both","","","","2217.5","2217.5","","","","","","","","","","","","","Gross Charge Type: Main Acute Price List"
"INTRODUCER, MINOP DISP 19FR","GastChSup44236","CDM","272","RC","","","","","facility","both","","","","1553.02","1553.02","","","","","","","","","","","","","Gross Charge Type: Main Acute Price List"
"INTRODUCER, PACEMAKER LEAD 10F","OperWmSup80869","CDM","272","RC","C1892","HCPCS","","","facility","both","","","","409.56","409.56","","","","","","","","","","","","","Gross Charge Type: Main Acute Price List"
"INTRODUCER, PACEMAKER LEAD 12F","Chrs54878","CDM","272","RC","C1769","HCPCS","","","facility","both","","","","330.04","330.04","","","","","","","","","","","","","Gross Charge Type: Main Acute Price List"
"INTRODUCER, PACEMAKER LEAD 12F","CspuChSup878","CDM","272","RC","C1769","HCPCS","","","facility","both","","","","330.04","330.04","","","","","","","","","","","","","Gross Charge Type: Main Acute Price List"
"INTRODUCER, PACEMAKER LEAD 12F","ScpuChSup878","CDM","272","RC","C1769","HCPCS","","","facility","both","","","","330.04","330.04","","","","","","","","","","","","","Gross Charge Type: Main Acute Price List"
"INTRODUCER, PLVW9.038-30-VAD5","ScpuWmSup93305","CDM","272","RC","C1892","HCPCS","","","facility","both","","","","431.67","431.67","","","","","","","","","","","","","Gross Charge Type: Main Acute Price List"
"INTRODUCER, SET PEEL AWAY 10.0 X 38","ScorWmSup91990","CDM","270","RC","","","","","facility","both","","","","298.31","298.31","","","","","","","","","","","","","Gross Charge Type: Main Acute Price List"
"INTRODUCER, SHEATH 12 FR","CcthChSup23514","CDM","272","RC","C1894","HCPCS","","","facility","both","","","","443.13","443.13","","","","","","","","","","","","","Gross Charge Type: Main Acute Price List"
"INTRODUCER, SHEATH 6FR X 10CM","CspuChSup4794","CDM","272","RC","C1894","HCPCS","","","facility","both","","","","121.35","121.35","","","","","","","","","","","","","Gross Charge Type: Main Acute Price List"
"INTRODUCER, SURE SIGHT 9G LOCAL SET USE W/ 20 MR HANDPIECE","Ccbc4139519","CDM","272","RC","","","","","facility","both","","","","893.16","893.16","","","","","","","","","","","","","Gross Charge Type: Main Acute Price List"
"INTRODUCER, SURE SIGHT 9G LOCAL SET USE W/ 20 MR HANDPIECE","CcicUS39519","CDM","272","RC","","","","","facility","both","","","","893.16","893.16","","","","","","","","","","","","","Gross Charge Type: Main Acute Price List"
"INTRODUCER, SURE SIGHT 9G LOCAL SET USE W/ 20 MR HANDPIECE","MiddUS39519","CDM","272","RC","","","","","facility","both","","","","893.16","893.16","","","","","","","","","","","","","Gross Charge Type: Main Acute Price List"
"INTRODUCER, SURE SIGHT 9G LOCAL SET USE W/ 20 MR HANDPIECE","ScorWmSup39519","CDM","272","RC","","","","","facility","both","","","","893.16","893.16","","","","","","","","","","","","","Gross Charge Type: Main Acute Price List"
"INTRODUCER, SURE SIGHT 9G LOCAL SET USE/W 12 MR HANDPIECE","Midd4739518","CDM","272","RC","","","","","facility","both","","","","893.16","893.16","","","","","","","","","","","","","Gross Charge Type: Main Acute Price List"
"INTRODUCER, ULTRASOUND 12G","CcspMR54297","CDM","272","RC","","","","","facility","both","","","","69.5","69.5","","","","","","","","","","","","","Gross Charge Type: Main Acute Price List"
"INTRODUCER, ULTRASOUND 12G","CcspUS54297","CDM","272","RC","","","","","facility","both","","","","69.5","69.5","","","","","","","","","","","","","Gross Charge Type: Main Acute Price List"
"INTRODUCER, ULTRASOUND 12G","ScanWmSup54297","CDM","272","RC","","","","","facility","both","","","","69.5","69.5","","","","","","","","","","","","","Gross Charge Type: Main Acute Price List"
"INTRODUCER, ULTRASOUND 9G","CcsmCT54296","CDM","272","RC","","","","","facility","both","","","","69.5","69.5","","","","","","","","","","","","","Gross Charge Type: Main Acute Price List"
"INTRODUCER, ULTRASOUND 9G","ChrsCT54296","CDM","272","RC","","","","","facility","both","","","","69.5","69.5","","","","","","","","","","","","","Gross Charge Type: Main Acute Price List"
"INTRODUCER, ULTRASOUND 9G","MiddUS54296","CDM","272","RC","","","","","facility","both","","","","69.5","69.5","","","","","","","","","","","","","Gross Charge Type: Main Acute Price List"
"INTRODUCER, ULTRASOUND 9G","OperWmSup54296","CDM","272","RC","","","","","facility","both","","","","69.5","69.5","","","","","","","","","","","","","Gross Charge Type: Main Acute Price List"
"INTRODUCER, VASCULAR W/O DILATOR 6FR 55CM","ScanChSup108166","CDM","272","RC","C1894","HCPCS","","","facility","both","","","","275.41","275.41","","","","","","","","","","","","","Gross Charge Type: Main Acute Price List"
"INTRODUCER,KOLENDA SALIVERY ACC INTROD SET","ScanWmSup790261","CDM","272","RC","C1894","HCPCS","","","facility","both","","","","1.19","1.19","","","","","","","","","","","","","Gross Charge Type: Main Acute Price List"
"INTRODUCER,PACEMAKER 9FR","ScanWmSup790095","CDM","272","RC","C1892","HCPCS","","","facility","both","","","","1.12","1.12","","","","","","","","","","","","","Gross Charge Type: Main Acute Price List"
"INTRODUCER,PACEMAKER LEAD","Chrs54790099","CDM","272","RC","C1892","HCPCS","","","facility","both","","","","1.12","1.12","","","","","","","","","","","","","Gross Charge Type: Main Acute Price List"
"INTRODUCER,PACEMAKER LEAD","GastWmSup790099","CDM","272","RC","C1892","HCPCS","","","facility","both","","","","1.12","1.12","","","","","","","","","","","","","Gross Charge Type: Main Acute Price List"
"INTRODUCT,CATH,VENA CAVA GLB","IrraCh3252","CDM","361","RC","36010","HCPCS","","","facility","both","","","","1687.1","1687.1","","","","","","","","","","","","","Gross Charge Type: Main Acute Price List"
"INTRODUCTION,LONG GASTROINTEST TUBE GLP","Chrs549145","CDM","361","RC","44500","HCPCS","","","facility","both","","","","191.24","191.24","","","","","","","","","","","","","Gross Charge Type: Main Acute Price List"
"IRB STUDY, KIT AIRWAY SIZING HUD","OperWmSup58256","CDM","278","RC","","","","","facility","both","","","","1847.92","1847.92","","","","","","","","","","","","","Gross Charge Type: Main Acute Price List"
"IRB STUDY, KIT AIRWAY SIZING HUD","ScpuChSup58256","CDM","278","RC","","","","","facility","both","","","","1847.92","1847.92","","","","","","","","","","","","","Gross Charge Type: Main Acute Price List"
"IRB STUDY, VALVE SPIRATION IN CARTRIDGE 5MM HUD","Wilm5458252","CDM","278","RC","C1889","HCPCS","","","facility","both","","","","16323.31","16323.31","","","","","","","","","","","","","Gross Charge Type: Main Acute Price List"
"IRB STUDY, VALVE SPIRATION IN CARTRIDGE 9MM HUD","OperWmSup69187","CDM","278","RC","C1889","HCPCS","","","facility","both","","","","21251.1","21251.1","","","","","","","","","","","","","Gross Charge Type: Main Acute Price List"
"IRB STUDY, VALVE SPIRATION IN CARTRIDGE 9MM HUD","ScorChSup69187","CDM","278","RC","C1889","HCPCS","","","facility","both","","","","21251.1","21251.1","","","","","","","","","","","","","Gross Charge Type: Main Acute Price List"
"IRON BINDING CAPACITY,TOTAL","ChemNr3658","CDM","301","RC","83550","HCPCS","","","facility","both","","","","164.93","164.93","","","","","","","","","","","","","Gross Charge Type: Main Acute Price List"
"IV SET, PRIMARY W/3 SMARTSITES","Ccsp41210","CDM","270","RC","","","","","facility","both","","","","29.49","29.49","","","","","","","","","","","","","Gross Charge Type: Main Acute Price List"
"IV SUBCLAVIAN/SHEATH REMOVAL","CMOUCh1057","CDM","260","RC","","","","","facility","both","","","","76.88","76.88","","","","","","","","","","","","","Gross Charge Type: Main Acute Price List"
"IV SUBCLAVIAN/SHEATH REMOVAL","CS25Ch1057","CDM","260","RC","","","","","facility","both","","","","76.88","76.88","","","","","","","","","","","","","Gross Charge Type: Main Acute Price List"
"IV SUBCLAVIAN/SHEATH REMOVAL","WesuWm1057","CDM","260","RC","","","","","facility","both","","","","76.88","76.88","","","","","","","","","","","","","Gross Charge Type: Main Acute Price List"
"IV, D10/WATER  500 ML","PacuChSup935","CDM","270","RC","","","","","facility","both","","","","15.14","15.14","","","","","","","","","","","","","Gross Charge Type: Main Acute Price List"
"IV, D10/WATER  500 ML","ScorChSup935","CDM","270","RC","","","","","facility","both","","","","15.14","15.14","","","","","","","","","","","","","Gross Charge Type: Main Acute Price List"
"IV, D5/0.9% NACL 1000 ML","Chrs41923","CDM","270","RC","","","","","facility","both","","","","13.98","13.98","","","","","","","","","","","","","Gross Charge Type: Main Acute Price List"
"Iaad blk ac wv bsnsr sarscv2","0408U","HCPCS","","","","","","","facility","outpatient","","","","","","First Health","Delaware Medicaid Managed Care Plan","15.54","","","","","","","fee schedule","13.42","42.39","Laboratory"
"Iadna bartonella ddpcr","0301U","HCPCS","","","","","","","facility","outpatient","","","","","","Aetna","Medicare Managed Care Plan","270.6","","","","","","","fee schedule","249.58","788.16","APC"
"Iadna cns pthgn next gen seq","0323U","HCPCS","","","","","","","facility","outpatient","","","","","","Bcbs","Highmark Health Options Medicare Managed Care Plan","2179.35","","","","","","","fee schedule","2019.89","6378.6","APC"
"Iadna cns pthgn next gen seq","0323U","HCPCS","","","","","","","facility","outpatient","","","","","","Jefferson Health Plan","Health Partners Medicare Managed Care Plan","2232.51","","","","","","","fee schedule","2019.89","6378.6","APC"
"Iadna vag pthgn panel 27 org","0330U","HCPCS","","","","","","","facility","outpatient","","","","","","Amerihealth","Caritas Next Other Commercial Plan","666.85","","","","","","","fee schedule","395.94","1250.34","Radiology"
"Iadna-dna/rna probe tq 12-25","87507","HCPCS","","","","","","","facility","outpatient","","","","","","Amerihealth","Caritas Next Other Commercial Plan","666.85","","","","","","","fee schedule","270.91","1250.34","Radiology"
"Iadna-dna/rna probe tq 6-11","87506","HCPCS","","","","","","","facility","outpatient","","","","","","Aetna","All Commercial Plans","291.92","","","","","","","fee schedule","170.94","788.97","Laboratory"
"Iadna-dna/rna probe tq 6-11","87506","HCPCS","","","","","","","facility","outpatient","","","","","","Amerihealth","Caritas Next Other Commercial Plan","262.99","","","","","","","fee schedule","170.94","788.97","Laboratory"
"Ibmfs seq alys pnl 30 genes","81441","HCPCS","","","","","","","facility","outpatient","","","","","","Unitedhealthcare","All Commercial Plans","2448.56","","","","","","","fee schedule","2326.13","7345.68",""
"Icm device eval","93290","HCPCS","","","","","","","facility","outpatient","","","","","","Amerihealth","Caritas Next Other Commercial Plan","64.53","","","","","","","fee schedule","38.31","120.99","Radiology"
"Icm device eval","93290","HCPCS","","","","","","","facility","outpatient","","","","","","Bcbs","Highmark All Commercial Plans","59.51","","","","","","","fee schedule","38.31","120.99","Radiology"
"Icm device interrogat remote","93297","HCPCS","","","","","","","facility","outpatient","","","","","","Healthspring","Medicare Managed Care Plan","40.33","","","","","","","fee schedule","38.31","120.99","APC"
"Icut allergy titrate-airborn","95027","HCPCS","","","","","","","facility","outpatient","","","","","","Healthspring","Medicare Managed Care Plan","31.26","","","","","","","fee schedule","29.69","93.77","APC"
"Ig paraprotein qual bld/ur","0077U","HCPCS","","","","","","","facility","outpatient","","","","","","Aetna","All Commercial Plans","60.8","","","","","","","fee schedule","41.26","130.29","Radiology"
"Igg 1 2 3 or 4 each","82787","HCPCS","","","","","","","facility","outpatient","","","","","","Aetna","Medicare Managed Care Plan","8.26","","","","","","","fee schedule","5.21","24.06","APC"
"Igg 1 2 3 or 4 each","82787","HCPCS","","","","","","","facility","outpatient","","","","","","Amerihealth","Caritas Next Other Commercial Plan","12.83","","","","","","","fee schedule","5.21","24.06","Radiology"
"Igh gene rearrange amp meth","81261","HCPCS","","","","","","","facility","outpatient","","","","","","Jefferson Health Plan","Health Partners Medicaid Managed Care/Aca Plan","593.97","","","","","","","fee schedule","128.69","593.97","APC"
"Iliac bone graft microvasc","20956","HCPCS","","","","","","","facility","outpatient","","","","","","Aetna","All Commercial Plans","10977.79","","","","","","","fee schedule","7449.22","23523.84","Radiology"
"Ilr device eval progr","93285","HCPCS","","","","","","","facility","outpatient","","","","","","Amerihealth","Medicare Managed Care Plan","43.56","","","","","","","fee schedule","38.31","120.99","APC"
"Image cath fluid peri/retro","49406","HCPCS","","","","","","","facility","outpatient","","","","","","Aetna","All Commercial Plans","2498.67","","","","","","","fee schedule","1695.53","5354.29","Radiology"
"Img rta detc/mntr ds poc aly","92229","HCPCS","","","","","","","facility","outpatient","","","","","","Aetna","All Commercial Plans","89.25","","","","","","","fee schedule","60.56","191.25","Radiology"
"Img rta detc/mntr ds poc aly","92229","HCPCS","","","","","","","facility","outpatient","","","","","","Aetna","Medicare Managed Care Plan","65.66","","","","","","","fee schedule","60.56","191.25","APC"
"Img rta detc/mntr ds poc aly","92229","HCPCS","","","","","","","facility","outpatient","","","","","","Bcbs","Highmark Wholecare Medicare Managed Care Plan","70.12","","","","","","","fee schedule","60.56","191.25","APC"
"Immune admin oral/nasal","90473","HCPCS","","","","","","","facility","outpatient","","","","","","Healthspring","Medicare Managed Care Plan","77.81","","","","","","","fee schedule","73.92","233.42","APC"
"Immunfix e-phorsis/urine/csf","86335","HCPCS","","","","","","","facility","outpatient","","","","","","First Health","Delaware Medicaid Managed Care Plan","32.29","","","","","","","fee schedule","19.08","88.05","Laboratory"
"Immunoassay infectious agent","86317","HCPCS","","","","","","","facility","outpatient","","","","","","Aetna","All Commercial Plans","20.99","","","","","","","fee schedule","9.74","44.97","Radiology"
"Immunoassay nonantibody","83516","HCPCS","","","","","","","facility","outpatient","","","","","","Unitedhealthcare","All Commercial Plans","11.53","","","","","","","fee schedule","7.49","34.59",""
"Immunoassay tumor other","86316","HCPCS","","","","","","","facility","outpatient","","","","","","Amerihealth","Caritas Next Other Commercial Plan","33.3","","","","","","","fee schedule","13.53","62.43","Radiology"
"Immunoassay tumor other","86316","HCPCS","","","","","","","facility","outpatient","","","","","","Bcbs","Highmark Medicare Managed Care Plan","19.77","","","","","","","fee schedule","13.53","62.43","APC"
"Immunoassay tumor qual","86294","HCPCS","","","","","","","facility","outpatient","","","","","","Aetna","All Commercial Plans","28.38","","","","","","","fee schedule","16.62","76.71","Laboratory"
"Immunoassay tumor qual","86294","HCPCS","","","","","","","facility","outpatient","","","","","","Ambetter","All Commercial Plans","38.36","","","","","","","fee schedule","16.62","76.71","Radiology"
"Immunodiffusion nes","86329","HCPCS","","","","","","","facility","outpatient","","","","","","Ambetter","All Commercial Plans","18.26","","","","","","","fee schedule","9.13","42.15","Laboratory"
"Immunodiffusion nes","86329","HCPCS","","","","","","","facility","outpatient","","","","","","Amerihealth","Medicare Managed Care Plan","15.17","","","","","","","fee schedule","9.13","42.15","APC"
"Immunodiffusion nes","86329","HCPCS","","","","","","","facility","outpatient","","","","","","Bcbs","Highmark Medicare Managed Care Plan","13.35","","","","","","","fee schedule","9.13","42.15","APC"
"Immunodiffusion nes","86329","HCPCS","","","","","","","facility","outpatient","","","","","","Unitedhealthcare","All Commercial Plans","14.05","","","","","","","fee schedule","9.13","42.15",""
"Immunofluor antb addl stain","88350","HCPCS","","","","","","","facility","outpatient","","","","","","Cigna","All Commercial Plans","41.52","","","","","","","fee schedule","41.52","91.01",""
"Immunohisto antb 1st stain","88342","HCPCS","","","","","","","facility","outpatient","","","","","","Aetna","All Commercial Plans","257.75","","","","","","","fee schedule","45.74","552.32","Radiology"
"Immunohisto antb 1st stain","88342","HCPCS","","","","","","","facility","outpatient","","","","","","Aetna","Medicare Managed Care Plan","189.63","","","","","","","fee schedule","45.74","552.32","APC"
"Immunotherapy injections","95117","HCPCS","","","","","","","facility","outpatient","","","","","","Ambetter","All Commercial Plans","75.9","","","","","","","fee schedule","48.07","151.8","Radiology"
"Imp extar knee shck absrb","C8003","HCPCS","","","","","","","facility","outpatient","","","","","","Aetna","All Commercial Plans","26526.59","","","","","","","fee schedule","18000.18","56842.69","Radiology"
"Imp extar knee shck absrb","C8003","HCPCS","","","","","","","facility","outpatient","","","","","","Amerihealth","Medicare Managed Care Plan","20463.37","","","","","","","fee schedule","18000.18","56842.69","APC"
"Implant neuroelectrodes","63650","HCPCS","","","","","","","facility","outpatient","","","","","","Bcbs","Highmark Medicare Managed Care Plan","6542.5","","","","","","","fee schedule","6542.5","20660.54","APC"
"Implant neuroelectrodes","64555","HCPCS","","","","","","","facility","outpatient","","","","","","Aetna","Medicare Managed Care Plan","7093.45","","","","","","","fee schedule","6542.5","20660.54","APC"
"Implant neuroelectrodes","64555","HCPCS","","","","","","","facility","outpatient","","","","","","Bcbs","Highmark Health Options Medicare Managed Care Plan","7059.02","","","","","","","fee schedule","6542.5","20660.54","APC"
"Implant spine infusion pump","62362","HCPCS","","","","","","","facility","outpatient","","","","","","Amerihealth","Caritas Next Other Commercial Plan","31163.38","","","","","","","fee schedule","18503.25","58431.33","Radiology"
"Implantation of Drug Infusion Device","5471","APC","","","","","","","facility","outpatient","","","","","","Bcbs","Highmark Wholecare Medicare Managed Care Plan","","","[APC ($): FEE SCHEDULE]","","","","0","other","","","No services performed during 15-month lookback period."
"Inborn And Other Disorders Of Metabolism","642","MS-DRG","","","","","","","facility","inpatient","","","","","","Bcbs","Highmark Wholecare Medicaid Managed Care Plan","","","[Inpatient Services: Payer leverages state specific Medicaid payment methodology. Available, referenceable algorithm logic found here: https://www.pa.gov/agencies/dhs/resources/for-providers]","","","","0","other","","","No services performed during 15-month lookback period."
"Inborn And Other Disorders Of Metabolism","642","MS-DRG","","","","","","","facility","inpatient","","","","","","Ibc","Medicare Managed Care Plan","13095.71","","","","","","","fee schedule","12440.92","33419.35","MSDRG Base Rate"
"Incal bx skn single les","11106","HCPCS","","","","","","","facility","outpatient","","","","","","Healthspring","Medicare Managed Care Plan","798.66","","","","","","","fee schedule","758.73","2395.99","APC"
"Incis 1 vertebral seg lumbar","22214","HCPCS","","","","","","","facility","outpatient","","","","","","Aetna","All Commercial Plans","10977.79","","","","","","","fee schedule","7449.22","23523.84","Radiology"
"Incis w/discectomy cervical","22220","HCPCS","","","","","","","facility","outpatient","","","","","","Amerihealth","Caritas Next Other Commercial Plan","12546.05","","","","","","","fee schedule","7449.22","23523.84","Radiology"
"Incise & treat bladder","51020","HCPCS","","","","","","","facility","outpatient","","","","","","Healthspring","Medicare Managed Care Plan","3809.2","","","","","","","fee schedule","3618.74","11427.6","APC"
"Incise diaphragm nerve","64746","HCPCS","","","","","","","facility","outpatient","","","","","","Ambetter","All Commercial Plans","3165.26","","","","","","","fee schedule","2004.66","6330.52","Radiology"
"Incise finger tendon sheath","26055","HCPCS","","","","","","","facility","outpatient","","","","","","Healthspring","Medicare Managed Care Plan","1737.64","","","","","","","fee schedule","1650.76","5212.93","APC"
"Incise inner eye adhesions","65865","HCPCS","","","","","","","facility","outpatient","","","","","","Ambetter","All Commercial Plans","3740.85","","","","","","","fee schedule","2369.21","7481.71","Radiology"
"Incise inner eye adhesions","65870","HCPCS","","","","","","","facility","outpatient","","","","","","Jefferson Health Plan","Health Partners Medicare Managed Care Plan","2618.6","","","","","","","fee schedule","2369.21","7481.71","APC"
"Incise inner eye adhesions","65875","HCPCS","","","","","","","facility","outpatient","","","","","","Healthspring","Medicare Managed Care Plan","2493.9","","","","","","","fee schedule","2369.21","7481.71","APC"
"Incise nerve back of head","64744","HCPCS","","","","","","","facility","outpatient","","","","","","Jefferson Health Plan","Health Partners Medicaid Managed Care/Aca Plan","6330.52","","","","","","","fee schedule","2004.66","6330.52","APC"
"Incise tear duct opening","68440","HCPCS","","","","","","","facility","outpatient","","","","","","Bcbs","Highmark All Commercial Plans","506.09","","","","","","","fee schedule","325.85","1028.99","Radiology"
"Incise tendon(s) & muscle(s)","23406","HCPCS","","","","","","","facility","outpatient","","","","","","Aetna","All Commercial Plans","10977.79","","","","","","","fee schedule","7449.22","23523.84","Radiology"
"Incise/drain eyelid lining","68020","HCPCS","","","","","","","facility","outpatient","","","","","","Aetna","Medicare Managed Care Plan","1109.57","","","","","","","fee schedule","1023.39","3231.77","APC"
"Incision of achilles tendon","27605","HCPCS","","","","","","","facility","outpatient","","","","","","Bcbs","Highmark Medicare Managed Care Plan","1650.76","","","","","","","fee schedule","1650.76","5212.93","APC"
"Incision of anal septum","46070","HCPCS","","","","","","","facility","outpatient","","","","","","Amerihealth","Medicare Managed Care Plan","3239.42","","","","","","","fee schedule","2849.49","8998.38","APC"
"Incision of anal sphincter","46080","HCPCS","","","","","","","facility","outpatient","","","","","","Bcbs","Highmark All Commercial Plans","4425.71","","","","","","","fee schedule","2849.49","8998.38","Radiology"
"Incision of anal sphincter","46080","HCPCS","","","","","","","facility","outpatient","","","","","","Bcbs","Highmark Medicare Managed Care Plan","2849.49","","","","","","","fee schedule","2849.49","8998.38","APC"
"Incision of ankle bone","28302","HCPCS","","","","","","","facility","outpatient","","","","","","Jefferson Health Plan","Health Partners Medicare Managed Care Plan","8233.34","","","","","","","fee schedule","7449.22","23523.84","APC"
"Incision of eyelid","67710","HCPCS","","","","","","","facility","outpatient","","","","","","Ambetter","All Commercial Plans","1615.88","","","","","","","fee schedule","1023.39","3231.77","Radiology"
"Incision of eyelid","67710","HCPCS","","","","","","","facility","outpatient","","","","","","Bcbs","Highmark Health Options Medicare Managed Care Plan","1104.19","","","","","","","fee schedule","1023.39","3231.77","APC"
"Incision of eyelid","67710","HCPCS","","","","","","","facility","outpatient","","","","","","Bcbs","Highmark Medicare Managed Care Plan","1023.39","","","","","","","fee schedule","1023.39","3231.77","APC"
"Incision of fibula","27707","HCPCS","","","","","","","facility","outpatient","","","","","","Jefferson Health Plan","Health Partners Medicare Managed Care Plan","3712.61","","","","","","","fee schedule","3359.03","10607.46","APC"
"Incision of finger tendon","26060","HCPCS","","","","","","","facility","outpatient","","","","","","Aetna","All Commercial Plans","2432.7","","","","","","","fee schedule","1650.76","5212.93","Radiology"
"Incision of hip bones","27151","HCPCS","","","","","","","facility","outpatient","","","","","","Aetna","Medicare Managed Care Plan","8076.52","","","","","","","fee schedule","7449.22","23523.84","APC"
"Incision of hip tendon","27000","HCPCS","","","","","","","facility","outpatient","","","","","","Bcbs","Highmark Health Options Medicare Managed Care Plan","1781.08","","","","","","","fee schedule","1650.76","5212.93","APC"
"Incision of hip tendon","27003","HCPCS","","","","","","","facility","outpatient","","","","","","Bcbs","Highmark Health Options Medicare Managed Care Plan","8037.31","","","","","","","fee schedule","7449.22","23523.84","APC"
"Incision of metatarsals","28309","HCPCS","","","","","","","facility","outpatient","","","","","","Ambetter","All Commercial Plans","11761.92","","","","","","","fee schedule","7449.22","23523.84","Radiology"
"Incision of metatarsals","28309","HCPCS","","","","","","","facility","outpatient","","","","","","Healthspring","Medicare Managed Care Plan","7841.28","","","","","","","fee schedule","7449.22","23523.84","APC"
"Incision of sperm duct","55200","HCPCS","","","","","","","facility","outpatient","","","","","","Amerihealth","Caritas Next Other Commercial Plan","6094.72","","","","","","","fee schedule","3618.74","11427.6","Radiology"
"Incision of tendon & muscle","23405","HCPCS","","","","","","","facility","outpatient","","","","","","Amerihealth","Medicare Managed Care Plan","8468.58","","","","","","","fee schedule","7449.22","23523.84","APC"
"Incision of thigh tendon","27306","HCPCS","","","","","","","facility","outpatient","","","","","","Jefferson Health Plan","Health Partners Medicaid Managed Care/Aca Plan","10607.46","","","","","","","fee schedule","3359.03","10607.46","APC"
"Incision of tibia","27705","HCPCS","","","","","","","facility","outpatient","","","","","","Amerihealth","Medicare Managed Care Plan","8468.58","","","","","","","fee schedule","7449.22","23523.84","APC"
"Incision of urethra","53000","HCPCS","","","","","","","facility","outpatient","","","","","","Amerihealth","Medicare Managed Care Plan","2439.64","","","","","","","fee schedule","2145.98","6776.79","APC"
"Incision of urethra","53000","HCPCS","","","","","","","facility","outpatient","","","","","","Jefferson Health Plan","Health Partners Medicare Managed Care Plan","2371.88","","","","","","","fee schedule","2145.98","6776.79","APC"
"Incision of windpipe","31600","HCPCS","","","","","","","facility","outpatient","","","","","","Jefferson Health Plan","Health Partners Medicaid Managed Care/Aca Plan","10748.35","","","","","","","fee schedule","3403.64","10748.35","APC"
"Incision of windpipe","31601","HCPCS","","","","","","","facility","outpatient","","","","","","Aetna","All Commercial Plans","8956","","","","","","","fee schedule","6077.29","19191.43","Radiology"
"Incision of windpipe","31601","HCPCS","","","","","","","facility","outpatient","","","","","","Amerihealth","Medicare Managed Care Plan","6908.91","","","","","","","fee schedule","6077.29","19191.43","APC"
"Incision of windpipe","31605","HCPCS","","","","","","","facility","outpatient","","","","","","Bcbs","Highmark All Commercial Plans","377.65","","","","","","","fee schedule","243.15","767.84","Radiology"
"Incision of windpipe","31605","HCPCS","","","","","","","facility","outpatient","","","","","","Bcbs","Highmark Medicare Managed Care Plan","243.15","","","","","","","fee schedule","243.15","767.84","APC"
"Infections, Female Reproductive System With Cc","758","MS-DRG","","","","","","","facility","inpatient","","","","","","Jefferson Health Plan","Health Partners Medicaid Managed Care/Aca Plan","","","[Inpatient Services: Payer leverages state specific Medicaid payment methodology. Available, referenceable algorithm logic found here: https://www.pa.gov/agencies/dhs/resources/for-providers] [MSDRG Base Rate: FEE SCHEDULE]","","","","0","other","","","No services performed during 15-month lookback period."
"Infections, Female Reproductive System With Mcc","757","MS-DRG","","","","","","","facility","inpatient","","","","","","Aetna","All Commercial Plans","","","[SNF-(% BC): 65] [Bariatric Surgery-Case Rate: 20177] [All Other IP (%BC): 86.5]","","","","0","other","","","No services performed during 15-month lookback period."
"Infections, Female Reproductive System Without Cc/Mcc","759","MS-DRG","","","","","","","facility","inpatient","","","","","","Aetna","Medicare Managed Care Plan","6549.57","","","","","","","fee schedule","6040.87","15594.6","MSDRG Base Rate"
"Infections, Female Reproductive System Without Cc/Mcc","759","MS-DRG","","","","","","","facility","inpatient","","","","","","Ibc","Medicare Managed Care Plan","6358.81","","","","","","","fee schedule","6040.87","15594.6","MSDRG Base Rate"
"Infections, Female Reproductive System Without Cc/Mcc","759","MS-DRG","","","","","","","facility","inpatient","","","","","","Wellcare","Medicare Managed Care Plan","6994.69","","","","","","","fee schedule","6040.87","15594.6","MSDRG Base Rate"
"Infectious And Parasitic Diseases With O.R. Procedures With Mcc","853","MS-DRG","","","","","","","facility","inpatient","","","","","","Wellcare","Medicare Managed Care Plan","","","[MSDRG Base Rate: FEE SCHEDULE]","","","","0","other","","","No services performed during 15-month lookback period."
"Infectious And Parasitic Diseases With O.R. Procedures Without Cc/Mcc","855","MS-DRG","","","","","","","facility","inpatient","","","","","","Aetna","Medicare Managed Care Plan","","","[MSDRG Base Rate: FEE SCHEDULE] [Psych-Per Diem: 1065] [Rehab-Per Diem: 1598] [SNF-Per Diem: 365]","","","","0","other","","","No services performed during 15-month lookback period."
"Inflammation Of The Male Reproductive System Without Mcc","728","MS-DRG","","","","","","","facility","inpatient","","","","","","Amerihealth","Medicare Managed Care Plan","8283.36","","","","","","","fee schedule","7286.29","19063.2","MSDRG Base Rate"
"Inflammatory Bowel Disease With Mcc","385","MS-DRG","","","","","","","facility","inpatient","","","","","","Amerihealth","Medicare Managed Care Plan","","","[MSDRG Base Rate: FEE SCHEDULE]","","","","0","other","","","No services performed during 15-month lookback period."
"Inflammatory Bowel Disease Without Cc/Mcc","387","MS-DRG","","","","","","","facility","inpatient","","","","","","Amerihealth","Medicare Managed Care Plan","7037.3","","","","","","","fee schedule","6190.22","16010.55","MSDRG Base Rate"
"Inflammatory Bowel Disease Without Cc/Mcc","387","MS-DRG","","","","","","","facility","inpatient","","","","","","Healthspring","Medicare Managed Care Plan","6516.02","","","","","","","fee schedule","6190.22","16010.55","MSDRG Base Rate"
"Influenza assay w/optic","87804","HCPCS","","","","","","","facility","outpatient","","","","","","Ambetter","All Commercial Plans","24.83","","","","","","","fee schedule","10.76","49.65","Radiology"
"Influenza dna amp prob 1+","87501","HCPCS","","","","","","","facility","outpatient","","","","","","Aetna","Medicare Managed Care Plan","52.85","","","","","","","fee schedule","33.35","153.93","APC"
"Influenza dna amp probe","87502","HCPCS","","","","","","","facility","outpatient","","","","","","Unitedhealthcare","All Commercial Plans","95.8","","","","","","","fee schedule","62.27","287.4",""
"Influenza virus antibody","86710","HCPCS","","","","","","","facility","outpatient","","","","","","Ambetter","All Commercial Plans","20.33","","","","","","","fee schedule","8.81","40.65","Radiology"
"Infrared therapy","97026","HCPCS","","","","","","","facility","outpatient","","","","","","Amerihealth","Caritas Next Other Commercial Plan","10.56","","","","","","","fee schedule","6.27","19.8","Radiology"
"Infrared therapy","97026","HCPCS","","","","","","","facility","outpatient","","","","","","Bcbs","Highmark All Commercial Plans","9.74","","","","","","","fee schedule","6.27","19.8","Radiology"
"Infuse radioactive materials","77750","HCPCS","","","","","","","facility","outpatient","","","","","","Bcbs","Highmark Medicare Managed Care Plan","395.95","","","","","","","fee schedule","395.95","1250.38","APC"
"Ingest challenge ini 120 min","95076","HCPCS","","","","","","","facility","outpatient","","","","","","Healthspring","Medicare Managed Care Plan","403.25","","","","","","","fee schedule","383.08","1209.74","APC"
"Inguinal & Femoral Hernia Procedures Age >17 w CC","161","MS-DRG","","","","","","","facility","inpatient","","","","","","Aetna - Md","Better Health Medicaid Managed Care Plan","","","[Inpatient Services: Payer leverages state specific Medicaid payment methodology. Available, referenceable algorithm logic found here: https://health.maryland.gov/mmcp/provider/Pages/default.aspx]","","","","0","other","","","No services performed during 15-month lookback period."
"Inguinal & Femoral Hernia Procedures Age >17 w CC","161","MS-DRG","","","","","","","facility","inpatient","","","","","","Bcbs","Highmark All Commercial Plans","","","[Lesser Than Charges paid at %: 100] [MSDRG Base Rate: FEE SCHEDULE] [Normal Newborn-Per Diem: 6037.44] [Psych-Per Diem: 2159.84] [All Other IP (%BC): 85.44]","","","","0","other","","","No services performed during 15-month lookback period."
"Inguinal And Femoral Hernia Procedures Without Cc/Mcc","352","MS-DRG","","","","","","","facility","inpatient","","","","","","Bcbs","Highmark Medicare Managed Care Plan","10295.2","","","","","","","fee schedule","10295.2","27443.3","MSDRG Base Rate"
"Inguinal And Femoral Hernia Procedures Without Cc/Mcc","352","MS-DRG","","","","","","","facility","inpatient","","","","","","Ibc","Medicare Managed Care Plan","10837.05","","","","","","","fee schedule","10295.2","27443.3","MSDRG Base Rate"
"Initial care training 30 m","G0539","HCPCS","","","","","","","facility","outpatient","","","","","","Amerihealth","Caritas Next Other Commercial Plan","63.7","","","","","","","fee schedule","37.82","119.43","Radiology"
"Inj ferric carboxymaltos 1mg","9441","APC","","","","","","","facility","outpatient","","","","","","Ambetter","All Commercial Plans","","","[OP Surgery  (%BC): 91] [Observation (%BC): 91] [Emergency Department (%BC): 91] [Radiology Fee Schedule: FEE SCHEDULE] [Laboratory Fee Schedule: FEE SCHEDULE] [Occupational Therapy (%BC): 91] [Physical Therapy (%BC): 91] [Respiratory Services/Therapy  (%BC): 91] [Speech Therapy (%BC): 91] [OP High Cost Drugs Fee Schedule: FEE SCHEDULE] [All Other OP (%BC): 91]","","","","0","other","","","No services performed during 15-month lookback period."
"Inj ferric carboxymaltos 1mg","9441","APC","","","","","","","facility","outpatient","","","","","","Cigna","All Commercial Plans","","","[OP Surgery  (%BC): 88.46] [Observation (%BC): 88.46] [Emergency Department (%BC): 88.46] [Radiology Fee Schedule: FEE SCHEDULE] [Laboratory Fee Schedule: FEE SCHEDULE] [Occupational Therapy (%BC): 88.46] [Physical Therapy (%BC): 88.46] [Respiratory Services/Therapy  (%BC): 88.46] [Speech Therapy (%BC): 88.46] [All Other OP (%BC): 88.46]","","","","0","other","","","No services performed during 15-month lookback period."
"Inj filgrastim gcsf biosimil","Q5101","HCPCS","","","","","","","facility","outpatient","","","","","","Bcbs","Highmark Wholecare Medicare Managed Care Plan","0.5","","","","","","","fee schedule","0.44","1.37","APC"
"Inj for sacroiliac jt anesth","G0260","HCPCS","","","","","","","facility","outpatient","","","","","","Amerihealth","Medicare Managed Care Plan","823.82","","","","","","","fee schedule","724.66","2288.39","APC"
"Inj for sacroiliac jt anesth","G0260","HCPCS","","","","","","","facility","outpatient","","","","","","Bcbs","Highmark Health Options Medicare Managed Care Plan","781.87","","","","","","","fee schedule","724.66","2288.39","APC"
"Inj for sacroiliac jt anesth","G0260","HCPCS","","","","","","","facility","outpatient","","","","","","Healthspring","Medicare Managed Care Plan","762.8","","","","","","","fee schedule","724.66","2288.39","APC"
"Inj iron dextran","1237","APC","","","","","","","facility","outpatient","","","","","","Bcbs","Highmark Health Options Medicaid Managed Care Plan","","","[OP Surgery  (%BC): 62.49] [Observation ($): 4218.13] [Emergency Department ($): 237.44] [Clinic Visit ($): 176.45] [Occupational Therapy (%BC): 113] [Physical Therapy (%BC): 113] [Respiratory Services/Therapy  (%BC): 29.70] [Speech Therapy (%BC): 113] [OP High Cost Drugs (%BC): 105.09] [Other Outpatient Implant (%BC): 27.28] [IV Therapy (%BC): 27.28] [All Other OP (%BC): 73.84]","1829.79","1829.79","1829.79","1 through 10","other","","","Contracting method is an algorithm described in the 'standard_charges|algorithm' field. The allowed amount provided accounts for the structural rates, conditions, and utilization elements inherent in the payer’s algorithm."
"Inj iron dextran","1237","APC","","","","","","","facility","outpatient","","","","","","Jefferson Health Plan","Health Partners Medicare Managed Care Plan","","","[APC ($): FEE SCHEDULE]","","","","0","other","","","No services performed during 15-month lookback period."
"Inj iron dextran","J1750","HCPCS","","","","","","","facility","outpatient","","","","","","Bcbs","Highmark Medicare Managed Care Plan","17.2","","","","","","","fee schedule","17.2","54.32","APC"
"Inj tendon sheath/ligament","20550","HCPCS","","","","","","","facility","outpatient","","","","","","Aetna","Medicare Managed Care Plan","341.65","","","","","","","fee schedule","315.12","995.1","APC"
"Inj, clindamycin phosp 300mg","9291","APC","","","","","","","facility","outpatient","","","","","","Bcbs","Highmark All Commercial Plans","","85.44","","","","","0","percent of total billed charges","","","No services performed during 15-month lookback period."
"Inj, clindamycin phosp 300mg","9291","APC","","","","","","","facility","outpatient","","","","","","Wellcare","Medicare Managed Care Plan","","","[APC ($): FEE SCHEDULE]","","","","0","other","","","No services performed during 15-month lookback period."
"Inj, glycopyrrolate, 0.1 mg","0792","APC","","","","","","","facility","outpatient","","","","","","Aetna - Md","Better Health Medicaid Managed Care Plan","","","[Outpatient Services: Payer leverages state specific Medicaid payment methodology. Available, referenceable algorithm logic found here: https://health.maryland.gov/mmcp/provider/Pages/default.aspx]","","","","0","other","","","No services performed during 15-month lookback period."
"Inj, methylpred acetate 1 mg","0790","APC","","","","","","","facility","outpatient","","","","","","Amerihealth","Medicare Managed Care Plan","","","[APC ($): FEE SCHEDULE]","","","","0","other","","","No services performed during 15-month lookback period."
"Inj, methylpred sod succ 5mg","0801","APC","","","","","","","facility","outpatient","","","","","","Bcbs","Highmark Wholecare Medicaid Managed Care Plan","","","[Outpatient Services: Payer leverages state specific Medicaid payment methodology. Available, referenceable algorithm logic found here: https://www.pa.gov/agencies/dhs/resources/for-providers]","","","","0","other","","","No services performed during 15-month lookback period."
"Inj., trazimera, 10 mg","Q5116","HCPCS","","","","","","","facility","outpatient","","","","","","Aetna","All Commercial Plans","39.19","","","","","","","fee schedule","26.59","83.97","Radiology"
"Inj., zirabev, 10 mg","Q5118","HCPCS","","","","","","","facility","outpatient","","","","","","Ambetter","All Commercial Plans","38.65","","","","","","","fee schedule","24.48","77.3","Radiology"
"Inj., zirabev, 10 mg","Q5118","HCPCS","","","","","","","facility","outpatient","","","","","","Bcbs","Highmark All Commercial Plans","31.43","","","","","","","fee schedule","24.48","77.3","OP High Cost Drugs"
"Inject skin lesions <=w 7","11900","HCPCS","","","","","","","facility","outpatient","","","","","","Bcbs","Highmark Medicare Managed Care Plan","205.97","","","","","","","fee schedule","205.97","650.43","APC"
"Inject skin lesions <=w 7","11900","HCPCS","","","","","","","facility","outpatient","","","","","","Jefferson Health Plan","Health Partners Medicaid Managed Care/Aca Plan","650.43","","","","","","","fee schedule","205.97","650.43","APC"
"Inject skin lesions >7","11901","HCPCS","","","","","","","facility","outpatient","","","","","","Bcbs","Highmark Wholecare Medicare Managed Care Plan","238.49","","","","","","","fee schedule","205.97","650.43","APC"
"Inject/treat eye socket","67505","HCPCS","","","","","","","facility","outpatient","","","","","","Ambetter","All Commercial Plans","514.5","","","","","","","fee schedule","325.85","1028.99","Radiology"
"Inject/treat eye socket","67515","HCPCS","","","","","","","facility","outpatient","","","","","","Bcbs","Highmark Wholecare Medicare Managed Care Plan","377.3","","","","","","","fee schedule","325.85","1028.99","APC"
"Injection for cholangiogram","47532","HCPCS","","","","","","","facility","outpatient","","","","","","Amerihealth","Caritas Next Other Commercial Plan","6190.54","","","","","","","fee schedule","3675.63","11607.26","Radiology"
"Injection into spinal artery","62294","HCPCS","","","","","","","facility","outpatient","","","","","","Aetna","All Commercial Plans","1338.1","","","","","","","fee schedule","908","2867.36","Radiology"
"Injection therapy of vein","36470","HCPCS","","","","","","","facility","outpatient","","","","","","Jefferson Health Plan","Health Partners Medicare Managed Care Plan","461.26","","","","","","","fee schedule","417.33","1317.88","APC"
"Injection treatment of eye","66030","HCPCS","","","","","","","facility","outpatient","","","","","","Bcbs","Highmark Wholecare Medicare Managed Care Plan","2743.29","","","","","","","fee schedule","2369.21","7481.71","APC"
"Injection treatment of nerve","64610","HCPCS","","","","","","","facility","outpatient","","","","","","Bcbs","Highmark All Commercial Plans","3113.56","","","","","","","fee schedule","2004.66","6330.52","Radiology"
"Injection treatment of nose","30200","HCPCS","","","","","","","facility","outpatient","","","","","","Bcbs","Highmark Health Options Medicare Managed Care Plan","597.38","","","","","","","fee schedule","553.67","1748.44","APC"
"Injection treatment of nose","30200","HCPCS","","","","","","","facility","outpatient","","","","","","Bcbs","Highmark Wholecare Medicare Managed Care Plan","641.1","","","","","","","fee schedule","553.67","1748.44","APC"
"Injection(s) spider veins","36468","HCPCS","","","","","","","facility","outpatient","","","","","","Healthspring","Medicare Managed Care Plan","439.29","","","","","","","fee schedule","417.33","1317.88","APC"
"Injection, inflectra","1847","APC","","","","","","","facility","outpatient","","","","","","Healthspring","Medicare Managed Care Plan","","","[APC ($): FEE SCHEDULE]","","","","0","other","","","No services performed during 15-month lookback period."
"Injection, zarxio","1822","APC","","","","","","","facility","outpatient","","","","","","Bcbs","Highmark Wholecare Medicare Managed Care Plan","","","[APC ($): FEE SCHEDULE]","","","","0","other","","","No services performed during 15-month lookback period."
"Inner ear surgery procedure","69949","HCPCS","","","","","","","facility","outpatient","","","","","","Aetna","Medicare Managed Care Plan","263.63","","","","","","","fee schedule","243.15","767.84","APC"
"Ins cath ren art 2nd+ bilat","36254","HCPCS","","","","","","","facility","outpatient","","","","","","Aetna","All Commercial Plans","4776.89","","","","","","","fee schedule","3241.46","10236.2","Radiology"
"Ins mark thor for rt perq","32553","HCPCS","","","","","","","facility","outpatient","","","","","","Aetna","All Commercial Plans","2094.03","","","","","","","fee schedule","1420.95","4487.2","Radiology"
"Ins/rplcmt prq eltrd ra pn 1","64596","HCPCS","","","","","","","facility","outpatient","","","","","","Jefferson Health Plan","Health Partners Medicare Managed Care Plan","12643.18","","","","","","","fee schedule","11439.07","36123.38","APC"
"Insert 2 electrode pm-defib","33217","HCPCS","","","","","","","facility","outpatient","","","","","","Healthspring","Medicare Managed Care Plan","8942.63","","","","","","","fee schedule","8495.5","26827.89","APC"
"Insert bladder catheter","51701","HCPCS","","","","","","","facility","outpatient","","","","","","Jefferson Health Plan","Health Partners Medicaid Managed Care/Aca Plan","431.33","","","","","","","fee schedule","136.59","431.33","APC"
"Insert cervical dilator","59200","HCPCS","","","","","","","facility","outpatient","","","","","","Jefferson Health Plan","Health Partners Medicare Managed Care Plan","345.76","","","","","","","fee schedule","312.83","987.9","APC"
"Insert drug implant device","11981","HCPCS","","","","","","","facility","outpatient","","","","","","Aetna","All Commercial Plans","201.29","","","","","","","fee schedule","136.59","431.33","Radiology"
"Insert emergency airway","31500","HCPCS","","","","","","","facility","outpatient","","","","","","Bcbs","Highmark All Commercial Plans","377.65","","","","","","","fee schedule","243.15","767.84","Radiology"
"Insert heyman uteri capsule","58346","HCPCS","","","","","","","facility","outpatient","","","","","","Bcbs","Highmark All Commercial Plans","7976.25","","","","","","","fee schedule","5135.51","16217.39","Radiology"
"Insert nasal septal button","30220","HCPCS","","","","","","","facility","outpatient","","","","","","Amerihealth","Medicare Managed Care Plan","1810.82","","","","","","","fee schedule","1592.85","5030.06","APC"
"Insert non-tunnel cv cath","36556","HCPCS","","","","","","","facility","outpatient","","","","","","Aetna","All Commercial Plans","4776.89","","","","","","","fee schedule","3241.46","10236.2","Radiology"
"Insert non-tunnel cv cath","36556","HCPCS","","","","","","","facility","outpatient","","","","","","Jefferson Health Plan","Health Partners Medicare Managed Care Plan","3582.67","","","","","","","fee schedule","3241.46","10236.2","APC"
"Insert picc cath","36568","HCPCS","","","","","","","facility","outpatient","","","","","","Amerihealth","Medicare Managed Care Plan","1837.16","","","","","","","fee schedule","1616.02","5103.23","APC"
"Insert picc cath","36569","HCPCS","","","","","","","facility","outpatient","","","","","","Aetna","Medicare Managed Care Plan","1752.11","","","","","","","fee schedule","1616.02","5103.23","APC"
"Insert pleural cath","32550","HCPCS","","","","","","","facility","outpatient","","","","","","Bcbs","Highmark Wholecare Medicare Managed Care Plan","4256","","","","","","","fee schedule","3675.63","11607.26","APC"
"Insert prost urethral stent","53855","HCPCS","","","","","","","facility","outpatient","","","","","","Bcbs","Highmark Wholecare Medicare Managed Care Plan","2484.82","","","","","","","fee schedule","2145.98","6776.79","APC"
"Insert pulse gen dual leads","33213","HCPCS","","","","","","","facility","outpatient","","","","","","Amerihealth","Medicare Managed Care Plan","12198.31","","","","","","","fee schedule","10730","33884.21","APC"
"Insert spine infusion device","62360","HCPCS","","","","","","","facility","outpatient","","","","","","Bcbs","Highmark Wholecare Medicare Managed Care Plan","21424.82","","","","","","","fee schedule","18503.25","58431.33","APC"
"Insert tun ip cath perc","49418","HCPCS","","","","","","","facility","outpatient","","","","","","Jefferson Health Plan","Health Partners Medicaid Managed Care/Aca Plan","11607.26","","","","","","","fee schedule","3675.63","11607.26","APC"
"Insert tunneled cv cath","36560","HCPCS","","","","","","","facility","outpatient","","","","","","Aetna","All Commercial Plans","4776.89","","","","","","","fee schedule","3241.46","10236.2","Radiology"
"Insert uro/ves nck sphincter","53445","HCPCS","","","","","","","facility","outpatient","","","","","","Aetna","Medicare Managed Care Plan","23069.18","","","","","","","fee schedule","21277.4","67191.79","APC"
"Insert uro/ves nck sphincter","53445","HCPCS","","","","","","","facility","outpatient","","","","","","Bcbs","Highmark Wholecare Medicare Managed Care Plan","24636.99","","","","","","","fee schedule","21277.4","67191.79","APC"
"Insertion of cannula","36810","HCPCS","","","","","","","facility","outpatient","","","","","","Bcbs","Highmark All Commercial Plans","5034.51","","","","","","","fee schedule","3241.46","10236.2","Radiology"
"Insertion of cannula","36815","HCPCS","","","","","","","facility","outpatient","","","","","","Healthspring","Medicare Managed Care Plan","6013.15","","","","","","","fee schedule","5712.49","18039.45","APC"
"Insertion ss dfb electrode","0572T","HCPCS","","","","","","","facility","outpatient","","","","","","Aetna","Medicare Managed Care Plan","9210.91","","","","","","","fee schedule","8495.5","26827.89","APC"
"Insitu hybridization (fish)","88365","HCPCS","","","","","","","facility","outpatient","","","","","","Ambetter","All Commercial Plans","276.16","","","","","","","fee schedule","89.85","552.32","Radiology"
"Insitu hybridization (fish)","88365","HCPCS","","","","","","","facility","outpatient","","","","","","Bcbs","Highmark All Commercial Plans","271.65","","","","","","","fee schedule","89.85","552.32","Radiology"
"Insitu hybridization (fish)","88365","HCPCS","","","","","","","facility","outpatient","","","","","","Bcbs","Highmark Health Options Medicare Managed Care Plan","188.71","","","","","","","fee schedule","89.85","552.32","APC"
"Insitu hybridization manual","88368","HCPCS","","","","","","","facility","outpatient","","","","","","Aetna","All Commercial Plans","542.29","","","","","","","fee schedule","58.88","1162.04","Radiology"
"Insj aqueous drain dev 1st","0449T","HCPCS","","","","","","","facility","outpatient","","","","","","Jefferson Health Plan","Health Partners Medicaid Managed Care/Aca Plan","17251.07","","","","","","","fee schedule","5462.84","17251.07","APC"
"Insj gtube perq mag gastrpxy","0647T","HCPCS","","","","","","","facility","outpatient","","","","","","Bcbs","Highmark Medicare Managed Care Plan","1969.95","","","","","","","fee schedule","1969.95","6220.88","APC"
"Insj picc rs&i 5 yr+","36573","HCPCS","","","","","","","facility","outpatient","","","","","","Ambetter","All Commercial Plans","2551.62","","","","","","","fee schedule","1616.02","5103.23","Radiology"
"Insj subq car rhythm mntr","33285","HCPCS","","","","","","","facility","outpatient","","","","","","Aetna","All Commercial Plans","12519.68","","","","","","","fee schedule","8495.5","26827.89","Radiology"
"Insj wcs lv pg compnt","0517T","HCPCS","","","","","","","facility","outpatient","","","","","","Aetna","All Commercial Plans","15812.63","","","","","","","fee schedule","10730","33884.21","Radiology"
"Insj/rplc cardiac modulj sys","0408T","HCPCS","","","","","","","facility","outpatient","","","","","","Amerihealth","Caritas Next Other Commercial Plan","54271.58","","","","","","","fee schedule","32223.75","101759.21","Radiology"
"Insj/rplcmt defib w/lead(s)","33249","HCPCS","","","","","","","facility","outpatient","","","","","","Jefferson Health Plan","Health Partners Medicaid Managed Care/Aca Plan","101759.21","","","","","","","fee schedule","32223.75","101759.21","APC"
"Insj/rplcmt icds ss eltrd","0571T","HCPCS","","","","","","","facility","outpatient","","","","","","Amerihealth","Medicare Managed Care Plan","36633.32","","","","","","","fee schedule","32223.75","101759.21","APC"
"Insj/rplcmt iims implt mntr","0527T","HCPCS","","","","","","","facility","outpatient","","","","","","Aetna","All Commercial Plans","12519.68","","","","","","","fee schedule","8495.5","26827.89","Radiology"
"Insrt/redo spine n generator","63685","HCPCS","","","","","","","facility","outpatient","","","","","","Bcbs","Highmark Wholecare Medicare Managed Care Plan","36680.32","","","","","","","fee schedule","31678.46","100037.23","APC"
"Insulin suppression panel","80432","HCPCS","","","","","","","facility","outpatient","","","","","","Aetna","All Commercial Plans","231.85","","","","","","","fee schedule","107.65","496.83","Radiology"
"Insulin tolerance panel","80435","HCPCS","","","","","","","facility","outpatient","","","","","","Bcbs","Highmark All Commercial Plans","151.98","","","","","","","fee schedule","66.95","309","Radiology"
"Intens cardiac rehab no exer","G0423","HCPCS","","","","","","","facility","outpatient","","","","","","Amerihealth","Caritas Next Other Commercial Plan","222.88","","","","","","","fee schedule","132.34","417.91","Radiology"
"Interdental wiring","21497","HCPCS","","","","","","","facility","outpatient","","","","","","Bcbs","Highmark Medicare Managed Care Plan","1592.85","","","","","","","fee schedule","1592.85","5030.06","APC"
"Interdental wiring","21497","HCPCS","","","","","","","facility","outpatient","","","","","","Bcbs","Highmark Wholecare Medicare Managed Care Plan","1844.36","","","","","","","fee schedule","1592.85","5030.06","APC"
"Interdiscal perq aspir dx","62267","HCPCS","","","","","","","facility","outpatient","","","","","","Healthspring","Medicare Managed Care Plan","765.23","","","","","","","fee schedule","726.97","2295.69","APC"
"Internal eye photography","92287","HCPCS","","","","","","","facility","outpatient","","","","","","Bcbs","Highmark Medicare Managed Care Plan","136.59","","","","","","","fee schedule","136.59","431.33","APC"
"Interrog crtd sins bat ip w/","93146","HCPCS","","","","","","","facility","outpatient","","","","","","Aetna","All Commercial Plans","194.67","","","","","","","fee schedule","132.1","417.14","Radiology"
"Interrog dev eval icds ss ip","0576T","HCPCS","","","","","","","facility","outpatient","","","","","","Amerihealth","Medicare Managed Care Plan","43.56","","","","","","","fee schedule","38.31","120.99","APC"
"Interrog dev eval icds ss ip","0576T","HCPCS","","","","","","","facility","outpatient","","","","","","Bcbs","Highmark Health Options Medicare Managed Care Plan","41.34","","","","","","","fee schedule","38.31","120.99","APC"
"Interrog w/o prgrmg ipnss","93153","HCPCS","","","","","","","facility","outpatient","","","","","","Bcbs","Highmark Wholecare Medicare Managed Care Plan","113.01","","","","","","","fee schedule","97.6","308.21","APC"
"Interrog&prgrmg ipnss","93151","HCPCS","","","","","","","facility","outpatient","","","","","","Aetna","All Commercial Plans","143.83","","","","","","","fee schedule","97.6","308.21","Radiology"
"Interstitial Lung Disease With Cc","197","MS-DRG","","","","","","","facility","inpatient","","","","","","Aetna","All Commercial Plans","","","[SNF-(% BC): 65] [Bariatric Surgery-Case Rate: 20177] [All Other IP (%BC): 86.5]","","","","0","other","","","No services performed during 15-month lookback period."
"Interstitial Lung Disease With Cc","197","MS-DRG","","","","","","","facility","inpatient","","","","","","Bcbs","Highmark Wholecare Medicare Managed Care Plan","9784.05","","","","","","","fee schedule","8449.86","22303.85","MSDRG Base Rate"
"Interstitial Lung Disease With Mcc","196","MS-DRG","","","","","","","facility","inpatient","","","","","","Amerihealth","Medicare Managed Care Plan","18604.79","","","","","","","fee schedule","16365.33","44349.2","MSDRG Base Rate"
"Interstitial Lung Disease With Mcc","196","MS-DRG","","","","","","","facility","inpatient","","","","","","First Health","Delaware Medicaid Managed Care Plan","","","[Inpatient Services: Payer leverages state specific Medicaid payment methodology. Available, referenceable algorithm logic found here: https://medicaidpublications.dhss.delaware.gov/docs/search]","","","","0","other","","","No services performed during 15-month lookback period."
"Interstitial Lung Disease With Mcc","196","MS-DRG","","","","","","","facility","inpatient","","","","","","Jefferson Health Plan","Health Partners Medicaid Managed Care/Aca Plan","44349.2","","","","","","","fee schedule","16365.33","44349.2",""
"Interstitial Lung Disease Without Cc/Mcc","198","MS-DRG","","","","","","","facility","inpatient","","","","","","Aetna","Medicare Managed Care Plan","7030.78","","","","","","","fee schedule","6484.7","16830.7","MSDRG Base Rate"
"Intmd rpr face/mm 12.6-20 cm","12055","HCPCS","","","","","","","facility","outpatient","","","","","","Aetna","Medicare Managed Care Plan","452.47","","","","","","","fee schedule","417.33","1317.88","APC"
"Intmd rpr face/mm 2.5 cm/<","12051","HCPCS","","","","","","","facility","outpatient","","","","","","Amerihealth","Medicare Managed Care Plan","474.44","","","","","","","fee schedule","417.33","1317.88","APC"
"Intmd rpr n-hf/genit12.6-20","12045","HCPCS","","","","","","","facility","outpatient","","","","","","Ambetter","All Commercial Plans","1197.99","","","","","","","fee schedule","758.73","2395.99","Radiology"
"Intmd rpr n-hf/genit20.1-30","12046","HCPCS","","","","","","","facility","outpatient","","","","","","Bcbs","Highmark Wholecare Medicare Managed Care Plan","878.53","","","","","","","fee schedule","758.73","2395.99","APC"
"Intmd rpr s/a/t/ext 2.6-7.5","12032","HCPCS","","","","","","","facility","outpatient","","","","","","Bcbs","Highmark Wholecare Medicare Managed Care Plan","483.22","","","","","","","fee schedule","417.33","1317.88","APC"
"Intracranial Hemorrhage Or Cerebral Infarction With Cc Or Tpa In 24 Hours","065","MS-DRG","","","","","","","facility","inpatient","","","","","","Amerihealth","Caritas Next Other Commercial Plan","","94","","38251.81","38251.81","38251.81","1 through 10","percent of total billed charges","","",""
"Intracranial Vascular Proc w Pdx Hemorrhage","528","MS-DRG","","","","","","","facility","inpatient","","","","","","Amerihealth","Medicare Managed Care Plan","","","[MSDRG Base Rate: FEE SCHEDULE]","","","","0","other","","","No services performed during 15-month lookback period."
"Intracranial Vascular Procedures With Principal Diagnosis Hemorrhage Without Cc/Mcc","022","MS-DRG","","","","","","","facility","inpatient","","","","","","Jefferson Health Plan","Health Partners Medicare Managed Care Plan","30120.34","","","","","","","fee schedule","27251.74","74668.9","MSDRG Base Rate"
"Intracranial limited study","93888","HCPCS","","","","","","","facility","outpatient","","","","","","Aetna","Medicare Managed Care Plan","116.36","","","","","","","fee schedule","107.33","338.93","APC"
"Intranasal reconstruction","30620","HCPCS","","","","","","","facility","outpatient","","","","","","Ambetter","All Commercial Plans","9595.72","","","","","","","fee schedule","6077.29","19191.43","Radiology"
"Intranasal reconstruction","30620","HCPCS","","","","","","","facility","outpatient","","","","","","Amerihealth","Medicare Managed Care Plan","6908.91","","","","","","","fee schedule","6077.29","19191.43","APC"
"Intraocular Procedures Without Cc/Mcc","117","MS-DRG","","","","","","","facility","inpatient","","","","","","Cigna","All Commercial Plans","","","[SNF-(% BC): 60] [All Other IP (%BC): 88.46]","","","","0","other","","","No services performed during 15-month lookback period."
"Intraocular Procedures Without Cc/Mcc","117","MS-DRG","","","","","","","facility","inpatient","","","","","","First Health","Delaware Medicaid Managed Care Plan","","","[Inpatient Services: Payer leverages state specific Medicaid payment methodology. Available, referenceable algorithm logic found here: https://medicaidpublications.dhss.delaware.gov/docs/search]","","","","0","other","","","No services performed during 15-month lookback period."
"Intraocular Procedures Without Cc/Mcc","117","MS-DRG","","","","","","","facility","inpatient","","","","","","Unitedhealthcare","Medicare Managed Care Plan","10302.75","","","","","","","fee schedule","9595.7","25495.15","MSDRG Base Rate"
"Intraor complete film series","D0210","HCPCS","","","","","","","facility","outpatient","","","","","","Ambetter","All Commercial Plans","386.76","","","","","","","fee schedule","244.95","773.52","Radiology"
"Intraoral bite radio image","D0708","HCPCS","","","","","","","facility","outpatient","","","","","","Healthspring","Medicare Managed Care Plan","94.04","","","","","","","fee schedule","89.34","282.13","APC"
"Intrinsic factor antibody","86340","HCPCS","","","","","","","facility","outpatient","","","","","","Jefferson Health Plan","Health Partners Medicare Managed Care Plan","15.83","","","","","","","fee schedule","9.8","45.24","APC"
"Io anal gast n-stim subsq","95981","HCPCS","","","","","","","facility","outpatient","","","","","","Amerihealth","Caritas Next Other Commercial Plan","102","","","","","","","fee schedule","60.56","191.25","Radiology"
"Io rad tx deliver by elctrns","77425","HCPCS","","","","","","","facility","outpatient","","","","","","Bcbs","Highmark Medicare Managed Care Plan","7561.19","","","","","","","fee schedule","7561.19","23877.46","APC"
"Ire abltj 1+tum organ perq","0600T","HCPCS","","","","","","","facility","outpatient","","","","","","Healthspring","Medicare Managed Care Plan","11486.91","","","","","","","fee schedule","10912.57","34460.74","APC"
"Iron Stain Peripheral Blood","85536","HCPCS","","","","","","","facility","outpatient","","","","","","Aetna","All Commercial Plans","9.63","","","","","","","fee schedule","4.47","20.64","Radiology"
"Iron binding test","83550","HCPCS","","","","","","","facility","outpatient","","","","","","Jefferson Health Plan","Health Partners Medicare Managed Care Plan","9.18","","","","","","","fee schedule","5.68","26.22","APC"
"Ischemic Stroke, Precerebral Occlusion Or Transient Ischemia With Thrombolytic Agent With Mcc","061","MS-DRG","","","","","","","facility","inpatient","","","","","","Ibc","Medicare Managed Care Plan","24952.99","","","","","","","fee schedule","23705.34","66027.31","MSDRG Base Rate"
"Ischemic Stroke, Precerebral Occlusion Or Transient Ischemia With Thrombolytic Agent Without Cc/Mcc","063","MS-DRG","","","","","","","facility","inpatient","","","","","","Aetna - De","Better Health Medicaid Managed Care Plan","","","[Inpatient Services: Payer leverages state specific Medicaid payment methodology. Available, referenceable algorithm logic found here: https://medicaidpublications.dhss.delaware.gov/docs/search]","","","","0","other","","","No services performed during 15-month lookback period."
"Islet cell antibody","86341","HCPCS","","","","","","","facility","outpatient","","","","","","Cigna","All Commercial Plans","15.32","","","","","","","fee schedule","15.32","70.71",""
"Iv cipaglucosidase alfa-atga","G0138","HCPCS","","","","","","","facility","outpatient","","","","","","Bcbs","Highmark Medicare Managed Care Plan","653.64","","","","","","","fee schedule","653.64","2064.14","APC"
"J WIRE 15MM","CinvClSup117278","CDM","272","RC","C1769","HCPCS","","","facility","both","","","","65.62","65.62","","","","","","","","","","","","","Gross Charge Type: Main Acute Price List"
"J WIRE 15MM","ScanChSup117278","CDM","272","RC","C1769","HCPCS","","","facility","both","","","","65.62","65.62","","","","","","","","","","","","","Gross Charge Type: Main Acute Price List"
"Jaw arthroscopy/surgery","29804","HCPCS","","","","","","","facility","outpatient","","","","","","Aetna","All Commercial Plans","4950.15","","","","","","","fee schedule","3359.03","10607.46","Radiology"
"John cunningham antibody","86711","HCPCS","","","","","","","facility","outpatient","","","","","","Aetna","Medicare Managed Care Plan","17.4","","","","","","","fee schedule","10.98","50.67","APC"
"John cunningham antibody","86711","HCPCS","","","","","","","facility","outpatient","","","","","","Bcbs","Highmark Medicare Managed Care Plan","16.05","","","","","","","fee schedule","10.98","50.67","APC"
"John cunningham antibody","86711","HCPCS","","","","","","","facility","outpatient","","","","","","First Health","Delaware Medicaid Managed Care Plan","18.58","","","","","","","fee schedule","10.98","50.67","Laboratory"
"Joint survey single view","77077","HCPCS","","","","","","","facility","outpatient","","","","","","Aetna","Medicare Managed Care Plan","116.36","","","","","","","fee schedule","107.33","338.93","APC"
"Jr gnotyp abcg2 exons 2-26","0193U","HCPCS","","","","","","","facility","outpatient","","","","","","Bcbs","Highmark Health Options Medicare Managed Care Plan","289.95","","","","","","","fee schedule","268.74","848.64","APC"
"K flow/funct image w/drug","78708","HCPCS","","","","","","","facility","outpatient","","","","","","Cigna","All Commercial Plans","814.75","","","","","","","fee schedule","557.41","1760.25",""
"K flow/funct image w/o drug","78707","HCPCS","","","","","","","facility","outpatient","","","","","","Amerihealth","Caritas Next Other Commercial Plan","938.8","","","","","","","fee schedule","557.41","1760.25","Radiology"
"K-WIRE 2.0X150MM","OperWmSup57796","CDM","278","RC","C1713","HCPCS","","","facility","both","","","","12.68","12.68","","","","","","","","","","","","","Gross Charge Type: Main Acute Price List"
"K-WIRE FIXATION SINGLE TROCAR 0.9X152MM","ScorChSup10195902","CDM","278","RC","C1889","HCPCS","","","facility","both","","","","332.88","332.88","","","","","","","","","","","","","Gross Charge Type: Main Acute Price List"
"K-WIRE","GastChSup67279","CDM","278","RC","C1713","HCPCS","","","facility","both","","","","86.88","86.88","","","","","","","","","","","","","Gross Charge Type: Main Acute Price List"
"K-WIRE,  ACUTRAK .094X9.25MM","AngiWmSup58030","CDM","278","RC","","","","","facility","both","","","","121.63","121.63","","","","","","","","","","","","","Gross Charge Type: Main Acute Price List"
"K-WIRE, .08MM","GyscChSup76370","CDM","278","RC","C1713","HCPCS","","","facility","both","","","","227.91","227.91","","","","","","","","","","","","","Gross Charge Type: Main Acute Price List"
"K-WIRE, 0.8 X 70MM","CcthChSup6432","CDM","278","RC","C1713","HCPCS","","","facility","both","","","","45.24","45.24","","","","","","","","","","","","","Gross Charge Type: Main Acute Price List"
"K-WIRE, 0.8 X 70MM","OperWmSup6432","CDM","278","RC","C1713","HCPCS","","","facility","both","","","","45.24","45.24","","","","","","","","","","","","","Gross Charge Type: Main Acute Price List"
"K-WIRE, 0.9MM 63803","ScpuWmSup63803","CDM","272","RC","","","","","facility","both","","","","173.76","173.76","","","","","","","","","","","","","Gross Charge Type: Main Acute Price List"
"K-WIRE, 0.9MM MARKED","GastChSup21827","CDM","270","RC","","","","","facility","both","","","","154","154","","","","","","","","","","","","","Gross Charge Type: Main Acute Price List"
"K-WIRE, 0.9MM","ScanChSup77962","CDM","272","RC","","","","","facility","both","","","","129.35","129.35","","","","","","","","","","","","","Gross Charge Type: Main Acute Price List"
"K-WIRE, 1.0X150MM","ScanChSup6433","CDM","278","RC","C1713","HCPCS","","","facility","both","","","","52.15","52.15","","","","","","","","","","","","","Gross Charge Type: Main Acute Price List"
"K-WIRE, 1.1MM MARKED","Chrs5421826","CDM","270","RC","","","","","facility","both","","","","154","154","","","","","","","","","","","","","Gross Charge Type: Main Acute Price List"
"K-WIRE, 1.1MM MARKED","ScanWmSup21826","CDM","270","RC","","","","","facility","both","","","","154","154","","","","","","","","","","","","","Gross Charge Type: Main Acute Price List"
"K-WIRE, 1.1MM X 102MM","AnesChSup115295","CDM","278","RC","C1713","HCPCS","","","facility","both","","","","196.84","196.84","","","","","","","","","","","","","Gross Charge Type: Main Acute Price List"
"K-WIRE, 1.1MM X 102MM","AnesWmSup115295","CDM","278","RC","C1713","HCPCS","","","facility","both","","","","196.84","196.84","","","","","","","","","","","","","Gross Charge Type: Main Acute Price List"
"K-WIRE, 1.1MM X 102MM","GastChSup115295","CDM","278","RC","C1713","HCPCS","","","facility","both","","","","196.84","196.84","","","","","","","","","","","","","Gross Charge Type: Main Acute Price List"
"K-WIRE, 1.1MM","GastWmSup77964","CDM","272","RC","","","","","facility","both","","","","129.35","129.35","","","","","","","","","","","","","Gross Charge Type: Main Acute Price List"
"K-WIRE, 1.25MM","EplbChSup60530","CDM","278","RC","C1713","HCPCS","","","facility","both","","","","55.44","55.44","","","","","","","","","","","","","Gross Charge Type: Main Acute Price List"
"K-WIRE, 1.25MM","ScorChSup60530","CDM","278","RC","C1713","HCPCS","","","facility","both","","","","55.44","55.44","","","","","","","","","","","","","Gross Charge Type: Main Acute Price List"
"K-WIRE, 1.2X100MM SU","GyscChSup55597","CDM","278","RC","C1769","HCPCS","","","facility","both","","","","227.91","227.91","","","","","","","","","","","","","Gross Charge Type: Main Acute Price List"
"K-WIRE, 1.2X100MM SU","ScorChSup55597","CDM","278","RC","C1769","HCPCS","","","facility","both","","","","227.91","227.91","","","","","","","","","","","","","Gross Charge Type: Main Acute Price List"
"K-WIRE, 1.2X150MM","ScanWmSup6434","CDM","278","RC","C1713","HCPCS","","","facility","both","","","","52.15","52.15","","","","","","","","","","","","","Gross Charge Type: Main Acute Price List"
"K-WIRE, 1.4MM SMOOTH","OperWmSup109251","CDM","278","RC","C1713","HCPCS","","","facility","both","","","","55.44","55.44","","","","","","","","","","","","","Gross Charge Type: Main Acute Price List"
"K-WIRE, 1.4MM SMOOTH","PacuChSup109251","CDM","278","RC","C1713","HCPCS","","","facility","both","","","","55.44","55.44","","","","","","","","","","","","","Gross Charge Type: Main Acute Price List"
"K-WIRE, 1.4X102MM","ScorWmSup79486","CDM","272","RC","","","","","facility","both","","","","121.63","121.63","","","","","","","","","","","","","Gross Charge Type: Main Acute Price List"
"K-WIRE, 1.6 X 100MM","EplbChSup113734","CDM","272","RC","","","","","facility","both","","","","154","154","","","","","","","","","","","","","Gross Charge Type: Main Acute Price List"
"K-WIRE, 1.6 X 100MM","OperWmSup113734","CDM","272","RC","","","","","facility","both","","","","154","154","","","","","","","","","","","","","Gross Charge Type: Main Acute Price List"
"K-WIRE, 1.6 X 100MM","ScpuChSup113734","CDM","272","RC","","","","","facility","both","","","","154","154","","","","","","","","","","","","","Gross Charge Type: Main Acute Price List"
"K-WIRE, 1.6MM 112408","PacuChSup112408","CDM","272","RC","C1713","HCPCS","","","facility","both","","","","184.79","184.79","","","","","","","","","","","","","Gross Charge Type: Main Acute Price List"
"K-WIRE, 1.6MM W/TROCAR POINT","CspuChSup31831","CDM","270","RC","","","","","facility","both","","","","1782.76","1782.76","","","","","","","","","","","","","Gross Charge Type: Main Acute Price List"
"K-WIRE, 1.6MM X 15CM","CspuChSup57328","CDM","272","RC","","","","","facility","both","","","","88.09","88.09","","","","","","","","","","","","","Gross Charge Type: Main Acute Price List"
"K-WIRE, 2.0MM - 33988","ScorChSup33988","CDM","270","RC","","","","","facility","both","","","","120.12","120.12","","","","","","","","","","","","","Gross Charge Type: Main Acute Price List"
"K-WIRE, 2.0MM","AngiWmSup118194","CDM","272","RC","","","","","facility","both","","","","394.22","394.22","","","","","","","","","","","","","Gross Charge Type: Main Acute Price List"
"K-WIRE, 2.0MM","ScanChSup118194","CDM","272","RC","","","","","facility","both","","","","394.22","394.22","","","","","","","","","","","","","Gross Charge Type: Main Acute Price List"
"K-WIRE, 2.5 X 230MM","CspuChSup57348","CDM","278","RC","C1769","HCPCS","","","facility","both","","","","173.76","173.76","","","","","","","","","","","","","Gross Charge Type: Main Acute Price List"
"K-WIRE, 2.5X230MM","ScanWmSup113999","CDM","278","RC","C1713","HCPCS","","","facility","both","","","","272.19","272.19","","","","","","","","","","","","","Gross Charge Type: Main Acute Price List"
"K-WIRE, 3.0X150MM","CLDRChSup77632","CDM","278","RC","C1713","HCPCS","","","facility","both","","","","490.34","490.34","","","","","","","","","","","","","Gross Charge Type: Main Acute Price List"
"K-WIRE, 9X229MM","PacuWmSup203813","CDM","270","RC","","","","","facility","both","","","","44.04","44.04","","","","","","","","","","","","","Gross Charge Type: Main Acute Price List"
"K-WIRE, 9X229MM","ScpuChSup203813","CDM","270","RC","","","","","facility","both","","","","44.04","44.04","","","","","","","","","","","","","Gross Charge Type: Main Acute Price List"
"K-WIRE, ASNIS MICRO 2MM 0.8X100MM","EplbChSup59121","CDM","278","RC","","","","","facility","both","","","","227.91","227.91","","","","","","","","","","","","","Gross Charge Type: Main Acute Price List"
"K-WIRE, ASNIS MICRO 2MM 0.8X100MM","ScanWmSup59121","CDM","278","RC","","","","","facility","both","","","","227.91","227.91","","","","","","","","","","","","","Gross Charge Type: Main Acute Price List"
"K-WIRE, ASNIS MICRO 2MM 0.8X100MM","ScpuChSup59121","CDM","278","RC","","","","","facility","both","","","","227.91","227.91","","","","","","","","","","","","","Gross Charge Type: Main Acute Price List"
"K-WIRE, DARCO HEADED 2.5MM","CcthChSup106935","CDM","278","RC","C1769","HCPCS","","","facility","both","","","","173.76","173.76","","","","","","","","","","","","","Gross Charge Type: Main Acute Price List"
"K-WIRE, HAND FUSION 0.035 x 4","CspuChSup55690","CDM","278","RC","","","","","facility","both","","","","211.28","211.28","","","","","","","","","","","","","Gross Charge Type: Main Acute Price List"
"K-WIRE, LAG SCREW 450MM","GastWmSup107010","CDM","270","RC","C1769","HCPCS","","","facility","both","","","","646.77","646.77","","","","","","","","","","","","","Gross Charge Type: Main Acute Price List"
"K-WIRE, OLIVE 1.2 X 65MM","OperClSup57318","CDM","278","RC","C1713","HCPCS","","","facility","both","","","","831.56","831.56","","","","","","","","","","","","","Gross Charge Type: Main Acute Price List"
"K-WIRE, RECON T2 3.2X400MM","EplbChSup37237","CDM","272","RC","","","","","facility","both","","","","737.09","737.09","","","","","","","","","","","","","Gross Charge Type: Main Acute Price List"
"K-WIRE, SINGLE TROCAR 1.6X150MM","ScanChSup110793","CDM","272","RC","","","","","facility","both","","","","129.35","129.35","","","","","","","","","","","","","Gross Charge Type: Main Acute Price List"
"K-WIRE, SINGLE TROCAR POINT 1.57x150MM","EplbChSup78296","CDM","278","RC","C1713","HCPCS","","","facility","both","","","","123.39","123.39","","","","","","","","","","","","","Gross Charge Type: Main Acute Price List"
"K-WIRE, T2 RECON 3.2X400MM","GyscChSup32339","CDM","272","RC","","","","","facility","both","","","","1160.36","1160.36","","","","","","","","","","","","","Gross Charge Type: Main Acute Price List"
"K-WIRE, TROCAR POINT 1.0MM","ScanChSup57986","CDM","278","RC","C1713","HCPCS","","","facility","both","","","","55.44","55.44","","","","","","","","","","","","","Gross Charge Type: Main Acute Price List"
"KIT,  CATH INTRATHECAL PUMP SEG REVISION","Wilm5456449","CDM","272","RC","","","","","facility","both","","","","2500.86","2500.86","","","","","","","","","","","","","Gross Charge Type: Main Acute Price List"
"KIT, 10FR SUCTION - NO LATEX","ScorChSup2203","CDM","270","RC","","","","","facility","both","","","","0.59","0.59","","","","","","","","","","","","","Gross Charge Type: Main Acute Price List"
"KIT, 5FR HYBRID SHEATH","ScanWmSup44870","CDM","272","RC","C1750","HCPCS","","","facility","both","","","","253.4","253.4","","","","","","","","","","","","","Gross Charge Type: Main Acute Price List"
"KIT, 70CM SURPASS-C LEAD","ScpuChSup108119","CDM","278","RC","C1778","HCPCS","","","facility","both","","","","6159.74","6159.74","","","","","","","","","","","","","Gross Charge Type: Main Acute Price List"
"KIT, 8FR SUCTION - NO LATEX","CspuChSup2236","CDM","270","RC","","","","","facility","both","","","","0.6","0.6","","","","","","","","","","","","","Gross Charge Type: Main Acute Price List"
"KIT, 8FR SUCTION - NO LATEX","PacuWmSup2236","CDM","270","RC","","","","","facility","both","","","","0.6","0.6","","","","","","","","","","","","","Gross Charge Type: Main Acute Price List"
"KIT, 8FR SUCTION - NO LATEX","ScorChSup2236","CDM","270","RC","","","","","facility","both","","","","0.6","0.6","","","","","","","","","","","","","Gross Charge Type: Main Acute Price List"
"KIT, ACCESS BEVEL TIP END OPEN 10GA STRL","CspuChSup67073","CDM","272","RC","","","","","facility","both","","","","923.96","923.96","","","","","","","","","","","","","Gross Charge Type: Main Acute Price List"
"KIT, ACCESS BEVEL TIP END OPEN 10GA STRL","ScpuChSup67073","CDM","272","RC","","","","","facility","both","","","","923.96","923.96","","","","","","","","","","","","","Gross Charge Type: Main Acute Price List"
"KIT, ACCESSORY 2.0","EplbChSup7219","CDM","270","RC","","","","","facility","both","","","","636.3","636.3","","","","","","","","","","","","","Gross Charge Type: Main Acute Price List"
"KIT, ACCESSORY LONG NEEDLE","OperWmSup79946","CDM","272","RC","","","","","facility","both","","","","338.78","338.78","","","","","","","","","","","","","Gross Charge Type: Main Acute Price List"
"KIT, ACCESSORY PACK MODEL 502","EplbChSup115758","CDM","272","RC","","","","","facility","both","","","","4575.64","4575.64","","","","","","","","","","","","","Gross Charge Type: Main Acute Price List"
"KIT, ACCESSORY PASSING ELEVATOR","GastChSup59132","CDM","272","RC","","","","","facility","both","","","","1451.46","1451.46","","","","","","","","","","","","","Gross Charge Type: Main Acute Price List"
"KIT, ACCESSORY PASSING ELEVATOR","ScpuWmSup59132","CDM","272","RC","","","","","facility","both","","","","1451.46","1451.46","","","","","","","","","","","","","Gross Charge Type: Main Acute Price List"
"KIT, ACCUFILL SCP FOOT & ANKLE 3CC","GastChSup76581","CDM","278","RC","C1713","HCPCS","","","facility","both","","","","13942.57","13942.57","","","","","","","","","","","","","Gross Charge Type: Main Acute Price List"
"KIT, ACL ALL INSIDE DISP","CspuChSup41189","CDM","270","RC","","","","","facility","both","","","","3159.03","3159.03","","","","","","","","","","","","","Gross Charge Type: Main Acute Price List"
"KIT, ADULT ANESTHESIA CIRCUIT","GastWmSup45255","CDM","270","RC","","","","","facility","both","","","","43.8","43.8","","","","","","","","","","","","","Gross Charge Type: Main Acute Price List"
"KIT, AMS 700 ACCESSARY","ScanChSup24032","CDM","272","RC","","","","","facility","both","","","","5735.95","5735.95","","","","","","","","","","","","","Gross Charge Type: Main Acute Price List"
"KIT, AMS 800 ACCESSORY","ScorWmSup22398","CDM","272","RC","","","","","facility","both","","","","8284.85","8284.85","","","","","","","","","","","","","Gross Charge Type: Main Acute Price List"
"KIT, ANGEL BONE MARROW PROCESSING CPRP","AngiWmSup74451","CDM","270","RC","","","","","facility","both","","","","1708.63","1708.63","","","","","","","","","","","","","Gross Charge Type: Main Acute Price List"
"KIT, ANGEL BONE MARROW PROCESSING","PacuChSup73306","CDM","272","RC","","","","","facility","both","","","","5676.11","5676.11","","","","","","","","","","","","","Gross Charge Type: Main Acute Price List"
"KIT, ANGEL BONE MARROW PROCESSING","ScpuWmSup73306","CDM","272","RC","","","","","facility","both","","","","5676.11","5676.11","","","","","","","","","","","","","Gross Charge Type: Main Acute Price List"
"KIT, APEX UNIVERSAL SUTURE","DelrChSup68886","CDM","272","RC","","","","","facility","both","","","","2316.78","2316.78","","","","","","","","","","","","","Gross Charge Type: Main Acute Price List"
"KIT, ATX PRESSURE MONITORING","AngiChSup113845","CDM","272","RC","","","","","facility","both","","","","615.97","615.97","","","","","","","","","","","","","Gross Charge Type: Main Acute Price List"
"KIT, AVEIR INTRODUCER LEADLESS 25FR ID 30CM","GastChSup116199","CDM","272","RC","C1894","HCPCS","","","facility","both","","","","3475.17","3475.17","","","","","","","","","","","","","Gross Charge Type: Main Acute Price List"
"KIT, AVEIR INTRODUCER LEADLESS 25FR ID 30CM","ScorWmSup116199","CDM","272","RC","C1894","HCPCS","","","facility","both","","","","3475.17","3475.17","","","","","","","","","","","","","Gross Charge Type: Main Acute Price List"
"KIT, BALLOON INOUE 26MM","ScorWmSup107918","CDM","272","RC","C1725","HCPCS","","","facility","both","","","","14479.88","14479.88","","","","","","","","","","","","","Gross Charge Type: Main Acute Price List"
"KIT, BALLOON INOUE 28MM","GastWmSup55026","CDM","272","RC","","","","","facility","both","","","","14479.88","14479.88","","","","","","","","","","","","","Gross Charge Type: Main Acute Price List"
"KIT, BARIATRIC MICRO CATHETER 4FR 15CM SHEATH 21G NDL","GastChSup78128","CDM","272","RC","C1894","HCPCS","","","facility","both","","","","338.78","338.78","","","","","","","","","","","","","Gross Charge Type: Main Acute Price List"
"KIT, BASIC OSTEOCRETE 10CC","ScpuWmSup107846","CDM","278","RC","C1713","HCPCS","","","facility","both","","","","21140.62","21140.62","","","","","","","","","","","","","Gross Charge Type: Main Acute Price List"
"KIT, BIOCARTILAGE MIXING/DELIVERY","ScpuWmSup53505","CDM","272","RC","","","","","facility","both","","","","1419.03","1419.03","","","","","","","","","","","","","Gross Charge Type: Main Acute Price List"
"KIT, BIOCARTLIAGE MIXING/DELIVERY SMALL JOINT","CLDRChSup79650","CDM","272","RC","","","","","facility","both","","","","1509.14","1509.14","","","","","","","","","","","","","Gross Charge Type: Main Acute Price List"
"KIT, BLUE PERC LEAD","ScanChSup108118","CDM","278","RC","C1778","HCPCS","","","facility","both","","","","2895.98","2895.98","","","","","","","","","","","","","Gross Charge Type: Main Acute Price List"
"KIT, BLUE PERC LEAD","ScorWmSup108118","CDM","278","RC","C1778","HCPCS","","","facility","both","","","","2895.98","2895.98","","","","","","","","","","","","","Gross Charge Type: Main Acute Price List"
"KIT, BONE ACCESS OSTEOCOOL 10G 090","CcthChSup79052","CDM","278","RC","","","","","facility","both","","","","2131.27","2131.27","","","","","","","","","","","","","Gross Charge Type: Main Acute Price List"
"KIT, BONE AUGMENT INJECTABLE 3.0CC","DelrChSup76117","CDM","278","RC","C1713","HCPCS","","","facility","both","","","","20450.33","20450.33","","","","","","","","","","","","","Gross Charge Type: Main Acute Price List"
"KIT, BONE MARROW COLLECTION","PacuWmSup82981","CDM","270","RC","","","","","facility","both","","","","2604.75","2604.75","","","","","","","","","","","","","Gross Charge Type: Main Acute Price List"
"KIT, BONE MARROW MAGELLAN","CspuChSup59802","CDM","272","RC","","","","","facility","both","","","","7391.69","7391.69","","","","","","","","","","","","","Gross Charge Type: Main Acute Price List"
"KIT, BRONCHOSCOPE PATIENT INTRODUCER MONARCH","CspuChSup112495","CDM","272","RC","","","","","facility","both","","","","403.53","403.53","","","","","","","","","","","","","Gross Charge Type: Main Acute Price List"
"KIT, C7 DRAGONFLY CATH INTRAVASCULAR IMAGING","ScanWmSup51754","CDM","272","RC","","","","","facility","both","","","","5081.79","5081.79","","","","","","","","","","","","","Gross Charge Type: Main Acute Price List"
"KIT, CANNULA INSERTION FOR PROTEKDUO","PacuWmSup113354","CDM","272","RC","","","","","facility","both","","","","2771.89","2771.89","","","","","","","","","","","","","Gross Charge Type: Main Acute Price List"
"KIT, CAP CODE TOTAL REVERSE SHOLDER CMP ST/CMP GLN/VE","ScorChSup121715","CDM","278","RC","C1776","HCPCS","","","facility","both","","","","53910.5","53910.5","","","","","","","","","","","","","Gross Charge Type: Main Acute Price List"
"KIT, CARPAL TUNNEL","EplbChSup92024","CDM","270","RC","","","","","facility","both","","","","1509.61","1509.61","","","","","","","","","","","","","Gross Charge Type: Main Acute Price List"
"KIT, CATH FIBEROPTIX AIB 8FR 2.7MM X 40CC","CcthChSup121585","CDM","278","RC","C1726","HCPCS","","","facility","both","","","","5699.11","5699.11","","","","","","","","","","","","","Gross Charge Type: Main Acute Price List"
"KIT, CHARGER OMNIA COMPT","CspuChSup109651","CDM","272","RC","","","","","facility","both","","","","6159.74","6159.74","","","","","","","","","","","","","Gross Charge Type: Main Acute Price List"
"KIT, CHARGER OMNIA COMPT","DelrChSup109651","CDM","272","RC","","","","","facility","both","","","","6159.74","6159.74","","","","","","","","","","","","","Gross Charge Type: Main Acute Price List"
"KIT, CHARGER","GastChSup67267","CDM","272","RC","","","","","facility","both","","","","5791.95","5791.95","","","","","","","","","","","","","Gross Charge Type: Main Acute Price List"
"KIT, CHARGING IPG 2.0","ScpuWmSup50126","CDM","272","RC","","","","","facility","both","","","","9267.12","9267.12","","","","","","","","","","","","","Gross Charge Type: Main Acute Price List"
"KIT, CHARGING SYSTEM PRECISION","AngiChSup106761","CDM","278","RC","C1820","HCPCS","","","facility","both","","","","9855.58","9855.58","","","","","","","","","","","","","Gross Charge Type: Main Acute Price List"
"KIT, CHEST TUBE INSERTION ADULT DISP","OperChSup41017","CDM","270","RC","","","","","facility","both","","","","419","419","","","","","","","","","","","","","Gross Charge Type: Main Acute Price List"
"KIT, CHEST TUBE INSERTION ADULT DISP","ScanChSup41017","CDM","270","RC","","","","","facility","both","","","","419","419","","","","","","","","","","","","","Gross Charge Type: Main Acute Price List"
"KIT, CITREGEN TENDON","ScanChSup118905","CDM","278","RC","C1713","HCPCS","","","facility","both","","","","1077.96","1077.96","","","","","","","","","","","","","Gross Charge Type: Main Acute Price List"
"KIT, COCHLEAR SONNET 2 & RONDO 3 TWO PROCESSOR PATIENT","GastWmSup118030","CDM","272","RC","","","","","facility","both","","","","72248.78","72248.78","","","","","","","","","","","","","Gross Charge Type: Main Acute Price List"
"KIT, COCHLEAR SONNET 2 EAS & RONDO 3 TWO PROCESSOR PATIENT","ScpuChSup118029","CDM","272","RC","","","","","facility","both","","","","72248.78","72248.78","","","","","","","","","","","","","Gross Charge Type: Main Acute Price List"
"KIT, DELIVERY COBRA MARKER","ScpuWmSup52369","CDM","272","RC","","","","","facility","both","","","","757.65","757.65","","","","","","","","","","","","","Gross Charge Type: Main Acute Price List"
"KIT, DISP FOR SWIVELOCK DX SL 3.5X8.5MM","ScorChSup76411","CDM","272","RC","","","","","facility","both","","","","1837.76","1837.76","","","","","","","","","","","","","Gross Charge Type: Main Acute Price List"
"KIT, DISP. TRANSBITAL ACL WITHOUT SAW BLADE","ScanWmSup31600","CDM","270","RC","","","","","facility","both","","","","968.93","968.93","","","","","","","","","","","","","Gross Charge Type: Main Acute Price List"
"KIT, DISPOSABLE ALLOGRAFT OATS 20MM","OperChSup109546","CDM","272","RC","","","","","facility","both","","","","6950.34","6950.34","","","","","","","","","","","","","Gross Charge Type: Main Acute Price List"
"KIT, DISPOSABLE ALLOGRAFT OATS 22.5MM","GastWmSup113166","CDM","278","RC","","","","","facility","both","","","","7693.51","7693.51","","","","","","","","","","","","","Gross Charge Type: Main Acute Price List"
"KIT, DISPOSABLE ALLOGRAFT OATS 25MM","CcthChSup112892","CDM","272","RC","","","","","facility","both","","","","6950.34","6950.34","","","","","","","","","","","","","Gross Charge Type: Main Acute Price List"
"KIT, DISPOSABLE ALLOGRAFT OATS 25MM","DelrChSup112892","CDM","272","RC","","","","","facility","both","","","","6950.34","6950.34","","","","","","","","","","","","","Gross Charge Type: Main Acute Price List"
"KIT, DISPOSABLE ALLOGRAFT OATS 25MM","GastChSup112892","CDM","272","RC","","","","","facility","both","","","","6950.34","6950.34","","","","","","","","","","","","","Gross Charge Type: Main Acute Price List"
"KIT, DISPOSABLE ALLOGRAFT OATS 25MM","GyscChSup112892","CDM","272","RC","","","","","facility","both","","","","6950.34","6950.34","","","","","","","","","","","","","Gross Charge Type: Main Acute Price List"
"KIT, DISPOSABLE BIO UNI","CspuChSup107861","CDM","278","RC","","","","","facility","both","","","","1847.92","1847.92","","","","","","","","","","","","","Gross Charge Type: Main Acute Price List"
"KIT, DISPOSABLE FIBERTAK KNOTLESS DX","DelrChSup113063","CDM","278","RC","C1713","HCPCS","","","facility","both","","","","1837.76","1837.76","","","","","","","","","","","","","Gross Charge Type: Main Acute Price List"
"KIT, DISPOSABLE FIBERTAK KNOTLESS DX","ScanWmSup113063","CDM","278","RC","C1713","HCPCS","","","facility","both","","","","1837.76","1837.76","","","","","","","","","","","","","Gross Charge Type: Main Acute Price List"
"KIT, DISPOSABLE KNOTLESS SUTURE TAK 3MM","ScpuChSup79517","CDM","278","RC","","","","","facility","both","","","","1852.26","1852.26","","","","","","","","","","","","","Gross Charge Type: Main Acute Price List"
"KIT, DRAINAGE 1000ML","GastWmSup32825","CDM","270","RC","","","","","facility","both","","","","330.14","330.14","","","","","","","","","","","","","Gross Charge Type: Main Acute Price List"
"KIT, DRAINAGE 1000ML","Wilm5432825","CDM","270","RC","","","","","facility","both","","","","330.14","330.14","","","","","","","","","","","","","Gross Charge Type: Main Acute Price List"
"KIT, DRILL COMPRESSION TEMPLATE","CspuChSup73687","CDM","272","RC","","","","","facility","both","","","","601.18","601.18","","","","","","","","","","","","","Gross Charge Type: Main Acute Price List"
"KIT, EKOSONIC TREATMENT ZONE 12CM","ScpuChSup37970","CDM","272","RC","","","","","facility","both","","","","18448.42","18448.42","","","","","","","","","","","","","Gross Charge Type: Main Acute Price List"
"KIT, EKOSONIC TREATMENT ZONE 18CM","OperChSup37971","CDM","272","RC","","","","","facility","both","","","","18448.42","18448.42","","","","","","","","","","","","","Gross Charge Type: Main Acute Price List"
"KIT, EKOSONIC TREATMENT ZONE 30CM","CspuChSup37973","CDM","272","RC","","","","","facility","both","","","","18448.42","18448.42","","","","","","","","","","","","","Gross Charge Type: Main Acute Price List"
"KIT, FIBULINK SYNDESMOSIS REPAIR","EplbChSup109783","CDM","278","RC","C1713","HCPCS","","","facility","both","","","","11984.39","11984.39","","","","","","","","","","","","","Gross Charge Type: Main Acute Price List"
"KIT, FILTER AND ABC MOUTHPIECE","OperChSup70774","CDM","270","RC","","","","","facility","both","","","","89.93","89.93","","","","","","","","","","","","","Gross Charge Type: Main Acute Price List"
"KIT, FLUID ADMINISTRATION","AngiChSup34260","CDM","270","RC","","","","","facility","both","","","","14.42","14.42","","","","","","","","","","","","","Gross Charge Type: Main Acute Price List"
"KIT, FOLEY CATH 16FR LATEX FREE W/URINE BAG","GastChSup39463","CDM","272","RC","","","","","facility","both","","","","35.44","35.44","","","","","","","","","","","","","Gross Charge Type: Main Acute Price List"
"KIT, FOLEY CATH 16FR LATEX FREE W/URINE METER","EplbChSup39465","CDM","272","RC","","","","","facility","both","","","","74.45","74.45","","","","","","","","","","","","","Gross Charge Type: Main Acute Price List"
"KIT, FOLEY CATH W/16FR","ScanChSup92093","CDM","270","RC","","","","","facility","both","","","","41.62","41.62","","","","","","","","","","","","","Gross Charge Type: Main Acute Price List"
"KIT, FOLEY CATH W/16FR","ScorWmSup92093","CDM","270","RC","","","","","facility","both","","","","41.62","41.62","","","","","","","","","","","","","Gross Charge Type: Main Acute Price List"
"KIT, FOLEY CATH W/16FR","ScpuWmSup92093","CDM","270","RC","","","","","facility","both","","","","41.62","41.62","","","","","","","","","","","","","Gross Charge Type: Main Acute Price List"
"KIT, FREELINK REMOTE CONTROL MRI SAFE","AnesWmSup77941","CDM","278","RC","C1787","HCPCS","","","facility","both","","","","5212.76","5212.76","","","","","","","","","","","","","Gross Charge Type: Main Acute Price List"
"KIT, FUDICIAL MARKER TRIPLE/PK 18GA 20CM","Chrs3140156","CDM","272","RC","","","","","facility","both","","","","459.93","459.93","","","","","","","","","","","","","Gross Charge Type: Main Acute Price List"
"KIT, FUDICIAL MARKER TRIPLE/PK 18GA 20CM","OperWmSup40156","CDM","272","RC","","","","","facility","both","","","","459.93","459.93","","","","","","","","","","","","","Gross Charge Type: Main Acute Price List"
"KIT, GUIDANT LEAD REPAIR","ScanWmSup27201","CDM","270","RC","","","","","facility","both","","","","615.97","615.97","","","","","","","","","","","","","Gross Charge Type: Main Acute Price List"
"KIT, HIP ARTHROSCOPY W/BANANA BLADE","ScanWmSup53342","CDM","272","RC","","","","","facility","both","","","","2352.98","2352.98","","","","","","","","","","","","","Gross Charge Type: Main Acute Price List"
"KIT, HIP ARTHROSCOPY W/BANANA BLADE","ScpuChSup53342","CDM","272","RC","","","","","facility","both","","","","2352.98","2352.98","","","","","","","","","","","","","Gross Charge Type: Main Acute Price List"
"KIT, IM PREP","CcthChSup95669","CDM","270","RC","","","","","facility","both","","","","1139.55","1139.55","","","","","","","","","","","","","Gross Charge Type: Main Acute Price List"
"KIT, IM PREP","ScanChSup95669","CDM","270","RC","","","","","facility","both","","","","1139.55","1139.55","","","","","","","","","","","","","Gross Charge Type: Main Acute Price List"
"KIT, IMPLANT ELITE COMPRESSION STAPLES 2-LEGS 18X18X18MM","ScanChSup106987","CDM","278","RC","C1713","HCPCS","","","facility","both","","","","12930.52","12930.52","","","","","","","","","","","","","Gross Charge Type: Main Acute Price List"
"KIT, IMPLANT SPEED STAPLE 15X12X12MM","GastChSup66797","CDM","278","RC","C1713","HCPCS","","","facility","both","","","","9821.09","9821.09","","","","","","","","","","","","","Gross Charge Type: Main Acute Price List"
"KIT, IMPLANT TITAN SPEED 20X20X20MM","AngiWmSup73792","CDM","278","RC","","","","","facility","both","","","","11634.87","11634.87","","","","","","","","","","","","","Gross Charge Type: Main Acute Price List"
"KIT, INDIGO ASPIRATION CATH CAT7D W/TUBING 50CM","GastChSup110178","CDM","272","RC","C1757","HCPCS","","","facility","both","","","","16569.69","16569.69","","","","","","","","","","","","","Gross Charge Type: Main Acute Price List"
"KIT, INSTAFIX ACCESSORY 2.0MM","CLDRChSup73503","CDM","278","RC","","","","","facility","both","","","","2019.07","2019.07","","","","","","","","","","","","","Gross Charge Type: Main Acute Price List"
"KIT, INSTAFIX SIZER","ScorWmSup75137","CDM","272","RC","","","","","facility","both","","","","711.46","711.46","","","","","","","","","","","","","Gross Charge Type: Main Acute Price List"
"KIT, INTELLIS TRIAL 2 LEAD - COMPT","ScorWmSup111091","CDM","278","RC","C1778","HCPCS","","","facility","both","","","","5794.89","5794.89","","","","","","","","","","","","","Gross Charge Type: Main Acute Price List"
"KIT, INTERNAL LIGAMENT BRACE","DelrChSup108821","CDM","278","RC","C1713","HCPCS","","","facility","both","","","","6746.46","6746.46","","","","","","","","","","","","","Gross Charge Type: Main Acute Price List"
"KIT, INTERNAL LIGAMENT KNEE BRACE REPAIR","OperWmSup75142","CDM","278","RC","C1713","HCPCS","","","facility","both","","","","7975.63","7975.63","","","","","","","","","","","","","Gross Charge Type: Main Acute Price List"
"KIT, INTERNAL LISFRANC LIGAMENT BRACE","AngiWmSup110764","CDM","278","RC","C1713","HCPCS","","","facility","both","","","","9381.8","9381.8","","","","","","","","","","","","","Gross Charge Type: Main Acute Price List"
"KIT, INTERSTIM COMM HAMNDSET SMART PROGRAMMER","AngiWmSup107064","CDM","272","RC","C1787","HCPCS","","","facility","both","","","","10810.34","10810.34","","","","","","","","","","","","","Gross Charge Type: Main Acute Price List"
"KIT, INTERSTIM LEAD INTRODUCER","GastChSup27484","CDM","278","RC","C1894","HCPCS","","","facility","both","","","","1675.45","1675.45","","","","","","","","","","","","","Gross Charge Type: Main Acute Price List"
"KIT, INTERSTIM SURSCAN MRI LEAD 4.32MMX28CM","OperWmSup107053","CDM","278","RC","C1778","HCPCS","","","facility","both","","","","21626.85","21626.85","","","","","","","","","","","","","Gross Charge Type: Main Acute Price List"
"KIT, INTERSTIM VERIFY TEST","ScorWmSup66556","CDM","272","RC","","","","","facility","both","","","","3104.51","3104.51","","","","","","","","","","","","","Gross Charge Type: Main Acute Price List"
"KIT, INTERSTIM VERIFY TEST","Wilm3166556","CDM","272","RC","","","","","facility","both","","","","3104.51","3104.51","","","","","","","","","","","","","Gross Charge Type: Main Acute Price List"
"KIT, INTRAOSSEOUS BIOPLASTY CORE DECOMP DELIVERY FOOT & ANKLE","DelrChSup115266","CDM","272","RC","","","","","facility","both","","","","3473.69","3473.69","","","","","","","","","","","","","Gross Charge Type: Main Acute Price List"
"KIT, INTRAOSSEOUS BIOPLASTY CORE DECOMP DELIVERY FOOT & ANKLE","ScanWmSup115266","CDM","272","RC","","","","","facility","both","","","","3473.69","3473.69","","","","","","","","","","","","","Gross Charge Type: Main Acute Price List"
"KIT, INTRODUCER GASTROSTOMY SILICONE W/MIC-KEY 22FR","PacuWmSup115077","CDM","272","RC","","","","","facility","both","","","","1301","1301","","","","","","","","","","","","","Gross Charge Type: Main Acute Price List"
"KIT, IOBP CORE DECOMPRESSION DELIVERY SYSTEM CLOSED TIP 8GA X 4.5 IN","PacuChSup107036","CDM","270","RC","","","","","facility","both","","","","3330.37","3330.37","","","","","","","","","","","","","Gross Charge Type: Main Acute Price List"
"KIT, IPC REPLACEMENT VALVE","GastChSup78048","CDM","272","RC","","","","","facility","both","","","","246.16","246.16","","","","","","","","","","","","","Gross Charge Type: Main Acute Price List"
"KIT, IPG2000 TEMPLATE","GyscChSup107888","CDM","278","RC","","","","","facility","both","","","","461.98","461.98","","","","","","","","","","","","","Gross Charge Type: Main Acute Price List"
"KIT, IVAS 11G 10MM","ScorChSup54827","CDM","272","RC","","","","","facility","both","","","","7865.82","7865.82","","","","","","","","","","","","","Gross Charge Type: Main Acute Price List"
"KIT, IVAS BONE BIOPSY 11G","GastChSup54843","CDM","272","RC","","","","","facility","both","","","","541.15","541.15","","","","","","","","","","","","","Gross Charge Type: Main Acute Price List"
"KIT, IVAS SYSTEM 10G 15MM (15/2)","CcthChSup54830","CDM","272","RC","","","","","facility","both","","","","7865.82","7865.82","","","","","","","","","","","","","Gross Charge Type: Main Acute Price List"
"KIT, IVAS SYSTEM 10G 15MM (15/2)","ScanWmSup54830","CDM","272","RC","","","","","facility","both","","","","7865.82","7865.82","","","","","","","","","","","","","Gross Charge Type: Main Acute Price List"
"KIT, KNOTLESS FIBERTAK","PacuChSup111630","CDM","278","RC","C1713","HCPCS","","","facility","both","","","","1301.24","1301.24","","","","","","","","","","","","","Gross Charge Type: Main Acute Price List"
"KIT, KYPHON BONE CEMENT XPEDE AND MIXER","CspuChSup77891","CDM","278","RC","C1713","HCPCS","","","facility","both","","","","1108.75","1108.75","","","","","","","","","","","","","Gross Charge Type: Main Acute Price List"
"KIT, KYPHON BONE CEMENT XPEDE AND MIXER","PacuChSup77891","CDM","278","RC","C1713","HCPCS","","","facility","both","","","","1108.75","1108.75","","","","","","","","","","","","","Gross Charge Type: Main Acute Price List"
"KIT, KYPHOPAK EXPRESS II 10/2 FIRST FRACTURE","AngiChSup80153","CDM","272","RC","","","","","facility","both","","","","19532.53","19532.53","","","","","","","","","","","","","Gross Charge Type: Main Acute Price List"
"KIT, KYPHOPAK EXPRESS II 10/3 FIRST FRACTURE","GastWmSup109149","CDM","278","RC","C1713","HCPCS","","","facility","both","","","","19698.84","19698.84","","","","","","","","","","","","","Gross Charge Type: Main Acute Price List"
"KIT, LARGE PEC REPAIR","CspuChSup65971","CDM","278","RC","C1713","HCPCS","","","facility","both","","","","11010.54","11010.54","","","","","","","","","","","","","Gross Charge Type: Main Acute Price List"
"KIT, LATERAL ANKLE RECONSTRUCTION IMPLANT SYS","PacuWmSup66581","CDM","278","RC","C1713","HCPCS","","","facility","both","","","","10135.91","10135.91","","","","","","","","","","","","","Gross Charge Type: Main Acute Price List"
"KIT, LAVAGE PROCEDURE RECIRCULATOR 8.0","CcthChSup54445","CDM","272","RC","","","","","facility","both","","","","20271.82","20271.82","","","","","","","","","","","","","Gross Charge Type: Main Acute Price List"
"KIT, LAVAGE PROCEDURE RECIRCULATOR 8.0","Chrs5454445","CDM","272","RC","","","","","facility","both","","","","20271.82","20271.82","","","","","","","","","","","","","Gross Charge Type: Main Acute Price List"
"KIT, LEAD SLIM TIP AXIUM 90CM","GastWmSup71287","CDM","278","RC","C1778","HCPCS","","","facility","both","","","","18479.22","18479.22","","","","","","","","","","","","","Gross Charge Type: Main Acute Price List"
"KIT, LEAD SPINAL STIMULATOR SURGICAL US MNPRO","OperWmSup46575","CDM","278","RC","C1778","HCPCS","","","facility","both","","","","36280.86","36280.86","","","","","","","","","","","","","Gross Charge Type: Main Acute Price List"
"KIT, LEAD SPLICE","EplbChSup25712","CDM","270","RC","","","","","facility","both","","","","831.56","831.56","","","","","","","","","","","","","Gross Charge Type: Main Acute Price List"
"KIT, LEAD TRIAL FREEDOM 8 PNS CHANNEL A","EplbChSup115655","CDM","272","RC","C1897","HCPCS","","","facility","both","","","","1158.39","1158.39","","","","","","","","","","","","","Gross Charge Type: Main Acute Price List"
"KIT, LEAD TRIAL FREEDOM 8 SCS CHANNEL B","AnesWmSup115658","CDM","272","RC","C1897","HCPCS","","","facility","both","","","","1447.99","1447.99","","","","","","","","","","","","","Gross Charge Type: Main Acute Price List"
"KIT, MAGELLAN BASIC ONE SOURCE","CcthChSup27228","CDM","270","RC","","","","","facility","both","","","","1355.15","1355.15","","","","","","","","","","","","","Gross Charge Type: Main Acute Price List"
"KIT, MARQUEE DISP CORE BREAST BIOPSY 12G X 13CM","CspuChSup114471","CDM","272","RC","","","","","facility","both","","","","440.37","440.37","","","","","","","","","","","","","Gross Charge Type: Main Acute Price List"
"KIT, MARQUEE DISP CORE BREAST BIOPSY 12G X 13CM","GastWmSup114471","CDM","272","RC","","","","","facility","both","","","","440.37","440.37","","","","","","","","","","","","","Gross Charge Type: Main Acute Price List"
"KIT, MARQUEE DISP CORE BREAST BIOPSY 12G X 13CM","OperChSup114471","CDM","272","RC","","","","","facility","both","","","","440.37","440.37","","","","","","","","","","","","","Gross Charge Type: Main Acute Price List"
"KIT, MARQUEE DISP CORE BREAST BIOPSY 14G X 10CM","OperChSup114472","CDM","272","RC","","","","","facility","both","","","","440.37","440.37","","","","","","","","","","","","","Gross Charge Type: Main Acute Price List"
"KIT, MARQUEE DISP CORE BREAST BIOPSY 14G X 10CM","ScorWmSup114472","CDM","272","RC","","","","","facility","both","","","","440.37","440.37","","","","","","","","","","","","","Gross Charge Type: Main Acute Price List"
"KIT, MAXCESS XLIF PROCEDURE","GyscChSup33184","CDM","270","RC","","","","","facility","both","","","","8303.32","8303.32","","","","","","","","","","","","","Gross Charge Type: Main Acute Price List"
"KIT, MELKER CRICOTHYROTOMY 5FR","GyscChSup52026","CDM","272","RC","C1769","HCPCS","","","facility","both","","","","1603.85","1603.85","","","","","","","","","","","","","Gross Charge Type: Main Acute Price List"
"KIT, MIC G-16 INTRODUCER","EplbChSup38434","CDM","272","RC","","","","","facility","both","","","","1259.85","1259.85","","","","","","","","","","","","","Gross Charge Type: Main Acute Price List"
"KIT, MIC G-16 INTRODUCER","ScanWmSup38434","CDM","272","RC","","","","","facility","both","","","","1259.85","1259.85","","","","","","","","","","","","","Gross Charge Type: Main Acute Price List"
"KIT, MIC G-18 INTRODUCER","EplbChSup38435","CDM","272","RC","","","","","facility","both","","","","1259.85","1259.85","","","","","","","","","","","","","Gross Charge Type: Main Acute Price List"
"KIT, MIC-G INTRODUCER 14FR","GastChSup70441","CDM","272","RC","","","","","facility","both","","","","1184.63","1184.63","","","","","","","","","","","","","Gross Charge Type: Main Acute Price List"
"KIT, MICROPUNCTURE 5FR X 10CM STD W/GUIDEWIRE AND NEEDLE","ScanChSup108288","CDM","272","RC","C1894","HCPCS","","","facility","both","","","","92.67","92.67","","","","","","","","","","","","","Gross Charge Type: Main Acute Price List"
"KIT, MINI ACCESS - NON VASCULAR","ScorChSup38978","CDM","272","RC","","","","","facility","both","","","","406.54","406.54","","","","","","","","","","","","","Gross Charge Type: Main Acute Price List"
"KIT, MINI BEAD OSTEOSET RESORBABLE STANDARD CURE","Chrs5463501","CDM","278","RC","C1713","HCPCS","","","facility","both","","","","4391.89","4391.89","","","","","","","","","","","","","Gross Charge Type: Main Acute Price List"
"KIT, MINI BEAD OSTEOSET RESORBABLE STANDARD CURE","GastChSup63501","CDM","278","RC","C1713","HCPCS","","","facility","both","","","","4391.89","4391.89","","","","","","","","","","","","","Gross Charge Type: Main Acute Price List"
"KIT, MINI BEAD OSTEOSET RESORBABLE STANDARD CURE","ScorWmSup63501","CDM","278","RC","C1713","HCPCS","","","facility","both","","","","4391.89","4391.89","","","","","","","","","","","","","Gross Charge Type: Main Acute Price List"
"KIT, MIXING SYRINGE 2ML","AngiChSup120528","CDM","278","RC","C1889","HCPCS","","","facility","both","","","","923.96","923.96","","","","","","","","","","","","","Gross Charge Type: Main Acute Price List"
"KIT, MIXING SYRINGE 6ML","EplbChSup120529","CDM","278","RC","C1889","HCPCS","","","facility","both","","","","923.96","923.96","","","","","","","","","","","","","Gross Charge Type: Main Acute Price List"
"KIT, MRI LEAD INTERSTIM NON-CHARGEABLE 4.32MMX33CM","CcthChSup107059","CDM","278","RC","C1778","HCPCS","","","facility","both","","","","20335.54","20335.54","","","","","","","","","","","","","Gross Charge Type: Main Acute Price List"
"KIT, MRI LEAD INTERSTIM RECHARGEABLE 2.16MMX28CM","GyscChSup107056","CDM","278","RC","C1778","HCPCS","","","facility","both","","","","20335.54","20335.54","","","","","","","","","","","","","Gross Charge Type: Main Acute Price List"
"KIT, NAIL GAMMA RIGHT LONG 11X320 120 DEGREE","ScorChSup26300","CDM","278","RC","","","","","facility","both","","","","10810.56","10810.56","","","","","","","","","","","","","Gross Charge Type: Main Acute Price List"
"KIT, NAIL LONG  R1 0.5 LEFT 125 DEGREES  10X340MM","ScorWmSup42667","CDM","278","RC","","","","","facility","both","","","","11277.62","11277.62","","","","","","","","","","","","","Gross Charge Type: Main Acute Price List"
"KIT, NAIL LONG  R1 0.5 RIGHT  125 DEGREES  10X320MM","GastChSup42658","CDM","278","RC","C1713","HCPCS","","","facility","both","","","","11277.62","11277.62","","","","","","","","","","","","","Gross Charge Type: Main Acute Price List"
"KIT, NAIL LONG  R1 0.5 RIGHT  125 DEGREES  10X320MM","OPERCLSUP42658","CDM","278","RC","C1713","HCPCS","","","facility","both","","","","11277.62","11277.62","","","","","","","","","","","","","Gross Charge Type: Main Acute Price List"
"KIT, NAIL LONG  R1 0.5 RIGHT  125 DEGREES  10X400MM","ScanChSup42662","CDM","278","RC","C1713","HCPCS","","","facility","both","","","","11277.62","11277.62","","","","","","","","","","","","","Gross Charge Type: Main Acute Price List"
"KIT, NAIL LONG 11X36MM","Wilm5458640","CDM","278","RC","","","","","facility","both","","","","11993.76","11993.76","","","","","","","","","","","","","Gross Charge Type: Main Acute Price List"
"KIT, NAIL VALOR LT SM 11.5X150MM","EplbChSup120080","CDM","278","RC","C1713","HCPCS","","","facility","both","","","","18864.38","18864.38","","","","","","","","","","","","","Gross Charge Type: Main Acute Price List"
"KIT, NAIL VALOR RT SM 10X150MM","CLDRChSup66696","CDM","278","RC","C1713","HCPCS","","","facility","both","","","","20190.74","20190.74","","","","","","","","","","","","","Gross Charge Type: Main Acute Price List"
"KIT, NAIL VALOR RT SM 11.5X150MM","AnesWmSup76694","CDM","278","RC","","","","","facility","both","","","","21472.85","21472.85","","","","","","","","","","","","","Gross Charge Type: Main Acute Price List"
"KIT, NEURO CUSTOM","ScpuWmSup48031","CDM","272","RC","","","","","facility","both","","","","403.95","403.95","","","","","","","","","","","","","Gross Charge Type: Main Acute Price List"
"KIT, OCTRODE STIMULATOR LEAD 90CM","ScanWmSup77845","CDM","278","RC","C1778","HCPCS","","","facility","both","","","","15609.31","15609.31","","","","","","","","","","","","","Gross Charge Type: Main Acute Price List"
"KIT, ONE2ONE ORTHOGNATHIC PLANNING 3D CUSTOM TITANIUM SINGLE JAW PLATES","ScorChSup121058","CDM","278","RC","C1713","HCPCS","","","facility","both","","","","75028.92","75028.92","","","","","","","","","","","","","Gross Charge Type: Main Acute Price List"
"KIT, OPTVAC HIP","GastChSup9074","CDM","270","RC","","","","","facility","both","","","","511.26","511.26","","","","","","","","","","","","","Gross Charge Type: Main Acute Price List"
"KIT, OPTVAC HIP","GyscChSup9074","CDM","270","RC","","","","","facility","both","","","","511.26","511.26","","","","","","","","","","","","","Gross Charge Type: Main Acute Price List"
"KIT, OPTVAC HIP","ScpuChSup9074","CDM","270","RC","","","","","facility","both","","","","511.26","511.26","","","","","","","","","","","","","Gross Charge Type: Main Acute Price List"
"KIT, OSTEOSET FAST CURVE 25CC","PacuChSup20587","CDM","278","RC","C1713","HCPCS","","","facility","both","","","","4286.04","4286.04","","","","","","","","","","","","","Gross Charge Type: Main Acute Price List"
"KIT, OSTEOSET FAST CURVE 25CC","ScorWmSup20587","CDM","278","RC","C1713","HCPCS","","","facility","both","","","","4286.04","4286.04","","","","","","","","","","","","","Gross Charge Type: Main Acute Price List"
"KIT, PASSING ELEVATOR","ScorChSup109930","CDM","270","RC","","","","","facility","both","","","","461.98","461.98","","","","","","","","","","","","","Gross Charge Type: Main Acute Price List"
"KIT, PATELLA TEMPLATE LATERAL RIM STRL","ScanChSup115106","CDM","272","RC","","","","","facility","both","","","","1544.4","1544.4","","","","","","","","","","","","","Gross Charge Type: Main Acute Price List"
"KIT, PATELLA TEMPLATE LATERAL RIM STRL","ScorWmSup115106","CDM","272","RC","","","","","facility","both","","","","1544.4","1544.4","","","","","","","","","","","","","Gross Charge Type: Main Acute Price List"
"KIT, PATIENT REMOTE","Wilm3167266","CDM","270","RC","C1787","HCPCS","","","facility","both","","","","5791.95","5791.95","","","","","","","","","","","","","Gross Charge Type: Main Acute Price List"
"KIT, PEG - 20FR W/SNARE","ScanChSup105686","CDM","270","RC","","","","","facility","both","","","","364.04","364.04","","","","","","","","","","","","","Gross Charge Type: Main Acute Price List"
"KIT, PEG FOR DUOPA DELIVERY ENFIT","ScorWmSup114086","CDM","272","RC","","","","","facility","both","","","","346.39","346.39","","","","","","","","","","","","","Gross Charge Type: Main Acute Price List"
"KIT, PEG FOR DUOPA DELIVERY ENFIT","ScpuWmSup114086","CDM","272","RC","","","","","facility","both","","","","346.39","346.39","","","","","","","","","","","","","Gross Charge Type: Main Acute Price List"
"KIT, PERITONEAL LAVAGE-AK09000","OperChSup103668","CDM","272","RC","C1729","HCPCS","","","facility","both","","","","145.06","145.06","","","","","","","","","","","","","Gross Charge Type: Main Acute Price List"
"KIT, PIN XL","OperChSup65320","CDM","272","RC","","","","","facility","both","","","","762.08","762.08","","","","","","","","","","","","","Gross Charge Type: Main Acute Price List"
"KIT, PNE LEAD IMPLANT AXONICS","GastWmSup106158","CDM","278","RC","C1897","HCPCS","","","facility","both","","","","2125.11","2125.11","","","","","","","","","","","","","Gross Charge Type: Main Acute Price List"
"KIT, POUNCE VENOUS THROMBECTOMY SYSTEM + POUNCE SHEATH","AngiChSup121685","CDM","272","RC","C1757","HCPCS","","","facility","both","","","","46209","46209","","","","","","","","","","","","","Gross Charge Type: Main Acute Price List"
"KIT, POUNCE VENOUS THROMBECTOMY SYSTEM + POUNCE SHEATH","AngiWmSup121685","CDM","272","RC","C1757","HCPCS","","","facility","both","","","","46209","46209","","","","","","","","","","","","","Gross Charge Type: Main Acute Price List"
"KIT, POWER PICC 5FR TRIPLE LUMEN CUSTOM - NURSING TRAY","Chrs3132044","CDM","272","RC","C1751","HCPCS","","","facility","both","","","","1909.34","1909.34","","","","","","","","","","","","","Gross Charge Type: Main Acute Price List"
"KIT, POWER PICC SINGLE LUMEN 4FR - BASIC KIT","EplbChSup75260","CDM","272","RC","C1751","HCPCS","","","facility","both","","","","4311.82","4311.82","","","","","","","","","","","","","Gross Charge Type: Main Acute Price List"
"KIT, POWERWIRE RF GUIDEWIRE 30 DEG ANGLE","ScorChSup108447","CDM","272","RC","","","","","facility","both","","","","8687.93","8687.93","","","","","","","","","","","","","Gross Charge Type: Main Acute Price List"
"KIT, PROCEDURE ACL APERFIX II","GyscChSup73980","CDM","272","RC","","","","","facility","both","","","","2192.6","2192.6","","","","","","","","","","","","","Gross Charge Type: Main Acute Price List"
"KIT, PROCEDURE EDGE 45 DEGREES","ScanWmSup51347","CDM","272","RC","","","","","facility","both","","","","7871.26","7871.26","","","","","","","","","","","","","Gross Charge Type: Main Acute Price List"
"KIT, PROCEDURE EDGE 45 DEGREES","ScorChSup51347","CDM","272","RC","","","","","facility","both","","","","7871.26","7871.26","","","","","","","","","","","","","Gross Charge Type: Main Acute Price List"
"KIT, PROCEDURE ILLUMISITE 90 DEG CATHETER","OperWmSup107445","CDM","270","RC","","","","","facility","both","","","","9818.62","9818.62","","","","","","","","","","","","","Gross Charge Type: Main Acute Price List"
"KIT, PSI WITHOUT BONE MODEL","ScorWmSup68427","CDM","272","RC","","","","","facility","both","","","","3079.87","3079.87","","","","","","","","","","","","","Gross Charge Type: Main Acute Price List"
"KIT, PULSE THERAPY","CspuChSup204263","CDM","270","RC","","","","","facility","both","","","","63.08","63.08","","","","","","","","","","","","","Gross Charge Type: Main Acute Price List"
"KIT, PUMP SEGMENT REVISION","PacuChSup62325","CDM","272","RC","","","","","facility","both","","","","3252.34","3252.34","","","","","","","","","","","","","Gross Charge Type: Main Acute Price List"
"KIT, QUICK-VAC MIXING","PacuChSup23356","CDM","270","RC","","","","","facility","both","","","","602.36","602.36","","","","","","","","","","","","","Gross Charge Type: Main Acute Price List"
"KIT, RATIO DISPENSER MAGELLAN","ScanWmSup27227","CDM","270","RC","","","","","facility","both","","","","307.99","307.99","","","","","","","","","","","","","Gross Charge Type: Main Acute Price List"
"KIT, RECEIVER FREEDOM 4 PNS W/TINES (SPARE) CHANNEL B","EplbChSup115663","CDM","278","RC","C1778","HCPCS","","","facility","both","","","","8687.93","8687.93","","","","","","","","","","","","","Gross Charge Type: Main Acute Price List"
"KIT, RECEIVER FREEDOM 4 PNS W/TINES (SPARE) CHANNEL B","ScanChSup115663","CDM","278","RC","C1778","HCPCS","","","facility","both","","","","8687.93","8687.93","","","","","","","","","","","","","Gross Charge Type: Main Acute Price List"
"KIT, RECEIVER FREEDOM 4 PNS W/TINES CHANNEL A","ScanWmSup115662","CDM","278","RC","C1767","HCPCS","","","facility","both","","","","72399.38","72399.38","","","","","","","","","","","","","Gross Charge Type: Main Acute Price List"
"KIT, RECEIVER FREEDOM 8 PNS CHANNEL A","AnesChSup115660","CDM","278","RC","C1767","HCPCS","","","facility","both","","","","72399.38","72399.38","","","","","","","","","","","","","Gross Charge Type: Main Acute Price List"
"KIT, RECEIVER FREEDOM 8 SCS CHANNEL A","EplbChSup115664","CDM","278","RC","C1767","HCPCS","","","facility","both","","","","75295.35","75295.35","","","","","","","","","","","","","Gross Charge Type: Main Acute Price List"
"KIT, RED43 REPERFUSION CATH AND TUBING","GyscChSup116369","CDM","272","RC","C1757","HCPCS","","","facility","both","","","","16188.5","16188.5","","","","","","","","","","","","","Gross Charge Type: Main Acute Price List"
"KIT, RED62 REPURFUSION CATH W/ HI-FLOW TUBING","CspuChSup109912","CDM","272","RC","C1887","HCPCS","","","facility","both","","","","17216.47","17216.47","","","","","","","","","","","","","Gross Charge Type: Main Acute Price List"
"KIT, RED68 REPURFUSION CATH W/HI-FLOW TUBING","ScanWmSup110806","CDM","272","RC","C1887","HCPCS","","","facility","both","","","","17216.47","17216.47","","","","","","","","","","","","","Gross Charge Type: Main Acute Price List"
"KIT, RONDO 3 PROCESSOR","DelrChSup109103","CDM","272","RC","","","","","facility","both","","","","51861.12","51861.12","","","","","","","","","","","","","Gross Charge Type: Main Acute Price List"
"KIT, SCP KNEE ACCUFILL BONE SUBSTITUTE 76720","AngiWmSup76720","CDM","272","RC","","","","","facility","both","","","","18793.36","18793.36","","","","","","","","","","","","","Gross Charge Type: Main Acute Price List"
"KIT, SELECTA ACCESSORY","CspuChSup76753","CDM","272","RC","C1893","HCPCS","","","facility","both","","","","1847.92","1847.92","","","","","","","","","","","","","Gross Charge Type: Main Acute Price List"
"KIT, SHEATH DELIVERY CURVE SMALL 22CM","AngiWmSup73897","CDM","278","RC","","","","","facility","both","","","","4430.84","4430.84","","","","","","","","","","","","","Gross Charge Type: Main Acute Price List"
"KIT, SHOULDER STABILIZATION","GyscChSup39535","CDM","270","RC","","","","","facility","both","","","","423.04","423.04","","","","","","","","","","","","","Gross Charge Type: Main Acute Price List"
"KIT, SPECTRANETICS ACCESSORY","ScpuWmSup214435","CDM","270","RC","","","","","facility","both","","","","831.56","831.56","","","","","","","","","","","","","Gross Charge Type: Main Acute Price List"
"KIT, STD ID BAND","PacuChSup23765","CDM","270","RC","","","","","facility","both","","","","2078.6","2078.6","","","","","","","","","","","","","Gross Charge Type: Main Acute Price List"
"KIT, STIMULAN RAPID CURE PASTE BEAD 20CC","ScorChSup109045","CDM","278","RC","C1602","HCPCS","","","facility","both","","","","15374.89","15374.89","","","","","","","","","","","","","Gross Charge Type: Main Acute Price List"
"KIT, STIMULATOR SENZA II HF10B INCLD CHARGER AND REMOTE","ScpuChSup79960","CDM","278","RC","C1822","HCPCS","","","facility","both","","","","147186.96","147186.96","","","","","","","","","","","","","Gross Charge Type: Main Acute Price List"
"KIT, STIMULATOR SENZA II HF10B INCLD CHARGER AND REMOTE","ScpuWmSup79960","CDM","278","RC","C1822","HCPCS","","","facility","both","","","","147186.96","147186.96","","","","","","","","","","","","","Gross Charge Type: Main Acute Price List"
"KIT, STYLET 40CM","CcthChSup121970","CDM","272","RC","C1769","HCPCS","","","facility","both","","","","462.09","462.09","","","","","","","","","","","","","Gross Charge Type: Main Acute Price List"
"KIT, STYLET 52 CM","EplbChSup121966","CDM","272","RC","C1769","HCPCS","","","facility","both","","","","462.09","462.09","","","","","","","","","","","","","Gross Charge Type: Main Acute Price List"
"KIT, SURGICAL LEAD 70CM","ScanWmSup75736","CDM","278","RC","C1778","HCPCS","","","facility","both","","","","6159.74","6159.74","","","","","","","","","","","","","Gross Charge Type: Main Acute Price List"
"KIT, SURGICAL LEAD 70CM","ScorWmSup75736","CDM","278","RC","C1778","HCPCS","","","facility","both","","","","6159.74","6159.74","","","","","","","","","","","","","Gross Charge Type: Main Acute Price List"
"KIT, SURGICAL LEAD COVEREDGE 32 50CM 4X8","AngiWmSup63424","CDM","278","RC","C1778","HCPCS","","","facility","both","","","","36958.43","36958.43","","","","","","","","","","","","","Gross Charge Type: Main Acute Price List"
"KIT, SURGICAL PLANNING ACCUPLAN FOR MANDIBLE RECONSTRUCTION","DelrChSup110989","CDM","272","RC","","","","","facility","both","","","","43118.18","43118.18","","","","","","","","","","","","","Gross Charge Type: Main Acute Price List"
"KIT, SUTURETAK MINI BIOCOMPOSITE W NEEDLES","CcthChSup49668","CDM","278","RC","C1713","HCPCS","","","facility","both","","","","2170.08","2170.08","","","","","","","","","","","","","Gross Charge Type: Main Acute Price List"
"KIT, SYRINGE INJECTION CONTRAST 96IN 65ML 115ML CAPACITY T-SHAPE CONNECTOR LOW-PRESSURE W/CHECK VALVEX1","FcinMR118660","CDM","272","RC","","","","","facility","both","","","","101.08","101.08","","","","","","","","","","","","","Gross Charge Type: Main Acute Price List"
"KIT, SYRINGE INJECTION CONTRAST 96IN 65ML 115ML CAPACITY T-SHAPE CONNECTOR LOW-PRESSURE W/CHECK VALVEX1","Hccc31118660","CDM","272","RC","","","","","facility","both","","","","101.08","101.08","","","","","","","","","","","","","Gross Charge Type: Main Acute Price List"
"KIT, SYRINGE INJECTION CONTRAST 96IN 65ML 115ML CAPACITY T-SHAPE CONNECTOR LOW-PRESSURE W/CHECK VALVEX1","MiddUS118660","CDM","272","RC","","","","","facility","both","","","","101.08","101.08","","","","","","","","","","","","","Gross Charge Type: Main Acute Price List"
"KIT, SYRINGE INJECTION CONTRAST 96IN 65ML 115ML CAPACITY T-SHAPE CONNECTOR LOW-PRESSURE W/CHECK VALVEX1","ScanChSup118660","CDM","272","RC","","","","","facility","both","","","","101.08","101.08","","","","","","","","","","","","","Gross Charge Type: Main Acute Price List"
"KIT, SYSTEM NUCLEUS 8 SOUND PROCESSOR FOR NEW RECIPIENTS","GyscChSup118377","CDM","274","RC","L8692","HCPCS","","","facility","both","","","","54132.73","54132.73","","","","","","","","","","","","","Gross Charge Type: Main Acute Price List"
"KIT, TALAR FIT SURGICAL LOCKING","ScorWmSup45290","CDM","272","RC","","","","","facility","both","","","","3340.79","3340.79","","","","","","","","","","","","","Gross Charge Type: Main Acute Price List"
"KIT, TENODESIS GRAFT SIZING KIT W/FIBERLOOP SUTURE TAPE W/ NEEDLE","ScpuChSup113594","CDM","272","RC","","","","","facility","both","","","","1852.26","1852.26","","","","","","","","","","","","","Gross Charge Type: Main Acute Price List"
"KIT, TFCC FAST-FIX DELIVERY","GyscChSup76437","CDM","278","RC","","","","","facility","both","","","","3452.98","3452.98","","","","","","","","","","","","","Gross Charge Type: Main Acute Price List"
"KIT, TI FIBULINK SYNDESMOSIS REPAIR","ScorWmSup118707","CDM","278","RC","C1713","HCPCS","","","facility","both","","","","11980.7","11980.7","","","","","","","","","","","","","Gross Charge Type: Main Acute Price List"
"KIT, TRANSGASTRIC JEJUNAL SURGICAL 18FR 45CM ENFIT","GastChSup114031","CDM","272","RC","","","","","facility","both","","","","1878.74","1878.74","","","","","","","","","","","","","Gross Charge Type: Main Acute Price List"
"KIT, TRAUMA 8.5FR","CspuChSup103432","CDM","270","RC","","","","","facility","both","","","","115.09","115.09","","","","","","","","","","","","","Gross Charge Type: Main Acute Price List"
"KIT, TREROTOLA OTW PTD 7FR","AnesChSup109906","CDM","270","RC","","","","","facility","both","","","","1390.07","1390.07","","","","","","","","","","","","","Gross Charge Type: Main Acute Price List"
"KIT, TREROTOLA PTD 5FR","ScanWmSup109904","CDM","270","RC","","","","","facility","both","","","","4077.53","4077.53","","","","","","","","","","","","","Gross Charge Type: Main Acute Price List"
"KIT, TRETOLA THROMBOLYTIC DEV","GastWmSup5861","CDM","272","RC","C1757","HCPCS","","","facility","both","","","","4228.12","4228.12","","","","","","","","","","","","","Gross Charge Type: Main Acute Price List"
"KIT, TRIAL ACCESSORY","GastWmSup115659","CDM","272","RC","","","","","facility","both","","","","289.6","289.6","","","","","","","","","","","","","Gross Charge Type: Main Acute Price List"
"KIT, TRIAL LEAD 70CM W/5MM SPACING","GastChSup78540","CDM","278","RC","","","","","facility","both","","","","3079.87","3079.87","","","","","","","","","","","","","Gross Charge Type: Main Acute Price List"
"KIT, TRIAL LEAD 70CM W/5MM SPACING","GastWmSup78540","CDM","278","RC","","","","","facility","both","","","","3079.87","3079.87","","","","","","","","","","","","","Gross Charge Type: Main Acute Price List"
"KIT, TRILOGY PROBE 3.9MMX440MM W/STONE CATCHER","CspuChSup79688","CDM","272","RC","","","","","facility","both","","","","4804.6","4804.6","","","","","","","","","","","","","Gross Charge Type: Main Acute Price List"
"KIT, TRILOGY PROBE 3.9MMX440MM W/STONE CATCHER","ScanWmSup79688","CDM","272","RC","","","","","facility","both","","","","4804.6","4804.6","","","","","","","","","","","","","Gross Charge Type: Main Acute Price List"
"KIT, TUNNELING TOOL 30CM","ScanWmSup68422","CDM","272","RC","","","","","facility","both","","","","2606.38","2606.38","","","","","","","","","","","","","Gross Charge Type: Main Acute Price List"
"KIT, UNI BIO DISPOSABLE CUTTING SZ 17","PacuWmSup108571","CDM","278","RC","","","","","facility","both","","","","5543.76","5543.76","","","","","","","","","","","","","Gross Charge Type: Main Acute Price List"
"KIT, UNIVERS II DISP PIN","CspuChSup65368","CDM","272","RC","","","","","facility","both","","","","1592.79","1592.79","","","","","","","","","","","","","Gross Charge Type: Main Acute Price List"
"KIT, VASCULAR ACCESS AVALON ELITE","CspuChSup61679","CDM","272","RC","","","","","facility","both","","","","893.16","893.16","","","","","","","","","","","","","Gross Charge Type: Main Acute Price List"
"KIT, VASCULAR DILATOR","ScorChSup53876","CDM","272","RC","","","","","facility","both","","","","699.5","699.5","","","","","","","","","","","","","Gross Charge Type: Main Acute Price List"
"KIT, VENOUS DILATOR FOR PROTEKDUO","OperChSup117793","CDM","272","RC","","","","","facility","both","","","","1158.39","1158.39","","","","","","","","","","","","","Gross Charge Type: Main Acute Price List"
"KIT, VERSACROSS CONNECT LAAC ACCESS 230-P RF WIRE 85CM/D1","ScpuChSup114715","CDM","272","RC","","","","","facility","both","","","","6339.48","6339.48","","","","","","","","","","","","","Gross Charge Type: Main Acute Price List"
"KIT, VERSCROSS CONNECT ACCESS LAAC D1 180CM WIRE","GastChSup117682","CDM","272","RC","C1769","HCPCS","","","facility","both","","","","6744.91","6744.91","","","","","","","","","","","","","Gross Charge Type: Main Acute Price List"
"KIT, WAVE WRITER ALPHA PULSE GENERATOR","ScanWmSup118373","CDM","278","RC","C1820","HCPCS","","","facility","both","","","","100200.74","100200.74","","","","","","","","","","","","","Gross Charge Type: Main Acute Price List"
"KIT, WAVE WRITER IMPLANTABLE PULSE","OperWmSup113938","CDM","278","RC","C1820","HCPCS","","","facility","both","","","","219893.45","219893.45","","","","","","","","","","","","","Gross Charge Type: Main Acute Price List"
"KIT, WAVE WRITER IMPLANTABLE PULSE","ScanChSup113938","CDM","278","RC","C1820","HCPCS","","","facility","both","","","","219893.45","219893.45","","","","","","","","","","","","","Gross Charge Type: Main Acute Price List"
"KIT, XLIF DISP","ScanChSup36115","CDM","270","RC","","","","","facility","both","","","","3874.48","3874.48","","","","","","","","","","","","","Gross Charge Type: Main Acute Price List"
"KIT, Y-ADAPTER, LARGE BORE","AngiChSup104709","CDM","270","RC","","","","","facility","both","","","","64.62","64.62","","","","","","","","","","","","","Gross Charge Type: Main Acute Price List"
"KIT,BRIDGE ACCES WIRE SHEATH SYR STOPCOCK","GyscChSup66812","CDM","272","RC","","","","","facility","both","","","","1909.52","1909.52","","","","","","","","","","","","","Gross Charge Type: Main Acute Price List"
"KIT,DENVER ASCITES PC ACC SHN PAK DBL VLV15.5","GyscChSup64697","CDM","272","RC","","","","","facility","both","","","","11398.56","11398.56","","","","","","","","","","","","","Gross Charge Type: Main Acute Price List"
"KIT,ELITE COMPRESS IMPL DRILL 3.0 DRILL BIT","DelrChSup73686","CDM","272","RC","","","","","facility","both","","","","2700.43","2700.43","","","","","","","","","","","","","Gross Charge Type: Main Acute Price List"
"KIT,ELITE COMPRESS IMPL DRILL 3.0 DRILL BIT","ScpuChSup73686","CDM","272","RC","","","","","facility","both","","","","2700.43","2700.43","","","","","","","","","","","","","Gross Charge Type: Main Acute Price List"
"KIT,IMPLANT ELITE COMPRESSION STAPLES 4-L","ScanChSup73688","CDM","278","RC","","","","","facility","both","","","","14413.79","14413.79","","","","","","","","","","","","","Gross Charge Type: Main Acute Price List"
"KIT,MINI ACCESS SHEATH","AngiChSup790158","CDM","272","RC","C1894","HCPCS","","","facility","both","","","","294.58","294.58","","","","","","","","","","","","","Gross Charge Type: Main Acute Price List"
"KIT,MINI ACCESS SHEATH","OperChSup790158","CDM","272","RC","C1894","HCPCS","","","facility","both","","","","294.58","294.58","","","","","","","","","","","","","Gross Charge Type: Main Acute Price List"
"KIT,MINI-ACESS GUIDEWIRE","PacuWmSup790159","CDM","272","RC","C1769","HCPCS","","","facility","both","","","","11.23","11.23","","","","","","","","","","","","","Gross Charge Type: Main Acute Price List"
"KIT,MISSION CORE BIOPSY INSTRUM 18GX16CM","ScanChSup70706","CDM","272","RC","","","","","facility","both","","","","292.2","292.2","","","","","","","","","","","","","Gross Charge Type: Main Acute Price List"
"KIT,NAIL LG R1 0.5 TI RT 125-DEG 11X420","ScorChSup58918","CDM","278","RC","C1713","HCPCS","","","facility","both","","","","11993.76","11993.76","","","","","","","","","","","","","Gross Charge Type: Main Acute Price List"
"KIT,NAIL LONG R1 TI RT 125 DEG 11X340","GyscChSup61517","CDM","278","RC","C1713","HCPCS","","","facility","both","","","","11277.62","11277.62","","","","","","","","","","","","","Gross Charge Type: Main Acute Price List"
"KIT,NAIL LONG R1/5 TI LT 125 DEG 11X320","ScorWmSup58353","CDM","278","RC","","","","","facility","both","","","","11277.62","11277.62","","","","","","","","","","","","","Gross Charge Type: Main Acute Price List"
"KIT,NAIL LONG R1/5 TI LT 125 DEG 11X340","GastChSup58354","CDM","278","RC","","","","","facility","both","","","","11993.76","11993.76","","","","","","","","","","","","","Gross Charge Type: Main Acute Price List"
"KIT,NAIL LONG R1/5 TI LT 125 DEG 11X360","Chrs5458355","CDM","278","RC","C1713","HCPCS","","","facility","both","","","","11993.76","11993.76","","","","","","","","","","","","","Gross Charge Type: Main Acute Price List"
"KIT,NAIL LONG R1/5 TI LT 125 DEG 11X360","GastWmSup58355","CDM","278","RC","C1713","HCPCS","","","facility","both","","","","11993.76","11993.76","","","","","","","","","","","","","Gross Charge Type: Main Acute Price List"
"KIT,NAIL LONG R1/5 TI LT 125 DEG 11X380","ScanWmSup58356","CDM","278","RC","C1713","HCPCS","","","facility","both","","","","11277.62","11277.62","","","","","","","","","","","","","Gross Charge Type: Main Acute Price List"
"KIT,NAIL LONG R1/5 TI LT 125 DEG 11X420","GastWmSup58358","CDM","278","RC","","","","","facility","both","","","","11277.62","11277.62","","","","","","","","","","","","","Gross Charge Type: Main Acute Price List"
"KIT,OSTEOCOOL RF ABLATION DUAL PROBE 15MM","PacuChSup72365","CDM","272","RC","","","","","facility","both","","","","24330.97","24330.97","","","","","","","","","","","","","Gross Charge Type: Main Acute Price List"
"KIT,OSTEOCOOL RF ABLATION SINGLE PROBE 10MM","DelrChSup68508","CDM","272","RC","","","","","facility","both","","","","18171.23","18171.23","","","","","","","","","","","","","Gross Charge Type: Main Acute Price List"
"KIT,OSTEOCOOL RF ABLATION SINGLE PROBE 7MM","OperWmSup68507","CDM","272","RC","","","","","facility","both","","","","18171.23","18171.23","","","","","","","","","","","","","Gross Charge Type: Main Acute Price List"
"KIT,PORT ACC W POW LOC NDLE WO Y-S 20GX1.5I","Ccbc3064224","CDM","272","RC","","","","","facility","both","","","","78.84","78.84","","","","","","","","","","","","","Gross Charge Type: Main Acute Price List"
"KIT,PORT ACC W POW LOC NDLE WO Y-S 20GX1.5I","ScpuWmSup64224","CDM","272","RC","","","","","facility","both","","","","78.84","78.84","","","","","","","","","","","","","Gross Charge Type: Main Acute Price List"
"KIT,PORT ACC W POW LOC NDLE WO Y-S 20GX1I","Hccc3864223","CDM","272","RC","","","","","facility","both","","","","74.13","74.13","","","","","","","","","","","","","Gross Charge Type: Main Acute Price List"
"KIT,PORT ACC W POW LOC NDLE WO Y-S 20GX1I","S107US64223","CDM","272","RC","","","","","facility","both","","","","74.13","74.13","","","","","","","","","","","","","Gross Charge Type: Main Acute Price List"
"KIT,REPAIR TIGHTROPE SYNDESMOSIS KNOTLESS SS","CspuChSup71514","CDM","278","RC","C1713","HCPCS","","","facility","both","","","","7375.18","7375.18","","","","","","","","","","","","","Gross Charge Type: Main Acute Price List"
"KIT,REPAIR TIGHTROPE SYNDESMOSIS KNOTLS TI","OperChSup75186","CDM","278","RC","C1713","HCPCS","","","facility","both","","","","7375.18","7375.18","","","","","","","","","","","","","Gross Charge Type: Main Acute Price List"
"KIT,RIA 2 REAMING 520MM","PacuWmSup109183","CDM","278","RC","","","","","facility","both","","","","13797.82","13797.82","","","","","","","","","","","","","Gross Charge Type: Main Acute Price List"
"KIT,SYNCHRONY PATIENT SMALL","RadtEk36117","CDM","270","RC","","","","","facility","both","","","","3100.95","3100.95","","","","","","","","","","","","","Gross Charge Type: Main Acute Price List"
"KIT,WATCHMAN CLOSURE (3 CLOS/3 ACC DEV)","OperChSup65053","CDM","272","RC","","","","","facility","both","","","","98463.15","98463.15","","","","","","","","","","","","","Gross Charge Type: Main Acute Price List"
"KITTNER, ENDOSCOPIC","CcthChSup95153","CDM","270","RC","","","","","facility","both","","","","42.2","42.2","","","","","","","","","","","","","Gross Charge Type: Main Acute Price List"
"KNEE, CUTTING BLOCK FEMUR EFFICIENCY MYKNEE LT +3","ScanWmSup115386","CDM","272","RC","","","","","facility","both","","","","2176.21","2176.21","","","","","","","","","","","","","Gross Charge Type: Main Acute Price List"
"KNEE, PRIMARY GMK SPHERE W/CUTTING GUIDES","PacuChSup78580","CDM","278","RC","C1776","HCPCS","","","facility","both","","","","21559.08","21559.08","","","","","","","","","","","","","Gross Charge Type: Main Acute Price List"
"KNEE, PRIMARY GMK SPHERE","Chrs5468082","CDM","278","RC","","","","","facility","both","","","","21559.08","21559.08","","","","","","","","","","","","","Gross Charge Type: Main Acute Price List"
"KNEE, PRIMARY GMK SPHERE","CspuChSup68082","CDM","278","RC","","","","","facility","both","","","","21559.08","21559.08","","","","","","","","","","","","","Gross Charge Type: Main Acute Price List"
"KNEE, PRIMARY JOURNEY II OXI W/NP TIB CONTR INSERT","DelrChSup108893","CDM","278","RC","C1776","HCPCS","","","facility","both","","","","24638.96","24638.96","","","","","","","","","","","","","Gross Charge Type: Main Acute Price List"
"KNEE, PRIMARY JOURNEY","ScpuWmSup111704","CDM","278","RC","C1776","HCPCS","","","facility","both","","","","17375.85","17375.85","","","","","","","","","","","","","Gross Charge Type: Main Acute Price List"
"KNEE, PRIMARY NEXGEN CEM FEM/CEM TIB/FLX PRLG SURF/STD PAT","GastWmSup63251","CDM","278","RC","C1776","HCPCS","","","facility","both","","","","17375.85","17375.85","","","","","","","","","","","","","Gross Charge Type: Main Acute Price List"
"KNEE, PRIMARY NEXGEN CEM FLX FEM/CEM TIB/FLEX SURF/ XLPE PAT","ScpuWmSup63247","CDM","278","RC","C1776","HCPCS","","","facility","both","","","","19692.63","19692.63","","","","","","","","","","","","","Gross Charge Type: Main Acute Price List"
"KNEE, PRIMARY PERSONA CEM FEM/CEM TIB/CON POST STAB V E SUR/STD PT","AngiWmSup63284","CDM","278","RC","C1776","HCPCS","","","facility","both","","","","21559.08","21559.08","","","","","","","","","","","","","Gross Charge Type: Main Acute Price List"
"KNEE, PRIMARY PERSONA CEM FEM/CEM TIB/CON POST STAB V E SUR/STD PT","PacuChSup63284","CDM","278","RC","C1776","HCPCS","","","facility","both","","","","21559.08","21559.08","","","","","","","","","","","","","Gross Charge Type: Main Acute Price List"
"KNEE, PRIMARY PERSONA CEM FEM/NG TIB/PRLG SURF/VIVACIT E PAT","ScpuWmSup63276","CDM","278","RC","C1776","HCPCS","","","facility","both","","","","20862","20862","","","","","","","","","","","","","Gross Charge Type: Main Acute Price List"
"KNEE, PRIMARY PERSONA CEM NICKLE SENSITIVE","GastChSup107194","CDM","278","RC","C1776","HCPCS","","","facility","both","","","","25254.93","25254.93","","","","","","","","","","","","","Gross Charge Type: Main Acute Price List"
"KNEE, PRIMARY PERSONA CEMLESS TM FEM/TM TB/STD SURF/STD PT","Chrs5463287","CDM","278","RC","C1776","HCPCS","","","facility","both","","","","23407.01","23407.01","","","","","","","","","","","","","Gross Charge Type: Main Acute Price List"
"KNEE, PRIMARY PSN TM FEM/TM TIB/MC VE/STD PAT","CspuChSup113247","CDM","278","RC","C1776","HCPCS","","","facility","both","","","","23407.01","23407.01","","","","","","","","","","","","","Gross Charge Type: Main Acute Price List"
"KNEE, PRIMARY PSN TM FEM/TM TIB/MC VE/STD PAT","GastChSup113247","CDM","278","RC","C1776","HCPCS","","","facility","both","","","","23407.01","23407.01","","","","","","","","","","","","","Gross Charge Type: Main Acute Price List"
"KNEE,PRIM JOURNEY II BCS COCR FEM NP TIB","GastChSup67104","CDM","278","RC","C1776","HCPCS","","","facility","both","","","","17375.85","17375.85","","","","","","","","","","","","","Gross Charge Type: Main Acute Price List"
"KNEE,PRIM JOURNEY II CR OXI VERILAST NP TIB","Chrs5467105","CDM","278","RC","","","","","facility","both","","","","26063.77","26063.77","","","","","","","","","","","","","Gross Charge Type: Main Acute Price List"
"KNEE,PRIM JOURNEY II CR OXI VERILAST NP TIB","OperChSup67105","CDM","278","RC","","","","","facility","both","","","","26063.77","26063.77","","","","","","","","","","","","","Gross Charge Type: Main Acute Price List"
"KNEE,PRIM JOURNEY II CR OXI VERILAST NP TIB","ScpuChSup67105","CDM","278","RC","","","","","facility","both","","","","26063.77","26063.77","","","","","","","","","","","","","Gross Charge Type: Main Acute Price List"
"KNEE,PRIM NEXGEN LPS-FLEX TIVANIUM SZ E RT","DelrChSup63904","CDM","278","RC","C1776","HCPCS","","","facility","both","","","","23747","23747","","","","","","","","","","","","","Gross Charge Type: Main Acute Price List"
"KNIFE, ARACHNOID PENETRATOR LONG DISP 8.5","ScanChSup26047","CDM","270","RC","","","","","facility","both","","","","1077.96","1077.96","","","","","","","","","","","","","Gross Charge Type: Main Acute Price List"
"KNIFE, ARACHNOID PENETRATOR SHORT DISP 5.5","OperChSup26046","CDM","270","RC","","","","","facility","both","","","","1077.96","1077.96","","","","","","","","","","","","","Gross Charge Type: Main Acute Price List"
"KNIFE, ARACHNOID PENETRATOR SHORT DISP 5.5","ScpuChSup26046","CDM","270","RC","","","","","facility","both","","","","1077.96","1077.96","","","","","","","","","","","","","Gross Charge Type: Main Acute Price List"
"KNIFE, ARACHNOID PENETRATOR SHORT DISP 5.5","Wilm5426046","CDM","270","RC","","","","","facility","both","","","","1077.96","1077.96","","","","","","","","","","","","","Gross Charge Type: Main Acute Price List"
"KNIFE, ARACHNOID SIDECUTTING LONG DISP 8.5","ScorWmSup26051","CDM","270","RC","","","","","facility","both","","","","1077.96","1077.96","","","","","","","","","","","","","Gross Charge Type: Main Acute Price List"
"KNIFE, ARACHNOID SIDECUTTING SHORT DISP 5.5","OperChSup26050","CDM","270","RC","","","","","facility","both","","","","1077.96","1077.96","","","","","","","","","","","","","Gross Charge Type: Main Acute Price List"
"KNIFE, BAYONET","ScorWmSup118848","CDM","272","RC","","","","","facility","both","","","","923.96","923.96","","","","","","","","","","","","","Gross Charge Type: Main Acute Price List"
"KNIFE, NEEDLE CYSTOENTEROSTOMY CYSTOTOME","ScorChSup66017","CDM","272","RC","","","","","facility","both","","","","2685.65","2685.65","","","","","","","","","","","","","Gross Charge Type: Main Acute Price List"
"KNIFE, SLIT SUPERSHARP 3.0MM","ScorChSup67001","CDM","272","RC","","","","","facility","both","","","","23.17","23.17","","","","","","","","","","","","","Gross Charge Type: Main Acute Price List"
"KNIFE, STRAIGHT COLD","GastWmSup206210","CDM","270","RC","","","","","facility","both","","","","3311.48","3311.48","","","","","","","","","","","","","Gross Charge Type: Main Acute Price List"
"KNOT, PUSHER","ScpuChSup37206","CDM","270","RC","","","","","facility","both","","","","978.84","978.84","","","","","","","","","","","","","Gross Charge Type: Main Acute Price List"
"KWIRE , 2.5X150MM","AnesWmSup78947","CDM","272","RC","","","","","facility","both","","","","184.79","184.79","","","","","","","","","","","","","Gross Charge Type: Main Acute Price List"
"KWIRE , 2.5X150MM","DelrChSup78947","CDM","272","RC","","","","","facility","both","","","","184.79","184.79","","","","","","","","","","","","","Gross Charge Type: Main Acute Price List"
"KWIRE , 2.5X150MM","OperWmSup78947","CDM","272","RC","","","","","facility","both","","","","184.79","184.79","","","","","","","","","","","","","Gross Charge Type: Main Acute Price List"
"KWIRE TROCAR TIP 1.6MMX229MM","OperWmSup118789","CDM","278","RC","C1713","HCPCS","","","facility","both","","","","369.59","369.59","","","","","","","","","","","","","Gross Charge Type: Main Acute Price List"
"KWIRE,  3X285MM","OperWmSup79651","CDM","272","RC","","","","","facility","both","","","","651.95","651.95","","","","","","","","","","","","","Gross Charge Type: Main Acute Price List"
"KWIRE,  3X285MM","ScpuWmSup79651","CDM","272","RC","","","","","facility","both","","","","651.95","651.95","","","","","","","","","","","","","Gross Charge Type: Main Acute Price List"
"KWIRE, 1.1X100MM","ScanWmSup107719","CDM","270","RC","","","","","facility","both","","","","154","154","","","","","","","","","","","","","Gross Charge Type: Main Acute Price List"
"KWIRE, 1.1X150MM","ScanChSup118023","CDM","278","RC","C1713","HCPCS","","","facility","both","","","","338.78","338.78","","","","","","","","","","","","","Gross Charge Type: Main Acute Price List"
"KWIRE, 1.2X150MM","OperWmSup67331","CDM","278","RC","C1713","HCPCS","","","facility","both","","","","184.79","184.79","","","","","","","","","","","","","Gross Charge Type: Main Acute Price List"
"KWIRE, 1.6X150MM","DelrChSup76971","CDM","278","RC","C1713","HCPCS","","","facility","both","","","","154","154","","","","","","","","","","","","","Gross Charge Type: Main Acute Price List"
"KWIRE, DARTFIRE 1.4X150MM EDGE CANN SYS STERILE","CcthChSup118435","CDM","278","RC","C1713","HCPCS","","","facility","both","","","","188.24","188.24","","","","","","","","","","","","","Gross Charge Type: Main Acute Price List"
"KWIRE, DARTFIRE 1.4X150MM EDGE CANN SYS STERILE","DelrChSup118435","CDM","278","RC","C1713","HCPCS","","","facility","both","","","","188.24","188.24","","","","","","","","","","","","","Gross Charge Type: Main Acute Price List"
"KWIRE, DARTFIRE 1.4X150MM EDGE CANN SYS STERILE","EplbChSup118435","CDM","278","RC","C1713","HCPCS","","","facility","both","","","","188.24","188.24","","","","","","","","","","","","","Gross Charge Type: Main Acute Price List"
"KWIRE, DARTFIRE 1.4X150MM EDGE CANN SYS STERILE","ScpuWmSup118435","CDM","278","RC","C1713","HCPCS","","","facility","both","","","","188.24","188.24","","","","","","","","","","","","","Gross Charge Type: Main Acute Price List"
"KWIRE, DEPTH GAUGE 1.1MM","AnesChSup118027","CDM","278","RC","C1713","HCPCS","","","facility","both","","","","3049.07","3049.07","","","","","","","","","","","","","Gross Charge Type: Main Acute Price List"
"KWIRE, NON-THREADED 1.20MM","EplbChSup107754","CDM","272","RC","","","","","facility","both","","","","227.91","227.91","","","","","","","","","","","","","Gross Charge Type: Main Acute Price List"
"KWIRE, NON-THREADED 3.0MM","OperChSup76865","CDM","272","RC","","","","","facility","both","","","","227.91","227.91","","","","","","","","","","","","","Gross Charge Type: Main Acute Price List"
"KWIRE, OLIVE SMOOTH 1.4MM","CcthChSup73210","CDM","278","RC","C1713","HCPCS","","","facility","both","","","","492.78","492.78","","","","","","","","","","","","","Gross Charge Type: Main Acute Price List"
"KWIRE, OLIVE TIP","CLDRChSup69501","CDM","272","RC","","","","","facility","both","","","","569.78","569.78","","","","","","","","","","","","","Gross Charge Type: Main Acute Price List"
"KWIRE, THREADED 1.6MM","ScpuChSup66242","CDM","278","RC","C1713","HCPCS","","","facility","both","","","","183.51","183.51","","","","","","","","","","","","","Gross Charge Type: Main Acute Price List"
"KWIRELESS, 40MM RELINE STYCETT","ScorWmSup121452","CDM","272","RC","","","","","facility","both","","","","2464.48","2464.48","","","","","","","","","","","","","Gross Charge Type: Main Acute Price List"
"Ketorolac tromethamine inj","0764","APC","","","","","","","facility","outpatient","","","","","","Aetna","All Commercial Plans","","","[OP Surgery  (%BC): 86.5] [Observation (%BC): 86.5] [Emergency Department (%BC): 86.5] [Radiology Fee Schedule: FEE SCHEDULE] [Laboratory Fee Schedule: FEE SCHEDULE] [Occupational Therapy (%BC): 86.5] [Physical Therapy (%BC): 86.5] [Respiratory Services/Therapy  (%BC): 86.5] [Speech Therapy (%BC): 86.5] [All Other OP (%BC): 86.5]","","","","0","other","","","No services performed during 15-month lookback period."
"Ketorolac tromethamine inj","J1885","HCPCS","","","","","","","facility","outpatient","","","","","","Aetna","All Commercial Plans","0.42","","","","","","","fee schedule","0.29","0.91","Radiology"
"Ketorolac tromethamine inj","J1885","HCPCS","","","","","","","facility","outpatient","","","","","","Bcbs","Highmark Medicare Managed Care Plan","0.29","","","","","","","fee schedule","0.29","0.91","APC"
"Kidney And Ureter Procedures For Neoplasm With Cc","657","MS-DRG","","","","","","","facility","inpatient","","","","","","Bcbs","Highmark Health Options Medicare Managed Care Plan","","","[MSDRG Base Rate: FEE SCHEDULE]","","","","0","other","","","No services performed during 15-month lookback period."
"Kidney And Ureter Procedures For Neoplasm With Mcc","656","MS-DRG","","","","","","","facility","inpatient","","","","","","Healthspring","Medicare Managed Care Plan","28742.88","","","","","","","fee schedule","27305.74","74819.3","MSDRG Base Rate"
"Kidney And Ureter Procedures For Neoplasm Without Cc/Mcc","658","MS-DRG","","","","","","","facility","inpatient","","","","","","Jefferson Health Plan","Health Partners Medicaid Managed Care/Aca Plan","","","[Inpatient Services: Payer leverages state specific Medicaid payment methodology. Available, referenceable algorithm logic found here: https://www.pa.gov/agencies/dhs/resources/for-providers] [MSDRG Base Rate: FEE SCHEDULE]","","","","0","other","","","No services performed during 15-month lookback period."
"Kidney And Ureter Procedures For Non-Neoplasm With Cc","660","MS-DRG","","","","","","","facility","inpatient","","","","","","Bcbs","Highmark Health Options Medicare Managed Care Plan","12509.07","","","","","","","fee schedule","11593.77","31059.95","MSDRG Base Rate"
"Kidney And Ureter Procedures For Non-Neoplasm With Mcc","659","MS-DRG","","","","","","","facility","inpatient","","","","","","Bcbs","Highmark Medicare Managed Care Plan","21881.09","","","","","","","fee schedule","21881.09","59711.15","MSDRG Base Rate"
"Kidney And Ureter Procedures For Non-Neoplasm With Mcc","659","MS-DRG","","","","","","","facility","inpatient","","","","","","Bcbs","Highmark Wholecare Medicare Managed Care Plan","25336","","","","","","","fee schedule","21881.09","59711.15","MSDRG Base Rate"
"Kidney And Ureter Procedures For Non-Neoplasm Without Cc/Mcc","661","MS-DRG","","","","","","","facility","inpatient","","","","","","Jefferson Health Plan","Health Partners Medicare Managed Care Plan","","","[MSDRG Base Rate: FEE SCHEDULE]","","","","0","other","","","No services performed during 15-month lookback period."
"Kidney And Urinary Tract Infections With Mcc","689","MS-DRG","","","","","","","facility","inpatient","","","","","","Aetna - Nj","Better Health Medicaid Managed Care Plan","","","[Inpatient Services: Payer leverages state specific Medicaid payment methodology. Available, referenceable algorithm logic found here: https://www.nj.gov/health/hcf/]","","","","0","other","","","No services performed during 15-month lookback period."
"Kidney And Urinary Tract Infections With Mcc","689","MS-DRG","","","","","","","facility","inpatient","","","","","","Ambetter","All Commercial Plans","","91","","","","","0","percent of total billed charges","","","No services performed during 15-month lookback period."
"Kidney And Urinary Tract Infections Without Mcc","690","MS-DRG","","","","","","","facility","inpatient","","","","","","Bcbs","Highmark Wholecare Medicaid Managed Care Plan","","","[Inpatient Services: Payer leverages state specific Medicaid payment methodology. Available, referenceable algorithm logic found here: https://www.pa.gov/agencies/dhs/resources/for-providers]","","","","0","other","","","No services performed during 15-month lookback period."
"Kidney And Urinary Tract Infections Without Mcc","690","MS-DRG","","","","","","","facility","inpatient","","","","","","Bcbs","Highmark Wholecare Medicare Managed Care Plan","","","[MSDRG Base Rate: FEE SCHEDULE]","","","","0","other","","","No services performed during 15-month lookback period."
"Kidney And Urinary Tract Signs And Symptoms With Mcc","695","MS-DRG","","","","","","","facility","inpatient","","","","","","First Health","Delaware Medicaid Managed Care Plan","","","[Inpatient Services: Payer leverages state specific Medicaid payment methodology. Available, referenceable algorithm logic found here: https://medicaidpublications.dhss.delaware.gov/docs/search]","","","","0","other","","","No services performed during 15-month lookback period."
"Kidney And Urinary Tract Signs And Symptoms Without Mcc","696","MS-DRG","","","","","","","facility","inpatient","","","","","","Wellcare","Medicare Managed Care Plan","","","[MSDRG Base Rate: FEE SCHEDULE]","","","","0","other","","","No services performed during 15-month lookback period."
"Kidney Transplant With Hemodialysis With Mcc","650","MS-DRG","","","","","","","facility","inpatient","","","","","","Jefferson Health Plan","Health Partners Medicaid Managed Care/Aca Plan","110482.9","","","","","","","fee schedule","40110.9","110482.9",""
"Kidney endoscopy & biopsy","50555","HCPCS","","","","","","","facility","outpatient","","","","","","Healthspring","Medicare Managed Care Plan","10229.74","","","","","","","fee schedule","9718.25","30689.22","APC"
"Kidney endoscopy & biopsy","50574","HCPCS","","","","","","","facility","outpatient","","","","","","Bcbs","Highmark Medicare Managed Care Plan","3618.74","","","","","","","fee schedule","3618.74","11427.6","APC"
"Kidney endoscopy","50551","HCPCS","","","","","","","facility","outpatient","","","","","","Amerihealth","Caritas Next Other Commercial Plan","9270.59","","","","","","","fee schedule","5504.41","17382.35","Radiology"
"Kidney endoscopy","50551","HCPCS","","","","","","","facility","outpatient","","","","","","Amerihealth","Medicare Managed Care Plan","6257.65","","","","","","","fee schedule","5504.41","17382.35","APC"
"Kidney function study","78725","HCPCS","","","","","","","facility","outpatient","","","","","","Unitedhealthcare","All Commercial Plans","673.73","","","","","","","fee schedule","410.4","1296.01",""
"Kidney imaging with flow","78701","HCPCS","","","","","","","facility","outpatient","","","","","","Bcbs","Highmark Medicare Managed Care Plan","410.4","","","","","","","fee schedule","410.4","1296.01","APC"
"Kit gene analys d816 variant","81273","HCPCS","","","","","","","facility","outpatient","","","","","","First Health","Delaware Medicaid Managed Care Plan","137.36","","","","","","","fee schedule","81.17","374.61","Laboratory"
"Klhl11 antb sr/csf asy qual","0432U","HCPCS","","","","","","","facility","outpatient","","","","","","Bcbs","Highmark All Commercial Plans","53.96","","","","","","","fee schedule","34.74","109.71","Radiology"
"Knee Procedures Without Principal Diagnosis Of Infection With Cc/Mcc","488","MS-DRG","","","","","","","facility","inpatient","","","","","","Healthspring","Medicare Managed Care Plan","","","[MSDRG Base Rate: FEE SCHEDULE]","","","","0","other","","","No services performed during 15-month lookback period."
"Knee arthroscopy/surgery","29850","HCPCS","","","","","","","facility","outpatient","","","","","","Aetna","All Commercial Plans","2432.7","","","","","","","fee schedule","1650.76","5212.93","Radiology"
"Knee arthroscopy/surgery","29873","HCPCS","","","","","","","facility","outpatient","","","","","","Jefferson Health Plan","Health Partners Medicare Managed Care Plan","3712.61","","","","","","","fee schedule","3359.03","10607.46","APC"
"Knee arthroscopy/surgery","29876","HCPCS","","","","","","","facility","outpatient","","","","","","Healthspring","Medicare Managed Care Plan","3535.82","","","","","","","fee schedule","3359.03","10607.46","APC"
"Knee arthroscopy/surgery","29880","HCPCS","","","","","","","facility","outpatient","","","","","","Bcbs","Highmark Health Options Medicare Managed Care Plan","3624.22","","","","","","","fee schedule","3359.03","10607.46","APC"
"Knee arthroscopy/surgery","29882","HCPCS","","","","","","","facility","outpatient","","","","","","Bcbs","Highmark Wholecare Medicare Managed Care Plan","3889.4","","","","","","","fee schedule","3359.03","10607.46","APC"
"Knee arthroscopy/surgery","29885","HCPCS","","","","","","","facility","outpatient","","","","","","Bcbs","Highmark Health Options Medicare Managed Care Plan","8037.31","","","","","","","fee schedule","7449.22","23523.84","APC"
"Knee arthroscopy/surgery","29887","HCPCS","","","","","","","facility","outpatient","","","","","","Healthspring","Medicare Managed Care Plan","7841.28","","","","","","","fee schedule","7449.22","23523.84","APC"
"Knee arthroscopy/surgery","29888","HCPCS","","","","","","","facility","outpatient","","","","","","Aetna","Medicare Managed Care Plan","8076.52","","","","","","","fee schedule","7449.22","23523.84","APC"
"Kras gene addl variants","81276","HCPCS","","","","","","","facility","outpatient","","","","","","Ambetter","All Commercial Plans","289.88","","","","","","","fee schedule","125.61","579.75","Radiology"
"Kyphectomy 1-2 segments","22818","HCPCS","","","","","","","facility","outpatient","","","","","","Bcbs","Highmark Medicare Managed Care Plan","18000.18","","","","","","","fee schedule","18000.18","56842.69","APC"
"L-PLATE, 2X2 LEFT","OperWmSup121212","CDM","278","RC","C1713","HCPCS","","","facility","both","","","","608.15","608.15","","","","","","","","","","","","","Gross Charge Type: Main Acute Price List"
"L-PLATE, 4X6MM LONG RT","ScanChSup113869","CDM","278","RC","C1713","HCPCS","","","facility","both","","","","895.64","895.64","","","","","","","","","","","","","Gross Charge Type: Main Acute Price List"
"L-PLATE, LCP 2-HOLE  2.7MM RT","PacuWmSup107661","CDM","278","RC","C1713","HCPCS","","","facility","both","","","","2236.73","2236.73","","","","","","","","","","","","","Gross Charge Type: Main Acute Price List"
"L-PLATE, LONG 3X3 HOLE LT","OperWmSup119131","CDM","278","RC","C1713","HCPCS","","","facility","both","","","","637.11","637.11","","","","","","","","","","","","","Gross Charge Type: Main Acute Price List"
"L-PLATE, THICK 6X6 HOLE 1.0MM","AngiChSup118200","CDM","278","RC","C1713","HCPCS","","","facility","both","","","","573.4","573.4","","","","","","","","","","","","","Gross Charge Type: Main Acute Price List"
"L-PLATE, TI W/TAB UNI 6X4 HOLE 32MM","AngiWmSup113918","CDM","278","RC","C1713","HCPCS","","","facility","both","","","","1052.5","1052.5","","","","","","","","","","","","","Gross Charge Type: Main Acute Price List"
"L-PLATE, TI W/TAB UNI 6X4 HOLE 32MM","ScanChSup113918","CDM","278","RC","C1713","HCPCS","","","facility","both","","","","1052.5","1052.5","","","","","","","","","","","","","Gross Charge Type: Main Acute Price List"
"L/s ratio fetal lung","83661","HCPCS","","","","","","","facility","outpatient","","","","","","Amerihealth","Caritas Next Other Commercial Plan","21.99","","","","","","","fee schedule","14.29","65.97","Laboratory"
"LAMICTAL","ChemSN1534","CDM","301","RC","80175","HCPCS","","","facility","both","","","","127.77","127.77","","","","","","","","","","","","","Gross Charge Type: Acute Discounted"
"LARYNGECTOMY TUBE","SphrCh1520","CDM","270","RC","","","","","facility","both","","","","378.8","378.8","","","","","","","","","","","","","Gross Charge Type: Main Acute Price List"
"LARYNGECTOMY TUBE","SphrRh1520","CDM","270","RC","","","","","facility","both","","","","378.8","378.8","","","","","","","","","","","","","Gross Charge Type: Main Acute Price List"
"LASER,MACHINE TIME ADDITIONAL 30 MINUTES","GastCh888985","CDM","360","RC","","","","","facility","both","","","","800.92","800.92","","","","","","","","","","","","","Gross Charge Type: Main Acute Price List"
"LEAD EPSILA EV 152","AngiChSup10195219","CDM","278","RC","C1896","HCPCS","","","facility","both","","","","31477.6","31477.6","","","","","","","","","","","","","Gross Charge Type: Main Acute Price List"
"LEAD LOCKING DEVICES, LLD#2","PacuChSup214432","CDM","272","RC","C1773","HCPCS","","","facility","both","","","","3282.11","3282.11","","","","","","","","","","","","","Gross Charge Type: Main Acute Price List"
"LEAD RELIANCE 4 FRONT DEFIBR DF4 0662","AnesChSup77373","CDM","278","RC","C1895","HCPCS","","","facility","both","","","","16796.66","16796.66","","","","","","","","","","","","","Gross Charge Type: Main Acute Price List"
"LEAD RELIANCE 4 FRONT DEFIBR DF4 0673","OperWmSup77377","CDM","278","RC","C1895","HCPCS","","","facility","both","","","","17863.24","17863.24","","","","","","","","","","","","","Gross Charge Type: Main Acute Price List"
"LEAD RELIANCE 4 FRONT DEFIBR DF4 0673","ScpuChSup77377","CDM","278","RC","C1895","HCPCS","","","facility","both","","","","17863.24","17863.24","","","","","","","","","","","","","Gross Charge Type: Main Acute Price List"
"LEAD VECTRIS SURESCAN 90CM 977A290","EplbChSup56456","CDM","278","RC","C1778","HCPCS","","","facility","both","","","","15091.36","15091.36","","","","","","","","","","","","","Gross Charge Type: Main Acute Price List"
"LEAD VECTRIS SURESCAN 90CM 977A290","ScanChSup56456","CDM","278","RC","C1778","HCPCS","","","facility","both","","","","15091.36","15091.36","","","","","","","","","","","","","Gross Charge Type: Main Acute Price List"
"LEAD, ACTIVE FIX 45 POLY","CspuChSup8312","CDM","278","RC","C1898","HCPCS","","","facility","both","","","","2402.3","2402.3","","","","","","","","","","","","","Gross Charge Type: Main Acute Price List"
"LEAD, ACTIVE FIX 45 POLY","OperChSup8312","CDM","278","RC","C1898","HCPCS","","","facility","both","","","","2402.3","2402.3","","","","","","","","","","","","","Gross Charge Type: Main Acute Price List"
"LEAD, ACTIVE FIX 52 POLY","ScorChSup8314","CDM","278","RC","C1898","HCPCS","","","facility","both","","","","2402.3","2402.3","","","","","","","","","","","","","Gross Charge Type: Main Acute Price List"
"LEAD, ACUITY X4 QUADRIPOLAR 86CM 4671","GastWmSup66452","CDM","278","RC","C1900","HCPCS","","","facility","both","","","","10163.56","10163.56","","","","","","","","","","","","","Gross Charge Type: Main Acute Price List"
"LEAD, ACUITY X4 QUADRIPOLAR 86CM 4674","ScpuChSup66453","CDM","278","RC","C1900","HCPCS","","","facility","both","","","","10163.56","10163.56","","","","","","","","","","","","","Gross Charge Type: Main Acute Price List"
"LEAD, ACUITY X4 QUADRIPOLAR 95CM 4672","AngiWmSup66455","CDM","278","RC","C1900","HCPCS","","","facility","both","","","","10163.56","10163.56","","","","","","","","","","","","","Gross Charge Type: Main Acute Price List"
"LEAD, ACUITY X4 QUADRIPOLAR 95CM 4672","DelrChSup66455","CDM","278","RC","C1900","HCPCS","","","facility","both","","","","10163.56","10163.56","","","","","","","","","","","","","Gross Charge Type: Main Acute Price List"
"LEAD, ACUITY X4 QUADRIPOLAR 95CM 4672","PacuWmSup66455","CDM","278","RC","C1900","HCPCS","","","facility","both","","","","10163.56","10163.56","","","","","","","","","","","","","Gross Charge Type: Main Acute Price List"
"LEAD, ACUITY X4 QUADRIPOLAR 95CM 4678","CspuChSup66457","CDM","278","RC","C1900","HCPCS","","","facility","both","","","","9556.72","9556.72","","","","","","","","","","","","","Gross Charge Type: Main Acute Price List"
"LEAD, ACUITY X4 QUADRIPOLAR 95CM 4678","DelrChSup66457","CDM","278","RC","C1900","HCPCS","","","facility","both","","","","9556.72","9556.72","","","","","","","","","","","","","Gross Charge Type: Main Acute Price List"
"LEAD, ACUITY X4 QUADRIPOLAR 95CM 4678","ScanChSup66457","CDM","278","RC","C1900","HCPCS","","","facility","both","","","","9556.72","9556.72","","","","","","","","","","","","","Gross Charge Type: Main Acute Price List"
"LEAD, ATTAIN ABILITY PLUS 4296-88","Chrs5448540","CDM","278","RC","C1900","HCPCS","","","facility","both","","","","9058.5","9058.5","","","","","","","","","","","","","Gross Charge Type: Main Acute Price List"
"LEAD, ATTAIN ABILITY PLUS 4296-88","PacuWmSup48540","CDM","278","RC","C1900","HCPCS","","","facility","both","","","","9058.5","9058.5","","","","","","","","","","","","","Gross Charge Type: Main Acute Price List"
"LEAD, ATTAIN PERFORMA QUAD 439888","CspuChSup61526","CDM","272","RC","C1900","HCPCS","","","facility","both","","","","11004.71","11004.71","","","","","","","","","","","","","Gross Charge Type: Main Acute Price List"
"LEAD, ATTAIN PERFORMA QUAD 459888","ScorWmSup61528","CDM","278","RC","C1900","HCPCS","","","facility","both","","","","11703.51","11703.51","","","","","","","","","","","","","Gross Charge Type: Main Acute Price List"
"LEAD, ATTAIN PERFORMA QUAD 459888","ScpuWmSup61528","CDM","278","RC","C1900","HCPCS","","","facility","both","","","","11703.51","11703.51","","","","","","","","","","","","","Gross Charge Type: Main Acute Price List"
"LEAD, CAPSURE FIX 4076-52","ScpuWmSup24617","CDM","278","RC","C1898","HCPCS","","","facility","both","","","","2463.9","2463.9","","","","","","","","","","","","","Gross Charge Type: Main Acute Price List"
"LEAD, CAPSURE FIX 4076-58","ScorWmSup24616","CDM","278","RC","C1898","HCPCS","","","facility","both","","","","2463.9","2463.9","","","","","","","","","","","","","Gross Charge Type: Main Acute Price List"
"LEAD, CAPSURE FIX NOVUS 407665","GyscChSup48252","CDM","272","RC","C1898","HCPCS","","","facility","both","","","","2316.78","2316.78","","","","","","","","","","","","","Gross Charge Type: Main Acute Price List"
"LEAD, CAPSURE SENSE 407452","Wilm5448248","CDM","272","RC","C1898","HCPCS","","","facility","both","","","","2463.9","2463.9","","","","","","","","","","","","","Gross Charge Type: Main Acute Price List"
"LEAD, CAPSURE SENSE 407458","CcthChSup48249","CDM","272","RC","C1898","HCPCS","","","facility","both","","","","2463.9","2463.9","","","","","","","","","","","","","Gross Charge Type: Main Acute Price List"
"LEAD, CAPSURE SENSE 407458","GastChSup48249","CDM","272","RC","C1898","HCPCS","","","facility","both","","","","2463.9","2463.9","","","","","","","","","","","","","Gross Charge Type: Main Acute Price List"
"LEAD, CONNECT QUAD PSA TO IS4","CspuChSup63015","CDM","278","RC","C1778","HCPCS","","","facility","both","","","","923.96","923.96","","","","","","","","","","","","","Gross Charge Type: Main Acute Price List"
"LEAD, CONNECT QUAD PSA TO IS4","ScorChSup63015","CDM","278","RC","C1778","HCPCS","","","facility","both","","","","923.96","923.96","","","","","","","","","","","","","Gross Charge Type: Main Acute Price List"
"LEAD, DURATA ICD DF-4 PASS TBP DU SH 7171Q/65","ScanChSup48145","CDM","272","RC","C1895","HCPCS","","","facility","both","","","","17863.24","17863.24","","","","","","","","","","","","","Gross Charge Type: Main Acute Price List"
"LEAD, EPICARDIAL BIPOLAR","Wilm5438822","CDM","278","RC","C1898","HCPCS","","","facility","both","","","","2463.9","2463.9","","","","","","","","","","","","","Gross Charge Type: Main Acute Price List"
"LEAD, EXTENSION 8-CHANNEL 30CM","AngiWmSup59150","CDM","278","RC","C1883","HCPCS","","","facility","both","","","","5512.97","5512.97","","","","","","","","","","","","","Gross Charge Type: Main Acute Price List"
"LEAD, EXTENSION 8-CHANNEL 30CM","PacuChSup59150","CDM","278","RC","C1883","HCPCS","","","facility","both","","","","5512.97","5512.97","","","","","","","","","","","","","Gross Charge Type: Main Acute Price List"
"LEAD, EXTENSION AXIUM 50CM","PacuWmSup68434","CDM","278","RC","C1883","HCPCS","","","facility","both","","","","4430.84","4430.84","","","","","","","","","","","","","Gross Charge Type: Main Acute Price List"
"LEAD, INGEVITY MRI ACTIVE 59CM STR","AngiWmSup67242","CDM","278","RC","C1898","HCPCS","","","facility","both","","","","2402.3","2402.3","","","","","","","","","","","","","Gross Charge Type: Main Acute Price List"
"LEAD, INGEVITY MRI ACTIVE 59CM STR","ScorChSup67242","CDM","278","RC","C1898","HCPCS","","","facility","both","","","","2402.3","2402.3","","","","","","","","","","","","","Gross Charge Type: Main Acute Price List"
"LEAD, INGEVITY MRI PASSIVE 45CM FORMED J","Chrs5467238","CDM","278","RC","C1898","HCPCS","","","facility","both","","","","2402.3","2402.3","","","","","","","","","","","","","Gross Charge Type: Main Acute Price List"
"LEAD, INGEVITY MRI PASSIVE 45CM FORMED J","GastChSup67238","CDM","278","RC","C1898","HCPCS","","","facility","both","","","","2402.3","2402.3","","","","","","","","","","","","","Gross Charge Type: Main Acute Price List"
"LEAD, INGEVITY MRI PASSIVE 45CM FORMED J","ScanWmSup67238","CDM","278","RC","C1898","HCPCS","","","facility","both","","","","2402.3","2402.3","","","","","","","","","","","","","Gross Charge Type: Main Acute Price List"
"LEAD, INGEVITY MRI PASSIVE 52CM FORMED J","GyscChSup67239","CDM","278","RC","C1898","HCPCS","","","facility","both","","","","2402.3","2402.3","","","","","","","","","","","","","Gross Charge Type: Main Acute Price List"
"LEAD, INGEVITY MRI PASSIVE 52CM FORMED J","ScpuWmSup67239","CDM","278","RC","C1898","HCPCS","","","facility","both","","","","2402.3","2402.3","","","","","","","","","","","","","Gross Charge Type: Main Acute Price List"
"LEAD, INGEVITY MRI PASSIVE 52CM STR","ScanWmSup67236","CDM","278","RC","C1898","HCPCS","","","facility","both","","","","2258.86","2258.86","","","","","","","","","","","","","Gross Charge Type: Main Acute Price List"
"LEAD, INGEVITY MRI PASSIVE 52CM STR","Wilm3167236","CDM","278","RC","C1898","HCPCS","","","facility","both","","","","2258.86","2258.86","","","","","","","","","","","","","Gross Charge Type: Main Acute Price List"
"LEAD, INGEVITY MRI PASSIVE 59CM STR","CcthChSup67237","CDM","278","RC","C1898","HCPCS","","","facility","both","","","","2402.3","2402.3","","","","","","","","","","","","","Gross Charge Type: Main Acute Price List"
"LEAD, INGEVITY PLUS 45CM X 3","AngiWmSup106418","CDM","278","RC","C1898","HCPCS","","","facility","both","","","","2402.3","2402.3","","","","","","","","","","","","","Gross Charge Type: Main Acute Price List"
"LEAD, INGEVITY PLUS 52CM X 5","DelrChSup106419","CDM","278","RC","C1898","HCPCS","","","facility","both","","","","2402.3","2402.3","","","","","","","","","","","","","Gross Charge Type: Main Acute Price List"
"LEAD, INTERSTIM PNE TEST STIMULATION COMPT","AngiWmSup109825","CDM","278","RC","C1897","HCPCS","","","facility","both","","","","357.27","357.27","","","","","","","","","","","","","Gross Charge Type: Main Acute Price List"
"LEAD, LAMI PENTA 3MMX60CM","Wilm5443824","CDM","278","RC","C1778","HCPCS","","","facility","both","","","","30798.7","30798.7","","","","","","","","","","","","","Gross Charge Type: Main Acute Price List"
"LEAD, PACING 5076-52CM","OperChSup7044","CDM","278","RC","C1898","HCPCS","","","facility","both","","","","2316.78","2316.78","","","","","","","","","","","","","Gross Charge Type: Main Acute Price List"
"LEAD, PACING 5076-58","Wilm547042","CDM","278","RC","C1898","HCPCS","","","facility","both","","","","2316.78","2316.78","","","","","","","","","","","","","Gross Charge Type: Main Acute Price List"
"LEAD, PLEXA DF1 S DX 65/15 PROMRI","EplbChSup73738","CDM","278","RC","C1777","HCPCS","","","facility","both","","","","16796.66","16796.66","","","","","","","","","","","","","Gross Charge Type: Main Acute Price List"
"LEAD, PLEXA S 65 PROMRI","ScpuWmSup73735","CDM","278","RC","C1777","HCPCS","","","facility","both","","","","17863.24","17863.24","","","","","","","","","","","","","Gross Charge Type: Main Acute Price List"
"LEAD, PLEXA SD 65/18 PROMRI","EplbChSup73737","CDM","278","RC","C1895","HCPCS","","","facility","both","","","","16796.66","16796.66","","","","","","","","","","","","","Gross Charge Type: Main Acute Price List"
"LEAD, PLEXA SD 65/18 PROMRI","GyscChSup73737","CDM","278","RC","C1895","HCPCS","","","facility","both","","","","16796.66","16796.66","","","","","","","","","","","","","Gross Charge Type: Main Acute Price List"
"LEAD, RESPIRATORY SENSING INSPIRE","ScorChSup75213","CDM","278","RC","C1778","HCPCS","","","facility","both","","","","20789.12","20789.12","","","","","","","","","","","","","Gross Charge Type: Main Acute Price List"
"LEAD, SENTUS PROMRI OTW QP L-85/49","GastWmSup73729","CDM","278","RC","C1900","HCPCS","","","facility","both","","","","10163.56","10163.56","","","","","","","","","","","","","Gross Charge Type: Main Acute Price List"
"LEAD, SOLIA JT 53 PROMRI","CcthChSup107483","CDM","278","RC","C1898","HCPCS","","","facility","both","","","","2258.86","2258.86","","","","","","","","","","","","","Gross Charge Type: Main Acute Price List"
"LEAD, SOLIA T 53 PROMRI","GastChSup107484","CDM","278","RC","C1898","HCPCS","","","facility","both","","","","2402.3","2402.3","","","","","","","","","","","","","Gross Charge Type: Main Acute Price List"
"LEAD, SOLIA T 60 PROMRI","PacuWmSup107485","CDM","278","RC","C1898","HCPCS","","","facility","both","","","","2258.86","2258.86","","","","","","","","","","","","","Gross Charge Type: Main Acute Price List"
"LEAD, SOLIA T 60 PROMRI","ScpuWmSup107485","CDM","278","RC","C1898","HCPCS","","","facility","both","","","","2258.86","2258.86","","","","","","","","","","","","","Gross Charge Type: Main Acute Price List"
"LEAD, SOLLA S 45 PROMRI","CcthChSup73730","CDM","278","RC","C1898","HCPCS","","","facility","both","","","","2402.3","2402.3","","","","","","","","","","","","","Gross Charge Type: Main Acute Price List"
"LEAD, SOLLA S 45 PROMRI","ScanChSup73730","CDM","278","RC","C1898","HCPCS","","","facility","both","","","","2402.3","2402.3","","","","","","","","","","","","","Gross Charge Type: Main Acute Price List"
"LEAD, SOLLA S 53 PROMRI","ScanChSup73731","CDM","278","RC","C1898","HCPCS","","","facility","both","","","","2402.3","2402.3","","","","","","","","","","","","","Gross Charge Type: Main Acute Price List"
"LEAD, SOLLA S 60 PROMRI","GyscChSup73732","CDM","278","RC","C1898","HCPCS","","","facility","both","","","","2402.3","2402.3","","","","","","","","","","","","","Gross Charge Type: Main Acute Price List"
"LEAD, SOLLA S 60 PROMRI","OperWmSup73732","CDM","278","RC","C1898","HCPCS","","","facility","both","","","","2402.3","2402.3","","","","","","","","","","","","","Gross Charge Type: Main Acute Price List"
"LEAD, SPINAL STIMULATOR SURGICAL 2X8 65CM","GastChSup46576","CDM","278","RC","C1778","HCPCS","","","facility","both","","","","36280.86","36280.86","","","","","","","","","","","","","Gross Charge Type: Main Acute Price List"
"LEAD, SPRINT QUATTRO SECURE RV LEAD 6947M55","CcthChSup49453","CDM","278","RC","C1895","HCPCS","","","facility","both","","","","18479.22","18479.22","","","","","","","","","","","","","Gross Charge Type: Main Acute Price List"
"LEAD, SPRINT QUATTRO SECURE RV LEAD 6947M55","Chrs5449453","CDM","278","RC","C1895","HCPCS","","","facility","both","","","","18479.22","18479.22","","","","","","","","","","","","","Gross Charge Type: Main Acute Price List"
"LEAD, SPRINT QUATTRO SECURE RV LEAD 6947M55","OperWmSup49453","CDM","278","RC","C1895","HCPCS","","","facility","both","","","","18479.22","18479.22","","","","","","","","","","","","","Gross Charge Type: Main Acute Price List"
"LEAD, SPRINT QUATTRO SECURE RV LEAD 6947M55","ScanWmSup49453","CDM","278","RC","C1895","HCPCS","","","facility","both","","","","18479.22","18479.22","","","","","","","","","","","","","Gross Charge Type: Main Acute Price List"
"LEAD, SPRINT QUATTRO SECURE RV LEAD 6947M62","OperChSup49456","CDM","278","RC","C1895","HCPCS","","","facility","both","","","","18479.22","18479.22","","","","","","","","","","","","","Gross Charge Type: Main Acute Price List"
"LEAD, SPRINT QUATTRO SECURE S 6935M62","GastWmSup51377","CDM","278","RC","C1777","HCPCS","","","facility","both","","","","18479.22","18479.22","","","","","","","","","","","","","Gross Charge Type: Main Acute Price List"
"LEAD, SUB-Q DEFIB COIL","GastWmSup18532","CDM","278","RC","C1896","HCPCS","","","facility","both","","","","10163.56","10163.56","","","","","","","","","","","","","Gross Charge Type: Main Acute Price List"
"LEAD, TENDRIL MRI 46CM","CspuChSup70231","CDM","278","RC","C1898","HCPCS","","","facility","both","","","","2402.3","2402.3","","","","","","","","","","","","","Gross Charge Type: Main Acute Price List"
"LEAD, TENDRIL MRI 52CM","PacuChSup70232","CDM","278","RC","C1898","HCPCS","","","facility","both","","","","2402.3","2402.3","","","","","","","","","","","","","Gross Charge Type: Main Acute Price List"
"LEAD, TENDRIL MRI 52CM","ScanChSup70232","CDM","278","RC","C1898","HCPCS","","","facility","both","","","","2402.3","2402.3","","","","","","","","","","","","","Gross Charge Type: Main Acute Price List"
"LEAD, TENDRIL MRI 56CM","CcthChSup70233","CDM","278","RC","C1898","HCPCS","","","facility","both","","","","2258.86","2258.86","","","","","","","","","","","","","Gross Charge Type: Main Acute Price List"
"LEAD, TENDRIL MRI 56CM","GyscChSup70233","CDM","278","RC","C1898","HCPCS","","","facility","both","","","","2258.86","2258.86","","","","","","","","","","","","","Gross Charge Type: Main Acute Price List"
"LEAD, TENDRIL STS PACER 2088TC/65","GastWmSup59552","CDM","278","RC","C1898","HCPCS","","","facility","both","","","","2402.3","2402.3","","","","","","","","","","","","","Gross Charge Type: Main Acute Price List"
"LEAD, TENDRILL STS 46","ScorChSup43464","CDM","278","RC","C1898","HCPCS","","","facility","both","","","","2402.3","2402.3","","","","","","","","","","","","","Gross Charge Type: Main Acute Price List"
"LEAD, TENDRILL STS 58","Chrs5443466","CDM","278","RC","C1898","HCPCS","","","facility","both","","","","2402.3","2402.3","","","","","","","","","","","","","Gross Charge Type: Main Acute Price List"
"LEAD, TENDRILL STS 58","GastWmSup43466","CDM","278","RC","C1898","HCPCS","","","facility","both","","","","2402.3","2402.3","","","","","","","","","","","","","Gross Charge Type: Main Acute Price List"
"LEAD, TENDRILL STS 58","OperChSup43466","CDM","278","RC","C1898","HCPCS","","","facility","both","","","","2402.3","2402.3","","","","","","","","","","","","","Gross Charge Type: Main Acute Price List"
"LEAD, TRIAL AXIUM SLIP TIP 50CM","ScorChSup68414","CDM","278","RC","C1778","HCPCS","","","facility","both","","","","18479.22","18479.22","","","","","","","","","","","","","Gross Charge Type: Main Acute Price List"
"LEAD, UNI EPI FULL D PATCH","ScpuChSup115499","CDM","278","RC","C1896","HCPCS","","","facility","both","","","","5443.8","5443.8","","","","","","","","","","","","","Gross Charge Type: Main Acute Price List"
"LEAD, VNS THERAPY 20","GastWmSup63451","CDM","278","RC","C1778","HCPCS","","","facility","both","","","","54310.42","54310.42","","","","","","","","","","","","","Gross Charge Type: Main Acute Price List"
"LEAD,5FR 110CM BALLOON TIP W/LOCKING ADAPTER","EplbChSup2973","CDM","272","RC","","","","","facility","both","","","","555.91","555.91","","","","","","","","","","","","","Gross Charge Type: Main Acute Price List"
"LEADQUARTET QUADRIPOLAR SMALL-S 1456Q/86","OperWmSup67313","CDM","278","RC","C1900","HCPCS","","","facility","both","","","","10163.56","10163.56","","","","","","","","","","","","","Gross Charge Type: Main Acute Price List"
"LEADS, PERVENOUS TEMP 5F 110CM","CcthChSup3291","CDM","278","RC","","","","","facility","both","","","","523.58","523.58","","","","","","","","","","","","","Gross Charge Type: Main Acute Price List"
"LEADS, PERVENOUS TEMP 5F 110CM","ScanChSup3291","CDM","278","RC","","","","","facility","both","","","","523.58","523.58","","","","","","","","","","","","","Gross Charge Type: Main Acute Price List"
"LEADSPECIFY SURESCAN 2X8 90CM 977C290","PacuWmSup70410","CDM","278","RC","C1778","HCPCS","","","facility","both","","","","41886.22","41886.22","","","","","","","","","","","","","Gross Charge Type: Main Acute Price List"
"LEADSPECIFY SURESCAN 2X8 90CM 977C290","Wilm5470410","CDM","278","RC","C1778","HCPCS","","","facility","both","","","","41886.22","41886.22","","","","","","","","","","","","","Gross Charge Type: Main Acute Price List"
"LEGACY, KNEE POSTERIOR STABILIZED PROLONG LPS SZ G/H 14MM","CspuChSup119082","CDM","278","RC","C1776","HCPCS","","","facility","both","","","","3079.87","3079.87","","","","","","","","","","","","","Gross Charge Type: Main Acute Price List"
"LEGACY, KNEE POSTERIOR STABILIZED PROLONG LPS SZ G/H 14MM","EplbChSup119082","CDM","278","RC","C1776","HCPCS","","","facility","both","","","","3079.87","3079.87","","","","","","","","","","","","","Gross Charge Type: Main Acute Price List"
"LENS AMO AR40E +26.5 DIOPTER","OperChSup10190837","CDM","276","RC","V2632","HCPCS","","","facility","both","","","","770.15","770.15","","","","","","","","","","","","","Gross Charge Type: Main Acute Price List"
"LENS CLAREON TORIC +15.0 DIOPTER CCW0T5","ScorWmSup10193055","CDM","276","RC","V2787","HCPCS","","","facility","both","","","","2949.2","2949.2","","","","","","","","","","","","","Gross Charge Type: Main Acute Price List"
"LENS, ABBOTT ZCT300 TORIC 19.00 DIOP","GyscChSup108857","CDM","276","RC","V2787","HCPCS","","","facility","both","","","","2867.02","2867.02","","","","","","","","","","","","","Gross Charge Type: Main Acute Price List"
"LENS, ACRYLIC ASPERIC 1-PIECE IOL 11.0 DIOP","ScanChSup37288","CDM","276","RC","","","","","facility","both","","","","839.83","839.83","","","","","","","","","","","","","Gross Charge Type: Main Acute Price List"
"LENS, ACRYLIC ASPERIC 1-PIECE IOL 12.5 DIOP","GyscChSup37291","CDM","276","RC","","","","","facility","both","","","","839.83","839.83","","","","","","","","","","","","","Gross Charge Type: Main Acute Price List"
"LENS, ACRYLIC ASPERIC 1-PIECE IOL 15.0 DIOP","ScorWmSup37296","CDM","276","RC","","","","","facility","both","","","","893.16","893.16","","","","","","","","","","","","","Gross Charge Type: Main Acute Price List"
"LENS, ACRYLIC ASPERIC 1-PIECE IOL 15.5 DIOP","PacuWmSup37297","CDM","276","RC","","","","","facility","both","","","","839.83","839.83","","","","","","","","","","","","","Gross Charge Type: Main Acute Price List"
"LENS, ACRYLIC ASPERIC 1-PIECE IOL 16.5 DIOP","ScanChSup37299","CDM","276","RC","","","","","facility","both","","","","893.16","893.16","","","","","","","","","","","","","Gross Charge Type: Main Acute Price List"
"LENS, ACRYLIC ASPERIC 1-PIECE IOL 18.0 DIOP","Wilm5437302","CDM","276","RC","","","","","facility","both","","","","893.16","893.16","","","","","","","","","","","","","Gross Charge Type: Main Acute Price List"
"LENS, ACRYLIC ASPERIC 1-PIECE IOL 19.5 DIOP","GastChSup37305","CDM","276","RC","","","","","facility","both","","","","893.16","893.16","","","","","","","","","","","","","Gross Charge Type: Main Acute Price List"
"LENS, ACRYLIC ASPERIC 1-PIECE IOL 19.5 DIOP","ScorChSup37305","CDM","276","RC","","","","","facility","both","","","","893.16","893.16","","","","","","","","","","","","","Gross Charge Type: Main Acute Price List"
"LENS, ACRYLIC ASPERIC 1-PIECE IOL 20.5 DIOP","CspuChSup37307","CDM","276","RC","V2632","HCPCS","","","facility","both","","","","893.16","893.16","","","","","","","","","","","","","Gross Charge Type: Main Acute Price List"
"LENS, ACRYLIC ASPERIC 1-PIECE IOL 21.0 DIOP","ScanWmSup37308","CDM","276","RC","","","","","facility","both","","","","893.16","893.16","","","","","","","","","","","","","Gross Charge Type: Main Acute Price List"
"LENS, ACRYLIC ASPERIC 1-PIECE IOL 22.0 DIOP","PacuWmSup37310","CDM","276","RC","","","","","facility","both","","","","893.16","893.16","","","","","","","","","","","","","Gross Charge Type: Main Acute Price List"
"LENS, ACRYLIC ASPERIC 1-PIECE IOL 22.0 DIOP","ScorChSup37310","CDM","276","RC","","","","","facility","both","","","","893.16","893.16","","","","","","","","","","","","","Gross Charge Type: Main Acute Price List"
"LENS, ACRYLIC ASPERIC 1-PIECE IOL 24.5 DIOP","OperChSup37315","CDM","276","RC","V2632","HCPCS","","","facility","both","","","","893.16","893.16","","","","","","","","","","","","","Gross Charge Type: Main Acute Price List"
"LENS, ACRYLIC ASPERIC 1-PIECE IOL 26.0 DIOP","ScanChSup37318","CDM","276","RC","","","","","facility","both","","","","893.16","893.16","","","","","","","","","","","","","Gross Charge Type: Main Acute Price List"
"LENS, ACRYLIC ASPERIC 1-PIECE IOL 26.0 DIOP","ScanWmSup37318","CDM","276","RC","","","","","facility","both","","","","893.16","893.16","","","","","","","","","","","","","Gross Charge Type: Main Acute Price List"
"LENS, ACRYLIC ASPERIC 1-PIECE IOL 26.0 DIOP","ScorChSup37318","CDM","276","RC","","","","","facility","both","","","","893.16","893.16","","","","","","","","","","","","","Gross Charge Type: Main Acute Price List"
"LENS, ACRYLIC ASPERIC 1-PIECE IOL 26.5 DIOP","OperChSup37319","CDM","276","RC","","","","","facility","both","","","","893.16","893.16","","","","","","","","","","","","","Gross Charge Type: Main Acute Price List"
"LENS, ACRYLIC ASPERIC 1-PIECE IOL 27.0 DIOP","ScorWmSup37320","CDM","276","RC","","","","","facility","both","","","","893.16","893.16","","","","","","","","","","","","","Gross Charge Type: Main Acute Price List"
"LENS, ACRYLIC ASPERIC 1-PIECE IOL 28.0 DIOP","ScorChSup37322","CDM","276","RC","","","","","facility","both","","","","839.83","839.83","","","","","","","","","","","","","Gross Charge Type: Main Acute Price List"
"LENS, ACRYLIC ASPERIC 1-PIECE IOL 29.0 DIOP","ScpuWmSup37324","CDM","276","RC","","","","","facility","both","","","","893.16","893.16","","","","","","","","","","","","","Gross Charge Type: Main Acute Price List"
"LENS, ACRYLIC ASPERIC 1-PIECE IOL 30.0 DIOP","AngiWmSup37326","CDM","276","RC","","","","","facility","both","","","","893.16","893.16","","","","","","","","","","","","","Gross Charge Type: Main Acute Price List"
"LENS, ACRYSOF  TORIC IOL  14.0D - 41122","GastChSup41122","CDM","276","RC","V2787","HCPCS","","","facility","both","","","","2867.02","2867.02","","","","","","","","","","","","","Gross Charge Type: Main Acute Price List"
"LENS, ACRYSOF  TORIC IOL  23.0D - 41140","EplbChSup41140","CDM","276","RC","V2787","HCPCS","","","facility","both","","","","2867.02","2867.02","","","","","","","","","","","","","Gross Charge Type: Main Acute Price List"
"LENS, ACRYSOF  TORIC IOL  23.0D - 41140","GyscChSup41140","CDM","276","RC","V2787","HCPCS","","","facility","both","","","","2867.02","2867.02","","","","","","","","","","","","","Gross Charge Type: Main Acute Price List"
"LENS, ALCON ACRYSOF MA60MA +4.00 DIO POS","GastWmSup59874","CDM","276","RC","V2632","HCPCS","","","facility","both","","","","917.8","917.8","","","","","","","","","","","","","Gross Charge Type: Main Acute Price List"
"LENS, ALCON ACRYSOF MA60MA +5.00 DIO POS","ScanWmSup59875","CDM","276","RC","V2632","HCPCS","","","facility","both","","","","917.8","917.8","","","","","","","","","","","","","Gross Charge Type: Main Acute Price List"
"LENS, ALCON ACRYSOF TORIC SN6AT7 20.0","AngiChSup62154","CDM","276","RC","V2787","HCPCS","","","facility","both","","","","2867.02","2867.02","","","","","","","","","","","","","Gross Charge Type: Main Acute Price List"
"LENS, ALCON CLEAR TORIC SA6AT3 21.5","PacuChSup77516","CDM","276","RC","V2787","HCPCS","","","facility","both","","","","2867.02","2867.02","","","","","","","","","","","","","Gross Charge Type: Main Acute Price List"
"LENS, ALCON CLEAR TORIC SA6AT4 19.0","GastChSup77872","CDM","276","RC","V2787","HCPCS","","","facility","both","","","","2867.02","2867.02","","","","","","","","","","","","","Gross Charge Type: Main Acute Price List"
"LENS, ALCON CLEAR TORIC SA6AT4 21.5","OperWmSup114439","CDM","276","RC","V2787","HCPCS","","","facility","both","","","","2694.68","2694.68","","","","","","","","","","","","","Gross Charge Type: Main Acute Price List"
"LENS, ALCON CLEAR TORIC SA6AT4 27.5","AnesWmSup111281","CDM","276","RC","V2632","HCPCS","","","facility","both","","","","2867.02","2867.02","","","","","","","","","","","","","Gross Charge Type: Main Acute Price List"
"LENS, ALCON CLEAR TORIC SA6AT4 27.5","AngiWmSup111281","CDM","276","RC","V2632","HCPCS","","","facility","both","","","","2867.02","2867.02","","","","","","","","","","","","","Gross Charge Type: Main Acute Price List"
"LENS, ALCON CLEAR TORIC SA6AT5 11.00","AngiChSup113711","CDM","276","RC","V2632","HCPCS","","","facility","both","","","","2867.02","2867.02","","","","","","","","","","","","","Gross Charge Type: Main Acute Price List"
"LENS, ALCON CLEAR TORIC SA6AT5 19.0","ScpuWmSup119537","CDM","276","RC","V2787","HCPCS","","","facility","both","","","","2867.02","2867.02","","","","","","","","","","","","","Gross Charge Type: Main Acute Price List"
"LENS, ALCON CLEAR TORIC SA6AT7 20.00","AngiChSup119971","CDM","276","RC","V2787","HCPCS","","","facility","both","","","","3049.07","3049.07","","","","","","","","","","","","","Gross Charge Type: Main Acute Price List"
"LENS, ALCON MA60AC 11.0 DIOP","AngiWmSup211605","CDM","276","RC","","","","","facility","both","","","","818.01","818.01","","","","","","","","","","","","","Gross Charge Type: Main Acute Price List"
"LENS, ALCON MA60AC 11.5 DIOP","AngiWmSup211606","CDM","276","RC","","","","","facility","both","","","","818.01","818.01","","","","","","","","","","","","","Gross Charge Type: Main Acute Price List"
"LENS, ALCON MA60AC 13.0 DIOP","ScanWmSup211609","CDM","276","RC","","","","","facility","both","","","","863","863","","","","","","","","","","","","","Gross Charge Type: Main Acute Price List"
"LENS, ALCON MA60AC 17.0 DIOP","ScorWmSup214970","CDM","276","RC","","","","","facility","both","","","","863","863","","","","","","","","","","","","","Gross Charge Type: Main Acute Price List"
"LENS, ALCON MA60AC 18.0 DIOP","Chrs54211618","CDM","276","RC","","","","","facility","both","","","","863","863","","","","","","","","","","","","","Gross Charge Type: Main Acute Price List"
"LENS, ALCON MA60AC 18.0 DIOP","GastWmSup211618","CDM","276","RC","","","","","facility","both","","","","863","863","","","","","","","","","","","","","Gross Charge Type: Main Acute Price List"
"LENS, ALCON MA60AC 19.0 DIOP","PacuWmSup211620","CDM","276","RC","","","","","facility","both","","","","917.8","917.8","","","","","","","","","","","","","Gross Charge Type: Main Acute Price List"
"LENS, ALCON MA60AC 21.0 DIOP","GastChSup211624","CDM","276","RC","","","","","facility","both","","","","917.8","917.8","","","","","","","","","","","","","Gross Charge Type: Main Acute Price List"
"LENS, ALCON MA60AC 21.0 DIOP","OperChSup211624","CDM","276","RC","","","","","facility","both","","","","917.8","917.8","","","","","","","","","","","","","Gross Charge Type: Main Acute Price List"
"LENS, ALCON MA60AC 21.0 DIOP","ScanChSup211624","CDM","276","RC","","","","","facility","both","","","","917.8","917.8","","","","","","","","","","","","","Gross Charge Type: Main Acute Price List"
"LENS, ALCON MA60AC 23.0 DIOP","ScpuWmSup211628","CDM","276","RC","","","","","facility","both","","","","917.8","917.8","","","","","","","","","","","","","Gross Charge Type: Main Acute Price List"
"LENS, ALCON MA60AC 23.5 DIOP","EplbChSup211629","CDM","276","RC","","","","","facility","both","","","","917.8","917.8","","","","","","","","","","","","","Gross Charge Type: Main Acute Price List"
"LENS, ALCON MA60AC 24.0 DIOP","Chrs54211630","CDM","276","RC","","","","","facility","both","","","","917.8","917.8","","","","","","","","","","","","","Gross Charge Type: Main Acute Price List"
"LENS, ALCON MA60AC 8.5 DIOP","PacuWmSup211602","CDM","276","RC","V2632","HCPCS","","","facility","both","","","","917.8","917.8","","","","","","","","","","","","","Gross Charge Type: Main Acute Price List"
"LENS, ALCON MONOFOCAL DIOPTER 16.5","AngiChSup115702","CDM","276","RC","V2632","HCPCS","","","facility","both","","","","868.42","868.42","","","","","","","","","","","","","Gross Charge Type: Main Acute Price List"
"LENS, ALCON MONOFOCAL DIOPTER 16.5","ScpuChSup115702","CDM","276","RC","V2632","HCPCS","","","facility","both","","","","868.42","868.42","","","","","","","","","","","","","Gross Charge Type: Main Acute Price List"
"LENS, ALCON MONOFOCAL DIOPTER 21.5","AnesChSup115346","CDM","276","RC","V2632","HCPCS","","","facility","both","","","","868.42","868.42","","","","","","","","","","","","","Gross Charge Type: Main Acute Price List"
"LENS, ALCON MONOFOCAL DIOPTER 21.5","ScanChSup115346","CDM","276","RC","V2632","HCPCS","","","facility","both","","","","868.42","868.42","","","","","","","","","","","","","Gross Charge Type: Main Acute Price List"
"LENS, ALCON MONOFOCAL DIOPTER 8.5","ScanWmSup115345","CDM","276","RC","V2632","HCPCS","","","facility","both","","","","816.57","816.57","","","","","","","","","","","","","Gross Charge Type: Main Acute Price List"
"LENS, ALCON MONOFOCAL PRELOADED DIOPTER 10.00","OperWmSup118616","CDM","276","RC","V2632","HCPCS","","","facility","both","","","","868.79","868.79","","","","","","","","","","","","","Gross Charge Type: Main Acute Price List"
"LENS, ALCON MONOFOCAL PRELOADED DIOPTER 11.50","GastWmSup118619","CDM","276","RC","V2632","HCPCS","","","facility","both","","","","868.79","868.79","","","","","","","","","","","","","Gross Charge Type: Main Acute Price List"
"LENS, ALCON MONOFOCAL PRELOADED DIOPTER 11.50","PacuChSup118619","CDM","276","RC","V2632","HCPCS","","","facility","both","","","","868.79","868.79","","","","","","","","","","","","","Gross Charge Type: Main Acute Price List"
"LENS, ALCON MONOFOCAL PRELOADED DIOPTER 14.00","GastWmSup118624","CDM","276","RC","V2632","HCPCS","","","facility","both","","","","923.96","923.96","","","","","","","","","","","","","Gross Charge Type: Main Acute Price List"
"LENS, ALCON MONOFOCAL PRELOADED DIOPTER 15.00","AnesChSup118626","CDM","276","RC","V2632","HCPCS","","","facility","both","","","","868.79","868.79","","","","","","","","","","","","","Gross Charge Type: Main Acute Price List"
"LENS, ALCON MONOFOCAL PRELOADED DIOPTER 15.50","AnesWmSup118627","CDM","276","RC","V2632","HCPCS","","","facility","both","","","","868.79","868.79","","","","","","","","","","","","","Gross Charge Type: Main Acute Price List"
"LENS, ALCON MONOFOCAL PRELOADED DIOPTER 15.50","DelrChSup118627","CDM","276","RC","V2632","HCPCS","","","facility","both","","","","868.79","868.79","","","","","","","","","","","","","Gross Charge Type: Main Acute Price List"
"LENS, ALCON MONOFOCAL PRELOADED DIOPTER 16.00","GyscChSup118628","CDM","276","RC","V2632","HCPCS","","","facility","both","","","","868.79","868.79","","","","","","","","","","","","","Gross Charge Type: Main Acute Price List"
"LENS, ALCON MONOFOCAL PRELOADED DIOPTER 17.50","PacuWmSup118631","CDM","276","RC","V2632","HCPCS","","","facility","both","","","","868.79","868.79","","","","","","","","","","","","","Gross Charge Type: Main Acute Price List"
"LENS, ALCON MONOFOCAL PRELOADED DIOPTER 18.00","AngiWmSup118632","CDM","276","RC","V2632","HCPCS","","","facility","both","","","","868.79","868.79","","","","","","","","","","","","","Gross Charge Type: Main Acute Price List"
"LENS, ALCON MONOFOCAL PRELOADED DIOPTER 18.50","OperWmSup118633","CDM","276","RC","V2632","HCPCS","","","facility","both","","","","868.79","868.79","","","","","","","","","","","","","Gross Charge Type: Main Acute Price List"
"LENS, ALCON MONOFOCAL PRELOADED DIOPTER 19.00","AnesChSup118634","CDM","276","RC","V2632","HCPCS","","","facility","both","","","","923.96","923.96","","","","","","","","","","","","","Gross Charge Type: Main Acute Price List"
"LENS, ALCON MONOFOCAL PRELOADED DIOPTER 20.50","ScpuChSup118637","CDM","276","RC","V2632","HCPCS","","","facility","both","","","","868.79","868.79","","","","","","","","","","","","","Gross Charge Type: Main Acute Price List"
"LENS, ALCON MONOFOCAL PRELOADED DIOPTER 21.00","OperChSup118638","CDM","276","RC","V2632","HCPCS","","","facility","both","","","","868.79","868.79","","","","","","","","","","","","","Gross Charge Type: Main Acute Price List"
"LENS, ALCON MONOFOCAL PRELOADED DIOPTER 25.00","PacuWmSup118645","CDM","276","RC","V2632","HCPCS","","","facility","both","","","","868.79","868.79","","","","","","","","","","","","","Gross Charge Type: Main Acute Price List"
"LENS, ALCON MONOFOCAL PRELOADED DIOPTER 25.00","ScorChSup118645","CDM","276","RC","V2632","HCPCS","","","facility","both","","","","868.79","868.79","","","","","","","","","","","","","Gross Charge Type: Main Acute Price List"
"LENS, ALCON MONOFOCAL PRELOADED DIOPTER 26.50","PacuChSup118648","CDM","276","RC","V2632","HCPCS","","","facility","both","","","","868.79","868.79","","","","","","","","","","","","","Gross Charge Type: Main Acute Price List"
"LENS, ALCON MONOFOCAL PRELOADED DIOPTER 27.00","GyscChSup118649","CDM","276","RC","V2632","HCPCS","","","facility","both","","","","868.79","868.79","","","","","","","","","","","","","Gross Charge Type: Main Acute Price List"
"LENS, ALCON MONOFOCAL PRELOADED DIOPTER 27.50","CcthChSup118650","CDM","276","RC","V2632","HCPCS","","","facility","both","","","","868.79","868.79","","","","","","","","","","","","","Gross Charge Type: Main Acute Price List"
"LENS, ALCON MONOFOCAL PRELOADED DIOPTER 27.50","OperWmSup118650","CDM","276","RC","V2632","HCPCS","","","facility","both","","","","868.79","868.79","","","","","","","","","","","","","Gross Charge Type: Main Acute Price List"
"LENS, ALCON MONOFOCAL PRELOADED DIOPTER 28.50","AnesWmSup118652","CDM","276","RC","V2632","HCPCS","","","facility","both","","","","868.79","868.79","","","","","","","","","","","","","Gross Charge Type: Main Acute Price List"
"LENS, ALCON MONOFOCAL PRELOADED DIOPTER 29.00","CspuChSup118653","CDM","276","RC","V2632","HCPCS","","","facility","both","","","","868.79","868.79","","","","","","","","","","","","","Gross Charge Type: Main Acute Price List"
"LENS, ALCON MONOFOCAL PRELOADED DIOPTER 30.00","GastWmSup118655","CDM","276","RC","V2632","HCPCS","","","facility","both","","","","868.79","868.79","","","","","","","","","","","","","Gross Charge Type: Main Acute Price List"
"LENS, ALCON MONOFOCAL PRELOADED DIOPTER 6.0","ScpuChSup118573","CDM","276","RC","V2632","HCPCS","","","facility","both","","","","868.79","868.79","","","","","","","","","","","","","Gross Charge Type: Main Acute Price List"
"LENS, ALCON MONOFOCIAL DIPOTER +23.00 SERIES CC60WF","OperWmSup121167","CDM","276","RC","V2632","HCPCS","","","facility","both","","","","868.79","868.79","","","","","","","","","","","","","Gross Charge Type: Main Acute Price List"
"LENS, ALCON MTA4UO 12.0 DIOP","OperChSup211817","CDM","276","RC","V2630","HCPCS","","","facility","both","","","","493.9","493.9","","","","","","","","","","","","","Gross Charge Type: Main Acute Price List"
"LENS, ALCON MTA4UO 12.0 DIOP","ScorWmSup211817","CDM","276","RC","V2630","HCPCS","","","facility","both","","","","493.9","493.9","","","","","","","","","","","","","Gross Charge Type: Main Acute Price List"
"LENS, ALCON MTA4UO 15.0 DIOP","Chrs54211821","CDM","276","RC","","","","","facility","both","","","","492.32","492.32","","","","","","","","","","","","","Gross Charge Type: Main Acute Price List"
"LENS, ALCON MTA4UO 15.5 DIOP","Chrs54215083","CDM","276","RC","","","","","facility","both","","","","492.32","492.32","","","","","","","","","","","","","Gross Charge Type: Main Acute Price List"
"LENS, ALCON MTA4UO 16.5 DIOP","PacuChSup211823","CDM","276","RC","","","","","facility","both","","","","523.58","523.58","","","","","","","","","","","","","Gross Charge Type: Main Acute Price List"
"LENS, ALCON MTA4UO 17.5 DIOP","OperChSup211824","CDM","276","RC","","","","","facility","both","","","","523.58","523.58","","","","","","","","","","","","","Gross Charge Type: Main Acute Price List"
"LENS, ALCON MTA4UO 18.5 DIOP","OperWmSup215086","CDM","276","RC","","","","","facility","both","","","","492.32","492.32","","","","","","","","","","","","","Gross Charge Type: Main Acute Price List"
"LENS, ALCON MTA4UO 20.0 DIOP","AnesWmSup211825","CDM","276","RC","","","","","facility","both","","","","492.32","492.32","","","","","","","","","","","","","Gross Charge Type: Main Acute Price List"
"LENS, ALCON NON-TORIC PANOPTIX IOL TFAT00/20.50","ScorWmSup112170","CDM","276","RC","V2632","HCPCS","","","facility","both","","","","5762.99","5762.99","","","","","","","","","","","","","Gross Charge Type: Main Acute Price List"
"LENS, ALCON NON-TORIC PANOPTIX IOL TFAT00/20.50","ScpuChSup112170","CDM","276","RC","V2632","HCPCS","","","facility","both","","","","5762.99","5762.99","","","","","","","","","","","","","Gross Charge Type: Main Acute Price List"
"LENS, ALCON REGULAR NON-TORIC PANOPTIX IOL TFAT00","GastWmSup111203","CDM","276","RC","V2632","HCPCS","","","facility","both","","","","5762.99","5762.99","","","","","","","","","","","","","Gross Charge Type: Main Acute Price List"
"LENS, ALCON SA60AT 12.5","CcthChSup8545","CDM","276","RC","","","","","facility","both","","","","776.12","776.12","","","","","","","","","","","","","Gross Charge Type: Main Acute Price List"
"LENS, ALCON SA60AT 12.5","CspuChSup8545","CDM","276","RC","","","","","facility","both","","","","776.12","776.12","","","","","","","","","","","","","Gross Charge Type: Main Acute Price List"
"LENS, ALCON SA60AT 12.5","OperWmSup8545","CDM","276","RC","","","","","facility","both","","","","776.12","776.12","","","","","","","","","","","","","Gross Charge Type: Main Acute Price List"
"LENS, ALCON SA60AT 12.5","ScanWmSup8545","CDM","276","RC","","","","","facility","both","","","","776.12","776.12","","","","","","","","","","","","","Gross Charge Type: Main Acute Price List"
"LENS, ALCON SA60AT 20.0","ScanWmSup8560","CDM","276","RC","","","","","facility","both","","","","776.12","776.12","","","","","","","","","","","","","Gross Charge Type: Main Acute Price List"
"LENS, ALCON SA60AT 21.0","GastWmSup8562","CDM","276","RC","V2632","HCPCS","","","facility","both","","","","825.4","825.4","","","","","","","","","","","","","Gross Charge Type: Main Acute Price List"
"LENS, ALCON SA60AT 22.5","OperChSup8565","CDM","276","RC","","","","","facility","both","","","","825.4","825.4","","","","","","","","","","","","","Gross Charge Type: Main Acute Price List"
"LENS, ALCON SA60AT 22.5","ScanWmSup8565","CDM","276","RC","","","","","facility","both","","","","825.4","825.4","","","","","","","","","","","","","Gross Charge Type: Main Acute Price List"
"LENS, ALCON SA60AT 23.5","Chrs548567","CDM","276","RC","","","","","facility","both","","","","776.12","776.12","","","","","","","","","","","","","Gross Charge Type: Main Acute Price List"
"LENS, ALCON SA60AT 24.0","ScanChSup8568","CDM","276","RC","","","","","facility","both","","","","776.12","776.12","","","","","","","","","","","","","Gross Charge Type: Main Acute Price List"
"LENS, ALCON SA60WF 15.0","PacuWmSup76916","CDM","276","RC","V2632","HCPCS","","","facility","both","","","","868.79","868.79","","","","","","","","","","","","","Gross Charge Type: Main Acute Price List"
"LENS, ALCON SA60WF 19.50","AngiChSup106932","CDM","276","RC","V2788","HCPCS","","","facility","both","","","","868.79","868.79","","","","","","","","","","","","","Gross Charge Type: Main Acute Price List"
"LENS, ALCON SA60WF 19.50","EplbChSup106932","CDM","276","RC","V2788","HCPCS","","","facility","both","","","","868.79","868.79","","","","","","","","","","","","","Gross Charge Type: Main Acute Price List"
"LENS, AMO AR40E 19.5 DIOPTER","AnesWmSup5647","CDM","276","RC","V2632","HCPCS","","","facility","both","","","","671.6","671.6","","","","","","","","","","","","","Gross Charge Type: Main Acute Price List"
"LENS, CCWET0 VIVITY 13.0 CLAREON","ScpuWmSup119216","CDM","276","RC","V2788","HCPCS","","","facility","both","","","","6252.13","6252.13","","","","","","","","","","","","","Gross Charge Type: Main Acute Price List"
"LENS, CLAREON PANOPTIX +12.5DIOPTER","OperWmSup119840","CDM","276","RC","V2788","HCPCS","","","facility","both","","","","5878.83","5878.83","","","","","","","","","","","","","Gross Charge Type: Main Acute Price List"
"LENS, CLAREON PANOPTIX +16.5 DIOPTER","PacuChSup119217","CDM","276","RC","V2788","HCPCS","","","facility","both","","","","6252.13","6252.13","","","","","","","","","","","","","Gross Charge Type: Main Acute Price List"
"LENS, CLAREON PANOPTIX +18.5 DIOPTER","GastWmSup118849","CDM","276","RC","V2788","HCPCS","","","facility","both","","","","6252.13","6252.13","","","","","","","","","","","","","Gross Charge Type: Main Acute Price List"
"LENS, CLAREON PANOPTIX +19.0 DIOPTER CCWTT0","OperChSup10191297","CDM","276","RC","V2788","HCPCS","","","facility","both","","","","5927.6","5927.6","","","","","","","","","","","","","Gross Charge Type: Main Acute Price List"
"LENS, CLAREON PANOPTIX +22.5.0 DIOPTER SERIES CCWTT0","ScorChSup121258","CDM","276","RC","V2788","HCPCS","","","facility","both","","","","6252.13","6252.13","","","","","","","","","","","","","Gross Charge Type: Main Acute Price List"
"LENS, CLAREON PANOPTIX TORIC UVA 17.5","OperWmSup120171","CDM","276","RC","V2788","HCPCS","","","facility","both","","","","6252.13","6252.13","","","","","","","","","","","","","Gross Charge Type: Main Acute Price List"
"LENS, CLAREON PANOPTIX","CspuChSup119392","CDM","276","RC","V2788","HCPCS","","","facility","both","","","","5878.83","5878.83","","","","","","","","","","","","","Gross Charge Type: Main Acute Price List"
"LENS, CLAREON PANOPTIX","ScorWmSup119392","CDM","276","RC","V2788","HCPCS","","","facility","both","","","","5878.83","5878.83","","","","","","","","","","","","","Gross Charge Type: Main Acute Price List"
"LENS, CLAREON TORIC +13.5 DIOPTER CCW0T4","ScorWmSup121591","CDM","276","RC","V2787","HCPCS","","","facility","both","","","","3111.41","3111.41","","","","","","","","","","","","","Gross Charge Type: Main Acute Price List"
"LENS, CLAREON TORIC +17.0 DIOPTER CCW0T4","OperWmSup10190682","CDM","276","RC","V2787","HCPCS","","","facility","both","","","","3111.41","3111.41","","","","","","","","","","","","","Gross Charge Type: Main Acute Price List"
"LENS, CLAREON TORIC +18.5 DIOPTER SERIES CCW0T3","OperWmSup10190578","CDM","276","RC","V2787","HCPCS","","","facility","both","","","","3111.41","3111.41","","","","","","","","","","","","","Gross Charge Type: Main Acute Price List"
"LENS, CLAREON TORIC +20.0 DIOPTER","OperWmSup120617","CDM","276","RC","V2787","HCPCS","","","facility","both","","","","3110.67","3110.67","","","","","","","","","","","","","Gross Charge Type: Main Acute Price List"
"LENS, CLAREON TORIC +23.0 DIOPTER","ScorChSup120915","CDM","276","RC","V2787","HCPCS","","","facility","both","","","","2924.93","2924.93","","","","","","","","","","","","","Gross Charge Type: Main Acute Price List"
"LENS, CLAREON TORIC+21.0 DIOPTER","EplbChSup119928","CDM","276","RC","V2788","HCPCS","","","facility","both","","","","3110.37","3110.37","","","","","","","","","","","","","Gross Charge Type: Main Acute Price List"
"LENS, CLAREON TORIC+23.5 DIOPTER","AnesWmSup119958","CDM","276","RC","V2788","HCPCS","","","facility","both","","","","2924.93","2924.93","","","","","","","","","","","","","Gross Charge Type: Main Acute Price List"
"LENS, DIOPTER +21.5D SE 3.75D","PacuChSup115125","CDM","276","RC","V2632","HCPCS","","","facility","both","","","","816.57","816.57","","","","","","","","","","","","","Gross Charge Type: Main Acute Price List"
"LENS, EYEHANCE TECNIS SIMPLICITY 1-PIECE IOL 10.50","ScorChSup113562","CDM","276","RC","V2632","HCPCS","","","facility","both","","","","979.4","979.4","","","","","","","","","","","","","Gross Charge Type: Main Acute Price List"
"LENS, EYEHANCE TECNIS SIMPLICITY 1-PIECE IOL 11.00","PacuWmSup113563","CDM","276","RC","V2632","HCPCS","","","facility","both","","","","920.92","920.92","","","","","","","","","","","","","Gross Charge Type: Main Acute Price List"
"LENS, EYEHANCE TECNIS SIMPLICITY 1-PIECE IOL 11.50","ScpuChSup112390","CDM","276","RC","V2632","HCPCS","","","facility","both","","","","1016.36","1016.36","","","","","","","","","","","","","Gross Charge Type: Main Acute Price List"
"LENS, EYEHANCE TECNIS SIMPLICITY 1-PIECE IOL 14.00","AngiChSup113568","CDM","276","RC","V2632","HCPCS","","","facility","both","","","","979.4","979.4","","","","","","","","","","","","","Gross Charge Type: Main Acute Price List"
"LENS, EYEHANCE TECNIS SIMPLICITY 1-PIECE IOL 14.50","GastWmSup113569","CDM","276","RC","V2632","HCPCS","","","facility","both","","","","1016.36","1016.36","","","","","","","","","","","","","Gross Charge Type: Main Acute Price List"
"LENS, EYEHANCE TECNIS SIMPLICITY 1-PIECE IOL 14.50","ScpuChSup113569","CDM","276","RC","V2632","HCPCS","","","facility","both","","","","1016.36","1016.36","","","","","","","","","","","","","Gross Charge Type: Main Acute Price List"
"LENS, EYEHANCE TECNIS SIMPLICITY 1-PIECE IOL 15.00","ScanChSup113570","CDM","276","RC","V2632","HCPCS","","","facility","both","","","","1016.36","1016.36","","","","","","","","","","","","","Gross Charge Type: Main Acute Price List"
"LENS, EYEHANCE TECNIS SIMPLICITY 1-PIECE IOL 15.50","CspuChSup113571","CDM","276","RC","V2632","HCPCS","","","facility","both","","","","979.4","979.4","","","","","","","","","","","","","Gross Charge Type: Main Acute Price List"
"LENS, EYEHANCE TECNIS SIMPLICITY 1-PIECE IOL 15.50","ScorWmSup113571","CDM","276","RC","V2632","HCPCS","","","facility","both","","","","979.4","979.4","","","","","","","","","","","","","Gross Charge Type: Main Acute Price List"
"LENS, EYEHANCE TECNIS SIMPLICITY 1-PIECE IOL 16.00","OperChSup111196","CDM","276","RC","V2632","HCPCS","","","facility","both","","","","1016.36","1016.36","","","","","","","","","","","","","Gross Charge Type: Main Acute Price List"
"LENS, EYEHANCE TECNIS SIMPLICITY 1-PIECE IOL 16.50","CspuChSup113572","CDM","276","RC","V2632","HCPCS","","","facility","both","","","","979.4","979.4","","","","","","","","","","","","","Gross Charge Type: Main Acute Price List"
"LENS, EYEHANCE TECNIS SIMPLICITY 1-PIECE IOL 16.50","PacuChSup113572","CDM","276","RC","V2632","HCPCS","","","facility","both","","","","979.4","979.4","","","","","","","","","","","","","Gross Charge Type: Main Acute Price List"
"LENS, EYEHANCE TECNIS SIMPLICITY 1-PIECE IOL 18.50","CcthChSup111197","CDM","276","RC","V2632","HCPCS","","","facility","both","","","","1016.36","1016.36","","","","","","","","","","","","","Gross Charge Type: Main Acute Price List"
"LENS, EYEHANCE TECNIS SIMPLICITY 1-PIECE IOL 18.50","OperChSup111197","CDM","276","RC","V2632","HCPCS","","","facility","both","","","","1016.36","1016.36","","","","","","","","","","","","","Gross Charge Type: Main Acute Price List"
"LENS, EYEHANCE TECNIS SIMPLICITY 1-PIECE IOL 18.50","ScanChSup111197","CDM","276","RC","V2632","HCPCS","","","facility","both","","","","1016.36","1016.36","","","","","","","","","","","","","Gross Charge Type: Main Acute Price List"
"LENS, EYEHANCE TECNIS SIMPLICITY 1-PIECE IOL 19.00","ScanWmSup111195","CDM","276","RC","V2632","HCPCS","","","facility","both","","","","1016.36","1016.36","","","","","","","","","","","","","Gross Charge Type: Main Acute Price List"
"LENS, EYEHANCE TECNIS SIMPLICITY 1-PIECE IOL 19.50","ScorWmSup111278","CDM","276","RC","V2632","HCPCS","","","facility","both","","","","1016.36","1016.36","","","","","","","","","","","","","Gross Charge Type: Main Acute Price List"
"LENS, EYEHANCE TECNIS SIMPLICITY 1-PIECE IOL 20.50","DelrChSup111192","CDM","276","RC","V2632","HCPCS","","","facility","both","","","","1016.36","1016.36","","","","","","","","","","","","","Gross Charge Type: Main Acute Price List"
"LENS, EYEHANCE TECNIS SIMPLICITY 1-PIECE IOL 22.50","ScpuChSup111193","CDM","276","RC","V2632","HCPCS","","","facility","both","","","","1016.36","1016.36","","","","","","","","","","","","","Gross Charge Type: Main Acute Price List"
"LENS, EYEHANCE TECNIS SIMPLICITY 1-PIECE IOL 23.50","ScanWmSup112389","CDM","276","RC","V2632","HCPCS","","","facility","both","","","","1016.36","1016.36","","","","","","","","","","","","","Gross Charge Type: Main Acute Price List"
"LENS, EYEHANCE TECNIS SIMPLICITY 1-PIECE IOL 24.50","OperWmSup111993","CDM","276","RC","V2632","HCPCS","","","facility","both","","","","1016.36","1016.36","","","","","","","","","","","","","Gross Charge Type: Main Acute Price List"
"LENS, EYEHANCE TECNIS SIMPLICITY 1-PIECE IOL 25.00","ScpuChSup113574","CDM","276","RC","V2632","HCPCS","","","facility","both","","","","979.4","979.4","","","","","","","","","","","","","Gross Charge Type: Main Acute Price List"
"LENS, EYEHANCE TECNIS SIMPLICITY 1-PIECE IOL 27.50","ScpuWmSup113579","CDM","276","RC","V2632","HCPCS","","","facility","both","","","","979.4","979.4","","","","","","","","","","","","","Gross Charge Type: Main Acute Price List"
"LENS, EYEHANCE TECNIS SIMPLICITY 1-PIECE IOL 28.00","ScorWmSup113580","CDM","276","RC","V2632","HCPCS","","","facility","both","","","","979.4","979.4","","","","","","","","","","","","","Gross Charge Type: Main Acute Price List"
"LENS, EYEHANCE TECNIS SIMPLICITY 1-PIECE IOL 28.50","PacuWmSup113581","CDM","276","RC","V2632","HCPCS","","","facility","both","","","","979.4","979.4","","","","","","","","","","","","","Gross Charge Type: Main Acute Price List"
"LENS, EYEHANCE TECNIS SIMPLICITY 1-PIECE IOL 29.00","ScpuChSup113582","CDM","276","RC","V2632","HCPCS","","","facility","both","","","","920.92","920.92","","","","","","","","","","","","","Gross Charge Type: Main Acute Price List"
"LENS, EYEHANCE TECNIS SIMPLICITY 1-PIECE IOL 29.50","OperWmSup113583","CDM","276","RC","V2632","HCPCS","","","facility","both","","","","979.4","979.4","","","","","","","","","","","","","Gross Charge Type: Main Acute Price List"
"LENS, EYEHANCE TECNIS SIMPLICITY 1-PIECE IOL 30.00","GyscChSup113584","CDM","276","RC","V2632","HCPCS","","","facility","both","","","","920.92","920.92","","","","","","","","","","","","","Gross Charge Type: Main Acute Price List"
"LENS, EYEHANCE TECNIS SIMPLICITY 1-PIECE IOL 31.50","DelrChSup113587","CDM","276","RC","V2632","HCPCS","","","facility","both","","","","920.92","920.92","","","","","","","","","","","","","Gross Charge Type: Main Acute Price List"
"LENS, EYEHANCE TECNIS SIMPLICITY 1-PIECE IOL 33.00","GyscChSup113590","CDM","276","RC","V2632","HCPCS","","","facility","both","","","","920.92","920.92","","","","","","","","","","","","","Gross Charge Type: Main Acute Price List"
"LENS, EYEHANCE TECNIS SIMPLICITY 1-PIECE IOL 34.00","ScpuChSup113592","CDM","276","RC","V2632","HCPCS","","","facility","both","","","","920.92","920.92","","","","","","","","","","","","","Gross Charge Type: Main Acute Price List"
"LENS, EYEHANCE TECNIS SIMPLICITY 1-PIECE IOL 5.50","ScanChSup113553","CDM","276","RC","V2632","HCPCS","","","facility","both","","","","920.92","920.92","","","","","","","","","","","","","Gross Charge Type: Main Acute Price List"
"LENS, EYEHANCE TECNIS SIMPLICITY 1-PIECE IOL 6.00","AnesChSup113554","CDM","276","RC","V2632","HCPCS","","","facility","both","","","","979.4","979.4","","","","","","","","","","","","","Gross Charge Type: Main Acute Price List"
"LENS, EYEHANCE TECNIS SIMPLICITY 1-PIECE IOL 6.00","CcthChSup113554","CDM","276","RC","V2632","HCPCS","","","facility","both","","","","979.4","979.4","","","","","","","","","","","","","Gross Charge Type: Main Acute Price List"
"LENS, EYEHANCE TECNIS SIMPLICITY 1-PIECE IOL 6.00","OperWmSup113554","CDM","276","RC","V2632","HCPCS","","","facility","both","","","","979.4","979.4","","","","","","","","","","","","","Gross Charge Type: Main Acute Price List"
"LENS, EYEHANCE TECNIS SIMPLICITY 1-PIECE IOL 6.00","ScanChSup113554","CDM","276","RC","V2632","HCPCS","","","facility","both","","","","979.4","979.4","","","","","","","","","","","","","Gross Charge Type: Main Acute Price List"
"LENS, EYEHANCE TECNIS SIMPLICITY 1-PIECE IOL 6.50","PacuWmSup113555","CDM","276","RC","V2632","HCPCS","","","facility","both","","","","979.4","979.4","","","","","","","","","","","","","Gross Charge Type: Main Acute Price List"
"LENS, EYEHANCE TECNIS SIMPLICITY 1-PIECE IOL 6.50","ScanChSup113555","CDM","276","RC","V2632","HCPCS","","","facility","both","","","","979.4","979.4","","","","","","","","","","","","","Gross Charge Type: Main Acute Price List"
"LENS, EYEHANCE TECNIS SIMPLICITY 1-PIECE IOL 7.00","AngiWmSup113556","CDM","276","RC","V2632","HCPCS","","","facility","both","","","","920.92","920.92","","","","","","","","","","","","","Gross Charge Type: Main Acute Price List"
"LENS, EYEHANCE TECNIS SIMPLICITY 1-PIECE IOL 8.50","PacuWmSup113558","CDM","276","RC","V2632","HCPCS","","","facility","both","","","","920.92","920.92","","","","","","","","","","","","","Gross Charge Type: Main Acute Price List"
"LENS, EYEHANCE TECNIS SIMPLICITY 1-PIECE IOL 9.00","ScanWmSup113559","CDM","276","RC","V2632","HCPCS","","","facility","both","","","","920.92","920.92","","","","","","","","","","","","","Gross Charge Type: Main Acute Price List"
"LENS, EYEHANCE TORIC 18.5 DIOPTER","CspuChSup115354","CDM","276","RC","V2787","HCPCS","","","facility","both","","","","3239.06","3239.06","","","","","","","","","","","","","Gross Charge Type: Main Acute Price List"
"LENS, EYEHANCE TORIC DIU450 24.00","OperChSup10180702","CDM","276","RC","V2787","HCPCS","","","facility","both","","","","3665.91","3665.91","","","","","","","","","","","","","Gross Charge Type: Main Acute Price List"
"LENS, EYEHANCE TORIC DIU450 24.00","ScorWmSup10180702","CDM","276","RC","V2787","HCPCS","","","facility","both","","","","3665.91","3665.91","","","","","","","","","","","","","Gross Charge Type: Main Acute Price List"
"LENS, EYEHANCE TORIC II 20.0","GyscChSup115463","CDM","276","RC","V2787","HCPCS","","","facility","both","","","","3444.74","3444.74","","","","","","","","","","","","","Gross Charge Type: Main Acute Price List"
"LENS, EYEHANCE TORIC II 20.5","AngiChSup115497","CDM","276","RC","V2787","HCPCS","","","facility","both","","","","3444.74","3444.74","","","","","","","","","","","","","Gross Charge Type: Main Acute Price List"
"LENS, EYEHANCE TORIC II 22.5","ScorChSup120239","CDM","276","RC","V2787","HCPCS","","","facility","both","","","","3665.05","3665.05","","","","","","","","","","","","","Gross Charge Type: Main Acute Price List"
"LENS, EYEHANCE TORIC II 28.00","ScpuWmSup113625","CDM","276","RC","V2787","HCPCS","","","facility","both","","","","3446.21","3446.21","","","","","","","","","","","","","Gross Charge Type: Main Acute Price List"
"LENS, EYEHANCE TORIC II 5.50","GastChSup113043","CDM","276","RC","V2787","HCPCS","","","facility","both","","","","3446.21","3446.21","","","","","","","","","","","","","Gross Charge Type: Main Acute Price List"
"LENS, EYEHANCE TORIC II SIMPLICITY 1-PIECE IOL 14.50","AngiChSup111200","CDM","276","RC","V2632","HCPCS","","","facility","both","","","","3446.21","3446.21","","","","","","","","","","","","","Gross Charge Type: Main Acute Price List"
"LENS, EYEHANCE TORIC II SIMPLICITY 1-PIECE IOL 14.50","OperWmSup111200","CDM","276","RC","V2632","HCPCS","","","facility","both","","","","3446.21","3446.21","","","","","","","","","","","","","Gross Charge Type: Main Acute Price List"
"LENS, EYEHANCE TORIC II SIMPLICITY 1-PIECE IOL DIU225 16.50","AngiWmSup116153","CDM","276","RC","V2787","HCPCS","","","facility","both","","","","3665.05","3665.05","","","","","","","","","","","","","Gross Charge Type: Main Acute Price List"
"LENS, IOL AKEROS ASPHERIC AO60 20.0 DIOP","ScanWmSup52334","CDM","276","RC","C1780","HCPCS","","","facility","both","","","","800.77","800.77","","","","","","","","","","","","","Gross Charge Type: Main Acute Price List"
"LENS, IOL AKEROS ASPHERIC AO60 20.0 DIOP","ScpuChSup52334","CDM","276","RC","C1780","HCPCS","","","facility","both","","","","800.77","800.77","","","","","","","","","","","","","Gross Charge Type: Main Acute Price List"
"LENS, IOL AKEROS ASPHERIC AO60 21.0 DIOP","ScorChSup52336","CDM","276","RC","C1780","HCPCS","","","facility","both","","","","800.77","800.77","","","","","","","","","","","","","Gross Charge Type: Main Acute Price List"
"LENS, IOL AKEROS ASPHERIC AO60 22.0 DIOP","Wilm5452338","CDM","276","RC","C1780","HCPCS","","","facility","both","","","","800.77","800.77","","","","","","","","","","","","","Gross Charge Type: Main Acute Price List"
"LENS, IOL AKEROS ASPHERIC AO60 22.5 DIOP","Chrs5452339","CDM","276","RC","C1780","HCPCS","","","facility","both","","","","800.77","800.77","","","","","","","","","","","","","Gross Charge Type: Main Acute Price List"
"LENS, IOL AKEROS ASPHERIC AO60 23.5 DIOP","GastChSup52341","CDM","276","RC","C1780","HCPCS","","","facility","both","","","","800.77","800.77","","","","","","","","","","","","","Gross Charge Type: Main Acute Price List"
"LENS, IOL AKEROS ASPHERIC AO60 25.0 DIOP","PacuChSup52344","CDM","276","RC","C1780","HCPCS","","","facility","both","","","","752.95","752.95","","","","","","","","","","","","","Gross Charge Type: Main Acute Price List"
"LENS, IOL AKEROS ASPHERIC AO60 27.5 DIOP","CspuChSup52349","CDM","276","RC","C1780","HCPCS","","","facility","both","","","","831.56","831.56","","","","","","","","","","","","","Gross Charge Type: Main Acute Price List"
"LENS, IOL AKEROS ASPHERIC AO60 27.5 DIOP","ScorWmSup52349","CDM","276","RC","C1780","HCPCS","","","facility","both","","","","831.56","831.56","","","","","","","","","","","","","Gross Charge Type: Main Acute Price List"
"LENS, IOL AKREOS ASPHERIC AO60 10.5 DIOP","GastWmSup52315","CDM","276","RC","C1780","HCPCS","","","facility","both","","","","800.77","800.77","","","","","","","","","","","","","Gross Charge Type: Main Acute Price List"
"LENS, IOL AKREOS ASPHERIC AO60 11.0 DIOP","GastWmSup52316","CDM","276","RC","C1780","HCPCS","","","facility","both","","","","800.77","800.77","","","","","","","","","","","","","Gross Charge Type: Main Acute Price List"
"LENS, IOL AKREOS ASPHERIC AO60 11.0 DIOP","PacuWmSup52316","CDM","276","RC","C1780","HCPCS","","","facility","both","","","","800.77","800.77","","","","","","","","","","","","","Gross Charge Type: Main Acute Price List"
"LENS, IOL AKREOS ASPHERIC AO60 14.0 DIOP","ScorWmSup52322","CDM","276","RC","C1780","HCPCS","","","facility","both","","","","752.95","752.95","","","","","","","","","","","","","Gross Charge Type: Main Acute Price List"
"LENS, IOL AKREOS ASPHERIC AO60 15.0 DIOP","GastWmSup52324","CDM","276","RC","C1780","HCPCS","","","facility","both","","","","769.97","769.97","","","","","","","","","","","","","Gross Charge Type: Main Acute Price List"
"LENS, IOL AKREOS ASPHERIC AO60 16.0 DIOP","EplbChSup52326","CDM","276","RC","C1780","HCPCS","","","facility","both","","","","781.91","781.91","","","","","","","","","","","","","Gross Charge Type: Main Acute Price List"
"LENS, IOL AKREOS ASPHERIC AO60 16.0 DIOP","ScorChSup52326","CDM","276","RC","C1780","HCPCS","","","facility","both","","","","781.91","781.91","","","","","","","","","","","","","Gross Charge Type: Main Acute Price List"
"LENS, IOL AKREOS ASPHERIC AO60 3.0 DIOP","AngiWmSup67432","CDM","276","RC","V2632","HCPCS","","","facility","both","","","","784.43","784.43","","","","","","","","","","","","","Gross Charge Type: Main Acute Price List"
"LENS, IOL AKREOS ASPHERIC AO60 30.0 DIOP","ScorChSup10195397","CDM","276","RC","V2632","HCPCS","","","facility","both","","","","730","730","","","","","","","","","","","","","Gross Charge Type: Main Acute Price List"
"LENS, IOL AKREOS ASPHERIC AO60 6.0 DIOP","CLDRChSup67434","CDM","276","RC","C1780","HCPCS","","","facility","both","","","","752.95","752.95","","","","","","","","","","","","","Gross Charge Type: Main Acute Price List"
"LENS, IOL AKREOS ASPHERIC AO60 6.0 DIOP","ScanWmSup67434","CDM","276","RC","C1780","HCPCS","","","facility","both","","","","752.95","752.95","","","","","","","","","","","","","Gross Charge Type: Main Acute Price List"
"LENS, IOL CLAREON MONOFOCAL PRELOADED CCA0T0 DIOPTER 6.5","ScorChSup10196717","CDM","276","RC","V2632","HCPCS","","","facility","both","","","","876","876","","","","","","","","","","","","","Gross Charge Type: Main Acute Price List"
"LENS, IOL CLAREON MONOFOCAL PRELOADED SERIES CCA0T0 DIOPTER 16.0","ScorChSup10195341","CDM","276","RC","V2632","HCPCS","","","facility","both","","","","876","876","","","","","","","","","","","","","Gross Charge Type: Main Acute Price List"
"LENS, IOL PMMA SINGLE-PIECE  17.5D","CspuChSup39664","CDM","276","RC","V2632","HCPCS","","","facility","both","","","","347.52","347.52","","","","","","","","","","","","","Gross Charge Type: Main Acute Price List"
"LENS, IOL PMMA SINGLE-PIECE  17.5D","OperChSup39664","CDM","276","RC","V2632","HCPCS","","","facility","both","","","","347.52","347.52","","","","","","","","","","","","","Gross Charge Type: Main Acute Price List"
"LENS, IOL PMMA SINGLE-PIECE  17.5D","ScorChSup39664","CDM","276","RC","V2632","HCPCS","","","facility","both","","","","347.52","347.52","","","","","","","","","","","","","Gross Charge Type: Main Acute Price List"
"LENS, LI61AO 21.5 DIOP","CcthChSup27131","CDM","276","RC","V2632","HCPCS","","","facility","both","","","","723.99","723.99","","","","","","","","","","","","","Gross Charge Type: Main Acute Price List"
"LENS, REGULAR NON-TORIC PANOPTIX IOL TFAT00 19.00","CspuChSup112074","CDM","276","RC","V2632","HCPCS","","","facility","both","","","","5762.99","5762.99","","","","","","","","","","","","","Gross Charge Type: Main Acute Price List"
"LENS, SYMFONY MULTIFOCAL  10.0 DIOP","AngiChSup69320","CDM","276","RC","","","","","facility","both","","","","4923.16","4923.16","","","","","","","","","","","","","Gross Charge Type: Main Acute Price List"
"LENS, SYMFONY TORIC MULTIFOCAL  12.0 DIOP","GastWmSup71796","CDM","276","RC","V2788","HCPCS","","","facility","both","","","","5183.8","5183.8","","","","","","","","","","","","","Gross Charge Type: Main Acute Price List"
"LENS, SYMFONY TORIC MULTIFOCAL  12.0 DIOP","Wilm5471796","CDM","276","RC","V2788","HCPCS","","","facility","both","","","","5183.8","5183.8","","","","","","","","","","","","","Gross Charge Type: Main Acute Price List"
"LENS, SYMFONY TORIC MULTIFOCAL  22.5 DIOP","CLDRChSup71324","CDM","276","RC","V2632","HCPCS","","","facility","both","","","","5183.8","5183.8","","","","","","","","","","","","","Gross Charge Type: Main Acute Price List"
"LENS, SYMFONY TORIC MULTIFOCAL  22.5 DIOP","Chrs5471324","CDM","276","RC","V2632","HCPCS","","","facility","both","","","","5183.8","5183.8","","","","","","","","","","","","","Gross Charge Type: Main Acute Price List"
"LENS, TECNIS ACRYLIC 10.5 DIOPTER","GastChSup33545","CDM","276","RC","","","","","facility","both","","","","839.83","839.83","","","","","","","","","","","","","Gross Charge Type: Main Acute Price List"
"LENS, TECNIS ACRYLIC 18.0 DIOPTER","AnesChSup33560","CDM","276","RC","","","","","facility","both","","","","893.16","893.16","","","","","","","","","","","","","Gross Charge Type: Main Acute Price List"
"LENS, TECNIS ACRYLIC 19.0 DIOPTER","ScorChSup33562","CDM","276","RC","","","","","facility","both","","","","893.16","893.16","","","","","","","","","","","","","Gross Charge Type: Main Acute Price List"
"LENS, TECNIS ACRYLIC 19.0 DIOPTER","ScpuChSup33562","CDM","276","RC","","","","","facility","both","","","","893.16","893.16","","","","","","","","","","","","","Gross Charge Type: Main Acute Price List"
"LENS, TECNIS ACRYLIC 19.5 DIOPTER","CcthChSup33563","CDM","276","RC","","","","","facility","both","","","","893.16","893.16","","","","","","","","","","","","","Gross Charge Type: Main Acute Price List"
"LENS, TECNIS ACRYLIC 22.5 DIOPTER","OperChSup33569","CDM","276","RC","","","","","facility","both","","","","839.83","839.83","","","","","","","","","","","","","Gross Charge Type: Main Acute Price List"
"LENS, TECNIS ACRYLIC 22.5 DIOPTER","ScanChSup33569","CDM","276","RC","","","","","facility","both","","","","839.83","839.83","","","","","","","","","","","","","Gross Charge Type: Main Acute Price List"
"LENS, TECNIS ACRYLIC 28.0 DIOPTER","ScorChSup33580","CDM","276","RC","","","","","facility","both","","","","893.16","893.16","","","","","","","","","","","","","Gross Charge Type: Main Acute Price List"
"LENS, TECNIS ACRYLIC 28.5 DIOPTER","ScpuChSup33581","CDM","276","RC","","","","","facility","both","","","","893.16","893.16","","","","","","","","","","","","","Gross Charge Type: Main Acute Price List"
"LENS, TORIC PANOPTIX IOL TFAT30/20.00","GastWmSup113012","CDM","276","RC","V2632","HCPCS","","","facility","both","","","","5762.99","5762.99","","","","","","","","","","","","","Gross Charge Type: Main Acute Price List"
"LENS, TORIC PANOPTIX IOL TFAT40/20.00","ScpuChSup113013","CDM","276","RC","V2632","HCPCS","","","facility","both","","","","5762.99","5762.99","","","","","","","","","","","","","Gross Charge Type: Main Acute Price List"
"LENS, TORIC PANOPTIX IOL TFAT60/20.00","EplbChSup113015","CDM","276","RC","V2632","HCPCS","","","facility","both","","","","5762.99","5762.99","","","","","","","","","","","","","Gross Charge Type: Main Acute Price List"
"LENS,ACRYLIC ASPERIC 1-PIECE IOL 33.0 DI","CcthChSup62854","CDM","276","RC","V2632","HCPCS","","","facility","both","","","","893.16","893.16","","","","","","","","","","","","","Gross Charge Type: Main Acute Price List"
"LENS,ACRYLIC ASPERIC 1-PIECE IOL 33.0 DI","OperChSup62854","CDM","276","RC","V2632","HCPCS","","","facility","both","","","","893.16","893.16","","","","","","","","","","","","","Gross Charge Type: Main Acute Price List"
"LEVETIRACETAM BLOOD LEVEL","ChemSR2705","CDM","301","RC","80177","HCPCS","","","facility","both","","","","74.79","74.79","","","","","","","","","","","","","Gross Charge Type: Main Acute Price List"
"LIGAMENT, PATELLA BISECTED FROZEN 10MM","AngiWmSup49348","CDM","278","RC","C1762","HCPCS","","","facility","both","","","","17479.93","17479.93","","","","","","","","","","","","","Gross Charge Type: Main Acute Price List"
"LIGAMENT, PATELLA BISECTED FROZEN 10MM","ScorChSup49348","CDM","278","RC","C1762","HCPCS","","","facility","both","","","","17479.93","17479.93","","","","","","","","","","","","","Gross Charge Type: Main Acute Price List"
"LIGASURE, EXACT DISSECTOR","DelrChSup109008","CDM","270","RC","","","","","facility","both","","","","3271.62","3271.62","","","","","","","","","","","","","Gross Charge Type: Main Acute Price List"
"LIGASURE, MARYLAND JAW LAP DEVICE 23CM","ScanWmSup78219","CDM","272","RC","","","","","facility","both","","","","3057.58","3057.58","","","","","","","","","","","","","Gross Charge Type: Main Acute Price List"
"LIGASURE, MARYLAND JAW LAP DEVICE","ScorWmSup61093","CDM","272","RC","","","","","facility","both","","","","3057.58","3057.58","","","","","","","","","","","","","Gross Charge Type: Main Acute Price List"
"LIGASURE, MARYLAND JAW THORACIC SEALER/DIVIDER","AnesChSup111242","CDM","272","RC","","","","","facility","both","","","","3977.84","3977.84","","","","","","","","","","","","","Gross Charge Type: Main Acute Price List"
"LIGASURE, MARYLAND JAW THORACIC SEALER/DIVIDER","AngiWmSup111242","CDM","272","RC","","","","","facility","both","","","","3977.84","3977.84","","","","","","","","","","","","","Gross Charge Type: Main Acute Price List"
"LIGASURE, SEALER SMALL JAW CURVE","Chrs5447484","CDM","272","RC","","","","","facility","both","","","","2374.7","2374.7","","","","","","","","","","","","","Gross Charge Type: Main Acute Price List"
"LIGASURE, SEALER SMALL JAW CURVE","ScpuWmSup47484","CDM","272","RC","","","","","facility","both","","","","2374.7","2374.7","","","","","","","","","","","","","Gross Charge Type: Main Acute Price List"
"LIGATOR, CRH O'REGAN WITHOUT ANOSCOPE","CcthChSup72078","CDM","272","RC","","","","","facility","both","","","","425.71","425.71","","","","","","","","","","","","","Gross Charge Type: Main Acute Price List"
"LIGATOR, CRH O'REGAN WITHOUT ANOSCOPE","GastWmSup72078","CDM","272","RC","","","","","facility","both","","","","425.71","425.71","","","","","","","","","","","","","Gross Charge Type: Main Acute Price List"
"LIGATOR, SHORTSHOT HEMORRHOIDAL MULTIBAND WITH TRIVIEW ANASCOPE","AnesChSup114105","CDM","272","RC","","","","","facility","both","","","","206.86","206.86","","","","","","","","","","","","","Gross Charge Type: Main Acute Price List"
"LIGATOR, SIX SHOOTER UNIV OPTI VU BARREL","OperChSup35198","CDM","272","RC","","","","","facility","both","","","","1476.95","1476.95","","","","","","","","","","","","","Gross Charge Type: Main Acute Price List"
"LIGATOR, SUPER 7 BAND","ScorWmSup24507","CDM","270","RC","","","","","facility","both","","","","846.96","846.96","","","","","","","","","","","","","Gross Charge Type: Main Acute Price List"
"LINE, ANESTHESIA GAS SAMPLING","GastChSup23952","CDM","270","RC","","","","","facility","both","","","","50.38","50.38","","","","","","","","","","","","","Gross Charge Type: Main Acute Price List"
"LINER, ACETABULAR G7 LONGEVITY HIGHLY CROSSLINKED POLY 36MM SZ E","GyscChSup115438","CDM","278","RC","C1776","HCPCS","","","facility","both","","","","7844.75","7844.75","","","","","","","","","","","","","Gross Charge Type: Main Acute Price List"
"LINER, ACETABULAR REFLECTION XLPE 20 DEGREE 36MM +4MM","OperWmSup115314","CDM","278","RC","C1776","HCPCS","","","facility","both","","","","4082.85","4082.85","","","","","","","","","","","","","Gross Charge Type: Main Acute Price List"
"LINER, CONSTRAINED ACETABULAR 54MM","CcthChSup115486","CDM","278","RC","C1776","HCPCS","","","facility","both","","","","15139.49","15139.49","","","","","","","","","","","","","Gross Charge Type: Main Acute Price List"
"LINER, CONSTRAINED ACETABULAR 54MM","GastChSup115486","CDM","278","RC","C1776","HCPCS","","","facility","both","","","","15139.49","15139.49","","","","","","","","","","","","","Gross Charge Type: Main Acute Price List"
"LINER, CONSTRAINED ACETABULAR 54MM","GyscChSup115486","CDM","278","RC","C1776","HCPCS","","","facility","both","","","","15139.49","15139.49","","","","","","","","","","","","","Gross Charge Type: Main Acute Price List"
"LINER, CONSTRAINED ACETABULAR 54MM","ScpuChSup115486","CDM","278","RC","C1776","HCPCS","","","facility","both","","","","15139.49","15139.49","","","","","","","","","","","","","Gross Charge Type: Main Acute Price List"
"LINER, G7 FREEDOM VITAMIN E HIGHLY CROSSLINKED POLY","OperChSup121181","CDM","278","RC","C1776","HCPCS","","","facility","both","","","","30792.96","30792.96","","","","","","","","","","","","","Gross Charge Type: Main Acute Price List"
"LINER, HUMERAL SIZE 42+6/45 CONSTRAINED COMBINATION","ScorChSup10180647","CDM","278","RC","C1776","HCPCS","","","facility","both","","","","4670.19","4670.19","","","","","","","","","","","","","Gross Charge Type: Main Acute Price List"
"LINER, LEGEND ACETABULAR FACE-CHANGING 28/46 -COMPT","AnesWmSup111588","CDM","278","RC","C1776","HCPCS","","","facility","both","","","","3387.86","3387.86","","","","","","","","","","","","","Gross Charge Type: Main Acute Price List"
"LINER, LEGEND ACETABULAR FACE-CHANGING 28/60 -COMPT","ScpuChSup111595","CDM","278","RC","C1776","HCPCS","","","facility","both","","","","3185.57","3185.57","","","","","","","","","","","","","Gross Charge Type: Main Acute Price List"
"LINER, LEGEND ACETABULAR HOODED 36/52 -COMPT","CspuChSup111537","CDM","278","RC","C1776","HCPCS","","","facility","both","","","","3185.57","3185.57","","","","","","","","","","","","","Gross Charge Type: Main Acute Price List"
"LINER, LEGEND ACETABULAR HOODED 36/56 -COMPT","CcthChSup111539","CDM","278","RC","C1776","HCPCS","","","facility","both","","","","3185.57","3185.57","","","","","","","","","","","","","Gross Charge Type: Main Acute Price List"
"LINER, LEGEND ACETABULAR HOODED 40/54 -COMPT","PacuWmSup111544","CDM","278","RC","C1776","HCPCS","","","facility","both","","","","3185.57","3185.57","","","","","","","","","","","","","Gross Charge Type: Main Acute Price List"
"LINER, LEGEND ACETABULAR NEUTRAL 36/50 -COMPT","GastWmSup111502","CDM","278","RC","C1776","HCPCS","","","facility","both","","","","3387.86","3387.86","","","","","","","","","","","","","Gross Charge Type: Main Acute Price List"
"LINER, LEGEND ACETABULAR NEUTRAL 36/52 -COMPT","AngiChSup111650","CDM","278","RC","C1776","HCPCS","","","facility","both","","","","3185.57","3185.57","","","","","","","","","","","","","Gross Charge Type: Main Acute Price List"
"LINER, LEGEND ACETABULAR NEUTRAL 36/52 -COMPT","GastWmSup111650","CDM","278","RC","C1776","HCPCS","","","facility","both","","","","3185.57","3185.57","","","","","","","","","","","","","Gross Charge Type: Main Acute Price List"
"LINER, LEGEND ACETABULAR NEUTRAL 36/54-COMPT","OperChSup111756","CDM","278","RC","C1776","HCPCS","","","facility","both","","","","3387.86","3387.86","","","","","","","","","","","","","Gross Charge Type: Main Acute Price List"
"LINER, LEGEND ACETABULAR NEUTRAL 36/64-70 -COMPT","ScorChSup111507","CDM","278","RC","C1776","HCPCS","","","facility","both","","","","3185.57","3185.57","","","","","","","","","","","","","Gross Charge Type: Main Acute Price List"
"LINER, LEGEND ACETABULAR NEUTRAL 40/56 -COMPT","GyscChSup111509","CDM","278","RC","C1776","HCPCS","","","facility","both","","","","3387.86","3387.86","","","","","","","","","","","","","Gross Charge Type: Main Acute Price List"
"LINER, LEGEND ACETABULAR NEUTRAL 40/56 -COMPT","ScpuChSup111509","CDM","278","RC","C1776","HCPCS","","","facility","both","","","","3387.86","3387.86","","","","","","","","","","","","","Gross Charge Type: Main Acute Price List"
"LINER, LEGEND ACETABULAR NEUTRAL 40/58 -COMPT","ScorWmSup111510","CDM","278","RC","C1776","HCPCS","","","facility","both","","","","3387.86","3387.86","","","","","","","","","","","","","Gross Charge Type: Main Acute Price List"
"LINER, LEGEND ACETABULAR NEUTRAL 40/64-70 -COMPT","OperWmSup111513","CDM","278","RC","C1776","HCPCS","","","facility","both","","","","3185.57","3185.57","","","","","","","","","","","","","Gross Charge Type: Main Acute Price List"
"LINER, NEUTRAL TM REV LONGEVITY 62/64 X40","ScorWmSup121110","CDM","278","RC","C1776","HCPCS","","","facility","both","","","","13048.8","13048.8","","","","","","","","","","","","","Gross Charge Type: Main Acute Price List"
"LINER, SHOULDER REVERSE TM POLY +3MM","GastChSup41408","CDM","278","RC","C1776","HCPCS","","","facility","both","","","","6851.29","6851.29","","","","","","","","","","","","","Gross Charge Type: Main Acute Price List"
"LINER, XLPE ANTEVERTED SZ 36MM 60MM","OperChSup120361","CDM","278","RC","C1713","HCPCS","","","facility","both","","","","33108.6","33108.6","","","","","","","","","","","","","Gross Charge Type: Main Acute Price List"
"LINER, XLPE ANTEVERTED SZ 36MM 60MM","OperWmSup120361","CDM","278","RC","C1713","HCPCS","","","facility","both","","","","33108.6","33108.6","","","","","","","","","","","","","Gross Charge Type: Main Acute Price List"
"LIPID PANEL","ChemCh80061","CDM","301","RC","80061","HCPCS","","","facility","both","","","","181.71","181.71","","","","","","","","","","","","","Gross Charge Type: Main Acute Price List"
"LIPIDS-TOTAL","ChemWm7556","CDM","301","RC","82465","HCPCS","","","facility","both","","","","183.11","183.11","","","","","","","","","","","","","Gross Charge Type: Main Acute Price List"
"LIPIODOL ULTRA-FLUIDE CONTRAST","PharHg13952","CDM","258","RC","","","","","facility","both","","","","0.56","0.56","","","","","","","","","","","","","Gross Charge Type: Main Acute Price List"
"LMA, I-GEL SIZE 3","ScpuWmSup55024","CDM","272","RC","","","","","facility","both","","","","56.78","56.78","","","","","","","","","","","","","Gross Charge Type: Main Acute Price List"
"LOOP, FIBER 2.0","GastWmSup41174","CDM","270","RC","","","","","facility","both","","","","314.39","314.39","","","","","","","","","","","","","Gross Charge Type: Main Acute Price List"
"LOOP, LETZ ELECTRODE 15X12MM GRN DISP","PacuChSup34848","CDM","270","RC","","","","","facility","both","","","","99.17","99.17","","","","","","","","","","","","","Gross Charge Type: Main Acute Price List"
"LOOP, LETZ ELECTRODE 15X12MM GRN DISP","ScpuWmSup34848","CDM","270","RC","","","","","facility","both","","","","99.17","99.17","","","","","","","","","","","","","Gross Charge Type: Main Acute Price List"
"LSH Uterus Above 250 g","58543","HCPCS","","","","","","","facility","outpatient","","","","","","Bcbs","Highmark Medicare Managed Care Plan","10912.57","","","","","","","fee schedule","10912.57","34460.74","APC"
"LT US,EXTREMITY,NONVASCULAR,IMG,LIMITED LT GLR","S107US2201","CDM","402","RC","76882","HCPCS","","","facility","both","","","LT","125.8","125.8","","","","","","","","","","","","","Gross Charge Type: Acute Discounted | The modified price is presented in the standard charge value. | Modifier LT: Left side (used to identify procedures performed on the left side of the body)"
"LT US,EXTREMITY,NONVASCULAR,IMG,LIMITED LT GLR","S107US2201","CDM","402","RC","76882","HCPCS","","","facility","both","","","LT","163.55","163.55","","","","","","","","","","","","","Gross Charge Type: Main Acute Price List | The modified price is presented in the standard charge value. | Modifier LT: Left side (used to identify procedures performed on the left side of the body)"
"LT US,EXTREMITY,NONVASCULAR,IMG,LIMITED LT PFR","RdpfAUP2201","CDM","972","RC","76882","HCPCS","","","facility","both","","","26","110.43","110.43","","","","","","","","","","","","","Gross Charge Type: Main Acute Price List | The modified price is presented in the standard charge value. | Modifier 26: Professional Component"
"LUBRICANT,ROTOGLIDE EA 2354-00","PacuChSup41978","CDM","270","RC","","","","","facility","both","","","","733.01","733.01","","","","","","","","","","","","","Gross Charge Type: Main Acute Price List"
"LUBRICANT,ROTOGLIDE EA 2354-00","ScanWmSup41978","CDM","270","RC","","","","","facility","both","","","","733.01","733.01","","","","","","","","","","","","","Gross Charge Type: Main Acute Price List"
"LYME TITER","VIRORN1481","CDM","302","RC","86618","HCPCS","","","facility","both","","","","262.79","262.79","","","","","","","","","","","","","Gross Charge Type: Main Acute Price List"
"Lactoferrin fecal (qual)","83630","HCPCS","","","","","","","facility","outpatient","","","","","","Aetna","All Commercial Plans","27.58","","","","","","","fee schedule","12.81","59.1","Radiology"
"Lamellar bdy fetal lung","83664","HCPCS","","","","","","","facility","outpatient","","","","","","Cigna","All Commercial Plans","12.56","","","","","","","fee schedule","12.56","57.96",""
"Laminotomy single cervical","63040","HCPCS","","","","","","","facility","outpatient","","","","","","Ambetter","All Commercial Plans","11761.92","","","","","","","fee schedule","7449.22","23523.84","Radiology"
"Laminotomy single lumbar","63042","HCPCS","","","","","","","facility","outpatient","","","","","","Bcbs","Highmark Wholecare Medicare Managed Care Plan","8625.41","","","","","","","fee schedule","7449.22","23523.84","APC"
"Lap impl electrode antrum","43647","HCPCS","","","","","","","facility","outpatient","","","","","","Bcbs","Highmark All Commercial Plans","17766.68","","","","","","","fee schedule","11439.07","36123.38","Radiology"
"Lap jejunostomy","44186","HCPCS","","","","","","","facility","outpatient","","","","","","Jefferson Health Plan","Health Partners Medicaid Managed Care/Aca Plan","19598.93","","","","","","","fee schedule","6206.33","19598.93","APC"
"Lap replace gastr adj device","43773","HCPCS","","","","","","","facility","outpatient","","","","","","Healthspring","Medicare Managed Care Plan","6532.98","","","","","","","fee schedule","6206.33","19598.93","APC"
"Lap rv/rmv eso sph nstm eltr","1014T","HCPCS","","","","","","","facility","outpatient","","","","","","Jefferson Health Plan","Health Partners Medicare Managed Care Plan","12643.18","","","","","","","fee schedule","11439.07","36123.38","APC"
"Lap srg prst8ct bi pl lmphad","55869","HCPCS","","","","","","","facility","outpatient","","","","","","Amerihealth","Caritas Next Other Commercial Plan","18379.06","","","","","","","fee schedule","10912.57","34460.74","Radiology"
"Lap srg prst8ct lymph nod bx","55868","HCPCS","","","","","","","facility","outpatient","","","","","","Healthspring","Medicare Managed Care Plan","11486.91","","","","","","","fee schedule","10912.57","34460.74","APC"
"Laparo New Ureter/Bladder","50947","HCPCS","","","","","","","facility","outpatient","","","","","","Jefferson Health Plan","Health Partners Medicare Managed Care Plan","12061.26","","","","","","","fee schedule","10912.57","34460.74","APC"
"Laparo ablate liver tumor rf","47370","HCPCS","","","","","","","facility","outpatient","","","","","","Amerihealth","Medicare Managed Care Plan","12405.87","","","","","","","fee schedule","10912.57","34460.74","APC"
"Laparo ablate liver tumor rf","47370","HCPCS","","","","","","","facility","outpatient","","","","","","Jefferson Health Plan","Health Partners Medicare Managed Care Plan","12061.26","","","","","","","fee schedule","10912.57","34460.74","APC"
"Laparo cholecystectomy/explr","47564","HCPCS","","","","","","","facility","outpatient","","","","","","Aetna","All Commercial Plans","16081.68","","","","","","","fee schedule","10912.57","34460.74","Radiology"
"Laparo ligate spermatic vein","55550","HCPCS","","","","","","","facility","outpatient","","","","","","Aetna","All Commercial Plans","9146.17","","","","","","","fee schedule","6206.33","19598.93","Radiology"
"Laparo partial nephrectomy","50543","HCPCS","","","","","","","facility","outpatient","","","","","","Amerihealth","Medicare Managed Care Plan","12405.87","","","","","","","fee schedule","10912.57","34460.74","APC"
"Laparo proc abdm/per/oment","49329","HCPCS","","","","","","","facility","outpatient","","","","","","Amerihealth","Caritas Next Other Commercial Plan","10452.76","","","","","","","fee schedule","6206.33","19598.93","Radiology"
"Laparo proc uterus","58578","HCPCS","","","","","","","facility","outpatient","","","","","","Aetna","Medicare Managed Care Plan","6728.97","","","","","","","fee schedule","6206.33","19598.93","APC"
"Laparo urethral suspension","51990","HCPCS","","","","","","","facility","outpatient","","","","","","Jefferson Health Plan","Health Partners Medicaid Managed Care/Aca Plan","19598.93","","","","","","","fee schedule","6206.33","19598.93","APC"
"Laparoscope proc biliary","47579","HCPCS","","","","","","","facility","outpatient","","","","","","Bcbs","Highmark Wholecare Medicare Managed Care Plan","7186.27","","","","","","","fee schedule","6206.33","19598.93","APC"
"Laparoscope proc renal","50549","HCPCS","","","","","","","facility","outpatient","","","","","","Healthspring","Medicare Managed Care Plan","6532.98","","","","","","","fee schedule","6206.33","19598.93","APC"
"Laparoscope proc spleen","38129","HCPCS","","","","","","","facility","outpatient","","","","","","Healthspring","Medicare Managed Care Plan","6532.98","","","","","","","fee schedule","6206.33","19598.93","APC"
"Laparoscopic Cholecystectomy Without C.D.E. Without Cc/Mcc","419","MS-DRG","","","","","","","facility","inpatient","","","","","","Unitedhealthcare","All Commercial Plans","","91","","","","","0","percent of total billed charges","","","No services performed during 15-month lookback period."
"Laparoscopic cholecystectomy","47562","HCPCS","","","","","","","facility","outpatient","","","","","","Jefferson Health Plan","Health Partners Medicaid Managed Care/Aca Plan","19598.93","","","","","","","fee schedule","6206.33","19598.93","APC"
"Laparoscopic myomectomy","58545","HCPCS","","","","","","","facility","outpatient","","","","","","Bcbs","Highmark Wholecare Medicare Managed Care Plan","7186.27","","","","","","","fee schedule","6206.33","19598.93","APC"
"Laparoscopy aspiration","49322","HCPCS","","","","","","","facility","outpatient","","","","","","Aetna","All Commercial Plans","9146.17","","","","","","","fee schedule","6206.33","19598.93","Radiology"
"Laparoscopy aspiration","49322","HCPCS","","","","","","","facility","outpatient","","","","","","Jefferson Health Plan","Health Partners Medicaid Managed Care/Aca Plan","19598.93","","","","","","","fee schedule","6206.33","19598.93","APC"
"Laparoscopy gastrostomy","43653","HCPCS","","","","","","","facility","outpatient","","","","","","Jefferson Health Plan","Health Partners Medicare Managed Care Plan","6859.62","","","","","","","fee schedule","6206.33","19598.93","APC"
"Laparoscopy lymph node biop","38570","HCPCS","","","","","","","facility","outpatient","","","","","","Bcbs","Highmark All Commercial Plans","9639.41","","","","","","","fee schedule","6206.33","19598.93","Radiology"
"Laparoscopy lysis","58660","HCPCS","","","","","","","facility","outpatient","","","","","","Bcbs","Highmark Wholecare Medicare Managed Care Plan","7186.27","","","","","","","fee schedule","6206.33","19598.93","APC"
"Laparoscopy remove adnexa","58661","HCPCS","","","","","","","facility","outpatient","","","","","","Amerihealth","Medicare Managed Care Plan","7055.61","","","","","","","fee schedule","6206.33","19598.93","APC"
"Laparoscopy salpingostomy","58673","HCPCS","","","","","","","facility","outpatient","","","","","","Aetna","All Commercial Plans","16081.68","","","","","","","fee schedule","10912.57","34460.74","Radiology"
"Laparoscopy splenectomy","38120","HCPCS","","","","","","","facility","outpatient","","","","","","Amerihealth","Medicare Managed Care Plan","12405.87","","","","","","","fee schedule","10912.57","34460.74","APC"
"Laps insj nw/rpcmt isdss 1ld","0675T","HCPCS","","","","","","","facility","outpatient","","","","","","Aetna","All Commercial Plans","16857.58","","","","","","","fee schedule","11439.07","36123.38","Radiology"
"Laps repos lead isdss 1st ld","0677T","HCPCS","","","","","","","facility","outpatient","","","","","","Amerihealth","Caritas Next Other Commercial Plan","18379.06","","","","","","","fee schedule","10912.57","34460.74","Radiology"
"Laps rmvl lead isdss","0679T","HCPCS","","","","","","","facility","outpatient","","","","","","Amerihealth","Caritas Next Other Commercial Plan","18379.06","","","","","","","fee schedule","10912.57","34460.74","Radiology"
"Largsc w/ther injection","31573","HCPCS","","","","","","","facility","outpatient","","","","","","Bcbs","Highmark All Commercial Plans","2837.99","","","","","","","fee schedule","1827.24","5770.23","Radiology"
"Laryngoplasty cricoid split","31587","HCPCS","","","","","","","facility","outpatient","","","","","","Ambetter","All Commercial Plans","9595.72","","","","","","","fee schedule","6077.29","19191.43","Radiology"
"Laryngoplasty laryngeal web","31580","HCPCS","","","","","","","facility","outpatient","","","","","","Bcbs","Highmark Wholecare Medicare Managed Care Plan","7036.86","","","","","","","fee schedule","6077.29","19191.43","APC"
"Laryngoplasty medialization","31591","HCPCS","","","","","","","facility","outpatient","","","","","","Bcbs","Highmark Medicare Managed Care Plan","6077.29","","","","","","","fee schedule","6077.29","19191.43","APC"
"Laryngoscop w/vc inj + scope","31571","HCPCS","","","","","","","facility","outpatient","","","","","","Bcbs","Highmark Medicare Managed Care Plan","3827.51","","","","","","","fee schedule","3827.51","12086.88","APC"
"Laryngoscope w/vc inj","31570","HCPCS","","","","","","","facility","outpatient","","","","","","Aetna","All Commercial Plans","5640.55","","","","","","","fee schedule","3827.51","12086.88","Radiology"
"Laryngoscopic sensory vid","92614","HCPCS","","","","","","","facility","outpatient","","","","","","Ambetter","All Commercial Plans","80.98","","","","","","","fee schedule","51.29","161.97","Radiology"
"Laryngoscopy and dilation","31529","HCPCS","","","","","","","facility","outpatient","","","","","","Aetna","All Commercial Plans","5640.55","","","","","","","fee schedule","3827.51","12086.88","Radiology"
"Laryngoscopy for aspiration","31515","HCPCS","","","","","","","facility","outpatient","","","","","","Ambetter","All Commercial Plans","633.98","","","","","","","fee schedule","401.52","1267.96","Radiology"
"Laryngoscopy w/fb removal","31530","HCPCS","","","","","","","facility","outpatient","","","","","","Ambetter","All Commercial Plans","2885.12","","","","","","","fee schedule","1827.24","5770.23","Radiology"
"Larynscop remve cart + scop","31561","HCPCS","","","","","","","facility","outpatient","","","","","","Bcbs","Highmark All Commercial Plans","11252.9","","","","","","","fee schedule","7245.17","22879.5","Radiology"
"Laser Eye Procedures","5481","APC","","","","","","","facility","outpatient","","","","","","Ambetter","All Commercial Plans","","","[OP Surgery  (%BC): 91] [Observation (%BC): 91] [Emergency Department (%BC): 91] [Radiology Fee Schedule: FEE SCHEDULE] [Laboratory Fee Schedule: FEE SCHEDULE] [Occupational Therapy (%BC): 91] [Physical Therapy (%BC): 91] [Respiratory Services/Therapy  (%BC): 91] [Speech Therapy (%BC): 91] [OP High Cost Drugs Fee Schedule: FEE SCHEDULE] [All Other OP (%BC): 91]","1397.89","1397.89","1397.89","1 through 10","other","","","Contracting method is an algorithm described in the 'standard_charges|algorithm' field. The allowed amount provided accounts for the structural rates, conditions, and utilization elements inherent in the payer’s algorithm."
"Laser surg penis lesion(s)","54057","HCPCS","","","","","","","facility","outpatient","","","","","","Bcbs","Highmark Medicare Managed Care Plan","2118.16","","","","","","","fee schedule","2118.16","6688.93","APC"
"Laser surgery anal lesions","46917","HCPCS","","","","","","","facility","outpatient","","","","","","Aetna","All Commercial Plans","4199.25","","","","","","","fee schedule","2849.49","8998.38","Radiology"
"Laser tx skin >500 sq cm","96922","HCPCS","","","","","","","facility","outpatient","","","","","","Amerihealth","Caritas Next Other Commercial Plan","702.87","","","","","","","fee schedule","417.33","1317.88","Radiology"
"Laser tx skin >500 sq cm","96922","HCPCS","","","","","","","facility","outpatient","","","","","","Jefferson Health Plan","Health Partners Medicare Managed Care Plan","461.26","","","","","","","fee schedule","417.33","1317.88","APC"
"Ldns lrp4 antb imflr livecll","0546U","HCPCS","","","","","","","facility","outpatient","","","","","","Aetna","Medicare Managed Care Plan","38.86","","","","","","","fee schedule","35.84","113.19","APC"
"Ldns lrp4 antb imflr livecll","0546U","HCPCS","","","","","","","facility","outpatient","","","","","","Bcbs","Highmark Medicare Managed Care Plan","35.84","","","","","","","fee schedule","35.84","113.19","APC"
"Lefort i-1 piece w/o graft","21141","HCPCS","","","","","","","facility","outpatient","","","","","","Aetna","All Commercial Plans","8956","","","","","","","fee schedule","6077.29","19191.43","Radiology"
"Lefort i-2 piece w/ graft","21146","HCPCS","","","","","","","facility","outpatient","","","","","","Aetna","All Commercial Plans","8956","","","","","","","fee schedule","6077.29","19191.43","Radiology"
"Lefort i-3/> piece w/ graft","21147","HCPCS","","","","","","","facility","outpatient","","","","","","Aetna","Medicare Managed Care Plan","6589.06","","","","","","","fee schedule","6077.29","19191.43","APC"
"Lefort iii w/ lefort i","21155","HCPCS","","","","","","","facility","outpatient","","","","","","Bcbs","Highmark All Commercial Plans","9438.99","","","","","","","fee schedule","6077.29","19191.43","Radiology"
"Lefort iii w/fhdw/o lefort i","21159","HCPCS","","","","","","","facility","outpatient","","","","","","Bcbs","Highmark Medicare Managed Care Plan","6077.29","","","","","","","fee schedule","6077.29","19191.43","APC"
"Lefort iii w/o lefort i","21154","HCPCS","","","","","","","facility","outpatient","","","","","","Healthspring","Medicare Managed Care Plan","6397.14","","","","","","","fee schedule","6077.29","19191.43","APC"
"Left anterior descending coronary artery","","","","","","","","","facility","both","","","LD","","","Aetna - MD","Better Health Medicaid Managed Care Plan","","","","","","","","","","","The modified price is presented in the standard charge value."
"Left anterior descending coronary artery","","","","","","","","","facility","both","","","LD","","","Aetna - PA","Better Health Medicaid Managed Care Plan","","","","","","","","","","","The modified price is presented in the standard charge value."
"Left anterior descending coronary artery","","","","","","","","","facility","both","","","LD","","","AmeriHealth","Caritas Medicaid Managed Care Plan","","","","","","","","","","","The modified price is presented in the standard charge value."
"Left anterior descending coronary artery","","","","","","","","","facility","both","","","LD","","","HealthSpring","Medicare Managed Care Plan","","","","","","","","","","","The modified price is presented in the standard charge value."
"Left foot, fifth digit","","","","","","","","","facility","both","","","T4","","","Aetna - NJ","Better Health Medicaid Managed Care Plan","","","","","","","","","","","The modified price is presented in the standard charge value."
"Left foot, fourth digit","","","","","","","","","facility","both","","","T3","","","Aetna","All Commercial Plans","","","","","","","","","","","The modified price is presented in the standard charge value."
"Left foot, fourth digit","","","","","","","","","facility","both","","","T3","","","AmeriHealth","Caritas Next Other Commercial Plan","","","","","","","","","","","The modified price is presented in the standard charge value."
"Left foot, fourth digit","","","","","","","","","facility","both","","","T3","","","BCBS","Highmark All Commercial Plans","","","","","","","","","","","The modified price is presented in the standard charge value."
"Left foot, great toe","","","","","","","","","facility","both","","","TA","","","Aetna - NJ","Better Health Medicaid Managed Care Plan","","","","","","","","","","","The modified price is presented in the standard charge value."
"Left foot, second digit","","","","","","","","","facility","both","","","T1","","","Aetna - MD","Better Health Medicaid Managed Care Plan","","","","","","","","","","","The modified price is presented in the standard charge value."
"Left foot, third digit","","","","","","","","","facility","both","","","T2","","","Aetna - PA","Better Health Medicaid Managed Care Plan","","","","","","","","","","","The modified price is presented in the standard charge value."
"Left foot, third digit","","","","","","","","","facility","both","","","T2","","","HealthSpring","Medicare Managed Care Plan","","","","","","","","","","","The modified price is presented in the standard charge value."
"Left hand, fifth digit","","","","","","","","","facility","both","","","F4","","","BCBS","Highmark WholeCare Medicare Managed Care Plan","","","","","","","","","","","The modified price is presented in the standard charge value."
"Left hand, fifth digit","","","","","","","","","facility","both","","","F4","","","Cigna","All Commercial Plans","","","","","","","","","","","The modified price is presented in the standard charge value."
"Left hand, fourth digit","","","","","","","","","facility","both","","","F3","","","Aetna","All Commercial Plans","","","","","","","","","","","The modified price is presented in the standard charge value."
"Left hand, fourth digit","","","","","","","","","facility","both","","","F3","","","UnitedHealthCare","Medicare Managed Care Plan","","","","","","","","","","","The modified price is presented in the standard charge value."
"Left hand, third digit","","","","","","","","","facility","both","","","F2","","","AmeriHealth","Medicare Managed Care Plan","","","","","","","","","","","The modified price is presented in the standard charge value."
"Left hand, third digit","","","","","","","","","facility","both","","","F2","","","BCBS","Highmark All Commercial Plans","","","","","","","","","","","The modified price is presented in the standard charge value."
"Left hand, third digit","","","","","","","","","facility","both","","","F2","","","Cigna","All Commercial Plans","","","","","","","","","","","The modified price is presented in the standard charge value."
"Left hand, thumb","","","","","","","","","facility","both","","","FA","","","Aetna - NJ","Better Health Medicaid Managed Care Plan","","","","","","","","","","","The modified price is presented in the standard charge value."
"Left hrt cath w/ventrclgrphy","93452","HCPCS","","","","","","","facility","outpatient","","","","","","Amerihealth","Medicare Managed Care Plan","3783.59","","","","","","","fee schedule","3328.16","10509.98","APC"
"Leg vein fusion","34530","HCPCS","","","","","","","facility","outpatient","","","","","","Bcbs","Highmark Wholecare Medicare Managed Care Plan","3753.27","","","","","","","fee schedule","3241.46","10236.2","APC"
"Lengthening of thigh tendons","27395","HCPCS","","","","","","","facility","outpatient","","","","","","Amerihealth","Caritas Next Other Commercial Plan","5657.31","","","","","","","fee schedule","3359.03","10607.46","Radiology"
"Level 1 Abdominal/Peritoneal/Biliary and Related Procedures","5341","APC","","","","","","","facility","outpatient","","","","","","Bcbs","Highmark Health Options Medicare Managed Care Plan","","","[APC ($): FEE SCHEDULE]","3512.1","3512.1","3689.9","1 through 10","other","","","Contracting method is an algorithm described in the 'standard_charges|algorithm' field. The allowed amount provided accounts for the structural rates, conditions, and utilization elements inherent in the payer’s algorithm."
"Level 1 Airway Endoscopy","5151","APC","","","","","","","facility","outpatient","","","","","","Unitedhealthcare","Medicare Managed Care Plan","","","[Ambulance--Air ($): 3733] [Ambulance--Land ($): 400] [APC ($): FEE SCHEDULE]","","","","0","other","","","No services performed during 15-month lookback period."
"Level 1 Breast/Lymphatic Surgery and Related Procedures","5091","APC","","","","","","","facility","outpatient","","","","","","First Health","Delaware Medicaid Managed Care Plan","","","[OP Surgery  (%BC): 78] [Observation ($): 4500] [Emergency Department ($): 251.44] [Clinic Visit ($): 186.63] [Radiology Fee Schedule: FEE SCHEDULE] [Laboratory Fee Schedule: FEE SCHEDULE] [Occupational Therapy (%BC): 78] [Physical Therapy (%BC): 78] [Respiratory Services/Therapy  (%BC): 78] [Speech Therapy (%BC): 78] [All Other OP (%BC): 78]","","","","0","other","","","No services performed during 15-month lookback period."
"Level 1 Drug Administration","5691","APC","","","","","","","facility","outpatient","","","","","","Unitedhealthcare","All Commercial Plans","","","[OP Surgery  (%BC): 91] [Observation (%BC): 91] [Emergency Department (%BC): 84] [Radiology Fee Schedule: FEE SCHEDULE] [Laboratory Fee Schedule: FEE SCHEDULE] [Occupational Therapy (%BC): 91] [Physical Therapy (%BC): 91] [Respiratory Services/Therapy  (%BC): 91] [Speech Therapy (%BC): 91] [All Other OP (%BC): 91]","","","","0","other","","","No services performed during 15-month lookback period."
"Level 1 Excision/ Biopsy/ Incision and Drainage","5071","APC","","","","","","","facility","outpatient","","","","","","First Health","Delaware Medicaid Managed Care Plan","","","[OP Surgery  (%BC): 78] [Observation ($): 4500] [Emergency Department ($): 251.44] [Clinic Visit ($): 186.63] [Radiology Fee Schedule: FEE SCHEDULE] [Laboratory Fee Schedule: FEE SCHEDULE] [Occupational Therapy (%BC): 78] [Physical Therapy (%BC): 78] [Respiratory Services/Therapy  (%BC): 78] [Speech Therapy (%BC): 78] [All Other OP (%BC): 78]","","","","0","other","","","No services performed during 15-month lookback period."
"Level 1 ICD and Similar Procedures","5231","APC","","","","","","","facility","outpatient","","","","","","Bcbs","Highmark Health Options Medicare Managed Care Plan","","","[APC ($): FEE SCHEDULE]","22338.31","22338.31","22338.31","1 through 10","other","","","Contracting method is an algorithm described in the 'standard_charges|algorithm' field. The allowed amount provided accounts for the structural rates, conditions, and utilization elements inherent in the payer’s algorithm."
"Level 1 Imaging with Contrast","5571","APC","","","","","","","facility","outpatient","","","","","","Aetna - Nj","Better Health Medicaid Managed Care Plan","","","[Outpatient Services: Payer leverages state specific Medicaid payment methodology. Available, referenceable algorithm logic found here: https://www.nj.gov/health/hcf/]","","","","0","other","","","No services performed during 15-month lookback period."
"Level 1 Imaging with Contrast","5571","APC","","","","","","","facility","outpatient","","","","","","Bcbs","Highmark Health Options Medicare Managed Care Plan","","","[APC ($): FEE SCHEDULE]","186.13","177.17","433.03","249","other","","","Contracting method is an algorithm described in the 'standard_charges|algorithm' field. The allowed amount provided accounts for the structural rates, conditions, and utilization elements inherent in the payer’s algorithm."
"Level 1 Imaging with Contrast","5571","APC","","","","","","","facility","outpatient","","","","","","Unitedhealthcare","Medicare Managed Care Plan","","","[Ambulance--Air ($): 3733] [Ambulance--Land ($): 400] [APC ($): FEE SCHEDULE]","","","","0","other","","","No services performed during 15-month lookback period."
"Level 1 Minor Procedures","5731","APC","","","","","","","facility","outpatient","","","","","","Ibc","All Commercial Plans","","","[OP Surgery  (%BC): 90.6] [Observation (%BC): 90.6] [Emergency Department (%BC): 90.6] [Radiology (%BC): 85] [Occupational Therapy (%BC): 90.6] [Physical Therapy (%BC): 90.6] [Respiratory Services/Therapy  (%BC): 90.6] [Speech Therapy (%BC): 90.6] [All Other OP (%BC): 90.6]","459.82","459.82","459.82","1 through 10","other","","","Contracting method is an algorithm described in the 'standard_charges|algorithm' field. The allowed amount provided accounts for the structural rates, conditions, and utilization elements inherent in the payer’s algorithm."
"Level 1 Musculoskeletal Procedures","5111","APC","","","","","","","facility","outpatient","","","","","","Bcbs","Highmark Health Options Medicare Managed Care Plan","","","[APC ($): FEE SCHEDULE]","","","","0","other","","","No services performed during 15-month lookback period."
"Level 1 Musculoskeletal Procedures","5111","APC","","","","","","","facility","outpatient","","","","","","Bcbs","Highmark Wholecare Medicare Managed Care Plan","","","[APC ($): FEE SCHEDULE]","","","","0","other","","","No services performed during 15-month lookback period."
"Level 1 Nerve Injections","5441","APC","","","","","","","facility","outpatient","","","","","","Ibc","Medicare Managed Care Plan","","","[APC ($): FEE SCHEDULE]","6292.13","6292.13","6292.13","1 through 10","other","","","Contracting method is an algorithm described in the 'standard_charges|algorithm' field. The allowed amount provided accounts for the structural rates, conditions, and utilization elements inherent in the payer’s algorithm."
"Level 1 Nuclear Medicine and Related Services","5591","APC","","","","","","","facility","outpatient","","","","","","Bcbs","Highmark Health Options Medicaid Managed Care Plan","","","[OP Surgery  (%BC): 62.49] [Observation ($): 4218.13] [Emergency Department ($): 237.44] [Clinic Visit ($): 176.45] [Occupational Therapy (%BC): 113] [Physical Therapy (%BC): 113] [Respiratory Services/Therapy  (%BC): 29.70] [Speech Therapy (%BC): 113] [OP High Cost Drugs (%BC): 105.09] [Other Outpatient Implant (%BC): 27.28] [IV Therapy (%BC): 27.28] [All Other OP (%BC): 73.84]","464.35","438.76","722.05","51","other","","","Contracting method is an algorithm described in the 'standard_charges|algorithm' field. The allowed amount provided accounts for the structural rates, conditions, and utilization elements inherent in the payer’s algorithm."
"Level 1 Strapping and Cast Application","5101","APC","","","","","","","facility","outpatient","","","","","","Bcbs","Highmark All Commercial Plans","","85.44","","157.03","157.03","157.03","1 through 10","percent of total billed charges","","",""
"Level 1 Type A ED Visits","5021","APC","","","","","","","facility","outpatient","","","","","","Aetna - Md","Better Health Medicaid Managed Care Plan","","","[Outpatient Services: Payer leverages state specific Medicaid payment methodology. Available, referenceable algorithm logic found here: https://health.maryland.gov/mmcp/provider/Pages/default.aspx]","1419","1419","1419","1 through 10","other","","","Contracting method is an algorithm described in the 'standard_charges|algorithm' field. The allowed amount provided accounts for the structural rates, conditions, and utilization elements inherent in the payer’s algorithm."
"Level 1 Type A ED Visits","5021","APC","","","","","","","facility","outpatient","","","","","","Ibc","Medicare Managed Care Plan","","","[APC ($): FEE SCHEDULE]","","","","0","other","","","No services performed during 15-month lookback period."
"Level 1 Upper GI Procedures","5301","APC","","","","","","","facility","outpatient","","","","","","Bcbs","Highmark Wholecare Medicare Managed Care Plan","","","[APC ($): FEE SCHEDULE]","","","","0","other","","","No services performed during 15-month lookback period."
"Level 1 Urology and Related Services","5371","APC","","","","","","","facility","outpatient","","","","","","Aetna - Nj","Better Health Medicaid Managed Care Plan","","","[Outpatient Services: Payer leverages state specific Medicaid payment methodology. Available, referenceable algorithm logic found here: https://www.nj.gov/health/hcf/]","","","","0","other","","","No services performed during 15-month lookback period."
"Level 1 Urology and Related Services","5371","APC","","","","","","","facility","outpatient","","","","","","Cigna","All Commercial Plans","","","[OP Surgery  (%BC): 88.46] [Observation (%BC): 88.46] [Emergency Department (%BC): 88.46] [Radiology Fee Schedule: FEE SCHEDULE] [Laboratory Fee Schedule: FEE SCHEDULE] [Occupational Therapy (%BC): 88.46] [Physical Therapy (%BC): 88.46] [Respiratory Services/Therapy  (%BC): 88.46] [Speech Therapy (%BC): 88.46] [All Other OP (%BC): 88.46]","","","","0","other","","","No services performed during 15-month lookback period."
"Level 1 Urology and Related Services","5371","APC","","","","","","","facility","outpatient","","","","","","Unitedhealthcare","All Commercial Plans","","","[OP Surgery  (%BC): 91] [Observation (%BC): 91] [Emergency Department (%BC): 84] [Radiology Fee Schedule: FEE SCHEDULE] [Laboratory Fee Schedule: FEE SCHEDULE] [Occupational Therapy (%BC): 91] [Physical Therapy (%BC): 91] [Respiratory Services/Therapy  (%BC): 91] [Speech Therapy (%BC): 91] [All Other OP (%BC): 91]","","","","0","other","","","No services performed during 15-month lookback period."
"Level 1 Vascular Procedures","5181","APC","","","","","","","facility","outpatient","","","","","","Amerihealth","Caritas Next Other Commercial Plan","","","[OP Surgery  (%BC): 94] [Observation (%BC): 94] [Emergency Department (%BC): 94] [Radiology Fee Schedule: FEE SCHEDULE] [Laboratory Fee Schedule: FEE SCHEDULE] [Occupational Therapy (%BC): 94] [Physical Therapy (%BC): 94] [Respiratory Services/Therapy  (%BC): 94] [Speech Therapy (%BC): 94] [OP High Cost Drugs (%BC): 90] [All Other OP (%BC): 94]","","","","0","other","","","No services performed during 15-month lookback period."
"Level 1 Vascular Procedures","5181","APC","","","","","","","facility","outpatient","","","","","","Bcbs","Highmark Health Options Medicaid Managed Care Plan","","","[OP Surgery  (%BC): 62.49] [Observation ($): 4218.13] [Emergency Department ($): 237.44] [Clinic Visit ($): 176.45] [Occupational Therapy (%BC): 113] [Physical Therapy (%BC): 113] [Respiratory Services/Therapy  (%BC): 29.70] [Speech Therapy (%BC): 113] [OP High Cost Drugs (%BC): 105.09] [Other Outpatient Implant (%BC): 27.28] [IV Therapy (%BC): 27.28] [All Other OP (%BC): 73.84]","743.95","720.51","1208.54","1 through 10","other","","","Contracting method is an algorithm described in the 'standard_charges|algorithm' field. The allowed amount provided accounts for the structural rates, conditions, and utilization elements inherent in the payer’s algorithm."
"Level 2 Blood Product Exchange and Related Services","5242","APC","","","","","","","facility","outpatient","","","","","","Aetna - Nj","Better Health Medicaid Managed Care Plan","","","[Outpatient Services: Payer leverages state specific Medicaid payment methodology. Available, referenceable algorithm logic found here: https://www.nj.gov/health/hcf/]","","","","0","other","","","No services performed during 15-month lookback period."
"Level 2 ENT Procedures","5162","APC","","","","","","","facility","outpatient","","","","","","Bcbs","Highmark Health Options Medicare Managed Care Plan","","","[APC ($): FEE SCHEDULE]","","","","0","other","","","No services performed during 15-month lookback period."
"Level 2 Electrophysiologic Procedures","5212","APC","","","","","","","facility","outpatient","","","","","","Aetna - De","Better Health Medicaid Managed Care Plan","","","[Outpatient Services: Payer leverages state specific Medicaid payment methodology. Available, referenceable algorithm logic found here: https://medicaidpublications.dhss.delaware.gov/docs/search]","","","","0","other","","","No services performed during 15-month lookback period."
"Level 2 Electrophysiologic Procedures","5212","APC","","","","","","","facility","outpatient","","","","","","Bcbs","Highmark Wholecare Medicaid Managed Care Plan","","","[Outpatient Services: Payer leverages state specific Medicaid payment methodology. Available, referenceable algorithm logic found here: https://www.pa.gov/agencies/dhs/resources/for-providers]","","","","0","other","","","No services performed during 15-month lookback period."
"Level 2 Endovascular Procedures","5192","APC","","","","","","","facility","outpatient","","","","","","First Health","Delaware Medicaid Managed Care Plan","","","[OP Surgery  (%BC): 78] [Observation ($): 4500] [Emergency Department ($): 251.44] [Clinic Visit ($): 186.63] [Radiology Fee Schedule: FEE SCHEDULE] [Laboratory Fee Schedule: FEE SCHEDULE] [Occupational Therapy (%BC): 78] [Physical Therapy (%BC): 78] [Respiratory Services/Therapy  (%BC): 78] [Speech Therapy (%BC): 78] [All Other OP (%BC): 78]","","","","0","other","","","No services performed during 15-month lookback period."
"Level 2 Extraocular, Repair, and Plastic Eye Procedures","5502","APC","","","","","","","facility","outpatient","","","","","","First Health","Delaware Medicaid Managed Care Plan","","","[OP Surgery  (%BC): 78] [Observation ($): 4500] [Emergency Department ($): 251.44] [Clinic Visit ($): 186.63] [Radiology Fee Schedule: FEE SCHEDULE] [Laboratory Fee Schedule: FEE SCHEDULE] [Occupational Therapy (%BC): 78] [Physical Therapy (%BC): 78] [Respiratory Services/Therapy  (%BC): 78] [Speech Therapy (%BC): 78] [All Other OP (%BC): 78]","","","","0","other","","","No services performed during 15-month lookback period."
"Level 2 Extraocular, Repair, and Plastic Eye Procedures","5502","APC","","","","","","","facility","outpatient","","","","","","Jefferson Health Plan","Health Partners Medicare Managed Care Plan","","","[APC ($): FEE SCHEDULE]","","","","0","other","","","No services performed during 15-month lookback period."
"Level 2 ICD and Similar Procedures","5232","APC","","","","","","","facility","outpatient","","","","","","Jefferson Health Plan","Health Partners Medicare Managed Care Plan","","","[APC ($): FEE SCHEDULE]","","","","0","other","","","No services performed during 15-month lookback period."
"Level 2 Intraocular Procedures","5492","APC","","","","","","","facility","outpatient","","","","","","Jefferson Health Plan","Health Partners Medicare Managed Care Plan","","","[APC ($): FEE SCHEDULE]","","","","0","other","","","No services performed during 15-month lookback period."
"Level 2 Lower GI Procedures","5312","APC","","","","","","","facility","outpatient","","","","","","Aetna - De","Better Health Medicaid Managed Care Plan","","","[Outpatient Services: Payer leverages state specific Medicaid payment methodology. Available, referenceable algorithm logic found here: https://medicaidpublications.dhss.delaware.gov/docs/search]","","","","0","other","","","No services performed during 15-month lookback period."
"Level 2 Lower GI Procedures","5312","APC","","","","","","","facility","outpatient","","","","","","Bcbs","Highmark Wholecare Medicaid Managed Care Plan","","","[Outpatient Services: Payer leverages state specific Medicaid payment methodology. Available, referenceable algorithm logic found here: https://www.pa.gov/agencies/dhs/resources/for-providers]","","","","0","other","","","No services performed during 15-month lookback period."
"Level 2 Minor Procedures","5732","APC","","","","","","","facility","outpatient","","","","","","Bcbs","Highmark All Commercial Plans","","85.44","","265.12","125.66","463.89","18","percent of total billed charges","","",""
"Level 2 Minor Procedures","5732","APC","","","","","","","facility","outpatient","","","","","","Ibc","Medicare Managed Care Plan","","","[APC ($): FEE SCHEDULE]","","","","0","other","","","No services performed during 15-month lookback period."
"Level 2 Musculoskeletal Procedures","5112","APC","","","","","","","facility","outpatient","","","","","","Aetna - Md","Better Health Medicaid Managed Care Plan","","","[Outpatient Services: Payer leverages state specific Medicaid payment methodology. Available, referenceable algorithm logic found here: https://health.maryland.gov/mmcp/provider/Pages/default.aspx]","","","","0","other","","","No services performed during 15-month lookback period."
"Level 2 Nerve Procedures","5432","APC","","","","","","","facility","outpatient","","","","","","Aetna - Md","Better Health Medicaid Managed Care Plan","","","[Outpatient Services: Payer leverages state specific Medicaid payment methodology. Available, referenceable algorithm logic found here: https://health.maryland.gov/mmcp/provider/Pages/default.aspx]","","","","0","other","","","No services performed during 15-month lookback period."
"Level 2 Neurostimulator and Related Procedures","5462","APC","","","","","","","facility","outpatient","","","","","","Jefferson Health Plan","Health Partners Medicaid Managed Care/Aca Plan","","","[Outpatient Services: Payer leverages state specific Medicaid payment methodology. Available, referenceable algorithm logic found here: https://www.pa.gov/agencies/dhs/resources/for-providers] [APC ($): FEE SCHEDULE]","","","","0","other","","","No services performed during 15-month lookback period."
"Level 2 Nuclear Medicine and Related Services","5592","APC","","","","","","","facility","outpatient","","","","","","Aetna - Nj","Better Health Medicaid Managed Care Plan","","","[Outpatient Services: Payer leverages state specific Medicaid payment methodology. Available, referenceable algorithm logic found here: https://www.nj.gov/health/hcf/]","","","","0","other","","","No services performed during 15-month lookback period."
"Level 2 Nuclear Medicine and Related Services","5592","APC","","","","","","","facility","outpatient","","","","","","Jefferson Health Plan","Health Partners Medicaid Managed Care/Aca Plan","","","[Outpatient Services: Payer leverages state specific Medicaid payment methodology. Available, referenceable algorithm logic found here: https://www.pa.gov/agencies/dhs/resources/for-providers] [APC ($): FEE SCHEDULE]","","","","0","other","","","No services performed during 15-month lookback period."
"Level 2 Skin Procedures","5052","APC","","","","","","","facility","outpatient","","","","","","Healthspring","Medicare Managed Care Plan","","","[APC ($): FEE SCHEDULE]","597.32","597.32","597.32","1 through 10","other","","","Contracting method is an algorithm described in the 'standard_charges|algorithm' field. The allowed amount provided accounts for the structural rates, conditions, and utilization elements inherent in the payer’s algorithm."
"Level 2 Therapeutic Radiation Treatment Preparation","5612","APC","","","","","","","facility","outpatient","","","","","","Unitedhealthcare","Medicare Managed Care Plan","","","[Ambulance--Air ($): 3733] [Ambulance--Land ($): 400] [APC ($): FEE SCHEDULE]","","","","0","other","","","No services performed during 15-month lookback period."
"Level 2 Urology and Related Services","5372","APC","","","","","","","facility","outpatient","","","","","","Bcbs","Highmark All Commercial Plans","","85.44","","3026.83","998.99","3914.2","79","percent of total billed charges","","",""
"Level 2 Vascular Procedures","5182","APC","","","","","","","facility","outpatient","","","","","","Ambetter","All Commercial Plans","","","[OP Surgery  (%BC): 91] [Observation (%BC): 91] [Emergency Department (%BC): 91] [Radiology Fee Schedule: FEE SCHEDULE] [Laboratory Fee Schedule: FEE SCHEDULE] [Occupational Therapy (%BC): 91] [Physical Therapy (%BC): 91] [Respiratory Services/Therapy  (%BC): 91] [Speech Therapy (%BC): 91] [OP High Cost Drugs Fee Schedule: FEE SCHEDULE] [All Other OP (%BC): 91]","","","","0","other","","","No services performed during 15-month lookback period."
"Level 3 Diagnostic Tests and Related Services","5723","APC","","","","","","","facility","outpatient","","","","","","Unitedhealthcare","Medicare Managed Care Plan","","","[Ambulance--Air ($): 3733] [Ambulance--Land ($): 400] [APC ($): FEE SCHEDULE]","","","","0","other","","","No services performed during 15-month lookback period."
"Level 3 ENT Procedures","5163","APC","","","","","","","facility","outpatient","","","","","","Aetna - Nj","Better Health Medicaid Managed Care Plan","","","[Outpatient Services: Payer leverages state specific Medicaid payment methodology. Available, referenceable algorithm logic found here: https://www.nj.gov/health/hcf/]","","","","0","other","","","No services performed during 15-month lookback period."
"Level 3 Endovascular Procedures","5193","APC","","","","","","","facility","outpatient","","","","","","Aetna - De","Better Health Medicaid Managed Care Plan","","","[Outpatient Services: Payer leverages state specific Medicaid payment methodology. Available, referenceable algorithm logic found here: https://medicaidpublications.dhss.delaware.gov/docs/search]","","","","0","other","","","No services performed during 15-month lookback period."
"Level 3 Excision/ Biopsy/ Incision and Drainage","5073","APC","","","","","","","facility","outpatient","","","","","","Ambetter","All Commercial Plans","","","[OP Surgery  (%BC): 91] [Observation (%BC): 91] [Emergency Department (%BC): 91] [Radiology Fee Schedule: FEE SCHEDULE] [Laboratory Fee Schedule: FEE SCHEDULE] [Occupational Therapy (%BC): 91] [Physical Therapy (%BC): 91] [Respiratory Services/Therapy  (%BC): 91] [Speech Therapy (%BC): 91] [OP High Cost Drugs Fee Schedule: FEE SCHEDULE] [All Other OP (%BC): 91]","","","","0","other","","","No services performed during 15-month lookback period."
"Level 3 Imaging with Contrast","5573","APC","","","","","","","facility","outpatient","","","","","","First Health","Delaware Medicaid Managed Care Plan","","","[OP Surgery  (%BC): 78] [Observation ($): 4500] [Emergency Department ($): 251.44] [Clinic Visit ($): 186.63] [Radiology Fee Schedule: FEE SCHEDULE] [Laboratory Fee Schedule: FEE SCHEDULE] [Occupational Therapy (%BC): 78] [Physical Therapy (%BC): 78] [Respiratory Services/Therapy  (%BC): 78] [Speech Therapy (%BC): 78] [All Other OP (%BC): 78]","","","","0","other","","","No services performed during 15-month lookback period."
"Level 3 Musculoskeletal Procedures","5113","APC","","","","","","","facility","outpatient","","","","","","Aetna - Nj","Better Health Medicaid Managed Care Plan","","","[Outpatient Services: Payer leverages state specific Medicaid payment methodology. Available, referenceable algorithm logic found here: https://www.nj.gov/health/hcf/]","","","","0","other","","","No services performed during 15-month lookback period."
"Level 3 Musculoskeletal Procedures","5113","APC","","","","","","","facility","outpatient","","","","","","Ibc","Medicare Managed Care Plan","","","[APC ($): FEE SCHEDULE]","","","","0","other","","","No services performed during 15-month lookback period."
"Level 3 Nerve Injections","5443","APC","","","","","","","facility","outpatient","","","","","","Ambetter","All Commercial Plans","","","[OP Surgery  (%BC): 91] [Observation (%BC): 91] [Emergency Department (%BC): 91] [Radiology Fee Schedule: FEE SCHEDULE] [Laboratory Fee Schedule: FEE SCHEDULE] [Occupational Therapy (%BC): 91] [Physical Therapy (%BC): 91] [Respiratory Services/Therapy  (%BC): 91] [Speech Therapy (%BC): 91] [OP High Cost Drugs Fee Schedule: FEE SCHEDULE] [All Other OP (%BC): 91]","","","","0","other","","","No services performed during 15-month lookback period."
"Level 3 Nerve Injections","5443","APC","","","","","","","facility","outpatient","","","","","","Cigna","All Commercial Plans","","","[OP Surgery  (%BC): 88.46] [Observation (%BC): 88.46] [Emergency Department (%BC): 88.46] [Radiology Fee Schedule: FEE SCHEDULE] [Laboratory Fee Schedule: FEE SCHEDULE] [Occupational Therapy (%BC): 88.46] [Physical Therapy (%BC): 88.46] [Respiratory Services/Therapy  (%BC): 88.46] [Speech Therapy (%BC): 88.46] [All Other OP (%BC): 88.46]","","","","0","other","","","No services performed during 15-month lookback period."
"Level 3 Neurostimulator and Related Procedures","5463","APC","","","","","","","facility","outpatient","","","","","","Bcbs","Highmark Health Options Medicaid Managed Care Plan","","","[OP Surgery  (%BC): 62.49] [Observation ($): 4218.13] [Emergency Department ($): 237.44] [Clinic Visit ($): 176.45] [Occupational Therapy (%BC): 113] [Physical Therapy (%BC): 113] [Respiratory Services/Therapy  (%BC): 29.70] [Speech Therapy (%BC): 113] [OP High Cost Drugs (%BC): 105.09] [Other Outpatient Implant (%BC): 27.28] [IV Therapy (%BC): 27.28] [All Other OP (%BC): 73.84]","","","","0","other","","","No services performed during 15-month lookback period."
"Level 3 Neurostimulator and Related Procedures","5463","APC","","","","","","","facility","outpatient","","","","","","Wellcare","Medicare Managed Care Plan","","","[APC ($): FEE SCHEDULE]","","","","0","other","","","No services performed during 15-month lookback period."
"Level 3 Nuclear Medicine and Related Services","5593","APC","","","","","","","facility","outpatient","","","","","","Bcbs","Highmark Health Options Medicaid Managed Care Plan","","","[OP Surgery  (%BC): 62.49] [Observation ($): 4218.13] [Emergency Department ($): 237.44] [Clinic Visit ($): 176.45] [Occupational Therapy (%BC): 113] [Physical Therapy (%BC): 113] [Respiratory Services/Therapy  (%BC): 29.70] [Speech Therapy (%BC): 113] [OP High Cost Drugs (%BC): 105.09] [Other Outpatient Implant (%BC): 27.28] [IV Therapy (%BC): 27.28] [All Other OP (%BC): 73.84]","1673.18","497.45","3743.25","52","other","","","Contracting method is an algorithm described in the 'standard_charges|algorithm' field. The allowed amount provided accounts for the structural rates, conditions, and utilization elements inherent in the payer’s algorithm."
"Level 3 Pacemaker and Similar Procedures","5223","APC","","","","","","","facility","outpatient","","","","","","Bcbs","Highmark Health Options Medicaid Managed Care Plan","","","[OP Surgery  (%BC): 62.49] [Observation ($): 4218.13] [Emergency Department ($): 237.44] [Clinic Visit ($): 176.45] [Occupational Therapy (%BC): 113] [Physical Therapy (%BC): 113] [Respiratory Services/Therapy  (%BC): 29.70] [Speech Therapy (%BC): 113] [OP High Cost Drugs (%BC): 105.09] [Other Outpatient Implant (%BC): 27.28] [IV Therapy (%BC): 27.28] [All Other OP (%BC): 73.84]","","","","0","other","","","No services performed during 15-month lookback period."
"Level 3 Pathology","5673","APC","","","","","","","facility","outpatient","","","","","","Amerihealth","Caritas Next Other Commercial Plan","","","[OP Surgery  (%BC): 94] [Observation (%BC): 94] [Emergency Department (%BC): 94] [Radiology Fee Schedule: FEE SCHEDULE] [Laboratory Fee Schedule: FEE SCHEDULE] [Occupational Therapy (%BC): 94] [Physical Therapy (%BC): 94] [Respiratory Services/Therapy  (%BC): 94] [Speech Therapy (%BC): 94] [OP High Cost Drugs (%BC): 90] [All Other OP (%BC): 94]","3359.68","3359.68","11999.93","1 through 10","other","","","Contracting method is an algorithm described in the 'standard_charges|algorithm' field. The allowed amount provided accounts for the structural rates, conditions, and utilization elements inherent in the payer’s algorithm."
"Level 3 Pathology","5673","APC","","","","","","","facility","outpatient","","","","","","Wellcare","Medicare Managed Care Plan","","","[APC ($): FEE SCHEDULE]","","","","0","other","","","No services performed during 15-month lookback period."
"Level 3 Skin Procedures","5053","APC","","","","","","","facility","outpatient","","","","","","Bcbs","Highmark Wholecare Medicaid Managed Care Plan","","","[Outpatient Services: Payer leverages state specific Medicaid payment methodology. Available, referenceable algorithm logic found here: https://www.pa.gov/agencies/dhs/resources/for-providers]","","","","0","other","","","No services performed during 15-month lookback period."
"Level 3 Therapeutic Radiation Treatment Preparation","5613","APC","","","","","","","facility","outpatient","","","","","","Ambetter","All Commercial Plans","","","[OP Surgery  (%BC): 91] [Observation (%BC): 91] [Emergency Department (%BC): 91] [Radiology Fee Schedule: FEE SCHEDULE] [Laboratory Fee Schedule: FEE SCHEDULE] [Occupational Therapy (%BC): 91] [Physical Therapy (%BC): 91] [Respiratory Services/Therapy  (%BC): 91] [Speech Therapy (%BC): 91] [OP High Cost Drugs Fee Schedule: FEE SCHEDULE] [All Other OP (%BC): 91]","","","","0","other","","","No services performed during 15-month lookback period."
"Level 3 Vascular Procedures","5183","APC","","","","","","","facility","outpatient","","","","","","Bcbs","Highmark Health Options Medicaid Managed Care Plan","","","[OP Surgery  (%BC): 62.49] [Observation ($): 4218.13] [Emergency Department ($): 237.44] [Clinic Visit ($): 176.45] [Occupational Therapy (%BC): 113] [Physical Therapy (%BC): 113] [Respiratory Services/Therapy  (%BC): 29.70] [Speech Therapy (%BC): 113] [OP High Cost Drugs (%BC): 105.09] [Other Outpatient Implant (%BC): 27.28] [IV Therapy (%BC): 27.28] [All Other OP (%BC): 73.84]","5357.31","2339.17","10430.6","48","other","","","Contracting method is an algorithm described in the 'standard_charges|algorithm' field. The allowed amount provided accounts for the structural rates, conditions, and utilization elements inherent in the payer’s algorithm."
"Level 4 Airway Endoscopy","5154","APC","","","","","","","facility","outpatient","","","","","","Jefferson Health Plan","Health Partners Medicare Managed Care Plan","","","[APC ($): FEE SCHEDULE]","","","","0","other","","","No services performed during 15-month lookback period."
"Level 4 Diagnostic Tests and Related Services","5724","APC","","","","","","","facility","outpatient","","","","","","Amerihealth","Medicare Managed Care Plan","","","[APC ($): FEE SCHEDULE]","1124.26","1124.26","1124.26","1 through 10","other","","","Contracting method is an algorithm described in the 'standard_charges|algorithm' field. The allowed amount provided accounts for the structural rates, conditions, and utilization elements inherent in the payer’s algorithm."
"Level 4 Diagnostic Tests and Related Services","5724","APC","","","","","","","facility","outpatient","","","","","","First Health","Delaware Medicaid Managed Care Plan","","","[OP Surgery  (%BC): 78] [Observation ($): 4500] [Emergency Department ($): 251.44] [Clinic Visit ($): 186.63] [Radiology Fee Schedule: FEE SCHEDULE] [Laboratory Fee Schedule: FEE SCHEDULE] [Occupational Therapy (%BC): 78] [Physical Therapy (%BC): 78] [Respiratory Services/Therapy  (%BC): 78] [Speech Therapy (%BC): 78] [All Other OP (%BC): 78]","651.77","651.77","651.77","1 through 10","other","","","Contracting method is an algorithm described in the 'standard_charges|algorithm' field. The allowed amount provided accounts for the structural rates, conditions, and utilization elements inherent in the payer’s algorithm."
"Level 4 ENT Procedures","5164","APC","","","","","","","facility","outpatient","","","","","","Amerihealth","Medicare Managed Care Plan","","","[APC ($): FEE SCHEDULE]","","","","0","other","","","No services performed during 15-month lookback period."
"Level 4 ENT Procedures","5164","APC","","","","","","","facility","outpatient","","","","","","Bcbs","Highmark Wholecare Medicare Managed Care Plan","","","[APC ($): FEE SCHEDULE]","","","","0","other","","","No services performed during 15-month lookback period."
"Level 4 ENT Procedures","5164","APC","","","","","","","facility","outpatient","","","","","","Ibc","Medicare Managed Care Plan","","","[APC ($): FEE SCHEDULE]","","","","0","other","","","No services performed during 15-month lookback period."
"Level 4 Endovascular Procedures","5194","APC","","","","","","","facility","outpatient","","","","","","Aetna - Nj","Better Health Medicaid Managed Care Plan","","","[Outpatient Services: Payer leverages state specific Medicaid payment methodology. Available, referenceable algorithm logic found here: https://www.nj.gov/health/hcf/]","","","","0","other","","","No services performed during 15-month lookback period."
"Level 4 Endovascular Procedures","5194","APC","","","","","","","facility","outpatient","","","","","","Ibc","All Commercial Plans","","","[OP Surgery  (%BC): 90.6] [Observation (%BC): 90.6] [Emergency Department (%BC): 90.6] [Radiology (%BC): 85] [Occupational Therapy (%BC): 90.6] [Physical Therapy (%BC): 90.6] [Respiratory Services/Therapy  (%BC): 90.6] [Speech Therapy (%BC): 90.6] [All Other OP (%BC): 90.6]","146841.05","146841.05","162725.93","1 through 10","other","","","Contracting method is an algorithm described in the 'standard_charges|algorithm' field. The allowed amount provided accounts for the structural rates, conditions, and utilization elements inherent in the payer’s algorithm."
"Level 4 Gynecologic Procedures","5414","APC","","","","","","","facility","outpatient","","","","","","Aetna","All Commercial Plans","","","[OP Surgery  (%BC): 86.5] [Observation (%BC): 86.5] [Emergency Department (%BC): 86.5] [Radiology Fee Schedule: FEE SCHEDULE] [Laboratory Fee Schedule: FEE SCHEDULE] [Occupational Therapy (%BC): 86.5] [Physical Therapy (%BC): 86.5] [Respiratory Services/Therapy  (%BC): 86.5] [Speech Therapy (%BC): 86.5] [All Other OP (%BC): 86.5]","9310.6","7829.21","10155.74","23","other","","","Contracting method is an algorithm described in the 'standard_charges|algorithm' field. The allowed amount provided accounts for the structural rates, conditions, and utilization elements inherent in the payer’s algorithm."
"Level 4 Imaging without Contrast","5524","APC","","","","","","","facility","outpatient","","","","","","Wellcare","Medicare Managed Care Plan","","","[APC ($): FEE SCHEDULE]","615.24","615.24","615.24","1 through 10","other","","","Contracting method is an algorithm described in the 'standard_charges|algorithm' field. The allowed amount provided accounts for the structural rates, conditions, and utilization elements inherent in the payer’s algorithm."
"Level 4 Neurostimulator and Related Procedures","5464","APC","","","","","","","facility","outpatient","","","","","","Ambetter","All Commercial Plans","","","[OP Surgery  (%BC): 91] [Observation (%BC): 91] [Emergency Department (%BC): 91] [Radiology Fee Schedule: FEE SCHEDULE] [Laboratory Fee Schedule: FEE SCHEDULE] [Occupational Therapy (%BC): 91] [Physical Therapy (%BC): 91] [Respiratory Services/Therapy  (%BC): 91] [Speech Therapy (%BC): 91] [OP High Cost Drugs Fee Schedule: FEE SCHEDULE] [All Other OP (%BC): 91]","","","","0","other","","","No services performed during 15-month lookback period."
"Level 4 Nuclear Medicine and Related Services","5594","APC","","","","","","","facility","outpatient","","","","","","Bcbs","Highmark Health Options Medicare Managed Care Plan","","","[APC ($): FEE SCHEDULE]","1451.58","1451.58","3907.02","93","other","","","Contracting method is an algorithm described in the 'standard_charges|algorithm' field. The allowed amount provided accounts for the structural rates, conditions, and utilization elements inherent in the payer’s algorithm."
"Level 4 Nuclear Medicine and Related Services","5594","APC","","","","","","","facility","outpatient","","","","","","Ibc","Medicare Managed Care Plan","","","[APC ($): FEE SCHEDULE]","","","","0","other","","","No services performed during 15-month lookback period."
"Level 4 Radiation Therapy","5624","APC","","","","","","","facility","outpatient","","","","","","Healthspring","Medicare Managed Care Plan","","","[APC ($): FEE SCHEDULE]","1655.08","1655.08","1655.08","1 through 10","other","","","Contracting method is an algorithm described in the 'standard_charges|algorithm' field. The allowed amount provided accounts for the structural rates, conditions, and utilization elements inherent in the payer’s algorithm."
"Level 4 Urology and Related Services","5374","APC","","","","","","","facility","outpatient","","","","","","Jefferson Health Plan","Health Partners Medicaid Managed Care/Aca Plan","","","[Outpatient Services: Payer leverages state specific Medicaid payment methodology. Available, referenceable algorithm logic found here: https://www.pa.gov/agencies/dhs/resources/for-providers] [APC ($): FEE SCHEDULE]","","","","0","other","","","No services performed during 15-month lookback period."
"Level 5 Minor Procedures","5735","APC","","","","","","","facility","outpatient","","","","","","Aetna - De","Better Health Medicaid Managed Care Plan","","","[Outpatient Services: Payer leverages state specific Medicaid payment methodology. Available, referenceable algorithm logic found here: https://medicaidpublications.dhss.delaware.gov/docs/search]","","","","0","other","","","No services performed during 15-month lookback period."
"Level 6 Gynecologic Procedures","5416","APC","","","","","","","facility","outpatient","","","","","","Ibc","Medicare Managed Care Plan","","","[APC ($): FEE SCHEDULE]","","","","0","other","","","No services performed during 15-month lookback period."
"Level 6 Gynecologic Procedures","5416","APC","","","","","","","facility","outpatient","","","","","","Jefferson Health Plan","Health Partners Medicare Managed Care Plan","","","[APC ($): FEE SCHEDULE]","","","","0","other","","","No services performed during 15-month lookback period."
"Level 7 Radiation Therapy","5627","APC","","","","","","","facility","outpatient","","","","","","Bcbs","Highmark Health Options Medicare Managed Care Plan","","","[APC ($): FEE SCHEDULE]","","","","0","other","","","No services performed during 15-month lookback period."
"Level 7 Radiation Therapy","5627","APC","","","","","","","facility","outpatient","","","","","","Unitedhealthcare","All Commercial Plans","","","[OP Surgery  (%BC): 91] [Observation (%BC): 91] [Emergency Department (%BC): 84] [Radiology Fee Schedule: FEE SCHEDULE] [Laboratory Fee Schedule: FEE SCHEDULE] [Occupational Therapy (%BC): 91] [Physical Therapy (%BC): 91] [Respiratory Services/Therapy  (%BC): 91] [Speech Therapy (%BC): 91] [All Other OP (%BC): 91]","","","","0","other","","","No services performed during 15-month lookback period."
"Level 7 Urology and Related Services","5377","APC","","","","","","","facility","outpatient","","","","","","Jefferson Health Plan","Health Partners Medicare Managed Care Plan","","","[APC ($): FEE SCHEDULE]","","","","0","other","","","No services performed during 15-month lookback period."
"Ligate/divide/excise vein","37785","HCPCS","","","","","","","facility","outpatient","","","","","","Ambetter","All Commercial Plans","5118.1","","","","","","","fee schedule","3241.46","10236.2","Radiology"
"Ligate/divide/excise vein","37785","HCPCS","","","","","","","facility","outpatient","","","","","","Amerihealth","Caritas Next Other Commercial Plan","5459.31","","","","","","","fee schedule","3241.46","10236.2","Radiology"
"Ligate/strip long leg vein","37722","HCPCS","","","","","","","facility","outpatient","","","","","","Ambetter","All Commercial Plans","5118.1","","","","","","","fee schedule","3241.46","10236.2","Radiology"
"Ligation of neck artery","37600","HCPCS","","","","","","","facility","outpatient","","","","","","Aetna","Medicare Managed Care Plan","3514.43","","","","","","","fee schedule","3241.46","10236.2","APC"
"Ligation of neck artery","37606","HCPCS","","","","","","","facility","outpatient","","","","","","Bcbs","Highmark Wholecare Medicare Managed Care Plan","3753.27","","","","","","","fee schedule","3241.46","10236.2","APC"
"Ligation of neck artery","37615","HCPCS","","","","","","","facility","outpatient","","","","","","Bcbs","Highmark All Commercial Plans","5034.51","","","","","","","fee schedule","3241.46","10236.2","Radiology"
"Lip surgery procedure","40799","HCPCS","","","","","","","facility","outpatient","","","","","","Jefferson Health Plan","Health Partners Medicaid Managed Care/Aca Plan","767.84","","","","","","","fee schedule","243.15","767.84","APC"
"Lipid panel","80061","HCPCS","","","","","","","facility","outpatient","","","","","","Ambetter","All Commercial Plans","17.41","","","","","","","fee schedule","8.7","40.17","Laboratory"
"Lipopro bld electrophoretic","83700","HCPCS","","","","","","","facility","outpatient","","","","","","Ambetter","All Commercial Plans","16.89","","","","","","","fee schedule","7.32","33.78","Radiology"
"Lipopro bld electrophoretic","83700","HCPCS","","","","","","","facility","outpatient","","","","","","Bcbs","Highmark Health Options Medicare Managed Care Plan","11.54","","","","","","","fee schedule","7.32","33.78","APC"
"Liver Transplant With Mcc Or Intestinal Transplant","005","MS-DRG","","","","","","","facility","inpatient","","","","","","Aetna - De","Better Health Medicaid Managed Care Plan","","","[Inpatient Services: Payer leverages state specific Medicaid payment methodology. Available, referenceable algorithm logic found here: https://medicaidpublications.dhss.delaware.gov/docs/search]","","","","0","other","","","No services performed during 15-month lookback period."
"Liver Transplant Without Mcc","006","MS-DRG","","","","","","","facility","inpatient","","","","","","Bcbs","Highmark Health Options Medicaid Managed Care Plan","","","[Inpatient Services: Payer leverages state specific Medicaid payment methodology. Available, referenceable algorithm logic found here: https://medicaidpublications.dhss.delaware.gov/docs/search]","","","","0","other","","","No services performed during 15-month lookback period."
"Liver Transplant Without Mcc","006","MS-DRG","","","","","","","facility","inpatient","","","","","","Unitedhealthcare","Medicare Managed Care Plan","42483.01","","","","","","","fee schedule","39567.51","108969.5","MSDRG Base Rate"
"Liver and spleen imaging","78215","HCPCS","","","","","","","facility","outpatient","","","","","","Jefferson Health Plan","Health Partners Medicaid Managed Care/Aca Plan","1296.01","","","","","","","fee schedule","410.4","1296.01","APC"
"Liver elastography","91200","HCPCS","","","","","","","facility","outpatient","","","","","","Unitedhealthcare","All Commercial Plans","249.53","","","","","","","fee schedule","132.1","417.14",""
"Local Excision And Removal Of Internal Fixation Devices Except Hip And Femur With Cc","496","MS-DRG","","","","","","","facility","inpatient","","","","","","Amerihealth","Medicare Managed Care Plan","","","[MSDRG Base Rate: FEE SCHEDULE]","","","","0","other","","","No services performed during 15-month lookback period."
"Local Excision And Removal Of Internal Fixation Devices Except Hip And Femur With Cc","496","MS-DRG","","","","","","","facility","inpatient","","","","","","Bcbs","Highmark Health Options Medicare Managed Care Plan","16898.97","","","","","","","fee schedule","15662.46","42391.65","MSDRG Base Rate"
"Local Excision And Removal Of Internal Fixation Devices Except Hip And Femur With Cc","496","MS-DRG","","","","","","","facility","inpatient","","","","","","Ibc","All Commercial Plans","","","[Psych-Per Diem: 1800] [All Other IP (%BC): 89.50]","","","","0","other","","","No services performed during 15-month lookback period."
"Local Excision And Removal Of Internal Fixation Devices Except Hip And Femur With Mcc","495","MS-DRG","","","","","","","facility","inpatient","","","","","","Jefferson Health Plan","Health Partners Medicaid Managed Care/Aca Plan","85203.95","","","","","","","fee schedule","31034.39","85203.95",""
"Local Excision And Removal Of Internal Fixation Devices Except Hip And Femur Without Cc/Mcc","497","MS-DRG","","","","","","","facility","inpatient","","","","","","Bcbs","Highmark Health Options Medicare Managed Care Plan","","","[MSDRG Base Rate: FEE SCHEDULE]","","","","0","other","","","No services performed during 15-month lookback period."
"Local Excision And Removal Of Internal Fixation Devices Of Hip And Femur With Cc/Mcc","498","MS-DRG","","","","","","","facility","inpatient","","","","","","Aetna - De","Better Health Medicaid Managed Care Plan","","","[Inpatient Services: Payer leverages state specific Medicaid payment methodology. Available, referenceable algorithm logic found here: https://medicaidpublications.dhss.delaware.gov/docs/search]","","","","0","other","","","No services performed during 15-month lookback period."
"Local Excision And Removal Of Internal Fixation Devices Of Hip And Femur Without Cc/Mcc","499","MS-DRG","","","","","","","facility","inpatient","","","","","","Aetna - Md","Better Health Medicaid Managed Care Plan","","","[Inpatient Services: Payer leverages state specific Medicaid payment methodology. Available, referenceable algorithm logic found here: https://health.maryland.gov/mmcp/provider/Pages/default.aspx]","","","","0","other","","","No services performed during 15-month lookback period."
"Local Excision And Removal Of Internal Fixation Devices Of Hip And Femur Without Cc/Mcc","499","MS-DRG","","","","","","","facility","inpatient","","","","","","Aetna","All Commercial Plans","","","[SNF-(% BC): 65] [Bariatric Surgery-Case Rate: 20177] [All Other IP (%BC): 86.5]","","","","0","other","","","No services performed during 15-month lookback period."
"Local Excision And Removal Of Internal Fixation Devices Of Hip And Femur Without Cc/Mcc","499","MS-DRG","","","","","","","facility","inpatient","","","","","","Aetna","Medicare Managed Care Plan","","","[MSDRG Base Rate: FEE SCHEDULE] [Psych-Per Diem: 1065] [Rehab-Per Diem: 1598] [SNF-Per Diem: 365]","","","","0","other","","","No services performed during 15-month lookback period."
"Local Excision And Removal Of Internal Fixation Devices Of Hip And Femur Without Cc/Mcc","499","MS-DRG","","","","","","","facility","inpatient","","","","","","Cigna","All Commercial Plans","","","[SNF-(% BC): 60] [All Other IP (%BC): 88.46]","","","","0","other","","","No services performed during 15-month lookback period."
"Long chain fatty acids","82726","HCPCS","","","","","","","facility","outpatient","","","","","","Ambetter","All Commercial Plans","29.62","","","","","","","fee schedule","12.84","59.25","Radiology"
"Lower Extremity And Humerus Procedures Except Hip, Foot And Femur With Cc","493","MS-DRG","","","","","","","facility","inpatient","","","","","","Jefferson Health Plan","Health Partners Medicare Managed Care Plan","24139.6","","","","","","","fee schedule","21840.6","59598.35","MSDRG Base Rate"
"Lower Extremity And Humerus Procedures Except Hip, Foot And Femur With Mcc","492","MS-DRG","","","","","","","facility","inpatient","","","","","","Ambetter","All Commercial Plans","","91","","","","","0","percent of total billed charges","","","No services performed during 15-month lookback period."
"Lower Extremity And Humerus Procedures Except Hip, Foot And Femur With Mcc","492","MS-DRG","","","","","","","facility","inpatient","","","","","","Bcbs","Highmark Wholecare Medicare Managed Care Plan","","","[MSDRG Base Rate: FEE SCHEDULE]","","","","0","other","","","No services performed during 15-month lookback period."
"Lower Extremity And Humerus Procedures Except Hip, Foot And Femur Without Cc/Mcc","494","MS-DRG","","","","","","","facility","inpatient","","","","","","Bcbs","Highmark Health Options Medicare Managed Care Plan","","","[MSDRG Base Rate: FEE SCHEDULE]","","","","0","other","","","No services performed during 15-month lookback period."
"Lower Extremity And Humerus Procedures Except Hip, Foot And Femur Without Cc/Mcc","494","MS-DRG","","","","","","","facility","inpatient","","","","","","Jefferson Health Plan","Health Partners Medicaid Managed Care/Aca Plan","","","[Inpatient Services: Payer leverages state specific Medicaid payment methodology. Available, referenceable algorithm logic found here: https://www.pa.gov/agencies/dhs/resources/for-providers] [MSDRG Base Rate: FEE SCHEDULE]","","","","0","other","","","No services performed during 15-month lookback period."
"Lumbar spine fusion","22612","HCPCS","","","","","","","facility","outpatient","","","","","","Bcbs","Highmark Wholecare Medicare Managed Care Plan","20842.32","","","","","","","fee schedule","18000.18","56842.69","APC"
"Lung perfusion imaging","78580","HCPCS","","","","","","","facility","outpatient","","","","","","Bcbs","Highmark Health Options Medicare Managed Care Plan","442.8","","","","","","","fee schedule","410.4","1296.01","APC"
"Lung ventilation imaging","78579","HCPCS","","","","","","","facility","outpatient","","","","","","Amerihealth","Caritas Next Other Commercial Plan","691.21","","","","","","","fee schedule","410.4","1296.01","Radiology"
"Lw gnotyp icam4 exon 1","0197U","HCPCS","","","","","","","facility","outpatient","","","","","","Amerihealth","Medicare Managed Care Plan","200.02","","","","","","","fee schedule","175.94","555.6","APC"
"Lwr xtr vasc stdy bilat","93924","HCPCS","","","","","","","facility","outpatient","","","","","","Aetna","All Commercial Plans","326.67","","","","","","","fee schedule","221.67","700","Radiology"
"Lyme dis dna amp probe","87476","HCPCS","","","","","","","facility","outpatient","","","","","","Jefferson Health Plan","Health Partners Medicare Managed Care Plan","36.84","","","","","","","fee schedule","22.81","105.27","APC"
"Lymph vessel x-ray arm/leg","75801","HCPCS","","","","","","","facility","outpatient","","","","","","Amerihealth","Caritas Next Other Commercial Plan","1084.61","","","","","","","fee schedule","643.99","2033.65","Radiology"
"Lymph vessel x-ray arms/legs","75803","HCPCS","","","","","","","facility","outpatient","","","","","","Bcbs","Highmark Medicare Managed Care Plan","1616.02","","","","","","","fee schedule","1616.02","5103.23","APC"
"Lymph vessel x-ray trunk","75807","HCPCS","","","","","","","facility","outpatient","","","","","","Jefferson Health Plan","Health Partners Medicare Managed Care Plan","3582.67","","","","","","","fee schedule","3241.46","10236.2","APC"
"Lymphocyte culture mixed","86821","HCPCS","","","","","","","facility","outpatient","","","","","","Aetna","All Commercial Plans","51.18","","","","","","","fee schedule","23.76","109.68","Radiology"
"Lymphocyte transformation","86353","HCPCS","","","","","","","facility","outpatient","","","","","","Amerihealth","Caritas Next Other Commercial Plan","49.03","","","","","","","fee schedule","31.87","147.09","Laboratory"
"Lymphocyte transformation","86353","HCPCS","","","","","","","facility","outpatient","","","","","","Amerihealth","Medicare Managed Care Plan","52.95","","","","","","","fee schedule","31.87","147.09","APC"
"Lymphoma & non-acute leukemia w CC","403","MS-DRG","","","","","","","facility","inpatient","","","","","","Jefferson Health Plan","Health Partners Medicare Managed Care Plan","","","[MSDRG Base Rate: FEE SCHEDULE]","","","","0","other","","","No services performed during 15-month lookback period."
"Lymphoma & non-acute leukemia w other O.R. proc w CC","401","MS-DRG","","","","","","","facility","inpatient","","","","","","Unitedhealthcare","All Commercial Plans","","91","","","","","0","percent of total billed charges","","","No services performed during 15-month lookback period."
"Lymphoma And Leukemia With Major O.R. Procedures With Mcc","820","MS-DRG","","","","","","","facility","inpatient","","","","","","Aetna - De","Better Health Medicaid Managed Care Plan","","","[Inpatient Services: Payer leverages state specific Medicaid payment methodology. Available, referenceable algorithm logic found here: https://medicaidpublications.dhss.delaware.gov/docs/search]","","","","0","other","","","No services performed during 15-month lookback period."
"Lymphoma And Leukemia With Major O.R. Procedures Without Cc/Mcc","822","MS-DRG","","","","","","","facility","inpatient","","","","","","Amerihealth","Medicare Managed Care Plan","12051.26","","","","","","","fee schedule","10600.64","28294","MSDRG Base Rate"
"Lymphoma And Leukemia With Major O.R. Procedures Without Cc/Mcc","822","MS-DRG","","","","","","","facility","inpatient","","","","","","Bcbs","Highmark Health Options Medicare Managed Care Plan","11437.53","","","","","","","fee schedule","10600.64","28294","MSDRG Base Rate"
"Lymphoma And Leukemia With Major O.R. Procedures Without Cc/Mcc","822","MS-DRG","","","","","","","facility","inpatient","","","","","","Jefferson Health Plan","Health Partners Medicaid Managed Care/Aca Plan","","","[Inpatient Services: Payer leverages state specific Medicaid payment methodology. Available, referenceable algorithm logic found here: https://www.pa.gov/agencies/dhs/resources/for-providers] [MSDRG Base Rate: FEE SCHEDULE]","","","","0","other","","","No services performed during 15-month lookback period."
"Lymphoma And Non-Acute Leukemia With Other Procedures With Cc","824","MS-DRG","","","","","","","facility","inpatient","","","","","","Bcbs","Highmark All Commercial Plans","","","[Lesser Than Charges paid at %: 100] [MSDRG Base Rate: FEE SCHEDULE] [Normal Newborn-Per Diem: 6037.44] [Psych-Per Diem: 2159.84] [All Other IP (%BC): 85.44]","","","","0","other","","","No services performed during 15-month lookback period."
"Lymphoma And Non-Acute Leukemia With Other Procedures With Mcc","823","MS-DRG","","","","","","","facility","inpatient","","","","","","Aetna","Medicare Managed Care Plan","","","[MSDRG Base Rate: FEE SCHEDULE] [Psych-Per Diem: 1065] [Rehab-Per Diem: 1598] [SNF-Per Diem: 365]","","","","0","other","","","No services performed during 15-month lookback period."
"Lymphoma And Non-Acute Leukemia With Other Procedures With Mcc","823","MS-DRG","","","","","","","facility","inpatient","","","","","","Ambetter","All Commercial Plans","","91","","","","","0","percent of total billed charges","","","No services performed during 15-month lookback period."
"Lymphoma And Non-Acute Leukemia Without Cc/Mcc","842","MS-DRG","","","","","","","facility","inpatient","","","","","","Aetna","All Commercial Plans","","","[SNF-(% BC): 65] [Bariatric Surgery-Case Rate: 20177] [All Other IP (%BC): 86.5]","","","","0","other","","","No services performed during 15-month lookback period."
"Lyse chest fibrin init day","32561","HCPCS","","","","","","","facility","outpatient","","","","","","Ambetter","All Commercial Plans","1016.82","","","","","","","fee schedule","643.99","2033.65","Radiology"
"Lyse chest fibrin subq day","32562","HCPCS","","","","","","","facility","outpatient","","","","","","Bcbs","Highmark All Commercial Plans","1000.22","","","","","","","fee schedule","643.99","2033.65","Radiology"
"Lysis of labial lesion(s)","56441","HCPCS","","","","","","","facility","outpatient","","","","","","Jefferson Health Plan","Health Partners Medicare Managed Care Plan","3673.04","","","","","","","fee schedule","3323.23","10494.4","APC"
"Lysis penil circumic lesion","54162","HCPCS","","","","","","","facility","outpatient","","","","","","Bcbs","Highmark All Commercial Plans","3333.05","","","","","","","fee schedule","2145.98","6776.79","Radiology"
"M PNEUMONIAE QUAL DNA PCR","ChemCh7500","CDM","306","RC","87581","HCPCS","","","facility","both","","","","493.42","493.42","","","","","","","","","","","","","Gross Charge Type: Main Acute Price List"
"M.avium-intra dna amp prob","87561","HCPCS","","","","","","","facility","outpatient","","","","","","Bcbs","Highmark All Commercial Plans","51.78","","","","","","","fee schedule","22.81","105.27","Radiology"
"M.avium-intra dna quant","87562","HCPCS","","","","","","","facility","outpatient","","","","","","Jefferson Health Plan","Health Partners Medicaid Managed Care/Aca Plan","128.52","","","","","","","fee schedule","27.85","128.52","APC"
"M.pneumon dna quant","87582","HCPCS","","","","","","","facility","outpatient","","","","","","Bcbs","Highmark Medicare Managed Care Plan","287.49","","","","","","","fee schedule","196.7","907.86","APC"
"M.pneumon dna quant","87582","HCPCS","","","","","","","facility","outpatient","","","","","","Jefferson Health Plan","Health Partners Medicaid Managed Care/Aca Plan","907.86","","","","","","","fee schedule","196.7","907.86","APC"
"M.tuberculo dna dir probe","87555","HCPCS","","","","","","","facility","outpatient","","","","","","Amerihealth","Caritas Next Other Commercial Plan","43.01","","","","","","","fee schedule","17.47","80.64","Radiology"
"M.tuberculo dna quant","87557","HCPCS","","","","","","","facility","outpatient","","","","","","Jefferson Health Plan","Health Partners Medicaid Managed Care/Aca Plan","128.52","","","","","","","fee schedule","27.85","128.52","APC"
"MAGNET, PROCESSOR OSIA 2 SOUND","OperWmSup108800","CDM","272","RC","","","","","facility","both","","","","108.31","108.31","","","","","","","","","","","","","Gross Charge Type: Main Acute Price List"
"MAGNET, SCS ALGOVITA","CspuChSup79235","CDM","270","RC","","","","","facility","both","","","","985.56","985.56","","","","","","","","","","","","","Gross Charge Type: Main Acute Price List"
"MAGNET, SOUND PROCESSOR STRENGTH 4","Chrs5468619","CDM","278","RC","L8614","HCPCS","","","facility","both","","","","749.54","749.54","","","","","","","","","","","","","Gross Charge Type: Main Acute Price List"
"MAGNET, SOUND PROCESSOR STRENGTH 4","GyscChSup68619","CDM","278","RC","L8614","HCPCS","","","facility","both","","","","749.54","749.54","","","","","","","","","","","","","Gross Charge Type: Main Acute Price List"
"MAGNETIC RESONANCE ELASTOGRAPHY GLR","ChrsMR1742","CDM","610","RC","76391","HCPCS","","","facility","both","","","","897.36","897.36","","","","","","","","","","","","","Gross Charge Type: Main Acute Price List"
"MAGNETIC RESONANCE ELASTOGRAPHY PFR","RdpfMRP1742","CDM","972","RC","76391","HCPCS","","","facility","both","","","","170.06","170.06","","","","","","","","","","","","","Gross Charge Type: Main Acute Price List"
"MAGNETIC RESONANCE SPECTROSCPY GLR","Ccsp418021","CDM","610","RC","76390","HCPCS","","","facility","both","","","","2397.16","2397.16","","","","","","","","","","","","","Gross Charge Type: Acute Discounted"
"MAMMOGRAM,DIA,DIG,CAD,BIL,AFT SCREEN PFR","GLNM30P4856","CDM","401","RC","77066","HCPCS","","","facility","both","","","26GG","220.84","220.84","","","","","","","","","","","","","Gross Charge Type: Main Acute Price List | The modified price is presented in the standard charge value. | Modifier 26: Professional Component | Modifier GG: Performance and payment of a screening mammogram and diagnostic mammogram on the same patient, same day"
"MAMMOGRAM,DIA,DIG,CAD,UNI,AF SCREEN,RT GLR","BRML304859","CDM","401","RC","77065","HCPCS","","","facility","both","","","GGRT","626.91","626.91","","","","","","","","","","","","","Gross Charge Type: Main Acute Price List | The modified price is presented in the standard charge value. | Modifier GG: Performance and payment of a screening mammogram and diagnostic mammogram on the same patient, same day | Modifier RT: Right side (used to identify procedures performed on the right side of the body)"
"MAMMOGRAM,DIA,DIG,CAD,UNI,LT PFR","Rdpc54P4858","CDM","401","RC","77065","HCPCS","","","facility","both","","","26LT","179.63","179.63","","","","","","","","","","","","","Gross Charge Type: Main Acute Price List | The modified price is presented in the standard charge value. | Modifier 26: Professional Component | Modifier LT: Left side (used to identify procedures performed on the left side of the body)"
"MAMMOGRAM,DIA,DIG,CAD,UNI.AFT SCREEN.LT PFR","BRML54P4857","CDM","401","RC","77065","HCPCS","","","facility","both","","","26GGLT","179.63","179.63","","","","","","","","","","","","","Gross Charge Type: Main Acute Price List | The modified price is presented in the standard charge value. | Modifier 26: Professional Component | Modifier GG: Performance and payment of a screening mammogram and diagnostic mammogram on the same patient, same day | Modifier LT: Left side (used to identify procedures performed on the left side of the body)"
"MAMMOGRAM,DIA,DIGL,CAD,UNI,LT GLR","Ccsm544858","CDM","401","RC","77065","HCPCS","","","facility","both","","","LT","626.91","626.91","","","","","","","","","","","","","Gross Charge Type: Main Acute Price List | The modified price is presented in the standard charge value. | Modifier LT: Left side (used to identify procedures performed on the left side of the body)"
"MAMMOGRAM,DIA,DIGL,CAD,UNI,LT GLR","Ccsp544858","CDM","401","RC","77065","HCPCS","","","facility","both","","","LT","339.66","339.66","","","","","","","","","","","","","Gross Charge Type: Acute Discounted | The modified price is presented in the standard charge value. | Modifier LT: Left side (used to identify procedures performed on the left side of the body)"
"MAMMOGRAM,DIA,DIGL,CAD,UNI,LT GLR","MDIA544858","CDM","401","RC","77065","HCPCS","","","facility","both","","","LT","626.91","626.91","","","","","","","","","","","","","Gross Charge Type: Main Acute Price List | The modified price is presented in the standard charge value. | Modifier LT: Left side (used to identify procedures performed on the left side of the body)"
"MAMMOGRAM,DIAG,DIGITAL,CAD,UNI,RT GLR","Ccsb544860","CDM","401","RC","77065","HCPCS","","","facility","both","","","RT","626.91","626.91","","","","","","","","","","","","","Gross Charge Type: Main Acute Price List | The modified price is presented in the standard charge value. | Modifier RT: Right side (used to identify procedures performed on the right side of the body)"
"MAMMOGRAM,DIAG,DIGITAL,CAD,UNI,RT GLR","WilmXr4860","CDM","401","RC","77065","HCPCS","","","facility","both","","","RT","339.66","339.66","","","","","","","","","","","","","Gross Charge Type: Acute Discounted | The modified price is presented in the standard charge value. | Modifier RT: Right side (used to identify procedures performed on the right side of the body)"
"MAMMOGRAM,DIAGNOSTIC,DIGITAL,CAD,BIL GLR","Ccbc304855","CDM","401","RC","77066","HCPCS","","","facility","both","","","","395.57","395.57","","","","","","","","","","","","","Gross Charge Type: Acute Discounted"
"MAMMOGRAM,DIAGNOSTIC,DIGITAL,CAD,BIL GLR","Ccsm544855","CDM","401","RC","77066","HCPCS","","","facility","both","","","","395.57","395.57","","","","","","","","","","","","","Gross Charge Type: Acute Discounted"
"MAMMOGRAM,SCREENING,DIGITAL,CAD,BILAT GLR","Ccsm544851","CDM","403","RC","77067","HCPCS","","","facility","both","","","","649.95","649.95","","","","","","","","","","","","","Gross Charge Type: Main Acute Price List"
"MAMMOGRAM,SCREENING,DIGITAL,CAD,BILAT GLR","MDIA544851","CDM","403","RC","77067","HCPCS","","","facility","both","","","","649.95","649.95","","","","","","","","","","","","","Gross Charge Type: Main Acute Price List"
"MAMMOGRAM,SCREENING,DIGITAL,CAD,UNI GLR","Chhn544853","CDM","403","RC","77067","HCPCS","","","facility","both","","","","519.28","519.28","","","","","","","","","","","","","Gross Charge Type: Main Acute Price List"
"MAMMOGRAM,SCREENING,DIGITAL,UNILATERAL PFR","GLNM54P4842","CDM","403","RC","77067","HCPCS","","","facility","both","","","52","117.63","117.63","","","","","","","","","","","","","Gross Charge Type: Main Acute Price List | The modified price is presented in the standard charge value. | Modifier 52: Reduced Services"
"MANUAL THERAPY,EACH 15 MIN,OT","OcthWo1501","CDM","430","RC","97140","HCPCS","","","facility","both","","","GO","144.68","144.68","","","","","","","","","","","","","Gross Charge Type: Main Acute Price List | The modified price is presented in the standard charge value. | Modifier GO: Services delivered under an outpatient occupational therapy plan of care"
"MANUAL THERAPY,EACH 15 MIN,PT","PhytHc1450","CDM","420","RC","97140","HCPCS","","","facility","both","","","GP","144.68","144.68","","","","","","","","","","","","","Gross Charge Type: Main Acute Price List | The modified price is presented in the standard charge value. | Modifier GP: Services delivered under an outpatient physical therapy plan of care"
"MARKER, 5FR PIGTAIL","EplbChSup7984","CDM","270","RC","","","","","facility","both","","","","590.97","590.97","","","","","","","","","","","","","Gross Charge Type: Main Acute Price List"
"MARKER, ATEC TUMARK VISION 10CM","CspuChSup71082","CDM","272","RC","","","","","facility","both","","","","468.14","468.14","","","","","","","","","","","","","Gross Charge Type: Main Acute Price List"
"MARKER, BIOPSY GEL SITE 14GA","Ccim4127527","CDM","272","RC","","","","","facility","both","","","","461.98","461.98","","","","","","","","","","","","","Gross Charge Type: Main Acute Price List"
"MARKER, BREAST BIOPSY STARCHMARK 14GSS V","AngiWmSup52555","CDM","278","RC","A4648","HCPCS","","","facility","both","","","","217.2","217.2","","","","","","","","","","","","","Gross Charge Type: Main Acute Price List"
"MARKER, BREAST BIOPSY STARCHMARK 14GSS V","FcinCT52555","CDM","278","RC","A4648","HCPCS","","","facility","both","","","","217.2","217.2","","","","","","","","","","","","","Gross Charge Type: Main Acute Price List"
"MARKER, BREAST BIOPSY STARCHMARK 14GSS V","OperChSup52555","CDM","278","RC","A4648","HCPCS","","","facility","both","","","","217.2","217.2","","","","","","","","","","","","","Gross Charge Type: Main Acute Price List"
"MARKER, ENCOR SENOMARK MRI 14G W/M-SH SS","OperWmSup53091","CDM","278","RC","A4648","HCPCS","","","facility","both","","","","461.98","461.98","","","","","","","","","","","","","Gross Charge Type: Main Acute Price List"
"MARKER, HYDROMARK BREAST BIOPSY SITE SHAPE 1","CcsbCT43337","CDM","278","RC","A4648","HCPCS","","","facility","both","","","","523.42","523.42","","","","","","","","","","","","","Gross Charge Type: Main Acute Price List"
"MARKER, HYDROMARK BREAST BIOPSY SITE SHAPE 3","CcicUS43338","CDM","278","RC","A4648","HCPCS","","","facility","both","","","","523.42","523.42","","","","","","","","","","","","","Gross Charge Type: Main Acute Price List"
"MARKER, SENOMARK ULTRACORE 14G 13CM HEART TITANIUM","AngiChSup112703","CDM","278","RC","A4648","HCPCS","","","facility","both","","","","405.44","405.44","","","","","","","","","","","","","Gross Charge Type: Main Acute Price List"
"MARKER, SPHERE PASSIVE 3-PK","Wilm5433245","CDM","270","RC","","","","","facility","both","","","","45.18","45.18","","","","","","","","","","","","","Gross Charge Type: Main Acute Price List"
"MARKER, SPHERE PASSIVE STEALTH 4-PK","CspuChSup50468","CDM","272","RC","","","","","facility","both","","","","144.51","144.51","","","","","","","","","","","","","Gross Charge Type: Main Acute Price List"
"MARKER, SPHERE PASSIVE STEALTH 4-PK","ScanChSup50468","CDM","272","RC","","","","","facility","both","","","","144.51","144.51","","","","","","","","","","","","","Gross Charge Type: Main Acute Price List"
"MARKER, TISSUE SENOMARK ULTRA 9G TITANIUM RIBBON","CspuChSup113843","CDM","278","RC","A4648","HCPCS","","","facility","both","","","","405.44","405.44","","","","","","","","","","","","","Gross Charge Type: Main Acute Price List"
"MARKER, TISSUE SENOMARK ULTRA 9G TITANIUM RIBBON","GastChSup113843","CDM","278","RC","A4648","HCPCS","","","facility","both","","","","405.44","405.44","","","","","","","","","","","","","Gross Charge Type: Main Acute Price List"
"MARKER, ULTRACLIP DUAL TRIGGER 17G 10CM INCONEL 625","CcthChSup112705","CDM","278","RC","A4648","HCPCS","","","facility","both","","","","431.18","431.18","","","","","","","","","","","","","Gross Charge Type: Main Acute Price List"
"MARKER, ULTRACLIP DUAL TRIGGER 17G 12CM TITANIUM","Ccbc41112706","CDM","278","RC","A4648","HCPCS","","","facility","both","","","","431.18","431.18","","","","","","","","","","","","","Gross Charge Type: Main Acute Price List"
"MARKER, US GUIDED BIOPSY 15G SHAPE 3","Ccim4158363","CDM","278","RC","A4648","HCPCS","","","facility","both","","","","523.42","523.42","","","","","","","","","","","","","Gross Charge Type: Main Acute Price List"
"MARKER, US GUIDED BIOPSY 15G SHAPE 3","CcsmCT58363","CDM","278","RC","A4648","HCPCS","","","facility","both","","","","523.42","523.42","","","","","","","","","","","","","Gross Charge Type: Main Acute Price List"
"MARKER, US GUIDED BIOPSY 15G SHAPE 3","Chrs5458363","CDM","278","RC","A4648","HCPCS","","","facility","both","","","","523.42","523.42","","","","","","","","","","","","","Gross Charge Type: Main Acute Price List"
"MARKER, US GUIDED BIOPSY 18G SHAPE 1","CcbcMg58362","CDM","278","RC","A4648","HCPCS","","","facility","both","","","","523.42","523.42","","","","","","","","","","","","","Gross Charge Type: Main Acute Price List"
"MARKER, US GUIDED BIOPSY 18G SHAPE 1","FcinUS58362","CDM","278","RC","A4648","HCPCS","","","facility","both","","","","523.42","523.42","","","","","","","","","","","","","Gross Charge Type: Main Acute Price List"
"MARKER, US GUIDED BIOPSY 18G SHAPE 1","S107US58362","CDM","278","RC","A4648","HCPCS","","","facility","both","","","","523.42","523.42","","","","","","","","","","","","","Gross Charge Type: Main Acute Price List"
"MARKER,BREAST TISS ULTRACOR TWIRL RING 17GX10","Ccsb3867989","CDM","278","RC","A4648","HCPCS","","","facility","both","","","","461.98","461.98","","","","","","","","","","","","","Gross Charge Type: Main Acute Price List"
"MARKER,BREAST TISS ULTRACOR TWIRL RING 17GX10","Ccsp4167989","CDM","278","RC","A4648","HCPCS","","","facility","both","","","","461.98","461.98","","","","","","","","","","","","","Gross Charge Type: Main Acute Price List"
"MARKER,BREAST TISS ULTRACOR TWIRL RING 17GX10","ScanChSup67989","CDM","278","RC","A4648","HCPCS","","","facility","both","","","","461.98","461.98","","","","","","","","","","","","","Gross Charge Type: Main Acute Price List"
"MARKER,VISICOIL 2 STR PRELOA NDL 18GX20 0.50","ScorWmSup76574","CDM","278","RC","A4648","HCPCS","","","facility","both","","","","1570.74","1570.74","","","","","","","","","","","","","Gross Charge Type: Main Acute Price List"
"MARKER,VISICOIL FUDICIAL PREL 21GX15CM .050","OperChSup67816","CDM","278","RC","A4648","HCPCS","","","facility","both","","","","1261.21","1261.21","","","","","","","","","","","","","Gross Charge Type: Main Acute Price List"
"MARKER,VISICOIL FUDICIAL PREL 21GX15CM .050","PacuWmSup67816","CDM","278","RC","A4648","HCPCS","","","facility","both","","","","1261.21","1261.21","","","","","","","","","","","","","Gross Charge Type: Main Acute Price List"
"MASK, C-PRONE COMFORT STND ADULT","DelrChSup72748","CDM","270","RC","","","","","facility","both","","","","172.02","172.02","","","","","","","","","","","","","Gross Charge Type: Main Acute Price List"
"MASK, C-PRONE COMFORT STND ADULT","ScanChSup72748","CDM","270","RC","","","","","facility","both","","","","172.02","172.02","","","","","","","","","","","","","Gross Charge Type: Main Acute Price List"
"MASTERGRAFT, MATRIX EXT 5CC COMPT","EplbChSup110868","CDM","278","RC","C1713","HCPCS","","","facility","both","","","","2867.02","2867.02","","","","","","","","","","","","","Gross Charge Type: Main Acute Price List"
"MASTERGRAFT, MATRIX EXT 5CC COMPT","ScanWmSup110868","CDM","278","RC","C1713","HCPCS","","","facility","both","","","","2867.02","2867.02","","","","","","","","","","","","","Gross Charge Type: Main Acute Price List"
"MATERIAL, MICROMAT WITH SUCTION BLUE","ScpuChSup109498","CDM","272","RC","","","","","facility","both","","","","328.5","328.5","","","","","","","","","","","","","Gross Charge Type: Main Acute Price List"
"MATERIAL, MICROMAT WITH SUCTION YELLOW","OperChSup109499","CDM","272","RC","","","","","facility","both","","","","328.5","328.5","","","","","","","","","","","","","Gross Charge Type: Main Acute Price List"
"MATERIAL, MICROMAT WITH SUCTION YELLOW","ScorChSup109499","CDM","272","RC","","","","","facility","both","","","","328.5","328.5","","","","","","","","","","","","","Gross Charge Type: Main Acute Price List"
"MDS, -5/5Q- BY FISH, PT 2","CygnCh1308","CDM","311","RC","88373","HCPCS","","","facility","both","","","","411.19","411.19","","","","","","","","","","","","","Gross Charge Type: Main Acute Price List"
"MECH THROMB,TL,NCOR,ART/BYP GR,INIT GLP","Chrs381540","CDM","361","RC","37184","HCPCS","","","facility","both","","","","7754.12","7754.12","","","","","","","","","","","","","Gross Charge Type: Main Acute Price List"
"MEMBRANE, AVIVE SOFT TISSUE 2X4CM","ScanWmSup108916","CDM","278","RC","C1762","HCPCS","","","facility","both","","","","12307.89","12307.89","","","","","","","","","","","","","Gross Charge Type: Main Acute Price List"
"MEMBRANE, EPIFIX 18MM DISK","ScanChSup61998","CDM","636","RC","Q4186","HCPCS","","","facility","both","","","","4816.92","4816.92","","","","","","","","","","","","","Gross Charge Type: Main Acute Price List"
"MEMBRANE, OSSEOGUARD RESORBABLE COLLAGEN 20X30","CspuChSup19184","CDM","270","RC","","","","","facility","both","","","","694.52","694.52","","","","","","","","","","","","","Gross Charge Type: Main Acute Price List"
"MEMBRANE, OSSEOGUARD RESORBABLE COLLAGEN 20X30","OperWmSup19184","CDM","270","RC","","","","","facility","both","","","","694.52","694.52","","","","","","","","","","","","","Gross Charge Type: Main Acute Price List"
"MEMBRANE, PRECLUDE PERICARDIAL 12 X 12CM","EplbChSup21316","CDM","278","RC","C1899","HCPCS","","","facility","both","","","","5285.05","5285.05","","","","","","","","","","","","","Gross Charge Type: Main Acute Price List"
"MESH, 0.2 THICK 85X50MM","AnesChSup106456","CDM","278","RC","C1781","HCPCS","","","facility","both","","","","4558.21","4558.21","","","","","","","","","","","","","Gross Charge Type: Main Acute Price List"
"MESH, 0.2 THICK 85X50MM","AnesWmSup106456","CDM","278","RC","C1781","HCPCS","","","facility","both","","","","4558.21","4558.21","","","","","","","","","","","","","Gross Charge Type: Main Acute Price List"
"MESH, 0.2 THICK 85X50MM","DelrChSup106456","CDM","278","RC","C1781","HCPCS","","","facility","both","","","","4558.21","4558.21","","","","","","","","","","","","","Gross Charge Type: Main Acute Price List"
"MESH, 3DMAX LIGHT LRG RT 4""X6""","EplbChSup42130","CDM","278","RC","C1781","HCPCS","","","facility","both","","","","1174.66","1174.66","","","","","","","","","","","","","Gross Charge Type: Main Acute Price List"
"MESH, 3DMAX LIGHT LRG RT 4""X6""","ScpuWmSup42130","CDM","278","RC","C1781","HCPCS","","","facility","both","","","","1174.66","1174.66","","","","","","","","","","","","","Gross Charge Type: Main Acute Price List"
"MESH, 3DMAX LIGHT MED LT 3""X5""","AngiWmSup42127","CDM","278","RC","C1781","HCPCS","","","facility","both","","","","1108.14","1108.14","","","","","","","","","","","","","Gross Charge Type: Main Acute Price List"
"MESH, 3DMAX LIGHT MED LT 3""X5""","ScpuWmSup42127","CDM","278","RC","C1781","HCPCS","","","facility","both","","","","1108.14","1108.14","","","","","","","","","","","","","Gross Charge Type: Main Acute Price List"
"MESH, 3DMAX LIGHT MED RT 3""X5""","ScpuWmSup42128","CDM","278","RC","C1781","HCPCS","","","facility","both","","","","1108.14","1108.14","","","","","","","","","","","","","Gross Charge Type: Main Acute Price List"
"MESH, 3DMAX LIGHT XLRG LT 5""X7""","PacuWmSup42131","CDM","278","RC","C1781","HCPCS","","","facility","both","","","","1296.01","1296.01","","","","","","","","","","","","","Gross Charge Type: Main Acute Price List"
"MESH, 3DMAX LRG LT 4""X6""","ScpuWmSup42123","CDM","278","RC","C1781","HCPCS","","","facility","both","","","","972.63","972.63","","","","","","","","","","","","","Gross Charge Type: Main Acute Price List"
"MESH, 3DMAX LRG RT 4""X6""","Chrs3142124","CDM","278","RC","C1781","HCPCS","","","facility","both","","","","972.63","972.63","","","","","","","","","","","","","Gross Charge Type: Main Acute Price List"
"MESH, 3DMAX MID EXTRA-LARGE 5INX7IN LEFT","AngiWmSup107255","CDM","278","RC","C1781","HCPCS","","","facility","both","","","","1174.66","1174.66","","","","","","","","","","","","","Gross Charge Type: Main Acute Price List"
"MESH, 3DMAX MID EXTRA-LARGE 5INX7IN RIGHT","CcthChSup107256","CDM","278","RC","C1781","HCPCS","","","facility","both","","","","1296.01","1296.01","","","","","","","","","","","","","Gross Charge Type: Main Acute Price List"
"MESH, 3DMAX MID LARGE 4INX6IN LEFT","DelrChSup107253","CDM","278","RC","C1781","HCPCS","","","facility","both","","","","1296.01","1296.01","","","","","","","","","","","","","Gross Charge Type: Main Acute Price List"
"MESH, 3DMAX MID LARGE 4INX6IN LEFT","PacuWmSup107253","CDM","278","RC","C1781","HCPCS","","","facility","both","","","","1296.01","1296.01","","","","","","","","","","","","","Gross Charge Type: Main Acute Price List"
"MESH, 3DMAX MID LARGE 4INX6IN LEFT","ScorChSup107253","CDM","278","RC","C1781","HCPCS","","","facility","both","","","","1296.01","1296.01","","","","","","","","","","","","","Gross Charge Type: Main Acute Price List"
"MESH, 3DMAX MID MEDIUM 3INX5IN LEFT","ScpuWmSup107251","CDM","278","RC","C1781","HCPCS","","","facility","both","","","","1108.14","1108.14","","","","","","","","","","","","","Gross Charge Type: Main Acute Price List"
"MESH, 3DMAX MID MEDIUM 3INX5IN RIGHT","ScpuChSup107252","CDM","278","RC","C1781","HCPCS","","","facility","both","","","","1174.66","1174.66","","","","","","","","","","","","","Gross Charge Type: Main Acute Price List"
"MESH, 3DMAX XLRG LT 5""X7""","GastWmSup42125","CDM","278","RC","C1781","HCPCS","","","facility","both","","","","1231.94","1231.94","","","","","","","","","","","","","Gross Charge Type: Main Acute Price List"
"MESH, 3DMAX XLRG RT 5""X7""","ScanWmSup42126","CDM","278","RC","C1781","HCPCS","","","facility","both","","","","1231.94","1231.94","","","","","","","","","","","","","Gross Charge Type: Main Acute Price List"
"MESH, 3DMAX XLRG RT 5""X7""","Wilm5442126","CDM","278","RC","C1781","HCPCS","","","facility","both","","","","1231.94","1231.94","","","","","","","","","","","","","Gross Charge Type: Main Acute Price List"
"MESH, BARD PERFIX PLUG SMALL","OperWmSup214338","CDM","278","RC","C1781","HCPCS","","","facility","both","","","","764.42","764.42","","","","","","","","","","","","","Gross Charge Type: Main Acute Price List"
"MESH, BARD PERFIX PLUG SMALL","Wilm54214338","CDM","278","RC","C1781","HCPCS","","","facility","both","","","","764.42","764.42","","","","","","","","","","","","","Gross Charge Type: Main Acute Price List"
"MESH, COMPOSIX 6 X 8"" E/X ELLIPSE","PacuChSup9202","CDM","278","RC","C1781","HCPCS","","","facility","both","","","","3869.02","3869.02","","","","","","","","","","","","","Gross Charge Type: Main Acute Price List"
"MESH, CONTOUR LOW PROFILE SQUARE  38X45MM","AngiWmSup40359","CDM","278","RC","C1713","HCPCS","","","facility","both","","","","6155.24","6155.24","","","","","","","","","","","","","Gross Charge Type: Main Acute Price List"
"MESH, CRIB MAND/MAX","CspuChSup111059","CDM","278","RC","C1889","HCPCS","","","facility","both","","","","59849.35","59849.35","","","","","","","","","","","","","Gross Charge Type: Main Acute Price List"
"MESH, DUAL ABDOMINAL NONABSORB 15CMX19CMX2MM","PacuWmSup106268","CDM","278","RC","C1781","HCPCS","","","facility","both","","","","9535.28","9535.28","","","","","","","","","","","","","Gross Charge Type: Main Acute Price List"
"MESH, ECHO 2 18CMX23CM (7INX9IN) ELLIP","CspuChSup110633","CDM","278","RC","C1781","HCPCS","","","facility","both","","","","7767.43","7767.43","","","","","","","","","","","","","Gross Charge Type: Main Acute Price List"
"MESH, ECHO 2 20CMX25XM (8INX10IN) ELLI","PacuChSup110634","CDM","278","RC","C1781","HCPCS","","","facility","both","","","","8410.68","8410.68","","","","","","","","","","","","","Gross Charge Type: Main Acute Price List"
"MESH, GORE BIO-A 20X20CM","AngiWmSup77656","CDM","278","RC","C1781","HCPCS","","","facility","both","","","","15337.75","15337.75","","","","","","","","","","","","","Gross Charge Type: Main Acute Price List"
"MESH, GORE BIO-A 20X30CM","ScorWmSup77657","CDM","278","RC","C1781","HCPCS","","","facility","both","","","","25439.72","25439.72","","","","","","","","","","","","","Gross Charge Type: Main Acute Price List"
"MESH, GORE BIO-A 20X30CM","ScpuWmSup77657","CDM","278","RC","C1781","HCPCS","","","facility","both","","","","25439.72","25439.72","","","","","","","","","","","","","Gross Charge Type: Main Acute Price List"
"MESH, GORE BIO-A W/NOTCH 7X10CM","ScorWmSup68196","CDM","278","RC","C1781","HCPCS","","","facility","both","","","","3295.46","3295.46","","","","","","","","","","","","","Gross Charge Type: Main Acute Price List"
"MESH, LAP PROGRIP ANATOMIC 15X10CM LEFT","ScanChSup69729","CDM","278","RC","C1781","HCPCS","","","facility","both","","","","3473.55","3473.55","","","","","","","","","","","","","Gross Charge Type: Main Acute Price List"
"MESH, LAP PROGRIP ANATOMIC 15X10CM RIGHT","CspuChSup69730","CDM","278","RC","C1781","HCPCS","","","facility","both","","","","3473.55","3473.55","","","","","","","","","","","","","Gross Charge Type: Main Acute Price List"
"MESH, LAP PROGRIP ANATOMIC 16X12CM LEFT","OperWmSup69734","CDM","278","RC","C1781","HCPCS","","","facility","both","","","","3890.37","3890.37","","","","","","","","","","","","","Gross Charge Type: Main Acute Price List"
"MESH, LAP PROGRIP ANATOMIC 16X12CM LEFT","PacuWmSup69734","CDM","278","RC","C1781","HCPCS","","","facility","both","","","","3890.37","3890.37","","","","","","","","","","","","","Gross Charge Type: Main Acute Price List"
"MESH, LAP PROGRIP ANATOMIC 16X12CM RIGHT","Chrs5469735","CDM","278","RC","C1781","HCPCS","","","facility","both","","","","3890.37","3890.37","","","","","","","","","","","","","Gross Charge Type: Main Acute Price List"
"MESH, MANDIBLE MALLEABLE 70MM","OperChSup35488","CDM","278","RC","C1713","HCPCS","","","facility","both","","","","6890.91","6890.91","","","","","","","","","","","","","Gross Charge Type: Main Acute Price List"
"MESH, MARLEX 10"" X 14""","ScpuChSup1657","CDM","278","RC","C1781","HCPCS","","","facility","both","","","","505.1","505.1","","","","","","","","","","","","","Gross Charge Type: Main Acute Price List"
"MESH, MARLEX 6X6","ScorChSup18732","CDM","278","RC","C1781","HCPCS","","","facility","both","","","","295.05","295.05","","","","","","","","","","","","","Gross Charge Type: Main Acute Price List"
"MESH, PAHSIX SQUARE 12X12CM","CcthChSup106775","CDM","278","RC","C1781","HCPCS","","","facility","both","","","","72315.33","72315.33","","","","","","","","","","","","","Gross Charge Type: Main Acute Price List"
"MESH, PAHSIX SQUARE 12X12CM","OPERCLSUP106775","CDM","278","RC","C1781","HCPCS","","","facility","both","","","","72315.33","72315.33","","","","","","","","","","","","","Gross Charge Type: Main Acute Price List"
"MESH, PAHSIX SQUARE 12X12CM","OperWmSup106775","CDM","278","RC","C1781","HCPCS","","","facility","both","","","","72315.33","72315.33","","","","","","","","","","","","","Gross Charge Type: Main Acute Price List"
"MESH, PHASIX 6INX10IN (15CMX25CM)","ScpuChSup116415","CDM","278","RC","C1781","HCPCS","","","facility","both","","","","29365.19","29365.19","","","","","","","","","","","","","Gross Charge Type: Main Acute Price List"
"MESH, POLYFORM 10X15CM","ScpuWmSup29865","CDM","278","RC","C1781","HCPCS","","","facility","both","","","","2134.22","2134.22","","","","","","","","","","","","","Gross Charge Type: Main Acute Price List"
"MESH, PREFORMED OCCIPITAL 0.6MM","AnesChSup56796","CDM","278","RC","C1713","HCPCS","","","facility","both","","","","27940.58","27940.58","","","","","","","","","","","","","Gross Charge Type: Main Acute Price List"
"MESH, PROGRIP RECTANGULAR PARIETEX 15X15CM","OperWmSup69737","CDM","278","RC","C1781","HCPCS","","","facility","both","","","","2043.67","2043.67","","","","","","","","","","","","","Gross Charge Type: Main Acute Price List"
"MESH, PROGRIP RECTANGULAR PARIETEX 30X15CM","ScanChSup69739","CDM","278","RC","C1781","HCPCS","","","facility","both","","","","2769.66","2769.66","","","","","","","","","","","","","Gross Charge Type: Main Acute Price List"
"MESH, PROLENE SOFT SQ 50X50","ScorWmSup71065","CDM","278","RC","C1781","HCPCS","","","facility","both","","","","3788.74","3788.74","","","","","","","","","","","","","Gross Charge Type: Main Acute Price List"
"MESH, RESTORELLE M FLAT 15X10CM","GyscChSup52741","CDM","278","RC","C1781","HCPCS","","","facility","both","","","","4712.2","4712.2","","","","","","","","","","","","","Gross Charge Type: Main Acute Price List"
"MESH, SMALL GRID 0.6MM","EplbChSup110251","CDM","278","RC","C1781","HCPCS","","","facility","both","","","","4675.24","4675.24","","","","","","","","","","","","","Gross Charge Type: Main Acute Price List"
"MESH, SMALL GRID 0.6MM","ScanWmSup110251","CDM","278","RC","C1781","HCPCS","","","facility","both","","","","4675.24","4675.24","","","","","","","","","","","","","Gross Charge Type: Main Acute Price List"
"MESH, TEMORAL MATRIX NEURO MEDIUM MALLEABLE PLT","CcthChSup119113","CDM","278","RC","C1713","HCPCS","","","facility","both","","","","6087.34","6087.34","","","","","","","","","","","","","Gross Charge Type: Main Acute Price List"
"MESH, TEMORAL MATRIX NEURO MEDIUM MALLEABLE PLT","ScpuChSup119113","CDM","278","RC","C1713","HCPCS","","","facility","both","","","","6087.34","6087.34","","","","","","","","","","","","","Gross Charge Type: Main Acute Price List"
"MESH, VERTESSA LITE Y-MESH STERILE SINGLE USE 26X4X3CM","ScanWmSup112934","CDM","278","RC","C1781","HCPCS","","","facility","both","","","","4685.69","4685.69","","","","","","","","","","","","","Gross Charge Type: Main Acute Price List"
"MESH, VICRYL KNITTED 12""X12""","PacuChSup23919","CDM","278","RC","C1781","HCPCS","","","facility","both","","","","4679.49","4679.49","","","","","","","","","","","","","Gross Charge Type: Main Acute Price List"
"MESH, VICRYL WOVEN 12X12""","Chrs3140335","CDM","278","RC","C1781","HCPCS","","","facility","both","","","","5888.48","5888.48","","","","","","","","","","","","","Gross Charge Type: Main Acute Price List"
"MESH, VICRYL WOVEN 12X12""","OperWmSup40335","CDM","278","RC","C1781","HCPCS","","","facility","both","","","","5888.48","5888.48","","","","","","","","","","","","","Gross Charge Type: Main Acute Price List"
"MESH,MATRIX TI CONTOUR MALLEABLE 100X100/0.4","Wilm5448912","CDM","278","RC","C1713","HCPCS","","","facility","both","","","","17512.13","17512.13","","","","","","","","","","","","","Gross Charge Type: Main Acute Price List"
"METHYLMALONIC ACID","ChemCh1522","CDM","301","RC","83921","HCPCS","","","facility","both","","","","248.8","248.8","","","","","","","","","","","","","Gross Charge Type: Main Acute Price List"
"MICROCATH VASCULAR CORSAIR 2.1FR PRO XS 135CM .014","AngiWmSup115629","CDM","272","RC","","","","","facility","both","","","","984.63","984.63","","","","","","","","","","","","","Gross Charge Type: Main Acute Price List"
"MICROCATH VASCULAR CORSAIR 2.1FR PRO XS 135CM .014","CspuChSup115629","CDM","272","RC","","","","","facility","both","","","","984.63","984.63","","","","","","","","","","","","","Gross Charge Type: Main Acute Price List"
"MICROCATH VASCULAR CORSAIR 2.1FR PRO XS 150CM .014","AngiWmSup115630","CDM","272","RC","","","","","facility","both","","","","984.63","984.63","","","","","","","","","","","","","Gross Charge Type: Main Acute Price List"
"MICROCATH, PG PRO PERIPHERAL 2.8FR 165CM","EplbChSup110509","CDM","272","RC","C1887","HCPCS","","","facility","both","","","","3330.37","3330.37","","","","","","","","","","","","","Gross Charge Type: Main Acute Price List"
"MICROCATH, PROGREAT W/RO MARKER 2.54FR 130CM","PacuWmSup117977","CDM","272","RC","C1887","HCPCS","","","facility","both","","","","3141.46","3141.46","","","","","","","","","","","","","Gross Charge Type: Main Acute Price List"
"MICROCATH, PROWLER SELECT PLUS 150/15CM","ScanChSup108803","CDM","272","RC","C1887","HCPCS","","","facility","both","","","","6098.14","6098.14","","","","","","","","","","","","","Gross Charge Type: Main Acute Price List"
"MICROCATH, RAPID TRANSIT DUAL","GyscChSup34574","CDM","272","RC","","","","","facility","both","","","","4989.39","4989.39","","","","","","","","","","","","","Gross Charge Type: Main Acute Price List"
"MICROCATH, VIA WEB 2.7FR 21 X 154CM STR","OperWmSup79591","CDM","272","RC","C1751","HCPCS","","","facility","both","","","","7819.13","7819.13","","","","","","","","","","","","","Gross Charge Type: Main Acute Price List"
"MICROCATH, VIA WEB 2.7FR 21 X 154CM STR","ScorChSup79591","CDM","272","RC","C1751","HCPCS","","","facility","both","","","","7819.13","7819.13","","","","","","","","","","","","","Gross Charge Type: Main Acute Price List"
"MICROCATH, VIA WEB 3.2FR 27 X 154CM STR","CcthChSup79592","CDM","272","RC","C1751","HCPCS","","","facility","both","","","","8315.65","8315.65","","","","","","","","","","","","","Gross Charge Type: Main Acute Price List"
"MICROCATH, VIA WEB 3.2FR 27 X 154CM STR","ScanWmSup79592","CDM","272","RC","C1751","HCPCS","","","facility","both","","","","8315.65","8315.65","","","","","","","","","","","","","Gross Charge Type: Main Acute Price List"
"MICROCATH, VIA WEB 3.8FR 33 X 154CM STR","CcthChSup79593","CDM","272","RC","C1751","HCPCS","","","facility","both","","","","8315.65","8315.65","","","","","","","","","","","","","Gross Charge Type: Main Acute Price List"
"MICROCATH, VIA WEB 3.8FR 33 X 154CM STR","ScorChSup79593","CDM","272","RC","C1751","HCPCS","","","facility","both","","","","8315.65","8315.65","","","","","","","","","","","","","Gross Charge Type: Main Acute Price List"
"MICROCATHETER, ASAHI CROSSWALK PERIPHERAL SUPPORT ANGLED 0.014 X 170CM","AngiWmSup10196661","CDM","272","RC","C1753","HCPCS","","","facility","both","","","","1022","1022","","","","","","","","","","","","","Gross Charge Type: Main Acute Price List"
"MICROCATHETER, EXCELSIOR SL-10 90 TIP","AngiChSup35313","CDM","270","RC","","","","","facility","both","","","","7355.65","7355.65","","","","","","","","","","","","","Gross Charge Type: Main Acute Price List"
"MICROCATHETER, EXCELSIOR SL-10 90 TIP","GastWmSup35313","CDM","270","RC","","","","","facility","both","","","","7355.65","7355.65","","","","","","","","","","","","","Gross Charge Type: Main Acute Price List"
"MICROCATHETER, MAGIC 1.2FR 165CM","AnesWmSup77262","CDM","272","RC","","","","","facility","both","","","","6128.94","6128.94","","","","","","","","","","","","","Gross Charge Type: Main Acute Price List"
"MICROCATHETER, MAGIC 1.2FR 165CM","CLDRChSup77262","CDM","272","RC","","","","","facility","both","","","","6128.94","6128.94","","","","","","","","","","","","","Gross Charge Type: Main Acute Price List"
"MICROCATHETER, MAGIC 1.2FR 180CM LENGTH","CLDRChSup76734","CDM","272","RC","","","","","facility","both","","","","5762.99","5762.99","","","","","","","","","","","","","Gross Charge Type: Main Acute Price List"
"MICROCATHETER,EXC XT-17 STD STR 1.7FR 150CM","ScpuWmSup63056","CDM","272","RC","","","","","facility","both","","","","8075.41","8075.41","","","","","","","","","","","","","Gross Charge Type: Main Acute Price List"
"MICROCATHETER,MAGIC FLOW DIRECTED 1.2FR 165","CcthChSup76735","CDM","272","RC","","","","","facility","both","","","","5762.99","5762.99","","","","","","","","","","","","","Gross Charge Type: Main Acute Price List"
"MICROCATHETER,MAGIC FLOW DIRECTED 1.2FR 165","OperChSup76735","CDM","272","RC","","","","","facility","both","","","","5762.99","5762.99","","","","","","","","","","","","","Gross Charge Type: Main Acute Price List"
"MICROCATHETER,MAGIC FLOW DIRECTED 1.2FR 165","PacuWmSup76735","CDM","272","RC","","","","","facility","both","","","","5762.99","5762.99","","","","","","","","","","","","","Gross Charge Type: Main Acute Price List"
"MICROSATELLITE, INSTABILLITY TEST","CygnCh1393","CDM","310","RC","81301","HCPCS","","","facility","both","","","","871.4","871.4","","","","","","","","","","","","","Gross Charge Type: Main Acute Price List"
"MICROTIP, CUSA EXCEL PRECISION CVD/EXT 36HZ","CcthChSup56004","CDM","272","RC","","","","","facility","both","","","","4451.14","4451.14","","","","","","","","","","","","","Gross Charge Type: Main Acute Price List"
"MICROTIP, CUSA EXCEL PRECISION CVD/EXT 36HZ","CspuChSup56004","CDM","272","RC","","","","","facility","both","","","","4451.14","4451.14","","","","","","","","","","","","","Gross Charge Type: Main Acute Price List"
"MICROTIP, CUSA EXCEL PRECISION CVD/EXT 36HZ","ScorWmSup56004","CDM","272","RC","","","","","facility","both","","","","4451.14","4451.14","","","","","","","","","","","","","Gross Charge Type: Main Acute Price List"
"MINIPLATE 46831223 LARGE 12X23MM","EplbChSup117673","CDM","278","RC","C1713","HCPCS","","","facility","both","","","","27102.86","27102.86","","","","","","","","","","","","","Gross Charge Type: Main Acute Price List"
"MINIPLATE 46841220 12X20MM OFFSET 2.5MM","OperWmSup117674","CDM","278","RC","C1713","HCPCS","","","facility","both","","","","27102.86","27102.86","","","","","","","","","","","","","Gross Charge Type: Main Acute Price List"
"MINIPLATE, DBL BEND ARCH TI 2.0MM 29MM/6MM SPACING","OperChSup75931","CDM","278","RC","C1713","HCPCS","","","facility","both","","","","2956.68","2956.68","","","","","","","","","","","","","Gross Charge Type: Main Acute Price List"
"MINIPLATE, DBL BEND ARCH TI 2.0MM 29MM/6MM SPACING","OperWmSup75931","CDM","278","RC","C1713","HCPCS","","","facility","both","","","","2956.68","2956.68","","","","","","","","","","","","","Gross Charge Type: Main Acute Price List"
"MINIPLATE, SINGLE BEND ARCH TI 2.0MM 27MM/4MM SPACING","OperChSup75928","CDM","278","RC","C1713","HCPCS","","","facility","both","","","","2956.68","2956.68","","","","","","","","","","","","","Gross Charge Type: Main Acute Price List"
"MINIPLATE, SINGLE BEND ARCH TI 2.0MM 27MM/4MM SPACING","ScanChSup75928","CDM","278","RC","C1713","HCPCS","","","facility","both","","","","2956.68","2956.68","","","","","","","","","","","","","Gross Charge Type: Main Acute Price List"
"MIXER, CEMENT W/SYRINGE AND NOZZLE","CcthChSup213237","CDM","270","RC","","","","","facility","both","","","","468.04","468.04","","","","","","","","","","","","","Gross Charge Type: Main Acute Price List"
"MIXER, CEMENT W/SYRINGE AND NOZZLE","ScpuChSup213237","CDM","270","RC","","","","","facility","both","","","","468.04","468.04","","","","","","","","","","","","","Gross Charge Type: Main Acute Price List"
"MIXING, ACCUMIX SYSTEM","PacuWmSup106803","CDM","272","RC","","","","","facility","both","","","","1042.55","1042.55","","","","","","","","","","","","","Gross Charge Type: Main Acute Price List"
"MODEL, BONE ORTHOGNATHIC VSP BUNDLE","ScorWmSup67259","CDM","272","RC","","","","","facility","both","","","","7647.62","7647.62","","","","","","","","","","","","","Gross Charge Type: Main Acute Price List"
"MODEL, IPS SUPPLEMENTAL FULL","AngiChSup112945","CDM","272","RC","","","","","facility","both","","","","11554.94","11554.94","","","","","","","","","","","","","Gross Charge Type: Main Acute Price List"
"MODEL, MANDIBLE TRUMATCH MDFC","CcthChSup119305","CDM","278","RC","C1713","HCPCS","","","facility","both","","","","48785.13","48785.13","","","","","","","","","","","","","Gross Charge Type: Main Acute Price List"
"MODEL, MAXILLA CLASSIC","OperWmSup111141","CDM","272","RC","","","","","facility","both","","","","12050.55","12050.55","","","","","","","","","","","","","Gross Charge Type: Main Acute Price List"
"MODEL, SUPPLEMENTAL HALF LP","AngiChSup121573","CDM","270","RC","","","","","facility","both","","","","8194.4","8194.4","","","","","","","","","","","","","Gross Charge Type: Main Acute Price List"
"MODEL, SUPPLEMENTAL HALF LP","OperChSup121573","CDM","270","RC","","","","","facility","both","","","","8194.4","8194.4","","","","","","","","","","","","","Gross Charge Type: Main Acute Price List"
"MODERATE SEDATION,SAME PHYSICIAN/QHP,INITIAL 15 MINS,=>5 YRS","AngiWm99152","CDM","370","RC","99152","HCPCS","","","facility","both","","","","418","418","","","","","","","","","","","","","Gross Charge Type: Main Acute Price List"
"MONOSPOT","ViroWm1147","CDM","302","RC","86308","HCPCS","","","facility","both","","","","101.34","101.34","","","","","","","","","","","","","Gross Charge Type: Main Acute Price List"
"MRA ABDOMEN W/ CONTRAST PFR","Rdpf41P7298","CDM","972","RC","74185","HCPCS","","","facility","both","","","","408.85","408.85","","","","","","","","","","","","","Gross Charge Type: Main Acute Price List"
"MRA ABDOMEN W/WO CONTRAST GLR","Ccim417299","CDM","610","RC","74185","HCPCS","","","facility","both","","","","2767.58","2767.58","","","","","","","","","","","","","Gross Charge Type: Main Acute Price List"
"MRA w/o cont, pelvis","C8919","HCPCS","","","","","","","facility","outpatient","","","","","","Aetna","Medicare Managed Care Plan","265.58","","","","","","","fee schedule","244.95","773.52","APC"
"MRA w/o cont, pelvis","C8919","HCPCS","","","","","","","facility","outpatient","","","","","","Ambetter","All Commercial Plans","386.76","","","","","","","fee schedule","244.95","773.52","Radiology"
"MRA w/o fol w/cont, chest","C8911","HCPCS","","","","","","","facility","outpatient","","","","","","Cigna","All Commercial Plans","659.16","","","","","","","fee schedule","358.15","1131.01",""
"MRA, w/o dye, upper extr","C8935","HCPCS","","","","","","","facility","outpatient","","","","","","Jefferson Health Plan","Health Partners Medicaid Managed Care/Aca Plan","773.52","","","","","","","fee schedule","244.95","773.52","APC"
"MRA, w/o&w/dye, upper extr","C8936","HCPCS","","","","","","","facility","outpatient","","","","","","Amerihealth","Medicare Managed Care Plan","407.16","","","","","","","fee schedule","358.15","1131.01","APC"
"MRA, w/o&w/dye, upper extr","C8936","HCPCS","","","","","","","facility","outpatient","","","","","","Bcbs","Highmark All Commercial Plans","556.27","","","","","","","fee schedule","358.15","1131.01","Radiology"
"MRA,ABDOMEN,WO CONTRAST GLR","Ccim417204","CDM","610","RC","C8901","HCPCS","","","facility","both","","","","2767.58","2767.58","","","","","","","","","","","","","Gross Charge Type: Main Acute Price List"
"MRA,ABDOMEN,WO CONTRAST GLR","CcspMR7204","CDM","610","RC","C8901","HCPCS","","","facility","both","","","","2767.58","2767.58","","","","","","","","","","","","","Gross Charge Type: Main Acute Price List"
"MRA,CHEST,W/WO CONTRAST GLR","FcinMR7186","CDM","618","RC","C8911","HCPCS","","","facility","both","","","","2767.58","2767.58","","","","","","","","","","","","","Gross Charge Type: Main Acute Price List"
"MRA,CHEST,W/WO CONTRAST GLR","MDIA417186","CDM","618","RC","C8911","HCPCS","","","facility","both","","","","2767.58","2767.58","","","","","","","","","","","","","Gross Charge Type: Main Acute Price List"
"MRA,CHEST,WO CONTRAST PFR","RdpcMRP7207","CDM","969","RC","71555","HCPCS","","","facility","both","","","26","390.68","390.68","","","","","","","","","","","","","Gross Charge Type: Main Acute Price List | The modified price is presented in the standard charge value. | Modifier 26: Professional Component"
"MRA,HEAD,W CONTRAST GLR","WilmMR7193","CDM","610","RC","70545","HCPCS","","","facility","both","","","","2729.15","2729.15","","","","","","","","","","","","","Gross Charge Type: Main Acute Price List"
"MRA,HEAD,W/WO CONTRAST GLR","Fcin417195","CDM","610","RC","70546","HCPCS","","","facility","both","","","","5366.72","5366.72","","","","","","","","","","","","","Gross Charge Type: Main Acute Price List"
"MRA,HEAD,W/WO CONTRAST GLR","MDIA417195","CDM","610","RC","70546","HCPCS","","","facility","both","","","","5366.72","5366.72","","","","","","","","","","","","","Gross Charge Type: Main Acute Price List"
"MRA,HEAD,W/WO CONTRAST GLR","S107MR7195","CDM","610","RC","70546","HCPCS","","","facility","both","","","","4126.22","4126.22","","","","","","","","","","","","","Gross Charge Type: Acute Discounted"
"MRA,HEAD,W/WO CONTRAST GLR","Wilm417195","CDM","610","RC","70546","HCPCS","","","facility","both","","","","4126.22","4126.22","","","","","","","","","","","","","Gross Charge Type: Acute Discounted"
"MRA,HEAD,WO CONTRAST GLR","CcspMR7191","CDM","610","RC","70544","HCPCS","","","facility","both","","","","2098.05","2098.05","","","","","","","","","","","","","Gross Charge Type: Acute Discounted"
"MRA,HEAD,WO CONTRAST GLR","S107MR7191","CDM","610","RC","70544","HCPCS","","","facility","both","","","","2729.15","2729.15","","","","","","","","","","","","","Gross Charge Type: Main Acute Price List"
"MRA,HEAD,WO CONTRAST GLR","WilmMR7191","CDM","610","RC","70544","HCPCS","","","facility","both","","","","2729.15","2729.15","","","","","","","","","","","","","Gross Charge Type: Main Acute Price List"
"MRA,HEAD,WO CONTRAST PFR","GLNM41P7191","CDM","969","RC","70544","HCPCS","","","facility","both","","","26","271.88","271.88","","","","","","","","","","","","","Gross Charge Type: Main Acute Price List | The modified price is presented in the standard charge value. | Modifier 26: Professional Component"
"MRA,HEAD,WO CONTRAST PFR","MDIA41P7191","CDM","969","RC","70544","HCPCS","","","facility","both","","","26","271.88","271.88","","","","","","","","","","","","","Gross Charge Type: Main Acute Price List | The modified price is presented in the standard charge value. | Modifier 26: Professional Component"
"MRA,LOWER EXTREMITY,W CONTRAST,LT GLR","CcimMR7202","CDM","618","RC","C8912","HCPCS","","","facility","both","","","LT","2767.58","2767.58","","","","","","","","","","","","","Gross Charge Type: Main Acute Price List | The modified price is presented in the standard charge value. | Modifier LT: Left side (used to identify procedures performed on the left side of the body)"
"MRA,LOWER EXTREMITY,W CONTRAST,LT GLR","CcsbMR7202","CDM","618","RC","C8912","HCPCS","","","facility","both","","","LT","2767.58","2767.58","","","","","","","","","","","","","Gross Charge Type: Main Acute Price List | The modified price is presented in the standard charge value. | Modifier LT: Left side (used to identify procedures performed on the left side of the body)"
"MRA,LOWER EXTREMITY,W CONTRAST,LT PFR","RdpfMRP7202","CDM","969","RC","73725","HCPCS","","","facility","both","","","26LT","412.36","412.36","","","","","","","","","","","","","Gross Charge Type: Main Acute Price List | The modified price is presented in the standard charge value. | Modifier 26: Professional Component | Modifier LT: Left side (used to identify procedures performed on the left side of the body)"
"MRA,LOWER EXTREMITY,W CONTRAST,RT GLR","S107417410","CDM","618","RC","C8912","HCPCS","","","facility","both","","","RT","2466.67","2466.67","","","","","","","","","","","","","Gross Charge Type: Main Acute Price List | The modified price is presented in the standard charge value. | Modifier RT: Right side (used to identify procedures performed on the right side of the body)"
"MRA,LOWER EXTREMITY,W/WO CONTRAST,RT GLR","Ccsm417411","CDM","610","RC","C8914","HCPCS","","","facility","both","","","RT","2767.58","2767.58","","","","","","","","","","","","","Gross Charge Type: Main Acute Price List | The modified price is presented in the standard charge value. | Modifier RT: Right side (used to identify procedures performed on the right side of the body)"
"MRA,LOWER EXTREMITY,W/WO CONTRAST,RT GLR","S107417411","CDM","610","RC","C8914","HCPCS","","","facility","both","","","RT","2767.58","2767.58","","","","","","","","","","","","","Gross Charge Type: Main Acute Price List | The modified price is presented in the standard charge value. | Modifier RT: Right side (used to identify procedures performed on the right side of the body)"
"MRA,LOWER EXTREMITY,W/WO CONTRAST,RT PFR","RdpcMRP7MR1","CDM","969","RC","73725","HCPCS","","","facility","both","","","26RT","412.36","412.36","","","","","","","","","","","","","Gross Charge Type: Main Acute Price List | The modified price is presented in the standard charge value. | Modifier 26: Professional Component | Modifier RT: Right side (used to identify procedures performed on the right side of the body)"
"MRA,LOWER EXTREMITY,WO CONTRAST,LT GLR","Ccsp417203","CDM","333","RC","C8913","HCPCS","","","facility","both","","","LT","2767.58","2767.58","","","","","","","","","","","","","Gross Charge Type: Main Acute Price List | The modified price is presented in the standard charge value. | Modifier LT: Left side (used to identify procedures performed on the left side of the body)"
"MRA,NECK,W/WO CONTRAST GLR","CcsbMR7189","CDM","610","RC","70549","HCPCS","","","facility","both","","","","5366.72","5366.72","","","","","","","","","","","","","Gross Charge Type: Main Acute Price List"
"MRA,NECK,W/WO CONTRAST GLR","MDIA417189","CDM","610","RC","70549","HCPCS","","","facility","both","","","","5366.72","5366.72","","","","","","","","","","","","","Gross Charge Type: Main Acute Price List"
"MRA,NECK,W/WO CONTRAST PFR","BRML41P7189","CDM","969","RC","70549","HCPCS","","","facility","both","","","26","410.94","410.94","","","","","","","","","","","","","Gross Charge Type: Main Acute Price List | The modified price is presented in the standard charge value. | Modifier 26: Professional Component"
"MRA,NECK,W/WO CONTRAST PFR","GLNM41P7189","CDM","969","RC","70549","HCPCS","","","facility","both","","","26","410.94","410.94","","","","","","","","","","","","","Gross Charge Type: Main Acute Price List | The modified price is presented in the standard charge value. | Modifier 26: Professional Component"
"MRA,NECK,WO CONTRAST GLR","CcicMR7197","CDM","610","RC","70547","HCPCS","","","facility","both","","","","2729.15","2729.15","","","","","","","","","","","","","Gross Charge Type: Main Acute Price List"
"MRA,NECK,WO CONTRAST GLR","Ccsb417197","CDM","610","RC","70547","HCPCS","","","facility","both","","","","2098.05","2098.05","","","","","","","","","","","","","Gross Charge Type: Acute Discounted"
"MRA,PELVIS,W/WO CONTRAST PFR","RdpfMRP7208","CDM","969","RC","72198","HCPCS","","","facility","both","","","26","410.94","410.94","","","","","","","","","","","","","Gross Charge Type: Main Acute Price List | The modified price is presented in the standard charge value. | Modifier 26: Professional Component"
"MRA,UPPER EXTREMITY,W/WO CONTRAST,LT GLR","CCCC417406","CDM","610","RC","C8936","HCPCS","","","facility","both","","","LT","2895.48","2895.48","","","","","","","","","","","","","Gross Charge Type: Main Acute Price List | The modified price is presented in the standard charge value. | Modifier LT: Left side (used to identify procedures performed on the left side of the body)"
"MRA,UPPER EXTREMITY,W/WO CONTRAST,RT PFR","Rdpc41P7404","CDM","969","RC","73225","HCPCS","","","facility","both","","","26RT","389.98","389.98","","","","","","","","","","","","","Gross Charge Type: Main Acute Price List | The modified price is presented in the standard charge value. | Modifier 26: Professional Component | Modifier RT: Right side (used to identify procedures performed on the right side of the body)"
"MRI,ABDOMEN,W CONTRAST GLR","BRML417167","CDM","610","RC","74182","HCPCS","","","facility","both","","","","3247.01","3247.01","","","","","","","","","","","","","Gross Charge Type: Main Acute Price List"
"MRI,ABDOMEN,W/WO CONTRAST GLR","S107417168","CDM","610","RC","74183","HCPCS","","","facility","both","","","","6003.42","6003.42","","","","","","","","","","","","","Gross Charge Type: Main Acute Price List"
"MRI,ABDOMEN,WO CONTRAST GLR","Ccsm417166","CDM","610","RC","74181","HCPCS","","","facility","both","","","","2098.05","2098.05","","","","","","","","","","","","","Gross Charge Type: Acute Discounted"
"MRI,BRAIN,W CONTRAST PFR","GLNM41P7026","CDM","969","RC","70552","HCPCS","","","facility","both","","","26","408.85","408.85","","","","","","","","","","","","","Gross Charge Type: Main Acute Price List | The modified price is presented in the standard charge value. | Modifier 26: Professional Component"
"MRI,BRAIN,W CONTRAST PFR","RdpfMRP7026","CDM","969","RC","70552","HCPCS","","","facility","both","","","26","408.85","408.85","","","","","","","","","","","","","Gross Charge Type: Main Acute Price List | The modified price is presented in the standard charge value. | Modifier 26: Professional Component"
"MRI,BRAIN,W/WO CONTRAST GLR","Wilm417027","CDM","611","RC","70553","HCPCS","","","facility","both","","","","6125.71","6125.71","","","","","","","","","","","","","Gross Charge Type: Main Acute Price List"
"MRI,BRAIN,WO CONTRAST,LIMITED GLR","BRML417021","CDM","611","RC","70551","HCPCS","","","facility","both","","","52","2126","2126","","","","","","","","","","","","","Gross Charge Type: Acute Discounted | The modified price is presented in the standard charge value. | Modifier 52: Reduced Services"
"MRI,BRAIN,WO CONTRAST,LIMITED GLR","Fcin417021","CDM","611","RC","70551","HCPCS","","","facility","both","","","52","2079.87","2079.87","","","","","","","","","","","","","Gross Charge Type: Main Acute Price List | The modified price is presented in the standard charge value. | Modifier 52: Reduced Services"
"MRI,BREAST,W/WO,CAD,UNI LT PFR","BRML54P3236","CDM","972","RC","77048","HCPCS","","","facility","both","","","26LT","373.21","373.21","","","","","","","","","","","","","Gross Charge Type: Main Acute Price List | The modified price is presented in the standard charge value. | Modifier 26: Professional Component | Modifier LT: Left side (used to identify procedures performed on the left side of the body)"
"MRI,BREAST,W/WO,CAD,UNI RT PFR","Rdpf41P3237","CDM","972","RC","77048","HCPCS","","","facility","both","","","RT","373.21","373.21","","","","","","","","","","","","","Gross Charge Type: Main Acute Price List | The modified price is presented in the standard charge value. | Modifier RT: Right side (used to identify procedures performed on the right side of the body)"
"MRI,CARDIAC,MOR/FUN,WO CO,W STRE IMG GLR","ChrsMR7590","CDM","610","RC","75559","HCPCS","","","facility","both","","","","1146.17","1146.17","","","","","","","","","","","","","Gross Charge Type: Main Acute Price List"
"MRI,CARDIAC,MOR/FUN,WO CO,W STRE IMG PFR","BRML41P7590","CDM","969","RC","75559","HCPCS","","","facility","both","","","26","668.13","668.13","","","","","","","","","","","","","Gross Charge Type: Main Acute Price List | The modified price is presented in the standard charge value. | Modifier 26: Professional Component"
"MRI,CARDIAC,MORPH/FUNCTION,W/WO CONT GLR","CcicMR7600","CDM","610","RC","75561","HCPCS","","","facility","both","","","","1344.65","1344.65","","","","","","","","","","","","","Gross Charge Type: Acute Discounted"
"MRI,CARDIAC,MORPH/FUNCTION,W/WO CONT GLR","Ccsm417600","CDM","610","RC","75561","HCPCS","","","facility","both","","","","1750","1750","","","","","","","","","","","","","Gross Charge Type: Main Acute Price List"
"MRI,CARDIAC,MORPH/FUNCTION,WO CONT GLR","CcicMR7586","CDM","610","RC","75557","HCPCS","","","facility","both","","","","880.6","880.6","","","","","","","","","","","","","Gross Charge Type: Acute Discounted"
"MRI,CHEST,W CONTRAST GLR","Ccsb417035","CDM","610","RC","71551","HCPCS","","","facility","both","","","","2347.35","2347.35","","","","","","","","","","","","","Gross Charge Type: Acute Discounted"
"MRI,CHEST,W CONTRAST GLR","ChrsMR7035","CDM","610","RC","71551","HCPCS","","","facility","both","","","","2347.35","2347.35","","","","","","","","","","","","","Gross Charge Type: Acute Discounted"
"MRI,CHEST,W CONTRAST PFR","RdpfMRP7035","CDM","969","RC","71551","HCPCS","","","facility","both","","","26","394.88","394.88","","","","","","","","","","","","","Gross Charge Type: Main Acute Price List | The modified price is presented in the standard charge value. | Modifier 26: Professional Component"
"MRI,CHEST,W/WO CONTRAST GLR","ChrsMR7036","CDM","610","RC","71552","HCPCS","","","facility","both","","","","5964.27","5964.27","","","","","","","","","","","","","Gross Charge Type: Main Acute Price List"
"MRI,CHEST,WO CONTRAST GLR","Ccsb417034","CDM","610","RC","71550","HCPCS","","","facility","both","","","","2098.05","2098.05","","","","","","","","","","","","","Gross Charge Type: Acute Discounted"
"MRI,CHEST,WO CONTRAST GLR","Wilm417034","CDM","610","RC","71550","HCPCS","","","facility","both","","","","2729.15","2729.15","","","","","","","","","","","","","Gross Charge Type: Main Acute Price List"
"MRI,CHEST,WO CONTRAST GLR","WilmMR7034","CDM","610","RC","71550","HCPCS","","","facility","both","","","","2098.05","2098.05","","","","","","","","","","","","","Gross Charge Type: Acute Discounted"
"MRI,FETAL,PLAC/ PELVIC IMG,EA AD GEST PFR","MDIA41P1425","CDM","969","RC","74713","HCPCS","","","facility","both","","","26","369.71","369.71","","","","","","","","","","","","","Gross Charge Type: Main Acute Price List | The modified price is presented in the standard charge value. | Modifier 26: Professional Component"
"MRI,FETAL,PLAC/ PELVIC IMG,EA AD GEST PFR","RdpcMRP1425","CDM","969","RC","74713","HCPCS","","","facility","both","","","26","369.71","369.71","","","","","","","","","","","","","Gross Charge Type: Main Acute Price List | The modified price is presented in the standard charge value. | Modifier 26: Professional Component"
"MRI,LOWER EXTREM,ANY JNT,W/WO CON,LT GLR","Fcin417160","CDM","610","RC","73723","HCPCS","","","facility","both","","","LT","6003.42","6003.42","","","","","","","","","","","","","Gross Charge Type: Main Acute Price List | The modified price is presented in the standard charge value. | Modifier LT: Left side (used to identify procedures performed on the left side of the body)"
"MRI,LOWER EXTREM,ANY JNT,W/WO CON,LT PFR","MDIA41P7160","CDM","969","RC","73723","HCPCS","","","facility","both","","","26LT","489.92","489.92","","","","","","","","","","","","","Gross Charge Type: Main Acute Price List | The modified price is presented in the standard charge value. | Modifier 26: Professional Component | Modifier LT: Left side (used to identify procedures performed on the left side of the body)"
"MRI,LOWER EXTREM,ANY JNT,W/WO CON,RT GLR","CCCC417302","CDM","610","RC","73723","HCPCS","","","facility","both","","","RT","6003.42","6003.42","","","","","","","","","","","","","Gross Charge Type: Main Acute Price List | The modified price is presented in the standard charge value. | Modifier RT: Right side (used to identify procedures performed on the right side of the body)"
"MRI,LOWER EXTREM,ANY JNT,WO CON,LT GLR","FcinMR7158","CDM","610","RC","73721","HCPCS","","","facility","both","","","LT","2098.05","2098.05","","","","","","","","","","","","","Gross Charge Type: Acute Discounted | The modified price is presented in the standard charge value. | Modifier LT: Left side (used to identify procedures performed on the left side of the body)"
"MRI,LOWER EXTREM,ANY JNT,WO CON,LT GLR","Wilm417158","CDM","610","RC","73721","HCPCS","","","facility","both","","","LT","2098.05","2098.05","","","","","","","","","","","","","Gross Charge Type: Acute Discounted | The modified price is presented in the standard charge value. | Modifier LT: Left side (used to identify procedures performed on the left side of the body)"
"MRI,LOWER EXTREM,ANY JNT,WO CON,LT GLR","WilmMR7158","CDM","610","RC","73721","HCPCS","","","facility","both","","","LT","2098.05","2098.05","","","","","","","","","","","","","Gross Charge Type: Acute Discounted | The modified price is presented in the standard charge value. | Modifier LT: Left side (used to identify procedures performed on the left side of the body)"
"MRI,LOWER EXTREM,ANY JNT,WO CON,LT GLR","WilmMR7158","CDM","610","RC","73721","HCPCS","","","facility","both","","","LT","2729.15","2729.15","","","","","","","","","","","","","Gross Charge Type: Main Acute Price List | The modified price is presented in the standard charge value. | Modifier LT: Left side (used to identify procedures performed on the left side of the body)"
"MRI,LOWER EXTREM,ANY JNT,WO CON,LT PFR","MDIA41P7158","CDM","969","RC","73721","HCPCS","","","facility","both","","","26LT","313.8","313.8","","","","","","","","","","","","","Gross Charge Type: Main Acute Price List | The modified price is presented in the standard charge value. | Modifier 26: Professional Component | Modifier LT: Left side (used to identify procedures performed on the left side of the body)"
"MRI,LOWER EXTREM,ANY JNT,WO CON,RT GLR","Ccic417312","CDM","610","RC","73721","HCPCS","","","facility","both","","","RT","2729.15","2729.15","","","","","","","","","","","","","Gross Charge Type: Main Acute Price List | The modified price is presented in the standard charge value. | Modifier RT: Right side (used to identify procedures performed on the right side of the body)"
"MRI,LOWER EXTREM,NON-JNT,W/WO CON,LT GLR","GLNM417131","CDM","610","RC","73720","HCPCS","","","facility","both","","","LT","4001.82","4001.82","","","","","","","","","","","","","Gross Charge Type: Acute Discounted | The modified price is presented in the standard charge value. | Modifier LT: Left side (used to identify procedures performed on the left side of the body)"
"MRI,LOWER EXTREM,NON-JNT,WO CON,LT GLR","CcspMR7132","CDM","610","RC","73718","HCPCS","","","facility","both","","","LT","2065.9","2065.9","","","","","","","","","","","","","Gross Charge Type: Acute Discounted | The modified price is presented in the standard charge value. | Modifier LT: Left side (used to identify procedures performed on the left side of the body)"
"MRI,LOWER EXTREM,NON-JNT,WO CON,RT GLR","Ccsm417316","CDM","610","RC","73718","HCPCS","","","facility","both","","","RT","2065.9","2065.9","","","","","","","","","","","","","Gross Charge Type: Acute Discounted | The modified price is presented in the standard charge value. | Modifier RT: Right side (used to identify procedures performed on the right side of the body)"
"MRI,LOWER EXTREM,NON-JNT,WO CON,RT GLR","MDIA417316","CDM","610","RC","73718","HCPCS","","","facility","both","","","RT","2065.9","2065.9","","","","","","","","","","","","","Gross Charge Type: Acute Discounted | The modified price is presented in the standard charge value. | Modifier RT: Right side (used to identify procedures performed on the right side of the body)"
"MRI,LOWER EXTREM,NON-JOINT,W CONT,LT GLR","CcicMR7133","CDM","610","RC","73719","HCPCS","","","facility","both","","","LT","3247.01","3247.01","","","","","","","","","","","","","Gross Charge Type: Main Acute Price List | The modified price is presented in the standard charge value. | Modifier LT: Left side (used to identify procedures performed on the left side of the body)"
"MRI,LOWER EXTREM,NON-JOINT,W CONT,LT PFR","MDIA41P7133","CDM","969","RC","73719","HCPCS","","","facility","both","","","26LT","373.21","373.21","","","","","","","","","","","","","Gross Charge Type: Main Acute Price List | The modified price is presented in the standard charge value. | Modifier 26: Professional Component | Modifier LT: Left side (used to identify procedures performed on the left side of the body)"
"MRI,ORBIT/FACE/NECK,W/WO CONTRAST GLR","CcimMR6883","CDM","610","RC","70543","HCPCS","","","facility","both","","","","4615.41","4615.41","","","","","","","","","","","","","Gross Charge Type: Acute Discounted"
"MRI,ORBIT/FACE/NECK,W/WO CONTRAST GLR","Ccsb416883","CDM","610","RC","70543","HCPCS","","","facility","both","","","","6003.42","6003.42","","","","","","","","","","","","","Gross Charge Type: Main Acute Price List"
"MRI,ORBIT/FACE/NECK,W/WO CONTRAST GLR","Ccsp416883","CDM","610","RC","70543","HCPCS","","","facility","both","","","","6003.42","6003.42","","","","","","","","","","","","","Gross Charge Type: Main Acute Price List"
"MRI,ORBIT/FACE/NECK,W/WO CONTRAST GLR","Wilm416883","CDM","610","RC","70543","HCPCS","","","facility","both","","","","4615.41","4615.41","","","","","","","","","","","","","Gross Charge Type: Acute Discounted"
"MRI,ORBIT/FACE/NECK,WO CONTRAST GLR","CcsmMR6879","CDM","610","RC","70540","HCPCS","","","facility","both","","","","2729.15","2729.15","","","","","","","","","","","","","Gross Charge Type: Main Acute Price List"
"MRI,ORBIT/FACE/NECK,WO CONTRAST GLR","Wilm416879","CDM","610","RC","70540","HCPCS","","","facility","both","","","","2098.05","2098.05","","","","","","","","","","","","","Gross Charge Type: Acute Discounted"
"MRI,PELVIS,W CONTRAST GLR","BRML417174","CDM","610","RC","72196","HCPCS","","","facility","both","","","","2404.18","2404.18","","","","","","","","","","","","","Gross Charge Type: Acute Discounted"
"MRI,PELVIS,W/WO CONTRAST GLR","MDIA417176","CDM","610","RC","72197","HCPCS","","","facility","both","","","","4615.41","4615.41","","","","","","","","","","","","","Gross Charge Type: Acute Discounted"
"MRI,PELVIS,W/WO CONTRAST GLR","S107MR7176","CDM","610","RC","72197","HCPCS","","","facility","both","","","","4615.41","4615.41","","","","","","","","","","","","","Gross Charge Type: Acute Discounted"
"MRI,PELVIS,W/WO CONTRAST GLR","WilmMR7176","CDM","610","RC","72197","HCPCS","","","facility","both","","","","6003.42","6003.42","","","","","","","","","","","","","Gross Charge Type: Main Acute Price List"
"MRI,PELVIS,WO CONTRAST GLR","CcicMR7175","CDM","610","RC","72195","HCPCS","","","facility","both","","","","2729.15","2729.15","","","","","","","","","","","","","Gross Charge Type: Main Acute Price List"
"MRI,PELVIS,WO CONTRAST GLR","Ccim417175","CDM","610","RC","72195","HCPCS","","","facility","both","","","","2098.05","2098.05","","","","","","","","","","","","","Gross Charge Type: Acute Discounted"
"MRI,PELVIS,WO CONTRAST GLR","CcspMR7175","CDM","610","RC","72195","HCPCS","","","facility","both","","","","2098.05","2098.05","","","","","","","","","","","","","Gross Charge Type: Acute Discounted"
"MRI,PELVIS,WO CONTRAST PFR","RdpcMRP7175","CDM","969","RC","72195","HCPCS","","","facility","both","","","26","334.77","334.77","","","","","","","","","","","","","Gross Charge Type: Main Acute Price List | The modified price is presented in the standard charge value. | Modifier 26: Professional Component"
"MRI,SPINAL,CERVICAL,W CONTRAST PFR","MDIA41P7050","CDM","969","RC","72142","HCPCS","","","facility","both","","","26","441","441","","","","","","","","","","","","","Gross Charge Type: Main Acute Price List | The modified price is presented in the standard charge value. | Modifier 26: Professional Component"
"MRI,SPINAL,CERVICAL,W/WO CONTRAST GLR","BRML417052","CDM","612","RC","72156","HCPCS","","","facility","both","","","","6125.71","6125.71","","","","","","","","","","","","","Gross Charge Type: Main Acute Price List"
"MRI,SPINAL,CERVICAL,W/WO CONTRAST GLR","Ccsb417052","CDM","612","RC","72156","HCPCS","","","facility","both","","","","6125.71","6125.71","","","","","","","","","","","","","Gross Charge Type: Main Acute Price List"
"MRI,SPINAL,CERVICAL,WO CONTR,LIMITED GLR","Ccsb417543","CDM","612","RC","72141","HCPCS","","","facility","both","","","52","2076.4","2076.4","","","","","","","","","","","","","Gross Charge Type: Main Acute Price List | The modified price is presented in the standard charge value. | Modifier 52: Reduced Services"
"MRI,SPINAL,CERVICAL,WO CONTR,LIMITED GLR","CcsmMR7543","CDM","612","RC","72141","HCPCS","","","facility","both","","","52","2076.4","2076.4","","","","","","","","","","","","","Gross Charge Type: Main Acute Price List | The modified price is presented in the standard charge value. | Modifier 52: Reduced Services"
"MRI,SPINAL,CERVICAL,WO CONTR,LIMITED GLR","Fcin417543","CDM","612","RC","72141","HCPCS","","","facility","both","","","52","2126","2126","","","","","","","","","","","","","Gross Charge Type: Acute Discounted | The modified price is presented in the standard charge value. | Modifier 52: Reduced Services"
"MRI,SPINAL,CERVICAL,WO CONTRAST GLR","CCCC417042","CDM","612","RC","72141","HCPCS","","","facility","both","","","","2767.58","2767.58","","","","","","","","","","","","","Gross Charge Type: Main Acute Price List"
"MRI,SPINAL,CERVICAL,WO CONTRAST GLR","S107417042","CDM","612","RC","72141","HCPCS","","","facility","both","","","","2767.58","2767.58","","","","","","","","","","","","","Gross Charge Type: Main Acute Price List"
"MRI,SPINAL,LUMBAR,W CONTRAST GLR","CcicMR7093","CDM","612","RC","72149","HCPCS","","","facility","both","","","","3284.75","3284.75","","","","","","","","","","","","","Gross Charge Type: Main Acute Price List"
"MRI,SPINAL,LUMBAR,W/WO CONTRAST GLR","CcimMR7095","CDM","612","RC","72158","HCPCS","","","facility","both","","","","4709.08","4709.08","","","","","","","","","","","","","Gross Charge Type: Acute Discounted"
"MRI,SPINAL,LUMBAR,WO CONTRAST GLR","S107MR7085","CDM","612","RC","72148","HCPCS","","","facility","both","","","","2341.27","2341.27","","","","","","","","","","","","","Gross Charge Type: Acute Discounted"
"MRI,SPINAL,LUMBAR,WO CONTRAST GLR","S107MR7085","CDM","612","RC","72148","HCPCS","","","facility","both","","","","3045.73","3045.73","","","","","","","","","","","","","Gross Charge Type: Main Acute Price List"
"MRI,SPINAL,THORACIC,WO CONTRAST GLR","Ccsb417069","CDM","612","RC","72146","HCPCS","","","facility","both","","","","3045.73","3045.73","","","","","","","","","","","","","Gross Charge Type: Main Acute Price List"
"MRI,SPINAL,THORACIC,WO CONTRAST GLR","Wilm417069","CDM","612","RC","72146","HCPCS","","","facility","both","","","","2337.07","2337.07","","","","","","","","","","","","","Gross Charge Type: Acute Discounted"
"MRI,TEMPOROMANDIBULAR JOINT GLR","CcicMR6887","CDM","610","RC","70336","HCPCS","","","facility","both","","","","2767.58","2767.58","","","","","","","","","","","","","Gross Charge Type: Main Acute Price List"
"MRI,TEMPOROMANDIBULAR JOINT GLR","WilmMR6887","CDM","610","RC","70336","HCPCS","","","facility","both","","","","2127.4","2127.4","","","","","","","","","","","","","Gross Charge Type: Acute Discounted"
"MRI,UPPER EXTREM,JNT,W/WO CONT,RT GLR","CcspMR7308","CDM","610","RC","73223","HCPCS","","","facility","both","","","RT","6003.42","6003.42","","","","","","","","","","","","","Gross Charge Type: Main Acute Price List | The modified price is presented in the standard charge value. | Modifier RT: Right side (used to identify procedures performed on the right side of the body)"
"MRI,UPPER EXTREM,JNT,W/WO CONT,RT GLR","Wilm417308","CDM","610","RC","73223","HCPCS","","","facility","both","","","RT","6003.42","6003.42","","","","","","","","","","","","","Gross Charge Type: Main Acute Price List | The modified price is presented in the standard charge value. | Modifier RT: Right side (used to identify procedures performed on the right side of the body)"
"MRI,UPPER EXTREM,JNT,W/WO CONT,RT GLR","WilmMR7308","CDM","610","RC","73223","HCPCS","","","facility","both","","","RT","6003.42","6003.42","","","","","","","","","","","","","Gross Charge Type: Main Acute Price List | The modified price is presented in the standard charge value. | Modifier RT: Right side (used to identify procedures performed on the right side of the body)"
"MRI,UPPER EXTREM,JNT,WO CONTRAST,LT GLR","Wilm417123","CDM","610","RC","73221","HCPCS","","","facility","both","","","LT","2098.05","2098.05","","","","","","","","","","","","","Gross Charge Type: Acute Discounted | The modified price is presented in the standard charge value. | Modifier LT: Left side (used to identify procedures performed on the left side of the body)"
"MRI,UPPER EXTREM,JNT,WO CONTRAST,LT GLR","Wilm417123","CDM","610","RC","73221","HCPCS","","","facility","both","","","LT","2729.15","2729.15","","","","","","","","","","","","","Gross Charge Type: Main Acute Price List | The modified price is presented in the standard charge value. | Modifier LT: Left side (used to identify procedures performed on the left side of the body)"
"MRI,UPPER EXTREM,JNT,WO CONTRAST,RT GLR","BRML417324","CDM","610","RC","73221","HCPCS","","","facility","both","","","RT","2729.15","2729.15","","","","","","","","","","","","","Gross Charge Type: Main Acute Price List | The modified price is presented in the standard charge value. | Modifier RT: Right side (used to identify procedures performed on the right side of the body)"
"MRI,UPPER EXTREM,NOT JNT,W CONT,LT GLR","Chrs417108","CDM","610","RC","73219","HCPCS","","","facility","both","","","LT","2893.96","2893.96","","","","","","","","","","","","","Gross Charge Type: Main Acute Price List | The modified price is presented in the standard charge value. | Modifier LT: Left side (used to identify procedures performed on the left side of the body)"
"MRI,UPPER EXTREM,NOT JNT,W CONT,RT GLR","CcimMR7320","CDM","610","RC","73219","HCPCS","","","facility","both","","","RT","2496.41","2496.41","","","","","","","","","","","","","Gross Charge Type: Acute Discounted | The modified price is presented in the standard charge value. | Modifier RT: Right side (used to identify procedures performed on the right side of the body)"
"MRI,UPPER EXTREM,NOT JNT,W CONT,RT PFR","RdpfMRP7320","CDM","969","RC","73219","HCPCS","","","facility","both","","","26RT","373.21","373.21","","","","","","","","","","","","","Gross Charge Type: Main Acute Price List | The modified price is presented in the standard charge value. | Modifier 26: Professional Component | Modifier RT: Right side (used to identify procedures performed on the right side of the body)"
"MRI,UPPER EXTREM,NOT JNT,W/WO CON,LT GLR","CcicMR7107","CDM","610","RC","73220","HCPCS","","","facility","both","","","LT","4001.82","4001.82","","","","","","","","","","","","","Gross Charge Type: Acute Discounted | The modified price is presented in the standard charge value. | Modifier LT: Left side (used to identify procedures performed on the left side of the body)"
"MRI,UPPER EXTREM,NOT JNT,W/WO CON,RT GLR","BRML417318","CDM","610","RC","73220","HCPCS","","","facility","both","","","RT","4001.82","4001.82","","","","","","","","","","","","","Gross Charge Type: Acute Discounted | The modified price is presented in the standard charge value. | Modifier RT: Right side (used to identify procedures performed on the right side of the body)"
"MRI,UPPER EXTREM,NOT JNT,W/WO CON,RT GLR","CcspMR7318","CDM","610","RC","73220","HCPCS","","","facility","both","","","RT","4001.82","4001.82","","","","","","","","","","","","","Gross Charge Type: Acute Discounted | The modified price is presented in the standard charge value. | Modifier RT: Right side (used to identify procedures performed on the right side of the body)"
"MRI,UPPER EXTREM,NOT JNT,WO CONT,LT GLR","CcicMR7124","CDM","610","RC","73218","HCPCS","","","facility","both","","","LT","2687.9","2687.9","","","","","","","","","","","","","Gross Charge Type: Main Acute Price List | The modified price is presented in the standard charge value. | Modifier LT: Left side (used to identify procedures performed on the left side of the body)"
"MRI,UPPER EXTREM,NOT JNT,WO CONT,LT GLR","GLNM417124","CDM","610","RC","73218","HCPCS","","","facility","both","","","LT","2065.9","2065.9","","","","","","","","","","","","","Gross Charge Type: Acute Discounted | The modified price is presented in the standard charge value. | Modifier LT: Left side (used to identify procedures performed on the left side of the body)"
"MRI,UPPER EXTREM,NOT JNT,WO CONT,LT GLR","WilmMR7124","CDM","610","RC","73218","HCPCS","","","facility","both","","","LT","2065.9","2065.9","","","","","","","","","","","","","Gross Charge Type: Acute Discounted | The modified price is presented in the standard charge value. | Modifier LT: Left side (used to identify procedures performed on the left side of the body)"
"MRI,UPPER EXTREM,NOT JNT,WO CONT,RT GLR","FcinMR7322","CDM","610","RC","73218","HCPCS","","","facility","both","","","RT","2065.9","2065.9","","","","","","","","","","","","","Gross Charge Type: Acute Discounted | The modified price is presented in the standard charge value. | Modifier RT: Right side (used to identify procedures performed on the right side of the body)"
"MRSA PCR SCREEN","MicrCl2609","CDM","306","RC","87641","HCPCS","","","facility","both","","","","285.15","285.15","","","","","","","","","","","","","Gross Charge Type: Main Acute Price List"
"MTHFR GENE ANALYSIS,COMMON VARIANT","CygnMe1105","CDM","310","RC","81291","HCPCS","","","facility","both","","","","773.68","773.68","","","","","","","","","","","","","Gross Charge Type: Main Acute Price List"
"MUMPS EVALUATION","ChemCh2070","CDM","302","RC","86735","HCPCS","","","facility","both","","","","183.11","183.11","","","","","","","","","","","","","Gross Charge Type: Main Acute Price List"
"MUMPS IGM SEROLOGY","ChemSN1237","CDM","302","RC","86735","HCPCS","","","facility","both","","","","263.49","263.49","","","","","","","","","","","","","Gross Charge Type: Main Acute Price List"
"MYELOGRAM TRAY","CcicCT3756","CDM","270","RC","","","","","facility","both","","","","64.3","64.3","","","","","","","","","","","","","Gross Charge Type: Main Acute Price List"
"MYELOGRAM TRAY","CcsmUS3756","CDM","270","RC","","","","","facility","both","","","","64.3","64.3","","","","","","","","","","","","","Gross Charge Type: Main Acute Price List"
"MYELOGRAM TRAY","FcinUS3756","CDM","270","RC","","","","","facility","both","","","","64.3","64.3","","","","","","","","","","","","","Gross Charge Type: Main Acute Price List"
"MYOMARKER 3 PROFILE, ANTI-EJ-AB","ChemWm1929","CDM","302","RC","83516","HCPCS","","","facility","both","","","","23.48","23.48","","","","","","","","","","","","","Gross Charge Type: Main Acute Price List"
"MYOMARKER 3 PROFILE, ANTI-U2 RNP AB","ChemCh1938","CDM","302","RC","86235","HCPCS","","","facility","both","","","","23.48","23.48","","","","","","","","","","","","","Gross Charge Type: Main Acute Price List"
"Macroscopic Exam Arthropod","87168","HCPCS","","","","","","","facility","outpatient","","","","","","Cigna","All Commercial Plans","2.78","","","","","","","fee schedule","2.78","12.81",""
"Magnetic image jaw joint","70336","HCPCS","","","","","","","facility","outpatient","","","","","","Bcbs","Highmark All Commercial Plans","380.44","","","","","","","fee schedule","244.95","773.52","Radiology"
"Major Bladder Procedures With Cc","654","MS-DRG","","","","","","","facility","inpatient","","","","","","Aetna","Medicare Managed Care Plan","","","[MSDRG Base Rate: FEE SCHEDULE] [Psych-Per Diem: 1065] [Rehab-Per Diem: 1598] [SNF-Per Diem: 365]","","","","0","other","","","No services performed during 15-month lookback period."
"Major Bladder Procedures With Cc","654","MS-DRG","","","","","","","facility","inpatient","","","","","","Bcbs","Highmark All Commercial Plans","","","[Lesser Than Charges paid at %: 100] [MSDRG Base Rate: FEE SCHEDULE] [Normal Newborn-Per Diem: 6037.44] [Psych-Per Diem: 2159.84] [All Other IP (%BC): 85.44]","","","","0","other","","","No services performed during 15-month lookback period."
"Major Bladder Procedures With Cc","654","MS-DRG","","","","","","","facility","inpatient","","","","","","Healthspring","Medicare Managed Care Plan","25327.81","","","","","","","fee schedule","24061.42","65783.55","MSDRG Base Rate"
"Major Bladder Procedures With Mcc","653","MS-DRG","","","","","","","facility","inpatient","","","","","","Bcbs","Highmark All Commercial Plans","","","[Lesser Than Charges paid at %: 100] [MSDRG Base Rate: FEE SCHEDULE] [Normal Newborn-Per Diem: 6037.44] [Psych-Per Diem: 2159.84] [All Other IP (%BC): 85.44]","","","","0","other","","","No services performed during 15-month lookback period."
"Major Bladder Procedures Without Cc/Mcc","655","MS-DRG","","","","","","","facility","inpatient","","","","","","Bcbs","Highmark Health Options Medicaid Managed Care Plan","","","[Inpatient Services: Payer leverages state specific Medicaid payment methodology. Available, referenceable algorithm logic found here: https://medicaidpublications.dhss.delaware.gov/docs/search]","","","","0","other","","","No services performed during 15-month lookback period."
"Major Bladder Procedures Without Cc/Mcc","655","MS-DRG","","","","","","","facility","inpatient","","","","","","Unitedhealthcare","Medicare Managed Care Plan","19649.44","","","","","","","fee schedule","18300.95","49740.1","MSDRG Base Rate"
"Major Cardiovascular Procedures w CC","110","MS-DRG","","","","","","","facility","inpatient","","","","","","Aetna - Md","Better Health Medicaid Managed Care Plan","","","[Inpatient Services: Payer leverages state specific Medicaid payment methodology. Available, referenceable algorithm logic found here: https://health.maryland.gov/mmcp/provider/Pages/default.aspx]","","","","0","other","","","No services performed during 15-month lookback period."
"Major Cardiovascular Procedures w CC","110","MS-DRG","","","","","","","facility","inpatient","","","","","","Jefferson Health Plan","Health Partners Medicaid Managed Care/Aca Plan","","","[Inpatient Services: Payer leverages state specific Medicaid payment methodology. Available, referenceable algorithm logic found here: https://www.pa.gov/agencies/dhs/resources/for-providers] [MSDRG Base Rate: FEE SCHEDULE]","","","","0","other","","","No services performed during 15-month lookback period."
"Major Cardiovascular Procedures w/o CC","111","MS-DRG","","","","","","","facility","inpatient","","","","","","Ambetter","All Commercial Plans","","91","","","","","0","percent of total billed charges","","","No services performed during 15-month lookback period."
"Major Cardiovascular Procedures w/o CC","111","MS-DRG","","","","","","","facility","inpatient","","","","","","Healthspring","Medicare Managed Care Plan","","","[MSDRG Base Rate: FEE SCHEDULE]","","","","0","other","","","No services performed during 15-month lookback period."
"Major Chest Procedures With Cc","164","MS-DRG","","","","","","","facility","inpatient","","","","","","Ambetter","All Commercial Plans","","91","","","","","0","percent of total billed charges","","","No services performed during 15-month lookback period."
"Major Chest Procedures With Mcc","163","MS-DRG","","","","","","","facility","inpatient","","","","","","Bcbs","Highmark Wholecare Medicaid Managed Care Plan","","","[Inpatient Services: Payer leverages state specific Medicaid payment methodology. Available, referenceable algorithm logic found here: https://www.pa.gov/agencies/dhs/resources/for-providers]","","","","0","other","","","No services performed during 15-month lookback period."
"Major Chest Procedures With Mcc","163","MS-DRG","","","","","","","facility","inpatient","","","","","","Jefferson Health Plan","Health Partners Medicaid Managed Care/Aca Plan","","","[Inpatient Services: Payer leverages state specific Medicaid payment methodology. Available, referenceable algorithm logic found here: https://www.pa.gov/agencies/dhs/resources/for-providers] [MSDRG Base Rate: FEE SCHEDULE]","","","","0","other","","","No services performed during 15-month lookback period."
"Major Chest Trauma With Mcc","183","MS-DRG","","","","","","","facility","inpatient","","","","","","Jefferson Health Plan","Health Partners Medicaid Managed Care/Aca Plan","35952.65","","","","","","","fee schedule","13350.51","35952.65",""
"Major Chest Trauma Without Cc/Mcc","185","MS-DRG","","","","","","","facility","inpatient","","","","","","Amerihealth","Caritas Next Other Commercial Plan","","94","","","","","0","percent of total billed charges","","","No services performed during 15-month lookback period."
"Major Chest Trauma Without Cc/Mcc","185","MS-DRG","","","","","","","facility","inpatient","","","","","","Bcbs","Highmark Wholecare Medicare Managed Care Plan","8195.43","","","","","","","fee schedule","7077.87","18482.75","MSDRG Base Rate"
"Major Chest Trauma Without Cc/Mcc","185","MS-DRG","","","","","","","facility","inpatient","","","","","","Wellcare","Medicare Managed Care Plan","","","[MSDRG Base Rate: FEE SCHEDULE]","","","","0","other","","","No services performed during 15-month lookback period."
"Major Esophageal Disorders With Mcc","368","MS-DRG","","","","","","","facility","inpatient","","","","","","Aetna","Medicare Managed Care Plan","15041.97","","","","","","","fee schedule","13873.66","37409.65","MSDRG Base Rate"
"Major Esophageal Disorders With Mcc","368","MS-DRG","","","","","","","facility","inpatient","","","","","","Bcbs","Highmark Medicare Managed Care Plan","13873.66","","","","","","","fee schedule","13873.66","37409.65","MSDRG Base Rate"
"Major Esophageal Disorders Without Cc/Mcc","370","MS-DRG","","","","","","","facility","inpatient","","","","","","Amerihealth","Caritas Next Other Commercial Plan","","94","","","","","0","percent of total billed charges","","","No services performed during 15-month lookback period."
"Major Esophageal Disorders Without Cc/Mcc","370","MS-DRG","","","","","","","facility","inpatient","","","","","","Jefferson Health Plan","Health Partners Medicare Managed Care Plan","","","[MSDRG Base Rate: FEE SCHEDULE]","","","","0","other","","","No services performed during 15-month lookback period."
"Major Gastrointestinal Disorders And Peritoneal Infections With Mcc","371","MS-DRG","","","","","","","facility","inpatient","","","","","","Aetna","All Commercial Plans","","","[SNF-(% BC): 65] [Bariatric Surgery-Case Rate: 20177] [All Other IP (%BC): 86.5]","","","","0","other","","","No services performed during 15-month lookback period."
"Major Gastrointestinal Disorders And Peritoneal Infections With Mcc","371","MS-DRG","","","","","","","facility","inpatient","","","","","","Ambetter","All Commercial Plans","","91","","","","","0","percent of total billed charges","","","No services performed during 15-month lookback period."
"Major Gastrointestinal Disorders And Peritoneal Infections With Mcc","371","MS-DRG","","","","","","","facility","inpatient","","","","","","Jefferson Health Plan","Health Partners Medicaid Managed Care/Aca Plan","","","[Inpatient Services: Payer leverages state specific Medicaid payment methodology. Available, referenceable algorithm logic found here: https://www.pa.gov/agencies/dhs/resources/for-providers] [MSDRG Base Rate: FEE SCHEDULE]","","","","0","other","","","No services performed during 15-month lookback period."
"Major Gastrointestinal Disorders And Peritoneal Infections With Mcc","371","MS-DRG","","","","","","","facility","inpatient","","","","","","Jefferson Health Plan","Health Partners Medicare Managed Care Plan","17023.9","","","","","","","fee schedule","15402.58","41667.85","MSDRG Base Rate"
"Major Gastrointestinal Disorders And Peritoneal Infections Without Cc/Mcc","373","MS-DRG","","","","","","","facility","inpatient","","","","","","Bcbs","Highmark Wholecare Medicaid Managed Care Plan","","","[Inpatient Services: Payer leverages state specific Medicaid payment methodology. Available, referenceable algorithm logic found here: https://www.pa.gov/agencies/dhs/resources/for-providers]","","","","0","other","","","No services performed during 15-month lookback period."
"Major Gastrointestinal Disorders And Peritoneal Infections Without Cc/Mcc","373","MS-DRG","","","","","","","facility","inpatient","","","","","","First Health","Delaware Medicaid Managed Care Plan","","","[Inpatient Services: Payer leverages state specific Medicaid payment methodology. Available, referenceable algorithm logic found here: https://medicaidpublications.dhss.delaware.gov/docs/search]","","","","0","other","","","No services performed during 15-month lookback period."
"Major Head & Neck Procedures W Cc/Mcc Or Major Device","129","MS-DRG","","","","","","","facility","inpatient","","","","","","Wellcare","Medicare Managed Care Plan","","","[MSDRG Base Rate: FEE SCHEDULE]","","","","0","other","","","No services performed during 15-month lookback period."
"Major Head & Neck Procedures","049","MS-DRG","","","","","","","facility","inpatient","","","","","","Amerihealth","Medicare Managed Care Plan","","","[MSDRG Base Rate: FEE SCHEDULE]","","","","0","other","","","No services performed during 15-month lookback period."
"Major Head And Neck Procedures With Mcc","140","MS-DRG","","","","","","","facility","inpatient","","","","","","Aetna","Medicare Managed Care Plan","39499.08","","","","","","","fee schedule","36431.19","100234.55","MSDRG Base Rate"
"Major Head And Neck Procedures Without Cc/Mcc","142","MS-DRG","","","","","","","facility","inpatient","","","","","","Jefferson Health Plan","Health Partners Medicare Managed Care Plan","15376.01","","","","","","","fee schedule","13911.63","37515.4","MSDRG Base Rate"
"Major Hematological And Immunological Diagnoses Except Sickle Cell Crisis And Coagulation Disorders ","808","MS-DRG","","","","","","","facility","inpatient","","","","","","Bcbs","Highmark Health Options Medicaid Managed Care Plan","","","[Inpatient Services: Payer leverages state specific Medicaid payment methodology. Available, referenceable algorithm logic found here: https://medicaidpublications.dhss.delaware.gov/docs/search]","15170.65","15170.65","15170.65","1 through 10","other","","","Contracting method is an algorithm described in the 'standard_charges|algorithm' field. The allowed amount provided accounts for the structural rates, conditions, and utilization elements inherent in the payer’s algorithm."
"Major Hematological And Immunological Diagnoses Except Sickle Cell Crisis And Coagulation Disorders ","809","MS-DRG","","","","","","","facility","inpatient","","","","","","Aetna","Medicare Managed Care Plan","12059.61","","","","","","","fee schedule","11122.94","29748.65","MSDRG Base Rate"
"Major Hematological And Immunological Diagnoses Except Sickle Cell Crisis And Coagulation Disorders ","809","MS-DRG","","","","","","","facility","inpatient","","","","","","Bcbs","Highmark Wholecare Medicaid Managed Care Plan","","","[Inpatient Services: Payer leverages state specific Medicaid payment methodology. Available, referenceable algorithm logic found here: https://www.pa.gov/agencies/dhs/resources/for-providers]","","","","0","other","","","No services performed during 15-month lookback period."
"Major Hematological And Immunological Diagnoses Except Sickle Cell Crisis And Coagulation Disorders ","810","MS-DRG","","","","","","","facility","inpatient","","","","","","Jefferson Health Plan","Health Partners Medicaid Managed Care/Aca Plan","24595.1","","","","","","","fee schedule","9272.54","24595.1",""
"Major Joint Or Limb Reattachment Procedures Of Upper Extremities","483","MS-DRG","","","","","","","facility","inpatient","","","","","","Amerihealth","Medicare Managed Care Plan","","","[MSDRG Base Rate: FEE SCHEDULE]","","","","0","other","","","No services performed during 15-month lookback period."
"Major Joint Or Limb Reattachment Procedures Of Upper Extremities","483","MS-DRG","","","","","","","facility","inpatient","","","","","","Ibc","All Commercial Plans","","","[Psych-Per Diem: 1800] [All Other IP (%BC): 89.50]","","","","0","other","","","No services performed during 15-month lookback period."
"Major Joint Or Limb Reattachment Procedures Of Upper Extremities","483","MS-DRG","","","","","","","facility","inpatient","","","","","","Jefferson Health Plan","Health Partners Medicaid Managed Care/Aca Plan","","","[Inpatient Services: Payer leverages state specific Medicaid payment methodology. Available, referenceable algorithm logic found here: https://www.pa.gov/agencies/dhs/resources/for-providers] [MSDRG Base Rate: FEE SCHEDULE]","","","","0","other","","","No services performed during 15-month lookback period."
"Major Male Pelvic Procedures With Cc/Mcc","707","MS-DRG","","","","","","","facility","inpatient","","","","","","First Health","Delaware Medicaid Managed Care Plan","","","[Inpatient Services: Payer leverages state specific Medicaid payment methodology. Available, referenceable algorithm logic found here: https://medicaidpublications.dhss.delaware.gov/docs/search]","","","","0","other","","","No services performed during 15-month lookback period."
"Major Male Pelvic Procedures With Cc/Mcc","707","MS-DRG","","","","","","","facility","inpatient","","","","","","Wellcare","Medicare Managed Care Plan","20054.32","","","","","","","fee schedule","17319.64","47007.05","MSDRG Base Rate"
"Major Male Pelvic Procedures Without Cc/Mcc","708","MS-DRG","","","","","","","facility","inpatient","","","","","","Aetna","Medicare Managed Care Plan","","","[MSDRG Base Rate: FEE SCHEDULE] [Psych-Per Diem: 1065] [Rehab-Per Diem: 1598] [SNF-Per Diem: 365]","","","","0","other","","","No services performed during 15-month lookback period."
"Major Male Pelvic Procedures Without Cc/Mcc","708","MS-DRG","","","","","","","facility","inpatient","","","","","","Amerihealth","Medicare Managed Care Plan","","","[MSDRG Base Rate: FEE SCHEDULE]","","","","0","other","","","No services performed during 15-month lookback period."
"Major Male Pelvic Procedures Without Cc/Mcc","708","MS-DRG","","","","","","","facility","inpatient","","","","","","Bcbs","Highmark Health Options Medicaid Managed Care Plan","","","[Inpatient Services: Payer leverages state specific Medicaid payment methodology. Available, referenceable algorithm logic found here: https://medicaidpublications.dhss.delaware.gov/docs/search]","","","","0","other","","","No services performed during 15-month lookback period."
"Major Male Pelvic Procedures Without Cc/Mcc","708","MS-DRG","","","","","","","facility","inpatient","","","","","","Healthspring","Medicare Managed Care Plan","14091.36","","","","","","","fee schedule","13386.79","36053.7","MSDRG Base Rate"
"Major Shoulder Or Elbow Joint Procedures Without Cc/Mcc","508","MS-DRG","","","","","","","facility","inpatient","","","","","","Bcbs","Highmark Health Options Medicare Managed Care Plan","","","[MSDRG Base Rate: FEE SCHEDULE]","","","","0","other","","","No services performed during 15-month lookback period."
"Major Skin Disorders With Mcc","595","MS-DRG","","","","","","","facility","inpatient","","","","","","Bcbs","Highmark Health Options Medicaid Managed Care Plan","","","[Inpatient Services: Payer leverages state specific Medicaid payment methodology. Available, referenceable algorithm logic found here: https://medicaidpublications.dhss.delaware.gov/docs/search]","","","","0","other","","","No services performed during 15-month lookback period."
"Major Skin Disorders With Mcc","595","MS-DRG","","","","","","","facility","inpatient","","","","","","Bcbs","Highmark Wholecare Medicaid Managed Care Plan","","","[Inpatient Services: Payer leverages state specific Medicaid payment methodology. Available, referenceable algorithm logic found here: https://www.pa.gov/agencies/dhs/resources/for-providers]","","","","0","other","","","No services performed during 15-month lookback period."
"Major Small & Large Bowel Procedures w CC w Major Gi Dx","569","MS-DRG","","","","","","","facility","inpatient","","","","","","Jefferson Health Plan","Health Partners Medicaid Managed Care/Aca Plan","","","[Inpatient Services: Payer leverages state specific Medicaid payment methodology. Available, referenceable algorithm logic found here: https://www.pa.gov/agencies/dhs/resources/for-providers] [MSDRG Base Rate: FEE SCHEDULE]","","","","0","other","","","No services performed during 15-month lookback period."
"Major Small And Large Bowel Procedures With Cc","330","MS-DRG","","","","","","","facility","inpatient","","","","","","Bcbs","Highmark Wholecare Medicare Managed Care Plan","","","[MSDRG Base Rate: FEE SCHEDULE]","","","","0","other","","","No services performed during 15-month lookback period."
"Major Thumb Or Joint Procedures","506","MS-DRG","","","","","","","facility","inpatient","","","","","","Aetna - Md","Better Health Medicaid Managed Care Plan","","","[Inpatient Services: Payer leverages state specific Medicaid payment methodology. Available, referenceable algorithm logic found here: https://health.maryland.gov/mmcp/provider/Pages/default.aspx]","","","","0","other","","","No services performed during 15-month lookback period."
"Major Thumb Or Joint Procedures","506","MS-DRG","","","","","","","facility","inpatient","","","","","","Ibc","Medicare Managed Care Plan","12448.22","","","","","","","fee schedule","11825.81","31706.2","MSDRG Base Rate"
"Major cardiovasc procedures w MCC","237","MS-DRG","","","","","","","facility","inpatient","","","","","","Cigna","All Commercial Plans","","","[SNF-(% BC): 60] [All Other IP (%BC): 88.46]","","","","0","other","","","No services performed during 15-month lookback period."
"Major cardiovasc procedures w/o MCC","238","MS-DRG","","","","","","","facility","inpatient","","","","","","Aetna - Md","Better Health Medicaid Managed Care Plan","","","[Inpatient Services: Payer leverages state specific Medicaid payment methodology. Available, referenceable algorithm logic found here: https://health.maryland.gov/mmcp/provider/Pages/default.aspx]","","","","0","other","","","No services performed during 15-month lookback period."
"Malaria antibody","86750","HCPCS","","","","","","","facility","outpatient","","","","","","Amerihealth","Caritas Next Other Commercial Plan","21.1","","","","","","","fee schedule","8.57","39.57","Radiology"
"Malignancy Of Hepatobiliary System Or Pancreas With Cc","436","MS-DRG","","","","","","","facility","inpatient","","","","","","Bcbs","Highmark Health Options Medicare Managed Care Plan","","","[MSDRG Base Rate: FEE SCHEDULE]","8555.02","8555.02","8555.02","1 through 10","other","","","Contracting method is an algorithm described in the 'standard_charges|algorithm' field. The allowed amount provided accounts for the structural rates, conditions, and utilization elements inherent in the payer’s algorithm."
"Malignancy Of Hepatobiliary System Or Pancreas With Mcc","435","MS-DRG","","","","","","","facility","inpatient","","","","","","Aetna","Medicare Managed Care Plan","","","[MSDRG Base Rate: FEE SCHEDULE] [Psych-Per Diem: 1065] [Rehab-Per Diem: 1598] [SNF-Per Diem: 365]","","","","0","other","","","No services performed during 15-month lookback period."
"Malignancy Of Hepatobiliary System Or Pancreas With Mcc","435","MS-DRG","","","","","","","facility","inpatient","","","","","","Bcbs","Highmark Wholecare Medicaid Managed Care Plan","","","[Inpatient Services: Payer leverages state specific Medicaid payment methodology. Available, referenceable algorithm logic found here: https://www.pa.gov/agencies/dhs/resources/for-providers]","","","","0","other","","","No services performed during 15-month lookback period."
"Malignancy Of Hepatobiliary System Or Pancreas Without Cc/Mcc","437","MS-DRG","","","","","","","facility","inpatient","","","","","","Bcbs","Highmark Wholecare Medicaid Managed Care Plan","","","[Inpatient Services: Payer leverages state specific Medicaid payment methodology. Available, referenceable algorithm logic found here: https://www.pa.gov/agencies/dhs/resources/for-providers]","","","","0","other","","","No services performed during 15-month lookback period."
"Malignancy, female reproductive system w CC","366","MS-DRG","","","","","","","facility","inpatient","","","","","","Ibc","All Commercial Plans","","","[Psych-Per Diem: 1800] [All Other IP (%BC): 89.50]","","","","0","other","","","No services performed during 15-month lookback period."
"Malignant Breast Disorders With Mcc","597","MS-DRG","","","","","","","facility","inpatient","","","","","","Amerihealth","Medicare Managed Care Plan","16493.5","","","","","","","fee schedule","14508.17","39176.85","MSDRG Base Rate"
"Malignant Breast Disorders Without Cc/Mcc","599","MS-DRG","","","","","","","facility","inpatient","","","","","","Amerihealth","Caritas Next Other Commercial Plan","","94","","","","","0","percent of total billed charges","","","No services performed during 15-month lookback period."
"Mammography Services","N804","APC","","","","","","","facility","outpatient","","","","","","Unitedhealthcare","Medicare Managed Care Plan","","","[Ambulance--Air ($): 3733] [Ambulance--Land ($): 400] [APC ($): FEE SCHEDULE]","","","","0","other","","","No services performed during 15-month lookback period."
"Manipulat palm cord post inj","26341","HCPCS","","","","","","","facility","outpatient","","","","","","Bcbs","Highmark Medicare Managed Care Plan","253.23","","","","","","","fee schedule","253.23","799.67","APC"
"Manipulation of hip joint","27275","HCPCS","","","","","","","facility","outpatient","","","","","","Ambetter","All Commercial Plans","2606.47","","","","","","","fee schedule","1650.76","5212.93","Radiology"
"Manual diff wbc count b-coat","85009","HCPCS","","","","","","","facility","outpatient","","","","","","Aetna","All Commercial Plans","7.1","","","","","","","fee schedule","3.3","15.21","Radiology"
"Mast simple complete","19303","HCPCS","","","","","","","facility","outpatient","","","","","","Aetna","All Commercial Plans","10045.79","","","","","","","fee schedule","6816.78","21526.69","Radiology"
"Mast simple complete","19303","HCPCS","","","","","","","facility","outpatient","","","","","","Amerihealth","Medicare Managed Care Plan","7749.61","","","","","","","fee schedule","6816.78","21526.69","APC"
"Mastectomy For Malignancy With Cc/Mcc","582","MS-DRG","","","","","","","facility","inpatient","","","","","","Bcbs","Highmark Wholecare Medicaid Managed Care Plan","","","[Inpatient Services: Payer leverages state specific Medicaid payment methodology. Available, referenceable algorithm logic found here: https://www.pa.gov/agencies/dhs/resources/for-providers]","","","","0","other","","","No services performed during 15-month lookback period."
"Mastectomy For Malignancy Without Cc/Mcc","583","MS-DRG","","","","","","","facility","inpatient","","","","","","Bcbs","Highmark Medicare Managed Care Plan","14991.66","","","","","","","fee schedule","14991.66","40523.4","MSDRG Base Rate"
"Mastectomy For Malignancy Without Cc/Mcc","583","MS-DRG","","","","","","","facility","inpatient","","","","","","Bcbs","Highmark Wholecare Medicare Managed Care Plan","17358.76","","","","","","","fee schedule","14991.66","40523.4","MSDRG Base Rate"
"Mastectomy For Malignancy Without Cc/Mcc","583","MS-DRG","","","","","","","facility","inpatient","","","","","","Jefferson Health Plan","Health Partners Medicaid Managed Care/Aca Plan","","","[Inpatient Services: Payer leverages state specific Medicaid payment methodology. Available, referenceable algorithm logic found here: https://www.pa.gov/agencies/dhs/resources/for-providers] [MSDRG Base Rate: FEE SCHEDULE]","","","","0","other","","","No services performed during 15-month lookback period."
"Mastoid surgery revision","69604","HCPCS","","","","","","","facility","outpatient","","","","","","Aetna","Medicare Managed Care Plan","6589.06","","","","","","","fee schedule","6077.29","19191.43","APC"
"Mastoid surgery revision","69604","HCPCS","","","","","","","facility","outpatient","","","","","","Amerihealth","Caritas Next Other Commercial Plan","10235.43","","","","","","","fee schedule","6077.29","19191.43","Radiology"
"Max MRI image capture","D0385","HCPCS","","","","","","","facility","outpatient","","","","","","Jefferson Health Plan","Health Partners Medicare Managed Care Plan","118.62","","","","","","","fee schedule","107.33","338.93","APC"
"Max ultrasound image capture","D0386","HCPCS","","","","","","","facility","outpatient","","","","","","Bcbs","Highmark All Commercial Plans","166.69","","","","","","","fee schedule","107.33","338.93","Radiology"
"Maxillofacial fixation","21100","HCPCS","","","","","","","facility","outpatient","","","","","","Bcbs","Highmark Medicare Managed Care Plan","6077.29","","","","","","","fee schedule","6077.29","19191.43","APC"
"Mcoln1 gene","81290","HCPCS","","","","","","","facility","outpatient","","","","","","Aetna","All Commercial Plans","43.63","","","","","","","fee schedule","25.55","117.93","Laboratory"
"Mcoln1 gene","81290","HCPCS","","","","","","","facility","outpatient","","","","","","Jefferson Health Plan","Health Partners Medicaid Managed Care/Aca Plan","117.93","","","","","","","fee schedule","25.55","117.93","APC"
"Mech remov tunneled cv cath","36596","HCPCS","","","","","","","facility","outpatient","","","","","","Bcbs","Highmark Health Options Medicare Managed Care Plan","1743.61","","","","","","","fee schedule","1616.02","5103.23","APC"
"Mechanical chest wall oscill","94669","HCPCS","","","","","","","facility","outpatient","","","","","","Aetna","Medicare Managed Care Plan","243.73","","","","","","","fee schedule","224.8","709.9","APC"
"Meckels divert exam","78290","HCPCS","","","","","","","facility","outpatient","","","","","","Amerihealth","Medicare Managed Care Plan","466.56","","","","","","","fee schedule","410.4","1296.01","APC"
"Mecp2 gene known variant","81303","HCPCS","","","","","","","facility","outpatient","","","","","","Amerihealth","Caritas Next Other Commercial Plan","192","","","","","","","fee schedule","78","360","Radiology"
"Mecp2 gene known variant","81303","HCPCS","","","","","","","facility","outpatient","","","","","","Unitedhealthcare","All Commercial Plans","120","","","","","","","fee schedule","78","360",""
"Med nutrition indiv subseq","97803","HCPCS","","","","","","","facility","outpatient","","","","","","Bcbs","Highmark Wholecare Medicare Managed Care Plan","24.21","","","","","","","fee schedule","20.91","66.03","APC"
"Med nutrition indiv subseq","97803","HCPCS","","","","","","","facility","outpatient","","","","","","Jefferson Health Plan","Health Partners Medicaid Managed Care/Aca Plan","66.03","","","","","","","fee schedule","20.91","66.03","APC"
"Mediastinoscpy w/medstnl bx","39401","HCPCS","","","","","","","facility","outpatient","","","","","","Amerihealth","Medicare Managed Care Plan","7055.61","","","","","","","fee schedule","6206.33","19598.93","APC"
"Medical Back Problems Without Mcc","552","MS-DRG","","","","","","","facility","inpatient","","","","","","Bcbs","Highmark All Commercial Plans","","","[Lesser Than Charges paid at %: 100] [MSDRG Base Rate: FEE SCHEDULE] [Normal Newborn-Per Diem: 6037.44] [Psych-Per Diem: 2159.84] [All Other IP (%BC): 85.44]","12787.19","422.3","30987.75","18","other","","","Contracting method is an algorithm described in the 'standard_charges|algorithm' field. The allowed amount provided accounts for the structural rates, conditions, and utilization elements inherent in the payer’s algorithm."
"Medical nutrition group","97804","HCPCS","","","","","","","facility","outpatient","","","","","","Amerihealth","Caritas Next Other Commercial Plan","19.71","","","","","","","fee schedule","11.7","36.96","Radiology"
"Medical nutrition group","97804","HCPCS","","","","","","","facility","outpatient","","","","","","Amerihealth","Medicare Managed Care Plan","13.31","","","","","","","fee schedule","11.7","36.96","APC"
"Menstrual And Other Female Reproductive System Disorders Without Cc/Mcc","761","MS-DRG","","","","","","","facility","inpatient","","","","","","Ibc","Medicare Managed Care Plan","5531.91","","","","","","","fee schedule","5255.31","13406.75","MSDRG Base Rate"
"Metabolic panel ionized ca","80047","HCPCS","","","","","","","facility","outpatient","","","","","","Aetna","Medicare Managed Care Plan","14.14","","","","","","","fee schedule","8.92","41.19","APC"
"Metabolic panel ionized ca","80047","HCPCS","","","","","","","facility","outpatient","","","","","","Ambetter","All Commercial Plans","17.85","","","","","","","fee schedule","8.92","41.19","Laboratory"
"Mgmt gene methylation anal","81287","HCPCS","","","","","","","facility","outpatient","","","","","","Amerihealth","Caritas Next Other Commercial Plan","199.42","","","","","","","fee schedule","118.41","373.92","Radiology"
"Mgmt gene methylation anal","81287","HCPCS","","","","","","","facility","outpatient","","","","","","Amerihealth","Medicare Managed Care Plan","134.61","","","","","","","fee schedule","118.41","373.92","APC"
"Microbe suscept mycobacteri","87190","HCPCS","","","","","","","facility","outpatient","","","","","","Bcbs","Highmark All Commercial Plans","10.79","","","","","","","fee schedule","4.75","21.93","Radiology"
"Microbe susceptible disk","87184","HCPCS","","","","","","","facility","outpatient","","","","","","Cigna","All Commercial Plans","4.86","","","","","","","fee schedule","4.86","22.44",""
"Microbe susceptible enzyme","87185","HCPCS","","","","","","","facility","outpatient","","","","","","First Health","Delaware Medicaid Managed Care Plan","5.22","","","","","","","fee schedule","3.09","14.25","Laboratory"
"Microscopic exam of urine","81015","HCPCS","","","","","","","facility","outpatient","","","","","","First Health","Delaware Medicaid Managed Care Plan","3.36","","","","","","","fee schedule","1.98","9.15","Laboratory"
"Microslide consultation","88321","HCPCS","","","","","","","facility","outpatient","","","","","","Amerihealth","Medicare Managed Care Plan","43.59","","","","","","","fee schedule","34.57","121.09","APC"
"Microslide consultation","88323","HCPCS","","","","","","","facility","outpatient","","","","","","Aetna","Medicare Managed Care Plan","58","","","","","","","fee schedule","17.36","168.94","APC"
"Minor Bladder Procedures With Cc","663","MS-DRG","","","","","","","facility","inpatient","","","","","","Bcbs","Highmark Medicare Managed Care Plan","13268.67","","","","","","","fee schedule","13268.67","35724.7","MSDRG Base Rate"
"Minor Bladder Procedures With Cc","663","MS-DRG","","","","","","","facility","inpatient","","","","","","Jefferson Health Plan","Health Partners Medicaid Managed Care/Aca Plan","","","[Inpatient Services: Payer leverages state specific Medicaid payment methodology. Available, referenceable algorithm logic found here: https://www.pa.gov/agencies/dhs/resources/for-providers] [MSDRG Base Rate: FEE SCHEDULE]","","","","0","other","","","No services performed during 15-month lookback period."
"Minor Bladder Procedures Without Cc/Mcc","664","MS-DRG","","","","","","","facility","inpatient","","","","","","Ambetter","All Commercial Plans","","91","","","","","0","percent of total billed charges","","","No services performed during 15-month lookback period."
"Minor Skin Disorders With Mcc","606","MS-DRG","","","","","","","facility","inpatient","","","","","","Aetna - Md","Better Health Medicaid Managed Care Plan","","","[Inpatient Services: Payer leverages state specific Medicaid payment methodology. Available, referenceable algorithm logic found here: https://health.maryland.gov/mmcp/provider/Pages/default.aspx]","","","","0","other","","","No services performed during 15-month lookback period."
"Minor Small And Large Bowel Procedures With Mcc","344","MS-DRG","","","","","","","facility","inpatient","","","","","","Jefferson Health Plan","Health Partners Medicaid Managed Care/Aca Plan","","","[Inpatient Services: Payer leverages state specific Medicaid payment methodology. Available, referenceable algorithm logic found here: https://www.pa.gov/agencies/dhs/resources/for-providers] [MSDRG Base Rate: FEE SCHEDULE]","","","","0","other","","","No services performed during 15-month lookback period."
"Miscellaneous Disorders Of Nutrition, Metabolism, Fluids And Electrolytes With Mcc","640","MS-DRG","","","","","","","facility","inpatient","","","","","","Amerihealth","Medicare Managed Care Plan","","","[MSDRG Base Rate: FEE SCHEDULE]","","","","0","other","","","No services performed during 15-month lookback period."
"Miscellaneous Disorders Of Nutrition, Metabolism, Fluids And Electrolytes With Mcc","640","MS-DRG","","","","","","","facility","inpatient","","","","","","Wellcare","Medicare Managed Care Plan","13560.17","","","","","","","fee schedule","11711.06","31386.6","MSDRG Base Rate"
"Miscellaneous Disorders Of Nutrition, Metabolism, Fluids And Electrolytes Without Mcc","641","MS-DRG","","","","","","","facility","inpatient","","","","","","Aetna - Md","Better Health Medicaid Managed Care Plan","","","[Inpatient Services: Payer leverages state specific Medicaid payment methodology. Available, referenceable algorithm logic found here: https://health.maryland.gov/mmcp/provider/Pages/default.aspx]","","","","0","other","","","No services performed during 15-month lookback period."
"Mitochondrial antibody each","86381","HCPCS","","","","","","","facility","outpatient","","","","","","Ambetter","All Commercial Plans","33.08","","","","","","","fee schedule","24.18","76.35","Laboratory"
"Mitochondrial gene","81440","HCPCS","","","","","","","facility","outpatient","","","","","","Aetna","All Commercial Plans","3689.64","","","","","","","fee schedule","2160.6","9972","Laboratory"
"Mlh1 gene full seq","81292","HCPCS","","","","","","","facility","outpatient","","","","","","Aetna","All Commercial Plans","945.56","","","","","","","fee schedule","439.01","2026.2","Radiology"
"Mlh1 gene known variants","81293","HCPCS","","","","","","","facility","outpatient","","","","","","Jefferson Health Plan","Health Partners Medicare Managed Care Plan","347.55","","","","","","","fee schedule","215.15","993","APC"
"Mlt fam grp bhv train 1st 60","96202","HCPCS","","","","","","","facility","outpatient","","","","","","Aetna","All Commercial Plans","24.32","","","","","","","fee schedule","16.5","52.11","Radiology"
"Mlt fam grp bhv train ea add","96203","HCPCS","","","","","","","facility","outpatient","","","","","","Healthspring","Medicare Managed Care Plan","4.99","","","","","","","fee schedule","4.74","14.97","APC"
"Mnpj of tmj w/anesth","21073","HCPCS","","","","","","","facility","outpatient","","","","","","Jefferson Health Plan","Health Partners Medicare Managed Care Plan","1760.52","","","","","","","fee schedule","1592.85","5030.06","APC"
"Modification of contact lens","92325","HCPCS","","","","","","","facility","outpatient","","","","","","Bcbs","Highmark All Commercial Plans","212.14","","","","","","","fee schedule","136.59","431.33","Radiology"
"Mononuclear cell antigen","86356","HCPCS","","","","","","","facility","outpatient","","","","","","Ambetter","All Commercial Plans","34.81","","","","","","","fee schedule","17.41","80.34","Laboratory"
"Mopath procedure level 9","81408","HCPCS","","","","","","","facility","outpatient","","","","","","Aetna","Medicare Managed Care Plan","2060","","","","","","","fee schedule","1300","6000","APC"
"Mopath procedure level 9","81408","HCPCS","","","","","","","facility","outpatient","","","","","","Ambetter","All Commercial Plans","2600","","","","","","","fee schedule","1300","6000","Laboratory"
"Motion analysis video/3d","96000","HCPCS","","","","","","","facility","outpatient","","","","","","Aetna","All Commercial Plans","564.54","","","","","","","fee schedule","383.08","1209.74","Radiology"
"Motor &/ sens nrve cndj test","95905","HCPCS","","","","","","","facility","outpatient","","","","","","Aetna","All Commercial Plans","675.84","","","","","","","fee schedule","458.61","1448.23","Radiology"
"Mouth Procedures With Cc/Mcc","137","MS-DRG","","","","","","","facility","inpatient","","","","","","Amerihealth","Caritas Next Other Commercial Plan","","94","","","","","0","percent of total billed charges","","","No services performed during 15-month lookback period."
"Mouth Procedures With Cc/Mcc","137","MS-DRG","","","","","","","facility","inpatient","","","","","","Bcbs","Highmark All Commercial Plans","","","[Lesser Than Charges paid at %: 100] [MSDRG Base Rate: FEE SCHEDULE] [Normal Newborn-Per Diem: 6037.44] [Psych-Per Diem: 2159.84] [All Other IP (%BC): 85.44]","21608.14","21608.14","23240.44","1 through 10","other","","","Contracting method is an algorithm described in the 'standard_charges|algorithm' field. The allowed amount provided accounts for the structural rates, conditions, and utilization elements inherent in the payer’s algorithm."
"Mouth Procedures With Cc/Mcc","137","MS-DRG","","","","","","","facility","inpatient","","","","","","Jefferson Health Plan","Health Partners Medicare Managed Care Plan","14413.57","","","","","","","fee schedule","13040.85","35090.2","MSDRG Base Rate"
"Mpl gene seq alys exon 10","81339","HCPCS","","","","","","","facility","outpatient","","","","","","Ambetter","All Commercial Plans","240.76","","","","","","","fee schedule","175.94","555.6","Laboratory"
"Mr Angiography Neck W/Dye","70548","HCPCS","","","","","","","facility","outpatient","","","","","","Jefferson Health Plan","Health Partners Medicare Managed Care Plan","395.85","","","","","","","fee schedule","358.15","1131.01","APC"
"Mr Angiography Neck W/O Dye","70547","HCPCS","","","","","","","facility","outpatient","","","","","","Bcbs","Highmark Medicare Managed Care Plan","244.95","","","","","","","fee schedule","244.95","773.52","APC"
"Mr angiograph head w/o&w/dye","70546","HCPCS","","","","","","","facility","outpatient","","","","","","Amerihealth","Medicare Managed Care Plan","407.16","","","","","","","fee schedule","358.15","1131.01","APC"
"Mr angiograph head w/o&w/dye","70546","HCPCS","","","","","","","facility","outpatient","","","","","","Bcbs","Highmark Health Options Medicare Managed Care Plan","386.43","","","","","","","fee schedule","358.15","1131.01","APC"
"Mr safety deter phys/qhp","76016","HCPCS","","","","","","","facility","outpatient","","","","","","Bcbs","Highmark Medicare Managed Care Plan","89.34","","","","","","","fee schedule","89.34","282.13","APC"
"Mr safety implt pos&/immoblj","76019","HCPCS","","","","","","","facility","outpatient","","","","","","Healthspring","Medicare Managed Care Plan","63.75","","","","","","","fee schedule","60.56","191.25","APC"
"Mra w/o cont, abd","C8901","HCPCS","","","","","","","facility","outpatient","","","","","","Ambetter","All Commercial Plans","386.76","","","","","","","fee schedule","244.95","773.52","Radiology"
"Mra w/o cont, abd","C8901","HCPCS","","","","","","","facility","outpatient","","","","","","Unitedhealthcare","All Commercial Plans","411.25","","","","","","","fee schedule","244.95","773.52",""
"Mra w/o cont, lwr ext","C8913","HCPCS","","","","","","","facility","outpatient","","","","","","Bcbs","Highmark Wholecare Medicare Managed Care Plan","283.62","","","","","","","fee schedule","244.95","773.52","APC"
"Mra w/o fol w/cont, lwr ext","C8914","HCPCS","","","","","","","facility","outpatient","","","","","","Unitedhealthcare","All Commercial Plans","658.16","","","","","","","fee schedule","358.15","1131.01",""
"Mri Orbit/Face/Neck W/Dye","70542","HCPCS","","","","","","","facility","outpatient","","","","","","Amerihealth","Medicare Managed Care Plan","407.16","","","","","","","fee schedule","358.15","1131.01","APC"
"Mri Orbit/Face/Neck W/Dye","70542","HCPCS","","","","","","","facility","outpatient","","","","","","Bcbs","Highmark Health Options Medicare Managed Care Plan","386.43","","","","","","","fee schedule","358.15","1131.01","APC"
"Mri Upper Extremity W/O Dye","73218","HCPCS","","","","","","","facility","outpatient","","","","","","Amerihealth","Caritas Next Other Commercial Plan","412.54","","","","","","","fee schedule","244.95","773.52","Radiology"
"Mri Upper Extremity W/O Dye","73218","HCPCS","","","","","","","facility","outpatient","","","","","","Jefferson Health Plan","Health Partners Medicaid Managed Care/Aca Plan","773.52","","","","","","","fee schedule","244.95","773.52","APC"
"Mri abdomen w/o & w/dye","74183","HCPCS","","","","","","","facility","outpatient","","","","","","Unitedhealthcare","All Commercial Plans","658.16","","","","","","","fee schedule","358.15","1131.01",""
"Mri brain stem w/dye","70552","HCPCS","","","","","","","facility","outpatient","","","","","","Cigna","All Commercial Plans","659.16","","","","","","","fee schedule","358.15","1131.01",""
"Mri brain stem w/o & w/dye","70553","HCPCS","","","","","","","facility","outpatient","","","","","","Healthspring","Medicare Managed Care Plan","377","","","","","","","fee schedule","358.15","1131.01","APC"
"Mri brain stem w/o & w/dye","70553","HCPCS","","","","","","","facility","outpatient","","","","","","Jefferson Health Plan","Health Partners Medicaid Managed Care/Aca Plan","1131.01","","","","","","","fee schedule","358.15","1131.01","APC"
"Mri brain stem w/o dye","70551","HCPCS","","","","","","","facility","outpatient","","","","","","Bcbs","Highmark Medicare Managed Care Plan","244.95","","","","","","","fee schedule","244.95","773.52","APC"
"Mri brain w/o dye","70557","HCPCS","","","","","","","facility","outpatient","","","","","","Bcbs","Highmark Health Options Medicare Managed Care Plan","605.23","","","","","","","fee schedule","560.95","1771.42","APC"
"Mri brain w/o dye","70557","HCPCS","","","","","","","facility","outpatient","","","","","","Jefferson Health Plan","Health Partners Medicare Managed Care Plan","620","","","","","","","fee schedule","560.95","1771.42","APC"
"Mri chest spine w/o dye","72146","HCPCS","","","","","","","facility","outpatient","","","","","","Amerihealth","Caritas Next Other Commercial Plan","412.54","","","","","","","fee schedule","244.95","773.52","Radiology"
"Mri chest spine w/o dye","72146","HCPCS","","","","","","","facility","outpatient","","","","","","Amerihealth","Medicare Managed Care Plan","278.47","","","","","","","fee schedule","244.95","773.52","APC"
"Mri joint lwr extr w/o&w/dye","73723","HCPCS","","","","","","","facility","outpatient","","","","","","Bcbs","Highmark All Commercial Plans","556.27","","","","","","","fee schedule","358.15","1131.01","Radiology"
"Mri joint lwr extr w/o&w/dye","73723","HCPCS","","","","","","","facility","outpatient","","","","","","Bcbs","Highmark Wholecare Medicare Managed Care Plan","414.7","","","","","","","fee schedule","358.15","1131.01","APC"
"Mri joint upr extrem w/o dye","73221","HCPCS","","","","","","","facility","outpatient","","","","","","Amerihealth","Caritas Next Other Commercial Plan","412.54","","","","","","","fee schedule","244.95","773.52","Radiology"
"Mri lumbar spine w/dye","72149","HCPCS","","","","","","","facility","outpatient","","","","","","Amerihealth","Medicare Managed Care Plan","407.16","","","","","","","fee schedule","358.15","1131.01","APC"
"Mri lumbar spine w/dye","72149","HCPCS","","","","","","","facility","outpatient","","","","","","Bcbs","Highmark Medicare Managed Care Plan","358.15","","","","","","","fee schedule","358.15","1131.01","APC"
"Mri lumbar spine w/o dye","72148","HCPCS","","","","","","","facility","outpatient","","","","","","Aetna","All Commercial Plans","360.98","","","","","","","fee schedule","244.95","773.52","Radiology"
"Mri lwr extremity w/o&w/dye","73720","HCPCS","","","","","","","facility","outpatient","","","","","","Aetna","Medicare Managed Care Plan","388.31","","","","","","","fee schedule","358.15","1131.01","APC"
"Mri orbit/face/neck w/o dye","70540","HCPCS","","","","","","","facility","outpatient","","","","","","Bcbs","Highmark Health Options Medicare Managed Care Plan","264.29","","","","","","","fee schedule","244.95","773.52","APC"
"Mri procedure","76498","HCPCS","","","","","","","facility","outpatient","","","","","","Amerihealth","Medicare Managed Care Plan","101.57","","","","","","","fee schedule","89.34","282.13","APC"
"Mri w/cont, breast,  bi","C8906","HCPCS","","","","","","","facility","outpatient","","","","","","Aetna","All Commercial Plans","527.8","","","","","","","fee schedule","358.15","1131.01","Radiology"
"Mri w/cont, breast,  bi","C8906","HCPCS","","","","","","","facility","outpatient","","","","","","Aetna","Medicare Managed Care Plan","388.31","","","","","","","fee schedule","358.15","1131.01","APC"
"Mrs disc pain alg alys data","0611T","HCPCS","","","","","","","facility","outpatient","","","","","","Bcbs","Highmark Health Options Medicare Managed Care Plan","264.29","","","","","","","fee schedule","244.95","773.52","APC"
"Msh6 gene dup/delete variant","81300","HCPCS","","","","","","","facility","outpatient","","","","","","Amerihealth","Caritas Next Other Commercial Plan","238","","","","","","","fee schedule","154.7","714","Laboratory"
"Mthfr gene","81291","HCPCS","","","","","","","facility","outpatient","","","","","","Unitedhealthcare","All Commercial Plans","65.34","","","","","","","fee schedule","42.47","196.02",""
"Mucopolysaccharides","83864","HCPCS","","","","","","","facility","outpatient","","","","","","Ambetter","All Commercial Plans","42.75","","","","","","","fee schedule","18.53","85.5","Radiology"
"Mucopolysaccharides","83864","HCPCS","","","","","","","facility","outpatient","","","","","","Jefferson Health Plan","Health Partners Medicaid Managed Care/Aca Plan","85.5","","","","","","","fee schedule","18.53","85.5","APC"
"Mucormycosis antibody","86732","HCPCS","","","","","","","facility","outpatient","","","","","","Ambetter","All Commercial Plans","19.5","","","","","","","fee schedule","9.75","45","Laboratory"
"Multifocal erg w/i&r","92274","HCPCS","","","","","","","facility","outpatient","","","","","","Amerihealth","Caritas Next Other Commercial Plan","222.48","","","","","","","fee schedule","132.1","417.14","Radiology"
"Multiple Level Combined Anterior And Posterior Spinal Fusion Except Cervical With Cc","427","MS-DRG","","","","","","","facility","inpatient","","","","","","Ambetter","All Commercial Plans","","91","","","","","0","percent of total billed charges","","","No services performed during 15-month lookback period."
"Multiple Level Combined Anterior And Posterior Spinal Fusion Except Cervical Without Cc/Mcc","428","MS-DRG","","","","","","","facility","inpatient","","","","","","Aetna - Nj","Better Health Medicaid Managed Care Plan","","","[Inpatient Services: Payer leverages state specific Medicaid payment methodology. Available, referenceable algorithm logic found here: https://www.nj.gov/health/hcf/]","","","","0","other","","","No services performed during 15-month lookback period."
"Multiple Level Combined Anterior And Posterior Spinal Fusion Except Cervical Without Cc/Mcc","428","MS-DRG","","","","","","","facility","inpatient","","","","","","Ambetter","All Commercial Plans","","91","","","","","0","percent of total billed charges","","","No services performed during 15-month lookback period."
"Multiple Level Combined Anterior And Posterior Spinal Fusion Except Cervical Without Cc/Mcc","428","MS-DRG","","","","","","","facility","inpatient","","","","","","Unitedhealthcare","All Commercial Plans","","91","","","","","0","percent of total billed charges","","","No services performed during 15-month lookback period."
"Multiple Level Spinal Fusion Except Cervical With Mcc Or Custom-Made Anatomically Designed Interbody","447","MS-DRG","","","","","","","facility","inpatient","","","","","","Aetna","Medicare Managed Care Plan","61604.16","","","","","","","fee schedule","56819.37","160011.62","MSDRG Base Rate"
"Multiple Level Spinal Fusion Except Cervical With Mcc Or Custom-Made Anatomically Designed Interbody","447","MS-DRG","","","","","","","facility","inpatient","","","","","","Cigna","All Commercial Plans","","","[SNF-(% BC): 60] [All Other IP (%BC): 88.46]","","","","0","other","","","No services performed during 15-month lookback period."
"Multiple Level Spinal Fusion Except Cervical Without Mcc","448","MS-DRG","","","","","","","facility","inpatient","","","","","","Amerihealth","Medicare Managed Care Plan","41181.49","","","","","","","fee schedule","36224.46","101559.1","MSDRG Base Rate"
"Multiple Sclerosis And Cerebellar Ataxia With Cc","059","MS-DRG","","","","","","","facility","inpatient","","","","","","Ambetter","All Commercial Plans","","91","","","","","0","percent of total billed charges","","","No services performed during 15-month lookback period."
"Multiple Sclerosis And Cerebellar Ataxia With Mcc","058","MS-DRG","","","","","","","facility","inpatient","","","","","","Healthspring","Medicare Managed Care Plan","15648.35","","","","","","","fee schedule","14865.93","40173.25","MSDRG Base Rate"
"Multiple Sclerosis And Cerebellar Ataxia With Mcc","058","MS-DRG","","","","","","","facility","inpatient","","","","","","Ibc","All Commercial Plans","","","[Psych-Per Diem: 1800] [All Other IP (%BC): 89.50]","","","","0","other","","","No services performed during 15-month lookback period."
"Multiple Sclerosis And Cerebellar Ataxia Without Cc/Mcc","060","MS-DRG","","","","","","","facility","inpatient","","","","","","Bcbs","Highmark Wholecare Medicare Managed Care Plan","9497.79","","","","","","","fee schedule","8202.63","21615.3","MSDRG Base Rate"
"Mumps antibody","86735","HCPCS","","","","","","","facility","outpatient","","","","","","Ambetter","All Commercial Plans","19.58","","","","","","","fee schedule","8.48","39.15","Radiology"
"Mumps antibody","86735","HCPCS","","","","","","","facility","outpatient","","","","","","Amerihealth","Caritas Next Other Commercial Plan","20.88","","","","","","","fee schedule","8.48","39.15","Radiology"
"Musc myoq/fscq flp h&n pedcl","15733","HCPCS","","","","","","","facility","outpatient","","","","","","Amerihealth","Caritas Next Other Commercial Plan","6127.13","","","","","","","fee schedule","3637.98","11488.36","Radiology"
"Muscle test 3 limbs","95863","HCPCS","","","","","","","facility","outpatient","","","","","","Amerihealth","Medicare Managed Care Plan","150.17","","","","","","","fee schedule","132.1","417.14","APC"
"Muscle test 4 limbs","95864","HCPCS","","","","","","","facility","outpatient","","","","","","Amerihealth","Medicare Managed Care Plan","150.17","","","","","","","fee schedule","132.1","417.14","APC"
"Muscle test one fiber","95872","HCPCS","","","","","","","facility","outpatient","","","","","","Aetna","All Commercial Plans","326.67","","","","","","","fee schedule","221.67","700","Radiology"
"Muscle transfer shoulder/arm","23395","HCPCS","","","","","","","facility","outpatient","","","","","","Amerihealth","Medicare Managed Care Plan","8468.58","","","","","","","fee schedule","7449.22","23523.84","APC"
"Muscle transfers","23397","HCPCS","","","","","","","facility","outpatient","","","","","","Aetna","Medicare Managed Care Plan","8076.52","","","","","","","fee schedule","7449.22","23523.84","APC"
"Muscle-specific kinase antb","86366","HCPCS","","","","","","","facility","outpatient","","","","","","Ambetter","All Commercial Plans","27.6","","","","","","","fee schedule","17.48","55.2","Radiology"
"Muscle-specific kinase antb","86366","HCPCS","","","","","","","facility","outpatient","","","","","","Jefferson Health Plan","Health Partners Medicaid Managed Care/Aca Plan","55.2","","","","","","","fee schedule","17.48","55.2","APC"
"Muscle-specific kinase antb","86366","HCPCS","","","","","","","facility","outpatient","","","","","","Jefferson Health Plan","Health Partners Medicare Managed Care Plan","19.32","","","","","","","fee schedule","17.48","55.2","APC"
"Mycobacteria culture","87116","HCPCS","","","","","","","facility","outpatient","","","","","","Amerihealth","Caritas Next Other Commercial Plan","10.8","","","","","","","fee schedule","7.02","32.4","Laboratory"
"Mycobacteric identification","87118","HCPCS","","","","","","","facility","outpatient","","","","","","Aetna","Medicare Managed Care Plan","15.05","","","","","","","fee schedule","9.5","43.83","APC"
"Mycobacteric identification","87118","HCPCS","","","","","","","facility","outpatient","","","","","","Amerihealth","Caritas Next Other Commercial Plan","23.38","","","","","","","fee schedule","9.5","43.83","Radiology"
"Mycobacteric identification","87118","HCPCS","","","","","","","facility","outpatient","","","","","","Bcbs","Highmark All Commercial Plans","21.56","","","","","","","fee schedule","9.5","43.83","Radiology"
"Mycoplasma antibody","86738","HCPCS","","","","","","","facility","outpatient","","","","","","Aetna","All Commercial Plans","18.54","","","","","","","fee schedule","8.61","39.72","Radiology"
"Mycoplasma","87109","HCPCS","","","","","","","facility","outpatient","","","","","","Jefferson Health Plan","Health Partners Medicaid Managed Care/Aca Plan","46.17","","","","","","","fee schedule","10","46.17","APC"
"Myeloproliferative Disorders Or Poorly Differentiated Neoplasms With Major O.R. Procedures Without C","828","MS-DRG","","","","","","","facility","inpatient","","","","","","Aetna - Md","Better Health Medicaid Managed Care Plan","","","[Inpatient Services: Payer leverages state specific Medicaid payment methodology. Available, referenceable algorithm logic found here: https://health.maryland.gov/mmcp/provider/Pages/default.aspx]","","","","0","other","","","No services performed during 15-month lookback period."
"Myeloproliferative Disorders Or Poorly Differentiated Neoplasms With Major O.R. Procedures Without C","828","MS-DRG","","","","","","","facility","inpatient","","","","","","Aetna","Medicare Managed Care Plan","","","[MSDRG Base Rate: FEE SCHEDULE] [Psych-Per Diem: 1065] [Rehab-Per Diem: 1598] [SNF-Per Diem: 365]","","","","0","other","","","No services performed during 15-month lookback period."
"Myeloproliferative Disorders Or Poorly Differentiated Neoplasms With Major O.R. Procedures Without C","828","MS-DRG","","","","","","","facility","inpatient","","","","","","Amerihealth","Medicare Managed Care Plan","","","[MSDRG Base Rate: FEE SCHEDULE]","","","","0","other","","","No services performed during 15-month lookback period."
"Myeloproliferative Disorders Or Poorly Differentiated Neoplasms With Major O.R. Procedures Without C","828","MS-DRG","","","","","","","facility","inpatient","","","","","","Bcbs","Highmark Health Options Medicaid Managed Care Plan","","","[Inpatient Services: Payer leverages state specific Medicaid payment methodology. Available, referenceable algorithm logic found here: https://medicaidpublications.dhss.delaware.gov/docs/search]","","","","0","other","","","No services performed during 15-month lookback period."
"Myeloproliferative Disorders Or Poorly Differentiated Neoplasms With Other Procedures With Cc/Mcc","829","MS-DRG","","","","","","","facility","inpatient","","","","","","Amerihealth","Caritas Next Other Commercial Plan","","94","","","","","0","percent of total billed charges","","","No services performed during 15-month lookback period."
"Myeloproliferative Disorders Or Poorly Differentiated Neoplasms With Other Procedures With Cc/Mcc","829","MS-DRG","","","","","","","facility","inpatient","","","","","","Bcbs","Highmark Health Options Medicare Managed Care Plan","29244.79","","","","","","","fee schedule","27104.92","74260","MSDRG Base Rate"
"Myeloproliferative Disorders Or Poorly Differentiated Neoplasms With Other Procedures With Cc/Mcc","829","MS-DRG","","","","","","","facility","inpatient","","","","","","Bcbs","Highmark Wholecare Medicare Managed Care Plan","31384.65","","","","","","","fee schedule","27104.92","74260","MSDRG Base Rate"
"Myocardial imaging mcg","0541T","HCPCS","","","","","","","facility","outpatient","","","","","","Amerihealth","Caritas Next Other Commercial Plan","645.19","","","","","","","fee schedule","383.08","1209.74","Radiology"
"Myocrd img pet 1 std w/ct","78429","HCPCS","","","","","","","facility","outpatient","","","","","","Aetna","All Commercial Plans","2163.34","","","","","","","fee schedule","1467.98","4635.73","Radiology"
"Myomectomy vag method","58145","HCPCS","","","","","","","facility","outpatient","","","","","","Aetna","All Commercial Plans","4897.39","","","","","","","fee schedule","3323.23","10494.4","Radiology"
"Myomectomy vag method","58145","HCPCS","","","","","","","facility","outpatient","","","","","","Bcbs","Highmark Health Options Medicare Managed Care Plan","3585.59","","","","","","","fee schedule","3323.23","10494.4","APC"
"Myomectomy vag method","58145","HCPCS","","","","","","","facility","outpatient","","","","","","Jefferson Health Plan","Health Partners Medicare Managed Care Plan","3673.04","","","","","","","fee schedule","3323.23","10494.4","APC"
"N block cont infuse b plex","64416","HCPCS","","","","","","","facility","outpatient","","","","","","Jefferson Health Plan","Health Partners Medicare Managed Care Plan","1003.58","","","","","","","fee schedule","908","2867.36","APC"
"N block inj axillary","64417","HCPCS","","","","","","","facility","outpatient","","","","","","Amerihealth","Caritas Next Other Commercial Plan","1529.26","","","","","","","fee schedule","908","2867.36","Radiology"
"N block inj common digit","64632","HCPCS","","","","","","","facility","outpatient","","","","","","Bcbs","Highmark Wholecare Medicare Managed Care Plan","364.87","","","","","","","fee schedule","315.12","995.1","APC"
"N block inj fem single","64447","HCPCS","","","","","","","facility","outpatient","","","","","","Healthspring","Medicare Managed Care Plan","762.8","","","","","","","fee schedule","724.66","2288.39","APC"
"N block inj pudendal","64430","HCPCS","","","","","","","facility","outpatient","","","","","","Bcbs","Highmark Medicare Managed Care Plan","908","","","","","","","fee schedule","908","2867.36","APC"
"N block inj trigeminal","64400","HCPCS","","","","","","","facility","outpatient","","","","","","Amerihealth","Medicare Managed Care Plan","358.24","","","","","","","fee schedule","315.12","995.1","APC"
"N-TELOPEPTIDE,SERUM","ChemMe7414","CDM","301","RC","82523","HCPCS","","","facility","both","","","","355.03","355.03","","","","","","","","","","","","","Gross Charge Type: Main Acute Price List"
"N-invas augmnt arrhyt alys","0897T","HCPCS","","","","","","","facility","outpatient","","","","","","Aetna","All Commercial Plans","1299.17","","","","","","","fee schedule","881.58","2783.94","Radiology"
"N-invas augmnt arrhyt alys","0897T","HCPCS","","","","","","","facility","outpatient","","","","","","Ambetter","All Commercial Plans","1391.97","","","","","","","fee schedule","881.58","2783.94","Radiology"
"N-invas est c ffr sw aly cta","75580","HCPCS","","","","","","","facility","outpatient","","","","","","Aetna","All Commercial Plans","1299.17","","","","","","","fee schedule","881.58","2783.94","Radiology"
"N-invas est c ffr sw aly cta","75580","HCPCS","","","","","","","facility","outpatient","","","","","","Unitedhealthcare","All Commercial Plans","1743.32","","","","","","","fee schedule","881.58","2783.94",""
"N. gonorrhoeae assay w/optic","87850","HCPCS","","","","","","","facility","outpatient","","","","","","Aetna","Medicare Managed Care Plan","25.3","","","","","","","fee schedule","15.96","73.68","APC"
"N.gonorrhoeae dna amp prob","87591","HCPCS","","","","","","","facility","outpatient","","","","","","Bcbs","Highmark All Commercial Plans","51.78","","","","","","","fee schedule","22.81","105.27","Radiology"
"NAIL FLEX THREAD FIBULA 4.5X130MM","PacuChSup118982","CDM","278","RC","C1713","HCPCS","","","facility","both","","","","15399.35","15399.35","","","","","","","","","","","","","Gross Charge Type: Main Acute Price List"
"NAIL FLEX THREAD FIBULA 4.5X130MM","ScorChSup118982","CDM","278","RC","C1713","HCPCS","","","facility","both","","","","15399.35","15399.35","","","","","","","","","","","","","Gross Charge Type: Main Acute Price List"
"NAIL,  GAMMA4 LONG 10X360MM","ScorChSup115810","CDM","278","RC","C1713","HCPCS","","","facility","both","","","","13446.71","13446.71","","","","","","","","","","","","","Gross Charge Type: Main Acute Price List"
"NAIL, 12MM TI CANN FRN PF 420MM RIGHT STERILE","ScanWmSup114007","CDM","278","RC","C1713","HCPCS","","","facility","both","","","","11154.02","11154.02","","","","","","","","","","","","","Gross Charge Type: Main Acute Price List"
"NAIL, ADVANCED TIBIAL 10X285MM","AnesWmSup112204","CDM","278","RC","C1713","HCPCS","","","facility","both","","","","10782.26","10782.26","","","","","","","","","","","","","Gross Charge Type: Main Acute Price List"
"NAIL, ADVANCED TIBIAL 10X285MM","ScpuChSup112204","CDM","278","RC","C1713","HCPCS","","","facility","both","","","","10782.26","10782.26","","","","","","","","","","","","","Gross Charge Type: Main Acute Price List"
"NAIL, ADVANCED TIBIAL 11X285MM STRL","AnesWmSup114750","CDM","278","RC","C1713","HCPCS","","","facility","both","","","","10134.14","10134.14","","","","","","","","","","","","","Gross Charge Type: Main Acute Price List"
"NAIL, ADVANCED TIBIAL 11X285MM STRL","GyscChSup114750","CDM","278","RC","C1713","HCPCS","","","facility","both","","","","10134.14","10134.14","","","","","","","","","","","","","Gross Charge Type: Main Acute Price List"
"NAIL, ADVANCED TIBIAL 11X285MM STRL","OperWmSup114750","CDM","278","RC","C1713","HCPCS","","","facility","both","","","","10134.14","10134.14","","","","","","","","","","","","","Gross Charge Type: Main Acute Price List"
"NAIL, ADVANCED TIBIAL 11X285MM STRL","ScorChSup114750","CDM","278","RC","C1713","HCPCS","","","facility","both","","","","10134.14","10134.14","","","","","","","","","","","","","Gross Charge Type: Main Acute Price List"
"NAIL, ADVANCED TIBIAL 11X360MM","GyscChSup112027","CDM","278","RC","C1713","HCPCS","","","facility","both","","","","10782.26","10782.26","","","","","","","","","","","","","Gross Charge Type: Main Acute Price List"
"NAIL, ADVANCED TIBIAL 11X360MM","ScanWmSup112027","CDM","278","RC","C1713","HCPCS","","","facility","both","","","","10782.26","10782.26","","","","","","","","","","","","","Gross Charge Type: Main Acute Price List"
"NAIL, ADVANCED TIBIAL 11X360MM","ScpuChSup112027","CDM","278","RC","C1713","HCPCS","","","facility","both","","","","10782.26","10782.26","","","","","","","","","","","","","Gross Charge Type: Main Acute Price List"
"NAIL, ADVANCED TIBIAL 11X390MM","OperWmSup110111","CDM","278","RC","C1713","HCPCS","","","facility","both","","","","10782.26","10782.26","","","","","","","","","","","","","Gross Charge Type: Main Acute Price List"
"NAIL, ADVANCED TIBIAL 12X360MM STRL","PacuChSup110568","CDM","278","RC","C1713","HCPCS","","","facility","both","","","","10782.26","10782.26","","","","","","","","","","","","","Gross Charge Type: Main Acute Price List"
"NAIL, ADVANCED TIBIAL 12X360MM STRL","ScpuWmSup110568","CDM","278","RC","C1713","HCPCS","","","facility","both","","","","10782.26","10782.26","","","","","","","","","","","","","Gross Charge Type: Main Acute Price List"
"NAIL, ADVANCED TIBIAL 8X315MM","GastChSup119976","CDM","278","RC","C1713","HCPCS","","","facility","both","","","","11889.78","11889.78","","","","","","","","","","","","","Gross Charge Type: Main Acute Price List"
"NAIL, ADVANCED TIBIAL 8X330MM","AnesWmSup113858","CDM","278","RC","C1713","HCPCS","","","facility","both","","","","9734.01","9734.01","","","","","","","","","","","","","Gross Charge Type: Main Acute Price List"
"NAIL, ADVANCED TIBIAL 8X330MM","ScanChSup113858","CDM","278","RC","C1713","HCPCS","","","facility","both","","","","9734.01","9734.01","","","","","","","","","","","","","Gross Charge Type: Main Acute Price List"
"NAIL, ADVANCED TIBIAL 8X330MM","ScanWmSup113858","CDM","278","RC","C1713","HCPCS","","","facility","both","","","","9734.01","9734.01","","","","","","","","","","","","","Gross Charge Type: Main Acute Price List"
"NAIL, ADVANCED TIBIAL 9X255MM","AnesWmSup115376","CDM","278","RC","C1713","HCPCS","","","facility","both","","","","10018.44","10018.44","","","","","","","","","","","","","Gross Charge Type: Main Acute Price List"
"NAIL, ADVANCED TIBIAL 9X285MM","AngiChSup113182","CDM","278","RC","C1713","HCPCS","","","facility","both","","","","10782.26","10782.26","","","","","","","","","","","","","Gross Charge Type: Main Acute Price List"
"NAIL, ADVANCED TIBIAL 9X300MM STRL","OperChSup114239","CDM","278","RC","C1713","HCPCS","","","facility","both","","","","10134.14","10134.14","","","","","","","","","","","","","Gross Charge Type: Main Acute Price List"
"NAIL, ADVANCED TIBIAL 9X315MM","GastWmSup110258","CDM","278","RC","C1713","HCPCS","","","facility","both","","","","10782.26","10782.26","","","","","","","","","","","","","Gross Charge Type: Main Acute Price List"
"NAIL, ADVANCED TIBIAL 9X330MM","ScanWmSup110331","CDM","278","RC","C1713","HCPCS","","","facility","both","","","","10782.26","10782.26","","","","","","","","","","","","","Gross Charge Type: Main Acute Price List"
"NAIL, ADVANCED TIBIAL 9X360MM","ScpuChSup110185","CDM","278","RC","C1713","HCPCS","","","facility","both","","","","10138.47","10138.47","","","","","","","","","","","","","Gross Charge Type: Main Acute Price List"
"NAIL, ADVANCED TIBIAL 9X375MM","PacuChSup110616","CDM","278","RC","C1713","HCPCS","","","facility","both","","","","10782.26","10782.26","","","","","","","","","","","","","Gross Charge Type: Main Acute Price List"
"NAIL, ANKLE ANTHRODESIS T2 LEFT 10X300MM","ScpuChSup61433","CDM","278","RC","C1713","HCPCS","","","facility","both","","","","12472.36","12472.36","","","","","","","","","","","","","Gross Charge Type: Main Acute Price List"
"NAIL, ANKLE ARTHRODESIS 10X150MM 71148","ScpuChSup71148","CDM","278","RC","C1713","HCPCS","","","facility","both","","","","12472.36","12472.36","","","","","","","","","","","","","Gross Charge Type: Main Acute Price List"
"NAIL, ANKLE ARTHRODESIS 10X200MM","OperWmSup66809","CDM","278","RC","C1713","HCPCS","","","facility","both","","","","12472.36","12472.36","","","","","","","","","","","","","Gross Charge Type: Main Acute Price List"
"NAIL, ANKLE ARTHRODESIS LEFT 10X200MM","PacuWmSup61221","CDM","278","RC","C1713","HCPCS","","","facility","both","","","","11727.65","11727.65","","","","","","","","","","","","","Gross Charge Type: Main Acute Price List"
"NAIL, ANKLE ARTHRODESIS LEFT 10X200MM","ScpuWmSup61221","CDM","278","RC","C1713","HCPCS","","","facility","both","","","","11727.65","11727.65","","","","","","","","","","","","","Gross Charge Type: Main Acute Price List"
"NAIL, ANKLE ARTHRODESIS LEFT 11X300MM","ScorWmSup120801","CDM","278","RC","C1713","HCPCS","","","facility","both","","","","11727.65","11727.65","","","","","","","","","","","","","Gross Charge Type: Main Acute Price List"
"NAIL, ANKLE ARTHRODESIS T2 RIGHT 11X300MM","CspuChSup113184","CDM","278","RC","C1713","HCPCS","","","facility","both","","","","12472.36","12472.36","","","","","","","","","","","","","Gross Charge Type: Main Acute Price List"
"NAIL, ANKLE ARTHRODESIS T2 RIGHT 11X300MM","GyscChSup113184","CDM","278","RC","C1713","HCPCS","","","facility","both","","","","12472.36","12472.36","","","","","","","","","","","","","Gross Charge Type: Main Acute Price List"
"NAIL, ANKLE LOCKING 12X240MM","DelrChSup115383","CDM","278","RC","C1713","HCPCS","","","facility","both","","","","16413.06","16413.06","","","","","","","","","","","","","Gross Charge Type: Main Acute Price List"
"NAIL, ANKLE LOCKING 12X240MM","GastChSup115383","CDM","278","RC","C1713","HCPCS","","","facility","both","","","","16413.06","16413.06","","","","","","","","","","","","","Gross Charge Type: Main Acute Price List"
"NAIL, ANKLE LOCKING 12X300MM","GastWmSup66398","CDM","278","RC","C1713","HCPCS","","","facility","both","","","","17462.73","17462.73","","","","","","","","","","","","","Gross Charge Type: Main Acute Price List"
"NAIL, ARTEMIS FEMORAL PROXIMAL 11X180MM","OperWmSup119599","CDM","278","RC","C1713","HCPCS","","","facility","both","","","","6950.34","6950.34","","","","","","","","","","","","","Gross Charge Type: Main Acute Price List"
"NAIL, ARTEMIS FEMORAL PROXIMAL 11X180MM","PacuWmSup119599","CDM","278","RC","C1713","HCPCS","","","facility","both","","","","6950.34","6950.34","","","","","","","","","","","","","Gross Charge Type: Main Acute Price List"
"NAIL, ARTERNIS PROCEDURE KIT LONG","ScorWmSup119533","CDM","278","RC","C1713","HCPCS","","","facility","both","","","","1447.99","1447.99","","","","","","","","","","","","","Gross Charge Type: Main Acute Price List"
"NAIL, ARTHRODESIS ANKLE 10MMX21CM","CcthChSup61559","CDM","278","RC","C1713","HCPCS","","","facility","both","","","","10081.7","10081.7","","","","","","","","","","","","","Gross Charge Type: Main Acute Price List"
"NAIL, ARTHRODESIS ANKLE 10MMX21CM","GastChSup61559","CDM","278","RC","C1713","HCPCS","","","facility","both","","","","10081.7","10081.7","","","","","","","","","","","","","Gross Charge Type: Main Acute Price List"
"NAIL, ARTHRODESIS ANKLE 10MMX21CM","ScpuChSup61559","CDM","278","RC","C1713","HCPCS","","","facility","both","","","","10081.7","10081.7","","","","","","","","","","","","","Gross Charge Type: Main Acute Price List"
"NAIL, CANNULATED TFNA TI 130-DEG 10X235MM","ScorChSup113618","CDM","278","RC","C1713","HCPCS","","","facility","both","","","","9606.06","9606.06","","","","","","","","","","","","","Gross Charge Type: Main Acute Price List"
"NAIL, CANNULATED TFNA TI 130-DEG 10X440MM LT STRL","ScorChSup112220","CDM","278","RC","C1713","HCPCS","","","facility","both","","","","12867.44","12867.44","","","","","","","","","","","","","Gross Charge Type: Main Acute Price List"
"NAIL, CANNULATED TFNA TI 130-DEG 10X440MM RT STRL","EplbChSup112113","CDM","278","RC","C1713","HCPCS","","","facility","both","","","","12867.44","12867.44","","","","","","","","","","","","","Gross Charge Type: Main Acute Price List"
"NAIL, CANNULATED TFNA TI 130-DEG 10X440MM RT STRL","OperChSup112113","CDM","278","RC","C1713","HCPCS","","","facility","both","","","","12867.44","12867.44","","","","","","","","","","","","","Gross Charge Type: Main Acute Price List"
"NAIL, CANNULATED TFNA TI 130-DEG 10X440MM RT STRL","PacuWmSup112113","CDM","278","RC","C1713","HCPCS","","","facility","both","","","","12867.44","12867.44","","","","","","","","","","","","","Gross Charge Type: Main Acute Price List"
"NAIL, CANNULATED TFNA TI 130-DEG 11X235MM STRL","OperChSup78297","CDM","278","RC","C1713","HCPCS","","","facility","both","","","","7720.83","7720.83","","","","","","","","","","","","","Gross Charge Type: Main Acute Price List"
"NAIL, CANNULATED TFNA TI 130-DEG 11X235MM STRL","ScpuChSup78297","CDM","278","RC","C1713","HCPCS","","","facility","both","","","","7720.83","7720.83","","","","","","","","","","","","","Gross Charge Type: Main Acute Price List"
"NAIL, CANNULATED TFNA TI 130-DEG 12X460MM STRL","GyscChSup117961","CDM","278","RC","C1713","HCPCS","","","facility","both","","","","12099.15","12099.15","","","","","","","","","","","","","Gross Charge Type: Main Acute Price List"
"NAIL, CANNULATED TFNA TI 130-DEG 14x440MM","AngiChSup110597","CDM","278","RC","C1713","HCPCS","","","facility","both","","","","12867.44","12867.44","","","","","","","","","","","","","Gross Charge Type: Main Acute Price List"
"NAIL, CANNULATED TI TFNA 11X170MM STRL","AnesWmSup67715","CDM","278","RC","C1713","HCPCS","","","facility","both","","","","8887.21","8887.21","","","","","","","","","","","","","Gross Charge Type: Main Acute Price List"
"NAIL, CANNULATED TI TFNA 11X380MM, RIGHT","AngiWmSup68413","CDM","278","RC","C1713","HCPCS","","","facility","both","","","","12867.44","12867.44","","","","","","","","","","","","","Gross Charge Type: Main Acute Price List"
"NAIL, CANNULATED TI TFNA 11X400MM, LEFT","OperChSup66610","CDM","278","RC","C1713","HCPCS","","","facility","both","","","","12867.44","12867.44","","","","","","","","","","","","","Gross Charge Type: Main Acute Price List"
"NAIL, CANNULATED TI TFNA 11X400MM, LEFT","ScorWmSup66610","CDM","278","RC","C1713","HCPCS","","","facility","both","","","","12867.44","12867.44","","","","","","","","","","","","","Gross Charge Type: Main Acute Price List"
"NAIL, CANNULATED TI TFNA 11X440MM, RIGHT","GyscChSup68048","CDM","278","RC","C1713","HCPCS","","","facility","both","","","","12867.44","12867.44","","","","","","","","","","","","","Gross Charge Type: Main Acute Price List"
"NAIL, CANNULATED TI TFNA 12X380MM","DelrChSup68641","CDM","278","RC","C1713","HCPCS","","","facility","both","","","","12867.44","12867.44","","","","","","","","","","","","","Gross Charge Type: Main Acute Price List"
"NAIL, CANNULATED TI TFNA 12X440MM","ScorChSup66475","CDM","278","RC","C1713","HCPCS","","","facility","both","","","","12867.44","12867.44","","","","","","","","","","","","","Gross Charge Type: Main Acute Price List"
"NAIL, CANNULATED TI TFNA 12X440MM","ScorWmSup66475","CDM","278","RC","C1713","HCPCS","","","facility","both","","","","12867.44","12867.44","","","","","","","","","","","","","Gross Charge Type: Main Acute Price List"
"NAIL, CANNULATED TI TFNA 12X440MM","ScpuChSup66475","CDM","278","RC","C1713","HCPCS","","","facility","both","","","","12867.44","12867.44","","","","","","","","","","","","","Gross Charge Type: Main Acute Price List"
"NAIL, CARBOFIX TIBIAL 10X320MM","OperWmSup108635","CDM","278","RC","C1713","HCPCS","","","facility","both","","","","13034.79","13034.79","","","","","","","","","","","","","Gross Charge Type: Main Acute Price List"
"NAIL, ELASTIC 2.5MM","OperWmSup21540","CDM","278","RC","C1713","HCPCS","","","facility","both","","","","1746.65","1746.65","","","","","","","","","","","","","Gross Charge Type: Main Acute Price List"
"NAIL, ELASTIC 3.0X440MM","GyscChSup71653","CDM","278","RC","C1713","HCPCS","","","facility","both","","","","1844.03","1844.03","","","","","","","","","","","","","Gross Charge Type: Main Acute Price List"
"NAIL, ELASTIC 3.0X440MM","PacuChSup71653","CDM","278","RC","C1713","HCPCS","","","facility","both","","","","1844.03","1844.03","","","","","","","","","","","","","Gross Charge Type: Main Acute Price List"
"NAIL, ELASTIC 3.5X440MM","CspuChSup107184","CDM","278","RC","C1713","HCPCS","","","facility","both","","","","1837.32","1837.32","","","","","","","","","","","","","Gross Charge Type: Main Acute Price List"
"NAIL, ELASTIC 4MM","ScpuChSup26943","CDM","278","RC","C1713","HCPCS","","","facility","both","","","","1970.24","1970.24","","","","","","","","","","","","","Gross Charge Type: Main Acute Price List"
"NAIL, ELASTIC TI 2.0X440MM","OperWmSup70606","CDM","278","RC","C1713","HCPCS","","","facility","both","","","","1624.14","1624.14","","","","","","","","","","","","","Gross Charge Type: Main Acute Price List"
"NAIL, FEMORAL GT LT 10X380MM","GastWmSup115416","CDM","278","RC","C1713","HCPCS","","","facility","both","","","","10958.15","10958.15","","","","","","","","","","","","","Gross Charge Type: Main Acute Price List"
"NAIL, FEMORAL GT LT 10X420MM","OperWmSup120134","CDM","278","RC","C1713","HCPCS","","","facility","both","","","","12399.31","12399.31","","","","","","","","","","","","","Gross Charge Type: Main Acute Price List"
"NAIL, FEMORAL GT LT 11X340MM","AngiWmSup107185","CDM","278","RC","C1713","HCPCS","","","facility","both","","","","12399.31","12399.31","","","","","","","","","","","","","Gross Charge Type: Main Acute Price List"
"NAIL, FEMORAL GT LT 11X36MM","CcthChSup107814","CDM","278","RC","C1713","HCPCS","","","facility","both","","","","12399.31","12399.31","","","","","","","","","","","","","Gross Charge Type: Main Acute Price List"
"NAIL, FEMORAL GT RT 10X400MM","AnesChSup118308","CDM","278","RC","C1713","HCPCS","","","facility","both","","","","12399.31","12399.31","","","","","","","","","","","","","Gross Charge Type: Main Acute Price List"
"NAIL, FEMORAL GT RT 11X400MM","AnesWmSup111967","CDM","278","RC","C1713","HCPCS","","","facility","both","","","","12399.31","12399.31","","","","","","","","","","","","","Gross Charge Type: Main Acute Price List"
"NAIL, FEMORAL GT RT 11X400MM","OperChSup111967","CDM","278","RC","C1713","HCPCS","","","facility","both","","","","12399.31","12399.31","","","","","","","","","","","","","Gross Charge Type: Main Acute Price List"
"NAIL, FEMORAL GT RT 11X400MM","ScanWmSup111967","CDM","278","RC","C1713","HCPCS","","","facility","both","","","","12399.31","12399.31","","","","","","","","","","","","","Gross Charge Type: Main Acute Price List"
"NAIL, FEMORAL GT RT 11X420MM","CcthChSup115698","CDM","278","RC","C1713","HCPCS","","","facility","both","","","","10958.15","10958.15","","","","","","","","","","","","","Gross Charge Type: Main Acute Price List"
"NAIL, FEMORAL GT RT 11X440MM","AngiChSup115218","CDM","278","RC","C1713","HCPCS","","","facility","both","","","","11653.99","11653.99","","","","","","","","","","","","","Gross Charge Type: Main Acute Price List"
"NAIL, FEMORAL GT RT 12X380MM","ScorChSup119960","CDM","278","RC","C1713","HCPCS","","","facility","both","","","","12399.31","12399.31","","","","","","","","","","","","","Gross Charge Type: Main Acute Price List"
"NAIL, FEMORAL GTN  LEFT 8X420MM","ScpuWmSup50591","CDM","278","RC","C1713","HCPCS","","","facility","both","","","","10008.33","10008.33","","","","","","","","","","","","","Gross Charge Type: Main Acute Price List"
"NAIL, FEMORAL PF LT 11X360MM","GyscChSup110516","CDM","278","RC","C1713","HCPCS","","","facility","both","","","","11658.96","11658.96","","","","","","","","","","","","","Gross Charge Type: Main Acute Price List"
"NAIL, FEMORAL PF LT 13X420MM","GyscChSup118226","CDM","278","RC","C1713","HCPCS","","","facility","both","","","","10958.15","10958.15","","","","","","","","","","","","","Gross Charge Type: Main Acute Price List"
"NAIL, FEMORAL PF LT 13X420MM","ScanWmSup118226","CDM","278","RC","C1713","HCPCS","","","facility","both","","","","10958.15","10958.15","","","","","","","","","","","","","Gross Charge Type: Main Acute Price List"
"NAIL, FEMORAL RECON 11X360MM RT STRL","PacuChSup79362","CDM","278","RC","C1713","HCPCS","","","facility","both","","","","11158.77","11158.77","","","","","","","","","","","","","Gross Charge Type: Main Acute Price List"
"NAIL, FEMORAL RECON 11X400MM LT STRL","DelrChSup75472","CDM","278","RC","C1713","HCPCS","","","facility","both","","","","11867.35","11867.35","","","","","","","","","","","","","Gross Charge Type: Main Acute Price List"
"NAIL, FEMORAL RECON 11X400MM LT STRL","GyscChSup75472","CDM","278","RC","C1713","HCPCS","","","facility","both","","","","11867.35","11867.35","","","","","","","","","","","","","Gross Charge Type: Main Acute Price List"
"NAIL, FEMORAL RECON 11X420MM LT STRL 113448","OperWmSup113448","CDM","278","RC","C1713","HCPCS","","","facility","both","","","","11158.77","11158.77","","","","","","","","","","","","","Gross Charge Type: Main Acute Price List"
"NAIL, FEMORAL RECON 11X420MM LT STRL 113448","ScpuWmSup113448","CDM","278","RC","C1713","HCPCS","","","facility","both","","","","11158.77","11158.77","","","","","","","","","","","","","Gross Charge Type: Main Acute Price List"
"NAIL, FEMORAL RECON 11X440MM RT STRL","ScorChSup109344","CDM","278","RC","C1713","HCPCS","","","facility","both","","","","11158.77","11158.77","","","","","","","","","","","","","Gross Charge Type: Main Acute Price List"
"NAIL, FEMORAL RECON 12X380MM RT STRL 80155","ScorWmSup80155","CDM","278","RC","C1713","HCPCS","","","facility","both","","","","11867.35","11867.35","","","","","","","","","","","","","Gross Charge Type: Main Acute Price List"
"NAIL, FEMORAL RECON 12X380MM RT STRL","CLDRChSup76617","CDM","278","RC","C1713","HCPCS","","","facility","both","","","","11867.35","11867.35","","","","","","","","","","","","","Gross Charge Type: Main Acute Price List"
"NAIL, FEMORAL RECON 12X400MM RT","ScanChSup116168","CDM","278","RC","C1713","HCPCS","","","facility","both","","","","11158.77","11158.77","","","","","","","","","","","","","Gross Charge Type: Main Acute Price List"
"NAIL, FEMORAL RECON TI CANN 10X300MM PF RT STRL","AngiChSup115240","CDM","278","RC","C1713","HCPCS","","","facility","both","","","","10488.03","10488.03","","","","","","","","","","","","","Gross Charge Type: Main Acute Price List"
"NAIL, FEMORAL RECON TI CANN 10X320MM PF RT STRL","EplbChSup112383","CDM","278","RC","C1713","HCPCS","","","facility","both","","","","11158.77","11158.77","","","","","","","","","","","","","Gross Charge Type: Main Acute Price List"
"NAIL, FEMORAL RECON TI CANN 10X360MM LT STRL 107479","AnesChSup107479","CDM","278","RC","C1713","HCPCS","","","facility","both","","","","11867.35","11867.35","","","","","","","","","","","","","Gross Charge Type: Main Acute Price List"
"NAIL, FEMORAL RECON TI CANN 10X360MM LT STRL","AngiWmSup78399","CDM","278","RC","C1713","HCPCS","","","facility","both","","","","11158.77","11158.77","","","","","","","","","","","","","Gross Charge Type: Main Acute Price List"
"NAIL, FEMORAL RECON TI CANN 10X360MM LT STRL","EplbChSup78399","CDM","278","RC","C1713","HCPCS","","","facility","both","","","","11158.77","11158.77","","","","","","","","","","","","","Gross Charge Type: Main Acute Price List"
"NAIL, FEMORAL RECON TI CANN 10X360MM RT STRL","CspuChSup77556","CDM","278","RC","C1713","HCPCS","","","facility","both","","","","11867.35","11867.35","","","","","","","","","","","","","Gross Charge Type: Main Acute Price List"
"NAIL, FEMORAL RECON TI CANN 10X360MM RT STRL","DelrChSup77556","CDM","278","RC","C1713","HCPCS","","","facility","both","","","","11867.35","11867.35","","","","","","","","","","","","","Gross Charge Type: Main Acute Price List"
"NAIL, FEMORAL RECON TI CANN 10X360MM RT STRL","GastChSup77556","CDM","278","RC","C1713","HCPCS","","","facility","both","","","","11867.35","11867.35","","","","","","","","","","","","","Gross Charge Type: Main Acute Price List"
"NAIL, FEMORAL RECON TI CANN 10X380MM RT STRL","OperChSup106933","CDM","278","RC","C1713","HCPCS","","","facility","both","","","","11867.35","11867.35","","","","","","","","","","","","","Gross Charge Type: Main Acute Price List"
"NAIL, FEMORAL RECON TI CANN 10X400MM RT STRL 110054","PacuChSup110044","CDM","278","RC","C1713","HCPCS","","","facility","both","","","","11158.77","11158.77","","","","","","","","","","","","","Gross Charge Type: Main Acute Price List"
"NAIL, FEMORAL RECON TI CANN 10X400MM RT STRL 110054","PacuWmSup110044","CDM","278","RC","C1713","HCPCS","","","facility","both","","","","11158.77","11158.77","","","","","","","","","","","","","Gross Charge Type: Main Acute Price List"
"NAIL, FEMORAL RECON TI CANN 11X380 LT STRL","ScpuWmSup115202","CDM","278","RC","C1713","HCPCS","","","facility","both","","","","11154.02","11154.02","","","","","","","","","","","","","Gross Charge Type: Main Acute Price List"
"NAIL, FEMORAL RECON TI CANN 11X380MM LT STRL","CLDRChSup78201","CDM","278","RC","C1713","HCPCS","","","facility","both","","","","11158.77","11158.77","","","","","","","","","","","","","Gross Charge Type: Main Acute Price List"
"NAIL, FEMORAL RECON TI CANN 11X380MM RT STRL","ScorChSup108847","CDM","278","RC","C1713","HCPCS","","","facility","both","","","","11867.35","11867.35","","","","","","","","","","","","","Gross Charge Type: Main Acute Price List"
"NAIL, FEMORAL RECON TI CANN 12X360MM LT STRL","GastWmSup107811","CDM","278","RC","C1713","HCPCS","","","facility","both","","","","11867.35","11867.35","","","","","","","","","","","","","Gross Charge Type: Main Acute Price List"
"NAIL, FEMORAL RECON TI CANN 12X360MM LT STRL","ScanChSup107811","CDM","278","RC","C1713","HCPCS","","","facility","both","","","","11867.35","11867.35","","","","","","","","","","","","","Gross Charge Type: Main Acute Price List"
"NAIL, FEMORAL RETRO/ANTEGRADE CANN TI 10MMX340MM","Wilm5460963","CDM","278","RC","C1713","HCPCS","","","facility","both","","","","9626.74","9626.74","","","","","","","","","","","","","Gross Charge Type: Main Acute Price List"
"NAIL, FEMORAL RETRO/ANTEGRADE CANN TI 10X200MM STRL","GastWmSup80396","CDM","278","RC","C1713","HCPCS","","","facility","both","","","","9626.74","9626.74","","","","","","","","","","","","","Gross Charge Type: Main Acute Price List"
"NAIL, FEMORAL RETRO/ANTEGRADE CANN TI 10X200MM STRL","ScanChSup80396","CDM","278","RC","C1713","HCPCS","","","facility","both","","","","9626.74","9626.74","","","","","","","","","","","","","Gross Charge Type: Main Acute Price List"
"NAIL, FEMORAL RETRO/ANTEGRADE CANN TI 10X380MM","GyscChSup79609","CDM","278","RC","C1713","HCPCS","","","facility","both","","","","9626.74","9626.74","","","","","","","","","","","","","Gross Charge Type: Main Acute Price List"
"NAIL, FEMORAL RETRO/ANTEGRADE CANN TI 10X380MM","PacuChSup79609","CDM","278","RC","C1713","HCPCS","","","facility","both","","","","9626.74","9626.74","","","","","","","","","","","","","Gross Charge Type: Main Acute Price List"
"NAIL, FEMORAL RETRO/ANTEGRADE CANN TI 11X360MM","ScorWmSup43806","CDM","278","RC","C1713","HCPCS","","","facility","both","","","","10238.04","10238.04","","","","","","","","","","","","","Gross Charge Type: Main Acute Price List"
"NAIL, FEMORAL T2 R1500 11X380MM","OperChSup65224","CDM","278","RC","C1713","HCPCS","","","facility","both","","","","8499.58","8499.58","","","","","","","","","","","","","Gross Charge Type: Main Acute Price List"
"NAIL, FIBULOCK 3.0X130MM","PacuChSup115250","CDM","278","RC","C1713","HCPCS","","","facility","both","","","","17339.49","17339.49","","","","","","","","","","","","","Gross Charge Type: Main Acute Price List"
"NAIL, FIBULOCK 3.0X130MM","ScpuChSup115250","CDM","278","RC","C1713","HCPCS","","","facility","both","","","","17339.49","17339.49","","","","","","","","","","","","","Gross Charge Type: Main Acute Price List"
"NAIL, FIBULOCK 3.0X180MM LT","ScpuChSup112912","CDM","278","RC","C1713","HCPCS","","","facility","both","","","","19987.12","19987.12","","","","","","","","","","","","","Gross Charge Type: Main Acute Price List"
"NAIL, FIBULOCK 3.0X180MM RT","ScpuWmSup113058","CDM","278","RC","C1713","HCPCS","","","facility","both","","","","19987.12","19987.12","","","","","","","","","","","","","Gross Charge Type: Main Acute Price List"
"NAIL, FIBULOCK 3.8X180MM LT","GastChSup112893","CDM","278","RC","C1713","HCPCS","","","facility","both","","","","19987.12","19987.12","","","","","","","","","","","","","Gross Charge Type: Main Acute Price List"
"NAIL, FLEX-THREAD ULNA 6.5X240MM","GyscChSup119224","CDM","278","RC","C1713","HCPCS","","","facility","both","","","","14479.88","14479.88","","","","","","","","","","","","","Gross Charge Type: Main Acute Price List"
"NAIL, GAMMA4 INTERMEDIATE LEFT 10X240MM","ScorWmSup120734","CDM","278","RC","C1713","HCPCS","","","facility","both","","","","25021.22","25021.22","","","","","","","","","","","","","Gross Charge Type: Main Acute Price List"
"NAIL, GAMMA4 LONG 10X340MM LT","OperChSup115739","CDM","278","RC","C1713","HCPCS","","","facility","both","","","","12638.44","12638.44","","","","","","","","","","","","","Gross Charge Type: Main Acute Price List"
"NAIL, GAMMA4 LONG 11X340MM LT","EplbChSup115730","CDM","278","RC","C1713","HCPCS","","","facility","both","","","","2449.31","2449.31","","","","","","","","","","","","","Gross Charge Type: Main Acute Price List"
"NAIL, GAMMA4 LONG 11X340MM LT","ScanWmSup115730","CDM","278","RC","C1713","HCPCS","","","facility","both","","","","2449.31","2449.31","","","","","","","","","","","","","Gross Charge Type: Main Acute Price List"
"NAIL, GAMMA4 LONG 11X340MMX125 RIGHT","PacuWmSup116194","CDM","278","RC","C1713","HCPCS","","","facility","both","","","","13446.71","13446.71","","","","","","","","","","","","","Gross Charge Type: Main Acute Price List"
"NAIL, GAMMA4 LONG 11X360MM LT","AngiChSup115209","CDM","278","RC","C1713","HCPCS","","","facility","both","","","","12638.44","12638.44","","","","","","","","","","","","","Gross Charge Type: Main Acute Price List"
"NAIL, GAMMA4 LONG 11X360MM LT","GastChSup115209","CDM","278","RC","C1713","HCPCS","","","facility","both","","","","12638.44","12638.44","","","","","","","","","","","","","Gross Charge Type: Main Acute Price List"
"NAIL, GAMMA4 LONG 11X360MM LT","OperChSup115209","CDM","278","RC","C1713","HCPCS","","","facility","both","","","","12638.44","12638.44","","","","","","","","","","","","","Gross Charge Type: Main Acute Price List"
"NAIL, GAMMA4 LONG 11X420MM LT","PacuChSup115740","CDM","278","RC","C1713","HCPCS","","","facility","both","","","","12638.44","12638.44","","","","","","","","","","","","","Gross Charge Type: Main Acute Price List"
"NAIL, GAMMA4 LONG 11X440MM LT","GastChSup115131","CDM","278","RC","C1713","HCPCS","","","facility","both","","","","12638.44","12638.44","","","","","","","","","","","","","Gross Charge Type: Main Acute Price List"
"NAIL, GAMMA4 LONG 15X24MM LT","AnesChSup115877","CDM","278","RC","C1713","HCPCS","","","facility","both","","","","12643.83","12643.83","","","","","","","","","","","","","Gross Charge Type: Main Acute Price List"
"NAIL, HINDFOOT ARTHRODESIS CANN TI 12X240MM LT STRL","PacuWmSup107539","CDM","278","RC","C1713","HCPCS","","","facility","both","","","","9502.68","9502.68","","","","","","","","","","","","","Gross Charge Type: Main Acute Price List"
"NAIL, HINDFOOT ARTHRODESIS CANN TI 13X240MM LT STRL","AngiWmSup107831","CDM","278","RC","C1713","HCPCS","","","facility","both","","","","9502.68","9502.68","","","","","","","","","","","","","Gross Charge Type: Main Acute Price List"
"NAIL, HINDFOOT ARTHRODESIS CANN TI 13X240MM LT STRL","GastWmSup107831","CDM","278","RC","C1713","HCPCS","","","facility","both","","","","9502.68","9502.68","","","","","","","","","","","","","Gross Charge Type: Main Acute Price List"
"NAIL, HINDFOOT DUAL COMPRESSION 12.5X300MM","ScorChSup10189971","CDM","278","RC","C1713","HCPCS","","","facility","both","","","","83435.58","83435.58","","","","","","","","","","","","","Gross Charge Type: Main Acute Price List"
"NAIL, HINDFOOT DUAL COMPRESSION 12.5X300MM","ScorWmSup10189971","CDM","278","RC","C1713","HCPCS","","","facility","both","","","","83435.58","83435.58","","","","","","","","","","","","","Gross Charge Type: Main Acute Price List"
"NAIL, HUMERAL 8.5X200MM","ScorWmSup110531","CDM","278","RC","C1713","HCPCS","","","facility","both","","","","15548.5","15548.5","","","","","","","","","","","","","Gross Charge Type: Main Acute Price List"
"NAIL, HUMERAL 8.5X220MM","AnesWmSup108590","CDM","278","RC","C1713","HCPCS","","","facility","both","","","","15548.5","15548.5","","","","","","","","","","","","","Gross Charge Type: Main Acute Price List"
"NAIL, HUMERAL 8.5X220MM","CspuChSup108590","CDM","278","RC","C1713","HCPCS","","","facility","both","","","","15548.5","15548.5","","","","","","","","","","","","","Gross Charge Type: Main Acute Price List"
"NAIL, HUMERAL 8.5X220MM","ScpuWmSup108590","CDM","278","RC","C1713","HCPCS","","","facility","both","","","","15548.5","15548.5","","","","","","","","","","","","","Gross Charge Type: Main Acute Price List"
"NAIL, HUMERAL 8.5X260MM","GastWmSup107550","CDM","278","RC","C1713","HCPCS","","","facility","both","","","","15548.5","15548.5","","","","","","","","","","","","","Gross Charge Type: Main Acute Price List"
"NAIL, HUMERAL 8.5X280MM","GastChSup107540","CDM","278","RC","C1713","HCPCS","","","facility","both","","","","15548.5","15548.5","","","","","","","","","","","","","Gross Charge Type: Main Acute Price List"
"NAIL, HUMERAL MULTILOC TI 7X210MM","ScanChSup115150","CDM","278","RC","C1713","HCPCS","","","facility","both","","","","10774.97","10774.97","","","","","","","","","","","","","Gross Charge Type: Main Acute Price List"
"NAIL, HUMERAL MULTILOC TI 7X240MM STRL","Chrs5471002","CDM","278","RC","C1713","HCPCS","","","facility","both","","","","12192.03","12192.03","","","","","","","","","","","","","Gross Charge Type: Main Acute Price List"
"NAIL, HUMERAL MULTILOC TI 7X240MM STRL","ScpuWmSup71002","CDM","278","RC","C1713","HCPCS","","","facility","both","","","","12192.03","12192.03","","","","","","","","","","","","","Gross Charge Type: Main Acute Price List"
"NAIL, HUMERAL MULTILOC TI 7X270MM","ScpuChSup66656","CDM","278","RC","C1713","HCPCS","","","facility","both","","","","12192.03","12192.03","","","","","","","","","","","","","Gross Charge Type: Main Acute Price List"
"NAIL, HUMERAL MULTILOC TI 7X300MM STRL","EplbChSup107170","CDM","278","RC","C1713","HCPCS","","","facility","both","","","","11464.06","11464.06","","","","","","","","","","","","","Gross Charge Type: Main Acute Price List"
"NAIL, HUMERAL MULTILOC TI 7X300MM STRL","ScanChSup107170","CDM","278","RC","C1713","HCPCS","","","facility","both","","","","11464.06","11464.06","","","","","","","","","","","","","Gross Charge Type: Main Acute Price List"
"NAIL, HUMERAL MULTILOC TI RT 7X315MM","CcthChSup107045","CDM","278","RC","C1713","HCPCS","","","facility","both","","","","11464.06","11464.06","","","","","","","","","","","","","Gross Charge Type: Main Acute Price List"
"NAIL, HUMERAL MULTIOLOC TI CANN RT 7X195MM","AnesChSup113153","CDM","278","RC","C1713","HCPCS","","","facility","both","","","","11464.06","11464.06","","","","","","","","","","","","","Gross Charge Type: Main Acute Price List"
"NAIL, HUMERAL MULTIOLOC TI CANN RT 7X195MM","ScpuChSup113153","CDM","278","RC","C1713","HCPCS","","","facility","both","","","","11464.06","11464.06","","","","","","","","","","","","","Gross Charge Type: Main Acute Price List"
"NAIL, HUMERAL PROXIMAL LEFT 8X220MM","OperWmSup34369","CDM","278","RC","C1713","HCPCS","","","facility","both","","","","9056.64","9056.64","","","","","","","","","","","","","Gross Charge Type: Main Acute Price List"
"NAIL, HUMERAL PROXIMAL LEFT 8X240MM","GyscChSup28809","CDM","278","RC","C1713","HCPCS","","","facility","both","","","","9056.64","9056.64","","","","","","","","","","","","","Gross Charge Type: Main Acute Price List"
"NAIL, HUMERAL T2 9X200MM","AnesWmSup22931","CDM","278","RC","C1713","HCPCS","","","facility","both","","","","6866.05","6866.05","","","","","","","","","","","","","Gross Charge Type: Main Acute Price List"
"NAIL, HUMERAL TI MULTILOC 8.5X240MM STRL","PacuChSup73001","CDM","278","RC","C1713","HCPCS","","","facility","both","","","","12192.03","12192.03","","","","","","","","","","","","","Gross Charge Type: Main Acute Price List"
"NAIL, HUMERAL TI MULTILOC 8.5X240MM STRL","PacuWmSup73001","CDM","278","RC","C1713","HCPCS","","","facility","both","","","","12192.03","12192.03","","","","","","","","","","","","","Gross Charge Type: Main Acute Price List"
"NAIL, HUMERAL TI MULTILOC 8.5X270MM","ScpuWmSup72053","CDM","278","RC","C1713","HCPCS","","","facility","both","","","","12192.03","12192.03","","","","","","","","","","","","","Gross Charge Type: Main Acute Price List"
"NAIL, LONG 12X400MMX125 LEFT GAMMA4","GastChSup114825","CDM","278","RC","C1713","HCPCS","","","facility","both","","","","11883.82","11883.82","","","","","","","","","","","","","Gross Charge Type: Main Acute Price List"
"NAIL, LONG LEFT 10X380MMX125","ScorWmSup120864","CDM","278","RC","C1713","HCPCS","","","facility","both","","","","13434.39","13434.39","","","","","","","","","","","","","Gross Charge Type: Main Acute Price List"
"NAIL, OSTEOBRIDGE IKA KNEE NON COLLARED 16X250MM CURVED/TAPERED","ScanWmSup77065","CDM","278","RC","C1713","HCPCS","","","facility","both","","","","14494.36","14494.36","","","","","","","","","","","","","Gross Charge Type: Main Acute Price List"
"NAIL, OSTEOBRIDGE IKA KNEE WITH COLLAR 12/30 130MM","AngiWmSup77045","CDM","278","RC","C1713","HCPCS","","","facility","both","","","","12423.73","12423.73","","","","","","","","","","","","","Gross Charge Type: Main Acute Price List"
"NAIL, OSTEOBRIDGE IKA KNEE WITH COLLAR 12/30 150MM","AngiChSup77046","CDM","278","RC","C1713","HCPCS","","","facility","both","","","","12423.73","12423.73","","","","","","","","","","","","","Gross Charge Type: Main Acute Price List"
"NAIL, OSTEOBRIDGE IKA KNEE WITH COLLAR 12/30 200MM","GastChSup77047","CDM","278","RC","C1713","HCPCS","","","facility","both","","","","12423.73","12423.73","","","","","","","","","","","","","Gross Charge Type: Main Acute Price List"
"NAIL, OSTEOBRIDGE IKA KNEE WITH COLLAR 14/30 150MM","CcthChSup77050","CDM","278","RC","C1713","HCPCS","","","facility","both","","","","12423.73","12423.73","","","","","","","","","","","","","Gross Charge Type: Main Acute Price List"
"NAIL, OSTEOBRIDGE IKA KNEE WITH COLLAR 14/30 150MM","CspuChSup77050","CDM","278","RC","C1713","HCPCS","","","facility","both","","","","12423.73","12423.73","","","","","","","","","","","","","Gross Charge Type: Main Acute Price List"
"NAIL, OSTEOBRIDGE IKA KNEE WITH COLLAR 14/30 150MM","ScanWmSup77050","CDM","278","RC","C1713","HCPCS","","","facility","both","","","","12423.73","12423.73","","","","","","","","","","","","","Gross Charge Type: Main Acute Price List"
"NAIL, OSTEOBRIDGE IKA KNEE WITH COLLAR 14/30 150MM","ScpuWmSup77050","CDM","278","RC","C1713","HCPCS","","","facility","both","","","","12423.73","12423.73","","","","","","","","","","","","","Gross Charge Type: Main Acute Price List"
"NAIL, PRECICE HUMERAL STRAIGHT 225MM","CcthChSup106943","CDM","278","RC","C1713","HCPCS","","","facility","both","","","","141613.18","141613.18","","","","","","","","","","","","","Gross Charge Type: Main Acute Price List"
"NAIL, PRECICE HUMERAL STRAIGHT 240MM","GastChSup106647","CDM","278","RC","C1713","HCPCS","","","facility","both","","","","113754.85","113754.85","","","","","","","","","","","","","Gross Charge Type: Main Acute Price List"
"NAIL, PRECICE HUMERAL STRAIGHT 255MM","ScorWmSup108787","CDM","278","RC","C1713","HCPCS","","","facility","both","","","","131280.34","131280.34","","","","","","","","","","","","","Gross Charge Type: Main Acute Price List"
"NAIL, PROXIMAL FEMUR 11X400MM","CcthChSup107011","CDM","278","RC","C1713","HCPCS","","","facility","both","","","","12594.81","12594.81","","","","","","","","","","","","","Gross Charge Type: Main Acute Price List"
"NAIL, RFN ADVACNED SYSTEM 10MM 200MM 10 DEGREE BEND","AnesWmSup110086","CDM","278","RC","C1713","HCPCS","","","facility","both","","","","14858.65","14858.65","","","","","","","","","","","","","Gross Charge Type: Main Acute Price List"
"NAIL, RFN ADVANCDED SYSTEM 10 DEGREE BEND 11X400MM STRL","AngiChSup118075","CDM","278","RC","C1713","HCPCS","","","facility","both","","","","14301.31","14301.31","","","","","","","","","","","","","Gross Charge Type: Main Acute Price List"
"NAIL, RFN ADVANCED SYSTEM 10 DEGREE BEND 11X340MM STRL","ScpuChSup117964","CDM","278","RC","C1713","HCPCS","","","facility","both","","","","13447.4","13447.4","","","","","","","","","","","","","Gross Charge Type: Main Acute Price List"
"NAIL, RFN ADVANCED SYSTEM 10X240MM 5 DEGREE BEND STRL","PacuWmSup111932","CDM","278","RC","C1713","HCPCS","","","facility","both","","","","13436.73","13436.73","","","","","","","","","","","","","Gross Charge Type: Main Acute Price List"
"NAIL, RFN ADVANCED SYSTEM 10X240MM 5 DEGREE BEND STRL","ScpuWmSup111932","CDM","278","RC","C1713","HCPCS","","","facility","both","","","","13436.73","13436.73","","","","","","","","","","","","","Gross Charge Type: Main Acute Price List"
"NAIL, RFN ADVANCED SYSTEM 10X280MM 10 DEGREE BEND STRL","PacuWmSup110608","CDM","278","RC","C1713","HCPCS","","","facility","both","","","","11975.78","11975.78","","","","","","","","","","","","","Gross Charge Type: Main Acute Price List"
"NAIL, RFN ADVANCED SYSTEM 10X300MM 5 DEGREE BEND STRL","ScanWmSup110288","CDM","278","RC","C1713","HCPCS","","","facility","both","","","","12882.97","12882.97","","","","","","","","","","","","","Gross Charge Type: Main Acute Price List"
"NAIL, RFN ADVANCED SYSTEM 10X320MM STRL","GastChSup109921","CDM","278","RC","C1713","HCPCS","","","facility","both","","","","16881.13","16881.13","","","","","","","","","","","","","Gross Charge Type: Main Acute Price List"
"NAIL, RFN ADVANCED SYSTEM 10X320MM STRL","OperWmSup109921","CDM","278","RC","C1713","HCPCS","","","facility","both","","","","16881.13","16881.13","","","","","","","","","","","","","Gross Charge Type: Main Acute Price List"
"NAIL, RFN ADVANCED SYSTEM 10X320MM STRL","PacuChSup109921","CDM","278","RC","C1713","HCPCS","","","facility","both","","","","16881.13","16881.13","","","","","","","","","","","","","Gross Charge Type: Main Acute Price List"
"NAIL, RFN ADVANCED SYSTEM 10X340MM 10 DEG STRL","OperWmSup110041","CDM","278","RC","C1713","HCPCS","","","facility","both","","","","13447.4","13447.4","","","","","","","","","","","","","Gross Charge Type: Main Acute Price List"
"NAIL, RFN ADVANCED SYSTEM 10X360MM 10 DEG BEND STRL","ScpuWmSup110548","CDM","278","RC","C1713","HCPCS","","","facility","both","","","","14301.31","14301.31","","","","","","","","","","","","","Gross Charge Type: Main Acute Price List"
"NAIL, RFN ADVANCED SYSTEM 10X360MM 5 DEG BEND STRL","CspuChSup110987","CDM","278","RC","C1713","HCPCS","","","facility","both","","","","12882.97","12882.97","","","","","","","","","","","","","Gross Charge Type: Main Acute Price List"
"NAIL, RFN ADVANCED SYSTEM 10X380MM 10 DEGREE BEND STRL","AngiChSup110862","CDM","278","RC","C1713","HCPCS","","","facility","both","","","","14301.31","14301.31","","","","","","","","","","","","","Gross Charge Type: Main Acute Price List"
"NAIL, RFN ADVANCED SYSTEM 10X380MM 5 DEGREE BEND STRL","CcthChSup110145","CDM","278","RC","C1713","HCPCS","","","facility","both","","","","12882.97","12882.97","","","","","","","","","","","","","Gross Charge Type: Main Acute Price List"
"NAIL, RFN ADVANCED SYSTEM 12X160MM 5 DEGREE BEND STRL","PacuChSup113722","CDM","278","RC","C1713","HCPCS","","","facility","both","","","","12634.45","12634.45","","","","","","","","","","","","","Gross Charge Type: Main Acute Price List"
"NAIL, RFN ADVANCED SYSTEM 12X160MM 5 DEGREE BEND STRL","ScanChSup113722","CDM","278","RC","C1713","HCPCS","","","facility","both","","","","12634.45","12634.45","","","","","","","","","","","","","Gross Charge Type: Main Acute Price List"
"NAIL, RFN ADVANCED SYSTEM 12X160MM 5 DEGREE BEND STRL","ScpuWmSup113722","CDM","278","RC","C1713","HCPCS","","","facility","both","","","","12634.45","12634.45","","","","","","","","","","","","","Gross Charge Type: Main Acute Price List"
"NAIL, RFN ADVANCED SYSTEM 12X240MM 10 DEGREE BEND STRL","AngiChSup110280","CDM","278","RC","C1713","HCPCS","","","facility","both","","","","13971.46","13971.46","","","","","","","","","","","","","Gross Charge Type: Main Acute Price List"
"NAIL, RFN ADVANCED SYSTEM 12X240MM 10 DEGREE BEND STRL","GastChSup110280","CDM","278","RC","C1713","HCPCS","","","facility","both","","","","13971.46","13971.46","","","","","","","","","","","","","Gross Charge Type: Main Acute Price List"
"NAIL, RFN ADVANCED SYSTEM 12X300 5 DEG BEND STRL","ScorChSup114114","CDM","278","RC","C1713","HCPCS","","","facility","both","","","","12108.58","12108.58","","","","","","","","","","","","","Gross Charge Type: Main Acute Price List"
"NAIL, RFN ADVANCED SYSTEM 12X380MM 5 DEGREE BEND STRL","AngiWmSup110623","CDM","278","RC","C1713","HCPCS","","","facility","both","","","","12882.97","12882.97","","","","","","","","","","","","","Gross Charge Type: Main Acute Price List"
"NAIL, RFN ADVANCED SYSTEM 14X400MM 5 DEGREE BEND STRL","PacuChSup114776","CDM","278","RC","C1713","HCPCS","","","facility","both","","","","13151.85","13151.85","","","","","","","","","","","","","Gross Charge Type: Main Acute Price List"
"NAIL, RFN ADVANCED SYSTEM 14X420MM 5 DEGREE BEND STRL","CspuChSup113959","CDM","278","RC","C1713","HCPCS","","","facility","both","","","","13152.9","13152.9","","","","","","","","","","","","","Gross Charge Type: Main Acute Price List"
"NAIL, RFN ADVANCED SYSTEM 380MM 10 DEGREE BEND STRL","PacuWmSup118469","CDM","278","RC","C1713","HCPCS","","","facility","both","","","","14301.31","14301.31","","","","","","","","","","","","","Gross Charge Type: Main Acute Price List"
"NAIL, RFN ADVANCED SYSTEM 5 DEGREE BEND 11X340MM","ScanChSup110248","CDM","278","RC","C1713","HCPCS","","","facility","both","","","","12882.97","12882.97","","","","","","","","","","","","","Gross Charge Type: Main Acute Price List"
"NAIL, RFN ADVANCED SYSTEM 5 DEGREE BEND 11X340MM","ScorChSup110248","CDM","278","RC","C1713","HCPCS","","","facility","both","","","","12882.97","12882.97","","","","","","","","","","","","","Gross Charge Type: Main Acute Price List"
"NAIL, RFN ADVANCED SYSTEM 5 DEGREE BEND 9X200MM","ScpuChSup110253","CDM","278","RC","C1713","HCPCS","","","facility","both","","","","12634.45","12634.45","","","","","","","","","","","","","Gross Charge Type: Main Acute Price List"
"NAIL, RFN ADVANCED SYSTEM 5 DEGREE BEND 9X320MM","CspuChSup110395","CDM","278","RC","C1713","HCPCS","","","facility","both","","","","12882.97","12882.97","","","","","","","","","","","","","Gross Charge Type: Main Acute Price List"
"NAIL, RFN ADVANCED SYSTEM 5 DEGREE BEND 9X320MM","PacuWmSup110395","CDM","278","RC","C1713","HCPCS","","","facility","both","","","","12882.97","12882.97","","","","","","","","","","","","","Gross Charge Type: Main Acute Price List"
"NAIL, RFN ADVANCED SYSTEM STANDARD BEND RFNA 10MM/400MM STRL","OperWmSup120861","CDM","278","RC","C1713","HCPCS","","","facility","both","","","","12113.75","12113.75","","","","","","","","","","","","","Gross Charge Type: Main Acute Price List"
"NAIL, RFN ADVANCED SYSTEM","AngiChSup118921","CDM","278","RC","C1713","HCPCS","","","facility","both","","","","14301.31","14301.31","","","","","","","","","","","","","Gross Charge Type: Main Acute Price List"
"NAIL, RFN ADVANCED SYSTEM","ScorWmSup118921","CDM","278","RC","C1713","HCPCS","","","facility","both","","","","14301.31","14301.31","","","","","","","","","","","","","Gross Charge Type: Main Acute Price List"
"NAIL, RFN ADVANCED SYSYTEM 5 DEGREE BEND 11X280MM STRL","GastChSup113693","CDM","278","RC","C1713","HCPCS","","","facility","both","","","","12634.45","12634.45","","","","","","","","","","","","","Gross Charge Type: Main Acute Price List"
"NAIL, RFN ADVANCED SYSYTEM 5 DEGREE BEND 11X280MM STRL","ScanChSup113693","CDM","278","RC","C1713","HCPCS","","","facility","both","","","","12634.45","12634.45","","","","","","","","","","","","","Gross Charge Type: Main Acute Price List"
"NAIL, RFN ADVANCED SYSYTEM 5 DEGREE BEND 11X280MM STRL","ScanWmSup113693","CDM","278","RC","C1713","HCPCS","","","facility","both","","","","12634.45","12634.45","","","","","","","","","","","","","Gross Charge Type: Main Acute Price List"
"NAIL, SUPRACONDYLAR T2 10X170MM","ScanWmSup57550","CDM","278","RC","C1713","HCPCS","","","facility","both","","","","9698.85","9698.85","","","","","","","","","","","","","Gross Charge Type: Main Acute Price List"
"NAIL, SUPRACONDYLAR T2 11X320MM","ScorWmSup57569","CDM","278","RC","C1713","HCPCS","","","facility","both","","","","9698.85","9698.85","","","","","","","","","","","","","Gross Charge Type: Main Acute Price List"
"NAIL, SUPRACONDYLAR T2 12X340MM","CcthChSup57579","CDM","278","RC","C1713","HCPCS","","","facility","both","","","","9698.85","9698.85","","","","","","","","","","","","","Gross Charge Type: Main Acute Price List"
"NAIL, SUPRACONDYLAR T2 12X340MM","GyscChSup57579","CDM","278","RC","C1713","HCPCS","","","facility","both","","","","9698.85","9698.85","","","","","","","","","","","","","Gross Charge Type: Main Acute Price List"
"NAIL, SUPRACONDYLAR T2 12X380MM","AngiWmSup57580","CDM","278","RC","C1713","HCPCS","","","facility","both","","","","9698.85","9698.85","","","","","","","","","","","","","Gross Charge Type: Main Acute Price List"
"NAIL, SUPRACONDYLAR T2 12X380MM","GastWmSup57580","CDM","278","RC","C1713","HCPCS","","","facility","both","","","","9698.85","9698.85","","","","","","","","","","","","","Gross Charge Type: Main Acute Price List"
"NAIL, SUPRACONDYLAR T2 12X380MM","PacuChSup57580","CDM","278","RC","C1713","HCPCS","","","facility","both","","","","9698.85","9698.85","","","","","","","","","","","","","Gross Charge Type: Main Acute Price List"
"NAIL, SUPRACONDYLAR T2 12X420MM","ScanWmSup57582","CDM","278","RC","C1713","HCPCS","","","facility","both","","","","9698.85","9698.85","","","","","","","","","","","","","Gross Charge Type: Main Acute Price List"
"NAIL, SUPRACONDYLAR T2 9X380MM","GastWmSup57546","CDM","278","RC","C1713","HCPCS","","","facility","both","","","","9698.85","9698.85","","","","","","","","","","","","","Gross Charge Type: Main Acute Price List"
"NAIL, T2 ALPHA RETROGRADE FEMUR 10X400MM","OperWmSup113483","CDM","278","RC","C1713","HCPCS","","","facility","both","","","","12163.79","12163.79","","","","","","","","","","","","","Gross Charge Type: Main Acute Price List"
"NAIL, T2 ALPHA RETROGRADE FEMUR 11X380MM","GastChSup112864","CDM","278","RC","C1713","HCPCS","","","facility","both","","","","12936.19","12936.19","","","","","","","","","","","","","Gross Charge Type: Main Acute Price List"
"NAIL, T2 ALPHA RETROGRADE FEMUR 12X440MM","AnesWmSup113441","CDM","278","RC","C1713","HCPCS","","","facility","both","","","","12936.19","12936.19","","","","","","","","","","","","","Gross Charge Type: Main Acute Price List"
"NAIL, T2 ALPHA RETROGRADE FEMUR 13X380MM","PacuWmSup114187","CDM","278","RC","C1713","HCPCS","","","facility","both","","","","12163.79","12163.79","","","","","","","","","","","","","Gross Charge Type: Main Acute Price List"
"NAIL, T2 ALPHA RETROGRADE FEMUR 13X380MM","ScorChSup114187","CDM","278","RC","C1713","HCPCS","","","facility","both","","","","12163.79","12163.79","","","","","","","","","","","","","Gross Charge Type: Main Acute Price List"
"NAIL, T2 ALPHA RETROGRADE FEMUR 13X380MM","ScpuWmSup114187","CDM","278","RC","C1713","HCPCS","","","facility","both","","","","12163.79","12163.79","","","","","","","","","","","","","Gross Charge Type: Main Acute Price List"
"NAIL, T2 ALPHA RETROGRADE FEMUR 14X400MM","AnesChSup118458","CDM","278","RC","C1713","HCPCS","","","facility","both","","","","19235.65","19235.65","","","","","","","","","","","","","Gross Charge Type: Main Acute Price List"
"NAIL, T2 ALPHA RETROGRADE FEMUR 14X400MM","AngiWmSup118458","CDM","278","RC","C1713","HCPCS","","","facility","both","","","","19235.65","19235.65","","","","","","","","","","","","","Gross Charge Type: Main Acute Price List"
"NAIL, T2 ALPHA RETROGRADE FEMUR SYSTEM 10X260MM","ScorWmSup119814","CDM","278","RC","C1713","HCPCS","","","facility","both","","","","19235.65","19235.65","","","","","","","","","","","","","Gross Charge Type: Main Acute Price List"
"NAIL, T2 ALPHA RETROGRADE FEMUR SYSTEM 10X300MM","GyscChSup119818","CDM","278","RC","C1713","HCPCS","","","facility","both","","","","19235.65","19235.65","","","","","","","","","","","","","Gross Charge Type: Main Acute Price List"
"NAIL, T2 ALPHA TIBIA SYSTEM 9X285MM","OperWmSup122016","CDM","278","RC","C1713","HCPCS","","","facility","both","","","","9471.74","9471.74","","","","","","","","","","","","","Gross Charge Type: Main Acute Price List"
"NAIL, T2 ALPHA TIBIA SYSTEM 9X300MM","ScpuChSup109662","CDM","278","RC","C1713","HCPCS","","","facility","both","","","","9469.49","9469.49","","","","","","","","","","","","","Gross Charge Type: Main Acute Price List"
"NAIL, T2 ALPHA TIBIA SYSTEM 9X315MM","GyscChSup106672","CDM","278","RC","C1713","HCPCS","","","facility","both","","","","8359.94","8359.94","","","","","","","","","","","","","Gross Charge Type: Main Acute Price List"
"NAIL, T2 ALPHA TIBIA SYSTEM 9X315MM","ScorChSup106672","CDM","278","RC","C1713","HCPCS","","","facility","both","","","","8359.94","8359.94","","","","","","","","","","","","","Gross Charge Type: Main Acute Price List"
"NAIL, T2 ALPHA TIBIA SYSTEM 9X375MM","AngiChSup106704","CDM","278","RC","C1713","HCPCS","","","facility","both","","","","9469.49","9469.49","","","","","","","","","","","","","Gross Charge Type: Main Acute Price List"
"NAIL, T2 ALPHA TIBIA SYSTEM 9X375MM","DelrChSup106704","CDM","278","RC","C1713","HCPCS","","","facility","both","","","","9469.49","9469.49","","","","","","","","","","","","","Gross Charge Type: Main Acute Price List"
"NAIL, T2 KIDS SYSTEM PRE-CURVED FLEXIBLE 3.0X450MM","OperChSup120385","CDM","278","RC","C1713","HCPCS","","","facility","both","","","","1413.35","1413.35","","","","","","","","","","","","","Gross Charge Type: Main Acute Price List"
"NAIL, TI CANN FRN/PF 12X440MM LT STRL","ScpuChSup111188","CDM","278","RC","C1713","HCPCS","","","facility","both","","","","11158.77","11158.77","","","","","","","","","","","","","Gross Charge Type: Main Acute Price List"
"NAIL, TI CANN FRN/PF 12X440MM RT STRL","ScorChSup118178","CDM","278","RC","C1713","HCPCS","","","facility","both","","","","11158.77","11158.77","","","","","","","","","","","","","Gross Charge Type: Main Acute Price List"
"NAIL, TI MULTILOC PROX HUMERAL 9.5X160MM STRL","PacuChSup110792","CDM","278","RC","C1713","HCPCS","","","facility","both","","","","11701.97","11701.97","","","","","","","","","","","","","Gross Charge Type: Main Acute Price List"
"NAIL, TIBIA T2 ALPHA 9X345MM","EplbChSup106804","CDM","278","RC","C1713","HCPCS","","","facility","both","","","","9469.49","9469.49","","","","","","","","","","","","","Gross Charge Type: Main Acute Price List"
"NAIL, TIBIA T2 ALPHA 9X345MM","ScorChSup106804","CDM","278","RC","C1713","HCPCS","","","facility","both","","","","9469.49","9469.49","","","","","","","","","","","","","Gross Charge Type: Main Acute Price List"
"NAIL, TIBIAL 12X375MM","OperChSup79652","CDM","278","RC","C1713","HCPCS","","","facility","both","","","","9469.49","9469.49","","","","","","","","","","","","","Gross Charge Type: Main Acute Price List"
"NAIL, TIBIAL ADVANCED 10X315MM","AnesWmSup110587","CDM","278","RC","C1713","HCPCS","","","facility","both","","","","10782.26","10782.26","","","","","","","","","","","","","Gross Charge Type: Main Acute Price List"
"NAIL, TIBIAL ADVANCED 10X315MM","GastChSup110587","CDM","278","RC","C1713","HCPCS","","","facility","both","","","","10782.26","10782.26","","","","","","","","","","","","","Gross Charge Type: Main Acute Price List"
"NAIL, TIBIAL ADVANCED 10X315MM","PacuChSup110587","CDM","278","RC","C1713","HCPCS","","","facility","both","","","","10782.26","10782.26","","","","","","","","","","","","","Gross Charge Type: Main Acute Price List"
"NAIL, TIBIAL ADVANCED 10X330MM","CcthChSup110349","CDM","278","RC","C1713","HCPCS","","","facility","both","","","","10782.26","10782.26","","","","","","","","","","","","","Gross Charge Type: Main Acute Price List"
"NAIL, TIBIAL ADVANCED 10X360MM","CcthChSup111001","CDM","278","RC","C1713","HCPCS","","","facility","both","","","","10782.26","10782.26","","","","","","","","","","","","","Gross Charge Type: Main Acute Price List"
"NAIL, TIBIAL ADVANCED 10X375MM","PacuWmSup112080","CDM","278","RC","C1713","HCPCS","","","facility","both","","","","10782.26","10782.26","","","","","","","","","","","","","Gross Charge Type: Main Acute Price List"
"NAIL, TIBIAL ADVANCED 10X405MM","EplbChSup110252","CDM","278","RC","C1713","HCPCS","","","facility","both","","","","10138.47","10138.47","","","","","","","","","","","","","Gross Charge Type: Main Acute Price List"
"NAIL, TIBIAL ADVANCED 10X405MM","ScpuWmSup110252","CDM","278","RC","C1713","HCPCS","","","facility","both","","","","10138.47","10138.47","","","","","","","","","","","","","Gross Charge Type: Main Acute Price List"
"NAIL, TIBIAL ADVANCED 12 330MM STRL","ScorWmSup116552","CDM","278","RC","C1713","HCPCS","","","facility","both","","","","10138.47","10138.47","","","","","","","","","","","","","Gross Charge Type: Main Acute Price List"
"NAIL, TIBIAL EX W/PROX BEN CANN TI 9X285MM STRL","AngiChSup114996","CDM","272","RC","","","","","facility","both","","","","8744.16","8744.16","","","","","","","","","","","","","Gross Charge Type: Main Acute Price List"
"NAIL, TIBIAL EX W/PROX BEN CANN TI 9X285MM STRL","CspuChSup114996","CDM","272","RC","","","","","facility","both","","","","8744.16","8744.16","","","","","","","","","","","","","Gross Charge Type: Main Acute Price List"
"NAIL, TIBIAL EX W/PROX BEN CANN TI 9X285MM STRL","ScanWmSup114996","CDM","272","RC","","","","","facility","both","","","","8744.16","8744.16","","","","","","","","","","","","","Gross Charge Type: Main Acute Price List"
"NAIL, TIBIAL EX W/PROX BEND CANN TI 10X330MM STRL","OperChSup43382","CDM","278","RC","C1713","HCPCS","","","facility","both","","","","9303.38","9303.38","","","","","","","","","","","","","Gross Charge Type: Main Acute Price List"
"NAIL, TIBIAL EX W/PROX BEND CANN TI 10X360MM STRL","OperChSup43384","CDM","278","RC","C1713","HCPCS","","","facility","both","","","","9303.38","9303.38","","","","","","","","","","","","","Gross Charge Type: Main Acute Price List"
"NAIL, TIBIAL EX W/PROX BEND CANN TI 10X360MM STRL","PacuWmSup43384","CDM","278","RC","C1713","HCPCS","","","facility","both","","","","9303.38","9303.38","","","","","","","","","","","","","Gross Charge Type: Main Acute Price List"
"NAIL, TIBIAL EX W/PROX BEND CANN TI 10X375MM STRL","CspuChSup43385","CDM","278","RC","C1713","HCPCS","","","facility","both","","","","9894.15","9894.15","","","","","","","","","","","","","Gross Charge Type: Main Acute Price List"
"NAIL, TIBIAL EX W/PROX BEND CANN TI 11X315MM","EplbChSup46075","CDM","278","RC","C1713","HCPCS","","","facility","both","","","","9303.38","9303.38","","","","","","","","","","","","","Gross Charge Type: Main Acute Price List"
"NAIL, TIBIAL EX W/PROX BEND CANN TI 11X330MM STRL","ScpuWmSup63826","CDM","278","RC","C1713","HCPCS","","","facility","both","","","","9303.38","9303.38","","","","","","","","","","","","","Gross Charge Type: Main Acute Price List"
"NAIL, TIBIAL EX W/PROX BEND CANN TI 11X390MM STRL","CspuChSup63416","CDM","278","RC","C1713","HCPCS","","","facility","both","","","","9303.38","9303.38","","","","","","","","","","","","","Gross Charge Type: Main Acute Price List"
"NAIL, TIBIAL EX W/PROX BEND CANN TI 12X405MM STRL","ScorChSup63471","CDM","278","RC","C1713","HCPCS","","","facility","both","","","","9303.38","9303.38","","","","","","","","","","","","","Gross Charge Type: Main Acute Price List"
"NAIL, TIBIAL EX W/PROX BEND CANN TI 13X360","GastChSup75573","CDM","278","RC","C1713","HCPCS","","","facility","both","","","","9303.38","9303.38","","","","","","","","","","","","","Gross Charge Type: Main Acute Price List"
"NAIL, TIBIAL IM T2 ALPHA 10X360MM","GyscChSup79944","CDM","278","RC","C1713","HCPCS","","","facility","both","","","","9469.49","9469.49","","","","","","","","","","","","","Gross Charge Type: Main Acute Price List"
"NAIL, TIBIAL IM T2 ALPHA 10X375MM","CspuChSup106833","CDM","278","RC","C1713","HCPCS","","","facility","both","","","","9469.49","9469.49","","","","","","","","","","","","","Gross Charge Type: Main Acute Price List"
"NAIL, TIBIAL STANDARD 10X315MM","Chrs5423074","CDM","278","RC","C1713","HCPCS","","","facility","both","","","","7390.3","7390.3","","","","","","","","","","","","","Gross Charge Type: Main Acute Price List"
"NAIL, TIBIAL STANDARD 10X330MM","GyscChSup23075","CDM","278","RC","C1713","HCPCS","","","facility","both","","","","7390.3","7390.3","","","","","","","","","","","","","Gross Charge Type: Main Acute Price List"
"NAIL, TIBIAL STANDARD 11X345MM","ScpuChSup23085","CDM","278","RC","C1713","HCPCS","","","facility","both","","","","7390.3","7390.3","","","","","","","","","","","","","Gross Charge Type: Main Acute Price List"
"NAIL, TIBIAL STANDARD 11X360MM","GastChSup23086","CDM","278","RC","C1713","HCPCS","","","facility","both","","","","7390.3","7390.3","","","","","","","","","","","","","Gross Charge Type: Main Acute Price List"
"NAIL, TIBIAL T2 ALPHA 11X300MM","GyscChSup119136","CDM","278","RC","C1713","HCPCS","","","facility","both","","","","9469.49","9469.49","","","","","","","","","","","","","Gross Charge Type: Main Acute Price List"
"NAIL, TIBIAL T2 ALPHA 11X360MM","PacuChSup106272","CDM","278","RC","C1713","HCPCS","","","facility","both","","","","9469.49","9469.49","","","","","","","","","","","","","Gross Charge Type: Main Acute Price List"
"NAIL, TIBIAL T2 ALPHA 11X375MM","AnesWmSup109173","CDM","278","RC","C1713","HCPCS","","","facility","both","","","","9469.49","9469.49","","","","","","","","","","","","","Gross Charge Type: Main Acute Price List"
"NAIL, TIBIAL T2 ALPHA 11X375MM","PacuWmSup109173","CDM","278","RC","C1713","HCPCS","","","facility","both","","","","9469.49","9469.49","","","","","","","","","","","","","Gross Charge Type: Main Acute Price List"
"NAIL, TIBIAL T2 ALPHA 11X390MM","AnesWmSup115733","CDM","278","RC","C1713","HCPCS","","","facility","both","","","","1724.86","1724.86","","","","","","","","","","","","","Gross Charge Type: Main Acute Price List"
"NAIL, TIBIAL T2 ALPHA 12X300MM","AnesChSup110501","CDM","278","RC","C1713","HCPCS","","","facility","both","","","","8904.08","8904.08","","","","","","","","","","","","","Gross Charge Type: Main Acute Price List"
"NAIL, TIBIAL T2 ALPHA 12X300MM","GastChSup110501","CDM","278","RC","C1713","HCPCS","","","facility","both","","","","8904.08","8904.08","","","","","","","","","","","","","Gross Charge Type: Main Acute Price List"
"NAIL, TIBIAL T2 ALPHA 12X300MM","ScanChSup110501","CDM","278","RC","C1713","HCPCS","","","facility","both","","","","8904.08","8904.08","","","","","","","","","","","","","Gross Charge Type: Main Acute Price List"
"NAIL, TIBIAL T2 ALPHA 12X300MM","ScorWmSup110501","CDM","278","RC","C1713","HCPCS","","","facility","both","","","","8904.08","8904.08","","","","","","","","","","","","","Gross Charge Type: Main Acute Price List"
"NAIL, TIBIAL T2 ALPHA 12X315MM","ScanWmSup108098","CDM","278","RC","C1713","HCPCS","","","facility","both","","","","8904.08","8904.08","","","","","","","","","","","","","Gross Charge Type: Main Acute Price List"
"NAIL, TIBIAL T2 ALPHA 12X330MM","GastChSup108822","CDM","278","RC","C1713","HCPCS","","","facility","both","","","","8904.08","8904.08","","","","","","","","","","","","","Gross Charge Type: Main Acute Price List"
"NAIL, TIBIAL T2 ALPHA 12X390MM","AnesWmSup106737","CDM","278","RC","C1713","HCPCS","","","facility","both","","","","8904.08","8904.08","","","","","","","","","","","","","Gross Charge Type: Main Acute Price List"
"NAIL, TIBIAL T2 ALPHA 12X405MM","GastWmSup111861","CDM","278","RC","C1713","HCPCS","","","facility","both","","","","8904.08","8904.08","","","","","","","","","","","","","Gross Charge Type: Main Acute Price List"
"NAIL, TIBIAL T2 ALPHA 13X360MM","CspuChSup117965","CDM","278","RC","C1713","HCPCS","","","facility","both","","","","8904.08","8904.08","","","","","","","","","","","","","Gross Charge Type: Main Acute Price List"
"NAIL, VALOR END CAP","ScpuChSup62896","CDM","278","RC","C1713","HCPCS","","","facility","both","","","","1854.08","1854.08","","","","","","","","","","","","","Gross Charge Type: Main Acute Price List"
"NAIL,CAN TFNA TI 130-DEG 10X380MM RT ST","PacuChSup71079","CDM","278","RC","C1713","HCPCS","","","facility","both","","","","12867.44","12867.44","","","","","","","","","","","","","Gross Charge Type: Main Acute Price List"
"NAIL,CANN TFNA TI 130-DEG 10X320MM RT STR","OperWmSup74917","CDM","278","RC","C1713","HCPCS","","","facility","both","","","","12867.44","12867.44","","","","","","","","","","","","","Gross Charge Type: Main Acute Price List"
"NAIL,CANN TFNA TI 130-DEG 10X320MM RT STR","ScanChSup74917","CDM","278","RC","C1713","HCPCS","","","facility","both","","","","12867.44","12867.44","","","","","","","","","","","","","Gross Charge Type: Main Acute Price List"
"NAIL,CANNUL TFNA TI 130-DEG 11X320 RT ST","PacuChSup69999","CDM","278","RC","C1713","HCPCS","","","facility","both","","","","12099.15","12099.15","","","","","","","","","","","","","Gross Charge Type: Main Acute Price List"
"NAIL,CANNUL TFNA TI 130-DEG 11X360MM RT ST","CspuChSup70105","CDM","278","RC","C1713","HCPCS","","","facility","both","","","","12867.44","12867.44","","","","","","","","","","","","","Gross Charge Type: Main Acute Price List"
"NAIL,CANNUL TFNA TI 130-DEG 11X360MM RT ST","OperChSup70105","CDM","278","RC","C1713","HCPCS","","","facility","both","","","","12867.44","12867.44","","","","","","","","","","","","","Gross Charge Type: Main Acute Price List"
"NAIL,CANNULAT TFNA TI 130-D 12X420MM RT ST","AngiChSup68914","CDM","278","RC","C1713","HCPCS","","","facility","both","","","","12867.44","12867.44","","","","","","","","","","","","","Gross Charge Type: Main Acute Price List"
"NAIL,CANNULAT TFNA TI 130-D 12X420MM RT ST","ScorChSup68914","CDM","278","RC","C1713","HCPCS","","","facility","both","","","","12867.44","12867.44","","","","","","","","","","","","","Gross Charge Type: Main Acute Price List"
"NAIL,CANNULAT TFNA TI 130-DEG 10X360 LT ST","Chrs5469405","CDM","278","RC","C1713","HCPCS","","","facility","both","","","","12867.44","12867.44","","","","","","","","","","","","","Gross Charge Type: Main Acute Price List"
"NAIL,CANNULAT TFNA TI 130-DEG 10X360 LT ST","ScanWmSup69405","CDM","278","RC","C1713","HCPCS","","","facility","both","","","","12867.44","12867.44","","","","","","","","","","","","","Gross Charge Type: Main Acute Price List"
"NAIL,CANNULAT TFNA TI 130-DEG 11X340 LT STRL","CLDRChSup68807","CDM","278","RC","C1713","HCPCS","","","facility","both","","","","12867.44","12867.44","","","","","","","","","","","","","Gross Charge Type: Main Acute Price List"
"NAIL,CANNULAT TFNA TI 130-DEG 11X340 LT STRL","ScorWmSup68807","CDM","278","RC","C1713","HCPCS","","","facility","both","","","","12867.44","12867.44","","","","","","","","","","","","","Gross Charge Type: Main Acute Price List"
"NAIL,CANNULATED TFNA TI 130-DEG 10X170 ST","AnesChSup73529","CDM","278","RC","C1713","HCPCS","","","facility","both","","","","8887.21","8887.21","","","","","","","","","","","","","Gross Charge Type: Main Acute Price List"
"NAIL,CANNULATED TFNA TI 130-DEG 10X170 ST","CcthChSup73529","CDM","278","RC","C1713","HCPCS","","","facility","both","","","","8887.21","8887.21","","","","","","","","","","","","","Gross Charge Type: Main Acute Price List"
"NAIL,CANNULATED TFNA TI 130-DEG 12X170MM","ScanWmSup69156","CDM","278","RC","C1713","HCPCS","","","facility","both","","","","8887.21","8887.21","","","","","","","","","","","","","Gross Charge Type: Main Acute Price List"
"NAIL,FEMORAL RETRO/ANTEGRADE CANN TI 10X300","OperWmSup70786","CDM","278","RC","C1713","HCPCS","","","facility","both","","","","9626.74","9626.74","","","","","","","","","","","","","Gross Charge Type: Main Acute Price List"
"NAIL,FEMORAL RETRO/ANTEGRADE CANN TI 10X300","ScpuWmSup70786","CDM","278","RC","C1713","HCPCS","","","facility","both","","","","9626.74","9626.74","","","","","","","","","","","","","Gross Charge Type: Main Acute Price List"
"NAIL,FEMORAL RETRO/ANTEGRADE CANN TI 9X340","AngiWmSup73361","CDM","278","RC","C1713","HCPCS","","","facility","both","","","","9626.74","9626.74","","","","","","","","","","","","","Gross Charge Type: Main Acute Price List"
"NAIL,FEMORAL TI CANN RETRO/ANTEGR 11X420","CspuChSup63873","CDM","278","RC","C1713","HCPCS","","","facility","both","","","","9626.74","9626.74","","","","","","","","","","","","","Gross Charge Type: Main Acute Price List"
"NAIL,FEMORAL TI CANN RETRO/ANTEGR 12X400","ScanChSup64025","CDM","278","RC","C1713","HCPCS","","","facility","both","","","","10238.04","10238.04","","","","","","","","","","","","","Gross Charge Type: Main Acute Price List"
"NAIL,HINDFT ARTHROD CANN TI 12X180MM LT STRL","CLDRChSup66386","CDM","278","RC","C1713","HCPCS","","","facility","both","","","","10106.1","10106.1","","","","","","","","","","","","","Gross Charge Type: Main Acute Price List"
"NAIL,HUMERAL TI MULITLOIC 8.5X2.55MM STRL","OperWmSup69455","CDM","278","RC","C1713","HCPCS","","","facility","both","","","","12192.03","12192.03","","","","","","","","","","","","","Gross Charge Type: Main Acute Price List"
"NAIL,TI MULTILOC PROX HUMERAL RT 9.5X160","ScpuWmSup75223","CDM","278","RC","C1713","HCPCS","","","facility","both","","","","11701.97","11701.97","","","","","","","","","","","","","Gross Charge Type: Main Acute Price List"
"NAIL,TIBIAL EX PROX BEND CANN TI 11X285MM ST","OperChSup68515","CDM","278","RC","C1713","HCPCS","","","facility","both","","","","9303.38","9303.38","","","","","","","","","","","","","Gross Charge Type: Main Acute Price List"
"NAIL,TIBIAL EX PROX BEND CANN TI 11X360 ST","ScorChSup64687","CDM","278","RC","C1713","HCPCS","","","facility","both","","","","9303.38","9303.38","","","","","","","","","","","","","Gross Charge Type: Main Acute Price List"
"NAIL,TIBIAL EX PROX BEND CANN TI 13X420 ST","AngiChSup71978","CDM","278","RC","C1713","HCPCS","","","facility","both","","","","9620.31","9620.31","","","","","","","","","","","","","Gross Charge Type: Main Acute Price List"
"NAIL,TIBIAL EX PROX BEND CANN TI 8X300 STRL","Chrs5464930","CDM","278","RC","C1713","HCPCS","","","facility","both","","","","9303.38","9303.38","","","","","","","","","","","","","Gross Charge Type: Main Acute Price List"
"NAIL,TIBIAL EX PROX BEND CANN TI 8X360 ST","CspuChSup73527","CDM","278","RC","C1713","HCPCS","","","facility","both","","","","9303.38","9303.38","","","","","","","","","","","","","Gross Charge Type: Main Acute Price List"
"NAIL,TIBIAL EX PROX BEND CANN TI 8X360 ST","ScanWmSup73527","CDM","278","RC","C1713","HCPCS","","","facility","both","","","","9303.38","9303.38","","","","","","","","","","","","","Gross Charge Type: Main Acute Price List"
"NEEDLE BREAST LOCAL 20X7","Ccbc3025913","CDM","272","RC","C1769","HCPCS","","","facility","both","","","","77.57","77.57","","","","","","","","","","","","","Gross Charge Type: Main Acute Price List"
"NEEDLE BREAST LOCAL 20X7","CcicMR25913","CDM","272","RC","C1769","HCPCS","","","facility","both","","","","77.57","77.57","","","","","","","","","","","","","Gross Charge Type: Main Acute Price List"
"NEEDLE BREAST LOCAL 20X7","S107MR25913","CDM","272","RC","C1769","HCPCS","","","facility","both","","","","77.57","77.57","","","","","","","","","","","","","Gross Charge Type: Main Acute Price List"
"NEEDLE KOPANS BREAST LESION LOC20GX 15","Ccim3825915","CDM","278","RC","C1819","HCPCS","","","facility","both","","","","148.85","148.85","","","","","","","","","","","","","Gross Charge Type: Main Acute Price List"
"NEEDLE KOPANS BREAST LESION LOC20GX 15","CcsmCT25915","CDM","278","RC","C1819","HCPCS","","","facility","both","","","","148.85","148.85","","","","","","","","","","","","","Gross Charge Type: Main Acute Price List"
"NEEDLE KOPANS BREAST LESION LOC20GX 15","CcthChSup25915","CDM","278","RC","C1819","HCPCS","","","facility","both","","","","148.85","148.85","","","","","","","","","","","","","Gross Charge Type: Main Acute Price List"
"NEEDLE SET, EZ-IO 15MM PEDS","GyscChSup35219","CDM","272","RC","","","","","facility","both","","","","825.93","825.93","","","","","","","","","","","","","Gross Charge Type: Main Acute Price List"
"NEEDLE,  2-0 FIBERWIRE MENISCAL REPAIR","ScanChSup50383","CDM","272","RC","","","","","facility","both","","","","480.46","480.46","","","","","","","","","","","","","Gross Charge Type: Main Acute Price List"
"NEEDLE, 19G TRANSBRONCHIAL W/20ML LOCKING SYRINGE","Chrs5424462","CDM","270","RC","","","","","facility","both","","","","575.7","575.7","","","","","","","","","","","","","Gross Charge Type: Main Acute Price List"
"NEEDLE, ABLATION STARBURST XL 10CM LENGTH","GyscChSup28382","CDM","272","RC","","","","","facility","both","","","","9272.91","9272.91","","","","","","","","","","","","","Gross Charge Type: Main Acute Price List"
"NEEDLE, ABLATION STARBURST XL 15CM LENGTH","CspuChSup27567","CDM","272","RC","","","","","facility","both","","","","10157.59","10157.59","","","","","","","","","","","","","Gross Charge Type: Main Acute Price List"
"NEEDLE, ABLATION STARBURST XL 15CM LENGTH","Midd3827567","CDM","272","RC","","","","","facility","both","","","","10157.59","10157.59","","","","","","","","","","","","","Gross Charge Type: Main Acute Price List"
"NEEDLE, ABLATION STARBURST XL 15CM LENGTH","Wilm4127567","CDM","272","RC","","","","","facility","both","","","","10157.59","10157.59","","","","","","","","","","","","","Gross Charge Type: Main Acute Price List"
"NEEDLE, ABLATION STARBURST XL 15CM LENGTH","Wilm4727567","CDM","272","RC","","","","","facility","both","","","","10157.59","10157.59","","","","","","","","","","","","","Gross Charge Type: Main Acute Price List"
"NEEDLE, ABLATION STARBURST XL 15CM LENGTH","WilmCT27567","CDM","272","RC","","","","","facility","both","","","","10157.59","10157.59","","","","","","","","","","","","","Gross Charge Type: Main Acute Price List"
"NEEDLE, BIOPSY ACHIEVE 16G X 11CM","PacuChSup31873","CDM","272","RC","","","","","facility","both","","","","168.48","168.48","","","","","","","","","","","","","Gross Charge Type: Main Acute Price List"
"NEEDLE, BIOPSY COAXIAL TIP ECHOGENIC 22G X 15CM","CspuChSup54890","CDM","272","RC","","","","","facility","both","","","","130.32","130.32","","","","","","","","","","","","","Gross Charge Type: Main Acute Price List"
"NEEDLE, BIOPSY COAXIAL TIP ECHOGENIC 22G X 15CM","S107US54890","CDM","272","RC","","","","","facility","both","","","","130.32","130.32","","","","","","","","","","","","","Gross Charge Type: Main Acute Price List"
"NEEDLE, BIOPSY COAXIAL TIP ECHOGENIC 22G X 15CM","ScorChSup54890","CDM","272","RC","","","","","facility","both","","","","130.32","130.32","","","","","","","","","","","","","Gross Charge Type: Main Acute Price List"
"NEEDLE, BIOPSY COAXIAL TIP ECHOGENIC 22G X 9CM","CcimCT54889","CDM","272","RC","","","","","facility","both","","","","138.6","138.6","","","","","","","","","","","","","Gross Charge Type: Main Acute Price List"
"NEEDLE, BIOPSY COAXIAL TIP ECHOGENIC 22G X 9CM","CcsmCT54889","CDM","272","RC","","","","","facility","both","","","","138.6","138.6","","","","","","","","","","","","","Gross Charge Type: Main Acute Price List"
"NEEDLE, BIOPSY COAXIAL TIP ECHOGENIC 22G X 9CM","ScpuChSup54889","CDM","272","RC","","","","","facility","both","","","","138.6","138.6","","","","","","","","","","","","","Gross Charge Type: Main Acute Price List"
"NEEDLE, BIOPSY DEVICE SUPER CORE 18G X 20CM","Ccbc3054893","CDM","272","RC","","","","","facility","both","","","","280.27","280.27","","","","","","","","","","","","","Gross Charge Type: Main Acute Price List"
"NEEDLE, BIOPSY DEVICE SUPER CORE 18G X 20CM","FcinCT54893","CDM","272","RC","","","","","facility","both","","","","280.27","280.27","","","","","","","","","","","","","Gross Charge Type: Main Acute Price List"
"NEEDLE, BIOPSY DEVICE SUPER CORE 18G X 20CM","Wilm4154893","CDM","272","RC","","","","","facility","both","","","","280.27","280.27","","","","","","","","","","","","","Gross Charge Type: Main Acute Price List"
"NEEDLE, BIOPSY DEVICE SUPER CORE 18G X 9CM","CcicUS54891","CDM","272","RC","","","","","facility","both","","","","280.27","280.27","","","","","","","","","","","","","Gross Charge Type: Main Acute Price List"
"NEEDLE, BIOPSY DEVICE SUPER CORE 18G X 9CM","MiddUS54891","CDM","272","RC","","","","","facility","both","","","","280.27","280.27","","","","","","","","","","","","","Gross Charge Type: Main Acute Price List"
"NEEDLE, BIOPSY DEVICE SUPER CORE 20G X 15CM","EplbChSup54895","CDM","272","RC","","","","","facility","both","","","","280.27","280.27","","","","","","","","","","","","","Gross Charge Type: Main Acute Price List"
"NEEDLE, BIOPSY DEVICE SUPER CORE 20G X 15CM","Hccc4154895","CDM","272","RC","","","","","facility","both","","","","280.27","280.27","","","","","","","","","","","","","Gross Charge Type: Main Acute Price List"
"NEEDLE, BIOPSY DEVICE SUPER CORE 20G X 20CM","Ccim4154896","CDM","272","RC","","","","","facility","both","","","","280.27","280.27","","","","","","","","","","","","","Gross Charge Type: Main Acute Price List"
"NEEDLE, BIOPSY DEVICE SUPER CORE 20G X 20CM","CcimMR54896","CDM","272","RC","","","","","facility","both","","","","280.27","280.27","","","","","","","","","","","","","Gross Charge Type: Main Acute Price List"
"NEEDLE, BIOPSY DEVICE SUPER CORE 20G X 20CM","HcccMR54896","CDM","272","RC","","","","","facility","both","","","","280.27","280.27","","","","","","","","","","","","","Gross Charge Type: Main Acute Price List"
"NEEDLE, BIOPSY DEVICE SUPER CORE 20G X 9CM","Ccim4154894","CDM","272","RC","","","","","facility","both","","","","280.27","280.27","","","","","","","","","","","","","Gross Charge Type: Main Acute Price List"
"NEEDLE, BIOPSY DEVICE SUPER CORE 20G X 9CM","CcimMR54894","CDM","272","RC","","","","","facility","both","","","","280.27","280.27","","","","","","","","","","","","","Gross Charge Type: Main Acute Price List"
"NEEDLE, BIOPSY DEVICE SUPER CORE 20G X 9CM","CcsbMR54894","CDM","272","RC","","","","","facility","both","","","","280.27","280.27","","","","","","","","","","","","","Gross Charge Type: Main Acute Price List"
"NEEDLE, BIOPSY DEVICE SUPER CORE 20G X 9CM","Ccsm4154894","CDM","272","RC","","","","","facility","both","","","","280.27","280.27","","","","","","","","","","","","","Gross Charge Type: Main Acute Price List"
"NEEDLE, BIOPSY DEVICE SUPER CORE 20G X 9CM","CcspCT54894","CDM","272","RC","","","","","facility","both","","","","280.27","280.27","","","","","","","","","","","","","Gross Charge Type: Main Acute Price List"
"NEEDLE, BIOPSY DEVICE SUPER CORE 20G X 9CM","FcinMR54894","CDM","272","RC","","","","","facility","both","","","","280.27","280.27","","","","","","","","","","","","","Gross Charge Type: Main Acute Price List"
"NEEDLE, BIOPSY DEVICE SUPER CORE 20G X 9CM","MiddCT54894","CDM","272","RC","","","","","facility","both","","","","280.27","280.27","","","","","","","","","","","","","Gross Charge Type: Main Acute Price List"
"NEEDLE, BIOPSY DEVICE SUPER CORE 20G X 9CM","WilmMR54894","CDM","272","RC","","","","","facility","both","","","","280.27","280.27","","","","","","","","","","","","","Gross Charge Type: Main Acute Price List"
"NEEDLE, BIOPSY DISP 16G X 16CM","PacuChSup203394","CDM","270","RC","","","","","facility","both","","","","316.74","316.74","","","","","","","","","","","","","Gross Charge Type: Main Acute Price List"
"NEEDLE, BONE MARROW BIOPSY T-LOK 11G X 6IN","AngiWmSup116362","CDM","272","RC","","","","","facility","both","","","","231.68","231.68","","","","","","","","","","","","","Gross Charge Type: Main Acute Price List"
"NEEDLE, BONE MARROW BIOPSY T-LOK 15G X 4IN","CspuChSup116365","CDM","272","RC","","","","","facility","both","","","","139.01","139.01","","","","","","","","","","","","","Gross Charge Type: Main Acute Price List"
"NEEDLE, BONE MARROW BIOPSY T-LOK 8G X 4IN","ScanChSup116363","CDM","272","RC","","","","","facility","both","","","","231.68","231.68","","","","","","","","","","","","","Gross Charge Type: Main Acute Price List"
"NEEDLE, CENTESIS 5FR 15CM","Ccsm4718387","CDM","270","RC","","","","","facility","both","","","","93.57","93.57","","","","","","","","","","","","","Gross Charge Type: Main Acute Price List"
"NEEDLE, CENTESIS 5FR 15CM","Chrs5418387","CDM","270","RC","","","","","facility","both","","","","93.57","93.57","","","","","","","","","","","","","Gross Charge Type: Main Acute Price List"
"NEEDLE, CENTESIS 5FR 15CM","Chrs8318387","CDM","270","RC","","","","","facility","both","","","","93.57","93.57","","","","","","","","","","","","","Gross Charge Type: Main Acute Price List"
"NEEDLE, CENTESIS 5FR 15CM","HcccMR18387","CDM","270","RC","","","","","facility","both","","","","93.57","93.57","","","","","","","","","","","","","Gross Charge Type: Main Acute Price List"
"NEEDLE, CENTESIS 5FR 15CM","Midd4718387","CDM","270","RC","","","","","facility","both","","","","93.57","93.57","","","","","","","","","","","","","Gross Charge Type: Main Acute Price List"
"NEEDLE, CHIBA  22G X 15CM","CcsbMR87132","CDM","270","RC","","","","","facility","both","","","","64.62","64.62","","","","","","","","","","","","","Gross Charge Type: Main Acute Price List"
"NEEDLE, CHIBA  22G X 15CM","GyscChSup87132","CDM","270","RC","","","","","facility","both","","","","64.62","64.62","","","","","","","","","","","","","Gross Charge Type: Main Acute Price List"
"NEEDLE, CHIBA  22G X 15CM","S107MR87132","CDM","270","RC","","","","","facility","both","","","","64.62","64.62","","","","","","","","","","","","","Gross Charge Type: Main Acute Price List"
"NEEDLE, CHIBA  BIOPSY 18G X 15CM","Hccc3854881","CDM","272","RC","","","","","facility","both","","","","89.33","89.33","","","","","","","","","","","","","Gross Charge Type: Main Acute Price List"
"NEEDLE, CHIBA  BIOPSY 18G X 15CM","Midd4754881","CDM","272","RC","","","","","facility","both","","","","89.33","89.33","","","","","","","","","","","","","Gross Charge Type: Main Acute Price List"
"NEEDLE, CHIBA  BIOPSY 18G X 20CM","ChrsCT54882","CDM","272","RC","","","","","facility","both","","","","107.19","107.19","","","","","","","","","","","","","Gross Charge Type: Main Acute Price List"
"NEEDLE, CHIBA  BIOPSY 18G X 20CM","Fcin3854882","CDM","272","RC","","","","","facility","both","","","","107.19","107.19","","","","","","","","","","","","","Gross Charge Type: Main Acute Price List"
"NEEDLE, CHIBA  BIOPSY 18G X 20CM","FcinCT54882","CDM","272","RC","","","","","facility","both","","","","107.19","107.19","","","","","","","","","","","","","Gross Charge Type: Main Acute Price List"
"NEEDLE, CHIBA  BIOPSY 18G X 20CM","GastWmSup54882","CDM","272","RC","","","","","facility","both","","","","107.19","107.19","","","","","","","","","","","","","Gross Charge Type: Main Acute Price List"
"NEEDLE, CHIBA  BIOPSY 18G X 20CM","ScorWmSup54882","CDM","272","RC","","","","","facility","both","","","","107.19","107.19","","","","","","","","","","","","","Gross Charge Type: Main Acute Price List"
"NEEDLE, CHIBA  BIOPSY 18G X 20CM","Wilm3854882","CDM","272","RC","","","","","facility","both","","","","107.19","107.19","","","","","","","","","","","","","Gross Charge Type: Main Acute Price List"
"NEEDLE, CHIBA  BIOPSY 18G X 9CM","Chrs5454880","CDM","272","RC","","","","","facility","both","","","","107.19","107.19","","","","","","","","","","","","","Gross Charge Type: Main Acute Price List"
"NEEDLE, CHIBA  BIOPSY 18G X 9CM","FcinMR54880","CDM","272","RC","","","","","facility","both","","","","107.19","107.19","","","","","","","","","","","","","Gross Charge Type: Main Acute Price List"
"NEEDLE, CHIBA  BIOPSY 22G X 15CM","Chrs4154884","CDM","272","RC","","","","","facility","both","","","","107.19","107.19","","","","","","","","","","","","","Gross Charge Type: Main Acute Price List"
"NEEDLE, CHIBA  BIOPSY 22G X 9CM","Hccc4154883","CDM","272","RC","","","","","facility","both","","","","107.19","107.19","","","","","","","","","","","","","Gross Charge Type: Main Acute Price List"
"NEEDLE, CHIBA 18G X 10CM","CcsbMR9302","CDM","270","RC","","","","","facility","both","","","","64.62","64.62","","","","","","","","","","","","","Gross Charge Type: Main Acute Price List"
"NEEDLE, CHIBA 18G X 10CM","FcinUS9302","CDM","270","RC","","","","","facility","both","","","","64.62","64.62","","","","","","","","","","","","","Gross Charge Type: Main Acute Price List"
"NEEDLE, CHIBA 18G X 10CM","Hccc479302","CDM","270","RC","","","","","facility","both","","","","64.62","64.62","","","","","","","","","","","","","Gross Charge Type: Main Acute Price List"
"NEEDLE, CHIBA 18G X 20CM","CcsmUS9342","CDM","270","RC","","","","","facility","both","","","","64.62","64.62","","","","","","","","","","","","","Gross Charge Type: Main Acute Price List"
"NEEDLE, CHIBA 18G X 20CM","Ccsp389342","CDM","270","RC","","","","","facility","both","","","","64.62","64.62","","","","","","","","","","","","","Gross Charge Type: Main Acute Price List"
"NEEDLE, CHIBA 19G X 20CM","FcinCT39229","CDM","272","RC","","","","","facility","both","","","","127.42","127.42","","","","","","","","","","","","","Gross Charge Type: Main Acute Price List"
"NEEDLE, CHIBA 20G X 10CM","Ccbc30205357","CDM","270","RC","","","","","facility","both","","","","64.62","64.62","","","","","","","","","","","","","Gross Charge Type: Main Acute Price List"
"NEEDLE, CHIBA 20G X 10CM","Chrs41205357","CDM","270","RC","","","","","facility","both","","","","64.62","64.62","","","","","","","","","","","","","Gross Charge Type: Main Acute Price List"
"NEEDLE, CHIBA 20G X 15CM","Ccsb41205356","CDM","270","RC","","","","","facility","both","","","","64.62","64.62","","","","","","","","","","","","","Gross Charge Type: Main Acute Price List"
"NEEDLE, CHIBA 21G X 10CM","Ccsp38211169","CDM","270","RC","","","","","facility","both","","","","53.17","53.17","","","","","","","","","","","","","Gross Charge Type: Main Acute Price List"
"NEEDLE, CHIBA 21G X 10CM","Chrs41211169","CDM","270","RC","","","","","facility","both","","","","53.17","53.17","","","","","","","","","","","","","Gross Charge Type: Main Acute Price List"
"NEEDLE, CHIBA 21G X 15CM","HcccUS23716","CDM","270","RC","","","","","facility","both","","","","64.62","64.62","","","","","","","","","","","","","Gross Charge Type: Main Acute Price List"
"NEEDLE, CHIBA 21G X 15CM","S1074123716","CDM","270","RC","","","","","facility","both","","","","64.62","64.62","","","","","","","","","","","","","Gross Charge Type: Main Acute Price List"
"NEEDLE, CHIBA 22G X 10CM","Chrs4787131","CDM","270","RC","","","","","facility","both","","","","64.62","64.62","","","","","","","","","","","","","Gross Charge Type: Main Acute Price List"
"NEEDLE, CHIBA 22G X 10CM","GastChSup87131","CDM","270","RC","","","","","facility","both","","","","64.62","64.62","","","","","","","","","","","","","Gross Charge Type: Main Acute Price List"
"NEEDLE, CHIBA 22G X 20CM","CcbcMg82859","CDM","270","RC","","","","","facility","both","","","","64.62","64.62","","","","","","","","","","","","","Gross Charge Type: Main Acute Price List"
"NEEDLE, CHIBA 22G X 20CM","CcicMR82859","CDM","270","RC","","","","","facility","both","","","","64.62","64.62","","","","","","","","","","","","","Gross Charge Type: Main Acute Price List"
"NEEDLE, CHIBA 22G X 20CM","Ccsb3882859","CDM","270","RC","","","","","facility","both","","","","64.62","64.62","","","","","","","","","","","","","Gross Charge Type: Main Acute Price List"
"NEEDLE, CHIBA 22G X 20CM","Ccsm4182859","CDM","270","RC","","","","","facility","both","","","","64.62","64.62","","","","","","","","","","","","","Gross Charge Type: Main Acute Price List"
"NEEDLE, CHIBA 22G X 20CM","CcsmCT82859","CDM","270","RC","","","","","facility","both","","","","64.62","64.62","","","","","","","","","","","","","Gross Charge Type: Main Acute Price List"
"NEEDLE, CHIBA 22G X 8IN","CcspCT212787","CDM","270","RC","","","","","facility","both","","","","6.77","6.77","","","","","","","","","","","","","Gross Charge Type: Main Acute Price List"
"NEEDLE, CHIBA 22G X 8IN","CcspUS212787","CDM","270","RC","","","","","facility","both","","","","6.77","6.77","","","","","","","","","","","","","Gross Charge Type: Main Acute Price List"
"NEEDLE, CHIBA 22G X 8IN","GyscChSup212787","CDM","270","RC","","","","","facility","both","","","","6.77","6.77","","","","","","","","","","","","","Gross Charge Type: Main Acute Price List"
"NEEDLE, CHIBA 22G X 8IN","PacuWmSup212787","CDM","270","RC","","","","","facility","both","","","","6.77","6.77","","","","","","","","","","","","","Gross Charge Type: Main Acute Price List"
"NEEDLE, CHIBA BIOPSY 19G X 10CM","CcsbCT37528","CDM","270","RC","","","","","facility","both","","","","58.28","58.28","","","","","","","","","","","","","Gross Charge Type: Main Acute Price List"
"NEEDLE, CHIBA BIOPSY 19G X 10CM","GastWmSup37528","CDM","270","RC","","","","","facility","both","","","","58.28","58.28","","","","","","","","","","","","","Gross Charge Type: Main Acute Price List"
"NEEDLE, CHIBA BIOPSY 19G X 10CM","OperWmSup37528","CDM","270","RC","","","","","facility","both","","","","58.28","58.28","","","","","","","","","","","","","Gross Charge Type: Main Acute Price List"
"NEEDLE, CHIBA, 18G X 15CM","Ccsb41105583","CDM","270","RC","","","","","facility","both","","","","64.62","64.62","","","","","","","","","","","","","Gross Charge Type: Main Acute Price List"
"NEEDLE, CHIBA, 18G X 15CM","GastWmSup105583","CDM","270","RC","","","","","facility","both","","","","64.62","64.62","","","","","","","","","","","","","Gross Charge Type: Main Acute Price List"
"NEEDLE, CHIBA, 18G X 15CM","ScpuChSup105583","CDM","270","RC","","","","","facility","both","","","","64.62","64.62","","","","","","","","","","","","","Gross Charge Type: Main Acute Price List"
"NEEDLE, CHIBA, 18G X 15CM","WilmCT105583","CDM","270","RC","","","","","facility","both","","","","64.62","64.62","","","","","","","","","","","","","Gross Charge Type: Main Acute Price List"
"NEEDLE, COAX INTRODUCER","CcicCT21734","CDM","270","RC","","","","","facility","both","","","","67.96","67.96","","","","","","","","","","","","","Gross Charge Type: Main Acute Price List"
"NEEDLE, COAX INTRODUCER","CcimMR21734","CDM","270","RC","","","","","facility","both","","","","67.96","67.96","","","","","","","","","","","","","Gross Charge Type: Main Acute Price List"
"NEEDLE, COAX INTRODUCER","CcsmCT21734","CDM","270","RC","","","","","facility","both","","","","67.96","67.96","","","","","","","","","","","","","Gross Charge Type: Main Acute Price List"
"NEEDLE, COAX INTRODUCER","EplbChSup21734","CDM","270","RC","","","","","facility","both","","","","67.96","67.96","","","","","","","","","","","","","Gross Charge Type: Main Acute Price List"
"NEEDLE, COAX TEMNO CT2215","CcicCT21733","CDM","270","RC","","","","","facility","both","","","","283.81","283.81","","","","","","","","","","","","","Gross Charge Type: Main Acute Price List"
"NEEDLE, COAX TEMNO CT2215","CcicUS21733","CDM","270","RC","","","","","facility","both","","","","283.81","283.81","","","","","","","","","","","","","Gross Charge Type: Main Acute Price List"
"NEEDLE, COAX TEMNO CT2215","CcsbMR21733","CDM","270","RC","","","","","facility","both","","","","283.81","283.81","","","","","","","","","","","","","Gross Charge Type: Main Acute Price List"
"NEEDLE, COAX TEMNO CT2215","Ccsm3821733","CDM","270","RC","","","","","facility","both","","","","283.81","283.81","","","","","","","","","","","","","Gross Charge Type: Main Acute Price List"
"NEEDLE, COAX TEMNO CT2215","MiddUS21733","CDM","270","RC","","","","","facility","both","","","","283.81","283.81","","","","","","","","","","","","","Gross Charge Type: Main Acute Price List"
"NEEDLE, COAX TEMNO CT2215","S107MR21733","CDM","270","RC","","","","","facility","both","","","","283.81","283.81","","","","","","","","","","","","","Gross Charge Type: Main Acute Price List"
"NEEDLE, COAX TEMNO CT2215","WilmCT21733","CDM","270","RC","","","","","facility","both","","","","283.81","283.81","","","","","","","","","","","","","Gross Charge Type: Main Acute Price List"
"NEEDLE, CORVOCET BIOPSY COAXIAL & BLUNT STYLET SAFTY LOCK 18G X 10CM","OperWmSup111674","CDM","272","RC","","","","","facility","both","","","","307.93","307.93","","","","","","","","","","","","","Gross Charge Type: Main Acute Price List"
"NEEDLE, CORVOCET BIOPSY COAXIAL & BLUNT STYLET SAFTY LOCK 20G X 20CM","AngiWmSup111677","CDM","272","RC","","","","","facility","both","","","","307.93","307.93","","","","","","","","","","","","","Gross Charge Type: Main Acute Price List"
"NEEDLE, CORVOCET BIOPSY COAXIAL & BLUNT STYLET SAFTY LOCK 20G X 20CM","ScanWmSup111677","CDM","272","RC","","","","","facility","both","","","","307.93","307.93","","","","","","","","","","","","","Gross Charge Type: Main Acute Price List"
"NEEDLE, CORVOCET BIOPSY COAXIAL & BLUNT STYLET SAFTY LOCK 20G X 20CM","ScorChSup111677","CDM","272","RC","","","","","facility","both","","","","307.93","307.93","","","","","","","","","","","","","Gross Charge Type: Main Acute Price List"
"NEEDLE, DELIVERY 12G X 7.5CM","GyscChSup32683","CDM","270","RC","","","","","facility","both","","","","258.17","258.17","","","","","","","","","","","","","Gross Charge Type: Main Acute Price List"
"NEEDLE, ECHO TIP PRO CORE HD FINE BIOPSY 25G","PacuChSup50975","CDM","272","RC","","","","","facility","both","","","","2186.71","2186.71","","","","","","","","","","","","","Gross Charge Type: Main Acute Price List"
"NEEDLE, ECHOTIP PROCORE BIOPSY 22GA","OperWmSup63068","CDM","272","RC","","","","","facility","both","","","","1127.24","1127.24","","","","","","","","","","","","","Gross Charge Type: Main Acute Price List"
"NEEDLE, EUS FNB ACQUIRE 19G FLEXIBLE","AngiChSup118078","CDM","272","RC","","","","","facility","both","","","","3011.81","3011.81","","","","","","","","","","","","","Gross Charge Type: Main Acute Price List"
"NEEDLE, EXPECT ENDOS US ASPIRA 19GA FLEX","OperWmSup48069","CDM","272","RC","","","","","facility","both","","","","2617.89","2617.89","","","","","","","","","","","","","Gross Charge Type: Main Acute Price List"
"NEEDLE, GORE TIPS","AngiChSup70695","CDM","272","RC","C1887","HCPCS","","","facility","both","","","","1521.46","1521.46","","","","","","","","","","","","","Gross Charge Type: Main Acute Price List"
"NEEDLE, GORE TIPS","Chrs5470695","CDM","272","RC","C1887","HCPCS","","","facility","both","","","","1521.46","1521.46","","","","","","","","","","","","","Gross Charge Type: Main Acute Price List"
"NEEDLE, HUBER REALIZE BAND","CcsbUS36265","CDM","270","RC","","","","","facility","both","","","","36.22","36.22","","","","","","","","","","","","","Gross Charge Type: Main Acute Price List"
"NEEDLE, HUBER REALIZE BAND","OperChSup36265","CDM","270","RC","","","","","facility","both","","","","36.22","36.22","","","","","","","","","","","","","Gross Charge Type: Main Acute Price List"
"NEEDLE, HUBER REALIZE BAND","ScanChSup36265","CDM","270","RC","","","","","facility","both","","","","36.22","36.22","","","","","","","","","","","","","Gross Charge Type: Main Acute Price List"
"NEEDLE, INJECTION SPINAL TIP 15""","ScpuChSup21414","CDM","270","RC","","","","","facility","both","","","","130.32","130.32","","","","","","","","","","","","","Gross Charge Type: Main Acute Price List"
"NEEDLE, INTRADISCAL 18G X 6""","S107US211084","CDM","270","RC","","","","","facility","both","","","","44.97","44.97","","","","","","","","","","","","","Gross Charge Type: Main Acute Price List"
"NEEDLE, KOPANS HOOK WIRE 5CM","Fcin4127044","CDM","278","RC","C1819","HCPCS","","","facility","both","","","","182.94","182.94","","","","","","","","","","","","","Gross Charge Type: Main Acute Price List"
"NEEDLE, KOPANS HOOK WIRE 5CM","GastWmSup27044","CDM","278","RC","C1819","HCPCS","","","facility","both","","","","182.94","182.94","","","","","","","","","","","","","Gross Charge Type: Main Acute Price List"
"NEEDLE, KOPANS HOOK WIRE 5CM","Wilm4727044","CDM","278","RC","C1819","HCPCS","","","facility","both","","","","182.94","182.94","","","","","","","","","","","","","Gross Charge Type: Main Acute Price List"
"NEEDLE, KOPANS HOOK WIRE 7CM","Ccsb4727045","CDM","278","RC","C1819","HCPCS","","","facility","both","","","","182.94","182.94","","","","","","","","","","","","","Gross Charge Type: Main Acute Price List"
"NEEDLE, KOPANS HOOK WIRE 7CM","CcsbUS27045","CDM","278","RC","C1819","HCPCS","","","facility","both","","","","182.94","182.94","","","","","","","","","","","","","Gross Charge Type: Main Acute Price List"
"NEEDLE, KOPANS HOOK WIRE 7CM","Ccsp4127045","CDM","278","RC","C1819","HCPCS","","","facility","both","","","","182.94","182.94","","","","","","","","","","","","","Gross Charge Type: Main Acute Price List"
"NEEDLE, KOPANS HOOK WIRE 7CM","ScorChSup27045","CDM","278","RC","C1819","HCPCS","","","facility","both","","","","182.94","182.94","","","","","","","","","","","","","Gross Charge Type: Main Acute Price List"
"NEEDLE, LONG INSTRODUCER 3.6IN","EplbChSup114674","CDM","272","RC","","","","","facility","both","","","","242.69","242.69","","","","","","","","","","","","","Gross Charge Type: Main Acute Price List"
"NEEDLE, MAXICELL BIOPSY 22G X 15CM","CcicCT54888","CDM","272","RC","","","","","facility","both","","","","184.17","184.17","","","","","","","","","","","","","Gross Charge Type: Main Acute Price List"
"NEEDLE, MAXICELL BIOPSY 22G X 15CM","CcimUS54888","CDM","272","RC","","","","","facility","both","","","","184.17","184.17","","","","","","","","","","","","","Gross Charge Type: Main Acute Price List"
"NEEDLE, MAXICELL BIOPSY 22G X 15CM","HcccCT54888","CDM","272","RC","","","","","facility","both","","","","184.17","184.17","","","","","","","","","","","","","Gross Charge Type: Main Acute Price List"
"NEEDLE, MAXICELL BIOPSY 22G X 15CM","PacuChSup54888","CDM","272","RC","","","","","facility","both","","","","184.17","184.17","","","","","","","","","","","","","Gross Charge Type: Main Acute Price List"
"NEEDLE, MAXICELL BIOPSY 22G X 15CM","Wilm3854888","CDM","272","RC","","","","","facility","both","","","","184.17","184.17","","","","","","","","","","","","","Gross Charge Type: Main Acute Price List"
"NEEDLE, MAXICELL BIOPSY 22G X 5CM","Ccim3854886","CDM","272","RC","","","","","facility","both","","","","184.17","184.17","","","","","","","","","","","","","Gross Charge Type: Main Acute Price List"
"NEEDLE, MAXICELL BIOPSY 22G X 5CM","ScorChSup54886","CDM","272","RC","","","","","facility","both","","","","184.17","184.17","","","","","","","","","","","","","Gross Charge Type: Main Acute Price List"
"NEEDLE, MAXICELL BIOPSY 22G X 5CM","ScpuWmSup54886","CDM","272","RC","","","","","facility","both","","","","184.17","184.17","","","","","","","","","","","","","Gross Charge Type: Main Acute Price List"
"NEEDLE, MAXICELL BIOPSY 22G X 9CM","GastChSup54887","CDM","272","RC","","","","","facility","both","","","","184.17","184.17","","","","","","","","","","","","","Gross Charge Type: Main Acute Price List"
"NEEDLE, MAXICELL BIOPSY 22G X 9CM","ScpuWmSup54887","CDM","272","RC","","","","","facility","both","","","","184.17","184.17","","","","","","","","","","","","","Gross Charge Type: Main Acute Price List"
"NEEDLE, NRG TRANSEPTAL HF EEPROM C-0 CUR","AnesWmSup76264","CDM","272","RC","","","","","facility","both","","","","3049.07","3049.07","","","","","","","","","","","","","Gross Charge Type: Main Acute Price List"
"NEEDLE, NRG TRANSEPTAL HF EEPROM C-0 CUR","DelrChSup76264","CDM","272","RC","","","","","facility","both","","","","3049.07","3049.07","","","","","","","","","","","","","Gross Charge Type: Main Acute Price List"
"NEEDLE, NRG TRANSEPTAL HF EEPROM C-1 CUR","EplbChSup76265","CDM","272","RC","","","","","facility","both","","","","3049.07","3049.07","","","","","","","","","","","","","Gross Charge Type: Main Acute Price List"
"NEEDLE, NVM5 ELECTRODE MODULE","Wilm3167015","CDM","272","RC","","","","","facility","both","","","","3695.84","3695.84","","","","","","","","","","","","","Gross Charge Type: Main Acute Price List"
"NEEDLE, OSTYCUT 15G X 10.0CM","CspuChSup26651","CDM","270","RC","","","","","facility","both","","","","394.72","394.72","","","","","","","","","","","","","Gross Charge Type: Main Acute Price List"
"NEEDLE, OSTYCUT 15G X 10.0CM","FcinUS26651","CDM","270","RC","","","","","facility","both","","","","394.72","394.72","","","","","","","","","","","","","Gross Charge Type: Main Acute Price List"
"NEEDLE, OSTYCUT 15G X 10.0CM","Hccc3826651","CDM","270","RC","","","","","facility","both","","","","394.72","394.72","","","","","","","","","","","","","Gross Charge Type: Main Acute Price List"
"NEEDLE, OSTYCUT 15G X 12.5CM","Ccsb4726652","CDM","270","RC","","","","","facility","both","","","","397.21","397.21","","","","","","","","","","","","","Gross Charge Type: Main Acute Price List"
"NEEDLE, OSTYCUT 15G X 15.0CM","CcicCT26653","CDM","270","RC","","","","","facility","both","","","","377.46","377.46","","","","","","","","","","","","","Gross Charge Type: Main Acute Price List"
"NEEDLE, OSTYCUT 15G X 15.0CM","CcthChSup26653","CDM","270","RC","","","","","facility","both","","","","377.46","377.46","","","","","","","","","","","","","Gross Charge Type: Main Acute Price List"
"NEEDLE, OSTYCUT 15G X 15.0CM","FcinUS26653","CDM","270","RC","","","","","facility","both","","","","377.46","377.46","","","","","","","","","","","","","Gross Charge Type: Main Acute Price List"
"NEEDLE, OSTYCUT 15G X 15.0CM","GastChSup26653","CDM","270","RC","","","","","facility","both","","","","377.46","377.46","","","","","","","","","","","","","Gross Charge Type: Main Acute Price List"
"NEEDLE, OSTYCUT 15G X 15.0CM","S107US26653","CDM","270","RC","","","","","facility","both","","","","377.46","377.46","","","","","","","","","","","","","Gross Charge Type: Main Acute Price List"
"NEEDLE, OSTYCUT 15G X 15.0CM","WilmCT26653","CDM","270","RC","","","","","facility","both","","","","377.46","377.46","","","","","","","","","","","","","Gross Charge Type: Main Acute Price List"
"NEEDLE, OSTYCUT 17G X 10.0CM","CcsmUS26649","CDM","270","RC","","","","","facility","both","","","","397.12","397.12","","","","","","","","","","","","","Gross Charge Type: Main Acute Price List"
"NEEDLE, OSTYCUT 17G X 10.0CM","GyscChSup26649","CDM","270","RC","","","","","facility","both","","","","397.12","397.12","","","","","","","","","","","","","Gross Charge Type: Main Acute Price List"
"NEEDLE, OSTYCUT 17G X 10.0CM","ScpuChSup26649","CDM","270","RC","","","","","facility","both","","","","397.12","397.12","","","","","","","","","","","","","Gross Charge Type: Main Acute Price List"
"NEEDLE, OSTYCUT 17G X 12.5CM","CcccCR26650","CDM","270","RC","","","","","facility","both","","","","413.25","413.25","","","","","","","","","","","","","Gross Charge Type: Main Acute Price List"
"NEEDLE, OSTYCUT 17G X 12.5CM","PacuWmSup26650","CDM","270","RC","","","","","facility","both","","","","413.25","413.25","","","","","","","","","","","","","Gross Charge Type: Main Acute Price List"
"NEEDLE, OSTYCUT 17G X 12.5CM","Wilm4126650","CDM","270","RC","","","","","facility","both","","","","413.25","413.25","","","","","","","","","","","","","Gross Charge Type: Main Acute Price List"
"NEEDLE, OSTYCUT 17G X 7.5CM","CcsmMR26648","CDM","270","RC","","","","","facility","both","","","","422.43","422.43","","","","","","","","","","","","","Gross Charge Type: Main Acute Price List"
"NEEDLE, OSTYCUT 17G X 7.5CM","Chrs4726648","CDM","270","RC","","","","","facility","both","","","","422.43","422.43","","","","","","","","","","","","","Gross Charge Type: Main Acute Price List"
"NEEDLE, OSTYCUT 17G X 7.5CM","Wilm5426648","CDM","270","RC","","","","","facility","both","","","","422.43","422.43","","","","","","","","","","","","","Gross Charge Type: Main Acute Price List"
"NEEDLE, PASSIVE CRANIAL BIOPSY","ScpuChSup40237","CDM","272","RC","","","","","facility","both","","","","3858.15","3858.15","","","","","","","","","","","","","Gross Charge Type: Main Acute Price List"
"NEEDLE, PORT ACCESS 19G X 1 INCH POWER LOC","EplbChSup34223","CDM","270","RC","","","","","facility","both","","","","44.01","44.01","","","","","","","","","","","","","Gross Charge Type: Main Acute Price List"
"NEEDLE, PORT ACCESS 19G X 1 INCH POWER LOC","OperWmSup34223","CDM","270","RC","","","","","facility","both","","","","44.01","44.01","","","","","","","","","","","","","Gross Charge Type: Main Acute Price List"
"NEEDLE, PORT ACCESS 19G X 3/4 INCH POWER LOC","Ccim3834222","CDM","270","RC","","","","","facility","both","","","","44.01","44.01","","","","","","","","","","","","","Gross Charge Type: Main Acute Price List"
"NEEDLE, PORT ACCESS 19G X 3/4 INCH POWER LOC","CcimUS34222","CDM","270","RC","","","","","facility","both","","","","44.01","44.01","","","","","","","","","","","","","Gross Charge Type: Main Acute Price List"
"NEEDLE, PORT ACCESS 19G X 3/4 INCH POWER LOC","GastChSup34222","CDM","270","RC","","","","","facility","both","","","","44.01","44.01","","","","","","","","","","","","","Gross Charge Type: Main Acute Price List"
"NEEDLE, PROSTATE BIOPSY MAXCORE 18G X 20CM","CcthChSup83287","CDM","272","RC","","","","","facility","both","","","","310.76","310.76","","","","","","","","","","","","","Gross Charge Type: Main Acute Price List"
"NEEDLE, PROSTATE BIOPSY MAXCORE 18G X 20CM","PacuWmSup83287","CDM","272","RC","","","","","facility","both","","","","310.76","310.76","","","","","","","","","","","","","Gross Charge Type: Main Acute Price List"
"NEEDLE, PROSTATE BIOPSY MAXCORE 18G X 20CM","ScpuWmSup83287","CDM","272","RC","","","","","facility","both","","","","310.76","310.76","","","","","","","","","","","","","Gross Charge Type: Main Acute Price List"
"NEEDLE, PULMONARY ARCPOINT 18G STERILE","AnesWmSup112464","CDM","272","RC","","","","","facility","both","","","","1274.23","1274.23","","","","","","","","","","","","","Gross Charge Type: Main Acute Price List"
"NEEDLE, SCORPION KNEE","CspuChSup71210","CDM","272","RC","","","","","facility","both","","","","1301.24","1301.24","","","","","","","","","","","","","Gross Charge Type: Main Acute Price List"
"NEEDLE, SCORPION MULTIFIRE","ScpuWmSup40074","CDM","272","RC","","","","","facility","both","","","","1137.08","1137.08","","","","","","","","","","","","","Gross Charge Type: Main Acute Price List"
"NEEDLE, SCORPION","GastChSup28254","CDM","270","RC","","","","","facility","both","","","","880.96","880.96","","","","","","","","","","","","","Gross Charge Type: Main Acute Price List"
"NEEDLE, SCOUT DELIVERY AND MINI REFLECTOR 7.5CM SINGLE HAND","OperWmSup114977","CDM","278","RC","A4648","HCPCS","","","facility","both","","","","2547.37","2547.37","","","","","","","","","","","","","Gross Charge Type: Main Acute Price List"
"NEEDLE, SCOUT DELIVERY AND MINI REFLECTOR 7.5CM SINGLE HAND","ScorWmSup114977","CDM","278","RC","A4648","HCPCS","","","facility","both","","","","2547.37","2547.37","","","","","","","","","","","","","Gross Charge Type: Main Acute Price List"
"NEEDLE, SCOUT DELIVERY AND REFLECTOR 5CM","OperWmSup79327","CDM","278","RC","A4648","HCPCS","","","facility","both","","","","2987.48","2987.48","","","","","","","","","","","","","Gross Charge Type: Main Acute Price List"
"NEEDLE, SCOUT DELIVERY AND REFLECTOR 7.5CM","OperWmSup79328","CDM","278","RC","A4648","HCPCS","","","facility","both","","","","2987.48","2987.48","","","","","","","","","","","","","Gross Charge Type: Main Acute Price List"
"NEEDLE, SELDINGER 3PART 18G","PacuChSup100070","CDM","270","RC","","","","","facility","both","","","","20.56","20.56","","","","","","","","","","","","","Gross Charge Type: Main Acute Price List"
"NEEDLE, SONOPLEX 20G X 6""","ScanWmSup72925","CDM","272","RC","","","","","facility","both","","","","98.56","98.56","","","","","","","","","","","","","Gross Charge Type: Main Acute Price List"
"NEEDLE, SONOPLEX 21G X 4""","GastWmSup72924","CDM","272","RC","","","","","facility","both","","","","98.56","98.56","","","","","","","","","","","","","Gross Charge Type: Main Acute Price List"
"NEEDLE, SONOPLEX 21G X 4""","ScpuWmSup72924","CDM","272","RC","","","","","facility","both","","","","98.56","98.56","","","","","","","","","","","","","Gross Charge Type: Main Acute Price List"
"NEEDLE, SPINAL 27G X 3-1/2""","CspuChSup1789","CDM","270","RC","","","","","facility","both","","","","27.17","27.17","","","","","","","","","","","","","Gross Charge Type: Main Acute Price List"
"NEEDLE, SPINAL 27G X 3-1/2""","ScanChSup1789","CDM","270","RC","","","","","facility","both","","","","27.17","27.17","","","","","","","","","","","","","Gross Charge Type: Main Acute Price List"
"NEEDLE, SPINAL ACCUTARG 20G X 5IN","OperChSup49558","CDM","272","RC","","","","","facility","both","","","","78.2","78.2","","","","","","","","","","","","","Gross Charge Type: Main Acute Price List"
"NEEDLE, STIMUQUIK 21G X 6","GastWmSup40627","CDM","270","RC","","","","","facility","both","","","","67.9","67.9","","","","","","","","","","","","","Gross Charge Type: Main Acute Price List"
"NEEDLE, SUREFIRE SCORPION","OperChSup50942","CDM","272","RC","","","","","facility","both","","","","810.87","810.87","","","","","","","","","","","","","Gross Charge Type: Main Acute Price List"
"NEEDLE, TEMNO FINE ASPIRATION 22G X 6CM","Ccsb4737140","CDM","270","RC","","","","","facility","both","","","","37.58","37.58","","","","","","","","","","","","","Gross Charge Type: Main Acute Price List"
"NEEDLE, TEMNO FINE ASPIRATION 22G X 6CM","HcccCT37140","CDM","270","RC","","","","","facility","both","","","","37.58","37.58","","","","","","","","","","","","","Gross Charge Type: Main Acute Price List"
"NEEDLE, TEMNO FINE ASPIRATION 22G X 6CM","MiddUS37140","CDM","270","RC","","","","","facility","both","","","","37.58","37.58","","","","","","","","","","","","","Gross Charge Type: Main Acute Price List"
"NEEDLE, TEMNO FINE ASPIRATION 22G X 6CM","OperChSup37140","CDM","270","RC","","","","","facility","both","","","","37.58","37.58","","","","","","","","","","","","","Gross Charge Type: Main Acute Price List"
"NEEDLE, TUOHY EPIDURAL 20G X 3-1/2""","ScorChSup31106","CDM","270","RC","","","","","facility","both","","","","80.7","80.7","","","","","","","","","","","","","Gross Charge Type: Main Acute Price List"
"NEEDLE, TUOHY EPIDURAL 20G X 3-1/2""","Wilm5431106","CDM","270","RC","","","","","facility","both","","","","80.7","80.7","","","","","","","","","","","","","Gross Charge Type: Main Acute Price List"
"NEEDLE, TUOHY EPIDURAL 20G X 5IN","CspuChSup54876","CDM","272","RC","","","","","facility","both","","","","93.94","93.94","","","","","","","","","","","","","Gross Charge Type: Main Acute Price List"
"NEEDLE, TUOHY EPIDURAL 20G X 5IN","Wilm5454876","CDM","272","RC","","","","","facility","both","","","","93.94","93.94","","","","","","","","","","","","","Gross Charge Type: Main Acute Price List"
"NEEDLE, TUOHY EPIDURAL 20G X 6IN","PacuWmSup54877","CDM","272","RC","","","","","facility","both","","","","93.94","93.94","","","","","","","","","","","","","Gross Charge Type: Main Acute Price List"
"NEEDLE, TUOHY EPIDURAL 20G X 7IN","EplbChSup76345","CDM","272","RC","","","","","facility","both","","","","93.94","93.94","","","","","","","","","","","","","Gross Charge Type: Main Acute Price List"
"NEEDLE, WHITACRE 25G X 4-11/16""","PacuWmSup204174","CDM","270","RC","","","","","facility","both","","","","76.64","76.64","","","","","","","","","","","","","Gross Charge Type: Main Acute Price List"
"NEEDLE,BREAST LOCAL 20X10","CcccCR25914","CDM","272","RC","C1769","HCPCS","","","facility","both","","","","68.49","68.49","","","","","","","","","","","","","Gross Charge Type: Main Acute Price List"
"NEEDLE,BREAST LOCAL 20X10","Ccsm4125914","CDM","272","RC","C1769","HCPCS","","","facility","both","","","","68.49","68.49","","","","","","","","","","","","","Gross Charge Type: Main Acute Price List"
"NEEDLE,BREAST LOCAL 20X10","MiddUS25914","CDM","272","RC","C1769","HCPCS","","","facility","both","","","","68.49","68.49","","","","","","","","","","","","","Gross Charge Type: Main Acute Price List"
"NEEDLE,BREAST LOCAL 20X3","Ccsb4725911","CDM","272","RC","C1769","HCPCS","","","facility","both","","","","77.57","77.57","","","","","","","","","","","","","Gross Charge Type: Main Acute Price List"
"NEEDLE,BREAST LOCAL 20X3","CcsbCT25911","CDM","272","RC","C1769","HCPCS","","","facility","both","","","","77.57","77.57","","","","","","","","","","","","","Gross Charge Type: Main Acute Price List"
"NEEDLE,BREAST LOCAL 20X3","Hccc3825911","CDM","272","RC","C1769","HCPCS","","","facility","both","","","","77.57","77.57","","","","","","","","","","","","","Gross Charge Type: Main Acute Price List"
"NEEDLE,BREAST LOCAL 20X5","Ccim4125912","CDM","272","RC","C1769","HCPCS","","","facility","both","","","","77.57","77.57","","","","","","","","","","","","","Gross Charge Type: Main Acute Price List"
"NEEDLE,BREAST LOCAL 20X5","CcimMR25912","CDM","272","RC","C1769","HCPCS","","","facility","both","","","","77.57","77.57","","","","","","","","","","","","","Gross Charge Type: Main Acute Price List"
"NEEDLE,BREAST LOCAL 20X5","WilmMR25912","CDM","272","RC","C1769","HCPCS","","","facility","both","","","","77.57","77.57","","","","","","","","","","","","","Gross Charge Type: Main Acute Price List"
"NEEDLE,NON-CORING ST 22 GA X 1.5 INFUS SET","Wilm5469277","CDM","272","RC","","","","","facility","both","","","","15.35","15.35","","","","","","","","","","","","","Gross Charge Type: Main Acute Price List"
"NEELE,HUBER 19GX3/4"" SAFETY","ScanWmSup25670","CDM","272","RC","","","","","facility","both","","","","32.49","32.49","","","","","","","","","","","","","Gross Charge Type: Main Acute Price List"
"NET, RETRIEVAL RESCUENET NET","AngiWmSup114768","CDM","272","RC","","","","","facility","both","","","","492.1","492.1","","","","","","","","","","","","","Gross Charge Type: Main Acute Price List"
"NEUROGUARD IEP 8/6/7 X 40","EplbChSup10190566","CDM","278","RC","C1874","HCPCS","","","facility","both","","","","28279.91","28279.91","","","","","","","","","","","","","Gross Charge Type: Main Acute Price List"
"NEUROLITE,DX,PER STUDY","Ccic424590","CDM","636","RC","A9557","HCPCS","11994000602","NDC","facility","both","1","EA","","3605.55","3605.55","","","","","","","","","","","","","Gross Charge Type: Main Acute Price List | NDC EA = 1.0000 UN"
"NEUROMUSCULAR REEDUCATION,EACH 15 MIN,PT","PhytHg1351","CDM","420","RC","97112","HCPCS","","","facility","both","","","GP","170.52","170.52","","","","","","","","","","","","","Gross Charge Type: Main Acute Price List | The modified price is presented in the standard charge value. | Modifier GP: Services delivered under an outpatient physical therapy plan of care"
"NEUROSTIM EXTERN BOOT 3750031","CLDRChSup78747","CDM","278","RC","","","","","facility","both","","","","412.71","412.71","","","","","","","","","","","","","Gross Charge Type: Main Acute Price List"
"NEUROSTIMULATOR, RECHARGE-FREE FOR BLADER AND BOWEL CONTROL COMPT","AngiWmSup112871","CDM","278","RC","C1767","HCPCS","","","facility","both","","","","64751.17","64751.17","","","","","","","","","","","","","Gross Charge Type: Main Acute Price List"
"NEUROSTIMULATOR, RECHARGE-FREE FOR BLADER AND BOWEL CONTROL COMPT","PacuWmSup112871","CDM","278","RC","C1767","HCPCS","","","facility","both","","","","64751.17","64751.17","","","","","","","","","","","","","Gross Charge Type: Main Acute Price List"
"NEUROSTIMULATOR,EXTERNAL INTERSTI VERIFY","Chrs5459522","CDM","272","RC","","","","","facility","both","","","","2389.98","2389.98","","","","","","","","","","","","","Gross Charge Type: Main Acute Price List"
"NONINV EXTREM ART ST,LE,TREADMIL,BIL GLB","Cdmd391807","CDM","921","RC","93924","HCPCS","","","facility","both","","","","2531.36","2531.36","","","","","","","","","","","","","Gross Charge Type: Main Acute Price List"
"NONINV EXTREMITY ART STUDY,LIM BIL GLB","Cdmd391803","CDM","921","RC","93922","HCPCS","","","facility","both","","","","976.35","976.35","","","","","","","","","","","","","Gross Charge Type: Main Acute Price List"
"NONINV EXTREMITY ART STUDY,LIM BIL PF","CcsmPf391711","CDM","960","RC","93922","HCPCS","","","facility","both","","","26","422.83","422.83","","","","","","","","","","","","","Gross Charge Type: Main Acute Price List | The modified price is presented in the standard charge value. | Modifier 26: Professional Component"
"NONINV EXTREMITY ART STUDY,LIM BIL PF","RdfVSP1711","CDM","960","RC","93922","HCPCS","","","facility","both","","","26","422.83","422.83","","","","","","","","","","","","","Gross Charge Type: Main Acute Price List | The modified price is presented in the standard charge value. | Modifier 26: Professional Component"
"NONINV EXTREMITY ART STUDY,LIM BIL Rd PFR","CcicPf392803","CDM","960","RC","93922","HCPCS","","","facility","both","","","26","422.83","422.83","","","","","","","","","","","","","Gross Charge Type: Main Acute Price List | The modified price is presented in the standard charge value. | Modifier 26: Professional Component"
"NOSECONE, CEM 23KHZ HANDPIECE","GastChSup212356","CDM","270","RC","","","","","facility","both","","","","2032.07","2032.07","","","","","","","","","","","","","Gross Charge Type: Main Acute Price List"
"NUT, 10MM 79399","ScanWmSup79399","CDM","278","RC","C1713","HCPCS","","","facility","both","","","","57.92","57.92","","","","","","","","","","","","","Gross Charge Type: Main Acute Price List"
"NUT, 10MM","PacuWmSup21257","CDM","278","RC","C1713","HCPCS","","","facility","both","","","","45.03","45.03","","","","","","","","","","","","","Gross Charge Type: Main Acute Price List"
"NUT, CONNECTING HOFFMAN LRF LONG","ScanWmSup55747","CDM","272","RC","","","","","facility","both","","","","232.84","232.84","","","","","","","","","","","","","Gross Charge Type: Main Acute Price List"
"NUT, LOCKING","CspuChSup108597","CDM","278","RC","C1713","HCPCS","","","facility","both","","","","498.94","498.94","","","","","","","","","","","","","Gross Charge Type: Main Acute Price List"
"NUT, LOCKING","ScpuChSup108597","CDM","278","RC","C1713","HCPCS","","","facility","both","","","","498.94","498.94","","","","","","","","","","","","","Gross Charge Type: Main Acute Price List"
"NUT, RETAINER PRODISC C","GastChSup73981","CDM","278","RC","C1713","HCPCS","","","facility","both","","","","377.72","377.72","","","","","","","","","","","","","Gross Charge Type: Main Acute Price List"
"NUT, RING THREADED ROD CONNECTING LRF","ScpuChSup55759","CDM","272","RC","","","","","facility","both","","","","133.05","133.05","","","","","","","","","","","","","Gross Charge Type: Main Acute Price List"
"NUT, RUSSIAN LONG","GastChSup119086","CDM","278","RC","C1713","HCPCS","","","facility","both","","","","603.72","603.72","","","","","","","","","","","","","Gross Charge Type: Main Acute Price List"
"NUT, SPEED","AngiChSup80048","CDM","278","RC","C1713","HCPCS","","","facility","both","","","","1063.05","1063.05","","","","","","","","","","","","","Gross Charge Type: Main Acute Price List"
"NUT, SPEED","GastWmSup80048","CDM","278","RC","C1713","HCPCS","","","facility","both","","","","1063.05","1063.05","","","","","","","","","","","","","Gross Charge Type: Main Acute Price List"
"NUT, STRUT SWAP ASSEMBLY MAXFRAME","GyscChSup71536","CDM","278","RC","C1713","HCPCS","","","facility","both","","","","31.6","31.6","","","","","","","","","","","","","Gross Charge Type: Main Acute Price List"
"Nasal surgery procedure","30999","HCPCS","","","","","","","facility","outpatient","","","","","","Bcbs","Highmark Medicare Managed Care Plan","243.15","","","","","","","fee schedule","243.15","767.84","APC"
"Nasal/orogastric w/tube plmt","43752","HCPCS","","","","","","","facility","outpatient","","","","","","Bcbs","Highmark Health Options Medicare Managed Care Plan","494.81","","","","","","","fee schedule","458.61","1448.23","APC"
"Nasal/orogastric w/tube plmt","43752","HCPCS","","","","","","","facility","outpatient","","","","","","Bcbs","Highmark Wholecare Medicare Managed Care Plan","531.02","","","","","","","fee schedule","458.61","1448.23","APC"
"Nasal/sinus endoscopy dx","31233","HCPCS","","","","","","","facility","outpatient","","","","","","Bcbs","Highmark All Commercial Plans","623.63","","","","","","","fee schedule","401.52","1267.96","Radiology"
"Nasal/sinus endoscopy surg","31237","HCPCS","","","","","","","facility","outpatient","","","","","","Amerihealth","Medicare Managed Care Plan","2077.28","","","","","","","fee schedule","1827.24","5770.23","APC"
"Nasal/sinus endoscopy surg","31238","HCPCS","","","","","","","facility","outpatient","","","","","","Amerihealth","Medicare Managed Care Plan","2077.28","","","","","","","fee schedule","1827.24","5770.23","APC"
"Nasal/sinus endoscopy surg","31292","HCPCS","","","","","","","facility","outpatient","","","","","","Jefferson Health Plan","Health Partners Medicare Managed Care Plan","8007.82","","","","","","","fee schedule","7245.17","22879.5","APC"
"Nasal/sinus endoscopy surg","31293","HCPCS","","","","","","","facility","outpatient","","","","","","Bcbs","Highmark All Commercial Plans","11252.9","","","","","","","fee schedule","7245.17","22879.5","Radiology"
"Nasal/sinus endoscopy surg","31293","HCPCS","","","","","","","facility","outpatient","","","","","","Healthspring","Medicare Managed Care Plan","7626.5","","","","","","","fee schedule","7245.17","22879.5","APC"
"Nasopharyngoscopy","92511","HCPCS","","","","","","","facility","outpatient","","","","","","Amerihealth","Caritas Next Other Commercial Plan","345.12","","","","","","","fee schedule","204.92","647.1","Radiology"
"Nasopharyngoscopy","92511","HCPCS","","","","","","","facility","outpatient","","","","","","Healthspring","Medicare Managed Care Plan","215.7","","","","","","","fee schedule","204.92","647.1","APC"
"Ncntc nr ifr spctrsc wnd","0640T","HCPCS","","","","","","","facility","outpatient","","","","","","Jefferson Health Plan","Health Partners Medicare Managed Care Plan","42.38","","","","","","","fee schedule","38.34","121.09","APC"
"Ndl insj w/o njx 3+ musc","20561","HCPCS","","","","","","","facility","outpatient","","","","","","Bcbs","Highmark Medicare Managed Care Plan","29.69","","","","","","","fee schedule","29.69","93.77","APC"
"Near ifr 2img mibmn glnd i&r","0507T","HCPCS","","","","","","","facility","outpatient","","","","","","Aetna","Medicare Managed Care Plan","65.66","","","","","","","fee schedule","60.56","191.25","APC"
"Neck spine fuse&remov bel c2","22551","HCPCS","","","","","","","facility","outpatient","","","","","","Bcbs","Highmark All Commercial Plans","20470.88","","","","","","","fee schedule","13180.17","41621.58","Radiology"
"Neck spine fusion","22554","HCPCS","","","","","","","facility","outpatient","","","","","","Aetna","Medicare Managed Care Plan","14290.08","","","","","","","fee schedule","13180.17","41621.58","APC"
"Neck spine fusion","22554","HCPCS","","","","","","","facility","outpatient","","","","","","Amerihealth","Medicare Managed Care Plan","14983.77","","","","","","","fee schedule","13180.17","41621.58","APC"
"Needle biopsy chest lining","32400","HCPCS","","","","","","","facility","outpatient","","","","","","Healthspring","Medicare Managed Care Plan","1784.76","","","","","","","fee schedule","1695.53","5354.29","APC"
"Neg press wound tx <=50 cm","97605","HCPCS","","","","","","","facility","outpatient","","","","","","Bcbs","Highmark Medicare Managed Care Plan","205.97","","","","","","","fee schedule","205.97","650.43","APC"
"Neg press wound tx >50 cm","97608","HCPCS","","","","","","","facility","outpatient","","","","","","Bcbs","Highmark All Commercial Plans","648.18","","","","","","","fee schedule","417.33","1317.88","Radiology"
"Neonate With Other Significant Problems","794","MS-DRG","","","","","","","facility","inpatient","","","","","","Ibc","All Commercial Plans","","","[Psych-Per Diem: 1800] [All Other IP (%BC): 89.50]","29521.83","29521.83","29521.83","1 through 10","other","","","Contracting method is an algorithm described in the 'standard_charges|algorithm' field. The allowed amount provided accounts for the structural rates, conditions, and utilization elements inherent in the payer’s algorithm."
"Neonate With Other Significant Problems","794","MS-DRG","","","","","","","facility","inpatient","","","","","","Wellcare","Medicare Managed Care Plan","14930.9","","","","","","","fee schedule","12894.87","34683.65","MSDRG Base Rate"
"Neonates, Died Or Transferred To Another Acute Care Facility","789","MS-DRG","","","","","","","facility","inpatient","","","","","","Bcbs","Highmark Health Options Medicare Managed Care Plan","16883.49","","","","","","","fee schedule","15648.12","42351.7","MSDRG Base Rate"
"Neonates, Died Or Transferred To Another Acute Care Facility","789","MS-DRG","","","","","","","facility","inpatient","","","","","","Cigna","All Commercial Plans","","","[SNF-(% BC): 60] [All Other IP (%BC): 88.46]","","","","0","other","","","No services performed during 15-month lookback period."
"Neonates, Died Or Transferred To Another Acute Care Facility","789","MS-DRG","","","","","","","facility","inpatient","","","","","","Unitedhealthcare","All Commercial Plans","","91","","","","","0","percent of total billed charges","","","No services performed during 15-month lookback period."
"Neph ckd alg rsk dbtc kdn ds","0385U","HCPCS","","","","","","","facility","outpatient","","","","","","Bcbs","Highmark All Commercial Plans","576.55","","","","","","","fee schedule","371.21","1172.25","Radiology"
"Neph ckd mult eclia tum nec","0105U","HCPCS","","","","","","","facility","outpatient","","","","","","Bcbs","Highmark Medicare Managed Care Plan","902.5","","","","","","","fee schedule","617.5","2850","APC"
"Neph ckd nuc mrs meas gfr","0259U","HCPCS","","","","","","","facility","outpatient","","","","","","Jefferson Health Plan","Health Partners Medicaid Managed Care/Aca Plan","158.13","","","","","","","fee schedule","50.07","158.13","APC"
"Neph ckd rsk hi stg kdn ds","0384U","HCPCS","","","","","","","facility","outpatient","","","","","","Ambetter","All Commercial Plans","1125","","","","","","","fee schedule","712.5","2250","Radiology"
"Neph rna pretrnspl perph bld","0319U","HCPCS","","","","","","","facility","outpatient","","","","","","Aetna","Medicare Managed Care Plan","2729.5","","","","","","","fee schedule","2517.5","7950","APC"
"Neph rna pretrnspl perph bld","0319U","HCPCS","","","","","","","facility","outpatient","","","","","","Bcbs","Highmark Health Options Medicare Managed Care Plan","2716.25","","","","","","","fee schedule","2517.5","7950","APC"
"Neph rna pretrnspl perph bld","0319U","HCPCS","","","","","","","facility","outpatient","","","","","","Jefferson Health Plan","Health Partners Medicare Managed Care Plan","2782.5","","","","","","","fee schedule","2517.5","7950","APC"
"Nervous System Neoplasms With Mcc","054","MS-DRG","","","","","","","facility","inpatient","","","","","","Amerihealth","Caritas Next Other Commercial Plan","","94","","","","","0","percent of total billed charges","","","No services performed during 15-month lookback period."
"Nervous system surgery","64999","HCPCS","","","","","","","facility","outpatient","","","","","","Bcbs","Highmark Medicare Managed Care Plan","315.12","","","","","","","fee schedule","315.12","995.1","APC"
"Neurectomy foot","28055","HCPCS","","","","","","","facility","outpatient","","","","","","Jefferson Health Plan","Health Partners Medicaid Managed Care/Aca Plan","6330.52","","","","","","","fee schedule","2004.66","6330.52","APC"
"Neuro alys b-amyl 1-42&1-40","0358U","HCPCS","","","","","","","facility","outpatient","","","","","","Amerihealth","Caritas Next Other Commercial Plan","260.5","","","","","","","fee schedule","247.48","781.5","Laboratory"
"Neuro alz ds ?amyl&tau prtn","0503U","HCPCS","","","","","","","facility","outpatient","","","","","","Aetna","Medicare Managed Care Plan","772.5","","","","","","","fee schedule","712.5","2250","APC"
"Neuro asd meas 16 c metblt","0263U","HCPCS","","","","","","","facility","outpatient","","","","","","Aetna","All Commercial Plans","832.5","","","","","","","fee schedule","712.5","2250","Laboratory"
"Neuro asd meas 16 c metblt","0263U","HCPCS","","","","","","","facility","outpatient","","","","","","Jefferson Health Plan","Health Partners Medicare Managed Care Plan","787.5","","","","","","","fee schedule","712.5","2250","APC"
"Neuro autism 32 amines alg","0063U","HCPCS","","","","","","","facility","outpatient","","","","","","First Health","Delaware Medicaid Managed Care Plan","825","","","","","","","fee schedule","712.5","2250","Laboratory"
"Neuro cere folate defncy srm","0399U","HCPCS","","","","","","","facility","outpatient","","","","","","Ambetter","All Commercial Plans","390","","","","","","","fee schedule","285","900","Laboratory"
"Neuro csf prion prtn qual","0035U","HCPCS","","","","","","","facility","outpatient","","","","","","Aetna","Medicare Managed Care Plan","557.22","","","","","","","fee schedule","351.64","1622.97","APC"
"Neuro csf prion prtn qual","0035U","HCPCS","","","","","","","facility","outpatient","","","","","","Unitedhealthcare","All Commercial Plans","540.99","","","","","","","fee schedule","351.64","1622.97",""
"Neuro csf prion prtn qual","0584U","HCPCS","","","","","","","facility","outpatient","","","","","","Ambetter","All Commercial Plans","811.48","","","","","","","fee schedule","513.94","1622.97","Radiology"
"Neuro inh ataxia dna 12 com","0216U","HCPCS","","","","","","","facility","outpatient","","","","","","Ambetter","All Commercial Plans","2305.53","","","","","","","fee schedule","1460.17","4611.06","Radiology"
"Neurobehavioral status exam","96116","HCPCS","","","","","","","facility","outpatient","","","","","","Bcbs","Highmark Wholecare Medicare Managed Care Plan","256.67","","","","","","","fee schedule","221.67","700","APC"
"Neurological eye disorders","045","MS-DRG","","","","","","","facility","inpatient","","","","","","Bcbs","Highmark All Commercial Plans","","","[Lesser Than Charges paid at %: 100] [MSDRG Base Rate: FEE SCHEDULE] [Normal Newborn-Per Diem: 6037.44] [Psych-Per Diem: 2159.84] [All Other IP (%BC): 85.44]","","","","0","other","","","No services performed during 15-month lookback period."
"Neurovascular pedicle flap","15750","HCPCS","","","","","","","facility","outpatient","","","","","","Aetna","Medicare Managed Care Plan","3944.34","","","","","","","fee schedule","3637.98","11488.36","APC"
"Neutrlzg antb sarscov2 titer","86409","HCPCS","","","","","","","facility","outpatient","","","","","","Aetna","All Commercial Plans","111.45","","","","","","","fee schedule","75.63","238.83","Radiology"
"Neutrlzg antb sarscov2 titer","86409","HCPCS","","","","","","","facility","outpatient","","","","","","Amerihealth","Caritas Next Other Commercial Plan","79.61","","","","","","","fee schedule","75.63","238.83","Laboratory"
"New Technology - Level 22 ($2001-$2500)","1522","APC","","","","","","","facility","outpatient","","","","","","Amerihealth","Medicare Managed Care Plan","","","[APC ($): FEE SCHEDULE]","5376.54","5376.54","5376.54","1 through 10","other","","","Contracting method is an algorithm described in the 'standard_charges|algorithm' field. The allowed amount provided accounts for the structural rates, conditions, and utilization elements inherent in the payer’s algorithm."
"New Technology - Level 22 ($2001-$2500)","1522","APC","","","","","","","facility","outpatient","","","","","","Bcbs","Highmark Wholecare Medicare Managed Care Plan","","","[APC ($): FEE SCHEDULE]","","","","0","other","","","No services performed during 15-month lookback period."
"New Technology - Level 26 ($4001-$4500)","1563","APC","","","","","","","facility","outpatient","","","","","","Unitedhealthcare","All Commercial Plans","","","[OP Surgery  (%BC): 91] [Observation (%BC): 91] [Emergency Department (%BC): 84] [Radiology Fee Schedule: FEE SCHEDULE] [Laboratory Fee Schedule: FEE SCHEDULE] [Occupational Therapy (%BC): 91] [Physical Therapy (%BC): 91] [Respiratory Services/Therapy  (%BC): 91] [Speech Therapy (%BC): 91] [All Other OP (%BC): 91]","","","","0","other","","","No services performed during 15-month lookback period."
"New eye exam & treatment","92018","HCPCS","","","","","","","facility","outpatient","","","","","","Ambetter","All Commercial Plans","3853.77","","","","","","","fee schedule","2440.72","7707.54","Radiology"
"Nfct agent detection gi","87505","HCPCS","","","","","","","facility","outpatient","","","","","","Bcbs","Highmark All Commercial Plans","189.29","","","","","","","fee schedule","83.39","384.87","Radiology"
"Nfct agt gntyp alys sarscov2","87913","HCPCS","","","","","","","facility","outpatient","","","","","","Jefferson Health Plan","Health Partners Medicaid Managed Care/Aca Plan","772.35","","","","","","","fee schedule","244.58","772.35","APC"
"Nfct agt hiv gnrj seq alys","0219U","HCPCS","","","","","","","facility","outpatient","","","","","","Jefferson Health Plan","Health Partners Medicaid Managed Care/Aca Plan","2175","","","","","","","fee schedule","688.75","2175","APC"
"Nfct agt sti mult amp prb tq","0402U","HCPCS","","","","","","","facility","outpatient","","","","","","Amerihealth","Caritas Next Other Commercial Plan","142.63","","","","","","","fee schedule","135.5","427.89","Laboratory"
"Nfct agt sti mult amp prb ur","0455U","HCPCS","","","","","","","facility","outpatient","","","","","","Unitedhealthcare","All Commercial Plans","142.63","","","","","","","fee schedule","135.5","427.89",""
"Nfct ds 22 trgt sars-cov-2","0202U","HCPCS","","","","","","","facility","outpatient","","","","","","Bcbs","Highmark All Commercial Plans","614.96","","","","","","","fee schedule","395.94","1250.34","Radiology"
"Nfct ds 22 trgt sars-cov-2","0223U","HCPCS","","","","","","","facility","outpatient","","","","","","Amerihealth","Medicare Managed Care Plan","450.12","","","","","","","fee schedule","395.94","1250.34","APC"
"Nfct ds bct fngl/viral semiq","0441U","HCPCS","","","","","","","facility","outpatient","","","","","","Amerihealth","Caritas Next Other Commercial Plan","444.08","","","","","","","fee schedule","421.88","1332.24","Laboratory"
"Nfct ds bct/vir 32genes mrna","0588U","HCPCS","","","","","","","facility","outpatient","","","","","","First Health","Delaware Medicaid Managed Care Plan","836","","","","","","","fee schedule","722","2280","Laboratory"
"Nfct ds bct/viral trail ip10","0351U","HCPCS","","","","","","","facility","outpatient","","","","","","First Health","Delaware Medicaid Managed Care Plan","286.55","","","","","","","fee schedule","247.48","781.5","Laboratory"
"Nfct ds bct/viral trail ip10","0351U","HCPCS","","","","","","","facility","outpatient","","","","","","Jefferson Health Plan","Health Partners Medicare Managed Care Plan","273.53","","","","","","","fee schedule","247.48","781.5","APC"
"Nfct ds bv dna mrk vag fluid","0557U","HCPCS","","","","","","","facility","outpatient","","","","","","Aetna","Medicare Managed Care Plan","270.88","","","","","","","fee schedule","249.84","788.97","APC"
"Nfct ds bv&vaginitis dna alg","81514","HCPCS","","","","","","","facility","outpatient","","","","","","Amerihealth","Caritas Next Other Commercial Plan","420.78","","","","","","","fee schedule","249.84","788.97","Radiology"
"Nfct ds chrnc hcv 6 assays","81596","HCPCS","","","","","","","facility","outpatient","","","","","","Aetna","All Commercial Plans","101.07","","","","","","","fee schedule","46.92","216.57","Radiology"
"Nfct ds dna&rna 21 sarscov2","0225U","HCPCS","","","","","","","facility","outpatient","","","","","","Aetna","Medicare Managed Care Plan","429.28","","","","","","","fee schedule","395.94","1250.34","APC"
"Nfct ds pthgn-sna 10vir&4bct","0564U","HCPCS","","","","","","","facility","outpatient","","","","","","Aetna","Medicare Managed Care Plan","429.28","","","","","","","fee schedule","395.94","1250.34","APC"
"Nfct ds pthgn-sna 11vir&4bct","0563U","HCPCS","","","","","","","facility","outpatient","","","","","","Aetna","Medicare Managed Care Plan","429.28","","","","","","","fee schedule","395.94","1250.34","APC"
"Nfct ds vag infctj id 32orgs","0505U","HCPCS","","","","","","","facility","outpatient","","","","","","Ambetter","All Commercial Plans","883.7","","","","","","","fee schedule","645.78","2039.31","Laboratory"
"Nfct ds vag infctj id 32orgs","0505U","HCPCS","","","","","","","facility","outpatient","","","","","","Bcbs","Highmark Health Options Medicare Managed Care Plan","696.76","","","","","","","fee schedule","645.78","2039.31","APC"
"Nitroblue tetrazolium dye","86384","HCPCS","","","","","","","facility","outpatient","","","","","","First Health","Delaware Medicaid Managed Care Plan","14.97","","","","","","","fee schedule","8.85","40.83","Laboratory"
"Njx aa&/strd nrv nrvtg si jt","64451","HCPCS","","","","","","","facility","outpatient","","","","","","Amerihealth","Caritas Next Other Commercial Plan","1220.47","","","","","","","fee schedule","724.66","2288.39","Radiology"
"Njx aa&/strd nrv nrvtg si jt","64451","HCPCS","","","","","","","facility","outpatient","","","","","","Healthspring","Medicare Managed Care Plan","762.8","","","","","","","fee schedule","724.66","2288.39","APC"
"Njx b1 sub mtrl sbchdrl dfct","0707T","HCPCS","","","","","","","facility","outpatient","","","","","","Aetna","Medicare Managed Care Plan","3641.9","","","","","","","fee schedule","3359.03","10607.46","APC"
"Njx interlaminar crv/thrc","62320","HCPCS","","","","","","","facility","outpatient","","","","","","Bcbs","Highmark All Commercial Plans","1125.51","","","","","","","fee schedule","724.66","2288.39","Radiology"
"Njx interlaminar crv/thrc","62321","HCPCS","","","","","","","facility","outpatient","","","","","","Aetna","Medicare Managed Care Plan","785.68","","","","","","","fee schedule","724.66","2288.39","APC"
"Njx interlaminar lmbr/sac","62322","HCPCS","","","","","","","facility","outpatient","","","","","","Aetna","All Commercial Plans","1338.1","","","","","","","fee schedule","908","2867.36","Radiology"
"Njx interlaminar lmbr/sac","62323","HCPCS","","","","","","","facility","outpatient","","","","","","Bcbs","Highmark Wholecare Medicare Managed Care Plan","839.08","","","","","","","fee schedule","724.66","2288.39","APC"
"Njx interlaminar lmbr/sac","62326","HCPCS","","","","","","","facility","outpatient","","","","","","Amerihealth","Caritas Next Other Commercial Plan","1529.26","","","","","","","fee schedule","908","2867.36","Radiology"
"Njx interlaminar lmbr/sac","62327","HCPCS","","","","","","","facility","outpatient","","","","","","Jefferson Health Plan","Health Partners Medicare Managed Care Plan","1003.58","","","","","","","fee schedule","908","2867.36","APC"
"Njx noncmpnd sclrsnt mlt vn","36466","HCPCS","","","","","","","facility","outpatient","","","","","","Amerihealth","Caritas Next Other Commercial Plan","3567.43","","","","","","","fee schedule","2118.16","6688.93","Radiology"
"Njx paravert w/us cer/thor","0213T","HCPCS","","","","","","","facility","outpatient","","","","","","Ambetter","All Commercial Plans","1433.68","","","","","","","fee schedule","908","2867.36","Radiology"
"Njx paravert w/us cer/thor","0213T","HCPCS","","","","","","","facility","outpatient","","","","","","Amerihealth","Medicare Managed Care Plan","1032.25","","","","","","","fee schedule","908","2867.36","APC"
"Njx platelet plasma","0232T","HCPCS","","","","","","","facility","outpatient","","","","","","Jefferson Health Plan","Health Partners Medicare Managed Care Plan","506.88","","","","","","","fee schedule","458.61","1448.23","APC"
"Nk cells total count","86357","HCPCS","","","","","","","facility","outpatient","","","","","","Ambetter","All Commercial Plans","49.05","","","","","","","fee schedule","24.52","113.19","Laboratory"
"No Longer Valid","214","MS-DRG","","","","","","","facility","inpatient","","","","","","Amerihealth","Caritas Next Other Commercial Plan","","94","","","","","0","percent of total billed charges","","","No services performed during 15-month lookback period."
"No Longer Valid","400","MS-DRG","","","","","","","facility","inpatient","","","","","","Bcbs","Highmark Wholecare Medicaid Managed Care Plan","","","[Inpatient Services: Payer leverages state specific Medicaid payment methodology. Available, referenceable algorithm logic found here: https://www.pa.gov/agencies/dhs/resources/for-providers]","","","","0","other","","","No services performed during 15-month lookback period."
"Nocardia antibody","86744","HCPCS","","","","","","","facility","outpatient","","","","","","Aetna","Medicare Managed Care Plan","16.47","","","","","","","fee schedule","10.39","47.97","APC"
"Non-Bacterial Infection Of Nervous System Except Viral Meningitis With Mcc","097","MS-DRG","","","","","","","facility","inpatient","","","","","","Bcbs","Highmark Wholecare Medicare Managed Care Plan","","","[MSDRG Base Rate: FEE SCHEDULE]","","","","0","other","","","No services performed during 15-month lookback period."
"Non-Extensive Burns","935","MS-DRG","","","","","","","facility","inpatient","","","","","","Amerihealth","Medicare Managed Care Plan","20262.37","","","","","","","fee schedule","17823.38","48410","MSDRG Base Rate"
"Non-Extensive Burns","935","MS-DRG","","","","","","","facility","inpatient","","","","","","Bcbs","Highmark Health Options Medicaid Managed Care Plan","","","[Inpatient Services: Payer leverages state specific Medicaid payment methodology. Available, referenceable algorithm logic found here: https://medicaidpublications.dhss.delaware.gov/docs/search]","","","","0","other","","","No services performed during 15-month lookback period."
"Non-Extensive O.R. Procedures Unrelated To Principal Diagnosis With Cc","988","MS-DRG","","","","","","","facility","inpatient","","","","","","Aetna - Md","Better Health Medicaid Managed Care Plan","","","[Inpatient Services: Payer leverages state specific Medicaid payment methodology. Available, referenceable algorithm logic found here: https://health.maryland.gov/mmcp/provider/Pages/default.aspx]","","","","0","other","","","No services performed during 15-month lookback period."
"Non-Extensive O.R. Procedures Unrelated To Principal Diagnosis With Cc","988","MS-DRG","","","","","","","facility","inpatient","","","","","","Amerihealth","Medicare Managed Care Plan","","","[MSDRG Base Rate: FEE SCHEDULE]","","","","0","other","","","No services performed during 15-month lookback period."
"Non-Extensive O.R. Procedures Unrelated To Principal Diagnosis With Mcc","987","MS-DRG","","","","","","","facility","inpatient","","","","","","Ibc","Medicare Managed Care Plan","30915.39","","","","","","","fee schedule","29369.62","80567.4","MSDRG Base Rate"
"Non-Extensive O.R. Procedures Unrelated To Principal Diagnosis Without Cc/Mcc","989","MS-DRG","","","","","","","facility","inpatient","","","","","","Bcbs","Highmark Medicare Managed Care Plan","10560.14","","","","","","","fee schedule","10560.14","28181.2","MSDRG Base Rate"
"Non-Malignant Breast Disorders Without Cc/Mcc","601","MS-DRG","","","","","","","facility","inpatient","","","","","","Aetna","Medicare Managed Care Plan","","","[MSDRG Base Rate: FEE SCHEDULE] [Psych-Per Diem: 1065] [Rehab-Per Diem: 1598] [SNF-Per Diem: 365]","","","","0","other","","","No services performed during 15-month lookback period."
"Non-Malignant Breast Disorders Without Cc/Mcc","601","MS-DRG","","","","","","","facility","inpatient","","","","","","Unitedhealthcare","All Commercial Plans","","91","","","","","0","percent of total billed charges","","","No services performed during 15-month lookback period."
"Non-OPPS Clinic Services","N700","APC","","","","","","","facility","outpatient","","","","","","Jefferson Health Plan","Health Partners Medicaid Managed Care/Aca Plan","","","[Outpatient Services: Payer leverages state specific Medicaid payment methodology. Available, referenceable algorithm logic found here: https://www.pa.gov/agencies/dhs/resources/for-providers] [APC ($): FEE SCHEDULE]","","","","0","other","","","No services performed during 15-month lookback period."
"Non-cov proc, clinical trial","G0294","HCPCS","","","","","","","facility","outpatient","","","","","","Jefferson Health Plan","Health Partners Medicaid Managed Care/Aca Plan","121.09","","","","","","","fee schedule","38.34","121.09","APC"
"Non-cov surg proc,clin trial","G0293","HCPCS","","","","","","","facility","outpatient","","","","","","Aetna","All Commercial Plans","56.51","","","","","","","fee schedule","38.34","121.09","Radiology"
"Non-cov surg proc,clin trial","G0293","HCPCS","","","","","","","facility","outpatient","","","","","","Ambetter","All Commercial Plans","60.54","","","","","","","fee schedule","38.34","121.09","Radiology"
"Non-cov surg proc,clin trial","G0293","HCPCS","","","","","","","facility","outpatient","","","","","","Bcbs","Highmark All Commercial Plans","59.56","","","","","","","fee schedule","38.34","121.09","Radiology"
"Non-covered Services","N900","APC","","","","","","","facility","outpatient","","","","","","First Health","Delaware Medicaid Managed Care Plan","","","[OP Surgery  (%BC): 78] [Observation ($): 4500] [Emergency Department ($): 251.44] [Clinic Visit ($): 186.63] [Radiology Fee Schedule: FEE SCHEDULE] [Laboratory Fee Schedule: FEE SCHEDULE] [Occupational Therapy (%BC): 78] [Physical Therapy (%BC): 78] [Respiratory Services/Therapy  (%BC): 78] [Speech Therapy (%BC): 78] [All Other OP (%BC): 78]","","","","0","other","","","No services performed during 15-month lookback period."
"Nontraumatic Stupor And Coma Without Mcc","081","MS-DRG","","","","","","","facility","inpatient","","","","","","Aetna - Nj","Better Health Medicaid Managed Care Plan","","","[Inpatient Services: Payer leverages state specific Medicaid payment methodology. Available, referenceable algorithm logic found here: https://www.nj.gov/health/hcf/]","","","","0","other","","","No services performed during 15-month lookback period."
"Noonan spectrum disorders","81442","HCPCS","","","","","","","facility","outpatient","","","","","","Aetna","All Commercial Plans","3001.04","","","","","","","fee schedule","1393.34","6430.8","Radiology"
"Noonan spectrum disorders","81442","HCPCS","","","","","","","facility","outpatient","","","","","","Bcbs","Highmark Medicare Managed Care Plan","2036.42","","","","","","","fee schedule","1393.34","6430.8","APC"
"Normal Newborn","795","MS-DRG","","","","","","","facility","inpatient","","","","","","Bcbs","Highmark Wholecare Medicare Managed Care Plan","","","[MSDRG Base Rate: FEE SCHEDULE]","","","","0","other","","","No services performed during 15-month lookback period."
"Nos Quant Sensory Test","0110T","HCPCS","","","","","","","facility","outpatient","","","","","","Bcbs","Highmark All Commercial Plans","212.14","","","","","","","fee schedule","136.59","431.33","Radiology"
"Npm1 gene analysis quan","0049U","HCPCS","","","","","","","facility","outpatient","","","","","","Bcbs","Highmark Medicare Managed Care Plan","387.06","","","","","","","fee schedule","160.22","1222.29","APC"
"Npm1 gene","81310","HCPCS","","","","","","","facility","outpatient","","","","","","Bcbs","Highmark All Commercial Plans","363.74","","","","","","","fee schedule","160.24","739.56","Radiology"
"Nrpsyc tst eval phys/qhp 1st","96132","HCPCS","","","","","","","facility","outpatient","","","","","","Bcbs","Highmark All Commercial Plans","594.99","","","","","","","fee schedule","383.08","1209.74","Radiology"
"Nrv cndj test 11-12 studies","95912","HCPCS","","","","","","","facility","outpatient","","","","","","Healthspring","Medicare Managed Care Plan","403.25","","","","","","","fee schedule","383.08","1209.74","APC"
"Nrv cndj test 13/> studies","95913","HCPCS","","","","","","","facility","outpatient","","","","","","Amerihealth","Medicare Managed Care Plan","435.5","","","","","","","fee schedule","383.08","1209.74","APC"
"Nrv cndj test 7-8 studies","95910","HCPCS","","","","","","","facility","outpatient","","","","","","Amerihealth","Caritas Next Other Commercial Plan","645.19","","","","","","","fee schedule","383.08","1209.74","Radiology"
"Nrv cndj test 9-10 studies","95911","HCPCS","","","","","","","facility","outpatient","","","","","","Bcbs","Highmark Medicare Managed Care Plan","383.08","","","","","","","fee schedule","383.08","1209.74","APC"
"Nrv cndj test 9-10 studies","95911","HCPCS","","","","","","","facility","outpatient","","","","","","Healthspring","Medicare Managed Care Plan","403.25","","","","","","","fee schedule","383.08","1209.74","APC"
"Ntrk translocation analysis","81194","HCPCS","","","","","","","facility","outpatient","","","","","","Jefferson Health Plan","Health Partners Medicare Managed Care Plan","544.19","","","","","","","fee schedule","492.37","1554.84","APC"
"Ntrk2 translocation analysis","81192","HCPCS","","","","","","","facility","outpatient","","","","","","Amerihealth","Caritas Next Other Commercial Plan","207.31","","","","","","","fee schedule","196.94","621.93","Laboratory"
"Nuclear antigen antibody","86235","HCPCS","","","","","","","facility","outpatient","","","","","","Ambetter","All Commercial Plans","23.31","","","","","","","fee schedule","11.65","53.79","Laboratory"
"Nuclear diagnostic exam","78999","HCPCS","","","","","","","facility","outpatient","","","","","","Ambetter","All Commercial Plans","648.01","","","","","","","fee schedule","410.4","1296.01","Radiology"
"Nuclear matrix protein 22","86386","HCPCS","","","","","","","facility","outpatient","","","","","","Bcbs","Highmark Health Options Medicare Managed Care Plan","22.32","","","","","","","fee schedule","14.16","65.34","APC"
"Nuclear matrix protein 22","86386","HCPCS","","","","","","","facility","outpatient","","","","","","Unitedhealthcare","All Commercial Plans","21.78","","","","","","","fee schedule","14.16","65.34",""
"Nuclear medicine therapy","79999","HCPCS","","","","","","","facility","outpatient","","","","","","Unitedhealthcare","All Commercial Plans","452.24","","","","","","","fee schedule","239.54","756.45",""
"Nuclear rx intra-arterial","79445","HCPCS","","","","","","","facility","outpatient","","","","","","Aetna","Medicare Managed Care Plan","259.71","","","","","","","fee schedule","239.54","756.45","APC"
"Nuclear rx intra-arterial","79445","HCPCS","","","","","","","facility","outpatient","","","","","","Bcbs","Highmark Wholecare Medicare Managed Care Plan","277.36","","","","","","","fee schedule","239.54","756.45","APC"
"Nuclear rx intra-arterial","79445","HCPCS","","","","","","","facility","outpatient","","","","","","Healthspring","Medicare Managed Care Plan","252.15","","","","","","","fee schedule","239.54","756.45","APC"
"O.R. Procedures For Obesity With Cc","620","MS-DRG","","","","","","","facility","inpatient","","","","","","Bcbs","Highmark Wholecare Medicare Managed Care Plan","","","[MSDRG Base Rate: FEE SCHEDULE]","","","","0","other","","","No services performed during 15-month lookback period."
"O.R. Procedures For Obesity With Cc","620","MS-DRG","","","","","","","facility","inpatient","","","","","","Bcbs","Highmark Wholecare Medicare Managed Care Plan","16146.3","","","","","","","fee schedule","13944.53","38324.14","MSDRG Base Rate"
"O.R. Procedures For Obesity With Cc","620","MS-DRG","","","","","","","facility","inpatient","","","","","","Ibc","All Commercial Plans","","","[Psych-Per Diem: 1800] [All Other IP (%BC): 89.50]","","","","0","other","","","No services performed during 15-month lookback period."
"O.R. Procedures For Obesity With Mcc","619","MS-DRG","","","","","","","facility","inpatient","","","","","","Healthspring","Medicare Managed Care Plan","","","[MSDRG Base Rate: FEE SCHEDULE]","","","","0","other","","","No services performed during 15-month lookback period."
"O.R. Procedures For Obesity Without Cc/Mcc","621","MS-DRG","","","","","","","facility","inpatient","","","","","","Cigna","All Commercial Plans","","","[SNF-(% BC): 60] [All Other IP (%BC): 88.46]","","","","0","other","","","No services performed during 15-month lookback period."
"O.R. Procedures With Diagnoses Of Other Contact With Health Services With Cc","940","MS-DRG","","","","","","","facility","inpatient","","","","","","Bcbs","Highmark Health Options Medicare Managed Care Plan","21751.35","","","","","","","fee schedule","20159.79","54917.15","MSDRG Base Rate"
"O.R. Procedures With Diagnoses Of Other Contact With Health Services Without Cc/Mcc","941","MS-DRG","","","","","","","facility","inpatient","","","","","","Bcbs","Highmark Health Options Medicare Managed Care Plan","","","[MSDRG Base Rate: FEE SCHEDULE]","","","","0","other","","","No services performed during 15-month lookback period."
"O.R. Procedures With Diagnoses Of Other Contact With Health Services Without Cc/Mcc","941","MS-DRG","","","","","","","facility","inpatient","","","","","","Bcbs","Highmark Wholecare Medicaid Managed Care Plan","","","[Inpatient Services: Payer leverages state specific Medicaid payment methodology. Available, referenceable algorithm logic found here: https://www.pa.gov/agencies/dhs/resources/for-providers]","","","","0","other","","","No services performed during 15-month lookback period."
"O.R. Procedures With Principal Diagnosis Of Mental Illness","876","MS-DRG","","","","","","","facility","inpatient","","","","","","Ambetter","All Commercial Plans","","91","","","","","0","percent of total billed charges","","","No services performed during 15-month lookback period."
"O.T.-DRESSING SUPPLY,INTERMEDIATE","OcthWm1075","CDM","270","RC","","","","","facility","both","","","","50.32","50.32","","","","","","","","","","","","","Gross Charge Type: Main Acute Price List"
"OBTURATOR, BLADELESS 8MM","Wilm5434891","CDM","270","RC","","","","","facility","both","","","","154","154","","","","","","","","","","","","","Gross Charge Type: Main Acute Price List"
"OBTURATOR, BLADELESS LONG 8MM","CspuChSup34892","CDM","270","RC","","","","","facility","both","","","","144.8","144.8","","","","","","","","","","","","","Gross Charge Type: Main Acute Price List"
"OBTURATOR, BLADELESS LONG 8MM","ScpuChSup34892","CDM","270","RC","","","","","facility","both","","","","144.8","144.8","","","","","","","","","","","","","Gross Charge Type: Main Acute Price List"
"OBTURATOR, BLADELESS XI 8MM LONG","CspuChSup60315","CDM","272","RC","","","","","facility","both","","","","194.04","194.04","","","","","","","","","","","","","Gross Charge Type: Main Acute Price List"
"OBTURATOR, BLADELESS XI 8MM LONG","ScorChSup60315","CDM","272","RC","","","","","facility","both","","","","194.04","194.04","","","","","","","","","","","","","Gross Charge Type: Main Acute Price List"
"OBTURATOR, BLADELESS XI 8MM LONG","ScpuChSup60315","CDM","272","RC","","","","","facility","both","","","","194.04","194.04","","","","","","","","","","","","","Gross Charge Type: Main Acute Price List"
"OCCLUDER, AMPLATZER PFO 18MM 70224","ScpuChSup70224","CDM","278","RC","C1817","HCPCS","","","facility","both","","","","57890.54","57890.54","","","","","","","","","","","","","Gross Charge Type: Main Acute Price List"
"OCCLUDER, AMPLATZER PFO 25MM","Chrs5470225","CDM","278","RC","C1817","HCPCS","","","facility","both","","","","61566.59","61566.59","","","","","","","","","","","","","Gross Charge Type: Main Acute Price List"
"OCCLUDER, AMPLATZER PI MUSCULAR VSD 10FR 24MM 45DEG.","GastWmSup108836","CDM","278","RC","C1817","HCPCS","","","facility","both","","","","37879.35","37879.35","","","","","","","","","","","","","Gross Charge Type: Main Acute Price List"
"OCCLUDER, AMPLATZER SEPTAL 20MM","PacuChSup23900","CDM","272","RC","C1817","HCPCS","","","facility","both","","","","48581.86","48581.86","","","","","","","","","","","","","Gross Charge Type: Main Acute Price List"
"OCCLUDER, AMPLATZER SEPTAL 22MM","GastChSup23901","CDM","272","RC","C1817","HCPCS","","","facility","both","","","","45834.61","45834.61","","","","","","","","","","","","","Gross Charge Type: Main Acute Price List"
"OCCLUDER, AMPLATZER SEPTAL 26MM","CcthChSup25989","CDM","272","RC","","","","","facility","both","","","","45681.11","45681.11","","","","","","","","","","","","","Gross Charge Type: Main Acute Price List"
"OCCLUDER, AMPLATZER SEPTAL 26MM","ScpuWmSup25989","CDM","272","RC","","","","","facility","both","","","","45681.11","45681.11","","","","","","","","","","","","","Gross Charge Type: Main Acute Price List"
"OCCLUDER, AMPLATZER SEPTAL 28MM","ScanWmSup25235","CDM","272","RC","C1817","HCPCS","","","facility","both","","","","48581.86","48581.86","","","","","","","","","","","","","Gross Charge Type: Main Acute Price List"
"OCCLUDER, AMPLATZER SEPTAL 8MM","AngiWmSup23888","CDM","272","RC","C1817","HCPCS","","","facility","both","","","","48581.86","48581.86","","","","","","","","","","","","","Gross Charge Type: Main Acute Price List"
"OCCLUDER, CRIBIFORM 25MM","ScpuChSup32496","CDM","272","RC","","","","","facility","both","","","","45681.11","45681.11","","","","","","","","","","","","","Gross Charge Type: Main Acute Price List"
"OCCLUDER, CRIBIFORM 30MM","ScpuWmSup35195","CDM","278","RC","C1817","HCPCS","","","facility","both","","","","48504.7","48504.7","","","","","","","","","","","","","Gross Charge Type: Main Acute Price List"
"OCCLUDER, CRIBIFORM 30MM","Wilm5435195","CDM","278","RC","C1817","HCPCS","","","facility","both","","","","48504.7","48504.7","","","","","","","","","","","","","Gross Charge Type: Main Acute Price List"
"OIL, SILICONE (ADATOSIL 5000)","OperChSup104871","CDM","270","RC","","","","","facility","both","","","","2833.18","2833.18","","","","","","","","","","","","","Gross Charge Type: Main Acute Price List"
"OPEN FEMORAL ARTERY EXP FOR DELIVERY OF ENDOVASCULAR PROSTHESIS,GROIN INCISION,UNI","CcthCh34812","CDM","360","RC","34812","HCPCS","","","facility","both","","","","5000","5000","","","","","","","","","","","","","Gross Charge Type: Main Acute Price List"
"OPEN FIT SPEAKERS-EACH","AudiWm1366","CDM","270","RC","","","","","facility","both","","","","255.65","255.65","","","","","","","","","","","","","Gross Charge Type: Main Acute Price List"
"OPPONENS","OcthWm1776","CDM","270","RC","","","","","facility","both","","","","62.21","62.21","","","","","","","","","","","","","Gross Charge Type: Main Acute Price List"
"ORISE GEL SUBMUCOSAL LIFTING AGENT","AngiChSup111351","CDM","270","RC","","","","","facility","both","","","","550.24","550.24","","","","","","","","","","","","","Gross Charge Type: Main Acute Price List"
"ORISE, PROKNIFE 1.5MM ELECTRODE","CspuChSup111347","CDM","270","RC","","","","","facility","both","","","","5081.79","5081.79","","","","","","","","","","","","","Gross Charge Type: Main Acute Price List"
"ORTHOTIC FITTING/TRAINING,EACH 15 MIN,OT","OcthCh1031","CDM","430","RC","97760","HCPCS","","","facility","both","","","GO","161.46","161.46","","","","","","","","","","","","","Gross Charge Type: Main Acute Price List | The modified price is presented in the standard charge value. | Modifier GO: Services delivered under an outpatient occupational therapy plan of care"
"ORTHOTIC FITTING/TRAINING,EACH 15 MIN,OT","OcthMd1031","CDM","430","RC","97760","HCPCS","","","facility","both","","","GO","161.46","161.46","","","","","","","","","","","","","Gross Charge Type: Main Acute Price List | The modified price is presented in the standard charge value. | Modifier GO: Services delivered under an outpatient occupational therapy plan of care"
"ORTHOTIC FITTING/TRAINING,EACH 15 MIN,PT","PhytPm1505","CDM","420","RC","97760","HCPCS","","","facility","both","","","GP","161.46","161.46","","","","","","","","","","","","","Gross Charge Type: Main Acute Price List | The modified price is presented in the standard charge value. | Modifier GP: Services delivered under an outpatient physical therapy plan of care"
"ORTHOTIC/PROSTHETIC CHECK,EACH 15 MIN,PT","PhytCo3055","CDM","420","RC","97763","HCPCS","","","facility","both","","","GP","133.5","133.5","","","","","","","","","","","","","Gross Charge Type: Main Acute Price List | The modified price is presented in the standard charge value. | Modifier GP: Services delivered under an outpatient physical therapy plan of care"
"OSTEOTOME, RADIAL 10X5MM","ScanChSup70882","CDM","272","RC","","","","","facility","both","","","","3104.49","3104.49","","","","","","","","","","","","","Gross Charge Type: Main Acute Price List"
"OSTEOTOME, RADIAL 20MMX5","ScpuChSup113277","CDM","272","RC","","","","","facility","both","","","","5699.28","5699.28","","","","","","","","","","","","","Gross Charge Type: Main Acute Price List"
"OTOACOUSTIC EMISSIONS TEST,LIMITED","AudiCh2096","CDM","471","RC","92587","HCPCS","","","facility","both","","","","307.51","307.51","","","","","","","","","","","","","Gross Charge Type: Main Acute Price List"
"OVERDRILL, AO 2.7X122MM","GastChSup77267","CDM","272","RC","","","","","facility","both","","","","967.08","967.08","","","","","","","","","","","","","Gross Charge Type: Main Acute Price List"
"OVERDRILL, AO 2.7X122MM","ScanWmSup77267","CDM","272","RC","","","","","facility","both","","","","967.08","967.08","","","","","","","","","","","","","Gross Charge Type: Main Acute Price List"
"OVERDRILL, AO 3.5X122MM","Wilm5472079","CDM","272","RC","","","","","facility","both","","","","967.08","967.08","","","","","","","","","","","","","Gross Charge Type: Main Acute Price List"
"OXYGENATOR, PUMP HILITE 7.0L","PacuChSup80150","CDM","272","RC","","","","","facility","both","","","","7234.15","7234.15","","","","","","","","","","","","","Gross Charge Type: Main Acute Price List"
"Ob pe biochem asy sfit1&pigf","0482U","HCPCS","","","","","","","facility","outpatient","","","","","","Bcbs","Highmark Health Options Medicare Managed Care Plan","132.04","","","","","","","fee schedule","122.38","386.46","APC"
"Ob pe kdr eng&rbp4 ia alg","0390U","HCPCS","","","","","","","facility","outpatient","","","","","","Bcbs","Highmark Health Options Medicare Managed Care Plan","66.02","","","","","","","fee schedule","61.19","193.23","APC"
"Ob prtrm brth ibp4 shbg meas","0247U","HCPCS","","","","","","","facility","outpatient","","","","","","Ambetter","All Commercial Plans","1125","","","","","","","fee schedule","712.5","2250","Radiology"
"Ob us >/= 14 wks sngl fetus","76805","HCPCS","","","","","","","facility","outpatient","","","","","","Aetna","Medicare Managed Care Plan","116.36","","","","","","","fee schedule","107.33","338.93","APC"
"Ob us follow-up per fetus","76816","HCPCS","","","","","","","facility","outpatient","","","","","","Bcbs","Highmark Wholecare Medicare Managed Care Plan","124.27","","","","","","","fee schedule","107.33","338.93","APC"
"Ob us nuchal meas 1 gest","76813","HCPCS","","","","","","","facility","outpatient","","","","","","Amerihealth","Medicare Managed Care Plan","122.01","","","","","","","fee schedule","107.33","338.93","APC"
"Ob us nuchal meas 1 gest","76813","HCPCS","","","","","","","facility","outpatient","","","","","","Bcbs","Highmark Wholecare Medicare Managed Care Plan","124.27","","","","","","","fee schedule","107.33","338.93","APC"
"Observation, Other","N811","APC","","","","","","","facility","outpatient","","","","","","Jefferson Health Plan","Health Partners Medicare Managed Care Plan","","","[APC ($): FEE SCHEDULE]","","","","0","other","","","No services performed during 15-month lookback period."
"Obstetrical care","59409","HCPCS","","","","","","","facility","outpatient","","","","","","Aetna","Medicare Managed Care Plan","3603.08","","","","","","","fee schedule","3323.23","10494.4","APC"
"Obtaining screen pap smear","Q0091","HCPCS","","","","","","","facility","outpatient","","","","","","Aetna","Medicare Managed Care Plan","32.19","","","","","","","fee schedule","25.23","93.77","APC"
"Occlude fallopian tube(s)","58615","HCPCS","","","","","","","facility","outpatient","","","","","","Jefferson Health Plan","Health Partners Medicare Managed Care Plan","3673.04","","","","","","","fee schedule","3323.23","10494.4","APC"
"Occult blood feces","82270","HCPCS","","","","","","","facility","outpatient","","","","","","Ambetter","All Commercial Plans","5.69","","","","","","","fee schedule","2.85","13.14","Laboratory"
"Occult blood feces","82270","HCPCS","","","","","","","facility","outpatient","","","","","","Amerihealth","Caritas Next Other Commercial Plan","7.01","","","","","","","fee schedule","2.85","13.14","Radiology"
"Onc b cll lymphm mrna 58 gen","0120U","HCPCS","","","","","","","facility","outpatient","","","","","","Bcbs","Highmark Medicare Managed Care Plan","2384.7","","","","","","","fee schedule","1812.93","7530.63","APC"
"Onc bldr 10 prb bldr ca","0365U","HCPCS","","","","","","","facility","outpatient","","","","","","Amerihealth","Caritas Next Other Commercial Plan","1435.2","","","","","","","fee schedule","852.15","2691","Radiology"
"Onc bldr 10 prb bldr ca","0365U","HCPCS","","","","","","","facility","outpatient","","","","","","First Health","Delaware Medicaid Managed Care Plan","986.7","","","","","","","fee schedule","852.15","2691","Laboratory"
"Onc bldr dna ngs 60gen&aneup","0467U","HCPCS","","","","","","","facility","outpatient","","","","","","Bcbs","Highmark Medicare Managed Care Plan","1443.11","","","","","","","fee schedule","1443.11","4557.18","APC"
"Onc breast mrna 101 genes","0153U","HCPCS","","","","","","","facility","outpatient","","","","","","Amerihealth","Caritas Next Other Commercial Plan","5055.07","","","","","","","fee schedule","3001.45","9478.26","Radiology"
"Onc brn sphrd cll 12 rx pnl","0248U","HCPCS","","","","","","","facility","outpatient","","","","","","Amerihealth","Caritas Next Other Commercial Plan","3033.86","","","","","","","fee schedule","2882.17","9101.58","Laboratory"
"Onc brst ca ai assmt 12 feat","0220U","HCPCS","","","","","","","facility","outpatient","","","","","","Aetna","All Commercial Plans","783.94","","","","","","","fee schedule","670.94","2118.75","Laboratory"
"Onc brst ca ai assmt 12 feat","0220U","HCPCS","","","","","","","facility","outpatient","","","","","","Aetna","Medicare Managed Care Plan","727.44","","","","","","","fee schedule","670.94","2118.75","APC"
"Onc brst ca s100 a8&a9 elisa","0458U","HCPCS","","","","","","","facility","outpatient","","","","","","Ambetter","All Commercial Plans","338.65","","","","","","","fee schedule","247.48","781.5","Laboratory"
"Onc brst ca s100 a8&a9 elisa","0458U","HCPCS","","","","","","","facility","outpatient","","","","","","Unitedhealthcare","All Commercial Plans","260.5","","","","","","","fee schedule","247.48","781.5",""
"Onc brst mrna 70 cnt 31 gene","81523","HCPCS","","","","","","","facility","outpatient","","","","","","Amerihealth","Medicare Managed Care Plan","4182.84","","","","","","","fee schedule","3679.35","11619","APC"
"Onc brst semiq meas thym kn","0404U","HCPCS","","","","","","","facility","outpatient","","","","","","Amerihealth","Caritas Next Other Commercial Plan","322.96","","","","","","","fee schedule","306.81","968.88","Laboratory"
"Onc clrc ca 35 vrn kras&nras","0471U","HCPCS","","","","","","","facility","outpatient","","","","","","Amerihealth","Medicare Managed Care Plan","820.8","","","","","","","fee schedule","722","2280","APC"
"Onc clrct 3 ur metab alg plp","0002U","HCPCS","","","","","","","facility","outpatient","","","","","","Bcbs","Highmark All Commercial Plans","36.89","","","","","","","fee schedule","16.25","75","Radiology"
"Onc clrct elisa bf7 ag serum","0558U","HCPCS","","","","","","","facility","outpatient","","","","","","Bcbs","Highmark All Commercial Plans","30.71","","","","","","","fee schedule","19.77","62.43","Radiology"
"Onc clrct elisa bf7 ag serum","0558U","HCPCS","","","","","","","facility","outpatient","","","","","","Bcbs","Highmark Health Options Medicare Managed Care Plan","21.33","","","","","","","fee schedule","19.77","62.43","APC"
"Onc colon ca kras&nras alys","0111U","HCPCS","","","","","","","facility","outpatient","","","","","","Unitedhealthcare","All Commercial Plans","682.29","","","","","","","fee schedule","443.49","2046.87",""
"Onc cutan/uveal mlnma cd146","0490U","HCPCS","","","","","","","facility","outpatient","","","","","","Ambetter","All Commercial Plans","3165.5","","","","","","","fee schedule","2313.25","7305","Laboratory"
"Onc dlbcl mrna 20 genes alg","0017M","HCPCS","","","","","","","facility","outpatient","","","","","","Aetna","All Commercial Plans","2786.33","","","","","","","fee schedule","2384.7","7530.63","Laboratory"
"Onc gastro 51 gene nomogram","0007M","HCPCS","","","","","","","facility","outpatient","","","","","","Cigna","All Commercial Plans","243.75","","","","","","","fee schedule","243.75","1125",""
"Onc hl neo gen seq alys alg","0364U","HCPCS","","","","","","","facility","outpatient","","","","","","Jefferson Health Plan","Health Partners Medicaid Managed Care/Aca Plan","6021.75","","","","","","","fee schedule","1906.89","6021.75","APC"
"Onc hl neo opt gen mapg dna","0413U","HCPCS","","","","","","","facility","outpatient","","","","","","Aetna","All Commercial Plans","1768.94","","","","","","","fee schedule","1200.35","3790.59","Radiology"
"Onc hl neo opt gen mapg dna","0413U","HCPCS","","","","","","","facility","outpatient","","","","","","Amerihealth","Caritas Next Other Commercial Plan","2021.65","","","","","","","fee schedule","1200.35","3790.59","Radiology"
"Onc hl neo opt gen mapping","0331U","HCPCS","","","","","","","facility","outpatient","","","","","","Bcbs","Highmark Medicare Managed Care Plan","1770.06","","","","","","","fee schedule","1770.06","5589.66","APC"
"Onc hmtlmf neo rna bcr/abl1","0016U","HCPCS","","","","","","","facility","outpatient","","","","","","Amerihealth","Medicare Managed Care Plan","177.08","","","","","","","fee schedule","106.57","491.88","APC"
"Onc lnch syn gen dna seq aly","0238U","HCPCS","","","","","","","facility","outpatient","","","","","","Aetna","All Commercial Plans","818.86","","","","","","","fee schedule","555.66","1754.7","Radiology"
"Onc lng 3 prtn bmrk plsm alg","0092U","HCPCS","","","","","","","facility","outpatient","","","","","","Jefferson Health Plan","Health Partners Medicaid Managed Care/Aca Plan","7464","","","","","","","fee schedule","2363.6","7464","APC"
"Onc lng multiomics plsm alg","0395U","HCPCS","","","","","","","facility","outpatient","","","","","","First Health","Delaware Medicaid Managed Care Plan","877.2","","","","","","","fee schedule","757.58","2392.35","Laboratory"
"Onc lung elisa 7 autoant alg","0360U","HCPCS","","","","","","","facility","outpatient","","","","","","Aetna","All Commercial Plans","1176.91","","","","","","","fee schedule","798.62","2521.95","Radiology"
"Onc merkel cll carc srm +/-","0059U","HCPCS","","","","","","","facility","outpatient","","","","","","Bcbs","Highmark Health Options Medicare Managed Care Plan","331.03","","","","","","","fee schedule","209.92","968.88","APC"
"Onc mrd nxt-gnrj alys sbsq","0307U","HCPCS","","","","","","","facility","outpatient","","","","","","Aetna","Medicare Managed Care Plan","818.32","","","","","","","fee schedule","754.77","2383.47","APC"
"Onc mrna 5 gen recr urthl ca","0013M","HCPCS","","","","","","","facility","outpatient","","","","","","Bcbs","Highmark All Commercial Plans","1121.38","","","","","","","fee schedule","722","2280","Radiology"
"Onc nonsm cll lng ca 37 gen","0388U","HCPCS","","","","","","","facility","outpatient","","","","","","Ambetter","All Commercial Plans","4550","","","","","","","fee schedule","3325","10500","Laboratory"
"Onc orl&/orop ca 20 mlc feat","0296U","HCPCS","","","","","","","facility","outpatient","","","","","","Bcbs","Highmark All Commercial Plans","2877.22","","","","","","","fee schedule","1755","5850","Radiology"
"Onc orop 17 dna ddpcr alg","0356U","HCPCS","","","","","","","facility","outpatient","","","","","","Amerihealth","Medicare Managed Care Plan","1944","","","","","","","fee schedule","1710","5400","APC"
"Onc ovar 5 prtn ser alg scor","0003U","HCPCS","","","","","","","facility","outpatient","","","","","","Amerihealth","Caritas Next Other Commercial Plan","1520","","","","","","","fee schedule","617.5","2850","Radiology"
"Onc ovar 5 prtn ser alg scor","0003U","HCPCS","","","","","","","facility","outpatient","","","","","","Amerihealth","Caritas Next Other Commercial Plan","950","","","","","","","fee schedule","617.5","2850","Laboratory"
"Onc pan ca alys mrd plasma","0340U","HCPCS","","","","","","","facility","outpatient","","","","","","Aetna","All Commercial Plans","3984.9","","","","","","","fee schedule","3410.5","10770","Laboratory"
"Onc pan sol tum ngs cfctdna","0486U","HCPCS","","","","","","","facility","outpatient","","","","","","Jefferson Health Plan","Health Partners Medicaid Managed Care/Aca Plan","4932.75","","","","","","","fee schedule","1562.04","4932.75","APC"
"Onc pan-sol tum ctdna 77 gen","0530U","HCPCS","","","","","","","facility","outpatient","","","","","","Ambetter","All Commercial Plans","3795.48","","","","","","","fee schedule","2773.62","8758.8","Laboratory"
"Onc pan-sol tum ctdna 77 gen","0530U","HCPCS","","","","","","","facility","outpatient","","","","","","Bcbs","Highmark Health Options Medicare Managed Care Plan","2992.59","","","","","","","fee schedule","2773.62","8758.8","APC"
"Onc prostate 3 genes","81551","HCPCS","","","","","","","facility","outpatient","","","","","","Aetna","All Commercial Plans","2842","","","","","","","fee schedule","1319.5","6090","Radiology"
"Onc prostate mrna 22 cnt gen","81542","HCPCS","","","","","","","facility","outpatient","","","","","","Aetna","All Commercial Plans","5422.2","","","","","","","fee schedule","3679.35","11619","Radiology"
"Onc prst8 alys crcg plsm prt","0495U","HCPCS","","","","","","","facility","outpatient","","","","","","Ambetter","All Commercial Plans","1140","","","","","","","fee schedule","722","2280","Radiology"
"Onc prst8 alys dgtz img msi","0512U","HCPCS","","","","","","","facility","outpatient","","","","","","Amerihealth","Medicare Managed Care Plan","762.75","","","","","","","fee schedule","670.94","2118.75","APC"
"Onc prst8 alys dgtz img msi","0512U","HCPCS","","","","","","","facility","outpatient","","","","","","Jefferson Health Plan","Health Partners Medicaid Managed Care/Aca Plan","2118.75","","","","","","","fee schedule","670.94","2118.75","APC"
"Onc prst8 ca alys all psa","0359U","HCPCS","","","","","","","facility","outpatient","","","","","","Bcbs","Highmark All Commercial Plans","1121.38","","","","","","","fee schedule","722","2280","Radiology"
"Onc prst8 ca mrna 12 gen alg","0011M","HCPCS","","","","","","","facility","outpatient","","","","","","Ambetter","All Commercial Plans","1140","","","","","","","fee schedule","722","2280","Radiology"
"Onc prst8 ca mrna 12 gen alg","0011M","HCPCS","","","","","","","facility","outpatient","","","","","","Jefferson Health Plan","Health Partners Medicaid Managed Care/Aca Plan","2280","","","","","","","fee schedule","722","2280","APC"
"Onc prst8 mrna 17 gene alg","0047U","HCPCS","","","","","","","facility","outpatient","","","","","","Cigna","All Commercial Plans","2517.45","","","","","","","fee schedule","2517.45","11619",""
"Onc prst8 mrna 17 gene alg","0047U","HCPCS","","","","","","","facility","outpatient","","","","","","Jefferson Health Plan","Health Partners Medicare Managed Care Plan","4066.65","","","","","","","fee schedule","2517.45","11619","APC"
"Onc prst8 xom aly 442 sncrna","0343U","HCPCS","","","","","","","facility","outpatient","","","","","","First Health","Delaware Medicaid Managed Care Plan","836","","","","","","","fee schedule","722","2280","Laboratory"
"Onc prst8 xom alys 53 sncrna","0424U","HCPCS","","","","","","","facility","outpatient","","","","","","Aetna","All Commercial Plans","1064","","","","","","","fee schedule","722","2280","Radiology"
"Onc rsps radj cll fr dna tox","0285U","HCPCS","","","","","","","facility","outpatient","","","","","","Jefferson Health Plan","Health Partners Medicaid Managed Care/Aca Plan","1329.93","","","","","","","fee schedule","421.14","1329.93","APC"
"Onc rxgenom alys rtpcr 24gen","0461U","HCPCS","","","","","","","facility","outpatient","","","","","","Bcbs","Highmark Health Options Medicare Managed Care Plan","940.01","","","","","","","fee schedule","871.23","2751.24","APC"
"Onc sld org neo dna 505 gene","0250U","HCPCS","","","","","","","facility","outpatient","","","","","","First Health","Delaware Medicaid Managed Care Plan","3211.56","","","","","","","fee schedule","2773.62","8758.8","Laboratory"
"Onc sld tum alys brca1 brca2","0172U","HCPCS","","","","","","","facility","outpatient","","","","","","Aetna","All Commercial Plans","4242","","","","","","","fee schedule","2878.5","9090","Radiology"
"Onc sld tum alys brca1 brca2","0172U","HCPCS","","","","","","","facility","outpatient","","","","","","First Health","Delaware Medicaid Managed Care Plan","3333","","","","","","","fee schedule","2878.5","9090","Laboratory"
"Onc sld tum crcg tum cl slct","0338U","HCPCS","","","","","","","facility","outpatient","","","","","","Jefferson Health Plan","Health Partners Medicare Managed Care Plan","2556.75","","","","","","","fee schedule","2313.25","7305","APC"
"Onc sol tum cfcdna tgsap 84","0487U","HCPCS","","","","","","","facility","outpatient","","","","","","Amerihealth","Caritas Next Other Commercial Plan","2919.6","","","","","","","fee schedule","2773.62","8758.8","Laboratory"
"Onc sol tum ctc slct er prtn","0491U","HCPCS","","","","","","","facility","outpatient","","","","","","First Health","Delaware Medicaid Managed Care Plan","2678.5","","","","","","","fee schedule","2313.25","7305","Laboratory"
"Onc sol tum dna80&rna10g ngs","0571U","HCPCS","","","","","","","facility","outpatient","","","","","","Amerihealth","Caritas Next Other Commercial Plan","2919.6","","","","","","","fee schedule","2773.62","8758.8","Laboratory"
"Onc sol tum ngs dna 517 gens","0543U","HCPCS","","","","","","","facility","outpatient","","","","","","Amerihealth","Caritas Next Other Commercial Plan","2989.55","","","","","","","fee schedule","2840.07","8968.65","Laboratory"
"Onc sol tum tgsa 33gens snvs","0562U","HCPCS","","","","","","","facility","outpatient","","","","","","Amerihealth","Caritas Next Other Commercial Plan","956.66","","","","","","","fee schedule","568.01","1793.73","Radiology"
"Onc sol tumor cfctdna 152gen","0539U","HCPCS","","","","","","","facility","outpatient","","","","","","Aetna","All Commercial Plans","3650.25","","","","","","","fee schedule","3124.08","9865.53","Laboratory"
"Onc sol tumor cfctdna 152gen","0539U","HCPCS","","","","","","","facility","outpatient","","","","","","Amerihealth","Caritas Next Other Commercial Plan","3288.51","","","","","","","fee schedule","3124.08","9865.53","Laboratory"
"Onc soltum dna ngs snv 22gen","0523U","HCPCS","","","","","","","facility","outpatient","","","","","","Ambetter","All Commercial Plans","1757.72","","","","","","","fee schedule","1284.49","4056.27","Laboratory"
"Onc thyr dna&mrna 112 genes","0026U","HCPCS","","","","","","","facility","outpatient","","","","","","Amerihealth","Caritas Next Other Commercial Plan","3600","","","","","","","fee schedule","3420","10800","Laboratory"
"Onc thyr dna&mrna 112 genes","0287U","HCPCS","","","","","","","facility","outpatient","","","","","","Bcbs","Highmark All Commercial Plans","5311.8","","","","","","","fee schedule","3420","10800","Radiology"
"Onc urthl carc dna qmsp 2gen","0465U","HCPCS","","","","","","","facility","outpatient","","","","","","First Health","Delaware Medicaid Managed Care Plan","2131.81","","","","","","","fee schedule","1841.11","5814.03","Laboratory"
"Onc urthl mrna 5 gen alg","0363U","HCPCS","","","","","","","facility","outpatient","","","","","","Ambetter","All Commercial Plans","988","","","","","","","fee schedule","722","2280","Laboratory"
"Onc urthl mrna 5 gen alg","0363U","HCPCS","","","","","","","facility","outpatient","","","","","","Amerihealth","Medicare Managed Care Plan","820.8","","","","","","","fee schedule","722","2280","APC"
"Onco prst8 3 gene ur alg","0005U","HCPCS","","","","","","","facility","outpatient","","","","","","Aetna","All Commercial Plans","1064","","","","","","","fee schedule","722","2280","Radiology"
"Oncology breast mrna","81519","HCPCS","","","","","","","facility","outpatient","","","","","","Ambetter","All Commercial Plans","5809.5","","","","","","","fee schedule","2517.45","11619","Radiology"
"Oncology breast mrna","81519","HCPCS","","","","","","","facility","outpatient","","","","","","Bcbs","Highmark All Commercial Plans","5714.61","","","","","","","fee schedule","2517.45","11619","Radiology"
"Oncology gynecologic","81535","HCPCS","","","","","","","facility","outpatient","","","","","","Aetna","Medicare Managed Care Plan","596.84","","","","","","","fee schedule","376.65","1738.38","APC"
"Oncology tissue of origin","81504","HCPCS","","","","","","","facility","outpatient","","","","","","Jefferson Health Plan","Health Partners Medicare Managed Care Plan","546","","","","","","","fee schedule","494","1560","APC"
"Oncology tum unknown origin","81540","HCPCS","","","","","","","facility","outpatient","","","","","","Amerihealth","Caritas Next Other Commercial Plan","6000","","","","","","","fee schedule","2437.5","11250","Radiology"
"Oncology tum unknown origin","81540","HCPCS","","","","","","","facility","outpatient","","","","","","Amerihealth","Medicare Managed Care Plan","4050","","","","","","","fee schedule","2437.5","11250","APC"
"Open tx dprsd front sinus fx","21343","HCPCS","","","","","","","facility","outpatient","","","","","","Jefferson Health Plan","Health Partners Medicare Managed Care Plan","6717","","","","","","","fee schedule","6077.29","19191.43","APC"
"Open tx post pelvic fxcture","G0415","HCPCS","","","","","","","facility","outpatient","","","","","","Amerihealth","Medicare Managed Care Plan","3818.69","","","","","","","fee schedule","3359.03","10607.46","APC"
"Open/perq place stent 1st","37236","HCPCS","","","","","","","facility","outpatient","","","","","","Jefferson Health Plan","Health Partners Medicare Managed Care Plan","13098.74","","","","","","","fee schedule","11851.24","37424.98","APC"
"Open/perq place stent same","37238","HCPCS","","","","","","","facility","outpatient","","","","","","Bcbs","Highmark Medicare Managed Care Plan","11851.24","","","","","","","fee schedule","11851.24","37424.98","APC"
"Ophth us quant a only","76511","HCPCS","","","","","","","facility","outpatient","","","","","","Aetna","Medicare Managed Care Plan","116.36","","","","","","","fee schedule","107.33","338.93","APC"
"Ophthalmic biometry","92136","HCPCS","","","","","","","facility","outpatient","","","","","","Aetna","All Commercial Plans","201.29","","","","","","","fee schedule","136.59","431.33","Radiology"
"Opn insj/rplcmt ins ptn subf","0817T","HCPCS","","","","","","","facility","outpatient","","","","","","Bcbs","Highmark Health Options Medicare Managed Care Plan","21488.45","","","","","","","fee schedule","19916.12","62893.01","APC"
"Opn insj/rplcmt ins ptn subf","0817T","HCPCS","","","","","","","facility","outpatient","","","","","","Jefferson Health Plan","Health Partners Medicaid Managed Care/Aca Plan","62893.01","","","","","","","fee schedule","19916.12","62893.01","APC"
"Opn tx complx malar fx","21365","HCPCS","","","","","","","facility","outpatient","","","","","","Aetna","All Commercial Plans","8956","","","","","","","fee schedule","6077.29","19191.43","Radiology"
"Opn tx complx malar fx","21365","HCPCS","","","","","","","facility","outpatient","","","","","","Amerihealth","Caritas Next Other Commercial Plan","10235.43","","","","","","","fee schedule","6077.29","19191.43","Radiology"
"Opn tx dprsd zygomatic arch","21356","HCPCS","","","","","","","facility","outpatient","","","","","","Bcbs","Highmark Health Options Medicare Managed Care Plan","6557.07","","","","","","","fee schedule","6077.29","19191.43","APC"
"Opn tx dprsd zygomatic arch","21356","HCPCS","","","","","","","facility","outpatient","","","","","","Healthspring","Medicare Managed Care Plan","6397.14","","","","","","","fee schedule","6077.29","19191.43","APC"
"Opn tx orbit fx combined","21387","HCPCS","","","","","","","facility","outpatient","","","","","","Bcbs","Highmark All Commercial Plans","9438.99","","","","","","","fee schedule","6077.29","19191.43","Radiology"
"Opn tx orbit fx periorbital","21386","HCPCS","","","","","","","facility","outpatient","","","","","","Amerihealth","Medicare Managed Care Plan","6908.91","","","","","","","fee schedule","6077.29","19191.43","APC"
"Opn tx orbit fx periorbital","21386","HCPCS","","","","","","","facility","outpatient","","","","","","Jefferson Health Plan","Health Partners Medicaid Managed Care/Aca Plan","19191.43","","","","","","","fee schedule","6077.29","19191.43","APC"
"Opn tx orbit fx periorbital","21386","HCPCS","","","","","","","facility","outpatient","","","","","","Jefferson Health Plan","Health Partners Medicare Managed Care Plan","6717","","","","","","","fee schedule","6077.29","19191.43","APC"
"Opn tx orbit fx w/o implant","21406","HCPCS","","","","","","","facility","outpatient","","","","","","Amerihealth","Medicare Managed Care Plan","6908.91","","","","","","","fee schedule","6077.29","19191.43","APC"
"Opps service,sched team conf","G0175","HCPCS","","","","","","","facility","outpatient","","","","","","Healthspring","Medicare Managed Care Plan","450.91","","","","","","","fee schedule","428.36","1352.72","APC"
"Opto-acoustic img breast uni","0857T","HCPCS","","","","","","","facility","outpatient","","","","","","Bcbs","Highmark Health Options Medicare Managed Care Plan","115.8","","","","","","","fee schedule","107.33","338.93","APC"
"Opto-acoustic img breast uni","0857T","HCPCS","","","","","","","facility","outpatient","","","","","","Unitedhealthcare","All Commercial Plans","183.31","","","","","","","fee schedule","107.33","338.93",""
"Optx post ankle fx","27769","HCPCS","","","","","","","facility","outpatient","","","","","","Aetna","All Commercial Plans","10977.79","","","","","","","fee schedule","7449.22","23523.84","Radiology"
"Optx post ankle fx","27769","HCPCS","","","","","","","facility","outpatient","","","","","","Amerihealth","Medicare Managed Care Plan","8468.58","","","","","","","fee schedule","7449.22","23523.84","APC"
"Oral speech device eval","92597","HCPCS","","","","","","","facility","outpatient","","","","","","Amerihealth","Medicare Managed Care Plan","76.6","","","","","","","fee schedule","67.38","212.79","APC"
"Oral/facial photo images","D0350","HCPCS","","","","","","","facility","outpatient","","","","","","Ambetter","All Commercial Plans","141.06","","","","","","","fee schedule","89.34","282.13","Radiology"
"Orbital Procedures With Cc/Mcc","113","MS-DRG","","","","","","","facility","inpatient","","","","","","Wellcare","Medicare Managed Care Plan","23481.66","","","","","","","fee schedule","20279.61","55250.85","MSDRG Base Rate"
"Orbital Procedures Without Cc/Mcc","114","MS-DRG","","","","","","","facility","inpatient","","","","","","Bcbs","Highmark Health Options Medicare Managed Care Plan","","","[MSDRG Base Rate: FEE SCHEDULE]","","","","0","other","","","No services performed during 15-month lookback period."
"Orbital Procedures Without Cc/Mcc","114","MS-DRG","","","","","","","facility","inpatient","","","","","","Bcbs","Highmark Health Options Medicare Managed Care Plan","12794.02","","","","","","","fee schedule","11857.87","31795.5","MSDRG Base Rate"
"Orchiectomy partial","54522","HCPCS","","","","","","","facility","outpatient","","","","","","Aetna","Medicare Managed Care Plan","3923.47","","","","","","","fee schedule","3618.74","11427.6","APC"
"Organic Disturbances And Intellectual Disability","884","MS-DRG","","","","","","","facility","inpatient","","","","","","Cigna","All Commercial Plans","","","[SNF-(% BC): 60] [All Other IP (%BC): 88.46]","6430","6430","6430","1 through 10","other","","","Contracting method is an algorithm described in the 'standard_charges|algorithm' field. The allowed amount provided accounts for the structural rates, conditions, and utilization elements inherent in the payer’s algorithm."
"Organic acid single quant","83921","HCPCS","","","","","","","facility","outpatient","","","","","","Bcbs","Highmark Medicare Managed Care Plan","20.15","","","","","","","fee schedule","13.79","63.63","APC"
"Organic acids total quant","83918","HCPCS","","","","","","","facility","outpatient","","","","","","Ambetter","All Commercial Plans","30.68","","","","","","","fee schedule","15.34","70.8","Laboratory"
"Orthc/prostc mgmt sbsq enc","97763","HCPCS","","","","","","","facility","outpatient","","","","","","Bcbs","Highmark Medicare Managed Care Plan","47.25","","","","","","","fee schedule","47.25","149.22","APC"
"Oscillating tracking test","92545","HCPCS","","","","","","","facility","outpatient","","","","","","Jefferson Health Plan","Health Partners Medicaid Managed Care/Aca Plan","700","","","","","","","fee schedule","221.67","700","APC"
"Osseous surg 1 to 3 teeth","D4261","HCPCS","","","","","","","facility","outpatient","","","","","","Healthspring","Medicare Managed Care Plan","3582.78","","","","","","","fee schedule","3403.64","10748.35","APC"
"Osseous surgery 4 or more","D4260","HCPCS","","","","","","","facility","outpatient","","","","","","Aetna","Medicare Managed Care Plan","6589.06","","","","","","","fee schedule","6077.29","19191.43","APC"
"Osteochondral knee allograft","27415","HCPCS","","","","","","","facility","outpatient","","","","","","Aetna","All Commercial Plans","19423.4","","","","","","","fee schedule","13180.17","41621.58","Radiology"
"Osteomyelitis With Cc","540","MS-DRG","","","","","","","facility","inpatient","","","","","","Aetna","All Commercial Plans","","","[SNF-(% BC): 65] [Bariatric Surgery-Case Rate: 20177] [All Other IP (%BC): 86.5]","","","","0","other","","","No services performed during 15-month lookback period."
"Osteomyelitis With Cc","540","MS-DRG","","","","","","","facility","inpatient","","","","","","Amerihealth","Caritas Next Other Commercial Plan","","94","","","","","0","percent of total billed charges","","","No services performed during 15-month lookback period."
"Osteomyelitis With Cc","540","MS-DRG","","","","","","","facility","inpatient","","","","","","Bcbs","Highmark Wholecare Medicare Managed Care Plan","13176.21","","","","","","","fee schedule","11379.45","30463.05","MSDRG Base Rate"
"Osteomyelitis With Cc","540","MS-DRG","","","","","","","facility","inpatient","","","","","","Jefferson Health Plan","Health Partners Medicaid Managed Care/Aca Plan","30463.05","","","","","","","fee schedule","11379.45","30463.05",""
"Osteomyelitis With Cc","540","MS-DRG","","","","","","","facility","inpatient","","","","","","Unitedhealthcare","Medicare Managed Care Plan","12217.94","","","","","","","fee schedule","11379.45","30463.05","MSDRG Base Rate"
"Osteot hum xtrnl lngth dev","0594T","HCPCS","","","","","","","facility","outpatient","","","","","","Amerihealth","Caritas Next Other Commercial Plan","12546.05","","","","","","","fee schedule","7449.22","23523.84","Radiology"
"Osteot tibia imed lngth dev","27713","HCPCS","","","","","","","facility","outpatient","","","","","","Ambetter","All Commercial Plans","11761.92","","","","","","","fee schedule","7449.22","23523.84","Radiology"
"Oth resp proc, indiv","G0238","HCPCS","","","","","","","facility","outpatient","","","","","","Ambetter","All Commercial Plans","46.88","","","","","","","fee schedule","29.69","93.77","Radiology"
"Other Antepartum Diagnoses W Medical Complications","781","MS-DRG","","","","","","","facility","inpatient","","","","","","Bcbs","Highmark Health Options Medicare Managed Care Plan","","","[MSDRG Base Rate: FEE SCHEDULE]","","","","0","other","","","No services performed during 15-month lookback period."
"Other Antepartum Diagnoses With O.R. Procedures With Mcc","817","MS-DRG","","","","","","","facility","inpatient","","","","","","Jefferson Health Plan","Health Partners Medicaid Managed Care/Aca Plan","","","[Inpatient Services: Payer leverages state specific Medicaid payment methodology. Available, referenceable algorithm logic found here: https://www.pa.gov/agencies/dhs/resources/for-providers] [MSDRG Base Rate: FEE SCHEDULE]","","","","0","other","","","No services performed during 15-month lookback period."
"Other Antepartum Diagnoses With O.R. Procedures Without Cc/Mcc","819","MS-DRG","","","","","","","facility","inpatient","","","","","","Healthspring","Medicare Managed Care Plan","","","[MSDRG Base Rate: FEE SCHEDULE]","","","","0","other","","","No services performed during 15-month lookback period."
"Other Antepartum Diagnoses Without O.R. Procedures With Mcc","831","MS-DRG","","","","","","","facility","inpatient","","","","","","Unitedhealthcare","All Commercial Plans","","91","","","","","0","percent of total billed charges","","","No services performed during 15-month lookback period."
"Other Antepartum Diagnoses Without O.R. Procedures Without Cc/Mcc","833","MS-DRG","","","","","","","facility","inpatient","","","","","","Aetna","All Commercial Plans","","","[SNF-(% BC): 65] [Bariatric Surgery-Case Rate: 20177] [All Other IP (%BC): 86.5]","15314","15314","15314","1 through 10","other","","","Contracting method is an algorithm described in the 'standard_charges|algorithm' field. The allowed amount provided accounts for the structural rates, conditions, and utilization elements inherent in the payer’s algorithm."
"Other Cardiothoracic Procedures Without Mcc","229","MS-DRG","","","","","","","facility","inpatient","","","","","","Aetna - Md","Better Health Medicaid Managed Care Plan","","","[Inpatient Services: Payer leverages state specific Medicaid payment methodology. Available, referenceable algorithm logic found here: https://health.maryland.gov/mmcp/provider/Pages/default.aspx]","","","","0","other","","","No services performed during 15-month lookback period."
"Other Cerebrovascular Disorders With Cc","071","MS-DRG","","","","","","","facility","inpatient","","","","","","Amerihealth","Caritas Next Other Commercial Plan","","94","","","","","0","percent of total billed charges","","","No services performed during 15-month lookback period."
"Other Cerebrovascular Disorders With Mcc","070","MS-DRG","","","","","","","facility","inpatient","","","","","","Ibc","Medicare Managed Care Plan","15251.33","","","","","","","fee schedule","14488.76","39122.8","MSDRG Base Rate"
"Other Cerebrovascular Disorders Without Cc/Mcc","072","MS-DRG","","","","","","","facility","inpatient","","","","","","Aetna","All Commercial Plans","","","[SNF-(% BC): 65] [Bariatric Surgery-Case Rate: 20177] [All Other IP (%BC): 86.5]","","","","0","other","","","No services performed during 15-month lookback period."
"Other Cerebrovascular Disorders Without Cc/Mcc","072","MS-DRG","","","","","","","facility","inpatient","","","","","","Bcbs","Highmark Health Options Medicaid Managed Care Plan","","","[Inpatient Services: Payer leverages state specific Medicaid payment methodology. Available, referenceable algorithm logic found here: https://medicaidpublications.dhss.delaware.gov/docs/search]","","","","0","other","","","No services performed during 15-month lookback period."
"Other Circulatory System Diagnoses With Cc","315","MS-DRG","","","","","","","facility","inpatient","","","","","","Aetna","Medicare Managed Care Plan","9291.33","","","","","","","fee schedule","8569.67","22637.55","MSDRG Base Rate"
"Other Circulatory System Diagnoses With Mcc","314","MS-DRG","","","","","","","facility","inpatient","","","","","","Healthspring","Medicare Managed Care Plan","18985.27","","","","","","","fee schedule","18036.01","49002.2","MSDRG Base Rate"
"Other Circulatory System Diagnoses Without Cc/Mcc","316","MS-DRG","","","","","","","facility","inpatient","","","","","","Amerihealth","Medicare Managed Care Plan","","","[MSDRG Base Rate: FEE SCHEDULE]","","","","0","other","","","No services performed during 15-month lookback period."
"Other Circulatory System Diagnoses Without Cc/Mcc","316","MS-DRG","","","","","","","facility","inpatient","","","","","","Bcbs","Highmark Wholecare Medicaid Managed Care Plan","","","[Inpatient Services: Payer leverages state specific Medicaid payment methodology. Available, referenceable algorithm logic found here: https://www.pa.gov/agencies/dhs/resources/for-providers]","","","","0","other","","","No services performed during 15-month lookback period."
"Other Circulatory System Diagnoses Without Cc/Mcc","316","MS-DRG","","","","","","","facility","inpatient","","","","","","Jefferson Health Plan","Health Partners Medicaid Managed Care/Aca Plan","","","[Inpatient Services: Payer leverages state specific Medicaid payment methodology. Available, referenceable algorithm logic found here: https://www.pa.gov/agencies/dhs/resources/for-providers] [MSDRG Base Rate: FEE SCHEDULE]","","","","0","other","","","No services performed during 15-month lookback period."
"Other Circulatory System Diagnoses Without Cc/Mcc","316","MS-DRG","","","","","","","facility","inpatient","","","","","","Wellcare","Medicare Managed Care Plan","","","[MSDRG Base Rate: FEE SCHEDULE]","","","","0","other","","","No services performed during 15-month lookback period."
"Other Digestive System Diagnoses With Cc","394","MS-DRG","","","","","","","facility","inpatient","","","","","","First Health","Delaware Medicaid Managed Care Plan","","","[Inpatient Services: Payer leverages state specific Medicaid payment methodology. Available, referenceable algorithm logic found here: https://medicaidpublications.dhss.delaware.gov/docs/search]","","","","0","other","","","No services performed during 15-month lookback period."
"Other Digestive System Diagnoses Without Cc/Mcc","395","MS-DRG","","","","","","","facility","inpatient","","","","","","Amerihealth","Caritas Next Other Commercial Plan","","94","","30394.39","30394.39","30394.39","1 through 10","percent of total billed charges","","",""
"Other Digestive System O.R. Procedures With Mcc","356","MS-DRG","","","","","","","facility","inpatient","","","","","","First Health","Delaware Medicaid Managed Care Plan","","","[Inpatient Services: Payer leverages state specific Medicaid payment methodology. Available, referenceable algorithm logic found here: https://medicaidpublications.dhss.delaware.gov/docs/search]","","","","0","other","","","No services performed during 15-month lookback period."
"Other Digestive System O.R. Procedures Without Cc/Mcc","358","MS-DRG","","","","","","","facility","inpatient","","","","","","Amerihealth","Caritas Next Other Commercial Plan","","94","","","","","0","percent of total billed charges","","","No services performed during 15-month lookback period."
"Other Digestive System O.R. Procedures Without Cc/Mcc","358","MS-DRG","","","","","","","facility","inpatient","","","","","","Unitedhealthcare","All Commercial Plans","","91","","","","","0","percent of total billed charges","","","No services performed during 15-month lookback period."
"Other Digestive System O.R. Procedures w/o CC","171","MS-DRG","","","","","","","facility","inpatient","","","","","","Wellcare","Medicare Managed Care Plan","","","[MSDRG Base Rate: FEE SCHEDULE]","","","","0","other","","","No services performed during 15-month lookback period."
"Other Disorders Of Nervous System With Cc","092","MS-DRG","","","","","","","facility","inpatient","","","","","","Bcbs","Highmark Health Options Medicaid Managed Care Plan","","","[Inpatient Services: Payer leverages state specific Medicaid payment methodology. Available, referenceable algorithm logic found here: https://medicaidpublications.dhss.delaware.gov/docs/search]","8601.03","8601.02","11887.05","11","other","","","Contracting method is an algorithm described in the 'standard_charges|algorithm' field. The allowed amount provided accounts for the structural rates, conditions, and utilization elements inherent in the payer’s algorithm."
"Other Disorders Of Nervous System With Cc","092","MS-DRG","","","","","","","facility","inpatient","","","","","","Unitedhealthcare","All Commercial Plans","","91","","","","","0","percent of total billed charges","","","No services performed during 15-month lookback period."
"Other Disorders Of Nervous System With Cc","092","MS-DRG","","","","","","","facility","inpatient","","","","","","Wellcare","Medicare Managed Care Plan","","","[MSDRG Base Rate: FEE SCHEDULE]","","","","0","other","","","No services performed during 15-month lookback period."
"Other Disorders Of The Eye With Mcc Or Thrombolytic Agent","124","MS-DRG","","","","","","","facility","inpatient","","","","","","Amerihealth","Caritas Next Other Commercial Plan","","94","","","","","0","percent of total billed charges","","","No services performed during 15-month lookback period."
"Other Disorders Of The Eye With Mcc Or Thrombolytic Agent","124","MS-DRG","","","","","","","facility","inpatient","","","","","","Ibc","All Commercial Plans","","","[Psych-Per Diem: 1800] [All Other IP (%BC): 89.50]","","","","0","other","","","No services performed during 15-month lookback period."
"Other Disorders of the Eye Age >17 w CC","046","MS-DRG","","","","","","","facility","inpatient","","","","","","Ibc","All Commercial Plans","","","[Psych-Per Diem: 1800] [All Other IP (%BC): 89.50]","","","","0","other","","","No services performed during 15-month lookback period."
"Other Disorders of the Eye Age >17 w/o CC","047","MS-DRG","","","","","","","facility","inpatient","","","","","","Cigna","All Commercial Plans","","","[SNF-(% BC): 60] [All Other IP (%BC): 88.46]","","","","0","other","","","No services performed during 15-month lookback period."
"Other Ear, Nose, Mouth & Throat O.R. Procedures W/O Cc/Mcc","134","MS-DRG","","","","","","","facility","inpatient","","","","","","Unitedhealthcare","All Commercial Plans","","91","","","","","0","percent of total billed charges","","","No services performed during 15-month lookback period."
"Other Ear, Nose, Mouth And Throat Diagnoses With Cc","155","MS-DRG","","","","","","","facility","inpatient","","","","","","Amerihealth","Medicare Managed Care Plan","","","[MSDRG Base Rate: FEE SCHEDULE]","","","","0","other","","","No services performed during 15-month lookback period."
"Other Ear, Nose, Mouth And Throat Diagnoses With Cc","155","MS-DRG","","","","","","","facility","inpatient","","","","","","Healthspring","Medicare Managed Care Plan","8605.04","","","","","","","fee schedule","8174.79","21537.75","MSDRG Base Rate"
"Other Ear, Nose, Mouth And Throat Diagnoses With Mcc","154","MS-DRG","","","","","","","facility","inpatient","","","","","","Healthspring","Medicare Managed Care Plan","14351.6","","","","","","","fee schedule","13634.02","36742.25","MSDRG Base Rate"
"Other Ear, Nose, Mouth And Throat Diagnoses Without Cc/Mcc","156","MS-DRG","","","","","","","facility","inpatient","","","","","","Aetna - Nj","Better Health Medicaid Managed Care Plan","","","[Inpatient Services: Payer leverages state specific Medicaid payment methodology. Available, referenceable algorithm logic found here: https://www.nj.gov/health/hcf/]","","","","0","other","","","No services performed during 15-month lookback period."
"Other Ear, Nose, Mouth And Throat Diagnoses Without Cc/Mcc","156","MS-DRG","","","","","","","facility","inpatient","","","","","","Amerihealth","Medicare Managed Care Plan","7131.32","","","","","","","fee schedule","6272.92","16240.85","MSDRG Base Rate"
"Other Ear, Nose, Mouth And Throat O.R. Procedures With Cc","144","MS-DRG","","","","","","","facility","inpatient","","","","","","Healthspring","Medicare Managed Care Plan","","","[MSDRG Base Rate: FEE SCHEDULE]","","","","0","other","","","No services performed during 15-month lookback period."
"Other Ear, Nose, Mouth And Throat O.R. Procedures With Mcc","143","MS-DRG","","","","","","","facility","inpatient","","","","","","Cigna","All Commercial Plans","","","[SNF-(% BC): 60] [All Other IP (%BC): 88.46]","","","","0","other","","","No services performed during 15-month lookback period."
"Other Ear, Nose, Mouth And Throat O.R. Procedures Without Cc/Mcc","145","MS-DRG","","","","","","","facility","inpatient","","","","","","Aetna","Medicare Managed Care Plan","","","[MSDRG Base Rate: FEE SCHEDULE] [Psych-Per Diem: 1065] [Rehab-Per Diem: 1598] [SNF-Per Diem: 365]","","","","0","other","","","No services performed during 15-month lookback period."
"Other Ear, Nose, Mouth And Throat O.R. Procedures Without Cc/Mcc","145","MS-DRG","","","","","","","facility","inpatient","","","","","","First Health","Delaware Medicaid Managed Care Plan","","","[Inpatient Services: Payer leverages state specific Medicaid payment methodology. Available, referenceable algorithm logic found here: https://medicaidpublications.dhss.delaware.gov/docs/search]","","","","0","other","","","No services performed during 15-month lookback period."
"Other Endocrine, Nutritional And Metabolic O.R. Procedures With Cc","629","MS-DRG","","","","","","","facility","inpatient","","","","","","Bcbs","Highmark Wholecare Medicare Managed Care Plan","","","[MSDRG Base Rate: FEE SCHEDULE]","","","","0","other","","","No services performed during 15-month lookback period."
"Other Endocrine, Nutritional And Metabolic O.R. Procedures Without Cc/Mcc","630","MS-DRG","","","","","","","facility","inpatient","","","","","","Aetna","All Commercial Plans","","","[SNF-(% BC): 65] [Bariatric Surgery-Case Rate: 20177] [All Other IP (%BC): 86.5]","","","","0","other","","","No services performed during 15-month lookback period."
"Other Endocrine, Nutritional And Metabolic O.R. Procedures Without Cc/Mcc","630","MS-DRG","","","","","","","facility","inpatient","","","","","","First Health","Delaware Medicaid Managed Care Plan","","","[Inpatient Services: Payer leverages state specific Medicaid payment methodology. Available, referenceable algorithm logic found here: https://medicaidpublications.dhss.delaware.gov/docs/search]","","","","0","other","","","No services performed during 15-month lookback period."
"Other Endovascular Cardiac Valve Procedures With Mcc","319","MS-DRG","","","","","","","facility","inpatient","","","","","","Healthspring","Medicare Managed Care Plan","","","[MSDRG Base Rate: FEE SCHEDULE]","","","","0","other","","","No services performed during 15-month lookback period."
"Other Endovascular Cardiac Valve Procedures Without Mcc","320","MS-DRG","","","","","","","facility","inpatient","","","","","","Bcbs","Highmark Health Options Medicaid Managed Care Plan","","","[Inpatient Services: Payer leverages state specific Medicaid payment methodology. Available, referenceable algorithm logic found here: https://medicaidpublications.dhss.delaware.gov/docs/search]","","","","0","other","","","No services performed during 15-month lookback period."
"Other Endovascular Cardiac Valve Procedures Without Mcc","320","MS-DRG","","","","","","","facility","inpatient","","","","","","Bcbs","Highmark Wholecare Medicare Managed Care Plan","","","[MSDRG Base Rate: FEE SCHEDULE]","","","","0","other","","","No services performed during 15-month lookback period."
"Other Endovascular Cardiac Valve Procedures Without Mcc","320","MS-DRG","","","","","","","facility","inpatient","","","","","","First Health","Delaware Medicaid Managed Care Plan","","","[Inpatient Services: Payer leverages state specific Medicaid payment methodology. Available, referenceable algorithm logic found here: https://medicaidpublications.dhss.delaware.gov/docs/search]","","","","0","other","","","No services performed during 15-month lookback period."
"Other Factors Influencing Health Status","951","MS-DRG","","","","","","","facility","inpatient","","","","","","Bcbs","Highmark Wholecare Medicare Managed Care Plan","5943.44","","","","","","","fee schedule","5132.97","13066","MSDRG Base Rate"
"Other Factors Influencing Health Status","951","MS-DRG","","","","","","","facility","inpatient","","","","","","Jefferson Health Plan","Health Partners Medicaid Managed Care/Aca Plan","","","[Inpatient Services: Payer leverages state specific Medicaid payment methodology. Available, referenceable algorithm logic found here: https://www.pa.gov/agencies/dhs/resources/for-providers] [MSDRG Base Rate: FEE SCHEDULE]","","","","0","other","","","No services performed during 15-month lookback period."
"Other Heart Assist System Implant","215","MS-DRG","","","","","","","facility","inpatient","","","","","","Amerihealth","Medicare Managed Care Plan","","","[MSDRG Base Rate: FEE SCHEDULE]","","","","0","other","","","No services performed during 15-month lookback period."
"Other Heart Assist System Implant","215","MS-DRG","","","","","","","facility","inpatient","","","","","","Bcbs","Highmark Medicare Managed Care Plan","84456.43","","","","","","","fee schedule","84456.43","233989.5","MSDRG Base Rate"
"Other Heart Assist System Implant","215","MS-DRG","","","","","","","facility","inpatient","","","","","","Jefferson Health Plan","Health Partners Medicaid Managed Care/Aca Plan","233989.5","","","","","","","fee schedule","84456.43","233989.5",""
"Other Hepatobiliary Or Pancreas O.R. Procedures With Cc","424","MS-DRG","","","","","","","facility","inpatient","","","","","","Bcbs","Highmark Medicare Managed Care Plan","18902.57","","","","","","","fee schedule","18902.57","51415.65","MSDRG Base Rate"
"Other Hepatobiliary Or Pancreas O.R. Procedures With Mcc","423","MS-DRG","","","","","","","facility","inpatient","","","","","","Aetna","Medicare Managed Care Plan","38471.72","","","","","","","fee schedule","35483.62","97595.5","MSDRG Base Rate"
"Other Hepatobiliary Or Pancreas O.R. Procedures Without Cc/Mcc","425","MS-DRG","","","","","","","facility","inpatient","","","","","","Aetna - Md","Better Health Medicaid Managed Care Plan","","","[Inpatient Services: Payer leverages state specific Medicaid payment methodology. Available, referenceable algorithm logic found here: https://health.maryland.gov/mmcp/provider/Pages/default.aspx]","","","","0","other","","","No services performed during 15-month lookback period."
"Other Hepatobiliary Or Pancreas O.R. Procedures Without Cc/Mcc","425","MS-DRG","","","","","","","facility","inpatient","","","","","","Bcbs","Highmark All Commercial Plans","","","[Lesser Than Charges paid at %: 100] [MSDRG Base Rate: FEE SCHEDULE] [Normal Newborn-Per Diem: 6037.44] [Psych-Per Diem: 2159.84] [All Other IP (%BC): 85.44]","","","","0","other","","","No services performed during 15-month lookback period."
"Other Infectious And Parasitic Diseases Diagnoses With Mcc","867","MS-DRG","","","","","","","facility","inpatient","","","","","","Aetna","Medicare Managed Care Plan","","","[MSDRG Base Rate: FEE SCHEDULE] [Psych-Per Diem: 1065] [Rehab-Per Diem: 1598] [SNF-Per Diem: 365]","","","","0","other","","","No services performed during 15-month lookback period."
"Other Infectious And Parasitic Diseases Diagnoses Without Cc/Mcc","869","MS-DRG","","","","","","","facility","inpatient","","","","","","Bcbs","Highmark Wholecare Medicare Managed Care Plan","7640.49","","","","","","","fee schedule","6598.6","17147.95","MSDRG Base Rate"
"Other Infectious And Parasitic Diseases Diagnoses Without Cc/Mcc","869","MS-DRG","","","","","","","facility","inpatient","","","","","","Ibc","All Commercial Plans","","","[Psych-Per Diem: 1800] [All Other IP (%BC): 89.50]","","","","0","other","","","No services performed during 15-month lookback period."
"Other Injury, Poisoning And Toxic Effect Diagnoses With Mcc","922","MS-DRG","","","","","","","facility","inpatient","","","","","","Amerihealth","Medicare Managed Care Plan","17282.96","","","","","","","fee schedule","15202.6","41110.9","MSDRG Base Rate"
"Other Injury, Poisoning And Toxic Effect Diagnoses With Mcc","922","MS-DRG","","","","","","","facility","inpatient","","","","","","Bcbs","Highmark Health Options Medicaid Managed Care Plan","","","[Inpatient Services: Payer leverages state specific Medicaid payment methodology. Available, referenceable algorithm logic found here: https://medicaidpublications.dhss.delaware.gov/docs/search]","9234.15","9234.15","9234.15","1 through 10","other","","","Contracting method is an algorithm described in the 'standard_charges|algorithm' field. The allowed amount provided accounts for the structural rates, conditions, and utilization elements inherent in the payer’s algorithm."
"Other Injury, Poisoning And Toxic Effect Diagnoses With Mcc","922","MS-DRG","","","","","","","facility","inpatient","","","","","","Bcbs","Highmark Wholecare Medicare Managed Care Plan","","","[MSDRG Base Rate: FEE SCHEDULE]","","","","0","other","","","No services performed during 15-month lookback period."
"Other Kidney And Urinary Tract Diagnoses With Mcc","698","MS-DRG","","","","","","","facility","inpatient","","","","","","Jefferson Health Plan","Health Partners Medicaid Managed Care/Aca Plan","38878.4","","","","","","","fee schedule","14401.01","38878.4",""
"Other Kidney And Urinary Tract Diagnoses Without Cc/Mcc","700","MS-DRG","","","","","","","facility","inpatient","","","","","","Bcbs","Highmark All Commercial Plans","","","[Lesser Than Charges paid at %: 100] [MSDRG Base Rate: FEE SCHEDULE] [Normal Newborn-Per Diem: 6037.44] [Psych-Per Diem: 2159.84] [All Other IP (%BC): 85.44]","290.59","290.59","290.59","1 through 10","other","","","Contracting method is an algorithm described in the 'standard_charges|algorithm' field. The allowed amount provided accounts for the structural rates, conditions, and utilization elements inherent in the payer’s algorithm."
"Other Kidney And Urinary Tract Diagnoses Without Cc/Mcc","700","MS-DRG","","","","","","","facility","inpatient","","","","","","Jefferson Health Plan","Health Partners Medicaid Managed Care/Aca Plan","16212.65","","","","","","","fee schedule","6262.79","16212.65",""
"Other Kidney And Urinary Tract Procedures With Cc","674","MS-DRG","","","","","","","facility","inpatient","","","","","","Aetna - De","Better Health Medicaid Managed Care Plan","","","[Inpatient Services: Payer leverages state specific Medicaid payment methodology. Available, referenceable algorithm logic found here: https://medicaidpublications.dhss.delaware.gov/docs/search]","","","","0","other","","","No services performed during 15-month lookback period."
"Other Kidney And Urinary Tract Procedures With Mcc","673","MS-DRG","","","","","","","facility","inpatient","","","","","","Aetna - Nj","Better Health Medicaid Managed Care Plan","","","[Inpatient Services: Payer leverages state specific Medicaid payment methodology. Available, referenceable algorithm logic found here: https://www.nj.gov/health/hcf/]","","","","0","other","","","No services performed during 15-month lookback period."
"Other Major Cardiovascular Procedures With Cc","271","MS-DRG","","","","","","","facility","inpatient","","","","","","Unitedhealthcare","Medicare Managed Care Plan","32692.41","","","","","","","fee schedule","30448.81","83573.05","MSDRG Base Rate"
"Other Major Cardiovascular Procedures With Mcc","270","MS-DRG","","","","","","","facility","inpatient","","","","","","Aetna - Nj","Better Health Medicaid Managed Care Plan","","","[Inpatient Services: Payer leverages state specific Medicaid payment methodology. Available, referenceable algorithm logic found here: https://www.nj.gov/health/hcf/]","","","","0","other","","","No services performed during 15-month lookback period."
"Other Major Cardiovascular Procedures Without Cc/Mcc","272","MS-DRG","","","","","","","facility","inpatient","","","","","","Unitedhealthcare","All Commercial Plans","","91","","","","","0","percent of total billed charges","","","No services performed during 15-month lookback period."
"Other Male Reproductive System O.R. Procedures Except Malignancy With Cc/Mcc","717","MS-DRG","","","","","","","facility","inpatient","","","","","","Aetna","Medicare Managed Care Plan","17773.65","","","","","","","fee schedule","16393.17","44426.75","MSDRG Base Rate"
"Other Male Reproductive System O.R. Procedures Except Malignancy Without Cc/Mcc","718","MS-DRG","","","","","","","facility","inpatient","","","","","","Aetna - De","Better Health Medicaid Managed Care Plan","","","[Inpatient Services: Payer leverages state specific Medicaid payment methodology. Available, referenceable algorithm logic found here: https://medicaidpublications.dhss.delaware.gov/docs/search]","","","","0","other","","","No services performed during 15-month lookback period."
"Other Male Reproductive System O.R. Procedures For Malignancy With Cc/Mcc","715","MS-DRG","","","","","","","facility","inpatient","","","","","","Unitedhealthcare","All Commercial Plans","","91","","","","","0","percent of total billed charges","","","No services performed during 15-month lookback period."
"Other Male Reproductive System O.R. Procedures For Malignancy Without Cc/Mcc","716","MS-DRG","","","","","","","facility","inpatient","","","","","","Amerihealth","Caritas Next Other Commercial Plan","","94","","","","","0","percent of total billed charges","","","No services performed during 15-month lookback period."
"Other Male Reproductive System O.R. Procedures For Malignancy Without Cc/Mcc","716","MS-DRG","","","","","","","facility","inpatient","","","","","","Bcbs","Highmark Health Options Medicare Managed Care Plan","13868.28","","","","","","","fee schedule","12853.53","34568.5","MSDRG Base Rate"
"Other Male Reproductive System O.R. Procedures For Malignancy Without Cc/Mcc","716","MS-DRG","","","","","","","facility","inpatient","","","","","","Ibc","All Commercial Plans","","","[Psych-Per Diem: 1800] [All Other IP (%BC): 89.50]","","","","0","other","","","No services performed during 15-month lookback period."
"Other Medicine","N809","APC","","","","","","","facility","outpatient","","","","","","First Health","Delaware Medicaid Managed Care Plan","","","[OP Surgery  (%BC): 78] [Observation ($): 4500] [Emergency Department ($): 251.44] [Clinic Visit ($): 186.63] [Radiology Fee Schedule: FEE SCHEDULE] [Laboratory Fee Schedule: FEE SCHEDULE] [Occupational Therapy (%BC): 78] [Physical Therapy (%BC): 78] [Respiratory Services/Therapy  (%BC): 78] [Speech Therapy (%BC): 78] [All Other OP (%BC): 78]","","","","0","other","","","No services performed during 15-month lookback period."
"Other Mental Disorder Diagnoses","887","MS-DRG","","","","","","","facility","inpatient","","","","","","Aetna - Md","Better Health Medicaid Managed Care Plan","","","[Inpatient Services: Payer leverages state specific Medicaid payment methodology. Available, referenceable algorithm logic found here: https://health.maryland.gov/mmcp/provider/Pages/default.aspx]","","","","0","other","","","No services performed during 15-month lookback period."
"Other Mental Disorder Diagnoses","887","MS-DRG","","","","","","","facility","inpatient","","","","","","Bcbs","Highmark Wholecare Medicaid Managed Care Plan","","","[Inpatient Services: Payer leverages state specific Medicaid payment methodology. Available, referenceable algorithm logic found here: https://www.pa.gov/agencies/dhs/resources/for-providers]","","","","0","other","","","No services performed during 15-month lookback period."
"Other Mental Disorder Diagnoses","887","MS-DRG","","","","","","","facility","inpatient","","","","","","Healthspring","Medicare Managed Care Plan","9976.4","","","","","","","fee schedule","9477.58","25166.15","MSDRG Base Rate"
"Other Mental Disorder Diagnoses","887","MS-DRG","","","","","","","facility","inpatient","","","","","","Unitedhealthcare","Medicare Managed Care Plan","10175.93","","","","","","","fee schedule","9477.58","25166.15","MSDRG Base Rate"
"Other Multiple Significant Trauma With Mcc","963","MS-DRG","","","","","","","facility","inpatient","","","","","","Bcbs","Highmark All Commercial Plans","","","[Lesser Than Charges paid at %: 100] [MSDRG Base Rate: FEE SCHEDULE] [Normal Newborn-Per Diem: 6037.44] [Psych-Per Diem: 2159.84] [All Other IP (%BC): 85.44]","86836.1","86836.1","86836.1","1 through 10","other","","","Contracting method is an algorithm described in the 'standard_charges|algorithm' field. The allowed amount provided accounts for the structural rates, conditions, and utilization elements inherent in the payer’s algorithm."
"Other Multiple Significant Trauma Without Cc/Mcc","965","MS-DRG","","","","","","","facility","inpatient","","","","","","Jefferson Health Plan","Health Partners Medicaid Managed Care/Aca Plan","22101.75","","","","","","","fee schedule","8377.29","22101.75",""
"Other Musculoskeletal System And Connective Tissue Diagnoses With Cc","565","MS-DRG","","","","","","","facility","inpatient","","","","","","Healthspring","Medicare Managed Care Plan","9119.3","","","","","","","fee schedule","8663.33","22898.4","MSDRG Base Rate"
"Other Musculoskeletal System And Connective Tissue Diagnoses With Mcc","564","MS-DRG","","","","","","","facility","inpatient","","","","","","Amerihealth","Medicare Managed Care Plan","","","[MSDRG Base Rate: FEE SCHEDULE]","","","","0","other","","","No services performed during 15-month lookback period."
"Other Musculoskeletal System And Connective Tissue Diagnoses Without Cc/Mcc","566","MS-DRG","","","","","","","facility","inpatient","","","","","","Amerihealth","Medicare Managed Care Plan","7689.59","","","","","","","fee schedule","6763.99","17608.55","MSDRG Base Rate"
"Other Musculoskeletal System And Connective Tissue O.R. Procedures With Cc","516","MS-DRG","","","","","","","facility","inpatient","","","","","","Aetna","Medicare Managed Care Plan","19489.88","","","","","","","fee schedule","17976.1","48835.35","MSDRG Base Rate"
"Other Musculoskeletal System And Connective Tissue O.R. Procedures With Mcc","515","MS-DRG","","","","","","","facility","inpatient","","","","","","Amerihealth","Medicare Managed Care Plan","31072.05","","","","","","","fee schedule","27331.9","74892.15","MSDRG Base Rate"
"Other Musculoskeletal System And Connective Tissue O.R. Procedures Without Cc/Mcc","517","MS-DRG","","","","","","","facility","inpatient","","","","","","Unitedhealthcare","Medicare Managed Care Plan","14395.84","","","","","","","fee schedule","13407.89","36112.45","MSDRG Base Rate"
"Other Musculoskeletal System And Connective Tissue O.R. Procedures Without Cc/Mcc","517","MS-DRG","","","","","","","facility","inpatient","","","","","","Wellcare","Medicare Managed Care Plan","","","[MSDRG Base Rate: FEE SCHEDULE]","","","","0","other","","","No services performed during 15-month lookback period."
"Other Myeloproliferative Disorders Or Poorly Differentiated Neoplastic Diagnoses With Cc","844","MS-DRG","","","","","","","facility","inpatient","","","","","","Unitedhealthcare","All Commercial Plans","","91","","","","","0","percent of total billed charges","","","No services performed during 15-month lookback period."
"Other Myeloproliferative Disorders Or Poorly Differentiated Neoplastic Diagnoses Without Cc/Mcc","845","MS-DRG","","","","","","","facility","inpatient","","","","","","Healthspring","Medicare Managed Care Plan","","","[MSDRG Base Rate: FEE SCHEDULE]","","","","0","other","","","No services performed during 15-month lookback period."
"Other O.R. Procedures For Injuries With Cc","908","MS-DRG","","","","","","","facility","inpatient","","","","","","Bcbs","Highmark Health Options Medicare Managed Care Plan","18640.55","","","","","","","fee schedule","17276.6","46887.2","MSDRG Base Rate"
"Other O.R. Procedures For Injuries With Cc","908","MS-DRG","","","","","","","facility","inpatient","","","","","","Healthspring","Medicare Managed Care Plan","","","[MSDRG Base Rate: FEE SCHEDULE]","15601.91","15601.91","15601.91","1 through 10","other","","","Contracting method is an algorithm described in the 'standard_charges|algorithm' field. The allowed amount provided accounts for the structural rates, conditions, and utilization elements inherent in the payer’s algorithm."
"Other O.R. Procedures For Injuries With Cc","908","MS-DRG","","","","","","","facility","inpatient","","","","","","Wellcare","Medicare Managed Care Plan","","","[MSDRG Base Rate: FEE SCHEDULE]","16609.78","16609.78","16609.78","1 through 10","other","","","Contracting method is an algorithm described in the 'standard_charges|algorithm' field. The allowed amount provided accounts for the structural rates, conditions, and utilization elements inherent in the payer’s algorithm."
"Other O.R. Procedures For Injuries With Mcc","907","MS-DRG","","","","","","","facility","inpatient","","","","","","Bcbs","Highmark Health Options Medicare Managed Care Plan","35429.06","","","","","","","fee schedule","32836.69","90223.55","MSDRG Base Rate"
"Other O.R. Procedures For Injuries Without Cc/Mcc","909","MS-DRG","","","","","","","facility","inpatient","","","","","","Ibc","All Commercial Plans","","","[Psych-Per Diem: 1800] [All Other IP (%BC): 89.50]","","","","0","other","","","No services performed during 15-month lookback period."
"Other O.R. Procedures For Multiple Significant Trauma With Cc","958","MS-DRG","","","","","","","facility","inpatient","","","","","","Aetna - Nj","Better Health Medicaid Managed Care Plan","","","[Inpatient Services: Payer leverages state specific Medicaid payment methodology. Available, referenceable algorithm logic found here: https://www.nj.gov/health/hcf/]","","","","0","other","","","No services performed during 15-month lookback period."
"Other O.R. Procedures For Multiple Significant Trauma With Mcc","957","MS-DRG","","","","","","","facility","inpatient","","","","","","Healthspring","Medicare Managed Care Plan","68143.71","","","","","","","fee schedule","64736.52","179067.65","MSDRG Base Rate"
"Other O.R. Procedures For Multiple Significant Trauma Without Cc/Mcc","959","MS-DRG","","","","","","","facility","inpatient","","","","","","Aetna","Medicare Managed Care Plan","27412.32","","","","","","","fee schedule","25283.2","69186.35","MSDRG Base Rate"
"Other O.R. Procedures For Multiple Significant Trauma Without Cc/Mcc","959","MS-DRG","","","","","","","facility","inpatient","","","","","","Bcbs","Highmark Health Options Medicare Managed Care Plan","27279.25","","","","","","","fee schedule","25283.2","69186.35","MSDRG Base Rate"
"Other O.R. Procedures Of The Blood And Blood Forming Organs With Mcc","802","MS-DRG","","","","","","","facility","inpatient","","","","","","Bcbs","Highmark All Commercial Plans","","","[Lesser Than Charges paid at %: 100] [MSDRG Base Rate: FEE SCHEDULE] [Normal Newborn-Per Diem: 6037.44] [Psych-Per Diem: 2159.84] [All Other IP (%BC): 85.44]","","","","0","other","","","No services performed during 15-month lookback period."
"Other O.R. Procedures Of The Blood And Blood Forming Organs Without Cc/Mcc","804","MS-DRG","","","","","","","facility","inpatient","","","","","","Unitedhealthcare","Medicare Managed Care Plan","12758.79","","","","","","","fee schedule","11883.19","31866","MSDRG Base Rate"
"Other Respiratory System Diagnoses Without Mcc","206","MS-DRG","","","","","","","facility","inpatient","","","","","","Amerihealth","Caritas Next Other Commercial Plan","","94","","23570.05","23570.05","23570.05","1 through 10","percent of total billed charges","","",""
"Other Respiratory System Diagnoses Without Mcc","206","MS-DRG","","","","","","","facility","inpatient","","","","","","Jefferson Health Plan","Health Partners Medicare Managed Care Plan","","","[MSDRG Base Rate: FEE SCHEDULE]","","","","0","other","","","No services performed during 15-month lookback period."
"Other Respiratory System O.R. Procedures With Cc","167","MS-DRG","","","","","","","facility","inpatient","","","","","","Bcbs","Highmark Wholecare Medicare Managed Care Plan","18130.6","","","","","","","fee schedule","15658.24","42379.9","MSDRG Base Rate"
"Other Respiratory System O.R. Procedures With Mcc","166","MS-DRG","","","","","","","facility","inpatient","","","","","","Bcbs","Highmark Health Options Medicare Managed Care Plan","34504.11","","","","","","","fee schedule","31979.42","87835.95","MSDRG Base Rate"
"Other Respiratory System O.R. Procedures With Mcc","166","MS-DRG","","","","","","","facility","inpatient","","","","","","Cigna","All Commercial Plans","","","[SNF-(% BC): 60] [All Other IP (%BC): 88.46]","31165.53","31165.53","31165.53","1 through 10","other","","","Contracting method is an algorithm described in the 'standard_charges|algorithm' field. The allowed amount provided accounts for the structural rates, conditions, and utilization elements inherent in the payer’s algorithm."
"Other Respiratory System O.R. Procedures Without Cc/Mcc","168","MS-DRG","","","","","","","facility","inpatient","","","","","","Bcbs","Highmark Wholecare Medicare Managed Care Plan","13861.09","","","","","","","fee schedule","11970.94","32110.4","MSDRG Base Rate"
"Other Respiratory System O.R. Procedures Without Cc/Mcc","168","MS-DRG","","","","","","","facility","inpatient","","","","","","Healthspring","Medicare Managed Care Plan","12600.99","","","","","","","fee schedule","11970.94","32110.4","MSDRG Base Rate"
"Other Skin, Subcutaneous Tissue And Breast Procedures Without Cc/Mcc","581","MS-DRG","","","","","","","facility","inpatient","","","","","","Healthspring","Medicare Managed Care Plan","13282.23","","","","","","","fee schedule","12618.12","33912.85","MSDRG Base Rate"
"Other Skin, Subcutaneous Tissue And Breast Procedures Without Cc/Mcc","581","MS-DRG","","","","","","","facility","inpatient","","","","","","Wellcare","Medicare Managed Care Plan","","","[MSDRG Base Rate: FEE SCHEDULE]","","","","0","other","","","No services performed during 15-month lookback period."
"Other Vascular Procedures With Cc","253","MS-DRG","","","","","","","facility","inpatient","","","","","","Jefferson Health Plan","Health Partners Medicaid Managed Care/Aca Plan","","","[Inpatient Services: Payer leverages state specific Medicaid payment methodology. Available, referenceable algorithm logic found here: https://www.pa.gov/agencies/dhs/resources/for-providers] [MSDRG Base Rate: FEE SCHEDULE]","","","","0","other","","","No services performed during 15-month lookback period."
"Other Vascular Procedures With Mcc","252","MS-DRG","","","","","","","facility","inpatient","","","","","","Aetna","Medicare Managed Care Plan","32390.83","","","","","","","fee schedule","29875.04","81975.05","MSDRG Base Rate"
"Other Vascular Procedures Without Cc/Mcc","254","MS-DRG","","","","","","","facility","inpatient","","","","","","Bcbs","Highmark All Commercial Plans","","","[Lesser Than Charges paid at %: 100] [MSDRG Base Rate: FEE SCHEDULE] [Normal Newborn-Per Diem: 6037.44] [Psych-Per Diem: 2159.84] [All Other IP (%BC): 85.44]","","","","0","other","","","No services performed during 15-month lookback period."
"Other Vascular Procedures Without Cc/Mcc","254","MS-DRG","","","","","","","facility","inpatient","","","","","","Bcbs","Highmark Wholecare Medicare Managed Care Plan","","","[MSDRG Base Rate: FEE SCHEDULE]","","","","0","other","","","No services performed during 15-month lookback period."
"Other circulatory system O.R. procedures","120","MS-DRG","","","","","","","facility","inpatient","","","","","","Jefferson Health Plan","Health Partners Medicare Managed Care Plan","","","[MSDRG Base Rate: FEE SCHEDULE]","","","","0","other","","","No services performed during 15-month lookback period."
"Other immunoelectrophoresis","86325","HCPCS","","","","","","","facility","outpatient","","","","","","Ambetter","All Commercial Plans","30.07","","","","","","","fee schedule","15.03","69.39","Laboratory"
"Otitis Media And Uri With Mcc","152","MS-DRG","","","","","","","facility","inpatient","","","","","","Ambetter","All Commercial Plans","","91","","","","","0","percent of total billed charges","","","No services performed during 15-month lookback period."
"Otitis Media And Uri Without Mcc","153","MS-DRG","","","","","","","facility","inpatient","","","","","","Bcbs","Highmark Wholecare Medicare Managed Care Plan","7723.54","","","","","","","fee schedule","6670.33","17347.7","MSDRG Base Rate"
"Outer ear surgery procedure","69399","HCPCS","","","","","","","facility","outpatient","","","","","","Jefferson Health Plan","Health Partners Medicaid Managed Care/Aca Plan","767.84","","","","","","","fee schedule","243.15","767.84","APC"
"Ova and parasites smears","87177","HCPCS","","","","","","","facility","outpatient","","","","","","Amerihealth","Caritas Next Other Commercial Plan","14.24","","","","","","","fee schedule","5.79","26.7","Radiology"
"PACEMAKER AMVIA EDGE HF-T QP","CcthChSup10190850","CDM","278","RC","C2621","HCPCS","","","facility","both","","","","30806","30806","","","","","","","","","","","","","Gross Charge Type: Main Acute Price List"
"PACK, ARTHRO SHOULDER CUSTOM","PacuChSup213621","CDM","270","RC","","","","","facility","both","","","","535.88","535.88","","","","","","","","","","","","","Gross Charge Type: Main Acute Price List"
"PACK, ARTHROSCOPY CUSTOM","GastChSup3090","CDM","270","RC","","","","","facility","both","","","","352.95","352.95","","","","","","","","","","","","","Gross Charge Type: Main Acute Price List"
"PACK, ARTHROSCOPY CUSTOM","ScanChSup3090","CDM","270","RC","","","","","facility","both","","","","352.95","352.95","","","","","","","","","","","","","Gross Charge Type: Main Acute Price List"
"PACK, ARTHROSCOPY KNEE CUSTOM","ScanWmSup82906","CDM","270","RC","","","","","facility","both","","","","212","212","","","","","","","","","","","","","Gross Charge Type: Main Acute Price List"
"PACK, BASIC C.T.","PacuWmSup3091","CDM","270","RC","","","","","facility","both","","","","751.61","751.61","","","","","","","","","","","","","Gross Charge Type: Main Acute Price List"
"PACK, BASIC ORTHO CUSTOM","ScpuChSup214190","CDM","270","RC","","","","","facility","both","","","","164.83","164.83","","","","","","","","","","","","","Gross Charge Type: Main Acute Price List"
"PACK, CARDIAC BYPASS ADD ON","OperWmSup9175","CDM","270","RC","","","","","facility","both","","","","354.74","354.74","","","","","","","","","","","","","Gross Charge Type: Main Acute Price List"
"PACK, CARDIAC BYPASS ADD ON","PacuWmSup9175","CDM","270","RC","","","","","facility","both","","","","354.74","354.74","","","","","","","","","","","","","Gross Charge Type: Main Acute Price List"
"PACK, CATARACT TIPLESS","Wilm5449711","CDM","272","RC","","","","","facility","both","","","","1020.61","1020.61","","","","","","","","","","","","","Gross Charge Type: Main Acute Price List"
"PACK, CENTURION INTREPID BALANCED TIP .9MM","DelrChSup115757","CDM","272","RC","","","","","facility","both","","","","577.35","577.35","","","","","","","","","","","","","Gross Charge Type: Main Acute Price List"
"PACK, CENTURION INTREPID BALANCED TIP .9MM","EplbChSup115757","CDM","272","RC","","","","","facility","both","","","","577.35","577.35","","","","","","","","","","","","","Gross Charge Type: Main Acute Price List"
"PACK, CONSTELLATION FRAG","CspuChSup51452","CDM","272","RC","","","","","facility","both","","","","418.56","418.56","","","","","","","","","","","","","Gross Charge Type: Main Acute Price List"
"PACK, CONSTELLATION FRAG","GastChSup51452","CDM","272","RC","","","","","facility","both","","","","418.56","418.56","","","","","","","","","","","","","Gross Charge Type: Main Acute Price List"
"PACK, CONSTELLATION VFC","CspuChSup51451","CDM","272","RC","","","","","facility","both","","","","455.15","455.15","","","","","","","","","","","","","Gross Charge Type: Main Acute Price List"
"PACK, CUSTOM CATH LAB","GyscChSup214353","CDM","270","RC","","","","","facility","both","","","","201.67","201.67","","","","","","","","","","","","","Gross Charge Type: Main Acute Price List"
"PACK, CUSTOM SUPPORT PERFUSION","OperWmSup80023","CDM","272","RC","","","","","facility","both","","","","1231.94","1231.94","","","","","","","","","","","","","Gross Charge Type: Main Acute Price List"
"PACK, CUSTOM TUBING","EplbChSup37187","CDM","270","RC","","","","","facility","both","","","","5791.95","5791.95","","","","","","","","","","","","","Gross Charge Type: Main Acute Price List"
"PACK, D AND C CUSTOM","ScanChSup4176","CDM","270","RC","","","","","facility","both","","","","70.95","70.95","","","","","","","","","","","","","Gross Charge Type: Main Acute Price List"
"PACK, DART FIRE EDGE INST DISPOSABLE","ScorChSup118576","CDM","272","RC","","","","","facility","both","","","","739.16","739.16","","","","","","","","","","","","","Gross Charge Type: Main Acute Price List"
"PACK, ENT CUSTOM","ScanChSup22370","CDM","270","RC","","","","","facility","both","","","","195.71","195.71","","","","","","","","","","","","","Gross Charge Type: Main Acute Price List"
"PACK, ENT CUSTOM","ScpuWmSup22370","CDM","270","RC","","","","","facility","both","","","","195.71","195.71","","","","","","","","","","","","","Gross Charge Type: Main Acute Price List"
"PACK, EXPLORATORY LAP","Wilm54214183","CDM","270","RC","","","","","facility","both","","","","183.06","183.06","","","","","","","","","","","","","Gross Charge Type: Main Acute Price List"
"PACK, FENESTRATED NEEDLE 10-15G","AngiChSup112219","CDM","272","RC","","","","","facility","both","","","","1539.93","1539.93","","","","","","","","","","","","","Gross Charge Type: Main Acute Price List"
"PACK, FENESTRATED NEEDLE 10-15G","AngiWmSup112219","CDM","272","RC","","","","","facility","both","","","","1539.93","1539.93","","","","","","","","","","","","","Gross Charge Type: Main Acute Price List"
"PACK, GENERAL LAPAROSCOPY","CcthChSup214182","CDM","270","RC","","","","","facility","both","","","","361.61","361.61","","","","","","","","","","","","","Gross Charge Type: Main Acute Price List"
"PACK, GENERAL VASCULAR","GyscChSup5699","CDM","270","RC","","","","","facility","both","","","","333.77","333.77","","","","","","","","","","","","","Gross Charge Type: Main Acute Price List"
"PACK, HAND CUSTOM","OperWmSup214193","CDM","270","RC","","","","","facility","both","","","","250.45","250.45","","","","","","","","","","","","","Gross Charge Type: Main Acute Price List"
"PACK, HIP - ORTHO DRAPE","PacuWmSup1423","CDM","270","RC","","","","","facility","both","","","","155.27","155.27","","","","","","","","","","","","","Gross Charge Type: Main Acute Price List"
"PACK, KIDNEY TRANSPLANT CUSTOM","OperChSup31939","CDM","270","RC","","","","","facility","both","","","","272.44","272.44","","","","","","","","","","","","","Gross Charge Type: Main Acute Price List"
"PACK, LAP CLOSE CUSTOM","EplbChSup68525","CDM","272","RC","","","","","facility","both","","","","130.71","130.71","","","","","","","","","","","","","Gross Charge Type: Main Acute Price List"
"PACK, LIMB - CUSTOM","Chrs541068","CDM","270","RC","","","","","facility","both","","","","160.82","160.82","","","","","","","","","","","","","Gross Charge Type: Main Acute Price List"
"PACK, LIMB - CUSTOM","ScanWmSup1068","CDM","270","RC","","","","","facility","both","","","","160.82","160.82","","","","","","","","","","","","","Gross Charge Type: Main Acute Price List"
"PACK, LIMB - CUSTOM","ScorChSup1068","CDM","270","RC","","","","","facility","both","","","","160.82","160.82","","","","","","","","","","","","","Gross Charge Type: Main Acute Price List"
"PACK, MCP IMPLANT STRL","OperWmSup63143","CDM","272","RC","","","","","facility","both","","","","2525.29","2525.29","","","","","","","","","","","","","Gross Charge Type: Main Acute Price List"
"PACK, MJR VASCULAR CUSTOM","CcthChSup214188","CDM","270","RC","","","","","facility","both","","","","393.43","393.43","","","","","","","","","","","","","Gross Charge Type: Main Acute Price List"
"PACK, MJR VASCULAR CUSTOM","EplbChSup214188","CDM","270","RC","","","","","facility","both","","","","393.43","393.43","","","","","","","","","","","","","Gross Charge Type: Main Acute Price List"
"PACK, PHACO OZIL 12/30 TIP","ScpuChSup42721","CDM","272","RC","","","","","facility","both","","","","1222.52","1222.52","","","","","","","","","","","","","Gross Charge Type: Main Acute Price List"
"PACK, PODIATRY CUSTOM","CcthChSup104957","CDM","270","RC","","","","","facility","both","","","","222.1","222.1","","","","","","","","","","","","","Gross Charge Type: Main Acute Price List"
"PACK, PROSTEP BUMP PACK W/ BLADE AND BURR COMPT","GastWmSup110062","CDM","270","RC","","","","","facility","both","","","","5180.35","5180.35","","","","","","","","","","","","","Gross Charge Type: Main Acute Price List"
"PACK, PROSTEP INSTRUMENT W/ BLADE AND BURR COMPT","ScpuChSup110063","CDM","270","RC","","","","","facility","both","","","","1706.25","1706.25","","","","","","","","","","","","","Gross Charge Type: Main Acute Price List"
"PACK, RELOAD WOLF 6FR 25CM (1X)","CcthChSup114279","CDM","272","RC","","","","","facility","both","","","","3175.55","3175.55","","","","","","","","","","","","","Gross Charge Type: Main Acute Price List"
"PACK, RELOAD WOLF 7FR 25CM (1X)","ScpuChSup114280","CDM","272","RC","","","","","facility","both","","","","3175.55","3175.55","","","","","","","","","","","","","Gross Charge Type: Main Acute Price List"
"PACK, RELOAD WOLF 8FR 25CM (1X)","CspuChSup114281","CDM","272","RC","","","","","facility","both","","","","3175.55","3175.55","","","","","","","","","","","","","Gross Charge Type: Main Acute Price List"
"PACK, TOTAL KNEE CUSTOM","OperClSup214192","CDM","270","RC","","","","","facility","both","","","","484.02","484.02","","","","","","","","","","","","","Gross Charge Type: Main Acute Price List"
"PACK, TOTAL KNEE CUSTOM","ScpuChSup214192","CDM","270","RC","","","","","facility","both","","","","484.02","484.02","","","","","","","","","","","","","Gross Charge Type: Main Acute Price List"
"PACK, TRAUMA","CcthChSup202739","CDM","270","RC","","","","","facility","both","","","","468.2","468.2","","","","","","","","","","","","","Gross Charge Type: Main Acute Price List"
"PACK, TRENGUARD ARMGUARD PROCEDURE","CcthChSup59526","CDM","272","RC","","","","","facility","both","","","","250.17","250.17","","","","","","","","","","","","","Gross Charge Type: Main Acute Price List"
"PACK, TRENGUARD ARMGUARD PROCEDURE","CspuChSup59526","CDM","272","RC","","","","","facility","both","","","","250.17","250.17","","","","","","","","","","","","","Gross Charge Type: Main Acute Price List"
"PACK, TRENGUARD WIDTH EXTENDER","OperChSup61982","CDM","272","RC","","","","","facility","both","","","","88.62","88.62","","","","","","","","","","","","","Gross Charge Type: Main Acute Price List"
"PACK, UNIT BLOOD","ScanChSup37182","CDM","270","RC","","","","","facility","both","","","","134.28","134.28","","","","","","","","","","","","","Gross Charge Type: Main Acute Price List"
"PACK, UNIVERSAL PROXIMA II","GyscChSup414","CDM","270","RC","","","","","facility","both","","","","110.89","110.89","","","","","","","","","","","","","Gross Charge Type: Main Acute Price List"
"PACK, VITRECTOMY CONSTELLATION 23G","ScorChSup51449","CDM","272","RC","","","","","facility","both","","","","4535.22","4535.22","","","","","","","","","","","","","Gross Charge Type: Main Acute Price List"
"PACKING, RAP RHINO 5.5 ANT NO AIRWAY","PacuChSup9732","CDM","270","RC","","","","","facility","both","","","","288.39","288.39","","","","","","","","","","","","","Gross Charge Type: Main Acute Price List"
"PAD REHAB PER SESSION","CrhbSp2007","CDM","480","RC","93668","HCPCS","","","facility","both","","","","87.35","87.35","","","","","","","","","","","","","Gross Charge Type: Main Acute Price List"
"PARATHYROID PLANAR IMAG,SPECT,CT LOC GLB","Chrs422004","CDM","341","RC","78072","HCPCS","","","facility","both","","","","3080.67","3080.67","","","","","","","","","","","","","Gross Charge Type: Main Acute Price List"
"PASSER, CATHETER 12IN","ScorChSup70409","CDM","278","RC","","","","","facility","both","","","","609.81","609.81","","","","","","","","","","","","","Gross Charge Type: Main Acute Price List"
"PASSER, CATHETHER 60CM","GastWmSup27855","CDM","272","RC","","","","","facility","both","","","","1130.43","1130.43","","","","","","","","","","","","","Gross Charge Type: Main Acute Price List"
"PASSER, SUTURE LARGE","OperChSup96051","CDM","270","RC","","","","","facility","both","","","","251.81","251.81","","","","","","","","","","","","","Gross Charge Type: Main Acute Price List"
"PASSER, SUTURE LASSO MICRO STRAIGHT","PacuChSup113779","CDM","272","RC","","","","","facility","both","","","","862.37","862.37","","","","","","","","","","","","","Gross Charge Type: Main Acute Price List"
"PASSER, SUTURE TRANSOSSEOUS","ScanChSup68794","CDM","272","RC","","","","","facility","both","","","","436.42","436.42","","","","","","","","","","","","","Gross Charge Type: Main Acute Price List"
"PASSER, SUTURE TRANSOSSEOUS","ScorChSup68794","CDM","272","RC","","","","","facility","both","","","","436.42","436.42","","","","","","","","","","","","","Gross Charge Type: Main Acute Price List"
"PASSURE, SUTURE STRYKER SLINGSHOT 70 DEGREE","OperChSup120113","CDM","272","RC","","","","","facility","both","","","","1817.12","1817.12","","","","","","","","","","","","","Gross Charge Type: Main Acute Price List"
"PATCH, CV 0.6","Chrs5483451","CDM","278","RC","C1768","HCPCS","","","facility","both","","","","3061.39","3061.39","","","","","","","","","","","","","Gross Charge Type: Main Acute Price List"
"PATCH, FIBRIN SEALANT EVARREST 2""X4""","GastWmSup66458","CDM","272","RC","","","","","facility","both","","","","10379.25","10379.25","","","","","","","","","","","","","Gross Charge Type: Main Acute Price List"
"PATCH, PERICARDIAL REPAIR 6CMX8CM","PacuWmSup27886","CDM","278","RC","C1763","HCPCS","","","facility","both","","","","3574.55","3574.55","","","","","","","","","","","","","Gross Charge Type: Main Acute Price List"
"PATCH, PERICARDIUM BOVINE XENOSURE .8CMX8CM","EplbChSup42931","CDM","278","RC","C1768","HCPCS","","","facility","both","","","","1410.58","1410.58","","","","","","","","","","","","","Gross Charge Type: Main Acute Price List"
"PATCH, PERICARDIUM BOVINE XENOSURE .8CMX8CM","PacuChSup42931","CDM","278","RC","C1768","HCPCS","","","facility","both","","","","1410.58","1410.58","","","","","","","","","","","","","Gross Charge Type: Main Acute Price List"
"PATCH, PERICARDIUM BOVINE XENOSURE 1.5CMX10CM","DelrChSup79798","CDM","278","RC","C1768","HCPCS","","","facility","both","","","","1841.77","1841.77","","","","","","","","","","","","","Gross Charge Type: Main Acute Price List"
"PATCH, PERICARDIUM BOVINE XENOSURE 1CMX6CM","EplbChSup42932","CDM","278","RC","C1768","HCPCS","","","facility","both","","","","1410.58","1410.58","","","","","","","","","","","","","Gross Charge Type: Main Acute Price List"
"PATCH, PERICARDIUM BOVINE XENOSURE 2CMX9CM","Wilm5442933","CDM","278","RC","C1768","HCPCS","","","facility","both","","","","2211.34","2211.34","","","","","","","","","","","","","Gross Charge Type: Main Acute Price List"
"PAVAL ACHR GANGL/NEUR AB","ChemWm2023","CDM","301","RC","83519","HCPCS","","","facility","both","","","","29.35","29.35","","","","","","","","","","","","","Gross Charge Type: Main Acute Price List"
"PAVAL ANNA-1","ChemCh2022","CDM","301","RC","86255","HCPCS","","","facility","both","","","","53.83","53.83","","","","","","","","","","","","","Gross Charge Type: Main Acute Price List"
"PAVAL ANNA-1","ChemSN2022","CDM","301","RC","86255","HCPCS","","","facility","both","","","","53.36","53.36","","","","","","","","","","","","","Gross Charge Type: Acute Discounted"
"PAVAL ANNA-2","ChemCh2036","CDM","301","RC","86255","HCPCS","","","facility","both","","","","53.36","53.36","","","","","","","","","","","","","Gross Charge Type: Acute Discounted"
"PAVAL ANNA-2","ChemSR2036","CDM","301","RC","86255","HCPCS","","","facility","both","","","","53.36","53.36","","","","","","","","","","","","","Gross Charge Type: Acute Discounted"
"PAVAL ANNA-3","ChemSR2024","CDM","301","RC","86255","HCPCS","","","facility","both","","","","53.83","53.83","","","","","","","","","","","","","Gross Charge Type: Main Acute Price List"
"PAVAL CRMP-5-IGG","ChemCh2038","CDM","301","RC","86255","HCPCS","","","facility","both","","","","53.36","53.36","","","","","","","","","","","","","Gross Charge Type: Acute Discounted"
"PAVAL N TYPE CA CHANNEL AB","ChemSN2035","CDM","301","RC","83519","HCPCS","","","facility","both","","","","29.35","29.35","","","","","","","","","","","","","Gross Charge Type: Main Acute Price List"
"PAVAL PCA-TR","ChemWm2020","CDM","301","RC","86255","HCPCS","","","facility","both","","","","53.83","53.83","","","","","","","","","","","","","Gross Charge Type: Main Acute Price List"
"PC2TS/C - PCA-2 TITER","ChemCh2311","CDM","302","RC","86256","HCPCS","","","facility","both","","","","70.6","70.6","","","","","","","","","","","","","Gross Charge Type: Main Acute Price List"
"PD-L1 IHC QUANT/SEMI-QUANT","PATHCH1068","CDM","310","RC","88360","HCPCS","","","facility","both","","","","731.03","731.03","","","","","","","","","","","","","Gross Charge Type: Main Acute Price List"
"PEG, FULLY THREADED 2.5X14MM","EplbChSup28971","CDM","278","RC","","","","","facility","both","","","","444.82","444.82","","","","","","","","","","","","","Gross Charge Type: Main Acute Price List"
"PEG, FULLY THREADED 2.5X16MM","AngiWmSup27042","CDM","278","RC","","","","","facility","both","","","","473.06","473.06","","","","","","","","","","","","","Gross Charge Type: Main Acute Price List"
"PEG, FULLY THREADED 2.5X16MM","OperWmSup27042","CDM","278","RC","","","","","facility","both","","","","473.06","473.06","","","","","","","","","","","","","Gross Charge Type: Main Acute Price List"
"PEG, LOCKING 2.7X14MM","CspuChSup107997","CDM","278","RC","C1713","HCPCS","","","facility","both","","","","554.38","554.38","","","","","","","","","","","","","Gross Charge Type: Main Acute Price List"
"PEG, LOCKING 2.7X14MM","ScanChSup107997","CDM","278","RC","C1713","HCPCS","","","facility","both","","","","554.38","554.38","","","","","","","","","","","","","Gross Charge Type: Main Acute Price List"
"PEG, LOCKING 2.7X20MM","AnesChSup107855","CDM","278","RC","C1713","HCPCS","","","facility","both","","","","554.38","554.38","","","","","","","","","","","","","Gross Charge Type: Main Acute Price List"
"PEG, LOCKING 2.7X22MM","GastWmSup107856","CDM","278","RC","C1713","HCPCS","","","facility","both","","","","554.38","554.38","","","","","","","","","","","","","Gross Charge Type: Main Acute Price List"
"PEG, LOCKING 2.7X24MM","AngiWmSup109714","CDM","278","RC","C1713","HCPCS","","","facility","both","","","","554.38","554.38","","","","","","","","","","","","","Gross Charge Type: Main Acute Price List"
"PEG, LOCKING THREADED 2.3MM 16MM","OperWmSup119799","CDM","278","RC","C1713","HCPCS","","","facility","both","","","","486.52","486.52","","","","","","","","","","","","","Gross Charge Type: Main Acute Price List"
"PEG, LOCKING THREADED 2.3MM 17MM","DelrChSup119800","CDM","278","RC","C1713","HCPCS","","","facility","both","","","","486.52","486.52","","","","","","","","","","","","","Gross Charge Type: Main Acute Price List"
"PEG, LOCKING THREADED 2.3MM 17MM","PacuChSup119800","CDM","278","RC","C1713","HCPCS","","","facility","both","","","","486.52","486.52","","","","","","","","","","","","","Gross Charge Type: Main Acute Price List"
"PEG, LOCKING THREADED 23.MM 20MM","GastChSup119802","CDM","278","RC","C1713","HCPCS","","","facility","both","","","","486.52","486.52","","","","","","","","","","","","","Gross Charge Type: Main Acute Price List"
"PEG, SCREW 3.5X22MM","CspuChSup27515","CDM","278","RC","","","","","facility","both","","","","320.58","320.58","","","","","","","","","","","","","Gross Charge Type: Main Acute Price List"
"PEG, SMOOTH 2.0X20MM","EplbChSup26624","CDM","278","RC","","","","","facility","both","","","","660.28","660.28","","","","","","","","","","","","","Gross Charge Type: Main Acute Price List"
"PEG, THREADED 2.5X18MM","ScanChSup26623","CDM","278","RC","C1713","HCPCS","","","facility","both","","","","702.21","702.21","","","","","","","","","","","","","Gross Charge Type: Main Acute Price List"
"PEG, VOLAR THREADED 20MM - 44028","EplbChSup44028","CDM","278","RC","","","","","facility","both","","","","708.37","708.37","","","","","","","","","","","","","Gross Charge Type: Main Acute Price List"
"PEG, VOLAR THREADED TRX 16MM","GastChSup50785","CDM","278","RC","","","","","facility","both","","","","708.37","708.37","","","","","","","","","","","","","Gross Charge Type: Main Acute Price List"
"PEG, VOLAR UNTHREADED 24MM-57353","PacuChSup57353","CDM","278","RC","C1713","HCPCS","","","facility","both","","","","585.18","585.18","","","","","","","","","","","","","Gross Charge Type: Main Acute Price List"
"PERCEPTOR MORSE MANIFOLD","Wilm54105788","CDM","270","RC","","","","","facility","both","","","","94.67","94.67","","","","","","","","","","","","","Gross Charge Type: Main Acute Price List"
"PERFUSION,SPECT,SINGLE,REST/STRESS GLB","CDAV422535","CDM","341","RC","78451","HCPCS","","","facility","both","","","","3104.44","3104.44","","","","","","","","","","","","","Gross Charge Type: Main Acute Price List"
"PERI STRIP, DRY","ScorChSup23171","CDM","270","RC","","","","","facility","both","","","","810.87","810.87","","","","","","","","","","","","","Gross Charge Type: Main Acute Price List"
"PESSARY, OVAL WITH SUPPORT #3","CcthChSup53365","CDM","272","RC","","","","","facility","both","","","","185.34","185.34","","","","","","","","","","","","","Gross Charge Type: Main Acute Price List"
"PET not otherwise specified","G0235","HCPCS","","","","","","","facility","outpatient","","","","","","Bcbs","Highmark Medicare Managed Care Plan","410.4","","","","","","","fee schedule","410.4","1296.01","APC"
"PET/CT,LIMITED AREA,NUC MED PHYS,INITIAL PF","Pspf83P5321","CDM","974","RC","78814","HCPCS","","","facility","both","","","26PI","1782.15","1782.15","","","","","","","","","","","","","Gross Charge Type: Main Acute Price List | The modified price is presented in the standard charge value. | Modifier 26: Professional Component | Modifier PI: Positron emission tomography (pet) or pet/computed tomography (ct) to inform the initial treatment strategy of tumors that are biopsy proven or strongly suspected of being cancerous based on other diagnostic testing"
"PET/CT,SKULL  MID-THIGH,RADIOL,SUBSEQ Rd GLR","CcccPC5045","CDM","404","RC","78815","HCPCS","","","facility","both","","","PS","9608.25","9608.25","","","","","","","","","","","","","Gross Charge Type: Main Acute Price List | The modified price is presented in the standard charge value. | Modifier PS: Positron emission tomography (pet) or pet/computed tomography (ct) to inform the subsequent treatment strategy of cancerous tumors when the beneficiary's treating physician determines that the pet study is needed to inform subsequent anti-tumor strategy"
"PET/CT,WHOLE BODY,RADIOLOGIST,INITIAL Rd GLR","CcccPC5065","CDM","404","RC","78816","HCPCS","","","facility","both","","","PI","9686.54","9686.54","","","","","","","","","","","","","Gross Charge Type: Main Acute Price List | The modified price is presented in the standard charge value. | Modifier PI: Positron emission tomography (pet) or pet/computed tomography (ct) to inform the initial treatment strategy of tumors that are biopsy proven or strongly suspected of being cancerous based on other diagnostic testing"
"PHOSPHATASE,ALKALINE","ChemHg3933","CDM","301","RC","84075","HCPCS","","","facility","both","","","","48.23","48.23","","","","","","","","","","","","","Gross Charge Type: Main Acute Price List"
"PHOSPHATASE,ISOENZYMES","ChemWm6266","CDM","301","RC","84080","HCPCS","","","facility","both","","","","133.5","133.5","","","","","","","","","","","","","Gross Charge Type: Main Acute Price List"
"PHOSPHORUS,URINE","ChemWm3968","CDM","301","RC","84105","HCPCS","","","facility","both","","","","98.56","98.56","","","","","","","","","","","","","Gross Charge Type: Main Acute Price List"
"PICC, POWER SING LUM 4FR W/70CM NITINOL WIRE","AngiWmSup44433","CDM","278","RC","C1751","HCPCS","","","facility","both","","","","620.77","620.77","","","","","","","","","","","","","Gross Charge Type: Main Acute Price List"
"PICC, POWER TRIP LUM 6FR W/70CM NITINOL WIRE","ScanWmSup44435","CDM","278","RC","C1751","HCPCS","","","facility","both","","","","664.91","664.91","","","","","","","","","","","","","Gross Charge Type: Main Acute Price List"
"PICC, POWER TRIPLE LUMEN 5FR W/135CM GUIDEWIRE","GastWmSup109934","CDM","272","RC","C1751","HCPCS","","","facility","both","","","","935.48","935.48","","","","","","","","","","","","","Gross Charge Type: Main Acute Price List"
"PIECE, EXTENSION GMRS 140MM","DelrChSup65271","CDM","278","RC","","","","","facility","both","","","","23474.76","23474.76","","","","","","","","","","","","","Gross Charge Type: Main Acute Price List"
"PIECE, EXTENSION GMRS 50MM","GastWmSup65272","CDM","278","RC","C1776","HCPCS","","","facility","both","","","","21727.11","21727.11","","","","","","","","","","","","","Gross Charge Type: Main Acute Price List"
"PIECE, EXTENSION GMRS 50MM","OperWmSup65272","CDM","278","RC","C1776","HCPCS","","","facility","both","","","","21727.11","21727.11","","","","","","","","","","","","","Gross Charge Type: Main Acute Price List"
"PIECE, EXTENSION GMRS 50MM","ScorWmSup65272","CDM","278","RC","C1776","HCPCS","","","facility","both","","","","21727.11","21727.11","","","","","","","","","","","","","Gross Charge Type: Main Acute Price List"
"PIECE, EXTENSION GMRS 70MM","ScanChSup78384","CDM","278","RC","","","","","facility","both","","","","21727.11","21727.11","","","","","","","","","","","","","Gross Charge Type: Main Acute Price List"
"PIN BONE 1.8MM VA BUTTRESS 8MM","OperWmSup10195563","CDM","278","RC","C1713","HCPCS","","","facility","both","","","","649.12","649.12","","","","","","","","","","","","","Gross Charge Type: Main Acute Price List"
"PIN BONE FIXATION 3.2MM 140MM PERMANENT SELF-DRILLING/TAPPING BLUNT TIP STAINLESS STEEL","ScorWmSup10180630","CDM","278","RC","C1713","HCPCS","","","facility","both","","","","771.88","771.88","","","","","","","","","","","","","Gross Charge Type: Main Acute Price List"
"PIN TEMP FIX THREADED MINI 1.1X10MM","ScpuWmSup118988","CDM","278","RC","C1713","HCPCS","","","facility","both","","","","666.07","666.07","","","","","","","","","","","","","Gross Charge Type: Main Acute Price List"
"PIN,  APEX S/D HALF 25 THR 3X110MM","CspuChSup58130","CDM","278","RC","C1713","HCPCS","","","facility","both","","","","518.38","518.38","","","","","","","","","","","","","Gross Charge Type: Main Acute Price List"
"PIN,  APEX S/D HALF 25 THR 3X110MM","GyscChSup58130","CDM","278","RC","C1713","HCPCS","","","facility","both","","","","518.38","518.38","","","","","","","","","","","","","Gross Charge Type: Main Acute Price List"
"PIN, 1/2 HA 6X25MM","ScorWmSup26890","CDM","278","RC","","","","","facility","both","","","","1870.22","1870.22","","","","","","","","","","","","","Gross Charge Type: Main Acute Price List"
"PIN, 2.8 DYNANITE UIP GLENOID STAINLESS","DelrChSup114249","CDM","278","RC","C1713","HCPCS","","","facility","both","","","","408.28","408.28","","","","","","","","","","","","","Gross Charge Type: Main Acute Price List"
"PIN, APEX 4X120MM","CcthChSup66404","CDM","278","RC","C1713","HCPCS","","","facility","both","","","","718.2","718.2","","","","","","","","","","","","","Gross Charge Type: Main Acute Price List"
"PIN, APEX 4X120MM","ScpuWmSup66404","CDM","278","RC","C1713","HCPCS","","","facility","both","","","","718.2","718.2","","","","","","","","","","","","","Gross Charge Type: Main Acute Price List"
"PIN, APEX HALF 20 CONT THR 3X80MM","ScorWmSup58131","CDM","278","RC","C1713","HCPCS","","","facility","both","","","","491.36","491.36","","","","","","","","","","","","","Gross Charge Type: Main Acute Price List"
"PIN, APEX HALF 20CONT THR 3X60MM","AnesWmSup118864","CDM","278","RC","C1713","HCPCS","","","facility","both","","","","518.38","518.38","","","","","","","","","","","","","Gross Charge Type: Main Acute Price List"
"PIN, APEX HALF 20CONT THR 3X60MM","EplbChSup118864","CDM","278","RC","C1713","HCPCS","","","facility","both","","","","518.38","518.38","","","","","","","","","","","","","Gross Charge Type: Main Acute Price List"
"PIN, APEX HALF 20CONT THR 3X60MM","OperChSup118864","CDM","278","RC","C1713","HCPCS","","","facility","both","","","","518.38","518.38","","","","","","","","","","","","","Gross Charge Type: Main Acute Price List"
"PIN, APEX S/D HALF 10 THR 3X80MM","ScanWmSup78593","CDM","278","RC","C1713","HCPCS","","","facility","both","","","","518.38","518.38","","","","","","","","","","","","","Gross Charge Type: Main Acute Price List"
"PIN, APEX S/D HALF PIN 3/5MM 20X120MM","GyscChSup60807","CDM","278","RC","C1713","HCPCS","","","facility","both","","","","830.45","830.45","","","","","","","","","","","","","Gross Charge Type: Main Acute Price List"
"PIN, APEX S/D HALF PIN 3/5MM 20X120MM","OperChSup60807","CDM","278","RC","C1713","HCPCS","","","facility","both","","","","830.45","830.45","","","","","","","","","","","","","Gross Charge Type: Main Acute Price List"
"PIN, APEX S/D HALF PIN 3/5MM 20X120MM","PacuChSup60807","CDM","278","RC","C1713","HCPCS","","","facility","both","","","","830.45","830.45","","","","","","","","","","","","","Gross Charge Type: Main Acute Price List"
"PIN, APEX S/D HALF PIN 3/5MM 20X120MM","ScanWmSup60807","CDM","278","RC","C1713","HCPCS","","","facility","both","","","","830.45","830.45","","","","","","","","","","","","","Gross Charge Type: Main Acute Price List"
"PIN, APEX S/D HALF PIN 3/5MM 20X120MM","ScpuChSup60807","CDM","278","RC","C1713","HCPCS","","","facility","both","","","","830.45","830.45","","","","","","","","","","","","","Gross Charge Type: Main Acute Price List"
"PIN, APEX S/D HALF PIN 50 THR 5X150","CcthChSup204663","CDM","270","RC","","","","","facility","both","","","","791.64","791.64","","","","","","","","","","","","","Gross Charge Type: Main Acute Price List"
"PIN, APEX TRANSFIX THREAD 4.0X300MM","PacuChSup60518","CDM","278","RC","","","","","facility","both","","","","654.85","654.85","","","","","","","","","","","","","Gross Charge Type: Main Acute Price List"
"PIN, APEX TRANSFIXING 5/6MM 40X300MM","AngiWmSup60809","CDM","278","RC","","","","","facility","both","","","","734.73","734.73","","","","","","","","","","","","","Gross Charge Type: Main Acute Price List"
"PIN, APEX TRANSFIXING 5/6MM 40X300MM","ScorWmSup60809","CDM","278","RC","","","","","facility","both","","","","734.73","734.73","","","","","","","","","","","","","Gross Charge Type: Main Acute Price List"
"PIN, AXIS IJS 2.5 X 45MM","OperChSup108002","CDM","278","RC","C1713","HCPCS","","","facility","both","","","","2229.83","2229.83","","","","","","","","","","","","","Gross Charge Type: Main Acute Price List"
"PIN, BIOABSOARBABLE 22MM","DelrChSup108879","CDM","278","RC","C1713","HCPCS","","","facility","both","","","","5442.13","5442.13","","","","","","","","","","","","","Gross Charge Type: Main Acute Price List"
"PIN, BIOABSOARBABLE 26MM","ScpuChSup108883","CDM","278","RC","C1713","HCPCS","","","facility","both","","","","5442.13","5442.13","","","","","","","","","","","","","Gross Charge Type: Main Acute Price List"
"PIN, CANCELLOUS REDUCTION 6.0MM","ScanWmSup119178","CDM","278","RC","C1713","HCPCS","","","facility","both","","","","3753.18","3753.18","","","","","","","","","","","","","Gross Charge Type: Main Acute Price List"
"PIN, CAP","ScorWmSup112511","CDM","278","RC","C1713","HCPCS","","","facility","both","","","","63.94","63.94","","","","","","","","","","","","","Gross Charge Type: Main Acute Price List"
"PIN, CENTRAL GUIDE  2.5MM","ScorWmSup58012","CDM","272","RC","","","","","facility","both","","","","997.88","997.88","","","","","","","","","","","","","Gross Charge Type: Main Acute Price List"
"PIN, CONNECTOR ANGLE 85MM","ScorWmSup61475","CDM","278","RC","","","","","facility","both","","","","3424.81","3424.81","","","","","","","","","","","","","Gross Charge Type: Main Acute Price List"
"PIN, CRIMP POSITIONING 5.0MM","AngiWmSup40348","CDM","278","RC","","","","","facility","both","","","","1592.72","1592.72","","","","","","","","","","","","","Gross Charge Type: Main Acute Price List"
"PIN, CRIMP POSITIONING 5.0MM","GastWmSup40348","CDM","278","RC","","","","","facility","both","","","","1592.72","1592.72","","","","","","","","","","","","","Gross Charge Type: Main Acute Price List"
"PIN, FIX 1.1 X11 COMPT","ScpuChSup111706","CDM","278","RC","C1713","HCPCS","","","facility","both","","","","503.9","503.9","","","","","","","","","","","","","Gross Charge Type: Main Acute Price List"
"PIN, FIXATION PROSTEP MICA SOLO ANTI SKIVE 0.9MM","OperChSup10195368","CDM","278","RC","C1713","HCPCS","","","facility","both","","","","175.2","175.2","","","","","","","","","","","","","Gross Charge Type: Main Acute Price List"
"PIN, FIXATION PROSTEP MICA SOLO ANTI SKIVE 0.9MM","ScorChSup10195368","CDM","278","RC","C1713","HCPCS","","","facility","both","","","","175.2","175.2","","","","","","","","","","","","","Gross Charge Type: Main Acute Price List"
"PIN, FIXATION TEMP 1.1MM","ScpuWmSup59800","CDM","278","RC","C1713","HCPCS","","","facility","both","","","","566.69","566.69","","","","","","","","","","","","","Gross Charge Type: Main Acute Price List"
"PIN, FIXATION","OperChSup23492","CDM","278","RC","C1713","HCPCS","","","facility","both","","","","1589.21","1589.21","","","","","","","","","","","","","Gross Charge Type: Main Acute Price List"
"PIN, GAMMA4 PRECISION TAPERED 3.2/3.9X450MM","AnesWmSup115732","CDM","278","RC","C1713","HCPCS","","","facility","both","","","","117.81","117.81","","","","","","","","","","","","","Gross Charge Type: Main Acute Price List"
"PIN, GUIDE 1.6MMX150MMX5MM","ScpuWmSup19610","CDM","278","RC","C1713","HCPCS","","","facility","both","","","","97.07","97.07","","","","","","","","","","","","","Gross Charge Type: Main Acute Price List"
"PIN, GUIDE 2.8MM SMOOTH","ScpuWmSup118085","CDM","278","RC","C1713","HCPCS","","","facility","both","","","","769.97","769.97","","","","","","","","","","","","","Gross Charge Type: Main Acute Price List"
"PIN, GUIDE 3.0X100MM","GastChSup112959","CDM","272","RC","","","","","facility","both","","","","1034.84","1034.84","","","","","","","","","","","","","Gross Charge Type: Main Acute Price List"
"PIN, GUIDE ASCEND FLEX 3X75MM","AngiWmSup65179","CDM","278","RC","C1713","HCPCS","","","facility","both","","","","665.25","665.25","","","","","","","","","","","","","Gross Charge Type: Main Acute Price List"
"PIN, GUIDE ASCEND FLEX 3X75MM","ScanWmSup65179","CDM","278","RC","C1713","HCPCS","","","facility","both","","","","665.25","665.25","","","","","","","","","","","","","Gross Charge Type: Main Acute Price List"
"PIN, GUIDE ENCOMPASS LESSER","PacuChSup68991","CDM","278","RC","C1713","HCPCS","","","facility","both","","","","608.15","608.15","","","","","","","","","","","","","Gross Charge Type: Main Acute Price List"
"PIN, GUIDE METATARSAL REAMER.101X2.5","GyscChSup66735","CDM","272","RC","","","","","facility","both","","","","458.14","458.14","","","","","","","","","","","","","Gross Charge Type: Main Acute Price List"
"PIN, GUIDE METATARSAL REAMER.101X2.5","PacuChSup66735","CDM","272","RC","","","","","facility","both","","","","458.14","458.14","","","","","","","","","","","","","Gross Charge Type: Main Acute Price List"
"PIN, GUIDE METATARSAL REAMER.101X2.5","ScorChSup66735","CDM","272","RC","","","","","facility","both","","","","458.14","458.14","","","","","","","","","","","","","Gross Charge Type: Main Acute Price List"
"PIN, HA 1/2 6X35","CspuChSup25245","CDM","278","RC","","","","","facility","both","","","","1633.56","1633.56","","","","","","","","","","","","","Gross Charge Type: Main Acute Price List"
"PIN, HALF CAP 6MM ORANGE","EplbChSup66183","CDM","278","RC","C1713","HCPCS","","","facility","both","","","","239.48","239.48","","","","","","","","","","","","","Gross Charge Type: Main Acute Price List"
"PIN, HALF CAP 6MM ORANGE","GastChSup66183","CDM","278","RC","C1713","HCPCS","","","facility","both","","","","239.48","239.48","","","","","","","","","","","","","Gross Charge Type: Main Acute Price List"
"PIN, HALF FIX EX 5MMX35MM","AngiChSup119084","CDM","278","RC","C1713","HCPCS","","","facility","both","","","","3828.48","3828.48","","","","","","","","","","","","","Gross Charge Type: Main Acute Price List"
"PIN, HALF FIX EX 5MMX40MM","ScanChSup119083","CDM","278","RC","C1713","HCPCS","","","facility","both","","","","3828.48","3828.48","","","","","","","","","","","","","Gross Charge Type: Main Acute Price List"
"PIN, HALF HA COATED 6.5X45X150MM","ScpuChSup30686","CDM","278","RC","","","","","facility","both","","","","1196.28","1196.28","","","","","","","","","","","","","Gross Charge Type: Main Acute Price List"
"PIN, INBONE STEINMANN 2.4MM","EplbChSup116331","CDM","278","RC","C1713","HCPCS","","","facility","both","","","","1687.77","1687.77","","","","","","","","","","","","","Gross Charge Type: Main Acute Price List"
"PIN, INBONE STEINMANN 2.4MM","ScanWmSup116331","CDM","278","RC","C1713","HCPCS","","","facility","both","","","","1687.77","1687.77","","","","","","","","","","","","","Gross Charge Type: Main Acute Price List"
"PIN, INHANCE GLENOID 3.5X230MM","OperChSup119254","CDM","278","RC","C1713","HCPCS","","","facility","both","","","","1586.99","1586.99","","","","","","","","","","","","","Gross Charge Type: Main Acute Price List"
"PIN, INHANCE HUMERAL 3.5X130MM","PacuWmSup119253","CDM","278","RC","C1713","HCPCS","","","facility","both","","","","1141.01","1141.01","","","","","","","","","","","","","Gross Charge Type: Main Acute Price List"
"PIN, NON THREADED GUIDE COMPT","GastWmSup112844","CDM","278","RC","C1713","HCPCS","","","facility","both","","","","289.6","289.6","","","","","","","","","","","","","Gross Charge Type: Main Acute Price List"
"PIN, ORTHOSORB  50MM X 1.3 MM","ScanWmSup212592","CDM","278","RC","","","","","facility","both","","","","689.89","689.89","","","","","","","","","","","","","Gross Charge Type: Main Acute Price List"
"PIN, ORTHOSORB  50MM X 1.3 MM","ScorChSup212592","CDM","278","RC","","","","","facility","both","","","","689.89","689.89","","","","","","","","","","","","","Gross Charge Type: Main Acute Price List"
"PIN, PERCUTANE TERMINALLY THREADED 2.5MM","AngiWmSup56466","CDM","278","RC","","","","","facility","both","","","","400.38","400.38","","","","","","","","","","","","","Gross Charge Type: Main Acute Price List"
"PIN, PERCUTANEOUS 100MM","EplbChSup34229","CDM","272","RC","","","","","facility","both","","","","1666.15","1666.15","","","","","","","","","","","","","Gross Charge Type: Main Acute Price List"
"PIN, POSITIONER TIBIAL SZ 2 RT","AngiWmSup117810","CDM","278","RC","C1713","HCPCS","","","facility","both","","","","1231.94","1231.94","","","","","","","","","","","","","Gross Charge Type: Main Acute Price List"
"PIN, POSITIONER TIBIAL SZ 2 RT","GastWmSup117810","CDM","278","RC","C1713","HCPCS","","","facility","both","","","","1231.94","1231.94","","","","","","","","","","","","","Gross Charge Type: Main Acute Price List"
"PIN, POSITIONING EZ CLIP 2MM","OperWmSup61035","CDM","278","RC","C1713","HCPCS","","","facility","both","","","","979.4","979.4","","","","","","","","","","","","","Gross Charge Type: Main Acute Price List"
"PIN, POSITIONING EZ CLIP 2MM","PacuWmSup61035","CDM","278","RC","C1713","HCPCS","","","facility","both","","","","979.4","979.4","","","","","","","","","","","","","Gross Charge Type: Main Acute Price List"
"PIN, POSITIONING THREAD 4.5MM","OperChSup40413","CDM","278","RC","C1713","HCPCS","","","facility","both","","","","1058.68","1058.68","","","","","","","","","","","","","Gross Charge Type: Main Acute Price List"
"PIN, POSITIONING THREAD 4.5MM","OperWmSup40413","CDM","278","RC","C1713","HCPCS","","","facility","both","","","","1058.68","1058.68","","","","","","","","","","","","","Gross Charge Type: Main Acute Price List"
"PIN, PRECISION 3.9X450MM GAMMA4","AnesChSup114827","CDM","278","RC","C1713","HCPCS","","","facility","both","","","","648.42","648.42","","","","","","","","","","","","","Gross Charge Type: Main Acute Price List"
"PIN, PRECISION 3.9X450MM GAMMA4","DelrChSup114827","CDM","278","RC","C1713","HCPCS","","","facility","both","","","","648.42","648.42","","","","","","","","","","","","","Gross Charge Type: Main Acute Price List"
"PIN, PUSH 3.2MM","ScpuWmSup47528","CDM","272","RC","","","","","facility","both","","","","573.4","573.4","","","","","","","","","","","","","Gross Charge Type: Main Acute Price List"
"PIN, SACRAL I-FUSE EXCHANGE 3.2MM","EplbChSup74165","CDM","272","RC","","","","","facility","both","","","","609.81","609.81","","","","","","","","","","","","","Gross Charge Type: Main Acute Price List"
"PIN, SECURING 17MM","CspuChSup118589","CDM","278","RC","C1713","HCPCS","","","facility","both","","","","1870.8","1870.8","","","","","","","","","","","","","Gross Charge Type: Main Acute Price List"
"PIN, SET UNIVERS REVERS","GastChSup70204","CDM","278","RC","C1713","HCPCS","","","facility","both","","","","2463.9","2463.9","","","","","","","","","","","","","Gross Charge Type: Main Acute Price List"
"PIN, SNAP OFF 1.9X18","GastChSup119367","CDM","278","RC","C1713","HCPCS","","","facility","both","","","","2338.23","2338.23","","","","","","","","","","","","","Gross Charge Type: Main Acute Price List"
"PIN, STABILITY 11MM","OperChSup78945","CDM","278","RC","","","","","facility","both","","","","1989.59","1989.59","","","","","","","","","","","","","Gross Charge Type: Main Acute Price List"
"PIN, STABILITY 15MM","ScorWmSup79799","CDM","278","RC","","","","","facility","both","","","","2834.29","2834.29","","","","","","","","","","","","","Gross Charge Type: Main Acute Price List"
"PIN, STABILITY 9CM","GastWmSup79873","CDM","278","RC","","","","","facility","both","","","","370.4","370.4","","","","","","","","","","","","","Gross Charge Type: Main Acute Price List"
"PIN, STABILITY 9CM","GyscChSup79873","CDM","278","RC","","","","","facility","both","","","","370.4","370.4","","","","","","","","","","","","","Gross Charge Type: Main Acute Price List"
"PIN, STABILITY 9CM","OperWmSup79873","CDM","278","RC","","","","","facility","both","","","","370.4","370.4","","","","","","","","","","","","","Gross Charge Type: Main Acute Price List"
"PIN, STARR FRAME 250MM X 5MM HALF","CspuChSup114540","CDM","278","RC","C1713","HCPCS","","","facility","both","","","","1115.98","1115.98","","","","","","","","","","","","","Gross Charge Type: Main Acute Price List"
"PIN, STARR FRAME 250MM X 5MM HALF","OperChSup114540","CDM","278","RC","C1713","HCPCS","","","facility","both","","","","1115.98","1115.98","","","","","","","","","","","","","Gross Charge Type: Main Acute Price List"
"PIN, STARR FRAME 250MM X 5MM HALF","ScanWmSup114540","CDM","278","RC","C1713","HCPCS","","","facility","both","","","","1115.98","1115.98","","","","","","","","","","","","","Gross Charge Type: Main Acute Price List"
"PIN, STARR FRAME 375MM X 6MM HALF","PacuWmSup114541","CDM","278","RC","C1713","HCPCS","","","facility","both","","","","1184.03","1184.03","","","","","","","","","","","","","Gross Charge Type: Main Acute Price List"
"PIN, STARR FRAME 500MM X 6MM HALF","PacuChSup114542","CDM","278","RC","C1713","HCPCS","","","facility","both","","","","1252.07","1252.07","","","","","","","","","","","","","Gross Charge Type: Main Acute Price List"
"PIN, STARR FRAME 500MM X 6MM HALF","ScorChSup114542","CDM","278","RC","C1713","HCPCS","","","facility","both","","","","1252.07","1252.07","","","","","","","","","","","","","Gross Charge Type: Main Acute Price List"
"PIN, STEIN 3.2MM X 229MM STY 5","CcthChSup1545","CDM","278","RC","","","","","facility","both","","","","58.06","58.06","","","","","","","","","","","","","Gross Charge Type: Main Acute Price List"
"PIN, STEIN 3.2MM X 229MM STY 5","GastWmSup1545","CDM","278","RC","","","","","facility","both","","","","58.06","58.06","","","","","","","","","","","","","Gross Charge Type: Main Acute Price List"
"PIN, STEIN 3.2MM X 229MM STY 5","OperWmSup1545","CDM","278","RC","","","","","facility","both","","","","58.06","58.06","","","","","","","","","","","","","Gross Charge Type: Main Acute Price List"
"PIN, STEIN THD 2.8MM X 229MM","OperChSup1550","CDM","278","RC","","","","","facility","both","","","","72.36","72.36","","","","","","","","","","","","","Gross Charge Type: Main Acute Price List"
"PIN, STEINMAN AND DRILL BIT 125DIAX5""L","EplbChSup33045","CDM","278","RC","","","","","facility","both","","","","1114.91","1114.91","","","","","","","","","","","","","Gross Charge Type: Main Acute Price List"
"PIN, STEINMAN REVERSE SHOULDER","Chrs5444984","CDM","270","RC","","","","","facility","both","","","","764.54","764.54","","","","","","","","","","","","","Gross Charge Type: Main Acute Price List"
"PIN, STEINMAN REVERSE SHOULDER","ScpuChSup44984","CDM","270","RC","","","","","facility","both","","","","764.54","764.54","","","","","","","","","","","","","Gross Charge Type: Main Acute Price List"
"PIN, STEINMANN 4.5X250MM","GastWmSup6617","CDM","278","RC","C1713","HCPCS","","","facility","both","","","","401.39","401.39","","","","","","","","","","","","","Gross Charge Type: Main Acute Price List"
"PIN, STEINMANN INBONE 2.4MM","PacuChSup76976","CDM","272","RC","","","","","facility","both","","","","209.43","209.43","","","","","","","","","","","","","Gross Charge Type: Main Acute Price List"
"PIN, STERILE 3.2X30MM MIS RIMMED","AngiWmSup118170","CDM","278","RC","C1713","HCPCS","","","facility","both","","","","466.11","466.11","","","","","","","","","","","","","Gross Charge Type: Main Acute Price List"
"PIN, STERILE 3.2X30MM MIS RIMMED","ScpuChSup118170","CDM","278","RC","C1713","HCPCS","","","facility","both","","","","466.11","466.11","","","","","","","","","","","","","Gross Charge Type: Main Acute Price List"
"PIN, TALAR GUIDE LONG TEMP FIX","GastWmSup118157","CDM","278","RC","C1713","HCPCS","","","facility","both","","","","671.87","671.87","","","","","","","","","","","","","Gross Charge Type: Main Acute Price List"
"PIN, TEMP FIX SMOOTH 1.1X10MM","AngiChSup118857","CDM","278","RC","C1713","HCPCS","","","facility","both","","","","554.38","554.38","","","","","","","","","","","","","Gross Charge Type: Main Acute Price List"
"PIN, TEMP FIX, THREADED LRG, 2.0 X 20MM","OperChSup119240","CDM","278","RC","C1713","HCPCS","","","facility","both","","","","666.07","666.07","","","","","","","","","","","","","Gross Charge Type: Main Acute Price List"
"PIN, TEMP FIXATION 2.0MM","AnesWmSup79120","CDM","278","RC","C1713","HCPCS","","","facility","both","","","","646.77","646.77","","","","","","","","","","","","","Gross Charge Type: Main Acute Price List"
"PIN, TEMP FIXATION 2.0MM","CcthChSup79120","CDM","278","RC","C1713","HCPCS","","","facility","both","","","","646.77","646.77","","","","","","","","","","","","","Gross Charge Type: Main Acute Price List"
"PIN, TEMPORARY FIX","ScorWmSup110848","CDM","278","RC","C1713","HCPCS","","","facility","both","","","","2864.28","2864.28","","","","","","","","","","","","","Gross Charge Type: Main Acute Price List"
"PIN, THREADED HP HEADED 4/PK STRL","ScpuWmSup58967","CDM","278","RC","","","","","facility","both","","","","2229.2","2229.2","","","","","","","","","","","","","Gross Charge Type: Main Acute Price List"
"PIN, TRANSFIX 6.0X225MM","CcthChSup24242","CDM","278","RC","C1713","HCPCS","","","facility","both","","","","723.46","723.46","","","","","","","","","","","","","Gross Charge Type: Main Acute Price List"
"PIN, TRANSFIXING 615MM","CcthChSup46080","CDM","278","RC","C1713","HCPCS","","","facility","both","","","","830.45","830.45","","","","","","","","","","","","","Gross Charge Type: Main Acute Price List"
"PIN, TROCAR QUICK CONNECT","CcthChSup33085","CDM","270","RC","","","","","facility","both","","","","127.71","127.71","","","","","","","","","","","","","Gross Charge Type: Main Acute Price List"
"PIN, TROCAR QUICK CONNECT","Wilm5433085","CDM","270","RC","","","","","facility","both","","","","127.71","127.71","","","","","","","","","","","","","Gross Charge Type: Main Acute Price List"
"PIN, VOLAR BUTRESS","AngiWmSup57789","CDM","278","RC","","","","","facility","both","","","","3446.21","3446.21","","","","","","","","","","","","","Gross Charge Type: Main Acute Price List"
"PIN, VOLAR BUTTRESS 32MM","PacuChSup21824","CDM","278","RC","","","","","facility","both","","","","3665.05","3665.05","","","","","","","","","","","","","Gross Charge Type: Main Acute Price List"
"PIN,APEX SF-DRILL HF-PIN HA COAT THR 5X150X40","CLDRChSup73413","CDM","278","RC","C1713","HCPCS","","","facility","both","","","","791.64","791.64","","","","","","","","","","","","","Gross Charge Type: Main Acute Price List"
"PIN,VA LOCK BUTTRESS T8 STARDR RECESS 1.8X22","CspuChSup72542","CDM","278","RC","C1713","HCPCS","","","facility","both","","","","643.77","643.77","","","","","","","","","","","","","Gross Charge Type: Main Acute Price List"
"PINNACLE SHEATH 8 FRENCH 10CM","ScpuChSup117226","CDM","272","RC","C1894","HCPCS","","","facility","both","","","","63.43","63.43","","","","","","","","","","","","","Gross Charge Type: Main Acute Price List"
"PISTON ECLIPSE .5 X 3.75MM","OperChSup10180888","CDM","278","RC","L8613","HCPCS","","","facility","both","","","","2009.48","2009.48","","","","","","","","","","","","","Gross Charge Type: Main Acute Price List"
"PL,OLECRANON EPS ORTHOLOC STAND RT/LT","GastWmSup61094","CDM","278","RC","C1713","HCPCS","","","facility","both","","","","10748.74","10748.74","","","","","","","","","","","","","Gross Charge Type: Main Acute Price List"
"PLACEMENT,TRANSCATH,EXTRACR VERTEB CAROTID STENT,RS&I,INIT VESS,PERC/OPEN GLB","IrraWm4019","CDM","361","RC","0075T","HCPCS","","","facility","both","","","","34134.17","34134.17","","","","","","","","","","","","","Gross Charge Type: Main Acute Price List"
"PLATE 2.4/2.7 VA-LCP 2-C DRP STD 6H HD/7H SHAFT","OperWmSup114523","CDM","278","RC","C1713","HCPCS","","","facility","both","","","","9334.66","9334.66","","","","","","","","","","","","","Gross Charge Type: Main Acute Price List"
"PLATE ATHEM PROXIMAL HUMERUS TI 165MM LT","AnesChSup118961","CDM","278","RC","C1713","HCPCS","","","facility","both","","","","10245.96","10245.96","","","","","","","","","","","","","Gross Charge Type: Main Acute Price List"
"PLATE BONE PROTEAN RADIAL HEAD LEFT","OperChSup10195904","CDM","278","RC","C1713","HCPCS","","","facility","both","","","","9811.2","9811.2","","","","","","","","","","","","","Gross Charge Type: Main Acute Price List"
"PLATE BONE T SHAPED 2.7MM 2 HOLE HEAD 6 HOLE","OperWmSup10196437","CDM","278","RC","C1713","HCPCS","","","facility","both","","","","7561.63","7561.63","","","","","","","","","","","","","Gross Charge Type: Main Acute Price List"
"PLATE DISTAL TIBIAL ANT-LAT 18-HOLE LT","CcthChSup118983","CDM","278","RC","C1713","HCPCS","","","facility","both","","","","12163.1","12163.1","","","","","","","","","","","","","Gross Charge Type: Main Acute Price List"
"PLATE DYNAFORCE VERO DISTAL 18MM","EplbChSup118763","CDM","278","RC","C1713","HCPCS","","","facility","both","","","","10217.52","10217.52","","","","","","","","","","","","","Gross Charge Type: Main Acute Price List"
"PLATE DYNAFORCE VERO DISTAL 18MM","GastChSup118763","CDM","278","RC","C1713","HCPCS","","","facility","both","","","","10217.52","10217.52","","","","","","","","","","","","","Gross Charge Type: Main Acute Price List"
"PLATE SPINAL AGX 7X14MM","ScorChSup10195542","CDM","278","RC","C1889","HCPCS","","","facility","both","","","","4672","4672","","","","","","","","","","","","","Gross Charge Type: Main Acute Price List"
"PLATE STRAIGHT 6- HOLE","ScorChSup10195612","CDM","278","RC","C1713","HCPCS","","","facility","both","","","","7013.49","7013.49","","","","","","","","","","","","","Gross Charge Type: Main Acute Price List"
"PLATE SYNDESMOSIS BUTTRESS 2-HOLE","OperWmSup118992","CDM","278","RC","C1713","HCPCS","","","facility","both","","","","4778.36","4778.36","","","","","","","","","","","","","Gross Charge Type: Main Acute Price List"
"PLATE SYNDESMOSIS BUTTRESS 2-HOLE","ScorWmSup118992","CDM","278","RC","C1713","HCPCS","","","facility","both","","","","4778.36","4778.36","","","","","","","","","","","","","Gross Charge Type: Main Acute Price List"
"PLATE,  1ST MTP FUSION 2.7MM- 0 -5 DEG/RIGHT","GyscChSup107845","CDM","278","RC","C1713","HCPCS","","","facility","both","","","","12734.76","12734.76","","","","","","","","","","","","","Gross Charge Type: Main Acute Price List"
"PLATE,  DISTAL RADIUS 2.4 VA LCP 3-HOLE LEFT","AnesWmSup113251","CDM","278","RC","C1713","HCPCS","","","facility","both","","","","5069.77","5069.77","","","","","","","","","","","","","Gross Charge Type: Main Acute Price List"
"PLATE,  DYNA BUNION 18MM LEFT","AngiWmSup118945","CDM","278","RC","C1713","HCPCS","","","facility","both","","","","8687.93","8687.93","","","","","","","","","","","","","Gross Charge Type: Main Acute Price List"
"PLATE,  LCP VA LATERAL ANTERIOR  2.7/3.5MM","PacuChSup53448","CDM","278","RC","C1713","HCPCS","","","facility","both","","","","5606.49","5606.49","","","","","","","","","","","","","Gross Charge Type: Main Acute Price List"
"PLATE,  PRIMARY 1ST MTP RIGHT 10 DEG  2.7MM","GastWmSup77967","CDM","278","RC","C1713","HCPCS","","","facility","both","","","","10281.87","10281.87","","","","","","","","","","","","","Gross Charge Type: Main Acute Price List"
"PLATE, 1 LEVEL 12MM SM STATURE","AngiWmSup205830","CDM","278","RC","","","","","facility","both","","","","5328.59","5328.59","","","","","","","","","","","","","Gross Charge Type: Main Acute Price List"
"PLATE, 1 LEVEL 12MM SM STATURE","ScanChSup205830","CDM","278","RC","","","","","facility","both","","","","5328.59","5328.59","","","","","","","","","","","","","Gross Charge Type: Main Acute Price List"
"PLATE, 1 LEVEL 14MM SM STATURE","CspuChSup205831","CDM","278","RC","","","","","facility","both","","","","5328.59","5328.59","","","","","","","","","","","","","Gross Charge Type: Main Acute Price List"
"PLATE, 1 LEVEL 22MM SM STATURE","Wilm54205835","CDM","278","RC","","","","","facility","both","","","","5328.59","5328.59","","","","","","","","","","","","","Gross Charge Type: Main Acute Price List"
"PLATE, 1.3MM EXTENDED LT. 15MM","CspuChSup205959","CDM","278","RC","C1713","HCPCS","","","facility","both","","","","2635.7","2635.7","","","","","","","","","","","","","Gross Charge Type: Main Acute Price List"
"PLATE, 1.5 EXTENDED H LT 18MM","ScpuWmSup205971","CDM","278","RC","C1713","HCPCS","","","facility","both","","","","2463.55","2463.55","","","","","","","","","","","","","Gross Charge Type: Main Acute Price List"
"PLATE, 1.5 ST. 6 HOLE 29MM","Wilm54205966","CDM","278","RC","C1713","HCPCS","","","facility","both","","","","2608.29","2608.29","","","","","","","","","","","","","Gross Charge Type: Main Acute Price List"
"PLATE, 1.5 X 3 X 8 HOLES","AngiWmSup205972","CDM","278","RC","C1713","HCPCS","","","facility","both","","","","2460.6","2460.6","","","","","","","","","","","","","Gross Charge Type: Main Acute Price List"
"PLATE, 1.6MM PROFILE SUBCONDYLAR","AngiChSup107670","CDM","278","RC","C1713","HCPCS","","","facility","both","","","","4071.58","4071.58","","","","","","","","","","","","","Gross Charge Type: Main Acute Price List"
"PLATE, 1/3 TUBULAR 3H","OperWmSup10195202","CDM","278","RC","C1713","HCPCS","","","facility","both","","","","3664.25","3664.25","","","","","","","","","","","","","Gross Charge Type: Main Acute Price List"
"PLATE, 1/3 TUBULAR LOCKING SS 4-HOLE","CcthChSup71035","CDM","278","RC","C1713","HCPCS","","","facility","both","","","","1411.79","1411.79","","","","","","","","","","","","","Gross Charge Type: Main Acute Price List"
"PLATE, 1/3 TUBULAR LOCKING SS 4-HOLE","GastChSup71035","CDM","278","RC","C1713","HCPCS","","","facility","both","","","","1411.79","1411.79","","","","","","","","","","","","","Gross Charge Type: Main Acute Price List"
"PLATE, 1/3 TUBULAR LOCKING SS 4-HOLE","Wilm5471035","CDM","278","RC","C1713","HCPCS","","","facility","both","","","","1411.79","1411.79","","","","","","","","","","","","","Gross Charge Type: Main Acute Price List"
"PLATE, 1/3 TUBULAR W/COLAR 5 HOLES 57MM","GastWmSup20575","CDM","278","RC","C1713","HCPCS","","","facility","both","","","","964.43","964.43","","","","","","","","","","","","","Gross Charge Type: Main Acute Price List"
"PLATE, 1/3 TUBULAR W/COLAR 5 HOLES 57MM","Wilm5420575","CDM","278","RC","C1713","HCPCS","","","facility","both","","","","964.43","964.43","","","","","","","","","","","","","Gross Charge Type: Main Acute Price List"
"PLATE, 1/3 TUBULAR W/COLLAR 10 HOLE 117","AngiWmSup20576","CDM","278","RC","C1713","HCPCS","","","facility","both","","","","1039.83","1039.83","","","","","","","","","","","","","Gross Charge Type: Main Acute Price List"
"PLATE, 1/3 TUBULAR W/COLLAR 6 HOLES 69MM","GastWmSup20500","CDM","278","RC","C1713","HCPCS","","","facility","both","","","","964.43","964.43","","","","","","","","","","","","","Gross Charge Type: Main Acute Price List"
"PLATE, 1/3 TUBULAR W/COLLAR, 12 HOLES 141MM","Chrs5419798","CDM","278","RC","C1713","HCPCS","","","facility","both","","","","1071.25","1071.25","","","","","","","","","","","","","Gross Charge Type: Main Acute Price List"
"PLATE, 10 HOLE ANTERIOR","OperChSup63912","CDM","278","RC","C1713","HCPCS","","","facility","both","","","","7171.67","7171.67","","","","","","","","","","","","","Gross Charge Type: Main Acute Price List"
"PLATE, 10 HOLE ANTERIOR","PacuWmSup63912","CDM","278","RC","C1713","HCPCS","","","facility","both","","","","7171.67","7171.67","","","","","","","","","","","","","Gross Charge Type: Main Acute Price List"
"PLATE, 10MM MLX GRAFT","OperChSup110474","CDM","278","RC","C1713","HCPCS","","","facility","both","","","","2895.98","2895.98","","","","","","","","","","","","","Gross Charge Type: Main Acute Price List"
"PLATE, 16-HOLE STRAIGHT SILVER","DelrChSup110010","CDM","278","RC","C1713","HCPCS","","","facility","both","","","","2463.9","2463.9","","","","","","","","","","","","","Gross Charge Type: Main Acute Price List"
"PLATE, 2 LEVEL 37MM SM STATURE","OperChSup205843","CDM","278","RC","","","","","facility","both","","","","5212.76","5212.76","","","","","","","","","","","","","Gross Charge Type: Main Acute Price List"
"PLATE, 2 LEVEL 37MM SM STATURE","ScpuWmSup205843","CDM","278","RC","","","","","facility","both","","","","5212.76","5212.76","","","","","","","","","","","","","Gross Charge Type: Main Acute Price List"
"PLATE, 2.0MM TI LG LOCKING 21 HOLES RT","EplbChSup18501","CDM","278","RC","","","","","facility","both","","","","6538.83","6538.83","","","","","","","","","","","","","Gross Charge Type: Main Acute Price List"
"PLATE, 2.4/2.7 VA-LCP 2-C DRP STD 6-HOLE HEAD 7-HOLE SHAFT 109MM STRL","ScanWmSup118395","CDM","278","RC","C1713","HCPCS","","","facility","both","","","","9845.73","9845.73","","","","","","","","","","","","","Gross Charge Type: Main Acute Price List"
"PLATE, 2.4MM 8 HOLE","OperChSup107947","CDM","278","RC","C1713","HCPCS","","","facility","both","","","","4415.3","4415.3","","","","","","","","","","","","","Gross Charge Type: Main Acute Price List"
"PLATE, 2.4MM PROFILE 6 HOLE","PacuChSup109848","CDM","278","RC","C1713","HCPCS","","","facility","both","","","","2789.4","2789.4","","","","","","","","","","","","","Gross Charge Type: Main Acute Price List"
"PLATE, 2.4MM PROFILE 6 HOLE","PacuWmSup109848","CDM","278","RC","C1713","HCPCS","","","facility","both","","","","2789.4","2789.4","","","","","","","","","","","","","Gross Charge Type: Main Acute Price List"
"PLATE, 2.4MM STRAIGHT 10-HOLE","ScorWmSup10180937","CDM","278","RC","C1713","HCPCS","","","facility","both","","","","5306.33","5306.33","","","","","","","","","","","","","Gross Charge Type: Main Acute Price List"
"PLATE, 2.4MM VOLT LCP 8HOLE","ScOrChSup10193814","CDM","278","RC","C1713","HCPCS","","","facility","both","","","","5688.28","5688.28","","","","","","","","","","","","","Gross Charge Type: Main Acute Price List"
"PLATE, 2.7MM NARROW 10-HOLE","ScanChSup109203","CDM","278","RC","C1713","HCPCS","","","facility","both","","","","5105.19","5105.19","","","","","","","","","","","","","Gross Charge Type: Main Acute Price List"
"PLATE, 20 HOLE","CcthChSup113887","CDM","278","RC","C1713","HCPCS","","","facility","both","","","","1765.01","1765.01","","","","","","","","","","","","","Gross Charge Type: Main Acute Price List"
"PLATE, 20 HOLE","ScorWmSup113887","CDM","278","RC","C1713","HCPCS","","","facility","both","","","","1765.01","1765.01","","","","","","","","","","","","","Gross Charge Type: Main Acute Price List"
"PLATE, 20MM 1 LEVEL HELIX T","AngiChSup113016","CDM","278","RC","C1713","HCPCS","","","facility","both","","","","4054.37","4054.37","","","","","","","","","","","","","Gross Charge Type: Main Acute Price List"
"PLATE, 20MM 1 LEVEL HELIX T","ScanChSup113016","CDM","278","RC","C1713","HCPCS","","","facility","both","","","","4054.37","4054.37","","","","","","","","","","","","","Gross Charge Type: Main Acute Price List"
"PLATE, 26MM 1 LEVEL HELIX T","ScorChSup112802","CDM","278","RC","C1713","HCPCS","","","facility","both","","","","4311.82","4311.82","","","","","","","","","","","","","Gross Charge Type: Main Acute Price List"
"PLATE, 3-D LOCK MIDFACE 2X6- HOLE","CspuChSup25114","CDM","278","RC","","","","","facility","both","","","","2869.26","2869.26","","","","","","","","","","","","","Gross Charge Type: Main Acute Price List"
"PLATE, 3-D LOCK MIDFACE 2X6- HOLE","ScpuWmSup25114","CDM","278","RC","","","","","facility","both","","","","2869.26","2869.26","","","","","","","","","","","","","Gross Charge Type: Main Acute Price List"
"PLATE, 3.5MM LCP 5 HOLES 72MM","Chrs5420367","CDM","278","RC","C1713","HCPCS","","","facility","both","","","","1674.4","1674.4","","","","","","","","","","","","","Gross Charge Type: Main Acute Price List"
"PLATE, 3.5MM LCP 8 HOLE 111MM","GyscChSup20369","CDM","278","RC","C1713","HCPCS","","","facility","both","","","","1941.43","1941.43","","","","","","","","","","","","","Gross Charge Type: Main Acute Price List"
"PLATE, 3.5MM LCP 8 HOLE 111MM","OperChSup20369","CDM","278","RC","C1713","HCPCS","","","facility","both","","","","1941.43","1941.43","","","","","","","","","","","","","Gross Charge Type: Main Acute Price List"
"PLATE, 3.5MM VA PPFX DSTL FEMUR SPAN ATTACHMENT PL 6-HOLE RT STRL","OperWmSup114553","CDM","278","RC","C1713","HCPCS","","","facility","both","","","","12395.31","12395.31","","","","","","","","","","","","","Gross Charge Type: Main Acute Price List"
"PLATE, 38MM 2 LEVEL HELIX","AngiWmSup113299","CDM","278","RC","C1713","HCPCS","","","facility","both","","","","4804.6","4804.6","","","","","","","","","","","","","Gross Charge Type: Main Acute Price List"
"PLATE, 3X3 L RT","EplbChSup106453","CDM","278","RC","C1713","HCPCS","","","facility","both","","","","1515.3","1515.3","","","","","","","","","","","","","Gross Charge Type: Main Acute Price List"
"PLATE, 4 HOLE STRAIGHT","ScanChSup111133","CDM","278","RC","C1713","HCPCS","","","facility","both","","","","2025.33","2025.33","","","","","","","","","","","","","Gross Charge Type: Main Acute Price List"
"PLATE, 4-HOLE DISTAL MEDIAL RIGHT","PacuChSup65922","CDM","278","RC","C1713","HCPCS","","","facility","both","","","","9654.04","9654.04","","","","","","","","","","","","","Gross Charge Type: Main Acute Price List"
"PLATE, 4-HOLE STRAIGHT LONG GAP 1.5MM","GyscChSup106320","CDM","278","RC","C1713","HCPCS","","","facility","both","","","","1903.36","1903.36","","","","","","","","","","","","","Gross Charge Type: Main Acute Price List"
"PLATE, 4-HOLE STRAIGHT LONG GAP SILVER","CcthChSup80101","CDM","278","RC","C1713","HCPCS","","","facility","both","","","","677.57","677.57","","","","","","","","","","","","","Gross Charge Type: Main Acute Price List"
"PLATE, 40MM 2 LEVEL HELIX","AngiWmSup116340","CDM","278","RC","C1713","HCPCS","","","facility","both","","","","4804.6","4804.6","","","","","","","","","","","","","Gross Charge Type: Main Acute Price List"
"PLATE, 42MM 2 LEVEL HELIX","ScorWmSup113220","CDM","278","RC","C1713","HCPCS","","","facility","both","","","","4804.6","4804.6","","","","","","","","","","","","","Gross Charge Type: Main Acute Price List"
"PLATE, 42MM COMPT","PacuChSup111125","CDM","278","RC","C1713","HCPCS","","","facility","both","","","","5907.79","5907.79","","","","","","","","","","","","","Gross Charge Type: Main Acute Price List"
"PLATE, 42MM COMPT","ScpuWmSup111125","CDM","278","RC","C1713","HCPCS","","","facility","both","","","","5907.79","5907.79","","","","","","","","","","","","","Gross Charge Type: Main Acute Price List"
"PLATE, 42MM TWO LEVEL OZARK","AngiWmSup119328","CDM","278","RC","C1713","HCPCS","","","facility","both","","","","4932.3","4932.3","","","","","","","","","","","","","Gross Charge Type: Main Acute Price List"
"PLATE, 45MM AFFIX III (REVISED)","AngiWmSup106927","CDM","278","RC","C1713","HCPCS","","","facility","both","","","","24638.96","24638.96","","","","","","","","","","","","","Gross Charge Type: Main Acute Price List"
"PLATE, 46MM TWO LEVEL","ScorChSup119683","CDM","278","RC","C1713","HCPCS","","","facility","both","","","","4932.3","4932.3","","","","","","","","","","","","","Gross Charge Type: Main Acute Price List"
"PLATE, 48MM 2 LEVEL HELIX T","GastChSup113668","CDM","278","RC","C1713","HCPCS","","","facility","both","","","","4517.72","4517.72","","","","","","","","","","","","","Gross Charge Type: Main Acute Price List"
"PLATE, 48MM","ScpuWmSup113445","CDM","278","RC","C1713","HCPCS","","","facility","both","","","","6892.42","6892.42","","","","","","","","","","","","","Gross Charge Type: Main Acute Price List"
"PLATE, 54MM 3 LEVEL","CcthChSup118927","CDM","278","RC","C1713","HCPCS","","","facility","both","","","","4923.16","4923.16","","","","","","","","","","","","","Gross Charge Type: Main Acute Price List"
"PLATE, 57MM THREE LEVEL OZARK GUIDE","OperWmSup120820","CDM","278","RC","C1713","HCPCS","","","facility","both","","","","5659.72","5659.72","","","","","","","","","","","","","Gross Charge Type: Main Acute Price List"
"PLATE, 58MM","AngiWmSup114104","CDM","278","RC","C1713","HCPCS","","","facility","both","","","","5036.84","5036.84","","","","","","","","","","","","","Gross Charge Type: Main Acute Price List"
"PLATE, 58MM","EplbChSup114104","CDM","278","RC","C1713","HCPCS","","","facility","both","","","","5036.84","5036.84","","","","","","","","","","","","","Gross Charge Type: Main Acute Price List"
"PLATE, 58MM","PacuWmSup114104","CDM","278","RC","C1713","HCPCS","","","facility","both","","","","5036.84","5036.84","","","","","","","","","","","","","Gross Charge Type: Main Acute Price List"
"PLATE, 5TH METATARSAL SPIRAL RIGHT","DelrChSup118907","CDM","278","RC","C1713","HCPCS","","","facility","both","","","","7239.94","7239.94","","","","","","","","","","","","","Gross Charge Type: Main Acute Price List"
"PLATE, 6-HOLE 2.7MM","GastWmSup108921","CDM","278","RC","C1776","HCPCS","","","facility","both","","","","5105.19","5105.19","","","","","","","","","","","","","Gross Charge Type: Main Acute Price List"
"PLATE, 6-HOLE ANGLED 1.7MM","OperWmSup28251","CDM","278","RC","","","","","facility","both","","","","779.72","779.72","","","","","","","","","","","","","Gross Charge Type: Main Acute Price List"
"PLATE, 6-HOLE ANGLED 1.7MM","PacuWmSup28251","CDM","278","RC","","","","","facility","both","","","","779.72","779.72","","","","","","","","","","","","","Gross Charge Type: Main Acute Price List"
"PLATE, 6-HOLE ANGLED 1.7MM","ScorChSup28251","CDM","278","RC","","","","","facility","both","","","","779.72","779.72","","","","","","","","","","","","","Gross Charge Type: Main Acute Price List"
"PLATE, 6-HOLE STRAIGHT 2.0MM","ScpuChSup79963","CDM","278","RC","C1713","HCPCS","","","facility","both","","","","1693.93","1693.93","","","","","","","","","","","","","Gross Charge Type: Main Acute Price List"
"PLATE, 6-HOLE STRAIGHT SILVER","CspuChSup80056","CDM","278","RC","C1713","HCPCS","","","facility","both","","","","505.1","505.1","","","","","","","","","","","","","Gross Charge Type: Main Acute Price List"
"PLATE, 6-HOLE STRAIGHT","PacuChSup114869","CDM","278","RC","C1713","HCPCS","","","facility","both","","","","4327.82","4327.82","","","","","","","","","","","","","Gross Charge Type: Main Acute Price List"
"PLATE, 60MM HELIX T","DelrChSup113875","CDM","278","RC","C1713","HCPCS","","","facility","both","","","","4665.92","4665.92","","","","","","","","","","","","","Gross Charge Type: Main Acute Price List"
"PLATE, 66MM HELIX T","ScorWmSup113480","CDM","278","RC","C1713","HCPCS","","","facility","both","","","","5358.98","5358.98","","","","","","","","","","","","","Gross Charge Type: Main Acute Price List"
"PLATE, 66MM OZARK VIEW","ScorWmSup121179","CDM","278","RC","C1713","HCPCS","","","facility","both","","","","5659.72","5659.72","","","","","","","","","","","","","Gross Charge Type: Main Acute Price List"
"PLATE, 7-HOLE CURVED 2.6MM","EplbChSup110052","CDM","278","RC","C1713","HCPCS","","","facility","both","","","","4343.96","4343.96","","","","","","","","","","","","","Gross Charge Type: Main Acute Price List"
"PLATE, 7H/LEFT/125MM, 2.7MM/3.5MM LCP LATERAL DISTAL FIBULA","ScorWmSup42243","CDM","278","RC","C1713","HCPCS","","","facility","both","","","","3223.7","3223.7","","","","","","","","","","","","","Gross Charge Type: Main Acute Price List"
"PLATE, 8 HOLE BROAD 35MM","OperWmSup10194723","CDM","278","RC","C1713","HCPCS","","","facility","both","","","","8128.35","8128.35","","","","","","","","","","","","","Gross Charge Type: Main Acute Price List"
"PLATE, 8 HOLE CLAVICLE SS LEFT","AnesChSup119005","CDM","278","RC","C1713","HCPCS","","","facility","both","","","","5334.67","5334.67","","","","","","","","","","","","","Gross Charge Type: Main Acute Price List"
"PLATE, 8-HOLE NARROW 2.0MM","ScorChSup118467","CDM","278","RC","C1713","HCPCS","","","facility","both","","","","3502.97","3502.97","","","","","","","","","","","","","Gross Charge Type: Main Acute Price List"
"PLATE, 8X10 RIGHT 1MM THK","ScanWmSup113440","CDM","278","RC","C1713","HCPCS","","","facility","both","","","","3394.02","3394.02","","","","","","","","","","","","","Gross Charge Type: Main Acute Price List"
"PLATE, ACCUPLATE PATIENT SPECIFIC PEN 2.0MM PLATE","CspuChSup119406","CDM","278","RC","C1713","HCPCS","","","facility","both","","","","43118.18","43118.18","","","","","","","","","","","","","Gross Charge Type: Main Acute Price List"
"PLATE, ACET STRAIGHT 10-HOLE 118.5MM","ScorChSup77920","CDM","278","RC","C1713","HCPCS","","","facility","both","","","","3802.28","3802.28","","","","","","","","","","","","","Gross Charge Type: Main Acute Price List"
"PLATE, ACP 1.6 V 24MM 1 LEVEL","AnesChSup112417","CDM","278","RC","C1713","HCPCS","","","facility","both","","","","4054.37","4054.37","","","","","","","","","","","","","Gross Charge Type: Main Acute Price List"
"PLATE, ACP 1.6 V 24MM 2 LEVEL","OperWmSup110846","CDM","278","RC","C1713","HCPCS","","","facility","both","","","","4488.76","4488.76","","","","","","","","","","","","","Gross Charge Type: Main Acute Price List"
"PLATE, ACP 1.6 V 38MM 2 LEVEL","CcthChSup110941","CDM","278","RC","C1713","HCPCS","","","facility","both","","","","4773.8","4773.8","","","","","","","","","","","","","Gross Charge Type: Main Acute Price List"
"PLATE, ACP 1.6 V 40MM 2 LEVEL","AnesChSup111353","CDM","278","RC","C1713","HCPCS","","","facility","both","","","","4488.76","4488.76","","","","","","","","","","","","","Gross Charge Type: Main Acute Price List"
"PLATE, ACP 1.6 V 40MM 2 LEVEL","GastWmSup111353","CDM","278","RC","C1713","HCPCS","","","facility","both","","","","4488.76","4488.76","","","","","","","","","","","","","Gross Charge Type: Main Acute Price List"
"PLATE, ACP 1.6 V 42MM 2 LEVEL","GastWmSup112157","CDM","278","RC","C1713","HCPCS","","","facility","both","","","","4773.8","4773.8","","","","","","","","","","","","","Gross Charge Type: Main Acute Price List"
"PLATE, ACP 1.6 V 44MM 2 LEVEL","OperChSup113260","CDM","278","RC","C1713","HCPCS","","","facility","both","","","","4773.8","4773.8","","","","","","","","","","","","","Gross Charge Type: Main Acute Price List"
"PLATE, ACP 56MM 3 LEVEL","AnesWmSup113298","CDM","278","RC","C1713","HCPCS","","","facility","both","","","","5235.78","5235.78","","","","","","","","","","","","","Gross Charge Type: Main Acute Price List"
"PLATE, ACP 56MM 3 LEVEL","OperWmSup113298","CDM","278","RC","C1713","HCPCS","","","facility","both","","","","5235.78","5235.78","","","","","","","","","","","","","Gross Charge Type: Main Acute Price List"
"PLATE, ACP 56MM 3 LEVEL","PacuChSup113298","CDM","278","RC","C1713","HCPCS","","","facility","both","","","","5235.78","5235.78","","","","","","","","","","","","","Gross Charge Type: Main Acute Price List"
"PLATE, ACP 58MM 3 LEVEL","CspuChSup112800","CDM","278","RC","C1713","HCPCS","","","facility","both","","","","4923.16","4923.16","","","","","","","","","","","","","Gross Charge Type: Main Acute Price List"
"PLATE, ACP 58MM 3 LEVEL","ScpuChSup112800","CDM","278","RC","C1713","HCPCS","","","facility","both","","","","4923.16","4923.16","","","","","","","","","","","","","Gross Charge Type: Main Acute Price List"
"PLATE, ACP 64MM 3 LEVEL","AnesChSup112339","CDM","278","RC","C1713","HCPCS","","","facility","both","","","","4923.16","4923.16","","","","","","","","","","","","","Gross Charge Type: Main Acute Price List"
"PLATE, ADAPTION LCP 2.7X161MM 20-HOLE","ScorChSup113429","CDM","278","RC","C1713","HCPCS","","","facility","both","","","","3618.97","3618.97","","","","","","","","","","","","","Gross Charge Type: Main Acute Price List"
"PLATE, ADAPTION LCP TM 12 HOLES 2.7 X 97MM","OperWmSup54442","CDM","278","RC","C1713","HCPCS","","","facility","both","","","","2601.13","2601.13","","","","","","","","","","","","","Gross Charge Type: Main Acute Price List"
"PLATE, AFFIX III 55MM","AngiChSup107388","CDM","278","RC","C1713","HCPCS","","","facility","both","","","","23167.8","23167.8","","","","","","","","","","","","","Gross Charge Type: Main Acute Price List"
"PLATE, ALIF BUTRESS CAYMAN 22MM","ScpuChSup78087","CDM","278","RC","C1713","HCPCS","","","facility","both","","","","4258.84","4258.84","","","","","","","","","","","","","Gross Charge Type: Main Acute Price List"
"PLATE, ALIF DIVERGENCE L 10MM","ScpuChSup69428","CDM","278","RC","","","","","facility","both","","","","16507.06","16507.06","","","","","","","","","","","","","Gross Charge Type: Main Acute Price List"
"PLATE, ALIF DIVERGENCE L 14MM","AngiWmSup71150","CDM","278","RC","C1713","HCPCS","","","facility","both","","","","16507.06","16507.06","","","","","","","","","","","","","Gross Charge Type: Main Acute Price List"
"PLATE, ALIF DIVERGENCE L 14MM","OperChSup71150","CDM","278","RC","C1713","HCPCS","","","facility","both","","","","16507.06","16507.06","","","","","","","","","","","","","Gross Charge Type: Main Acute Price List"
"PLATE, ALIF DIVERGENCE L 16MM","ScanChSup71633","CDM","278","RC","","","","","facility","both","","","","17555.25","17555.25","","","","","","","","","","","","","Gross Charge Type: Main Acute Price List"
"PLATE, ALPHA 14-HOLE RIGHT","GyscChSup117154","CDM","278","RC","C1713","HCPCS","","","facility","both","","","","17540.05","17540.05","","","","","","","","","","","","","Gross Charge Type: Main Acute Price List"
"PLATE, ALPHA 14-HOLE RIGHT","OperWmSup117154","CDM","278","RC","C1713","HCPCS","","","facility","both","","","","17540.05","17540.05","","","","","","","","","","","","","Gross Charge Type: Main Acute Price List"
"PLATE, AMS DUAL-SIDED XLIF 8MM","ScorWmSup112382","CDM","278","RC","C1713","HCPCS","","","facility","both","","","","17677.03","17677.03","","","","","","","","","","","","","Gross Charge Type: Main Acute Price List"
"PLATE, ANGLED 2.0MM 8-HOLE","EplbChSup80135","CDM","278","RC","C1713","HCPCS","","","facility","both","","","","3283.14","3283.14","","","","","","","","","","","","","Gross Charge Type: Main Acute Price List"
"PLATE, ANGLED 2.0MM 8-HOLE","OperChSup80135","CDM","278","RC","C1713","HCPCS","","","facility","both","","","","3283.14","3283.14","","","","","","","","","","","","","Gross Charge Type: Main Acute Price List"
"PLATE, ANTERIOR 7-HOLE","CcthChSup114849","CDM","278","RC","C1713","HCPCS","","","facility","both","","","","5334.92","5334.92","","","","","","","","","","","","","Gross Charge Type: Main Acute Price List"
"PLATE, ANTERIOR 7-HOLE","ScpuWmSup114849","CDM","278","RC","C1713","HCPCS","","","facility","both","","","","5334.92","5334.92","","","","","","","","","","","","","Gross Charge Type: Main Acute Price List"
"PLATE, ANTERIOR CLAVICLE 8-HOLE","ScanWmSup75180","CDM","278","RC","C1713","HCPCS","","","facility","both","","","","6743.45","6743.45","","","","","","","","","","","","","Gross Charge Type: Main Acute Price List"
"PLATE, ANTERIOR INTERBODY FUSION DEVICE L5-S1 12MM","DelrChSup113970","CDM","278","RC","C1713","HCPCS","","","facility","both","","","","9254.46","9254.46","","","","","","","","","","","","","Gross Charge Type: Main Acute Price List"
"PLATE, ANTERIOR INTERBODY FUSION DEVICE LONG 12MM","AnesChSup113972","CDM","278","RC","C1713","HCPCS","","","facility","both","","","","9842.12","9842.12","","","","","","","","","","","","","Gross Charge Type: Main Acute Price List"
"PLATE, ANTERIOR INTERBODY FUSION DEVICE LONG 12MM","PacuChSup113972","CDM","278","RC","C1713","HCPCS","","","facility","both","","","","9842.12","9842.12","","","","","","","","","","","","","Gross Charge Type: Main Acute Price List"
"PLATE, ANTERIOR INTERVENTIONAL HYBRID 12MM","OperWmSup113966","CDM","278","RC","C1713","HCPCS","","","facility","both","","","","9254.46","9254.46","","","","","","","","","","","","","Gross Charge Type: Main Acute Price List"
"PLATE, ANTERIOR LEFT SHORT COMPT","GastChSup112776","CDM","278","RC","C1713","HCPCS","","","facility","both","","","","14445.12","14445.12","","","","","","","","","","","","","Gross Charge Type: Main Acute Price List"
"PLATE, ANTERIOR LEFT SHORT COMPT","ScpuWmSup112776","CDM","278","RC","C1713","HCPCS","","","facility","both","","","","14445.12","14445.12","","","","","","","","","","","","","Gross Charge Type: Main Acute Price List"
"PLATE, ANTERIOR LT MEDIAL TIBIAXIS","PacuWmSup43276","CDM","278","RC","C1713","HCPCS","","","facility","both","","","","8450.22","8450.22","","","","","","","","","","","","","Gross Charge Type: Main Acute Price List"
"PLATE, ANTERIOR LT MEDIAL TIBIAXIS","ScorWmSup43276","CDM","278","RC","C1713","HCPCS","","","facility","both","","","","8450.22","8450.22","","","","","","","","","","","","","Gross Charge Type: Main Acute Price List"
"PLATE, ANTEROLATERAL DISTAL VA-LCP 2.7/3.5MM 10-HOLE RT STRL","PacuChSup106670","CDM","278","RC","C1713","HCPCS","","","facility","both","","","","8264.47","8264.47","","","","","","","","","","","","","Gross Charge Type: Main Acute Price List"
"PLATE, ANTHEM TI PROXIMAL HUMERUS 88MM LT","GyscChSup118847","CDM","278","RC","C1713","HCPCS","","","facility","both","","","","7529.54","7529.54","","","","","","","","","","","","","Gross Charge Type: Main Acute Price List"
"PLATE, ARCHON 2-LEVEL 36MM","GastChSup107239","CDM","278","RC","C1713","HCPCS","","","facility","both","","","","4488.76","4488.76","","","","","","","","","","","","","Gross Charge Type: Main Acute Price List"
"PLATE, ARTEMIS LATERAL DISTAL FIBULA 2.7/3.5MM 13-HOLE","ScorWmSup119597","CDM","278","RC","C1713","HCPCS","","","facility","both","","","","3873.07","3873.07","","","","","","","","","","","","","Gross Charge Type: Main Acute Price List"
"PLATE, BONE 1/3 TUBULAR 3.5MM VOLT 10 HOLE","OperWmSup10196366","CDM","278","RC","C1713","HCPCS","","","facility","both","","","","3812","3812","","","","","","","","","","","","","Gross Charge Type: Main Acute Price List"
"PLATE, BONE 2.4MM VOLT RECON 12H","OperChSup10195002","CDM","278","RC","C1713","HCPCS","","","facility","both","","","","6130.01","6130.01","","","","","","","","","","","","","Gross Charge Type: Main Acute Price List"
"PLATE, BONE 2.7MM VOLT 10H","OperWmSup10196201","CDM","278","RC","C1713","HCPCS","","","facility","both","","","","5170.56","5170.56","","","","","","","","","","","","","Gross Charge Type: Main Acute Price List"
"PLATE, BONE PANGEA DISTAL MEDIAL FEMUR RT 3.5MMX110MM 3 H","OperWmSup10196599","CDM","278","RC","C1713","HCPCS","","","facility","both","","","","23506","23506","","","","","","","","","","","","","Gross Charge Type: Main Acute Price List"
"PLATE, BONE PROXIMAL ULNA EXTRA ARTICULAR 12 HOLE RT","ScorChSup10195852","CDM","278","RC","C1713","HCPCS","","","facility","both","","","","7258.36","7258.36","","","","","","","","","","","","","Gross Charge Type: Main Acute Price List"
"PLATE, BONE PROXIMAL ULNA EXTRA ARTICULAR 6 HOLE RT","OperChSup10195849","CDM","278","RC","C1713","HCPCS","","","facility","both","","","","7258.36","7258.36","","","","","","","","","","","","","Gross Charge Type: Main Acute Price List"
"PLATE, BONE TSFS X STERNAL BODY 10 HOLE","ScorChSup10196052","CDM","278","RC","C1713","HCPCS","","","facility","both","","","","4159.31","4159.31","","","","","","","","","","","","","Gross Charge Type: Main Acute Price List"
"PLATE, BONE TUBULAR STRAIGHT 10-HOLE","ScpuWmSup119587","CDM","278","RC","C1713","HCPCS","","","facility","both","","","","3116.07","3116.07","","","","","","","","","","","","","Gross Charge Type: Main Acute Price List"
"PLATE, BONE VOLT DISTAL RADIUS 5 HOLE LEFT","OperWmSup10196459","CDM","278","RC","C1713","HCPCS","","","facility","both","","","","9793.68","9793.68","","","","","","","","","","","","","Gross Charge Type: Main Acute Price List"
"PLATE, BOW ORTHOLOC 3DI 5MM","ScorChSup119528","CDM","278","RC","C1713","HCPCS","","","facility","both","","","","8908.02","8908.02","","","","","","","","","","","","","Gross Charge Type: Main Acute Price List"
"PLATE, BRIGADE CONTOURED 30MM","EplbChSup107234","CDM","278","RC","C1713","HCPCS","","","facility","both","","","","15927.86","15927.86","","","","","","","","","","","","","Gross Charge Type: Main Acute Price List"
"PLATE, BRIGADE CONTOURED 30MM","PacuChSup107234","CDM","278","RC","C1713","HCPCS","","","facility","both","","","","15927.86","15927.86","","","","","","","","","","","","","Gross Charge Type: Main Acute Price List"
"PLATE, BRIGADE CONTOURED 32MM","CcthChSup107517","CDM","278","RC","C1713","HCPCS","","","facility","both","","","","15927.86","15927.86","","","","","","","","","","","","","Gross Charge Type: Main Acute Price List"
"PLATE, BRIGADE CONTOURED 32MM","ScorChSup107517","CDM","278","RC","C1713","HCPCS","","","facility","both","","","","15927.86","15927.86","","","","","","","","","","","","","Gross Charge Type: Main Acute Price List"
"PLATE, BRIGADE CONTOURNED 34MM","ScanChSup108567","CDM","278","RC","C1713","HCPCS","","","facility","both","","","","15927.86","15927.86","","","","","","","","","","","","","Gross Charge Type: Main Acute Price List"
"PLATE, BROAD 10-HOLE STRAIGHT 2.4MM","CspuChSup110915","CDM","278","RC","C1713","HCPCS","","","facility","both","","","","4476.02","4476.02","","","","","","","","","","","","","Gross Charge Type: Main Acute Price List"
"PLATE, BROAD 12-HOLE 2.4MM","CcthChSup110020","CDM","278","RC","C1713","HCPCS","","","facility","both","","","","4800.37","4800.37","","","","","","","","","","","","","Gross Charge Type: Main Acute Price List"
"PLATE, BROAD 12-HOLE 2.4MM","ScorWmSup110020","CDM","278","RC","C1713","HCPCS","","","facility","both","","","","4800.37","4800.37","","","","","","","","","","","","","Gross Charge Type: Main Acute Price List"
"PLATE, BROAD MINI 2X2 HOLE 1.0MM MALLEABLE","PacuChSup112225","CDM","278","RC","C1713","HCPCS","","","facility","both","","","","3394.02","3394.02","","","","","","","","","","","","","Gross Charge Type: Main Acute Price List"
"PLATE, BSSO 10MM GAP 6-HOLE","PacuWmSup111204","CDM","278","RC","C1713","HCPCS","","","facility","both","","","","1509.14","1509.14","","","","","","","","","","","","","Gross Charge Type: Main Acute Price List"
"PLATE, BSSO 12MM GAP 1.2MM THICK","OperChSup10195828","CDM","278","RC","C1713","HCPCS","","","facility","both","","","","1430.8","1430.8","","","","","","","","","","","","","Gross Charge Type: Main Acute Price List"
"PLATE, BSSO 12MM GAP 1.2MM THICK","ScorChSup10195828","CDM","278","RC","C1713","HCPCS","","","facility","both","","","","1430.8","1430.8","","","","","","","","","","","","","Gross Charge Type: Main Acute Price List"
"PLATE, BSSO 6MM GAP 1.2MM THICK","AnesChSup113622","CDM","278","RC","C1713","HCPCS","","","facility","both","","","","1419.03","1419.03","","","","","","","","","","","","","Gross Charge Type: Main Acute Price List"
"PLATE, BURR HOLE W/SLOT 18.5MM","AngiWmSup61420","CDM","278","RC","","","","","facility","both","","","","891.96","891.96","","","","","","","","","","","","","Gross Charge Type: Main Acute Price List"
"PLATE, BURR HOLE W/SLOT 18.5MM","OperChSup61420","CDM","278","RC","","","","","facility","both","","","","891.96","891.96","","","","","","","","","","","","","Gross Charge Type: Main Acute Price List"
"PLATE, CALC FX TAB X-SM/SM","GyscChSup106936","CDM","278","RC","C1713","HCPCS","","","facility","both","","","","8386.74","8386.74","","","","","","","","","","","","","Gross Charge Type: Main Acute Price List"
"PLATE, CALCANEAL FRACTURE PERCUTANEOUS STANDARD LT","ScanChSup113057","CDM","278","RC","C1713","HCPCS","","","facility","both","","","","7306.98","7306.98","","","","","","","","","","","","","Gross Charge Type: Main Acute Price List"
"PLATE, CALCANEAL LOCKING VA SMALL LEFT 2.7X58MM","GyscChSup63550","CDM","278","RC","C1713","HCPCS","","","facility","both","","","","5293.38","5293.38","","","","","","","","","","","","","Gross Charge Type: Main Acute Price List"
"PLATE, CALCANEAL LOCKING VA SMALL LEFT 2.7X58MM","ScpuWmSup63550","CDM","278","RC","C1713","HCPCS","","","facility","both","","","","5293.38","5293.38","","","","","","","","","","","","","Gross Charge Type: Main Acute Price List"
"PLATE, CALCANEAL VA LOCKING LONG ANTEROLATERAL 2.7X56MM LT STRL","AnesChSup118181","CDM","278","RC","C1713","HCPCS","","","facility","both","","","","5971.93","5971.93","","","","","","","","","","","","","Gross Charge Type: Main Acute Price List"
"PLATE, CALCANEAL VA LOCKING LONG ANTEROLATERAL 2.7X56MM LT STRL","ScorChSup118181","CDM","278","RC","C1713","HCPCS","","","facility","both","","","","5971.93","5971.93","","","","","","","","","","","","","Gross Charge Type: Main Acute Price List"
"PLATE, CALCANEAL VA LOCKING SHORT 2.7X40MM RT STRL","GastWmSup107220","CDM","278","RC","C1713","HCPCS","","","facility","both","","","","5745.74","5745.74","","","","","","","","","","","","","Gross Charge Type: Main Acute Price List"
"PLATE, CALCANEAL VA SMALL RIGHT 2.7X58MM","ScpuWmSup61750","CDM","278","RC","C1713","HCPCS","","","facility","both","","","","5293.38","5293.38","","","","","","","","","","","","","Gross Charge Type: Main Acute Price List"
"PLATE, CALCANEUS STANDARD SMALL","ScanChSup46233","CDM","278","RC","C1713","HCPCS","","","facility","both","","","","5080.06","5080.06","","","","","","","","","","","","","Gross Charge Type: Main Acute Price List"
"PLATE, CERVICAL ANT ATLANTIS TRANSLAT 42.5MM","GyscChSup59485","CDM","278","RC","C1713","HCPCS","","","facility","both","","","","6282.94","6282.94","","","","","","","","","","","","","Gross Charge Type: Main Acute Price List"
"PLATE, CERVICAL ANT ATLANTIS TRANSLAT 45MM","OperChSup61522","CDM","278","RC","C1713","HCPCS","","","facility","both","","","","6282.94","6282.94","","","","","","","","","","","","","Gross Charge Type: Main Acute Price List"
"PLATE, CERVICAL ANT ATLANTIS TRANSLAT 45MM","OperWmSup61522","CDM","278","RC","C1713","HCPCS","","","facility","both","","","","6282.94","6282.94","","","","","","","","","","","","","Gross Charge Type: Main Acute Price List"
"PLATE, CERVICAL ANT ATLANTIS TRANSLAT 77MM COMPT","ScorChSup111232","CDM","278","RC","C1713","HCPCS","","","facility","both","","","","7529.54","7529.54","","","","","","","","","","","","","Gross Charge Type: Main Acute Price List"
"PLATE, CERVICAL ANT ATLANTIS TRANSLAT 80MM","AngiWmSup115672","CDM","278","RC","C1713","HCPCS","","","facility","both","","","","7526.33","7526.33","","","","","","","","","","","","","Gross Charge Type: Main Acute Price List"
"PLATE, CERVICAL ANT ATLANTIS TRANSLAT 82.5MM","ScorChSup113197","CDM","278","RC","C1713","HCPCS","","","facility","both","","","","7529.54","7529.54","","","","","","","","","","","","","Gross Charge Type: Main Acute Price List"
"PLATE, CERVICAL ANT ATLANTIS TRANSLAT MM COMPT","CspuChSup110370","CDM","278","RC","C1713","HCPCS","","","facility","both","","","","8007.66","8007.66","","","","","","","","","","","","","Gross Charge Type: Main Acute Price List"
"PLATE, CERVICAL ANTERIOR KINETIC-SL 28MM 1-LEVEL","ScanWmSup107199","CDM","278","RC","","","","","facility","both","","","","5913.35","5913.35","","","","","","","","","","","","","Gross Charge Type: Main Acute Price List"
"PLATE, CERVICAL ANTERIOR OZARK 1- LEVEL 22MM","ScanWmSup78289","CDM","278","RC","C1713","HCPCS","","","facility","both","","","","2861.09","2861.09","","","","","","","","","","","","","Gross Charge Type: Main Acute Price List"
"PLATE, CERVICAL ANTERIOR OZARK 1-LEVEL 20MM","GyscChSup78662","CDM","278","RC","C1713","HCPCS","","","facility","both","","","","3695.84","3695.84","","","","","","","","","","","","","Gross Charge Type: Main Acute Price List"
"PLATE, CERVICAL ANTERIOR OZARK 1-LEVEL 20MM","OperWmSup78662","CDM","278","RC","C1713","HCPCS","","","facility","both","","","","3695.84","3695.84","","","","","","","","","","","","","Gross Charge Type: Main Acute Price List"
"PLATE, CERVICAL ANTERIOR OZARK 1-LEVEL 26MM","PacuWmSup78661","CDM","278","RC","C1713","HCPCS","","","facility","both","","","","3695.84","3695.84","","","","","","","","","","","","","Gross Charge Type: Main Acute Price List"
"PLATE, CERVICAL ANTERIOR OZARK 2 LEVEL40MM","GastChSup78614","CDM","278","RC","C1713","HCPCS","","","facility","both","","","","4054.37","4054.37","","","","","","","","","","","","","Gross Charge Type: Main Acute Price List"
"PLATE, CERVICAL ANTERIOR OZARK 3-LEVEL 60MM","ScanWmSup78179","CDM","278","RC","C1713","HCPCS","","","facility","both","","","","4633.56","4633.56","","","","","","","","","","","","","Gross Charge Type: Main Acute Price List"
"PLATE, CERVICAL ANTERIOR OZARK VIEW 2 LEVEL 46MM","CspuChSup109400","CDM","278","RC","C1713","HCPCS","","","facility","both","","","","4311.82","4311.82","","","","","","","","","","","","","Gross Charge Type: Main Acute Price List"
"PLATE, CERVICAL ANTERIOR OZARK VIEW 2-LEVEL 38","CLDRChSup78280","CDM","278","RC","C1713","HCPCS","","","facility","both","","","","3337.93","3337.93","","","","","","","","","","","","","Gross Charge Type: Main Acute Price List"
"PLATE, CERVICAL ANTERIOR OZARK VIEW 2-LEVEL 38","ScpuWmSup78280","CDM","278","RC","C1713","HCPCS","","","facility","both","","","","3337.93","3337.93","","","","","","","","","","","","","Gross Charge Type: Main Acute Price List"
"PLATE, CERVICAL ATLANTIS VISION ELITE 21MM","EplbChSup50029","CDM","278","RC","C1713","HCPCS","","","facility","both","","","","6159.74","6159.74","","","","","","","","","","","","","Gross Charge Type: Main Acute Price List"
"PLATE, CERVICAL ATLANTIS VISION ELITE 23MM","Chrs5450030","CDM","278","RC","C1713","HCPCS","","","facility","both","","","","6159.74","6159.74","","","","","","","","","","","","","Gross Charge Type: Main Acute Price List"
"PLATE, CERVICAL ATLANTIS VISION ELITE 23MM","PacuChSup50030","CDM","278","RC","C1713","HCPCS","","","facility","both","","","","6159.74","6159.74","","","","","","","","","","","","","Gross Charge Type: Main Acute Price List"
"PLATE, CERVICAL ATLANTIS VISION ELITE 30MM","AngiWmSup50033","CDM","278","RC","","","","","facility","both","","","","5791.95","5791.95","","","","","","","","","","","","","Gross Charge Type: Main Acute Price List"
"PLATE, CERVICAL ATLANTIS VISION ELITE 30MM","GastWmSup50033","CDM","278","RC","","","","","facility","both","","","","5791.95","5791.95","","","","","","","","","","","","","Gross Charge Type: Main Acute Price List"
"PLATE, CERVICAL ATLANTIS VISION ELITE 32.5MM","PacuWmSup50034","CDM","278","RC","C1713","HCPCS","","","facility","both","","","","6282.94","6282.94","","","","","","","","","","","","","Gross Charge Type: Main Acute Price List"
"PLATE, CERVICAL ATLANTIS VISION ELITE 32.5MM","ScanWmSup50034","CDM","278","RC","C1713","HCPCS","","","facility","both","","","","6282.94","6282.94","","","","","","","","","","","","","Gross Charge Type: Main Acute Price List"
"PLATE, CERVICAL ATLANTIS VISION ELITE 35MM","Wilm5450035","CDM","278","RC","C1713","HCPCS","","","facility","both","","","","6282.94","6282.94","","","","","","","","","","","","","Gross Charge Type: Main Acute Price List"
"PLATE, CERVICAL ATLANTIS VISION ELITE 37.5MM","CspuChSup50036","CDM","278","RC","C1713","HCPCS","","","facility","both","","","","6282.94","6282.94","","","","","","","","","","","","","Gross Charge Type: Main Acute Price List"
"PLATE, CERVICAL ATLANTIS VISION ELITE 37.5MM","Wilm5450036","CDM","278","RC","C1713","HCPCS","","","facility","both","","","","6282.94","6282.94","","","","","","","","","","","","","Gross Charge Type: Main Acute Price List"
"PLATE, CERVICAL ATLANTIS VISION ELITE 47.5MM","Chrs5450040","CDM","278","RC","C1713","HCPCS","","","facility","both","","","","6282.94","6282.94","","","","","","","","","","","","","Gross Charge Type: Main Acute Price List"
"PLATE, CERVICAL ATLANTIS VISION ELITE 47.5MM","GyscChSup50040","CDM","278","RC","C1713","HCPCS","","","facility","both","","","","6282.94","6282.94","","","","","","","","","","","","","Gross Charge Type: Main Acute Price List"
"PLATE, CERVICAL ATLANTIS VISION ELITE 47.5MM","ScanChSup50040","CDM","278","RC","C1713","HCPCS","","","facility","both","","","","6282.94","6282.94","","","","","","","","","","","","","Gross Charge Type: Main Acute Price List"
"PLATE, CERVICAL ATLANTIS VISION ELITE 52.5MM","GastChSup50042","CDM","278","RC","C1713","HCPCS","","","facility","both","","","","7330.09","7330.09","","","","","","","","","","","","","Gross Charge Type: Main Acute Price List"
"PLATE, CERVICAL ATLANTIS VISION ELITE 55MM","OperChSup50043","CDM","278","RC","C1713","HCPCS","","","facility","both","","","","7330.09","7330.09","","","","","","","","","","","","","Gross Charge Type: Main Acute Price List"
"PLATE, CERVICAL ATLANTIS VISION ELITE 57.5MM","ScanChSup50044","CDM","278","RC","C1713","HCPCS","","","facility","both","","","","7330.09","7330.09","","","","","","","","","","","","","Gross Charge Type: Main Acute Price List"
"PLATE, CERVICAL ATLANTIS VISION ELITE 57.5MM","ScorWmSup50044","CDM","278","RC","C1713","HCPCS","","","facility","both","","","","7330.09","7330.09","","","","","","","","","","","","","Gross Charge Type: Main Acute Price List"
"PLATE, CERVICAL ATLANTIS VISION ELITE 62.5MM","EplbChSup50046","CDM","278","RC","C1713","HCPCS","","","facility","both","","","","7330.09","7330.09","","","","","","","","","","","","","Gross Charge Type: Main Acute Price List"
"PLATE, CERVICAL ATLANTIS VISION ELITE 62.5MM","ScpuWmSup50046","CDM","278","RC","C1713","HCPCS","","","facility","both","","","","7330.09","7330.09","","","","","","","","","","","","","Gross Charge Type: Main Acute Price List"
"PLATE, CERVICAL ATLANTIS VISION ELITE 65MM","ScorChSup50047","CDM","278","RC","C1713","HCPCS","","","facility","both","","","","7330.09","7330.09","","","","","","","","","","","","","Gross Charge Type: Main Acute Price List"
"PLATE, CERVICAL ATLANTIS VISION ELITE 67.5MM","CspuChSup50048","CDM","278","RC","C1713","HCPCS","","","facility","both","","","","7330.09","7330.09","","","","","","","","","","","","","Gross Charge Type: Main Acute Price List"
"PLATE, CERVICAL ATLANTIS VISION ELITE 67.5MM","EplbChSup50048","CDM","278","RC","C1713","HCPCS","","","facility","both","","","","7330.09","7330.09","","","","","","","","","","","","","Gross Charge Type: Main Acute Price List"
"PLATE, CERVICAL ATLANTIS VISION ELITE 67.5MM","GyscChSup50048","CDM","278","RC","C1713","HCPCS","","","facility","both","","","","7330.09","7330.09","","","","","","","","","","","","","Gross Charge Type: Main Acute Price List"
"PLATE, CERVICAL ATLANTIS VISION ELITE 75MM","OperWmSup50051","CDM","278","RC","C1713","HCPCS","","","facility","both","","","","8007.66","8007.66","","","","","","","","","","","","","Gross Charge Type: Main Acute Price List"
"PLATE, CERVICAL ATLANTIS VISION ELITE 75MM","ScpuWmSup50051","CDM","278","RC","C1713","HCPCS","","","facility","both","","","","8007.66","8007.66","","","","","","","","","","","","","Gross Charge Type: Main Acute Price List"
"PLATE, CERVICAL ATLANTIS VISION ELITE 77.5MM","Wilm5450052","CDM","278","RC","C1713","HCPCS","","","facility","both","","","","8007.66","8007.66","","","","","","","","","","","","","Gross Charge Type: Main Acute Price List"
"PLATE, CERVICAL ATLANTIS VISION ELITE 80MM","GyscChSup50053","CDM","278","RC","C1713","HCPCS","","","facility","both","","","","8007.66","8007.66","","","","","","","","","","","","","Gross Charge Type: Main Acute Price List"
"PLATE, CERVICAL ATLANTIS VISION ELITE 82.5MM","GastWmSup50054","CDM","278","RC","","","","","facility","both","","","","8007.66","8007.66","","","","","","","","","","","","","Gross Charge Type: Main Acute Price List"
"PLATE, CERVICAL ATLANTIS VISION ELITE 85MM","EplbChSup50055","CDM","278","RC","","","","","facility","both","","","","7529.54","7529.54","","","","","","","","","","","","","Gross Charge Type: Main Acute Price List"
"PLATE, CERVICAL ATLANTIS VISION ELITE 87.5MM","OperChSup50056","CDM","278","RC","","","","","facility","both","","","","8913","8913","","","","","","","","","","","","","Gross Charge Type: Main Acute Price List"
"PLATE, CERVICAL OZARK 3-LEVEL 54MM","OperChSup78382","CDM","278","RC","","","","","facility","both","","","","4633.56","4633.56","","","","","","","","","","","","","Gross Charge Type: Main Acute Price List"
"PLATE, CERVICAL OZARK 3-LEVEL 57MM","GastWmSup78222","CDM","278","RC","C1713","HCPCS","","","facility","both","","","","4927.79","4927.79","","","","","","","","","","","","","Gross Charge Type: Main Acute Price List"
"PLATE, CERVICAL OZARK 3-LEVEL 63MM","CcthChSup78658","CDM","278","RC","C1713","HCPCS","","","facility","both","","","","4927.79","4927.79","","","","","","","","","","","","","Gross Charge Type: Main Acute Price List"
"PLATE, CERVICAL OZARK 4-LEVEL 81MM","ScorWmSup78286","CDM","278","RC","C1713","HCPCS","","","facility","both","","","","3587","3587","","","","","","","","","","","","","Gross Charge Type: Main Acute Price List"
"PLATE, CHIN PAULUS 3MM","OperWmSup113837","CDM","278","RC","C1713","HCPCS","","","facility","both","","","","905.49","905.49","","","","","","","","","","","","","Gross Charge Type: Main Acute Price List"
"PLATE, CHIN PAULUS 4MM","CspuChSup106553","CDM","278","RC","C1713","HCPCS","","","facility","both","","","","905.49","905.49","","","","","","","","","","","","","Gross Charge Type: Main Acute Price List"
"PLATE, CHIN PAULUS 5MM","AnesWmSup112171","CDM","278","RC","C1713","HCPCS","","","facility","both","","","","905.49","905.49","","","","","","","","","","","","","Gross Charge Type: Main Acute Price List"
"PLATE, CLAVICAL LATERAL RIGHT 5-HOLE","CLDRChSup106126","CDM","278","RC","C1713","HCPCS","","","facility","both","","","","7171.67","7171.67","","","","","","","","","","","","","Gross Charge Type: Main Acute Price List"
"PLATE, CLAVICAL LATERAL RIGHT 5-HOLE","DelrChSup106126","CDM","278","RC","C1713","HCPCS","","","facility","both","","","","7171.67","7171.67","","","","","","","","","","","","","Gross Charge Type: Main Acute Price List"
"PLATE, CLAVICLE ANTERIOR 10 HOLE","PacuChSup53451","CDM","278","RC","C1713","HCPCS","","","facility","both","","","","5962.5","5962.5","","","","","","","","","","","","","Gross Charge Type: Main Acute Price List"
"PLATE, CLAVICLE ANTERIOR 10 HOLE","ScorWmSup53451","CDM","278","RC","C1713","HCPCS","","","facility","both","","","","5962.5","5962.5","","","","","","","","","","","","","Gross Charge Type: Main Acute Price List"
"PLATE, CLAVICLE ANTERIOR 10-HOLE 101MM STRL","PacuWmSup109281","CDM","278","RC","C1713","HCPCS","","","facility","both","","","","6556.24","6556.24","","","","","","","","","","","","","Gross Charge Type: Main Acute Price List"
"PLATE, CLAVICLE ANTERIOR 9 HOLE STERILE","GyscChSup53450","CDM","278","RC","C1713","HCPCS","","","facility","both","","","","6556.24","6556.24","","","","","","","","","","","","","Gross Charge Type: Main Acute Price List"
"PLATE, CLAVICLE ANTERIOR 9 HOLE","ScpuWmSup53449","CDM","278","RC","C1713","HCPCS","","","facility","both","","","","5606.49","5606.49","","","","","","","","","","","","","Gross Charge Type: Main Acute Price List"
"PLATE, CLAVICLE CENTER RIGHT","AngiWmSup57965","CDM","278","RC","","","","","facility","both","","","","5334.67","5334.67","","","","","","","","","","","","","Gross Charge Type: Main Acute Price List"
"PLATE, CLAVICLE CENTER RIGHT","Wilm5457965","CDM","278","RC","","","","","facility","both","","","","5334.67","5334.67","","","","","","","","","","","","","Gross Charge Type: Main Acute Price List"
"PLATE, CLAVICLE CENTRAL THIRD RIGHT 7-HOLE","CLDRChSup78686","CDM","278","RC","C1713","HCPCS","","","facility","both","","","","5334.67","5334.67","","","","","","","","","","","","","Gross Charge Type: Main Acute Price List"
"PLATE, CLAVICLE CENTRAL THIRD RIGHT 7-HOLE","OperWmSup78686","CDM","278","RC","C1713","HCPCS","","","facility","both","","","","5334.67","5334.67","","","","","","","","","","","","","Gross Charge Type: Main Acute Price List"
"PLATE, CLAVICLE FRACTURE CENTRAL SS THIRD LT","AngiWmSup59842","CDM","278","RC","C1713","HCPCS","","","facility","both","","","","5334.67","5334.67","","","","","","","","","","","","","Gross Charge Type: Main Acute Price List"
"PLATE, CLAVICLE FRACTURE CENTRAL SS THIRD LT","ScpuWmSup59842","CDM","278","RC","C1713","HCPCS","","","facility","both","","","","5334.67","5334.67","","","","","","","","","","","","","Gross Charge Type: Main Acute Price List"
"PLATE, CLAVICLE LCP SUPERIOR 3.5MM 6-HOLE RT","ScorWmSup46490","CDM","278","RC","C1713","HCPCS","","","facility","both","","","","5325.87","5325.87","","","","","","","","","","","","","Gross Charge Type: Main Acute Price List"
"PLATE, CLAVICLE LEFT 8-HOLE","ScanWmSup72383","CDM","278","RC","C1713","HCPCS","","","facility","both","","","","5334.67","5334.67","","","","","","","","","","","","","Gross Charge Type: Main Acute Price List"
"PLATE, CLAVICLE SHAFT VA-LCP 2.7MM CS2 RT STRL","DelrChSup119150","CDM","278","RC","C1713","HCPCS","","","facility","both","","","","9742","9742","","","","","","","","","","","","","Gross Charge Type: Main Acute Price List"
"PLATE, CLAVICLE SHAFT VA-LCP 2.7MM CS2 RT STRL","EplbChSup119150","CDM","278","RC","C1713","HCPCS","","","facility","both","","","","9742","9742","","","","","","","","","","","","","Gross Charge Type: Main Acute Price List"
"PLATE, CLAVICLE SHAFT VA-LCP 2.7MM CS2 RT","CspuChSup112303","CDM","278","RC","C1713","HCPCS","","","facility","both","","","","8328.36","8328.36","","","","","","","","","","","","","Gross Charge Type: Main Acute Price List"
"PLATE, CLAVICLE SUPER LCP 3.5X100MM 7-HOLE LT","Wilm5445466","CDM","278","RC","C1713","HCPCS","","","facility","both","","","","5461.76","5461.76","","","","","","","","","","","","","Gross Charge Type: Main Acute Price List"
"PLATE, CLAVICLE SUPERIOR 3.5 MM LCP 5-HOLE","GyscChSup48867","CDM","278","RC","C1713","HCPCS","","","facility","both","","","","5266.79","5266.79","","","","","","","","","","","","","Gross Charge Type: Main Acute Price List"
"PLATE, CLAVICLE VA LCP LATERAL ANTERIOR 11-HOLE 113MM 2.7X3.5MM STRL","DelrChSup109288","CDM","278","RC","C1713","HCPCS","","","facility","both","","","","6556.24","6556.24","","","","","","","","","","","","","Gross Charge Type: Main Acute Price List"
"PLATE, CLAVICLE VA LCP LT ANTERIOR 8-HOLE 3.5X102MM","ScanChSup113804","CDM","278","RC","C1713","HCPCS","","","facility","both","","","","5367.51","5367.51","","","","","","","","","","","","","Gross Charge Type: Main Acute Price List"
"PLATE, CLAVICLE VA-LCP 2.7MM CS2 RT STRL","ScpuChSup118861","CDM","278","RC","C1713","HCPCS","","","facility","both","","","","9767.78","9767.78","","","","","","","","","","","","","Gross Charge Type: Main Acute Price List"
"PLATE, CLAVICLE VA-LCP 2.7MM CS3 LT","ScpuChSup112269","CDM","278","RC","C1713","HCPCS","","","facility","both","","","","8473.62","8473.62","","","","","","","","","","","","","Gross Charge Type: Main Acute Price List"
"PLATE, CLAW II 2-HOLE 25MM","CspuChSup62781","CDM","278","RC","C1713","HCPCS","","","facility","both","","","","9153.37","9153.37","","","","","","","","","","","","","Gross Charge Type: Main Acute Price List"
"PLATE, CODA 1 LEVEL 14MM","DelrChSup118937","CDM","278","RC","C1713","HCPCS","","","facility","both","","","","6233.66","6233.66","","","","","","","","","","","","","Gross Charge Type: Main Acute Price List"
"PLATE, CODA 12MM","ScanChSup120137","CDM","278","RC","C1713","HCPCS","","","facility","both","","","","5861.45","5861.45","","","","","","","","","","","","","Gross Charge Type: Main Acute Price List"
"PLATE, CODA 16MM","ScorWmSup121465","CDM","278","RC","C1713","HCPCS","","","facility","both","","","","4146.49","4146.49","","","","","","","","","","","","","Gross Charge Type: Main Acute Price List"
"PLATE, CODA 32MM","ScorWmSup119028","CDM","278","RC","C1713","HCPCS","","","facility","both","","","","6233.66","6233.66","","","","","","","","","","","","","Gross Charge Type: Main Acute Price List"
"PLATE, CODA 34MM","OperWmSup118316","CDM","278","RC","C1713","HCPCS","","","facility","both","","","","6098.14","6098.14","","","","","","","","","","","","","Gross Charge Type: Main Acute Price List"
"PLATE, CODA 34MM","ScpuWmSup118316","CDM","278","RC","C1713","HCPCS","","","facility","both","","","","6098.14","6098.14","","","","","","","","","","","","","Gross Charge Type: Main Acute Price List"
"PLATE, COMPRESSION VARIAX 9-HOLE","AngiChSup64878","CDM","278","RC","C1713","HCPCS","","","facility","both","","","","3743.69","3743.69","","","","","","","","","","","","","Gross Charge Type: Main Acute Price List"
"PLATE, CONDYLAR LCP 7-HOLE SHAFT 2.0MM","PacuChSup64387","CDM","278","RC","C1713","HCPCS","","","facility","both","","","","4126.59","4126.59","","","","","","","","","","","","","Gross Charge Type: Main Acute Price List"
"PLATE, CONDYLAR LCP 7-HOLE SHAFT 2.0MM","ScpuChSup64387","CDM","278","RC","C1713","HCPCS","","","facility","both","","","","4126.59","4126.59","","","","","","","","","","","","","Gross Charge Type: Main Acute Price List"
"PLATE, CONDYLAR LCP VA 12-HOLE 4.5X66MM","AngiWmSup61769","CDM","278","RC","C1713","HCPCS","","","facility","both","","","","11505.42","11505.42","","","","","","","","","","","","","Gross Charge Type: Main Acute Price List"
"PLATE, CONNECTING 1-HOLE","PacuChSup109539","CDM","278","RC","C1713","HCPCS","","","facility","both","","","","428.44","428.44","","","","","","","","","","","","","Gross Charge Type: Main Acute Price List"
"PLATE, CONNECTING 1-HOLE","PacuWmSup109539","CDM","278","RC","C1713","HCPCS","","","facility","both","","","","428.44","428.44","","","","","","","","","","","","","Gross Charge Type: Main Acute Price List"
"PLATE, CONNECTING 2-HOLE FIXATION CARBON MRI SAFE","GastChSup114602","CDM","278","RC","C1713","HCPCS","","","facility","both","","","","518.19","518.19","","","","","","","","","","","","","Gross Charge Type: Main Acute Price List"
"PLATE, CONNECTING 3-HOLE","GastWmSup72162","CDM","278","RC","C1713","HCPCS","","","facility","both","","","","571.15","571.15","","","","","","","","","","","","","Gross Charge Type: Main Acute Price List"
"PLATE, CONNECTING THREADED 2-HOLE","ScpuWmSup117794","CDM","278","RC","C1713","HCPCS","","","facility","both","","","","548.03","548.03","","","","","","","","","","","","","Gross Charge Type: Main Acute Price List"
"PLATE, CONNECTING THREADED 4-HOLE","CcthChSup73802","CDM","278","RC","C1713","HCPCS","","","facility","both","","","","653.68","653.68","","","","","","","","","","","","","Gross Charge Type: Main Acute Price List"
"PLATE, CORPECTOMY ATLANTIS VISION ELITE 32MM","GyscChSup50064","CDM","278","RC","","","","","facility","both","","","","5791.95","5791.95","","","","","","","","","","","","","Gross Charge Type: Main Acute Price List"
"PLATE, CORPECTOMY ATLANTIS VISION ELITE 50MM","PacuChSup50067","CDM","278","RC","C1713","HCPCS","","","facility","both","","","","7330.09","7330.09","","","","","","","","","","","","","Gross Charge Type: Main Acute Price List"
"PLATE, CORPECTOMY ATLANTIS VISION ELITE 72MM","ScanWmSup50072","CDM","278","RC","C1713","HCPCS","","","facility","both","","","","8007.66","8007.66","","","","","","","","","","","","","Gross Charge Type: Main Acute Price List"
"PLATE, CROSSLINK 45MM","AngiWmSup26824","CDM","278","RC","C1713","HCPCS","","","facility","both","","","","4974","4974","","","","","","","","","","","","","Gross Charge Type: Main Acute Price List"
"PLATE, CROSSLINK MOUNTAINEER 35MM","Wilm5458320","CDM","278","RC","","","","","facility","both","","","","6098.92","6098.92","","","","","","","","","","","","","Gross Charge Type: Main Acute Price List"
"PLATE, CROSSLINK MULTISPAN TI 60-86MM","GastChSup61201","CDM","278","RC","C1713","HCPCS","","","facility","both","","","","3049.07","3049.07","","","","","","","","","","","","","Gross Charge Type: Main Acute Price List"
"PLATE, CROSSLINK MULTISPAN TI 60-86MM","GyscChSup61201","CDM","278","RC","C1713","HCPCS","","","facility","both","","","","3049.07","3049.07","","","","","","","","","","","","","Gross Charge Type: Main Acute Price List"
"PLATE, CROSSLINK MULTISPAN TI 60-86MM","ScpuWmSup61201","CDM","278","RC","C1713","HCPCS","","","facility","both","","","","3049.07","3049.07","","","","","","","","","","","","","Gross Charge Type: Main Acute Price List"
"PLATE, CUBOID","PacuWmSup112941","CDM","278","RC","C1713","HCPCS","","","facility","both","","","","6873.78","6873.78","","","","","","","","","","","","","Gross Charge Type: Main Acute Price List"
"PLATE, CURVED 14-HOLE","AngiWmSup108090","CDM","278","RC","C1713","HCPCS","","","facility","both","","","","3755.97","3755.97","","","","","","","","","","","","","Gross Charge Type: Main Acute Price List"
"PLATE, CURVED 4-HOLE 108MM","GastChSup107538","CDM","278","RC","C1713","HCPCS","","","facility","both","","","","3099.85","3099.85","","","","","","","","","","","","","Gross Charge Type: Main Acute Price List"
"PLATE, CURVED 5-HOLES LEFT","ScanWmSup46237","CDM","278","RC","C1713","HCPCS","","","facility","both","","","","4056.58","4056.58","","","","","","","","","","","","","Gross Charge Type: Main Acute Price List"
"PLATE, CURVED MIDFACE 10-HOLE","GastWmSup25140","CDM","278","RC","","","","","facility","both","","","","815.81","815.81","","","","","","","","","","","","","Gross Charge Type: Main Acute Price List"
"PLATE, CURVED UPPERFACE 10-HOLE","OperWmSup25130","CDM","278","RC","","","","","facility","both","","","","1073.05","1073.05","","","","","","","","","","","","","Gross Charge Type: Main Acute Price List"
"PLATE, CVD SAG SPLT 6-HOL 12MM BAR","AnesChSup25280","CDM","278","RC","C1713","HCPCS","","","facility","both","","","","1457.43","1457.43","","","","","","","","","","","","","Gross Charge Type: Main Acute Price List"
"PLATE, CVD SAG SPLT 6-HOL 12MM BAR","DelrChSup25280","CDM","278","RC","C1713","HCPCS","","","facility","both","","","","1457.43","1457.43","","","","","","","","","","","","","Gross Charge Type: Main Acute Price List"
"PLATE, DCS 16-HOLE 274MM","OperChSup84000","CDM","278","RC","C1713","HCPCS","","","facility","both","","","","6563.56","6563.56","","","","","","","","","","","","","Gross Charge Type: Main Acute Price List"
"PLATE, DCS 8-HOLE 95 DEGREE 146MM","GastChSup6608","CDM","278","RC","C1713","HCPCS","","","facility","both","","","","5452.89","5452.89","","","","","","","","","","","","","Gross Charge Type: Main Acute Price List"
"PLATE, DHS 2-HOLE 130 DEGREE 46MM","ScpuChSup24542","CDM","278","RC","","","","","facility","both","","","","3151.8","3151.8","","","","","","","","","","","","","Gross Charge Type: Main Acute Price List"
"PLATE, DHS 2-HOLE 135 DEGREE 46MM","GastWmSup19432","CDM","278","RC","C1713","HCPCS","","","facility","both","","","","3151.8","3151.8","","","","","","","","","","","","","Gross Charge Type: Main Acute Price List"
"PLATE, DHS 2-HOLE 135 DEGREE 46MM","ScorChSup19432","CDM","278","RC","C1713","HCPCS","","","facility","both","","","","3151.8","3151.8","","","","","","","","","","","","","Gross Charge Type: Main Acute Price List"
"PLATE, DHS 4-HOLE 130 DEGREE 78MM","CcthChSup23491","CDM","278","RC","C1713","HCPCS","","","facility","both","","","","3351.95","3351.95","","","","","","","","","","","","","Gross Charge Type: Main Acute Price List"
"PLATE, DHS 5-HOLE 130 DEGREE 94MM","GastWmSup23488","CDM","278","RC","C1713","HCPCS","","","facility","both","","","","2962.36","2962.36","","","","","","","","","","","","","Gross Charge Type: Main Acute Price List"
"PLATE, DHS SHORT BARR 4-HOLE 150 DEGREE 78MM","GyscChSup6604","CDM","278","RC","C1713","HCPCS","","","facility","both","","","","2754.3","2754.3","","","","","","","","","","","","","Gross Charge Type: Main Acute Price List"
"PLATE, DHS SHORT BARREL 2-HOLE 46MM","GastChSup72879","CDM","278","RC","C1713","HCPCS","","","facility","both","","","","3467.87","3467.87","","","","","","","","","","","","","Gross Charge Type: Main Acute Price List"
"PLATE, DHS SHORT BARREL 2-HOLE 46MM","ScanWmSup72879","CDM","278","RC","C1713","HCPCS","","","facility","both","","","","3467.87","3467.87","","","","","","","","","","","","","Gross Charge Type: Main Acute Price List"
"PLATE, DHS STD BARREL 130DEG 46MM","ScpuWmSup42462","CDM","278","RC","C1713","HCPCS","","","facility","both","","","","3688.08","3688.08","","","","","","","","","","","","","Gross Charge Type: Main Acute Price List"
"PLATE, DHS/DCS STD BARREL 4-HOLE 135-DEG 78MM STRL","Chrs5463589","CDM","278","RC","C1713","HCPCS","","","facility","both","","","","3688.08","3688.08","","","","","","","","","","","","","Gross Charge Type: Main Acute Price List"
"PLATE, DHS/DCS STD BARREL 4-HOLE 135-DEG 78MM STRL","CspuChSup63589","CDM","278","RC","C1713","HCPCS","","","facility","both","","","","3688.08","3688.08","","","","","","","","","","","","","Gross Charge Type: Main Acute Price List"
"PLATE, DIS RADIUS VOLAR NARROW XSHORT LT","EplbChSup59070","CDM","278","RC","C1713","HCPCS","","","facility","both","","","","5725.45","5725.45","","","","","","","","","","","","","Gross Charge Type: Main Acute Price List"
"PLATE, DISTAL ANTEROLATERAL 10-HOLE RT","OperWmSup109220","CDM","278","RC","C1713","HCPCS","","","facility","both","","","","10589.33","10589.33","","","","","","","","","","","","","Gross Charge Type: Main Acute Price List"
"PLATE, DISTAL ANTEROLATERAL 12-HOLE","ScorWmSup118152","CDM","278","RC","C1713","HCPCS","","","facility","both","","","","10167.88","10167.88","","","","","","","","","","","","","Gross Charge Type: Main Acute Price List"
"PLATE, DISTAL ANTEROLATERAL 8-HOLE LT","ScorChSup121309","CDM","278","RC","C1713","HCPCS","","","facility","both","","","","10463.69","10463.69","","","","","","","","","","","","","Gross Charge Type: Main Acute Price List"
"PLATE, DISTAL LATERAL FEMUR 8-HOLE 202MM","PacuChSup109099","CDM","278","RC","C1713","HCPCS","","","facility","both","","","","12119.54","12119.54","","","","","","","","","","","","","Gross Charge Type: Main Acute Price List"
"PLATE, DISTAL LATERAL FEMUR 8-HOLE 202MM","ScanWmSup109099","CDM","278","RC","C1713","HCPCS","","","facility","both","","","","12119.54","12119.54","","","","","","","","","","","","","Gross Charge Type: Main Acute Price List"
"PLATE, DISTAL LCP VOLAR","EplbChSup53433","CDM","278","RC","C1713","HCPCS","","","facility","both","","","","8495.4","8495.4","","","","","","","","","","","","","Gross Charge Type: Main Acute Price List"
"PLATE, DISTAL LCP VOLAR","Wilm5453433","CDM","278","RC","C1713","HCPCS","","","facility","both","","","","8495.4","8495.4","","","","","","","","","","","","","Gross Charge Type: Main Acute Price List"
"PLATE, DISTAL MEDIAL 14 HOLE LT","PacuChSup66572","CDM","278","RC","C1713","HCPCS","","","facility","both","","","","11076.2","11076.2","","","","","","","","","","","","","Gross Charge Type: Main Acute Price List"
"PLATE, DISTAL MEDIAL 16-HOLE  RT STRL","ScanChSup77027","CDM","278","RC","C1713","HCPCS","","","facility","both","","","","10006.79","10006.79","","","","","","","","","","","","","Gross Charge Type: Main Acute Price List"
"PLATE, DISTAL MEDIAL 16-HOLE  RT STRL","ScpuChSup77027","CDM","278","RC","C1713","HCPCS","","","facility","both","","","","10006.79","10006.79","","","","","","","","","","","","","Gross Charge Type: Main Acute Price List"
"PLATE, DISTAL POST LATERAL 4- HOLE RIGHT","GastWmSup65225","CDM","278","RC","C1713","HCPCS","","","facility","both","","","","5535.71","5535.71","","","","","","","","","","","","","Gross Charge Type: Main Acute Price List"
"PLATE, DISTAL POST LATERAL 4- HOLE RIGHT","ScorWmSup65225","CDM","278","RC","C1713","HCPCS","","","facility","both","","","","5535.71","5535.71","","","","","","","","","","","","","Gross Charge Type: Main Acute Price List"
"PLATE, DISTAL POST LATERAL 4- HOLE RIGHT","Wilm3165225","CDM","278","RC","C1713","HCPCS","","","facility","both","","","","5535.71","5535.71","","","","","","","","","","","","","Gross Charge Type: Main Acute Price List"
"PLATE, DISTAL POST LATERAL 4-HOLE LEFT","GyscChSup60774","CDM","278","RC","C1713","HCPCS","","","facility","both","","","","6104.95","6104.95","","","","","","","","","","","","","Gross Charge Type: Main Acute Price List"
"PLATE, DISTAL RADIUS 2 COLUMN VOLAR WIDE 4 HOLE RT","PacuChSup119029","CDM","278","RC","C1713","HCPCS","","","facility","both","","","","5261.03","5261.03","","","","","","","","","","","","","Gross Charge Type: Main Acute Price List"
"PLATE, DISTAL RADIUS NARROW 2.4MM VA VOLAR","PacuChSup48865","CDM","278","RC","C1713","HCPCS","","","facility","both","","","","4609.64","4609.64","","","","","","","","","","","","","Gross Charge Type: Main Acute Price List"
"PLATE, DISTAL RADIUS RIGHT VA 2.4","CcthChSup53438","CDM","278","RC","C1713","HCPCS","","","facility","both","","","","4496","4496","","","","","","","","","","","","","Gross Charge Type: Main Acute Price List"
"PLATE, DISTAL RADIUS VA LCP 6-HOLE HEAD 2-HOLE SHAFT LT 2.4X45MM STRL","CspuChSup115422","CDM","278","RC","C1713","HCPCS","","","facility","both","","","","4585.27","4585.27","","","","","","","","","","","","","Gross Charge Type: Main Acute Price List"
"PLATE, DISTAL RADIUS VA LCP 6H HEAD 7H SHAFT LT STRL","CcthChSup113619","CDM","278","RC","C1713","HCPCS","","","facility","both","","","","9257.86","9257.86","","","","","","","","","","","","","Gross Charge Type: Main Acute Price List"
"PLATE, DISTAL RADIUS VA LCP 7-HOLE HEAD 2-HOLE SHAFT LEFT","CcthChSup117897","CDM","278","RC","C1713","HCPCS","","","facility","both","","","","4334.4","4334.4","","","","","","","","","","","","","Gross Charge Type: Main Acute Price List"
"PLATE, DISTAL RADIUS VA LCP 7-HOLE HEAD 2-HOLE SHAFT LEFT","ScpuWmSup117897","CDM","278","RC","C1713","HCPCS","","","facility","both","","","","4334.4","4334.4","","","","","","","","","","","","","Gross Charge Type: Main Acute Price List"
"PLATE, DISTAL TIBIA  4-HOLE","OperWmSup113667","CDM","278","RC","C1713","HCPCS","","","facility","both","","","","10793.59","10793.59","","","","","","","","","","","","","Gross Charge Type: Main Acute Price List"
"PLATE, DISTAL TIBIA ANT-LAT 10-HOLE LT","PacuWmSup118731","CDM","278","RC","C1713","HCPCS","","","facility","both","","","","11583.9","11583.9","","","","","","","","","","","","","Gross Charge Type: Main Acute Price List"
"PLATE, DISTAL TIBIA ANT-LAT 16-HOLE LT","GastChSup118730","CDM","278","RC","C1713","HCPCS","","","facility","both","","","","12163.1","12163.1","","","","","","","","","","","","","Gross Charge Type: Main Acute Price List"
"PLATE, DISTAL TIBIA ANTERO-LATERAL 6 HOLE LEFT STRL","DelrChSup115384","CDM","278","RC","C1713","HCPCS","","","facility","both","","","","11081.41","11081.41","","","","","","","","","","","","","Gross Charge Type: Main Acute Price List"
"PLATE, DISTAL TIBIA ANTERO-LATERAL 6 HOLE LEFT STRL","GyscChSup115384","CDM","278","RC","C1713","HCPCS","","","facility","both","","","","11081.41","11081.41","","","","","","","","","","","","","Gross Charge Type: Main Acute Price List"
"PLATE, DISTAL TIBIA ANTERO-LATERAL 6 HOLE LEFT STRL","ScanWmSup115384","CDM","278","RC","C1713","HCPCS","","","facility","both","","","","11081.41","11081.41","","","","","","","","","","","","","Gross Charge Type: Main Acute Price List"
"PLATE, DISTAL TIBIA ANTERO-LATERAL 6-HOLE RT STRL","GyscChSup112411","CDM","278","RC","C1713","HCPCS","","","facility","both","","","","11790.11","11790.11","","","","","","","","","","","","","Gross Charge Type: Main Acute Price List"
"PLATE, DISTAL TIBIA MEDIAL 6-HOLE RT","GyscChSup118732","CDM","278","RC","C1713","HCPCS","","","facility","both","","","","11004.71","11004.71","","","","","","","","","","","","","Gross Charge Type: Main Acute Price List"
"PLATE, DISTAL TIBIA POSTERIOR 3-HOLE","GyscChSup113933","CDM","278","RC","C1713","HCPCS","","","facility","both","","","","5416.58","5416.58","","","","","","","","","","","","","Gross Charge Type: Main Acute Price List"
"PLATE, DISTAL TIBIA POSTERIOR 3-HOLE","PacuWmSup113933","CDM","278","RC","C1713","HCPCS","","","facility","both","","","","5416.58","5416.58","","","","","","","","","","","","","Gross Charge Type: Main Acute Price List"
"PLATE, DISTAL VOLAR RIGHT","GastChSup27419","CDM","278","RC","","","","","facility","both","","","","6510.85","6510.85","","","","","","","","","","","","","Gross Charge Type: Main Acute Price List"
"PLATE, DISTAL VOLAR SHORT LEFT","CcthChSup49349","CDM","278","RC","C1713","HCPCS","","","facility","both","","","","2953.03","2953.03","","","","","","","","","","","","","Gross Charge Type: Main Acute Price List"
"PLATE, DORSAL ULNAR 3-HOLE","AngiChSup76416","CDM","278","RC","C1713","HCPCS","","","facility","both","","","","6128.94","6128.94","","","","","","","","","","","","","Gross Charge Type: Main Acute Price List"
"PLATE, DORSAL ULNAR 3-HOLE","DelrChSup76416","CDM","278","RC","C1713","HCPCS","","","facility","both","","","","6128.94","6128.94","","","","","","","","","","","","","Gross Charge Type: Main Acute Price List"
"PLATE, DOUBLE Y 1.5 6 HOLE REGULAR","DelrChSup106568","CDM","278","RC","C1713","HCPCS","","","facility","both","","","","643.23","643.23","","","","","","","","","","","","","Gross Charge Type: Main Acute Price List"
"PLATE, DVR ANATOMIC NARROW SHORT RT","OperChSup41754","CDM","278","RC","","","","","facility","both","","","","6510.85","6510.85","","","","","","","","","","","","","Gross Charge Type: Main Acute Price List"
"PLATE, DVR ANATOMIC NARROW SHORT RT","ScanWmSup41754","CDM","278","RC","","","","","facility","both","","","","6510.85","6510.85","","","","","","","","","","","","","Gross Charge Type: Main Acute Price List"
"PLATE, EAGLE + ACP 2-LEVEL 34MM","GastChSup36296","CDM","278","RC","","","","","facility","both","","","","6371.14","6371.14","","","","","","","","","","","","","Gross Charge Type: Main Acute Price List"
"PLATE, EAGLE + ACP 2-LEVEL 34MM","ScanWmSup36296","CDM","278","RC","","","","","facility","both","","","","6371.14","6371.14","","","","","","","","","","","","","Gross Charge Type: Main Acute Price List"
"PLATE, EIT ALIF H 14MM 10 DEGREE L","OperChSup112359","CDM","278","RC","C1713","HCPCS","","","facility","both","","","","20271.82","20271.82","","","","","","","","","","","","","Gross Charge Type: Main Acute Price List"
"PLATE, EPS  POSTEROLATERAL  STD LEFT","GastWmSup64033","CDM","278","RC","C1713","HCPCS","","","facility","both","","","","7428.65","7428.65","","","","","","","","","","","","","Gross Charge Type: Main Acute Price List"
"PLATE, EPS ORTHOLOC LATERAL RT","CspuChSup62838","CDM","278","RC","C1713","HCPCS","","","facility","both","","","","10106.95","10106.95","","","","","","","","","","","","","Gross Charge Type: Main Acute Price List"
"PLATE, EPS ORTHOLOC LATERAL RT","EplbChSup62838","CDM","278","RC","C1713","HCPCS","","","facility","both","","","","10106.95","10106.95","","","","","","","","","","","","","Gross Charge Type: Main Acute Price List"
"PLATE, EPS ORTHOLOC LATERAL RT","PacuWmSup62838","CDM","278","RC","C1713","HCPCS","","","facility","both","","","","10106.95","10106.95","","","","","","","","","","","","","Gross Charge Type: Main Acute Price List"
"PLATE, EVOS FLEX 2.7MM 6 HOLE","PacuChSup106651","CDM","278","RC","C1713","HCPCS","","","facility","both","","","","3745.63","3745.63","","","","","","","","","","","","","Gross Charge Type: Main Acute Price List"
"PLATE, EXTRA ARTICULAR DISTAL HUMERUS L 3.5MM 232MM 10 HOLES","ScorWmSup121816","CDM","278","RC","C1713","HCPCS","","","facility","both","","","","12378.41","12378.41","","","","","","","","","","","","","Gross Charge Type: Main Acute Price List"
"PLATE, FEMORAL NECK SYSTEM 1 HOLE STRL","AngiChSup106590","CDM","278","RC","C1713","HCPCS","","","facility","both","","","","4161.5","4161.5","","","","","","","","","","","","","Gross Charge Type: Main Acute Price List"
"PLATE, FEMORAL NECK SYSTEM 2 HOLE STRL","ScorWmSup106688","CDM","278","RC","C1713","HCPCS","","","facility","both","","","","4687.26","4687.26","","","","","","","","","","","","","Gross Charge Type: Main Acute Price List"
"PLATE, FEMUR DISTAL LAT 10-HOLE 238MM","PacuChSup114839","CDM","278","RC","C1713","HCPCS","","","facility","both","","","","11648.65","11648.65","","","","","","","","","","","","","Gross Charge Type: Main Acute Price List"
"PLATE, FEMUR DISTAL LATERAL 20-HOLE LT 415MM","DelrChSup107358","CDM","278","RC","C1713","HCPCS","","","facility","both","","","","13995.9","13995.9","","","","","","","","","","","","","Gross Charge Type: Main Acute Price List"
"PLATE, FIBULA ANATOMIC OFFSET LATERAL SZ 77MM RT","CspuChSup119899","CDM","278","RC","C1776","HCPCS","","","facility","both","","","","7610.62","7610.62","","","","","","","","","","","","","Gross Charge Type: Main Acute Price List"
"PLATE, FIBULA ANATOMIC OFFSET LEFT","OperWmSup117304","CDM","278","RC","C1713","HCPCS","","","facility","both","","","","8617.47","8617.47","","","","","","","","","","","","","Gross Charge Type: Main Acute Price List"
"PLATE, FIBULA ANATOMIC OFFSET LEFT","ScanWmSup117304","CDM","278","RC","C1713","HCPCS","","","facility","both","","","","8617.47","8617.47","","","","","","","","","","","","","Gross Charge Type: Main Acute Price List"
"PLATE, FIBULA ANATOMIC OFFSET RT","AngiChSup114014","CDM","278","RC","C1713","HCPCS","","","facility","both","","","","8099.49","8099.49","","","","","","","","","","","","","Gross Charge Type: Main Acute Price List"
"PLATE, FIBULA DISTAL 3-HOLE","ScorChSup40347","CDM","278","RC","C1713","HCPCS","","","facility","both","","","","2856.59","2856.59","","","","","","","","","","","","","Gross Charge Type: Main Acute Price List"
"PLATE, FIBULA DISTAL LAT 2.7/3.5MM 5 HOLE RIGHT STRL","ScorWmSup121896","CDM","278","RC","C1713","HCPCS","","","facility","both","","","","3604.3","3604.3","","","","","","","","","","","","","Gross Charge Type: Main Acute Price List"
"PLATE, FIBULA DISTAL LAT 2.7/3.5MM 6 HOLE LEFT STRL","ScpuWmSup113990","CDM","278","RC","C1713","HCPCS","","","facility","both","","","","3233.62","3233.62","","","","","","","","","","","","","Gross Charge Type: Main Acute Price List"
"PLATE, FIBULA DISTAL LAT 2.7/3.5MM 7 HOLE,RIGHT","OperWmSup43738","CDM","278","RC","C1713","HCPCS","","","facility","both","","","","3031.22","3031.22","","","","","","","","","","","","","Gross Charge Type: Main Acute Price List"
"PLATE, FIBULA DISTAL LAT VA-LCP 2.7MM 4-HOLE LT","GastWmSup61013","CDM","278","RC","C1713","HCPCS","","","facility","both","","","","4519.63","4519.63","","","","","","","","","","","","","Gross Charge Type: Main Acute Price List"
"PLATE, FIBULA DISTAL LATERAL 12-HOLE","GyscChSup120156","CDM","278","RC","C1713","HCPCS","","","facility","both","","","","5108.89","5108.89","","","","","","","","","","","","","Gross Charge Type: Main Acute Price List"
"PLATE, FIBULA DISTAL LATERAL 12-HOLE","ScpuWmSup120156","CDM","278","RC","C1713","HCPCS","","","facility","both","","","","5108.89","5108.89","","","","","","","","","","","","","Gross Charge Type: Main Acute Price List"
"PLATE, FIBULA DISTAL LATERAL 4-HOLE","OperWmSup46253","CDM","278","RC","C1713","HCPCS","","","facility","both","","","","4007.03","4007.03","","","","","","","","","","","","","Gross Charge Type: Main Acute Price List"
"PLATE, FIBULA DISTAL LATERAL 5-HOLE","ScpuWmSup46254","CDM","278","RC","C1713","HCPCS","","","facility","both","","","","4007.03","4007.03","","","","","","","","","","","","","Gross Charge Type: Main Acute Price List"
"PLATE, FIBULA DISTAL LATERAL 6-HOLE","AngiWmSup46255","CDM","278","RC","C1713","HCPCS","","","facility","both","","","","4160.78","4160.78","","","","","","","","","","","","","Gross Charge Type: Main Acute Price List"
"PLATE, FIBULA DISTAL LATERAL 6-HOLE","OperWmSup46255","CDM","278","RC","C1713","HCPCS","","","facility","both","","","","4160.78","4160.78","","","","","","","","","","","","","Gross Charge Type: Main Acute Price List"
"PLATE, FIBULA DISTAL LATERAL 6-HOLE","PacuWmSup46255","CDM","278","RC","C1713","HCPCS","","","facility","both","","","","4160.78","4160.78","","","","","","","","","","","","","Gross Charge Type: Main Acute Price List"
"PLATE, FIBULA DISTAL LATERAL 6-HOLE","ScpuWmSup46255","CDM","278","RC","C1713","HCPCS","","","facility","both","","","","4160.78","4160.78","","","","","","","","","","","","","Gross Charge Type: Main Acute Price List"
"PLATE, FIBULA DISTAL LATERAL 7-HOLE","OPERCLSUP46256","CDM","278","RC","C1713","HCPCS","","","facility","both","","","","4516.32","4516.32","","","","","","","","","","","","","Gross Charge Type: Main Acute Price List"
"PLATE, FIBULA DISTAL LATERAL 7-HOLE","ScpuWmSup46256","CDM","278","RC","C1713","HCPCS","","","facility","both","","","","4516.32","4516.32","","","","","","","","","","","","","Gross Charge Type: Main Acute Price List"
"PLATE, FIBULA DISTAL LOCKING  5-HOLE RT","ScorWmSup112662","CDM","278","RC","C1713","HCPCS","","","facility","both","","","","4672.47","4672.47","","","","","","","","","","","","","Gross Charge Type: Main Acute Price List"
"PLATE, FIBULA DISTAL LOCKING 10-HOLE LT","ScorChSup10180537","CDM","278","RC","C1713","HCPCS","","","facility","both","","","","6207.41","6207.41","","","","","","","","","","","","","Gross Charge Type: Main Acute Price List"
"PLATE, FIBULA DISTAL LOCKING 6-HOLE RT","CspuChSup118149","CDM","278","RC","C1713","HCPCS","","","facility","both","","","","5172.95","5172.95","","","","","","","","","","","","","Gross Charge Type: Main Acute Price List"
"PLATE, FIBULA DISTAL LOCKING SS LT 4-HOLE","AngiWmSup49634","CDM","278","RC","C1713","HCPCS","","","facility","both","","","","3452.29","3452.29","","","","","","","","","","","","","Gross Charge Type: Main Acute Price List"
"PLATE, FIBULA DISTSAL LOCKING 5-HOLE LT","CspuChSup113427","CDM","278","RC","C1713","HCPCS","","","facility","both","","","","4393.48","4393.48","","","","","","","","","","","","","Gross Charge Type: Main Acute Price List"
"PLATE, FIBULA DISTSAL LOCKING 5-HOLE LT","ScpuWmSup113427","CDM","278","RC","C1713","HCPCS","","","facility","both","","","","4393.48","4393.48","","","","","","","","","","","","","Gross Charge Type: Main Acute Price List"
"PLATE, FIBULA FRACTURE 5-HOLE RIGHT","PacuWmSup73696","CDM","278","RC","C1713","HCPCS","","","facility","both","","","","9807.51","9807.51","","","","","","","","","","","","","Gross Charge Type: Main Acute Price List"
"PLATE, FIBULA LCP LATERAL DISTAL VAR ANG 2.7MM 3-HOLE RT STRL","AngiWmSup109372","CDM","278","RC","C1713","HCPCS","","","facility","both","","","","4747.43","4747.43","","","","","","","","","","","","","Gross Charge Type: Main Acute Price List"
"PLATE, FIBULA LCP LATERAL DISTAL VAR ANG 2.7MM 4-HOLE LEFT STRL","ScpuChSup78281","CDM","278","RC","C1713","HCPCS","","","facility","both","","","","3998.47","3998.47","","","","","","","","","","","","","Gross Charge Type: Main Acute Price List"
"PLATE, FIBULA LCP LATERAL DISTAL VAR ANG 2.7MM 5-HOLE RT STRL","PacuChSup106701","CDM","278","RC","C1713","HCPCS","","","facility","both","","","","5540.45","5540.45","","","","","","","","","","","","","Gross Charge Type: Main Acute Price List"
"PLATE, FIBULA LCP LATERAL DISTAL VAR ANG 2.7MM 5-HOLE RT STRL","ScpuWmSup106701","CDM","278","RC","C1713","HCPCS","","","facility","both","","","","5540.45","5540.45","","","","","","","","","","","","","Gross Charge Type: Main Acute Price List"
"PLATE, FIBULA LCP LATERAL DISTAL VAR ANG 2.7MM 6-HOLE LT","GyscChSup114868","CDM","278","RC","C1713","HCPCS","","","facility","both","","","","5144.72","5144.72","","","","","","","","","","","","","Gross Charge Type: Main Acute Price List"
"PLATE, FIBULA POSTLAT DISTAL 3-HOLE LEFT 77MM","ScorChSup42672","CDM","278","RC","C1713","HCPCS","","","facility","both","","","","3146.09","3146.09","","","","","","","","","","","","","Gross Charge Type: Main Acute Price List"
"PLATE, FIBULA POSTLAT DISTAL 4-HOLE LEFT 90MM","CspuChSup42674","CDM","278","RC","C1713","HCPCS","","","facility","both","","","","3005.16","3005.16","","","","","","","","","","","","","Gross Charge Type: Main Acute Price List"
"PLATE, FIBULA POSTLAT DISTAL 4-HOLE RIGHT 90MM","EplbChSup42673","CDM","278","RC","C1713","HCPCS","","","facility","both","","","","3005.16","3005.16","","","","","","","","","","","","","Gross Charge Type: Main Acute Price List"
"PLATE, FIBULA POSTLAT DISTAL 4-HOLE RIGHT 90MM","ScorWmSup42673","CDM","278","RC","C1713","HCPCS","","","facility","both","","","","3005.16","3005.16","","","","","","","","","","","","","Gross Charge Type: Main Acute Price List"
"PLATE, FIBULA VARIAX STRAIGHT 6 HOLE","OperChSup59065","CDM","278","RC","C1713","HCPCS","","","facility","both","","","","2572.09","2572.09","","","","","","","","","","","","","Gross Charge Type: Main Acute Price List"
"PLATE, FIBULA VARIAX STRAIGHT 6 HOLE","ScpuChSup59065","CDM","278","RC","C1713","HCPCS","","","facility","both","","","","2572.09","2572.09","","","","","","","","","","","","","Gross Charge Type: Main Acute Price List"
"PLATE, FLEX FIBULA 12-HOLE","ScpuWmSup118733","CDM","278","RC","C1713","HCPCS","","","facility","both","","","","5502.35","5502.35","","","","","","","","","","","","","Gross Charge Type: Main Acute Price List"
"PLATE, FOOT MAXFRAME ALUMINUM 180MM","GastWmSup72550","CDM","278","RC","C1713","HCPCS","","","facility","both","","","","9880.1","9880.1","","","","","","","","","","","","","Gross Charge Type: Main Acute Price List"
"PLATE, FOOT MAXFRAME ALUMINUM 210MM","GastWmSup107975","CDM","278","RC","C1713","HCPCS","","","facility","both","","","","10452.26","10452.26","","","","","","","","","","","","","Gross Charge Type: Main Acute Price List"
"PLATE, FOREARM CURVED 10-HOLE RT","ScanChSup117680","CDM","278","RC","C1713","HCPCS","","","facility","both","","","","9208.81","9208.81","","","","","","","","","","","","","Gross Charge Type: Main Acute Price List"
"PLATE, FOREARM CURVED 6-HOLE","OperWmSup113736","CDM","278","RC","C1713","HCPCS","","","facility","both","","","","7500.58","7500.58","","","","","","","","","","","","","Gross Charge Type: Main Acute Price List"
"PLATE, FOREARM CURVED 6-HOLE","ScorChSup113736","CDM","278","RC","C1713","HCPCS","","","facility","both","","","","7500.58","7500.58","","","","","","","","","","","","","Gross Charge Type: Main Acute Price List"
"PLATE, FOREARM CURVED 6-HOLE","ScorWmSup113736","CDM","278","RC","C1713","HCPCS","","","facility","both","","","","7500.58","7500.58","","","","","","","","","","","","","Gross Charge Type: Main Acute Price List"
"PLATE, FOREARM CURVED 8-HOLE RT","GastWmSup112128","CDM","278","RC","C1713","HCPCS","","","facility","both","","","","7976.87","7976.87","","","","","","","","","","","","","Gross Charge Type: Main Acute Price List"
"PLATE, FOREARM STRAIGHT 10-HOLE","CspuChSup107894","CDM","278","RC","C1713","HCPCS","","","facility","both","","","","9208.81","9208.81","","","","","","","","","","","","","Gross Charge Type: Main Acute Price List"
"PLATE, FOREARM STRAIGHT 10-HOLE","ScpuWmSup107894","CDM","278","RC","C1713","HCPCS","","","facility","both","","","","9208.81","9208.81","","","","","","","","","","","","","Gross Charge Type: Main Acute Price List"
"PLATE, FOREARM STRAIGHT 8-HOLE","GyscChSup109371","CDM","278","RC","C1713","HCPCS","","","facility","both","","","","7976.87","7976.87","","","","","","","","","","","","","Gross Charge Type: Main Acute Price List"
"PLATE, FRACTURE 14-HOLE 108422","ScanWmSup108422","CDM","278","RC","C1713","HCPCS","","","facility","both","","","","7714.88","7714.88","","","","","","","","","","","","","Gross Charge Type: Main Acute Price List"
"PLATE, FRACTURE C-SHAPED 4-HOLE","ScpuWmSup25392","CDM","278","RC","","","","","facility","both","","","","1768.41","1768.41","","","","","","","","","","","","","Gross Charge Type: Main Acute Price List"
"PLATE, FUSION MTP MEDIUM 10 DEGREE RT","AnesWmSup115819","CDM","278","RC","C1713","HCPCS","","","facility","both","","","","11087.53","11087.53","","","","","","","","","","","","","Gross Charge Type: Main Acute Price List"
"PLATE, FUSION MTP MEDIUM 10 DEGREE RT","PacuWmSup115819","CDM","278","RC","C1713","HCPCS","","","facility","both","","","","11087.53","11087.53","","","","","","","","","","","","","Gross Charge Type: Main Acute Price List"
"PLATE, FUSION MTP RIGHT MEDIUM 0 DEGREE","OperWmSup115124","CDM","278","RC","C1713","HCPCS","","","facility","both","","","","10421.07","10421.07","","","","","","","","","","","","","Gross Charge Type: Main Acute Price List"
"PLATE, FUSION N/C SMALL","PacuWmSup78950","CDM","278","RC","C1713","HCPCS","","","facility","both","","","","11433.31","11433.31","","","","","","","","","","","","","Gross Charge Type: Main Acute Price List"
"PLATE, FUSION ORTHOLOC DI SZ SMALL ANGLE 0","OperWmSup120408","CDM","278","RC","C1713","HCPCS","","","facility","both","","","","11004.71","11004.71","","","","","","","","","","","","","Gross Charge Type: Main Acute Price List"
"PLATE, GAP 1.0MM 7-HOLE","ScanChSup79630","CDM","278","RC","C1713","HCPCS","","","facility","both","","","","585.18","585.18","","","","","","","","","","","","","Gross Charge Type: Main Acute Price List"
"PLATE, GEMINUS VOLAR DISTAL RADIUS WIDE 4-HOLE LEFT","GastWmSup119795","CDM","278","RC","C1713","HCPCS","","","facility","both","","","","4280.25","4280.25","","","","","","","","","","","","","Gross Charge Type: Main Acute Price List"
"PLATE, GENIOPLASTY 6MM","OperChSup111858","CDM","278","RC","C1713","HCPCS","","","facility","both","","","","1706.83","1706.83","","","","","","","","","","","","","Gross Charge Type: Main Acute Price List"
"PLATE, GRAFT CONTAINMENT MLX 8MM","DelrChSup71173","CDM","278","RC","C1713","HCPCS","","","facility","both","","","","3079.87","3079.87","","","","","","","","","","","","","Gross Charge Type: Main Acute Price List"
"PLATE, H 3.5/4.0MM-20MM","ScpuWmSup106865","CDM","278","RC","C1713","HCPCS","","","facility","both","","","","9045.29","9045.29","","","","","","","","","","","","","Gross Charge Type: Main Acute Price List"
"PLATE, HANDLE SUTURE","GastWmSup118345","CDM","278","RC","C1713","HCPCS","","","facility","both","","","","1163.32","1163.32","","","","","","","","","","","","","Gross Charge Type: Main Acute Price List"
"PLATE, HARROW LOCKING 10-HOLE 2.4X69MM","PacuChSup117790","CDM","278","RC","C1713","HCPCS","","","facility","both","","","","4415.3","4415.3","","","","","","","","","","","","","Gross Charge Type: Main Acute Price List"
"PLATE, HELIX T 64MM 3 LEVEL","ScorChSup119642","CDM","278","RC","C1713","HCPCS","","","facility","both","","","","5039","5039","","","","","","","","","","","","","Gross Charge Type: Main Acute Price List"
"PLATE, HELIX T 70MM 4 LEVEL","DelrChSup114645","CDM","278","RC","C1713","HCPCS","","","facility","both","","","","12406.86","12406.86","","","","","","","","","","","","","Gross Charge Type: Main Acute Price List"
"PLATE, HELIX-T 68MM 3 LEVEL","AngiWmSup115762","CDM","278","RC","C1713","HCPCS","","","facility","both","","","","5039","5039","","","","","","","","","","","","","Gross Charge Type: Main Acute Price List"
"PLATE, HELIX-T 68MM 3 LEVEL","GyscChSup115762","CDM","278","RC","C1713","HCPCS","","","facility","both","","","","5039","5039","","","","","","","","","","","","","Gross Charge Type: Main Acute Price List"
"PLATE, HELIX-T LEVEL 1 22MM","AnesChSup113689","CDM","278","RC","C1713","HCPCS","","","facility","both","","","","4311.82","4311.82","","","","","","","","","","","","","Gross Charge Type: Main Acute Price List"
"PLATE, HEMI RECON RIGHT 2.4MM","AngiWmSup107173","CDM","278","RC","C1713","HCPCS","","","facility","both","","","","24560.82","24560.82","","","","","","","","","","","","","Gross Charge Type: Main Acute Price List"
"PLATE, HEMI RECON RIGHT 2.4MM","OperChSup107173","CDM","278","RC","C1713","HCPCS","","","facility","both","","","","24560.82","24560.82","","","","","","","","","","","","","Gross Charge Type: Main Acute Price List"
"PLATE, HEMI RECON RIGHT 2.4MM","ScorWmSup107173","CDM","278","RC","C1713","HCPCS","","","facility","both","","","","24560.82","24560.82","","","","","","","","","","","","","Gross Charge Type: Main Acute Price List"
"PLATE, HOOK 5TH METATARSAL LEFT LONG","OperChSup77642","CDM","278","RC","C1713","HCPCS","","","facility","both","","","","8000.13","8000.13","","","","","","","","","","","","","Gross Charge Type: Main Acute Price List"
"PLATE, HOOK 5TH METATARSAL LEFT LONG","OperWmSup77642","CDM","278","RC","C1713","HCPCS","","","facility","both","","","","8000.13","8000.13","","","","","","","","","","","","","Gross Charge Type: Main Acute Price List"
"PLATE, HOOK 5TH METATARSAL LONG RT","OperWmSup112179","CDM","278","RC","C1713","HCPCS","","","facility","both","","","","8000.13","8000.13","","","","","","","","","","","","","Gross Charge Type: Main Acute Price List"
"PLATE, HOOK 5TH METATARSAL LONG RT","PacuChSup112179","CDM","278","RC","C1713","HCPCS","","","facility","both","","","","8000.13","8000.13","","","","","","","","","","","","","Gross Charge Type: Main Acute Price List"
"PLATE, HOOK LRG LONG","PacuWmSup119343","CDM","278","RC","C1713","HCPCS","","","facility","both","","","","6892.42","6892.42","","","","","","","","","","","","","Gross Charge Type: Main Acute Price List"
"PLATE, HOOK SHORT LRG","PacuWmSup119304","CDM","278","RC","C1713","HCPCS","","","facility","both","","","","6232.14","6232.14","","","","","","","","","","","","","Gross Charge Type: Main Acute Price List"
"PLATE, HOOK SHORT LRG","ScorChSup119304","CDM","278","RC","C1713","HCPCS","","","facility","both","","","","6232.14","6232.14","","","","","","","","","","","","","Gross Charge Type: Main Acute Price List"
"PLATE, HOOK SMALL","AnesWmSup107136","CDM","278","RC","C1713","HCPCS","","","facility","both","","","","6831.15","6831.15","","","","","","","","","","","","","Gross Charge Type: Main Acute Price List"
"PLATE, HOOK SMALL","AngiChSup107136","CDM","278","RC","C1713","HCPCS","","","facility","both","","","","6831.15","6831.15","","","","","","","","","","","","","Gross Charge Type: Main Acute Price List"
"PLATE, HOOK SMALL","AngiWmSup107136","CDM","278","RC","C1713","HCPCS","","","facility","both","","","","6831.15","6831.15","","","","","","","","","","","","","Gross Charge Type: Main Acute Price List"
"PLATE, HOOK SMALL","GastWmSup107136","CDM","278","RC","C1713","HCPCS","","","facility","both","","","","6831.15","6831.15","","","","","","","","","","","","","Gross Charge Type: Main Acute Price List"
"PLATE, HOOK SMALL","GyscChSup107136","CDM","278","RC","C1713","HCPCS","","","facility","both","","","","6831.15","6831.15","","","","","","","","","","","","","Gross Charge Type: Main Acute Price List"
"PLATE, HUMERAL LATERAL DISTAL VA LCP 2.7/.5MM VA LCP R 7 HOLE","ScorWmSup121003","CDM","278","RC","C1713","HCPCS","","","facility","both","","","","7251.82","7251.82","","","","","","","","","","","","","Gross Charge Type: Main Acute Price List"
"PLATE, HUMERAL PROX PERIARTICULAR 3.5MM","CcthChSup40536","CDM","278","RC","C1713","HCPCS","","","facility","both","","","","12176.32","12176.32","","","","","","","","","","","","","Gross Charge Type: Main Acute Price List"
"PLATE, HUMERAL PROX PERIARTICULAR 3.5MM","ScanChSup40536","CDM","278","RC","C1713","HCPCS","","","facility","both","","","","12176.32","12176.32","","","","","","","","","","","","","Gross Charge Type: Main Acute Price List"
"PLATE, HUMERAL PROXIMAL 3.5X114MM","GyscChSup25635","CDM","278","RC","C1713","HCPCS","","","facility","both","","","","10287.38","10287.38","","","","","","","","","","","","","Gross Charge Type: Main Acute Price List"
"PLATE, HUMERUS DIS EX-ARTICU 3.5MM 10-HOLE LT","EplbChSup45888","CDM","278","RC","C1713","HCPCS","","","facility","both","","","","9346.3","9346.3","","","","","","","","","","","","","Gross Charge Type: Main Acute Price List"
"PLATE, HUMERUS DIS EX-ARTICU 3.5MM 10-HOLE LT","GastChSup45888","CDM","278","RC","C1713","HCPCS","","","facility","both","","","","9346.3","9346.3","","","","","","","","","","","","","Gross Charge Type: Main Acute Price List"
"PLATE, HUMERUS DISTAL EXTRA-ARTICULAR 3.5MM 6 HOLE RT STRL","DelrChSup110530","CDM","278","RC","C1713","HCPCS","","","facility","both","","","","9151.51","9151.51","","","","","","","","","","","","","Gross Charge Type: Main Acute Price List"
"PLATE, HUMERUS DISTAL EXTRA-ARTICULAR 3.5MM 8-HOLE STRL","ScanWmSup78143","CDM","278","RC","C1713","HCPCS","","","facility","both","","","","10326","10326","","","","","","","","","","","","","Gross Charge Type: Main Acute Price List"
"PLATE, HUMERUS DISTAL EXTRA-ARTICULAR 3.5MM 8-HOLE","Chrs3139292","CDM","278","RC","C1713","HCPCS","","","facility","both","","","","8831.28","8831.28","","","","","","","","","","","","","Gross Charge Type: Main Acute Price List"
"PLATE, HUMERUS DISTAL EXTRA-ARTICULAR 3.5MM 8-HOLE","ScanWmSup39292","CDM","278","RC","C1713","HCPCS","","","facility","both","","","","8831.28","8831.28","","","","","","","","","","","","","Gross Charge Type: Main Acute Price List"
"PLATE, HUMERUS DISTAL EXTRA-ARTICULER 3.5MM 6-HOLE LT STRL","ScorWmSup114415","CDM","278","RC","C1713","HCPCS","","","facility","both","","","","8601.43","8601.43","","","","","","","","","","","","","Gross Charge Type: Main Acute Price List"
"PLATE, HUMERUS DISTAL POSTLAT VA-LCP 4-HOLE LT 2.7/3.5X88MM STRL","CspuChSup107422","CDM","278","RC","C1713","HCPCS","","","facility","both","","","","7712.29","7712.29","","","","","","","","","","","","","Gross Charge Type: Main Acute Price List"
"PLATE, HUMERUS LATERAL DISTAL VA LCP 2-HOLE RT 2.7X3.5X82MM STRL","PacuChSup110839","CDM","278","RC","C1713","HCPCS","","","facility","both","","","","7712.29","7712.29","","","","","","","","","","","","","Gross Charge Type: Main Acute Price List"
"PLATE, HUMERUS LATERAL DISTAL VA LCP 5 HOLE LT 2.7/3.5X121MM STRL","AnesChSup79365","CDM","278","RC","C1713","HCPCS","","","facility","both","","","","7712.29","7712.29","","","","","","","","","","","","","Gross Charge Type: Main Acute Price List"
"PLATE, HUMERUS LCP PROX 91MM 2-HOLE","GastWmSup40369","CDM","278","RC","C1713","HCPCS","","","facility","both","","","","12176.32","12176.32","","","","","","","","","","","","","Gross Charge Type: Main Acute Price List"
"PLATE, HUMERUS MEDIAL DISTAL VA-LCP 4-HOLE 2.7X3.5X111MM STRL","PacuChSup79366","CDM","278","RC","C1713","HCPCS","","","facility","both","","","","7954.19","7954.19","","","","","","","","","","","","","Gross Charge Type: Main Acute Price List"
"PLATE, HUMERUS MEDIAL DISTAL VA-LCP EXTENDED 2-HOLE RT 2.7/3.5MM","GastChSup106575","CDM","278","RC","C1713","HCPCS","","","facility","both","","","","6062.23","6062.23","","","","","","","","","","","","","Gross Charge Type: Main Acute Price List"
"PLATE, HUMERUS MEDIAL DISTAL VA-LCP EXTENDED 2-HOLE RT 2.7/3.5MM","PacuChSup106575","CDM","278","RC","C1713","HCPCS","","","facility","both","","","","6062.23","6062.23","","","","","","","","","","","","","Gross Charge Type: Main Acute Price List"
"PLATE, HUMERUS MEDIAL DISTAL VA-LCP EXTENDED 2-HOLE RT 2.7/3.5MM","ScorWmSup106575","CDM","278","RC","C1713","HCPCS","","","facility","both","","","","6062.23","6062.23","","","","","","","","","","","","","Gross Charge Type: Main Acute Price List"
"PLATE, HUMERUS PROXIMAL 3 HOLE","Chrs5453479","CDM","278","RC","C1713","HCPCS","","","facility","both","","","","10561.21","10561.21","","","","","","","","","","","","","Gross Charge Type: Main Acute Price List"
"PLATE, HUMERUS PROXIMAL 3- HOLE LEFT","PacuWmSup65327","CDM","278","RC","C1713","HCPCS","","","facility","both","","","","10032.35","10032.35","","","","","","","","","","","","","Gross Charge Type: Main Acute Price List"
"PLATE, HUMERUS PROXIMAL LCP 3.5X268MM 12HOLE STRL","PacuWmSup73946","CDM","278","RC","C1713","HCPCS","","","facility","both","","","","12365.92","12365.92","","","","","","","","","","","","","Gross Charge Type: Main Acute Price List"
"PLATE, HUMERUS VARIAX DISTAL MEDIAL 3-HOLE","ScanChSup110326","CDM","278","RC","C1713","HCPCS","","","facility","both","","","","5535.71","5535.71","","","","","","","","","","","","","Gross Charge Type: Main Acute Price List"
"PLATE, HUMERUS VARIAX DISTAL POST LAT 14-HOLE","OperChSup57985","CDM","278","RC","C1713","HCPCS","","","facility","both","","","","8279.92","8279.92","","","","","","","","","","","","","Gross Charge Type: Main Acute Price List"
"PLATE, HUMERUS VARIAX DISTAL POST LAT 14-HOLE","ScpuWmSup57985","CDM","278","RC","C1713","HCPCS","","","facility","both","","","","8279.92","8279.92","","","","","","","","","","","","","Gross Charge Type: Main Acute Price List"
"PLATE, HYBRID SMALL MMF","GastWmSup58996","CDM","278","RC","C1713","HCPCS","","","facility","both","","","","1852.15","1852.15","","","","","","","","","","","","","Gross Charge Type: Main Acute Price List"
"PLATE, INFRAPECTINEAL PRO LARGE RIGHT","GastWmSup107989","CDM","278","RC","C1713","HCPCS","","","facility","both","","","","12193.5","12193.5","","","","","","","","","","","","","Gross Charge Type: Main Acute Price List"
"PLATE, INFRAPECTINEAL PRO SMALL RIGHT","ScorWmSup75077","CDM","278","RC","C1713","HCPCS","","","facility","both","","","","11085.79","11085.79","","","","","","","","","","","","","Gross Charge Type: Main Acute Price List"
"PLATE, INTRAPELVIC ACET SM RIGHT STANDARD 3.5MM","GastWmSup119215","CDM","278","RC","C1713","HCPCS","","","facility","both","","","","20010.96","20010.96","","","","","","","","","","","","","Gross Charge Type: Main Acute Price List"
"PLATE, L 100 DEGREE 5-HOLE LEFT 5MM","CcthChSup61519","CDM","278","RC","c1713","HCPCS","","","facility","both","","","","733.54","733.54","","","","","","","","","","","","","Gross Charge Type: Main Acute Price List"
"PLATE, L 100 DEGREE 5-HOLE LEFT 5MM","CspuChSup61519","CDM","278","RC","c1713","HCPCS","","","facility","both","","","","733.54","733.54","","","","","","","","","","","","","Gross Charge Type: Main Acute Price List"
"PLATE, L 12MM ADVMT 100D LEFT 6-HOLE","CcthChSup25150","CDM","278","RC","","","","","facility","both","","","","1161.92","1161.92","","","","","","","","","","","","","Gross Charge Type: Main Acute Price List"
"PLATE, L 12MM ADVMT 100D LEFT 6-HOLE","Wilm5425150","CDM","278","RC","","","","","facility","both","","","","1161.92","1161.92","","","","","","","","","","","","","Gross Charge Type: Main Acute Price List"
"PLATE, L 12MM ADVMT 100D RIGHT 6-HOLE","ScanWmSup25151","CDM","278","RC","","","","","facility","both","","","","2243.11","2243.11","","","","","","","","","","","","","Gross Charge Type: Main Acute Price List"
"PLATE, L 5-HOLE RIGHT 5MM","ScanWmSup32700","CDM","278","RC","","","","","facility","both","","","","733.54","733.54","","","","","","","","","","","","","Gross Charge Type: Main Acute Price List"
"PLATE, L 5MM ADVMT 100D LEFT 5-HOLE","EplbChSup25146","CDM","278","RC","","","","","facility","both","","","","2117.83","2117.83","","","","","","","","","","","","","Gross Charge Type: Main Acute Price List"
"PLATE, L 5MM ADVMT 100D RIGHT 5-HOLE","OperWmSup25147","CDM","278","RC","C1713","HCPCS","","","facility","both","","","","2117.83","2117.83","","","","","","","","","","","","","Gross Charge Type: Main Acute Price List"
"PLATE, L 5MM ADVMT 100D RIGHT 5-HOLE","ScpuChSup25147","CDM","278","RC","C1713","HCPCS","","","facility","both","","","","2117.83","2117.83","","","","","","","","","","","","","Gross Charge Type: Main Acute Price List"
"PLATE, L 8MM ADVMT 100D RIGHT 6-HOLE","Chrs5425149","CDM","278","RC","","","","","facility","both","","","","1135.97","1135.97","","","","","","","","","","","","","Gross Charge Type: Main Acute Price List"
"PLATE, L 8MM ADVMT 100D RIGHT 6-HOLE","EplbChSup25149","CDM","278","RC","","","","","facility","both","","","","1135.97","1135.97","","","","","","","","","","","","","Gross Charge Type: Main Acute Price List"
"PLATE, L RIGHT 1.0MM","PacuChSup111174","CDM","278","RC","C1713","HCPCS","","","facility","both","","","","3394.02","3394.02","","","","","","","","","","","","","Gross Charge Type: Main Acute Price List"
"PLATE, L RIGHT 1.0MM","ScpuWmSup111174","CDM","278","RC","C1713","HCPCS","","","facility","both","","","","3394.02","3394.02","","","","","","","","","","","","","Gross Charge Type: Main Acute Price List"
"PLATE, L-THICK 5X48RIGHT 1MM","AngiChSup111170","CDM","278","RC","C1713","HCPCS","","","facility","both","","","","3394.02","3394.02","","","","","","","","","","","","","Gross Charge Type: Main Acute Price List"
"PLATE, L-THICK 5X48RIGHT 1MM","GastChSup111170","CDM","278","RC","C1713","HCPCS","","","facility","both","","","","3394.02","3394.02","","","","","","","","","","","","","Gross Charge Type: Main Acute Price List"
"PLATE, LAPIDUS LP LONG","GastChSup65292","CDM","278","RC","C1713","HCPCS","","","facility","both","","","","5617.03","5617.03","","","","","","","","","","","","","Gross Charge Type: Main Acute Price List"
"PLATE, LAPIDUS","EplbChSup41879","CDM","278","RC","","","","","facility","both","","","","5973.72","5973.72","","","","","","","","","","","","","Gross Charge Type: Main Acute Price List"
"PLATE, LAPIDUS","ScpuChSup41879","CDM","278","RC","","","","","facility","both","","","","5973.72","5973.72","","","","","","","","","","","","","Gross Charge Type: Main Acute Price List"
"PLATE, LAPIPLASTY PLANTAR POWER","DelrChSup115811","CDM","278","RC","C1713","HCPCS","","","facility","both","","","","19084.48","19084.48","","","","","","","","","","","","","Gross Charge Type: Main Acute Price List"
"PLATE, LATERAL 3-HOLE","ScanWmSup75021","CDM","278","RC","C1713","HCPCS","","","facility","both","","","","4393.48","4393.48","","","","","","","","","","","","","Gross Charge Type: Main Acute Price List"
"PLATE, LATERAL DR LONG 56MM","OperChSup119104","CDM","278","RC","C1713","HCPCS","","","facility","both","","","","4511.93","4511.93","","","","","","","","","","","","","Gross Charge Type: Main Acute Price List"
"PLATE, LATERAL DR LONG 56MM","PacuChSup119104","CDM","278","RC","C1713","HCPCS","","","facility","both","","","","4511.93","4511.93","","","","","","","","","","","","","Gross Charge Type: Main Acute Price List"
"PLATE, LATERAL DR LONG 56MM","ScanChSup119104","CDM","278","RC","C1713","HCPCS","","","facility","both","","","","4511.93","4511.93","","","","","","","","","","","","","Gross Charge Type: Main Acute Price List"
"PLATE, LATERAL DR LONG 56MM","ScpuChSup119104","CDM","278","RC","C1713","HCPCS","","","facility","both","","","","4511.93","4511.93","","","","","","","","","","","","","Gross Charge Type: Main Acute Price List"
"PLATE, LATERAL FIBULA 125MM RT","DelrChSup115414","CDM","278","RC","C1713","HCPCS","","","facility","both","","","","7615.88","7615.88","","","","","","","","","","","","","Gross Charge Type: Main Acute Price List"
"PLATE, LATERAL FIBULA 125MM RT","OperChSup115414","CDM","278","RC","C1713","HCPCS","","","facility","both","","","","7615.88","7615.88","","","","","","","","","","","","","Gross Charge Type: Main Acute Price List"
"PLATE, LATERAL FIBULA 125MM RT","OperWmSup115414","CDM","278","RC","C1713","HCPCS","","","facility","both","","","","7615.88","7615.88","","","","","","","","","","","","","Gross Charge Type: Main Acute Price List"
"PLATE, LATERAL FIBULA 89MM","ScpuChSup118772","CDM","278","RC","C1713","HCPCS","","","facility","both","","","","7921.43","7921.43","","","","","","","","","","","","","Gross Charge Type: Main Acute Price List"
"PLATE, LATERAL FIBULA XSML RIGHT","AnesWmSup118809","CDM","278","RC","C1713","HCPCS","","","facility","both","","","","5647.15","5647.15","","","","","","","","","","","","","Gross Charge Type: Main Acute Price List"
"PLATE, LATERAL FIBULA XSML RIGHT","GastChSup118809","CDM","278","RC","C1713","HCPCS","","","facility","both","","","","5647.15","5647.15","","","","","","","","","","","","","Gross Charge Type: Main Acute Price List"
"PLATE, LATERAL FIBULA, MED, RIGHT","PacuChSup118826","CDM","278","RC","C1713","HCPCS","","","facility","both","","","","6005.75","6005.75","","","","","","","","","","","","","Gross Charge Type: Main Acute Price List"
"PLATE, LATERAL TTC 6 HOLE","ScorChSup121140","CDM","278","RC","C1713","HCPCS","","","facility","both","","","","15059.07","15059.07","","","","","","","","","","","","","Gross Charge Type: Main Acute Price List"
"PLATE, LCP 10 HOLE 3.5X137MM","AngiWmSup19611","CDM","278","RC","C1713","HCPCS","","","facility","both","","","","2082.79","2082.79","","","","","","","","","","","","","Gross Charge Type: Main Acute Price List"
"PLATE, LCP 10 HOLE 3.5X137MM","ScorWmSup19611","CDM","278","RC","C1713","HCPCS","","","facility","both","","","","2082.79","2082.79","","","","","","","","","","","","","Gross Charge Type: Main Acute Price List"
"PLATE, LCP 16-HOLE 2.7X148MM","PacuChSup112369","CDM","278","RC","C1713","HCPCS","","","facility","both","","","","3028.37","3028.37","","","","","","","","","","","","","Gross Charge Type: Main Acute Price List"
"PLATE, LCP 16-HOLE 2.7X148MM","ScorChSup112369","CDM","278","RC","C1713","HCPCS","","","facility","both","","","","3028.37","3028.37","","","","","","","","","","","","","Gross Charge Type: Main Acute Price List"
"PLATE, LCP 2.0X31MM 4-HOLE","PacuWmSup40232","CDM","278","RC","C1713","HCPCS","","","facility","both","","","","1460.77","1460.77","","","","","","","","","","","","","Gross Charge Type: Main Acute Price List"
"PLATE, LCP 2.4MM 6 HOLE","ScpuChSup49248","CDM","278","RC","C1713","HCPCS","","","facility","both","","","","2230.44","2230.44","","","","","","","","","","","","","Gross Charge Type: Main Acute Price List"
"PLATE, LCP 2.4MM 8 HOLE","GyscChSup49249","CDM","278","RC","C1713","HCPCS","","","facility","both","","","","2230.44","2230.44","","","","","","","","","","","","","Gross Charge Type: Main Acute Price List"
"PLATE, LCP BROAD 10-HOLE 4.5X188MM","CspuChSup26092","CDM","278","RC","","","","","facility","both","","","","3385.17","3385.17","","","","","","","","","","","","","Gross Charge Type: Main Acute Price List"
"PLATE, LCP BROAD 16-HOLE 296MM","CspuChSup75445","CDM","278","RC","C1713","HCPCS","","","facility","both","","","","5494.43","5494.43","","","","","","","","","","","","","Gross Charge Type: Main Acute Price List"
"PLATE, LCP BROAD CVD 13-HOLE 4.5X247MM","GastWmSup65496","CDM","278","RC","C1713","HCPCS","","","facility","both","","","","4049.79","4049.79","","","","","","","","","","","","","Gross Charge Type: Main Acute Price List"
"PLATE, LCP BROAD CVD 13-HOLE 4.5X247MM","ScanWmSup65496","CDM","278","RC","C1713","HCPCS","","","facility","both","","","","4049.79","4049.79","","","","","","","","","","","","","Gross Charge Type: Main Acute Price List"
"PLATE, LCP BROAD CVD 13-HOLE 4.5X247MM","ScorChSup65496","CDM","278","RC","C1713","HCPCS","","","facility","both","","","","4049.79","4049.79","","","","","","","","","","","","","Gross Charge Type: Main Acute Price List"
"PLATE, LCP DISTAL TIBIA ANTERO RT 3.5MM 7-HOLE","OperChSup40227","CDM","278","RC","C1713","HCPCS","","","facility","both","","","","8093.68","8093.68","","","","","","","","","","","","","Gross Charge Type: Main Acute Price List"
"PLATE, LCP FUSION CLOVERLEAF VA LCP LONG 2.4X2.7MM","CspuChSup53594","CDM","278","RC","C1713","HCPCS","","","facility","both","","","","5453.59","5453.59","","","","","","","","","","","","","Gross Charge Type: Main Acute Price List"
"PLATE, LCP HOOK 3-HOLE 3.5MM STERILE","OperWmSup66826","CDM","278","RC","C1713","HCPCS","","","facility","both","","","","3675.51","3675.51","","","","","","","","","","","","","Gross Charge Type: Main Acute Price List"
"PLATE, LCP HOOK 3-HOLE 3.5MM STERILE","Wilm3166826","CDM","278","RC","C1713","HCPCS","","","facility","both","","","","3675.51","3675.51","","","","","","","","","","","","","Gross Charge Type: Main Acute Price List"
"PLATE, LCP NARROW 10-HOLE 4.5X188MM","PacuChSup26088","CDM","278","RC","C1713","HCPCS","","","facility","both","","","","3110.06","3110.06","","","","","","","","","","","","","Gross Charge Type: Main Acute Price List"
"PLATE, LCP NARROW 11-HOLE 4.5MM","Chrs3132346","CDM","278","RC","C1713","HCPCS","","","facility","both","","","","3345.66","3345.66","","","","","","","","","","","","","Gross Charge Type: Main Acute Price List"
"PLATE, LCP NARROW 12-HOLE 4.5X224MM","ScanChSup33366","CDM","278","RC","C1713","HCPCS","","","facility","both","","","","3600.12","3600.12","","","","","","","","","","","","","Gross Charge Type: Main Acute Price List"
"PLATE, LCP NARROW 12-HOLE 4.5X224MM","Wilm5433366","CDM","278","RC","C1713","HCPCS","","","facility","both","","","","3600.12","3600.12","","","","","","","","","","","","","Gross Charge Type: Main Acute Price List"
"PLATE, LCP NARROW 6-HOLE 4.5X116MM","OperChSup26085","CDM","278","RC","","","","","facility","both","","","","2230.44","2230.44","","","","","","","","","","","","","Gross Charge Type: Main Acute Price List"
"PLATE, LCP NARROW 6-HOLE 4.5X116MM","ScanWmSup26085","CDM","278","RC","","","","","facility","both","","","","2230.44","2230.44","","","","","","","","","","","","","Gross Charge Type: Main Acute Price List"
"PLATE, LCP NARROW 7-HOLE","GyscChSup25253","CDM","278","RC","C1713","HCPCS","","","facility","both","","","","2431.06","2431.06","","","","","","","","","","","","","Gross Charge Type: Main Acute Price List"
"PLATE, LCP RADIAL DISTAL RT 6-HOLE 2.4MM","GastChSup41914","CDM","278","RC","C1713","HCPCS","","","facility","both","","","","4432.24","4432.24","","","","","","","","","","","","","Gross Charge Type: Main Acute Price List"
"PLATE, LCP RADIAL DISTAL RT 6-HOLE 2.4MM","OperChSup41914","CDM","278","RC","C1713","HCPCS","","","facility","both","","","","4432.24","4432.24","","","","","","","","","","","","","Gross Charge Type: Main Acute Price List"
"PLATE, LCP RADIAL HEAD NECK 2-HOLE","OperWmSup115298","CDM","278","RC","C1713","HCPCS","","","facility","both","","","","3284.4","3284.4","","","","","","","","","","","","","Gross Charge Type: Main Acute Price List"
"PLATE, LCP RADIAL HEAD NECK 2-HOLE","ScorChSup115298","CDM","278","RC","C1713","HCPCS","","","facility","both","","","","3284.4","3284.4","","","","","","","","","","","","","Gross Charge Type: Main Acute Price List"
"PLATE, LCP RECON 16-HOLE 3.5MM","PacuChSup31755","CDM","278","RC","","","","","facility","both","","","","3857.72","3857.72","","","","","","","","","","","","","Gross Charge Type: Main Acute Price List"
"PLATE, LCP STRAIGHT WRIST 2.4X170MM","AngiChSup110170","CDM","278","RC","C1713","HCPCS","","","facility","both","","","","19495.58","19495.58","","","","","","","","","","","","","Gross Charge Type: Main Acute Price List"
"PLATE, LCP STRAIGHT WRIST 2.4X170MM","ScpuChSup110170","CDM","278","RC","C1713","HCPCS","","","facility","both","","","","19495.58","19495.58","","","","","","","","","","","","","Gross Charge Type: Main Acute Price List"
"PLATE, LCP TM 4 HOLES 2.4X36MM","OperWmSup54449","CDM","278","RC","C1713","HCPCS","","","facility","both","","","","2230.44","2230.44","","","","","","","","","","","","","Gross Charge Type: Main Acute Price List"
"PLATE, LCP TM 4 HOLES 2.7X40MM","PacuWmSup54450","CDM","278","RC","C1713","HCPCS","","","facility","both","","","","2215.43","2215.43","","","","","","","","","","","","","Gross Charge Type: Main Acute Price List"
"PLATE, LCP TM 4 HOLES 2.7X40MM","ScpuChSup54450","CDM","278","RC","C1713","HCPCS","","","facility","both","","","","2215.43","2215.43","","","","","","","","","","","","","Gross Charge Type: Main Acute Price List"
"PLATE, LCP TM 5 HOLES 2.7X49MM","ScpuChSup54451","CDM","278","RC","C1713","HCPCS","","","facility","both","","","","2215.43","2215.43","","","","","","","","","","","","","Gross Charge Type: Main Acute Price List"
"PLATE, LCP TM 6 HOLES 2.7 X58MM","CcthChSup54452","CDM","278","RC","C1713","HCPCS","","","facility","both","","","","2356.11","2356.11","","","","","","","","","","","","","Gross Charge Type: Main Acute Price List"
"PLATE, LCP TM 8 HOLES 2.7 X 76MM","GyscChSup54443","CDM","278","RC","C1713","HCPCS","","","facility","both","","","","2356.11","2356.11","","","","","","","","","","","","","Gross Charge Type: Main Acute Price List"
"PLATE, LEFORT 3MM RIGHT","ScpuWmSup107942","CDM","278","RC","C1713","HCPCS","","","facility","both","","","","2279.11","2279.11","","","","","","","","","","","","","Gross Charge Type: Main Acute Price List"
"PLATE, LEFORT 7MM STEP RIGHT","AnesChSup113637","CDM","278","RC","C1713","HCPCS","","","facility","both","","","","1885.22","1885.22","","","","","","","","","","","","","Gross Charge Type: Main Acute Price List"
"PLATE, LEFORT 7MM STEP RIGHT","ScpuChSup113637","CDM","278","RC","C1713","HCPCS","","","facility","both","","","","1885.22","1885.22","","","","","","","","","","","","","Gross Charge Type: Main Acute Price List"
"PLATE, LEFORT ANGLED 1.5/0.6MM LT","GastWmSup108476","CDM","278","RC","C1713","HCPCS","","","facility","both","","","","2279.11","2279.11","","","","","","","","","","","","","Gross Charge Type: Main Acute Price List"
"PLATE, LEFORT ANGLED 1.5/1.0MM LT","GastWmSup79781","CDM","278","RC","C1713","HCPCS","","","facility","both","","","","2137.43","2137.43","","","","","","","","","","","","","Gross Charge Type: Main Acute Price List"
"PLATE, LEFORT ANGLED 1.5/1.0MM LT","OperChSup79781","CDM","278","RC","C1713","HCPCS","","","facility","both","","","","2137.43","2137.43","","","","","","","","","","","","","Gross Charge Type: Main Acute Price List"
"PLATE, LEFORT ANGLED 2MM ADV RIGHT","OperWmSup114208","CDM","278","RC","C1713","HCPCS","","","facility","both","","","","2279.11","2279.11","","","","","","","","","","","","","Gross Charge Type: Main Acute Price List"
"PLATE, LEFORT ANGLED 3MM","GyscChSup106584","CDM","278","RC","C1713","HCPCS","","","facility","both","","","","1830.75","1830.75","","","","","","","","","","","","","Gross Charge Type: Main Acute Price List"
"PLATE, LEFORT ANGLED 4MM ADV RIGHT","AnesWmSup114206","CDM","278","RC","C1713","HCPCS","","","facility","both","","","","2279.11","2279.11","","","","","","","","","","","","","Gross Charge Type: Main Acute Price List"
"PLATE, LEFORT ANGLED 6MM RT","DelrChSup108947","CDM","278","RC","C1713","HCPCS","","","facility","both","","","","2137.43","2137.43","","","","","","","","","","","","","Gross Charge Type: Main Acute Price List"
"PLATE, LEFORT ANGLED 7MM LT","DelrChSup107935","CDM","278","RC","C1713","HCPCS","","","facility","both","","","","2137.43","2137.43","","","","","","","","","","","","","Gross Charge Type: Main Acute Price List"
"PLATE, LEFORT ANGLED 7MM LT","GastChSup107935","CDM","278","RC","C1713","HCPCS","","","facility","both","","","","2137.43","2137.43","","","","","","","","","","","","","Gross Charge Type: Main Acute Price List"
"PLATE, LEFORT ANGLED 7MM RT","CspuChSup107936","CDM","278","RC","C1713","HCPCS","","","facility","both","","","","2137.43","2137.43","","","","","","","","","","","","","Gross Charge Type: Main Acute Price List"
"PLATE, LEFORT ANGLED 8MM RT","ScanWmSup119666","CDM","278","RC","C1713","HCPCS","","","facility","both","","","","2137.43","2137.43","","","","","","","","","","","","","Gross Charge Type: Main Acute Price List"
"PLATE, LEFORT DOUBLE ROW 5MM ADV LEFT","AngiWmSup115090","CDM","278","RC","C1713","HCPCS","","","facility","both","","","","5481.91","5481.91","","","","","","","","","","","","","Gross Charge Type: Main Acute Price List"
"PLATE, LEFORT DOUBLE ROW 5MM ADV LEFT","ScpuChSup115090","CDM","278","RC","C1713","HCPCS","","","facility","both","","","","5481.91","5481.91","","","","","","","","","","","","","Gross Charge Type: Main Acute Price List"
"PLATE, LEFORT FLAT LEFT 1.5X0.6","OperChSup106586","CDM","278","RC","C1713","HCPCS","","","facility","both","","","","1830.75","1830.75","","","","","","","","","","","","","Gross Charge Type: Main Acute Price List"
"PLATE, LEFORTE 11-HOLE ADV LT 16MM","OperWmSup58803","CDM","278","RC","C1713","HCPCS","","","facility","both","","","","1893.16","1893.16","","","","","","","","","","","","","Gross Charge Type: Main Acute Price List"
"PLATE, LEFORTE 11-HOLE ADV LT 16MM","PacuChSup58803","CDM","278","RC","C1713","HCPCS","","","facility","both","","","","1893.16","1893.16","","","","","","","","","","","","","Gross Charge Type: Main Acute Price List"
"PLATE, LEFORTE 11-HOLE ADV LT 18MM","ScanChSup58804","CDM","278","RC","C1713","HCPCS","","","facility","both","","","","1652.38","1652.38","","","","","","","","","","","","","Gross Charge Type: Main Acute Price List"
"PLATE, LEFORTE 11-HOLE ADV RT 16MM","CspuChSup58808","CDM","278","RC","C1713","HCPCS","","","facility","both","","","","1893.16","1893.16","","","","","","","","","","","","","Gross Charge Type: Main Acute Price List"
"PLATE, LEFORTE 11-HOLE ADV RT 16MM","ScanWmSup58808","CDM","278","RC","C1713","HCPCS","","","facility","both","","","","1893.16","1893.16","","","","","","","","","","","","","Gross Charge Type: Main Acute Price List"
"PLATE, LEFORTE 11-HOLE ADV RT 18MM","CcthChSup58809","CDM","278","RC","C1713","HCPCS","","","facility","both","","","","1652.38","1652.38","","","","","","","","","","","","","Gross Charge Type: Main Acute Price List"
"PLATE, LEVEL ONE CMF 6 HOLE 43MM","ScorWmSup114502","CDM","278","RC","C1713","HCPCS","","","facility","both","","","","2370.34","2370.34","","","","","","","","","","","","","Gross Charge Type: Main Acute Price List"
"PLATE, LOCKING 2.7 VA ANT PATELLA PL SS/3-HOLE/STRL","AngiWmSup110559","CDM","278","RC","C1713","HCPCS","","","facility","both","","","","17737.83","17737.83","","","","","","","","","","","","","Gross Charge Type: Main Acute Price List"
"PLATE, LOCKING 2.7 VA ANT PATELLA PL SS/6-HOLE/ STRL","CcthChSup109304","CDM","278","RC","C1713","HCPCS","","","facility","both","","","","19512.08","19512.08","","","","","","","","","","","","","Gross Charge Type: Main Acute Price List"
"PLATE, LOCKING 2.7 VA ANT PATELLA SS/ 3-HOLE/ SMALL STRL","ScanChSup109320","CDM","278","RC","C1713","HCPCS","","","facility","both","","","","17737.83","17737.83","","","","","","","","","","","","","Gross Charge Type: Main Acute Price List"
"PLATE, LOCKING 2.7 VA LAT RIM PATELLA 2.4/2.7 STRL","GyscChSup115105","CDM","278","RC","C1713","HCPCS","","","facility","both","","","","18339.22","18339.22","","","","","","","","","","","","","Gross Charge Type: Main Acute Price List"
"PLATE, LOCKING 2.7 VA LAT RIM PATELLA SM STRL","AngiChSup112201","CDM","278","RC","C1713","HCPCS","","","facility","both","","","","18347.04","18347.04","","","","","","","","","","","","","Gross Charge Type: Main Acute Price List"
"PLATE, LOCKING MEDIAL  5-HOLE","AngiChSup108569","CDM","278","RC","C1713","HCPCS","","","facility","both","","","","4778.36","4778.36","","","","","","","","","","","","","Gross Charge Type: Main Acute Price List"
"PLATE, LOCKING NARROW 4-HOLE 2.0X23MM","AngiChSup117993","CDM","278","RC","C1713","HCPCS","","","facility","both","","","","3725.41","3725.41","","","","","","","","","","","","","Gross Charge Type: Main Acute Price List"
"PLATE, LOCKING NARROW 4-HOLE 2.0X23MM","ScorChSup117993","CDM","278","RC","C1713","HCPCS","","","facility","both","","","","3725.41","3725.41","","","","","","","","","","","","","Gross Charge Type: Main Acute Price List"
"PLATE, LOCKING SMALL FRAG HF Y STRIGHT","ScpuWmSup114391","CDM","278","RC","C1713","HCPCS","","","facility","both","","","","2778.51","2778.51","","","","","","","","","","","","","Gross Charge Type: Main Acute Price List"
"PLATE, LOCKING STRAIGHT 7 HOLE","OperWmSup115289","CDM","278","RC","C1713","HCPCS","","","facility","both","","","","2858","2858","","","","","","","","","","","","","Gross Charge Type: Main Acute Price List"
"PLATE, LOCKING TALO-NAVICULAR POLYAXIAL LONG","EplbChSup113356","CDM","278","RC","C1713","HCPCS","","","facility","both","","","","7501.58","7501.58","","","","","","","","","","","","","Gross Charge Type: Main Acute Price List"
"PLATE, LOCKING THIRD TUBULAR 4-HOLE","GastWmSup113780","CDM","278","RC","C1713","HCPCS","","","facility","both","","","","1501.44","1501.44","","","","","","","","","","","","","Gross Charge Type: Main Acute Price List"
"PLATE, LOCKING THIRD TUBULAR 7-HOLE","GastWmSup117744","CDM","278","RC","C1713","HCPCS","","","facility","both","","","","1701.62","1701.62","","","","","","","","","","","","","Gross Charge Type: Main Acute Price List"
"PLATE, LOCKING THIRD TUBULAR 7-HOLE","ScanChSup117744","CDM","278","RC","C1713","HCPCS","","","facility","both","","","","1701.62","1701.62","","","","","","","","","","","","","Gross Charge Type: Main Acute Price List"
"PLATE, LOCKING THIRD TUBULAR 7-HOLE","ScorWmSup117744","CDM","278","RC","C1713","HCPCS","","","facility","both","","","","1701.62","1701.62","","","","","","","","","","","","","Gross Charge Type: Main Acute Price List"
"PLATE, LOCKING THIRD TUBULAR 8-HOLE","ScorWmSup118109","CDM","278","RC","C1713","HCPCS","","","facility","both","","","","1772.77","1772.77","","","","","","","","","","","","","Gross Charge Type: Main Acute Price List"
"PLATE, LONG 4-HOLE","GyscChSup110549","CDM","278","RC","C1713","HCPCS","","","facility","both","","","","332.63","332.63","","","","","","","","","","","","","Gross Charge Type: Main Acute Price List"
"PLATE, LONG RIGHT","ScanWmSup112796","CDM","278","RC","C1713","HCPCS","","","facility","both","","","","7640.97","7640.97","","","","","","","","","","","","","Gross Charge Type: Main Acute Price List"
"PLATE, LP STRAIGHT MTP STANDARD","PacuWmSup75003","CDM","278","RC","","","","","facility","both","","","","5617.03","5617.03","","","","","","","","","","","","","Gross Charge Type: Main Acute Price List"
"PLATE, LRG ANGLE 2.0MM","GastChSup108000","CDM","278","RC","C1713","HCPCS","","","facility","both","","","","6036.54","6036.54","","","","","","","","","","","","","Gross Charge Type: Main Acute Price List"
"PLATE, LRG ANGLE 2.0MM","ScorWmSup108000","CDM","278","RC","C1713","HCPCS","","","facility","both","","","","6036.54","6036.54","","","","","","","","","","","","","Gross Charge Type: Main Acute Price List"
"PLATE, LUMBAR ANTEGRA TI 1-LEVEL 37MM","ScanWmSup78990","CDM","278","RC","C1713","HCPCS","","","facility","both","","","","15638.27","15638.27","","","","","","","","","","","","","Gross Charge Type: Main Acute Price List"
"PLATE, MALL 3D UF 2X2-HOLE","OperChSup25101","CDM","278","RC","","","","","facility","both","","","","1127.75","1127.75","","","","","","","","","","","","","Gross Charge Type: Main Acute Price List"
"PLATE, MALL 3D UF 2X2-HOLE","ScorWmSup25101","CDM","278","RC","","","","","facility","both","","","","1127.75","1127.75","","","","","","","","","","","","","Gross Charge Type: Main Acute Price List"
"PLATE, MALL 3D UF 2X2-HOLE","Wilm5425101","CDM","278","RC","","","","","facility","both","","","","1127.75","1127.75","","","","","","","","","","","","","Gross Charge Type: Main Acute Price List"
"PLATE, MALL STRAIGHT UF 24-HOLE","OperChSup25107","CDM","278","RC","","","","","facility","both","","","","2551.89","2551.89","","","","","","","","","","","","","Gross Charge Type: Main Acute Price List"
"PLATE, MALL STRAIGHT UF 24-HOLE","ScorWmSup25107","CDM","278","RC","","","","","facility","both","","","","2551.89","2551.89","","","","","","","","","","","","","Gross Charge Type: Main Acute Price List"
"PLATE, MANDIBLE HEMI 6X17 LT","ScorChSup70511","CDM","278","RC","C1713","HCPCS","","","facility","both","","","","7552.59","7552.59","","","","","","","","","","","","","Gross Charge Type: Main Acute Price List"
"PLATE, MANDIBLE HEMI RECON LEFT 6X17","OperWmSup62332","CDM","278","RC","C1713","HCPCS","","","facility","both","","","","7552.59","7552.59","","","","","","","","","","","","","Gross Charge Type: Main Acute Price List"
"PLATE, MANDIBLE TI 1.6MM 7-HOLE","CspuChSup113215","CDM","278","RC","C1713","HCPCS","","","facility","both","","","","3011.81","3011.81","","","","","","","","","","","","","Gross Charge Type: Main Acute Price List"
"PLATE, MANDIBLE, PREBENT LG DBL ANGL","ScpuChSup109295","CDM","278","RC","C1713","HCPCS","","","facility","both","","","","400.38","400.38","","","","","","","","","","","","","Gross Charge Type: Main Acute Price List"
"PLATE, MATRIX STRAIGHT 2X7 1.0MM","CspuChSup107293","CDM","278","RC","C1713","HCPCS","","","facility","both","","","","2186.71","2186.71","","","","","","","","","","","","","Gross Charge Type: Main Acute Price List"
"PLATE, MATRIX TI 2X2 HOLE 1.25MM THICK","OperWmSup56421","CDM","278","RC","","","","","facility","both","","","","2473.16","2473.16","","","","","","","","","","","","","Gross Charge Type: Main Acute Price List"
"PLATE, MATRIX TI 6 HOLE 2.0MM","OperWmSup57322","CDM","278","RC","","","","","facility","both","","","","5100.26","5100.26","","","","","","","","","","","","","Gross Charge Type: Main Acute Price List"
"PLATE, MATRIX WAVE 10-HOLE SM","CspuChSup112308","CDM","278","RC","C1713","HCPCS","","","facility","both","","","","2125.11","2125.11","","","","","","","","","","","","","Gross Charge Type: Main Acute Price List"
"PLATE, MATRIXMAND MINI 3X3 HOLE","EplbChSup118116","CDM","278","RC","C1713","HCPCS","","","facility","both","","","","2956.68","2956.68","","","","","","","","","","","","","Gross Charge Type: Main Acute Price List"
"PLATE, MATRIXMAND MINI 3X3 HOLE","OperChSup118116","CDM","278","RC","C1713","HCPCS","","","facility","both","","","","2956.68","2956.68","","","","","","","","","","","","","Gross Charge Type: Main Acute Price List"
"PLATE, MATRIXRIB PRE-CONTOURED TI 15-HOLE LT RIB 3","EplbChSup52083","CDM","278","RC","C1713","HCPCS","","","facility","both","","","","6772.75","6772.75","","","","","","","","","","","","","Gross Charge Type: Main Acute Price List"
"PLATE, MATRIXRIB PRE-CONTOURED TI 18-HOLE  LT RIBS 8/9","ScanWmSup52089","CDM","278","RC","C1713","HCPCS","","","facility","both","","","","6772.75","6772.75","","","","","","","","","","","","","Gross Charge Type: Main Acute Price List"
"PLATE, MATRIXRIB PRE-CONTOURED TI 18-HOLE  LT RIBS 8/9","ScorChSup52089","CDM","278","RC","C1713","HCPCS","","","facility","both","","","","6772.75","6772.75","","","","","","","","","","","","","Gross Charge Type: Main Acute Price List"
"PLATE, MATRIXRIB PRE-CONTOURED TI 18-HOLE RT RIBS 8/9","ScorWmSup52090","CDM","278","RC","C1713","HCPCS","","","facility","both","","","","6772.75","6772.75","","","","","","","","","","","","","Gross Charge Type: Main Acute Price List"
"PLATE, MEDIAL COLUMN FUSION LT","GastWmSup113258","CDM","278","RC","C1713","HCPCS","","","facility","both","","","","8664.99","8664.99","","","","","","","","","","","","","Gross Charge Type: Main Acute Price List"
"PLATE, MEDIAL COLUMN LONG  RIGHT","ScanChSup119350","CDM","278","RC","C1713","HCPCS","","","facility","both","","","","8664.99","8664.99","","","","","","","","","","","","","Gross Charge Type: Main Acute Price List"
"PLATE, MEDIAL HOOK 5-HOLE","GastChSup118430","CDM","278","RC","C1713","HCPCS","","","facility","both","","","","6023.63","6023.63","","","","","","","","","","","","","Gross Charge Type: Main Acute Price List"
"PLATE, MEDIAL LP COLUMN SM 3.5MM RT","ScanWmSup73776","CDM","278","RC","C1713","HCPCS","","","facility","both","","","","9381.8","9381.8","","","","","","","","","","","","","Gross Charge Type: Main Acute Price List"
"PLATE, MESH MATRIXNUERO 200X200MM CONTOURABLE STRL","DelrChSup113784","CDM","278","RC","C1713","HCPCS","","","facility","both","","","","67470.43","67470.43","","","","","","","","","","","","","Gross Charge Type: Main Acute Price List"
"PLATE, MESH RIGID CONTOUR TI LP 30MM","CspuChSup48007","CDM","278","RC","C1713","HCPCS","","","facility","both","","","","3540.98","3540.98","","","","","","","","","","","","","Gross Charge Type: Main Acute Price List"
"PLATE, MESH RIGID CONTOUR TI LP 30MM","ScanWmSup48007","CDM","278","RC","C1713","HCPCS","","","facility","both","","","","3540.98","3540.98","","","","","","","","","","","","","Gross Charge Type: Main Acute Price List"
"PLATE, MICRO L SHP 3X3-HOLE 100DEG 0.6MM LT","ScanChSup112273","CDM","278","RC","C1713","HCPCS","","","facility","both","","","","1240.87","1240.87","","","","","","","","","","","","","Gross Charge Type: Main Acute Price List"
"PLATE, MIDFOOT FUSION STRAIGHT","ScorChSup79133","CDM","278","RC","C1713","HCPCS","","","facility","both","","","","7338.4","7338.4","","","","","","","","","","","","","Gross Charge Type: Main Acute Price List"
"PLATE, MINI 6-HOLE","OperWmSup25382","CDM","278","RC","","","","","facility","both","","","","534.53","534.53","","","","","","","","","","","","","Gross Charge Type: Main Acute Price List"
"PLATE, MINI CONDYLAR 6-HOLE","ScpuWmSup76926","CDM","278","RC","C1713","HCPCS","","","facility","both","","","","4432.52","4432.52","","","","","","","","","","","","","Gross Charge Type: Main Acute Price List"
"PLATE, MINI L SHAPED 3 HOLE 28MM LEFT","AngiChSup113640","CDM","278","RC","C1713","HCPCS","","","facility","both","","","","1097.69","1097.69","","","","","","","","","","","","","Gross Charge Type: Main Acute Price List"
"PLATE, MINI TLTS CONDYLAR RHOMBIC 5 HOLE","ScanWmSup112709","CDM","278","RC","C1713","HCPCS","","","facility","both","","","","2504.03","2504.03","","","","","","","","","","","","","Gross Charge Type: Main Acute Price List"
"PLATE, MINI TLTS LADDER 6X2 HOLE 36MM","AngiChSup113920","CDM","278","RC","C1713","HCPCS","","","facility","both","","","","1843.49","1843.49","","","","","","","","","","","","","Gross Charge Type: Main Acute Price List"
"PLATE, MMF FIXATION 2.0MM 7-HOLE","DelrChSup110404","CDM","278","RC","C1713","HCPCS","","","facility","both","","","","2388.13","2388.13","","","","","","","","","","","","","Gross Charge Type: Main Acute Price List"
"PLATE, MMF FIXATION 2.0MM 7-HOLE","EplbChSup110404","CDM","278","RC","C1713","HCPCS","","","facility","both","","","","2388.13","2388.13","","","","","","","","","","","","","Gross Charge Type: Main Acute Price List"
"PLATE, MMF FIXATION 2.0MM 7-HOLE","PacuChSup110404","CDM","278","RC","C1713","HCPCS","","","facility","both","","","","2388.13","2388.13","","","","","","","","","","","","","Gross Charge Type: Main Acute Price List"
"PLATE, MMF FIXATION 2.0X102MM 7-HOLE","GastWmSup110609","CDM","278","RC","C1713","HCPCS","","","facility","both","","","","2245.54","2245.54","","","","","","","","","","","","","Gross Charge Type: Main Acute Price List"
"PLATE, MODULUS CERVICAL 7X17X14MM 7 DEGREE","AnesWmSup110940","CDM","278","RC","C1713","HCPCS","","","facility","both","","","","8315.65","8315.65","","","","","","","","","","","","","Gross Charge Type: Main Acute Price List"
"PLATE, MODULUS CERVICAL 7X17X14MM 7 DEGREE","AngiChSup110940","CDM","278","RC","C1713","HCPCS","","","facility","both","","","","8315.65","8315.65","","","","","","","","","","","","","Gross Charge Type: Main Acute Price List"
"PLATE, MODULUS TLIF 10X11X30MM 8 DEG","ScpuChSup106716","CDM","278","RC","C1713","HCPCS","","","facility","both","","","","18479.22","18479.22","","","","","","","","","","","","","Gross Charge Type: Main Acute Price List"
"PLATE, MODULUS XLIF 8MM DUAL-SIDED MOD","OperChSup106924","CDM","278","RC","C1713","HCPCS","","","facility","both","","","","18799.52","18799.52","","","","","","","","","","","","","Gross Charge Type: Main Acute Price List"
"PLATE, MODULUS XLIF 8MM DUAL-SIDED MOD","ScorChSup106924","CDM","278","RC","C1713","HCPCS","","","facility","both","","","","18799.52","18799.52","","","","","","","","","","","","","Gross Charge Type: Main Acute Price List"
"PLATE, MODULUS XLIF 8MM DUAL-SIDED MOD","ScorWmSup106924","CDM","278","RC","C1713","HCPCS","","","facility","both","","","","18799.52","18799.52","","","","","","","","","","","","","Gross Charge Type: Main Acute Price List"
"PLATE, MPT CROSSCHECK ORTHOLOC 3DI 0 LEFT","OperChSup77944","CDM","278","RC","C1713","HCPCS","","","facility","both","","","","10946.79","10946.79","","","","","","","","","","","","","Gross Charge Type: Main Acute Price List"
"PLATE, MPT CROSSCHECK ORTHOLOC 3DI 0 RIGHT","CcthChSup106926","CDM","278","RC","C1713","HCPCS","","","facility","both","","","","10946.79","10946.79","","","","","","","","","","","","","Gross Charge Type: Main Acute Price List"
"PLATE, MTP CONTOURED LP LONG TI LEFT","ScorWmSup78357","CDM","278","RC","C1713","HCPCS","","","facility","both","","","","5617.03","5617.03","","","","","","","","","","","","","Gross Charge Type: Main Acute Price List"
"PLATE, MTP CROSSCHECK ORTHOLOC  LEFT","ScorChSup77678","CDM","278","RC","C1713","HCPCS","","","facility","both","","","","10946.79","10946.79","","","","","","","","","","","","","Gross Charge Type: Main Acute Price List"
"PLATE, MTP FUSION SMALL 10DG LT","CspuChSup114815","CDM","278","RC","C1713","HCPCS","","","facility","both","","","","9798.84","9798.84","","","","","","","","","","","","","Gross Charge Type: Main Acute Price List"
"PLATE, MTP FUSION SMALL 10DG LT","DelrChSup114815","CDM","278","RC","C1713","HCPCS","","","facility","both","","","","9798.84","9798.84","","","","","","","","","","","","","Gross Charge Type: Main Acute Price List"
"PLATE, MTP FUSION SMALL 10DG LT","GastWmSup114815","CDM","278","RC","C1713","HCPCS","","","facility","both","","","","9798.84","9798.84","","","","","","","","","","","","","Gross Charge Type: Main Acute Price List"
"PLATE, MTP FUSION SMALL 10DG LT","PacuChSup114815","CDM","278","RC","C1713","HCPCS","","","facility","both","","","","9798.84","9798.84","","","","","","","","","","","","","Gross Charge Type: Main Acute Price List"
"PLATE, MULTI POINT LONG 2 HOLE","ScorChSup108592","CDM","278","RC","C1713","HCPCS","","","facility","both","","","","3040.77","3040.77","","","","","","","","","","","","","Gross Charge Type: Main Acute Price List"
"PLATE, NARROW STRAIGHT 8-HOLE","AngiWmSup110013","CDM","278","RC","C1713","HCPCS","","","facility","both","","","","5105.19","5105.19","","","","","","","","","","","","","Gross Charge Type: Main Acute Price List"
"PLATE, NAVICULAR-CUNIFORM SHORT RIGHT","AngiChSup115232","CDM","278","RC","C1713","HCPCS","","","facility","both","","","","6615.53","6615.53","","","","","","","","","","","","","Gross Charge Type: Main Acute Price List"
"PLATE, NEURO ADAPTION TI LOW PROFILE 20-HOLE","ScanWmSup34743","CDM","278","RC","","","","","facility","both","","","","2258.34","2258.34","","","","","","","","","","","","","Gross Charge Type: Main Acute Price List"
"PLATE, NEURO CONTOUR LP TI MESH 200X200MM","CcthChSup107994","CDM","278","RC","C1713","HCPCS","","","facility","both","","","","37309.59","37309.59","","","","","","","","","","","","","Gross Charge Type: Main Acute Price List"
"PLATE, NEURO DOUBLE Y TI LOW PROFILE 6-HOLE 18MM","ScpuWmSup34740","CDM","278","RC","C1713","HCPCS","","","facility","both","","","","1079.74","1079.74","","","","","","","","","","","","","Gross Charge Type: Main Acute Price List"
"PLATE, NEURO SHUNT MED 18.5MM","ScanWmSup60573","CDM","278","RC","","","","","facility","both","","","","1372.69","1372.69","","","","","","","","","","","","","Gross Charge Type: Main Acute Price List"
"PLATE, NEURO STRAIGHT TI LOW PROFILE 2-HOLE","ScanChSup34737","CDM","278","RC","C1713","HCPCS","","","facility","both","","","","212.57","212.57","","","","","","","","","","","","","Gross Charge Type: Main Acute Price List"
"PLATE, NEURO STRAIGHT TI LOW PROFILE 4-HOLE","ScpuWmSup34738","CDM","278","RC","C1713","HCPCS","","","facility","both","","","","272.07","272.07","","","","","","","","","","","","","Gross Charge Type: Main Acute Price List"
"PLATE, OCCIPITAL INFINITY","GastWmSup114198","CDM","278","RC","C1713","HCPCS","","","facility","both","","","","14629.38","14629.38","","","","","","","","","","","","","Gross Charge Type: Main Acute Price List"
"PLATE, OCCIPITAL INFINITY","ScpuChSup114198","CDM","278","RC","C1713","HCPCS","","","facility","both","","","","14629.38","14629.38","","","","","","","","","","","","","Gross Charge Type: Main Acute Price List"
"PLATE, OCCIPITAL TI 50MM","GastWmSup48884","CDM","278","RC","C1713","HCPCS","","","facility","both","","","","11851.34","11851.34","","","","","","","","","","","","","Gross Charge Type: Main Acute Price List"
"PLATE, OCCIPITAL WEDGE LAT 60MM","AnesWmSup107520","CDM","278","RC","C1713","HCPCS","","","facility","both","","","","11583.9","11583.9","","","","","","","","","","","","","Gross Charge Type: Main Acute Price List"
"PLATE, OCCIPITAL WEDGE LAT 60MM","OperWmSup107520","CDM","278","RC","C1713","HCPCS","","","facility","both","","","","11583.9","11583.9","","","","","","","","","","","","","Gross Charge Type: Main Acute Price List"
"PLATE, OCCIPITAL","DelrChSup111250","CDM","278","RC","C1713","HCPCS","","","facility","both","","","","11583.9","11583.9","","","","","","","","","","","","","Gross Charge Type: Main Acute Price List"
"PLATE, OFFSET 3.5MM SHORT MINI BUNION","EplbChSup119836","CDM","278","RC","C1713","HCPCS","","","facility","both","","","","10536.47","10536.47","","","","","","","","","","","","","Gross Charge Type: Main Acute Price List"
"PLATE, OLECRANON 4 HOLE","OperWmSup55894","CDM","278","RC","C1713","HCPCS","","","facility","both","","","","6492.61","6492.61","","","","","","","","","","","","","Gross Charge Type: Main Acute Price List"
"PLATE, OLECRANON 4 HOLE","PacuWmSup55894","CDM","278","RC","C1713","HCPCS","","","facility","both","","","","6492.61","6492.61","","","","","","","","","","","","","Gross Charge Type: Main Acute Price List"
"PLATE, OLECRANON EPS MED STD RT OR LT 11-HOLE","EplbChSup58124","CDM","278","RC","C1713","HCPCS","","","facility","both","","","","7428.65","7428.65","","","","","","","","","","","","","Gross Charge Type: Main Acute Price List"
"PLATE, OLECRANON EPS MED STD RT OR LT 11-HOLE","PacuWmSup58124","CDM","278","RC","C1713","HCPCS","","","facility","both","","","","7428.65","7428.65","","","","","","","","","","","","","Gross Charge Type: Main Acute Price List"
"PLATE, OLECRANON EPS ORTHOLOC LATERAL RT 8-HOLE","GastChSup58125","CDM","278","RC","C1713","HCPCS","","","facility","both","","","","10748.74","10748.74","","","","","","","","","","","","","Gross Charge Type: Main Acute Price List"
"PLATE, OLECRANON EPS ORTHOLOC STRAIGHT RT OR LT","Chrs5458126","CDM","278","RC","C1713","HCPCS","","","facility","both","","","","10106.95","10106.95","","","","","","","","","","","","","Gross Charge Type: Main Acute Price List"
"PLATE, OLECRANON HOOK 6 HOLE LT","PacuChSup117803","CDM","278","RC","C1713","HCPCS","","","facility","both","","","","9208.81","9208.81","","","","","","","","","","","","","Gross Charge Type: Main Acute Price List"
"PLATE, OLECRANON SLED 50MM L","ScorChSup46751","CDM","278","RC","","","","","facility","both","","","","7500.58","7500.58","","","","","","","","","","","","","Gross Charge Type: Main Acute Price List"
"PLATE, OLECRANON VA LCP 2.7/3.5MM 8-HOLE RT STRL","AnesWmSup114505","CDM","278","RC","C1713","HCPCS","","","facility","both","","","","5610.98","5610.98","","","","","","","","","","","","","Gross Charge Type: Main Acute Price List"
"PLATE, OLECRANON VA LCP 2.7/3.5MM 8-HOLE RT STRL","DelrChSup114505","CDM","278","RC","C1713","HCPCS","","","facility","both","","","","5610.98","5610.98","","","","","","","","","","","","","Gross Charge Type: Main Acute Price List"
"PLATE, OLECRANON VARIAX 3-HOLE LEFT","CcthChSup106440","CDM","278","RC","C1713","HCPCS","","","facility","both","","","","5535.71","5535.71","","","","","","","","","","","","","Gross Charge Type: Main Acute Price List"
"PLATE, OLECRANON VARIAX 3-HOLE LEFT","ScpuWmSup106440","CDM","278","RC","C1713","HCPCS","","","facility","both","","","","5535.71","5535.71","","","","","","","","","","","","","Gross Charge Type: Main Acute Price List"
"PLATE, OLECRANON VARIAX 3-HOLE RIGHT 65MM","ScanWmSup79394","CDM","278","RC","C1713","HCPCS","","","facility","both","","","","5887.23","5887.23","","","","","","","","","","","","","Gross Charge Type: Main Acute Price List"
"PLATE, OLECRANON VARIAX 6-HOLE LEFT","ScpuWmSup60789","CDM","278","RC","C1713","HCPCS","","","facility","both","","","","6104.95","6104.95","","","","","","","","","","","","","Gross Charge Type: Main Acute Price List"
"PLATE, OLECRANON VARIAX 8-HOLE LEFT","ScpuWmSup60790","CDM","278","RC","C1713","HCPCS","","","facility","both","","","","8279.92","8279.92","","","","","","","","","","","","","Gross Charge Type: Main Acute Price List"
"PLATE, OLECRANON VARIAX 8-HOLE RIGHT","GyscChSup60791","CDM","278","RC","C1713","HCPCS","","","facility","both","","","","7785.54","7785.54","","","","","","","","","","","","","Gross Charge Type: Main Acute Price List"
"PLATE, ONE2ONE ORTHOGNATHIC & TITANIUM HYBRID GUIDES","ScorChSup10191921","CDM","278","RC","C1713","HCPCS","","","facility","both","","","","98322.24","98322.24","","","","","","","","","","","","","Gross Charge Type: Main Acute Price List"
"PLATE, ORBITAL 6-HOLE CURVED","AnesChSup107142","CDM","278","RC","C1713","HCPCS","","","facility","both","","","","954.76","954.76","","","","","","","","","","","","","Gross Charge Type: Main Acute Price List"
"PLATE, ORBITAL CURVED 10-HOLE","GastChSup80133","CDM","278","RC","C1713","HCPCS","","","facility","both","","","","997.88","997.88","","","","","","","","","","","","","Gross Charge Type: Main Acute Price List"
"PLATE, ORBITAL CURVED 4-HOLE","ScorWmSup107790","CDM","278","RC","C1713","HCPCS","","","facility","both","","","","492.78","492.78","","","","","","","","","","","","","Gross Charge Type: Main Acute Price List"
"PLATE, ORBITAL CURVED HX1.5/0.5","GastChSup79540","CDM","278","RC","C1713","HCPCS","","","facility","both","","","","1361.3","1361.3","","","","","","","","","","","","","Gross Charge Type: Main Acute Price List"
"PLATE, ORBITAL RIM MID FACE","CspuChSup32967","CDM","278","RC","","","","","facility","both","","","","1099.12","1099.12","","","","","","","","","","","","","Gross Charge Type: Main Acute Price List"
"PLATE, ORBITAL RIM MID FACE","OperChSup32967","CDM","278","RC","","","","","facility","both","","","","1099.12","1099.12","","","","","","","","","","","","","Gross Charge Type: Main Acute Price List"
"PLATE, ORBITAL UPPERFACE 4-HOLE","ScanChSup25131","CDM","278","RC","","","","","facility","both","","","","541.15","541.15","","","","","","","","","","","","","Gross Charge Type: Main Acute Price List"
"PLATE, ORTHOLOC 3D1 CROSSCHECK","GastWmSup118066","CDM","278","RC","C1713","HCPCS","","","facility","both","","","","11641.9","11641.9","","","","","","","","","","","","","Gross Charge Type: Main Acute Price List"
"PLATE, ORTHOLOC 3D1 CROSSCHECK","PacuChSup118066","CDM","278","RC","C1713","HCPCS","","","facility","both","","","","11641.9","11641.9","","","","","","","","","","","","","Gross Charge Type: Main Acute Price List"
"PLATE, ORTHOLOC LATERAL OFFSET FIBULA 113MM LEFT","EplbChSup118939","CDM","278","RC","C1713","HCPCS","","","facility","both","","","","8789.94","8789.94","","","","","","","","","","","","","Gross Charge Type: Main Acute Price List"
"PLATE, ORTHOLOC LATERAL OFFSET FIBULA 113MM LEFT","ScpuWmSup118939","CDM","278","RC","C1713","HCPCS","","","facility","both","","","","8789.94","8789.94","","","","","","","","","","","","","Gross Charge Type: Main Acute Price List"
"PLATE, ORTHOLOC LATERAL OFFSET FIBULA 113MM","CcthChSup118396","CDM","278","RC","C1713","HCPCS","","","facility","both","","","","8789.94","8789.94","","","","","","","","","","","","","Gross Charge Type: Main Acute Price List"
"PLATE, ORTHOP TLTS BSSO STRAIGHT 4-HOLE","GastWmSup111027","CDM","278","RC","C1713","HCPCS","","","facility","both","","","","2284.47","2284.47","","","","","","","","","","","","","Gross Charge Type: Main Acute Price List"
"PLATE, ORTHOP TLTS BSSO STRAIGHT 4-HOLE","ScorChSup111027","CDM","278","RC","C1713","HCPCS","","","facility","both","","","","2284.47","2284.47","","","","","","","","","","","","","Gross Charge Type: Main Acute Price List"
"PLATE, OSS RS NON MOD LONG TIBIAL 67MM","GastWmSup119025","CDM","278","RC","C1776","HCPCS","","","facility","both","","","","15085.2","15085.2","","","","","","","","","","","","","Gross Charge Type: Main Acute Price List"
"PLATE, OSS RS NON MOD LONG TIBIAL 67MM","ScanWmSup119025","CDM","278","RC","C1776","HCPCS","","","facility","both","","","","15085.2","15085.2","","","","","","","","","","","","","Gross Charge Type: Main Acute Price List"
"PLATE, PATIENT SPECIFIC MANDIBLE 2.0 THICK","DelrChSup118833","CDM","278","RC","C1713","HCPCS","","","facility","both","","","","43375.91","43375.91","","","","","","","","","","","","","Gross Charge Type: Main Acute Price List"
"PLATE, PATIENT SPECIFIC MANDIBLE 2.0 THICK","ScorChSup118833","CDM","278","RC","C1713","HCPCS","","","facility","both","","","","43375.91","43375.91","","","","","","","","","","","","","Gross Charge Type: Main Acute Price List"
"PLATE, PHALANGEAL BASE 1.3MM LOCKING 2-HOLE HEAD 5-HOLE SHAFT","CcthChSup113443","CDM","278","RC","C1713","HCPCS","","","facility","both","","","","3213.84","3213.84","","","","","","","","","","","","","Gross Charge Type: Main Acute Price List"
"PLATE, PHALANGEAL HEAD LOCKING 1.3MM LT","PacuWmSup115300","CDM","278","RC","C1713","HCPCS","","","facility","both","","","","2448.73","2448.73","","","","","","","","","","","","","Gross Charge Type: Main Acute Price List"
"PLATE, PLANTAR LAPIDUS LT","CspuChSup65313","CDM","278","RC","C1713","HCPCS","","","facility","both","","","","9977.55","9977.55","","","","","","","","","","","","","Gross Charge Type: Main Acute Price List"
"PLATE, PLANTAR LAPIDUS LT","OperWmSup65313","CDM","278","RC","C1713","HCPCS","","","facility","both","","","","9977.55","9977.55","","","","","","","","","","","","","Gross Charge Type: Main Acute Price List"
"PLATE, PLANTAR LAPIDUS RT SHORT","ScorChSup77317","CDM","278","RC","C1713","HCPCS","","","facility","both","","","","9381.8","9381.8","","","","","","","","","","","","","Gross Charge Type: Main Acute Price List"
"PLATE, POLYAXIAL LOCKING TALAR NECK T8","ScpuWmSup76378","CDM","278","RC","C1713","HCPCS","","","facility","both","","","","5621.38","5621.38","","","","","","","","","","","","","Gross Charge Type: Main Acute Price List"
"PLATE, POSTERIOR 4-HOLE RT","PacuWmSup113233","CDM","278","RC","C1713","HCPCS","","","facility","both","","","","9116.41","9116.41","","","","","","","","","","","","","Gross Charge Type: Main Acute Price List"
"PLATE, POSTERIOR RIM NARROW 2 HOLE","ScorChSup120899","CDM","278","RC","C1713","HCPCS","","","facility","both","","","","5212.76","5212.76","","","","","","","","","","","","","Gross Charge Type: Main Acute Price List"
"PLATE, PREBENT LAFORTE RIGHT 4MM","PacuWmSup58024","CDM","278","RC","","","","","facility","both","","","","1591.29","1591.29","","","","","","","","","","","","","Gross Charge Type: Main Acute Price List"
"PLATE, PREBENT LRG ANGLE 2.6MM PROFILE","AngiChSup107671","CDM","278","RC","C1713","HCPCS","","","facility","both","","","","7625.76","7625.76","","","","","","","","","","","","","Gross Charge Type: Main Acute Price List"
"PLATE, PRIMARY 1ST MTP LEFT 10 DEG  2.7MM","GyscChSup78142","CDM","278","RC","C1713","HCPCS","","","facility","both","","","","10281.87","10281.87","","","","","","","","","","","","","Gross Charge Type: Main Acute Price List"
"PLATE, PRIMARY HEMI 2.0MM RT","OperChSup112957","CDM","278","RC","C1776","HCPCS","","","facility","both","","","","10497.1","10497.1","","","","","","","","","","","","","Gross Charge Type: Main Acute Price List"
"PLATE, PROXIMAL FEMUR 12-HOLE","AngiChSup118866","CDM","278","RC","C1713","HCPCS","","","facility","both","","","","30262.94","30262.94","","","","","","","","","","","","","Gross Charge Type: Main Acute Price List"
"PLATE, PROXIMAL HUMERAL 3 HOLE 130 DEGREE","ScorWmSup10191129","CDM","278","RC","C1713","HCPCS","","","facility","both","","","","14653.49","14653.49","","","","","","","","","","","","","Gross Charge Type: Main Acute Price List"
"PLATE, PROXIMAL HUMERAL 95 DEG 3-HOLE","EplbChSup117163","CDM","278","RC","C1713","HCPCS","","","facility","both","","","","14650.01","14650.01","","","","","","","","","","","","","Gross Charge Type: Main Acute Price List"
"PLATE, PROXIMAL HUMERUS 3-HOLE LEFT","AngiWmSup77180","CDM","278","RC","C1713","HCPCS","","","facility","both","","","","8623.63","8623.63","","","","","","","","","","","","","Gross Charge Type: Main Acute Price List"
"PLATE, PROXIMAL HUMERUS 3-HOLE RT","OperWmSup10180540","CDM","278","RC","C1713","HCPCS","","","facility","both","","","","14198.79","14198.79","","","","","","","","","","","","","Gross Charge Type: Main Acute Price List"
"PLATE, PROXIMAL HUMERUS 5-HOLE LEFT","DelrChSup77195","CDM","278","RC","C1713","HCPCS","","","facility","both","","","","8398.33","8398.33","","","","","","","","","","","","","Gross Charge Type: Main Acute Price List"
"PLATE, PROXIMAL HUMERUS 5-HOLE LEFT","PacuChSup77195","CDM","278","RC","C1713","HCPCS","","","facility","both","","","","8398.33","8398.33","","","","","","","","","","","","","Gross Charge Type: Main Acute Price List"
"PLATE, PROXIMAL HUMERUS 5-HOLE RIGHT","CcthChSup77931","CDM","278","RC","C1713","HCPCS","","","facility","both","","","","8398.33","8398.33","","","","","","","","","","","","","Gross Charge Type: Main Acute Price List"
"PLATE, PROXIMAL HUMERUS 5-HOLE RIGHT","ScpuChSup77931","CDM","278","RC","C1713","HCPCS","","","facility","both","","","","8398.33","8398.33","","","","","","","","","","","","","Gross Charge Type: Main Acute Price List"
"PLATE, PROXIMAL HUMERUS 8-HOLE LT","OperWmSup80401","CDM","278","RC","C1713","HCPCS","","","facility","both","","","","8687.93","8687.93","","","","","","","","","","","","","Gross Charge Type: Main Acute Price List"
"PLATE, PROXIMAL LATERAL 14-HOLE","AnesWmSup115863","CDM","278","RC","C1713","HCPCS","","","facility","both","","","","10676.88","10676.88","","","","","","","","","","","","","Gross Charge Type: Main Acute Price List"
"PLATE, PROXIMAL LATERAL 14-HOLE","OperChSup115863","CDM","278","RC","C1713","HCPCS","","","facility","both","","","","10676.88","10676.88","","","","","","","","","","","","","Gross Charge Type: Main Acute Price List"
"PLATE, PROXIMAL MEDIAL TIBIA 4-HOLE","EplbChSup119116","CDM","278","RC","C1713","HCPCS","","","facility","both","","","","8360.8","8360.8","","","","","","","","","","","","","Gross Charge Type: Main Acute Price List"
"PLATE, PROXIMAL MEDIAL TIBIA 4-HOLE","GastWmSup119116","CDM","278","RC","C1713","HCPCS","","","facility","both","","","","8360.8","8360.8","","","","","","","","","","","","","Gross Charge Type: Main Acute Price List"
"PLATE, PROXIMAL TIBIA VARIABLE ANGLE","PacuWmSup108115","CDM","278","RC","C1713","HCPCS","","","facility","both","","","","9993.37","9993.37","","","","","","","","","","","","","Gross Charge Type: Main Acute Price List"
"PLATE, PROXIMAL ULNA 8-HOLE VA-LCP EXTRA ARTICULAR","DelrChSup115726","CDM","278","RC","C1713","HCPCS","","","facility","both","","","","1192.32","1192.32","","","","","","","","","","","","","Gross Charge Type: Main Acute Price List"
"PLATE, PROXIMAL ULNA VA-LCP 2.7/3.5 10-HOLE RT 184MM","OperChSup115350","CDM","278","RC","C1713","HCPCS","","","facility","both","","","","6152.37","6152.37","","","","","","","","","","","","","Gross Charge Type: Main Acute Price List"
"PLATE, PROXIMAL ULNA VA-LCP 2.7/35.MM EXTRA ARTICULAR","DelrChSup114762","CDM","278","RC","C1713","HCPCS","","","facility","both","","","","7195.57","7195.57","","","","","","","","","","","","","Gross Charge Type: Main Acute Price List"
"PLATE, PYRAMID 4 HOLE 35MM","Chrs5464755","CDM","278","RC","","","","","facility","both","","","","17882.65","17882.65","","","","","","","","","","","","","Gross Charge Type: Main Acute Price List"
"PLATE, PYRAMID 4 HOLE 35MM","CspuChSup64755","CDM","278","RC","","","","","facility","both","","","","17882.65","17882.65","","","","","","","","","","","","","Gross Charge Type: Main Acute Price List"
"PLATE, QTR TUBULAR 7 HOLE 55MM","CLDRChSup70255","CDM","278","RC","C1713","HCPCS","","","facility","both","","","","921.62","921.62","","","","","","","","","","","","","Gross Charge Type: Main Acute Price List"
"PLATE, RADIAL COLUMN PIN 5-HOLE","ScorChSup50794","CDM","278","RC","","","","","facility","both","","","","6128.94","6128.94","","","","","","","","","","","","","Gross Charge Type: Main Acute Price List"
"PLATE, RADIAL HEAD 20MM COMPT","GyscChSup113005","CDM","278","RC","C1713","HCPCS","","","facility","both","","","","9603.05","9603.05","","","","","","","","","","","","","Gross Charge Type: Main Acute Price List"
"PLATE, RADIUS DISTAL VOLAR VARI 2.4MM 3-HOLE","OperWmSup43787","CDM","278","RC","C1713","HCPCS","","","facility","both","","","","4609.64","4609.64","","","","","","","","","","","","","Gross Charge Type: Main Acute Price List"
"PLATE, RADIUS RECON CURVED LP 9-HOLE 3.5MM","CcthChSup30900","CDM","278","RC","C1713","HCPCS","","","facility","both","","","","4605.39","4605.39","","","","","","","","","","","","","Gross Charge Type: Main Acute Price List"
"PLATE, RADIUS VOLAR DISTAL LCP 7-HOLE RT","AngiWmSup43764","CDM","278","RC","C1713","HCPCS","","","facility","both","","","","9116.54","9116.54","","","","","","","","","","","","","Gross Charge Type: Main Acute Price List"
"PLATE, RAMUS LARGE 2.0MM","AnesWmSup119030","CDM","278","RC","C1713","HCPCS","","","facility","both","","","","12591.7","12591.7","","","","","","","","","","","","","Gross Charge Type: Main Acute Price List"
"PLATE, RECON 2.7X128MM 16-HOLE","DelrChSup109520","CDM","278","RC","C1713","HCPCS","","","facility","both","","","","4619.89","4619.89","","","","","","","","","","","","","Gross Charge Type: Main Acute Price List"
"PLATE, RECON 2.7X128MM 16-HOLE","ScanWmSup109520","CDM","278","RC","C1713","HCPCS","","","facility","both","","","","4619.89","4619.89","","","","","","","","","","","","","Gross Charge Type: Main Acute Price List"
"PLATE, RECON 7-HOLE 3.5MM","EplbChSup30896","CDM","278","RC","C1713","HCPCS","","","facility","both","","","","2924.71","2924.71","","","","","","","","","","","","","Gross Charge Type: Main Acute Price List"
"PLATE, RECON 7-HOLE 3.5MM","ScorChSup30896","CDM","278","RC","C1713","HCPCS","","","facility","both","","","","2924.71","2924.71","","","","","","","","","","","","","Gross Charge Type: Main Acute Price List"
"PLATE, RECON 7-HOLE 3.5MM","ScorWmSup30896","CDM","278","RC","C1713","HCPCS","","","facility","both","","","","2924.71","2924.71","","","","","","","","","","","","","Gross Charge Type: Main Acute Price List"
"PLATE, RECON HEMI MAND - 25404","GyscChSup25404","CDM","278","RC","","","","","facility","both","","","","7411.79","7411.79","","","","","","","","","","","","","Gross Charge Type: Main Acute Price List"
"PLATE, RECON HEMI MAND","Chrs5425403","CDM","278","RC","","","","","facility","both","","","","7552.59","7552.59","","","","","","","","","","","","","Gross Charge Type: Main Acute Price List"
"PLATE, RECON LOW PROFILE 3.5MM 7-HOLE","ScorChSup121973","CDM","278","RC","C1713","HCPCS","","","facility","both","","","","2743.15","2743.15","","","","","","","","","","","","","Gross Charge Type: Main Acute Price List"
"PLATE, RECON LOW PROFILE WIDE ANGLE 3.5MM 5-HOLES","Wilm5450188","CDM","278","RC","C1713","HCPCS","","","facility","both","","","","2248.32","2248.32","","","","","","","","","","","","","Gross Charge Type: Main Acute Price List"
"PLATE, RECON LP 6-HOLE 3.5MM","GastWmSup30895","CDM","278","RC","C1713","HCPCS","","","facility","both","","","","2789.62","2789.62","","","","","","","","","","","","","Gross Charge Type: Main Acute Price List"
"PLATE, RECON LP 6-HOLE 3.5MM","OperWmSup30895","CDM","278","RC","C1713","HCPCS","","","facility","both","","","","2789.62","2789.62","","","","","","","","","","","","","Gross Charge Type: Main Acute Price List"
"PLATE, RECON LP 8-HOLE 3.5MM","CcthChSup30897","CDM","278","RC","C1713","HCPCS","","","facility","both","","","","3047.22","3047.22","","","","","","","","","","","","","Gross Charge Type: Main Acute Price List"
"PLATE, RECON TLTS ANGLE 26 HOLE 190MM RIGHT","AngiWmSup111939","CDM","278","RC","C1713","HCPCS","","","facility","both","","","","10556.12","10556.12","","","","","","","","","","","","","Gross Charge Type: Main Acute Price List"
"PLATE, RECONSTRUCT 10 HOLES 140MM","CcthChSup19614","CDM","278","RC","","","","","facility","both","","","","3033.65","3033.65","","","","","","","","","","","","","Gross Charge Type: Main Acute Price List"
"PLATE, RECONSTRUCTION 6 HOLES 84MM","GastWmSup19795","CDM","278","RC","C1713","HCPCS","","","facility","both","","","","2673.28","2673.28","","","","","","","","","","","","","Gross Charge Type: Main Acute Price List"
"PLATE, RECTANGLE 2X3 HOLE","AngiWmSup113983","CDM","278","RC","C1713","HCPCS","","","facility","both","","","","1013.16","1013.16","","","","","","","","","","","","","Gross Charge Type: Main Acute Price List"
"PLATE, RIGID 1.5/0.6 3X3 LT MED L","GastChSup79541","CDM","278","RC","C1713","HCPCS","","","facility","both","","","","1424.82","1424.82","","","","","","","","","","","","","Gross Charge Type: Main Acute Price List"
"PLATE, RIGID GOLD RIGHT LONG 3X3","AnesWmSup80055","CDM","278","RC","C1713","HCPCS","","","facility","both","","","","991.72","991.72","","","","","","","","","","","","","Gross Charge Type: Main Acute Price List"
"PLATE, SALVATION OPEN ROCKER","AnesWmSup78913","CDM","278","RC","C1713","HCPCS","","","facility","both","","","","11502.81","11502.81","","","","","","","","","","","","","Gross Charge Type: Main Acute Price List"
"PLATE, SKYLINE 1-LEVEL 12MM","ScanChSup41638","CDM","278","RC","C1713","HCPCS","","","facility","both","","","","5212.76","5212.76","","","","","","","","","","","","","Gross Charge Type: Main Acute Price List"
"PLATE, SKYLINE 1-LEVEL 16MM","PacuChSup32237","CDM","278","RC","C1713","HCPCS","","","facility","both","","","","5543.76","5543.76","","","","","","","","","","","","","Gross Charge Type: Main Acute Price List"
"PLATE, SKYLINE 2-LEVEL 28MM","OperChSup67308","CDM","278","RC","","","","","facility","both","","","","5212.76","5212.76","","","","","","","","","","","","","Gross Charge Type: Main Acute Price List"
"PLATE, SKYLINE 2-LEVEL 28MM","Wilm3167308","CDM","278","RC","","","","","facility","both","","","","5212.76","5212.76","","","","","","","","","","","","","Gross Charge Type: Main Acute Price List"
"PLATE, SKYLINE 2-LEVEL 34MM","GyscChSup31428","CDM","278","RC","C1713","HCPCS","","","facility","both","","","","5543.76","5543.76","","","","","","","","","","","","","Gross Charge Type: Main Acute Price List"
"PLATE, SKYLINE 22MM","GyscChSup115462","CDM","278","RC","C1713","HCPCS","","","facility","both","","","","5008.3","5008.3","","","","","","","","","","","","","Gross Charge Type: Main Acute Price List"
"PLATE, SKYLINE 22MM","OperWmSup115462","CDM","278","RC","C1713","HCPCS","","","facility","both","","","","5008.3","5008.3","","","","","","","","","","","","","Gross Charge Type: Main Acute Price List"
"PLATE, SKYLINE 22MM","ScpuChSup115462","CDM","278","RC","C1713","HCPCS","","","facility","both","","","","5008.3","5008.3","","","","","","","","","","","","","Gross Charge Type: Main Acute Price List"
"PLATE, SKYLINE 3-LEVEL TI 42MM","OperChSup73750","CDM","278","RC","","","","","facility","both","","","","5965.71","5965.71","","","","","","","","","","","","","Gross Charge Type: Main Acute Price List"
"PLATE, SKYLINE 45MM","ScanChSup36299","CDM","278","RC","","","","","facility","both","","","","5965.71","5965.71","","","","","","","","","","","","","Gross Charge Type: Main Acute Price List"
"PLATE, SKYLINE 57MM","OperWmSup33709","CDM","278","RC","","","","","facility","both","","","","6344.53","6344.53","","","","","","","","","","","","","Gross Charge Type: Main Acute Price List"
"PLATE, SKYLINE 57MM","ScanChSup33709","CDM","278","RC","","","","","facility","both","","","","6344.53","6344.53","","","","","","","","","","","","","Gross Charge Type: Main Acute Price List"
"PLATE, SPEED ANATOMIC QUAD COMPRESSION  28X13X11MM","DelrChSup120172","CDM","278","RC","C1713","HCPCS","","","facility","both","","","","22322.89","22322.89","","","","","","","","","","","","","Gross Charge Type: Main Acute Price List"
"PLATE, SPEED QUAD ANATOMIC COMPRESSION","ScorChSup10180576","CDM","278","RC","C1713","HCPCS","","","facility","both","","","","22328.19","22328.19","","","","","","","","","","","","","Gross Charge Type: Main Acute Price List"
"PLATE, SPEED RAPID COMPRESSION 18X14MM","OperWmSup120173","CDM","278","RC","C1713","HCPCS","","","facility","both","","","","20782.96","20782.96","","","","","","","","","","","","","Gross Charge Type: Main Acute Price List"
"PLATE, SPEED RAPID COMPRESSION 18X14MM","ScanChSup120173","CDM","278","RC","C1713","HCPCS","","","facility","both","","","","20782.96","20782.96","","","","","","","","","","","","","Gross Charge Type: Main Acute Price List"
"PLATE, SPINAL ADJUST LOCK ALPINE","AngiWmSup72020","CDM","278","RC","C1713","HCPCS","","","facility","both","","","","16015.32","16015.32","","","","","","","","","","","","","Gross Charge Type: Main Acute Price List"
"PLATE, SPINAL AFFIX II 35MM","CcthChSup42684","CDM","278","RC","","","","","facility","both","","","","24638.96","24638.96","","","","","","","","","","","","","Gross Charge Type: Main Acute Price List"
"PLATE, SPINAL AFFIX II 35MM","ScpuWmSup42684","CDM","278","RC","","","","","facility","both","","","","24638.96","24638.96","","","","","","","","","","","","","Gross Charge Type: Main Acute Price List"
"PLATE, SPINAL AFFIX III 35MM","PacuChSup63109","CDM","278","RC","C1713","HCPCS","","","facility","both","","","","24638.96","24638.96","","","","","","","","","","","","","Gross Charge Type: Main Acute Price List"
"PLATE, SPINAL AGX RP 14X5MM","OperWmSup10195765","CDM","278","RC","C1889","HCPCS","","","facility","both","","","","4672","4672","","","","","","","","","","","","","Gross Charge Type: Main Acute Price List"
"PLATE, SPINAL COALITION AGX 16MM X 8MM","OperChSup10180998","CDM","278","RC","C1713","HCPCS","","","facility","both","","","","4672","4672","","","","","","","","","","","","","Gross Charge Type: Main Acute Price List"
"PLATE, SPIRE CD HORIZON 35MM","GastWmSup40336","CDM","278","RC","C1713","HCPCS","","","facility","both","","","","23114.43","23114.43","","","","","","","","","","","","","Gross Charge Type: Main Acute Price List"
"PLATE, SPRING 2-HOLES 3.5MM STERILE","Chrs5449071","CDM","278","RC","C1713","HCPCS","","","facility","both","","","","2503.75","2503.75","","","","","","","","","","","","","Gross Charge Type: Main Acute Price List"
"PLATE, SPRING 2-HOLES 3.5MM STERILE","OperWmSup49071","CDM","278","RC","C1713","HCPCS","","","facility","both","","","","2503.75","2503.75","","","","","","","","","","","","","Gross Charge Type: Main Acute Price List"
"PLATE, SPRING 3-HOLE 3.5MM STERILE","PacuWmSup39599","CDM","278","RC","C1713","HCPCS","","","facility","both","","","","2704.8","2704.8","","","","","","","","","","","","","Gross Charge Type: Main Acute Price List"
"PLATE, SPRING 3-HOLE 3.5MM STERILE","Wilm5439599","CDM","278","RC","C1713","HCPCS","","","facility","both","","","","2704.8","2704.8","","","","","","","","","","","","","Gross Charge Type: Main Acute Price List"
"PLATE, SQUARE 4-HOLE 1.5MM","ScpuWmSup107816","CDM","278","RC","C1713","HCPCS","","","facility","both","","","","1059.47","1059.47","","","","","","","","","","","","","Gross Charge Type: Main Acute Price List"
"PLATE, STANDARD LAPIDUS LEFT ORTHOLOC","PacuChSup107951","CDM","278","RC","C1713","HCPCS","","","facility","both","","","","11641.9","11641.9","","","","","","","","","","","","","Gross Charge Type: Main Acute Price List"
"PLATE, STERNAL LOCKING LARGE 8-HOLE","OperWmSup75235","CDM","278","RC","C1713","HCPCS","","","facility","both","","","","6573.86","6573.86","","","","","","","","","","","","","Gross Charge Type: Main Acute Price List"
"PLATE, STERNAL LOCKING STAR 12-HOLES","ScpuWmSup66315","CDM","278","RC","C1713","HCPCS","","","facility","both","","","","4227.49","4227.49","","","","","","","","","","","","","Gross Charge Type: Main Acute Price List"
"PLATE, STERNAL LOCKING STAR 6-HOLES","AngiChSup77720","CDM","278","RC","C1713","HCPCS","","","facility","both","","","","3831.55","3831.55","","","","","","","","","","","","","Gross Charge Type: Main Acute Price List"
"PLATE, STR 2.0  5 HOLE","CcthChSup6420","CDM","278","RC","C1713","HCPCS","","","facility","both","","","","367.96","367.96","","","","","","","","","","","","","Gross Charge Type: Main Acute Price List"
"PLATE, STR 2.0  5 HOLE","OperChSup6420","CDM","278","RC","C1713","HCPCS","","","facility","both","","","","367.96","367.96","","","","","","","","","","","","","Gross Charge Type: Main Acute Price List"
"PLATE, STRAIGHT 1.5 8-HOLE","GyscChSup106457","CDM","278","RC","C1713","HCPCS","","","facility","both","","","","991.72","991.72","","","","","","","","","","","","","Gross Charge Type: Main Acute Price List"
"PLATE, STRAIGHT 1.5MM 4-HOLE 112183","DelrChSup112183","CDM","278","RC","C1713","HCPCS","","","facility","both","","","","332.63","332.63","","","","","","","","","","","","","Gross Charge Type: Main Acute Price List"
"PLATE, STRAIGHT 16 HOLE 111937","PacuChSup111937","CDM","278","RC","C1713","HCPCS","","","facility","both","","","","4804.6","4804.6","","","","","","","","","","","","","Gross Charge Type: Main Acute Price List"
"PLATE, STRAIGHT 16 HOLE","CspuChSup109850","CDM","278","RC","C1713","HCPCS","","","facility","both","","","","4325.89","4325.89","","","","","","","","","","","","","Gross Charge Type: Main Acute Price List"
"PLATE, STRAIGHT 16 HOLE","GastWmSup109850","CDM","278","RC","C1713","HCPCS","","","facility","both","","","","4325.89","4325.89","","","","","","","","","","","","","Gross Charge Type: Main Acute Price List"
"PLATE, STRAIGHT 2.6MM 16-HOLE","AnesWmSup110852","CDM","278","RC","C1713","HCPCS","","","facility","both","","","","7321.02","7321.02","","","","","","","","","","","","","Gross Charge Type: Main Acute Price List"
"PLATE, STRAIGHT 4-HOLE 2.0MM","PacuWmSup106905","CDM","278","RC","C1713","HCPCS","","","facility","both","","","","2827.32","2827.32","","","","","","","","","","","","","Gross Charge Type: Main Acute Price List"
"PLATE, STRAIGHT 4-HOLE W/GAP","OperWmSup106332","CDM","278","RC","C1713","HCPCS","","","facility","both","","","","1977.28","1977.28","","","","","","","","","","","","","Gross Charge Type: Main Acute Price List"
"PLATE, STRAIGHT 4-HOLE","GyscChSup80084","CDM","278","RC","C1713","HCPCS","","","facility","both","","","","991.72","991.72","","","","","","","","","","","","","Gross Charge Type: Main Acute Price List"
"PLATE, STRAIGHT 6 HOLE 2.0MM","DelrChSup112370","CDM","278","RC","C1713","HCPCS","","","facility","both","","","","2729.4","2729.4","","","","","","","","","","","","","Gross Charge Type: Main Acute Price List"
"PLATE, STRAIGHT 6 HOLE 2.0MM","ScpuWmSup112370","CDM","278","RC","C1713","HCPCS","","","facility","both","","","","2729.4","2729.4","","","","","","","","","","","","","Gross Charge Type: Main Acute Price List"
"PLATE, STRAIGHT 6-HOLE 2.4 REINFORCED STRIGHT","ScpuWmSup113949","CDM","278","RC","C1713","HCPCS","","","facility","both","","","","4327.82","4327.82","","","","","","","","","","","","","Gross Charge Type: Main Acute Price List"
"PLATE, STRAIGHT BROAD 10-HOLE","CcthChSup113707","CDM","278","RC","C1713","HCPCS","","","facility","both","","","","5450.13","5450.13","","","","","","","","","","","","","Gross Charge Type: Main Acute Price List"
"PLATE, STRAIGHT BROAD 11-HOLE 3.5MM","ScorChSup10190498","CDM","278","RC","C1713","HCPCS","","","facility","both","","","","11303.89","11303.89","","","","","","","","","","","","","Gross Charge Type: Main Acute Price List"
"PLATE, STRAIGHT BROAD 5-HOLE","AngiChSup106103","CDM","278","RC","C1713","HCPCS","","","facility","both","","","","5970.52","5970.52","","","","","","","","","","","","","Gross Charge Type: Main Acute Price List"
"PLATE, STRAIGHT BROAD 5-HOLE","ScpuWmSup106103","CDM","278","RC","C1713","HCPCS","","","facility","both","","","","5970.52","5970.52","","","","","","","","","","","","","Gross Charge Type: Main Acute Price List"
"PLATE, STRAIGHT BROAD 6-HOLE","CspuChSup109883","CDM","278","RC","C1713","HCPCS","","","facility","both","","","","5124.72","5124.72","","","","","","","","","","","","","Gross Charge Type: Main Acute Price List"
"PLATE, STRAIGHT BROAD 8-HOLE","GyscChSup114669","CDM","278","RC","C1713","HCPCS","","","facility","both","","","","5122.53","5122.53","","","","","","","","","","","","","Gross Charge Type: Main Acute Price List"
"PLATE, STRAIGHT BROAD 9-HOLE 4.5MM","OperWmSup10190497","CDM","278","RC","C1713","HCPCS","","","facility","both","","","","13232.59","13232.59","","","","","","","","","","","","","Gross Charge Type: Main Acute Price List"
"PLATE, STRAIGHT CRANIAL 18MML HOLEX6 TITANIUM DOUBLE Y-SHAPED BLUE MATRIXNEURO LATEX-FREE NON-STERILE","ScanWmSup114394","CDM","278","RC","C1713","HCPCS","","","facility","both","","","","1870","1870","","","","","","","","","","","","","Gross Charge Type: Main Acute Price List"
"PLATE, STRAIGHT DOUBLE ANGLE SM 2.6MM","GastWmSup111098","CDM","278","RC","C1713","HCPCS","","","facility","both","","","","10366.84","10366.84","","","","","","","","","","","","","Gross Charge Type: Main Acute Price List"
"PLATE, STRAIGHT LARGE 2.0MM","ScpuChSup107999","CDM","278","RC","C1713","HCPCS","","","facility","both","","","","7958.38","7958.38","","","","","","","","","","","","","Gross Charge Type: Main Acute Price List"
"PLATE, STRAIGHT LARGE 2.6MM","DelrChSup107902","CDM","278","RC","C1713","HCPCS","","","facility","both","","","","7625.76","7625.76","","","","","","","","","","","","","Gross Charge Type: Main Acute Price List"
"PLATE, STRAIGHT LARGE 2.6MM","PacuWmSup107902","CDM","278","RC","C1713","HCPCS","","","facility","both","","","","7625.76","7625.76","","","","","","","","","","","","","Gross Charge Type: Main Acute Price List"
"PLATE, STRAIGHT LOCK MIDFACE 16-HOLE","OperWmSup25112","CDM","278","RC","","","","","facility","both","","","","1775.4","1775.4","","","","","","","","","","","","","Gross Charge Type: Main Acute Price List"
"PLATE, STRAIGHT LP 5 HOLE TI 3.0MM","PacuWmSup67894","CDM","278","RC","C1713","HCPCS","","","facility","both","","","","5022.2","5022.2","","","","","","","","","","","","","Gross Charge Type: Main Acute Price List"
"PLATE, STRAIGHT LRG DOUBLE ANGLE 2.8MM","AnesChSup110596","CDM","278","RC","C1713","HCPCS","","","facility","both","","","","21559.08","21559.08","","","","","","","","","","","","","Gross Charge Type: Main Acute Price List"
"PLATE, STRAIGHT MATRIXRIB TI 1.5MM 24-HOLE","AnesChSup112526","CDM","278","RC","C1713","HCPCS","","","facility","both","","","","12163.1","12163.1","","","","","","","","","","","","","Gross Charge Type: Main Acute Price List"
"PLATE, STRAIGHT MATRIXRIB TI 1.5MM 24-HOLE","AngiWmSup112526","CDM","278","RC","C1713","HCPCS","","","facility","both","","","","12163.1","12163.1","","","","","","","","","","","","","Gross Charge Type: Main Acute Price List"
"PLATE, STRAIGHT MATRIXRIB TI 1.5MM 24-HOLE","ScanChSup112526","CDM","278","RC","C1713","HCPCS","","","facility","both","","","","12163.1","12163.1","","","","","","","","","","","","","Gross Charge Type: Main Acute Price List"
"PLATE, STRAIGHT MATRIXRIB TI 1.5X300MM 30-HOLE","AnesWmSup113783","CDM","278","RC","C1713","HCPCS","","","facility","both","","","","14479.88","14479.88","","","","","","","","","","","","","Gross Charge Type: Main Acute Price List"
"PLATE, STRAIGHT MATRIXRIB TI 1.5X300MM 30-HOLE","ScorChSup113783","CDM","278","RC","C1713","HCPCS","","","facility","both","","","","14479.88","14479.88","","","","","","","","","","","","","Gross Charge Type: Main Acute Price List"
"PLATE, STRAIGHT MATRIXRIB TI 2.8MM 10-HOLE STRL","OperChSup110276","CDM","278","RC","C1713","HCPCS","","","facility","both","","","","7784.38","7784.38","","","","","","","","","","","","","Gross Charge Type: Main Acute Price List"
"PLATE, STRAIGHT MATRIXRIB TI 2.8MM 10-HOLE","GastWmSup110275","CDM","278","RC","C1713","HCPCS","","","facility","both","","","","7344.19","7344.19","","","","","","","","","","","","","Gross Charge Type: Main Acute Price List"
"PLATE, STRAIGHT MATRIXRIB TI 2.8MM 8-HOLE","GastWmSup113915","CDM","278","RC","C1713","HCPCS","","","facility","both","","","","6394.4","6394.4","","","","","","","","","","","","","Gross Charge Type: Main Acute Price List"
"PLATE, STRAIGHT MATRIXRIB TI 2.8MM 8-HOLE","ScanChSup113915","CDM","278","RC","C1713","HCPCS","","","facility","both","","","","6394.4","6394.4","","","","","","","","","","","","","Gross Charge Type: Main Acute Price List"
"PLATE, STRAIGHT ORTHOLOC 3DI 6-HOLE","OperWmSup78583","CDM","278","RC","C1713","HCPCS","","","facility","both","","","","3625.76","3625.76","","","","","","","","","","","","","Gross Charge Type: Main Acute Price List"
"PLATE, STRAIGHT PINCH 6-HOLE","EplbChSup115097","CDM","278","RC","C1713","HCPCS","","","facility","both","","","","6815.64","6815.64","","","","","","","","","","","","","Gross Charge Type: Main Acute Price List"
"PLATE, STRAIGHT PINCH 6-HOLE","OperChSup115097","CDM","278","RC","C1713","HCPCS","","","facility","both","","","","6815.64","6815.64","","","","","","","","","","","","","Gross Charge Type: Main Acute Price List"
"PLATE, STRAIGHT PINCH 6-HOLE","PacuWmSup115097","CDM","278","RC","C1713","HCPCS","","","facility","both","","","","6815.64","6815.64","","","","","","","","","","","","","Gross Charge Type: Main Acute Price List"
"PLATE, STRAIGHT REINFORCED 8-HOLE 2.4MM","OperWmSup115743","CDM","278","RC","C1713","HCPCS","","","facility","both","","","","4688.47","4688.47","","","","","","","","","","","","","Gross Charge Type: Main Acute Price List"
"PLATE, STRAIGHT SLIM 5-HOLE (T8)","GastChSup117880","CDM","278","RC","C1713","HCPCS","","","facility","both","","","","5012.79","5012.79","","","","","","","","","","","","","Gross Charge Type: Main Acute Price List"
"PLATE, STRAIGHT SLIM 7-HOLE","PacuWmSup107426","CDM","278","RC","C1713","HCPCS","","","facility","both","","","","5012.79","5012.79","","","","","","","","","","","","","Gross Charge Type: Main Acute Price List"
"PLATE, STRAIGHT TUBULAR 5 HOLE","GyscChSup79132","CDM","278","RC","C1713","HCPCS","","","facility","both","","","","2094.31","2094.31","","","","","","","","","","","","","Gross Charge Type: Main Acute Price List"
"PLATE, STRAIGHT VARIAX 3-HOLE","EplbChSup59972","CDM","278","RC","C1713","HCPCS","","","facility","both","","","","2572.09","2572.09","","","","","","","","","","","","","Gross Charge Type: Main Acute Price List"
"PLATE, STRAIGHT VARIAX 3-HOLE","ScpuChSup59972","CDM","278","RC","C1713","HCPCS","","","facility","both","","","","2572.09","2572.09","","","","","","","","","","","","","Gross Charge Type: Main Acute Price List"
"PLATE, STRAIGHT W/GAP 4-HOLE 1.0MM GRADE IV","GastWmSup107778","CDM","278","RC","C1713","HCPCS","","","facility","both","","","","1792.49","1792.49","","","","","","","","","","","","","Gross Charge Type: Main Acute Price List"
"PLATE, STRUT LOW PROFILE TI 6-HOLE","ScorWmSup34744","CDM","278","RC","C1713","HCPCS","","","facility","both","","","","1883.15","1883.15","","","","","","","","","","","","","Gross Charge Type: Main Acute Price List"
"PLATE, STRUT NEURO LP 8-HOLE","PacuChSup61813","CDM","278","RC","C1713","HCPCS","","","facility","both","","","","2673.82","2673.82","","","","","","","","","","","","","Gross Charge Type: Main Acute Price List"
"PLATE, SUBCONDULAR 5-HOLE","AngiWmSup77440","CDM","278","RC","C1713","HCPCS","","","facility","both","","","","4432.52","4432.52","","","","","","","","","","","","","Gross Charge Type: Main Acute Price List"
"PLATE, SUBCONDULAR 5-HOLE","OperChSup77440","CDM","278","RC","C1713","HCPCS","","","facility","both","","","","4432.52","4432.52","","","","","","","","","","","","","Gross Charge Type: Main Acute Price List"
"PLATE, SUPERIOR DECREASED 6-HOLE RT","CspuChSup106837","CDM","278","RC","C1713","HCPCS","","","facility","both","","","","7412.07","7412.07","","","","","","","","","","","","","Gross Charge Type: Main Acute Price List"
"PLATE, SUPERIOR DECREASED 6-HOLE RT","GastWmSup106837","CDM","278","RC","C1713","HCPCS","","","facility","both","","","","7412.07","7412.07","","","","","","","","","","","","","Gross Charge Type: Main Acute Price List"
"PLATE, SUPERIOR DECREASED 6-HOLE RT","ScpuChSup106837","CDM","278","RC","C1713","HCPCS","","","facility","both","","","","7412.07","7412.07","","","","","","","","","","","","","Gross Charge Type: Main Acute Price List"
"PLATE, SUPRAPECTINEAL LEFT","OperWmSup57754","CDM","278","RC","C1713","HCPCS","","","facility","both","","","","14741.79","14741.79","","","","","","","","","","","","","Gross Charge Type: Main Acute Price List"
"PLATE, SUPRAPECTINEAL RIGHT","EplbChSup66130","CDM","278","RC","C1713","HCPCS","","","facility","both","","","","13861.58","13861.58","","","","","","","","","","","","","Gross Charge Type: Main Acute Price List"
"PLATE, SUPRAPECTINEAL RIGHT","PacuChSup66130","CDM","278","RC","C1713","HCPCS","","","facility","both","","","","13861.58","13861.58","","","","","","","","","","","","","Gross Charge Type: Main Acute Price List"
"PLATE, SUPRAPECTINEAL RIGHT","ScanChSup66130","CDM","278","RC","C1713","HCPCS","","","facility","both","","","","13861.58","13861.58","","","","","","","","","","","","","Gross Charge Type: Main Acute Price List"
"PLATE, SUPRAPECTINEAL RIGHT","ScorChSup66130","CDM","278","RC","C1713","HCPCS","","","facility","both","","","","13861.58","13861.58","","","","","","","","","","","","","Gross Charge Type: Main Acute Price List"
"PLATE, SWIFT + ACP 4-LEVEL 68MM","AngiWmSup41637","CDM","278","RC","","","","","facility","both","","","","6371.14","6371.14","","","","","","","","","","","","","Gross Charge Type: Main Acute Price List"
"PLATE, SWIFT PLUS 57MM","ScpuChSup36197","CDM","278","RC","","","","","facility","both","","","","5965.71","5965.71","","","","","","","","","","","","","Gross Charge Type: Main Acute Price List"
"PLATE, SWIFT PLUS ACP 1-LEVEL 29MM","ScanWmSup58764","CDM","278","RC","","","","","facility","both","","","","5328.59","5328.59","","","","","","","","","","","","","Gross Charge Type: Main Acute Price List"
"PLATE, SWIFT PLUS ACP 1-LEVEL 29MM","ScpuWmSup58764","CDM","278","RC","","","","","facility","both","","","","5328.59","5328.59","","","","","","","","","","","","","Gross Charge Type: Main Acute Price List"
"PLATE, SWIFT PLUS ACP 2-LEVEL 34MM","Wilm5436297","CDM","278","RC","C1713","HCPCS","","","facility","both","","","","5212.76","5212.76","","","","","","","","","","","","","Gross Charge Type: Main Acute Price List"
"PLATE, SWITCH TWO HOLE MEDIUM CONDUIT","ScanChSup118869","CDM","278","RC","C1713","HCPCS","","","facility","both","","","","15638.27","15638.27","","","","","","","","","","","","","Gross Charge Type: Main Acute Price List"
"PLATE, T 2.4MM","CcthChSup107890","CDM","278","RC","C1713","HCPCS","","","facility","both","","","","4760.24","4760.24","","","","","","","","","","","","","Gross Charge Type: Main Acute Price List"
"PLATE, T 2X5","ScanWmSup109663","CDM","278","RC","C1713","HCPCS","","","facility","both","","","","5450.13","5450.13","","","","","","","","","","","","","Gross Charge Type: Main Acute Price List"
"PLATE, T 2X5","ScpuChSup109663","CDM","278","RC","C1713","HCPCS","","","facility","both","","","","5450.13","5450.13","","","","","","","","","","","","","Gross Charge Type: Main Acute Price List"
"PLATE, T-PLATE ORTHOLOC 3DI 7-HOLE","ScanChSup109144","CDM","278","RC","C1713","HCPCS","","","facility","both","","","","3855.99","3855.99","","","","","","","","","","","","","Gross Charge Type: Main Acute Price List"
"PLATE, TEMPLATE STRAIGHT 24-HOLE","CcthChSup107019","CDM","278","RC","C1713","HCPCS","","","facility","both","","","","400.38","400.38","","","","","","","","","","","","","Gross Charge Type: Main Acute Price List"
"PLATE, THINFLAP CURVED 10 HOLE 40MM","Chrs5456787","CDM","278","RC","C1713","HCPCS","","","facility","both","","","","764.54","764.54","","","","","","","","","","","","","Gross Charge Type: Main Acute Price List"
"PLATE, THINFLAP SQUARE 4 HOLE 13MM","ScanWmSup56778","CDM","278","RC","C1713","HCPCS","","","facility","both","","","","733.01","733.01","","","","","","","","","","","","","Gross Charge Type: Main Acute Price List"
"PLATE, THINFLAP STRAIGHT 16 HOLE 65MM","OperChSup56783","CDM","278","RC","","","","","facility","both","","","","828.25","828.25","","","","","","","","","","","","","Gross Charge Type: Main Acute Price List"
"PLATE, THINFLAP STRAIGHT 4 HOLE 22MM","ScanChSup56785","CDM","278","RC","C1713","HCPCS","","","facility","both","","","","376.48","376.48","","","","","","","","","","","","","Gross Charge Type: Main Acute Price List"
"PLATE, THINFLAP STRAIGHT 6 HOLE 28MM","Wilm5456784","CDM","278","RC","","","","","facility","both","","","","813.09","813.09","","","","","","","","","","","","","Gross Charge Type: Main Acute Price List"
"PLATE, THINFLAP Y 20MM","PacuChSup56789","CDM","278","RC","","","","","facility","both","","","","764.54","764.54","","","","","","","","","","","","","Gross Charge Type: Main Acute Price List"
"PLATE, TI ANT T/L LOCK 108MM","ScorWmSup205212","CDM","278","RC","C1713","HCPCS","","","facility","both","","","","10629.09","10629.09","","","","","","","","","","","","","Gross Charge Type: Main Acute Price List"
"PLATE, TI LOW PROFILE 10X16MM, 4-HOLE","ScorWmSup39234","CDM","278","RC","C1713","HCPCS","","","facility","both","","","","1032.98","1032.98","","","","","","","","","","","","","Gross Charge Type: Main Acute Price List"
"PLATE, TIBIA ANTEROLAT DISTAL VA-LCP 8-HOLE 2.7X35MM LT STRL","AnesWmSup79206","CDM","278","RC","C1713","HCPCS","","","facility","both","","","","11204.99","11204.99","","","","","","","","","","","","","Gross Charge Type: Main Acute Price List"
"PLATE, TIBIA DISTAL 3.5MM LCP LOW BEND 10-HOLE LEFT STRL","PacuChSup114629","CDM","278","RC","C1713","HCPCS","","","facility","both","","","","7868.14","7868.14","","","","","","","","","","","","","Gross Charge Type: Main Acute Price List"
"PLATE, TIBIA DISTAL MEDIA 6-HOLE LT 123MM","CcthChSup65477","CDM","278","RC","C1713","HCPCS","","","facility","both","","","","9939.1","9939.1","","","","","","","","","","","","","Gross Charge Type: Main Acute Price List"
"PLATE, TIBIA DISTAL MEDIAL 12-HOLE","CspuChSup61854","CDM","278","RC","C1713","HCPCS","","","facility","both","","","","10791.12","10791.12","","","","","","","","","","","","","Gross Charge Type: Main Acute Price List"
"PLATE, TIBIA DISTAL MEDIAL 12-HOLE","ScanChSup61854","CDM","278","RC","C1713","HCPCS","","","facility","both","","","","10791.12","10791.12","","","","","","","","","","","","","Gross Charge Type: Main Acute Price List"
"PLATE, TIBIA MEDIAL DISTAL VA-LCP 2.7/3.5MM 10-HOLE RT STRL","ScanWmSup106700","CDM","278","RC","C1713","HCPCS","","","facility","both","","","","10630.55","10630.55","","","","","","","","","","","","","Gross Charge Type: Main Acute Price List"
"PLATE, TIBIA MEDIAL DISTAL VA-LCP 2.7/3.5MM 8-HOLE LT STRL","PacuChSup78474","CDM","278","RC","C1713","HCPCS","","","facility","both","","","","11193.23","11193.23","","","","","","","","","","","","","Gross Charge Type: Main Acute Price List"
"PLATE, TIBIA MEDIAL PROXIMAL 14-HOLE LT","ScanWmSup112073","CDM","278","RC","C1713","HCPCS","","","facility","both","","","","10618.15","10618.15","","","","","","","","","","","","","Gross Charge Type: Main Acute Price List"
"PLATE, TIBIA MEDIAL RT MD","AnesWmSup115366","CDM","278","RC","C1713","HCPCS","","","facility","both","","","","9830.54","9830.54","","","","","","","","","","","","","Gross Charge Type: Main Acute Price List"
"PLATE, TIBIA PLAZE SMALL MEDIAL COMPT","AngiWmSup112172","CDM","278","RC","C1713","HCPCS","","","facility","both","","","","7330.09","7330.09","","","","","","","","","","","","","Gross Charge Type: Main Acute Price List"
"PLATE, TIBIA POSTERIOR LG NON STERILE","AngiWmSup117116","CDM","278","RC","C1713","HCPCS","","","facility","both","","","","6627.88","6627.88","","","","","","","","","","","","","Gross Charge Type: Main Acute Price List"
"PLATE, TIBIA POSTERIOR LG NON STERILE","ScpuChSup117116","CDM","278","RC","C1713","HCPCS","","","facility","both","","","","6627.88","6627.88","","","","","","","","","","","","","Gross Charge Type: Main Acute Price List"
"PLATE, TIBIA PROX LAT FOR LT TIBIA 14-HOLE 251MM","CspuChSup63496","CDM","278","RC","C1713","HCPCS","","","facility","both","","","","11354.87","11354.87","","","","","","","","","","","","","Gross Charge Type: Main Acute Price List"
"PLATE, TIBIA PROX LAT FOR LT TIBIA 14-HOLE 251MM","GastChSup63496","CDM","278","RC","C1713","HCPCS","","","facility","both","","","","11354.87","11354.87","","","","","","","","","","","","","Gross Charge Type: Main Acute Price List"
"PLATE, TIBIA PROX MEDIAL 3.5MM 6-HOLE STRL","OperChSup110849","CDM","278","RC","C1713","HCPCS","","","facility","both","","","","9988.94","9988.94","","","","","","","","","","","","","Gross Charge Type: Main Acute Price List"
"PLATE, TIBIA PROX MEDIAL RT 6-HOLE 3.5X119MM","Chrs5454418","CDM","278","RC","C1713","HCPCS","","","facility","both","","","","9079.58","9079.58","","","","","","","","","","","","","Gross Charge Type: Main Acute Price List"
"PLATE, TIBIA PROX MEDIAL RT 6-HOLR 3.5X119MM STRL","OperWmSup119689","CDM","278","RC","C1713","HCPCS","","","facility","both","","","","9392.52","9392.52","","","","","","","","","","","","","Gross Charge Type: Main Acute Price List"
"PLATE, TIBIA PROX VA LCP SMALL BEND 3.5X87MM RT STRL","EplbChSup78272","CDM","278","RC","C1713","HCPCS","","","facility","both","","","","7541.28","7541.28","","","","","","","","","","","","","Gross Charge Type: Main Acute Price List"
"PLATE, TIBIA PROX VA LCP SMALL BEND 3.5X87MM RT STRL","GyscChSup78272","CDM","278","RC","C1713","HCPCS","","","facility","both","","","","7541.28","7541.28","","","","","","","","","","","","","Gross Charge Type: Main Acute Price List"
"PLATE, TIBIA PROX VA LCP SMALL BEND 3.5X87MM RT STRL","ScanChSup78272","CDM","278","RC","C1713","HCPCS","","","facility","both","","","","7541.28","7541.28","","","","","","","","","","","","","Gross Charge Type: Main Acute Price List"
"PLATE, TIBIA PROX VA-LCP BEND 10-HOLE 3.5X177MM RIGHT STRL","AngiWmSup78172","CDM","278","RC","C1713","HCPCS","","","facility","both","","","","12362.42","12362.42","","","","","","","","","","","","","Gross Charge Type: Main Acute Price List"
"PLATE, TIBIA PROXIMAL LATERAL 16-HOLE LT","OperChSup10190717","CDM","278","RC","C1713","HCPCS","","","facility","both","","","","17391.4","17391.4","","","","","","","","","","","","","Gross Charge Type: Main Acute Price List"
"PLATE, TIBIA PROXIMAL MEDIAL 8-HOLE RT","OperWmSup121417","CDM","278","RC","C1713","HCPCS","","","facility","both","","","","14562.86","14562.86","","","","","","","","","","","","","Gross Charge Type: Main Acute Price List"
"PLATE, TIBIA PROXIMAL POSTEROMEDIAL  LCP3.5","ScorChSup53478","CDM","278","RC","C1713","HCPCS","","","facility","both","","","","7178.25","7178.25","","","","","","","","","","","","","Gross Charge Type: Main Acute Price List"
"PLATE, TIBIA PROXIMAL POSTEROMEDIAL LCP 3.5X131MM 6-HOLE","ScpuChSup77461","CDM","278","RC","C1713","HCPCS","","","facility","both","","","","7322.77","7322.77","","","","","","","","","","","","","Gross Charge Type: Main Acute Price List"
"PLATE, TIBIA PROXIMAL POSTEROMEDIAL LCP 3.5X69MM 1-HOLE","AngiWmSup107865","CDM","278","RC","C1713","HCPCS","","","facility","both","","","","7099.71","7099.71","","","","","","","","","","","","","Gross Charge Type: Main Acute Price List"
"PLATE, TIBIA PROXIMAL POSTEROMEDIAL LCP 3.5X69MM 1-HOLE","ScorWmSup107865","CDM","278","RC","C1713","HCPCS","","","facility","both","","","","7099.71","7099.71","","","","","","","","","","","","","Gross Charge Type: Main Acute Price List"
"PLATE, TIBIA PROXIMAL VA LCP 6H 3.5X117M","ScanWmSup57746","CDM","278","RC","C1713","HCPCS","","","facility","both","","","","9764.23","9764.23","","","","","","","","","","","","","Gross Charge Type: Main Acute Price List"
"PLATE, TIBIAL LCP MEDIAL/PROX 4-HOLE LT 93MM","PacuChSup43045","CDM","278","RC","C1713","HCPCS","","","facility","both","","","","8960.2","8960.2","","","","","","","","","","","","","Gross Charge Type: Main Acute Price List"
"PLATE, TIBIAL LCP PROX 14-HOLE LEFT 4.5MM","PacuChSup23294","CDM","278","RC","","","","","facility","both","","","","8711.04","8711.04","","","","","","","","","","","","","Gross Charge Type: Main Acute Price List"
"PLATE, TIBIAL MED 6-HOLE LEFT 120MM","OperChSup7378","CDM","278","RC","C1713","HCPCS","","","facility","both","","","","4872.65","4872.65","","","","","","","","","","","","","Gross Charge Type: Main Acute Price List"
"PLATE, TIBIAL MED 6-HOLE LEFT 120MM","ScorWmSup7378","CDM","278","RC","C1713","HCPCS","","","facility","both","","","","4872.65","4872.65","","","","","","","","","","","","","Gross Charge Type: Main Acute Price List"
"PLATE, TIBIAL MEDIAL PROXIMAL LCP 14-HOLE 3.5MM","DelrChSup108278","CDM","278","RC","C1713","HCPCS","","","facility","both","","","","8940.22","8940.22","","","","","","","","","","","","","Gross Charge Type: Main Acute Price List"
"PLATE, TIBIAL PROXIMAL 4-HOLE 3.5MM","ScpuWmSup34091","CDM","278","RC","C1713","HCPCS","","","facility","both","","","","8960.2","8960.2","","","","","","","","","","","","","Gross Charge Type: Main Acute Price List"
"PLATE, TIBIAXIS ANTERIOR RT LATERAL","ScorChSup43281","CDM","278","RC","C1713","HCPCS","","","facility","both","","","","11159.64","11159.64","","","","","","","","","","","","","Gross Charge Type: Main Acute Price List"
"PLATE, TIBIAXIS ANTERIOR RT MEDIAL","ScpuWmSup43280","CDM","278","RC","C1713","HCPCS","","","facility","both","","","","8450.22","8450.22","","","","","","","","","","","","","Gross Charge Type: Main Acute Price List"
"PLATE, TIBIOTALAR FUSION LATERAL","ScpuWmSup67760","CDM","278","RC","C1713","HCPCS","","","facility","both","","","","13849.25","13849.25","","","","","","","","","","","","","Gross Charge Type: Main Acute Price List"
"PLATE, TITAN FAN-MTM 0.85MM","PacuWmSup59143","CDM","278","RC","C1713","HCPCS","","","facility","both","","","","5246.73","5246.73","","","","","","","","","","","","","Gross Charge Type: Main Acute Price List"
"PLATE, TMT COMPRESSION 4-HOLE","AnesChSup72838","CDM","278","RC","C1713","HCPCS","","","facility","both","","","","6707.08","6707.08","","","","","","","","","","","","","Gross Charge Type: Main Acute Price List"
"PLATE, TMT COMPRESSION 4-HOLE","ScorWmSup72838","CDM","278","RC","C1713","HCPCS","","","facility","both","","","","6707.08","6707.08","","","","","","","","","","","","","Gross Charge Type: Main Acute Price List"
"PLATE, TMT LISFRANC DUAL RAY SMALL  RT","OperWmSup74909","CDM","278","RC","C1713","HCPCS","","","facility","both","","","","7132.98","7132.98","","","","","","","","","","","","","Gross Charge Type: Main Acute Price List"
"PLATE, TMT LISFRANC DUAL RAY SMALL LT","ScanChSup75338","CDM","278","RC","C1713","HCPCS","","","facility","both","","","","7132.98","7132.98","","","","","","","","","","","","","Gross Charge Type: Main Acute Price List"
"PLATE, TRAPEZOID 1.0MM","GastChSup114248","CDM","278","RC","C1713","HCPCS","","","facility","both","","","","1534.21","1534.21","","","","","","","","","","","","","Gross Charge Type: Main Acute Price List"
"PLATE, TRAPEZOID 1.0MM","OperWmSup114248","CDM","278","RC","C1713","HCPCS","","","facility","both","","","","1534.21","1534.21","","","","","","","","","","","","","Gross Charge Type: Main Acute Price List"
"PLATE, TRAPEZOID 1.0MM","PacuChSup114248","CDM","278","RC","C1713","HCPCS","","","facility","both","","","","1534.21","1534.21","","","","","","","","","","","","","Gross Charge Type: Main Acute Price List"
"PLATE, TROCHANTERIC DALL MILES 2 CABLES 200MM","OperChSup79386","CDM","278","RC","C1713","HCPCS","","","facility","both","","","","11151.1","11151.1","","","","","","","","","","","","","Gross Charge Type: Main Acute Price List"
"PLATE, TRYPTIC SOY AGAR W/LECITHIM AND TWEEN 80","OperWmSup115270","CDM","278","RC","C1713","HCPCS","","","facility","both","","","","31.52","31.52","","","","","","","","","","","","","Gross Charge Type: Main Acute Price List"
"PLATE, TT FUSION, PRIMARY, PILON, RIGHT","CcthChSup119227","CDM","278","RC","C1713","HCPCS","","","facility","both","","","","12163.1","12163.1","","","","","","","","","","","","","Gross Charge Type: Main Acute Price List"
"PLATE, TUBULAR 1/3 25MM","ScanWmSup6497","CDM","278","RC","C1713","HCPCS","","","facility","both","","","","823.06","823.06","","","","","","","","","","","","","Gross Charge Type: Main Acute Price List"
"PLATE, TUBULAR 1/3 2HOLE","AngiWmSup118871","CDM","278","RC","C1713","HCPCS","","","facility","both","","","","906.85","906.85","","","","","","","","","","","","","Gross Charge Type: Main Acute Price List"
"PLATE, TUBULAR 1/3 2HOLE","EplbChSup118871","CDM","278","RC","C1713","HCPCS","","","facility","both","","","","906.85","906.85","","","","","","","","","","","","","Gross Charge Type: Main Acute Price List"
"PLATE, TUBULAR STRAIGHT 10-HOLE","GyscChSup69436","CDM","278","RC","C1713","HCPCS","","","facility","both","","","","4459.65","4459.65","","","","","","","","","","","","","Gross Charge Type: Main Acute Price List"
"PLATE, TUBULAR STRAIGHT 6-HOLE","OperWmSup78460","CDM","278","RC","C1713","HCPCS","","","facility","both","","","","2272.94","2272.94","","","","","","","","","","","","","Gross Charge Type: Main Acute Price List"
"PLATE, TUBULAR STRAIGHT 6-HOLE","PacuWmSup78460","CDM","278","RC","C1713","HCPCS","","","facility","both","","","","2272.94","2272.94","","","","","","","","","","","","","Gross Charge Type: Main Acute Price List"
"PLATE, TUBULAR STRAIGHT 7-HOLE","CcthChSup77837","CDM","278","RC","C1713","HCPCS","","","facility","both","","","","2445.42","2445.42","","","","","","","","","","","","","Gross Charge Type: Main Acute Price List"
"PLATE, TUBULAR THIRD LOCKING SS 10-HOLE","CspuChSup70905","CDM","278","RC","C1713","HCPCS","","","facility","both","","","","1758.15","1758.15","","","","","","","","","","","","","Gross Charge Type: Main Acute Price List"
"PLATE, TUBULAR THIRD LOCKING SS 10-HOLE","GastChSup70905","CDM","278","RC","C1713","HCPCS","","","facility","both","","","","1758.15","1758.15","","","","","","","","","","","","","Gross Charge Type: Main Acute Price List"
"PLATE, UTILITY 5 ORTHOLOC 3DI PLATING","CcthChSup114592","CDM","278","RC","C1713","HCPCS","","","facility","both","","","","8084.04","8084.04","","","","","","","","","","","","","Gross Charge Type: Main Acute Price List"
"PLATE, UTILITY 5 ORTHOLOC 3DI PLATING","EplbChSup114592","CDM","278","RC","C1713","HCPCS","","","facility","both","","","","8084.04","8084.04","","","","","","","","","","","","","Gross Charge Type: Main Acute Price List"
"PLATE, VA LCP CLAVICLE 2.7MM LT CS1","AngiWmSup117788","CDM","278","RC","C1713","HCPCS","","","facility","both","","","","9926.24","9926.24","","","","","","","","","","","","","Gross Charge Type: Main Acute Price List"
"PLATE, VA LCP CLAVICLE 2.7MM LT CS1","GastChSup117788","CDM","278","RC","C1713","HCPCS","","","facility","both","","","","9926.24","9926.24","","","","","","","","","","","","","Gross Charge Type: Main Acute Price List"
"PLATE, VA LCP CURVED CONDYLAR 22-HOLE LT","PacuWmSup109495","CDM","278","RC","C1713","HCPCS","","","facility","both","","","","17603.13","17603.13","","","","","","","","","","","","","Gross Charge Type: Main Acute Price List"
"PLATE, VA LCP CURVED CONDYLAR TI 18-HOLE LT","OperWmSup10180915","CDM","278","RC","C1713","HCPCS","","","facility","both","","","","15764.84","15764.84","","","","","","","","","","","","","Gross Charge Type: Main Acute Price List"
"PLATE, VA LOCKING DISTAL FEMUR SPANNING ATTACHMENT 4-HOLE STD RT","EplbChSup115152","CDM","278","RC","C1713","HCPCS","","","facility","both","","","","10305.99","10305.99","","","","","","","","","","","","","Gross Charge Type: Main Acute Price List"
"PLATE, VA LOCKING FEMUR SPANNING ATTACHMENT 6-HOLE STD","ScpuWmSup113855","CDM","278","RC","C1713","HCPCS","","","facility","both","","","","11482.48","11482.48","","","","","","","","","","","","","Gross Charge Type: Main Acute Price List"
"PLATE, VA LOCKING FEMUR SPANNING ATTACHMENT SM LT","DelrChSup113169","CDM","278","RC","C1713","HCPCS","","","facility","both","","","","13543.29","13543.29","","","","","","","","","","","","","Gross Charge Type: Main Acute Price List"
"PLATE, VA LOCKING FEMUR SPANNING ATTACHMENT SM LT","PacuChSup113169","CDM","278","RC","C1713","HCPCS","","","facility","both","","","","13543.29","13543.29","","","","","","","","","","","","","Gross Charge Type: Main Acute Price List"
"PLATE, VA LOCKING FEMUR SPANNING ATTACHMENT SM LT","ScorWmSup113169","CDM","278","RC","C1713","HCPCS","","","facility","both","","","","13543.29","13543.29","","","","","","","","","","","","","Gross Charge Type: Main Acute Price List"
"PLATE, VA LOCKING PPFX ATTACHMENT 3.5MM 4-HOLE STRL","EplbChSup118775","CDM","278","RC","C1713","HCPCS","","","facility","both","","","","6616.03","6616.03","","","","","","","","","","","","","Gross Charge Type: Main Acute Price List"
"PLATE, VA LOCKING PPFX ATTACHMENT 3.5MM 4-HOLE","PacuChSup112753","CDM","278","RC","C1713","HCPCS","","","facility","both","","","","6394.8","6394.8","","","","","","","","","","","","","Gross Charge Type: Main Acute Price List"
"PLATE, VA LOCKING STRUT  2.0MM 12-HOLE","ScpuChSup118044","CDM","278","RC","C1713","HCPCS","","","facility","both","","","","3213.84","3213.84","","","","","","","","","","","","","Gross Charge Type: Main Acute Price List"
"PLATE, VA PPFX GT RING ATTACHMENT 3.5MM LRG LT STRL","AngiWmSup118100","CDM","278","RC","C1713","HCPCS","","","facility","both","","","","15172.42","15172.42","","","","","","","","","","","","","Gross Charge Type: Main Acute Price List"
"PLATE, VA PPFX GT RING ATTACHMENT 3.5MM LRG RT STRL","AnesChSup118867","CDM","278","RC","C1713","HCPCS","","","facility","both","","","","14266.5","14266.5","","","","","","","","","","","","","Gross Charge Type: Main Acute Price List"
"PLATE, VA PPFX GT RING ATTACHMENT 3.5MM LRG RT STRL","ScpuWmSup118867","CDM","278","RC","C1713","HCPCS","","","facility","both","","","","14266.5","14266.5","","","","","","","","","","","","","Gross Charge Type: Main Acute Price List"
"PLATE, VA PPFX GT RING ATTACHMENT 3.5MM LRG RT","PacuChSup112735","CDM","278","RC","C1713","HCPCS","","","facility","both","","","","12967.94","12967.94","","","","","","","","","","","","","Gross Charge Type: Main Acute Price List"
"PLATE, VA PROX FEM HOOK LRG 217MM LT","GyscChSup114601","CDM","278","RC","C1713","HCPCS","","","facility","both","","","","19801.06","19801.06","","","","","","","","","","","","","Gross Charge Type: Main Acute Price List"
"PLATE, VA PROX FEMUR 3.5/4.5 X 217MM LEFT","OperWmSup10195297","CDM","278","RC","C1713","HCPCS","","","facility","both","","","","21708.21","21708.21","","","","","","","","","","","","","Gross Charge Type: Main Acute Price List"
"PLATE, VA PROX FEMUR 3.5/4.5MM 287MM LEFT STRL","GastChSup115450","CDM","278","RC","C1713","HCPCS","","","facility","both","","","","24288.03","24288.03","","","","","","","","","","","","","Gross Charge Type: Main Acute Price List"
"PLATE, VA PROX FEMUR 9-HOLE 252MM LT","AnesChSup114137","CDM","278","RC","C1713","HCPCS","","","facility","both","","","","19577.65","19577.65","","","","","","","","","","","","","Gross Charge Type: Main Acute Price List"
"PLATE, VA PROXIMAL FEMUR 11-HOLE LT","ScpuChSup112330","CDM","278","RC","C1713","HCPCS","","","facility","both","","","","26164.35","26164.35","","","","","","","","","","","","","Gross Charge Type: Main Acute Price List"
"PLATE, VA PROXIMAL HUMERUS HOOK LRG 360MM LT","ScpuWmSup113854","CDM","278","RC","C1713","HCPCS","","","facility","both","","","","24015.09","24015.09","","","","","","","","","","","","","Gross Charge Type: Main Acute Price List"
"PLATE, VA PROXIMAL HUMERUS HOOK SM 211MM LT","PacuWmSup113204","CDM","278","RC","C1713","HCPCS","","","facility","both","","","","21067.41","21067.41","","","","","","","","","","","","","Gross Charge Type: Main Acute Price List"
"PLATE, VA-LCP L-FUSION  3 HOLE HEAD PL EXTRA LONG 2.4MMX2.7MM","PacuWmSup106788","CDM","278","RC","C1713","HCPCS","","","facility","both","","","","5281.56","5281.56","","","","","","","","","","","","","Gross Charge Type: Main Acute Price List"
"PLATE, VA-LCP PROX FEMUR 3.5/4.5MM 10-HOLE 320MM LT","OperWmSup113097","CDM","278","RC","C1713","HCPCS","","","facility","both","","","","23347.58","23347.58","","","","","","","","","","","","","Gross Charge Type: Main Acute Price List"
"PLATE, VA-LCP VOLAR DISTAL RADIUS 2.4/2.7 186MM 6H HD 13 H SHAFT RT","PacuWmSup114410","CDM","278","RC","C1713","HCPCS","","","facility","both","","","","9654.31","9654.31","","","","","","","","","","","","","Gross Charge Type: Main Acute Price List"
"PLATE, VA-LCP VOLAR DISTAL RADIUS 2.4/2.7 186MM 6H HD 13 H SHAFT RT","ScanWmSup114410","CDM","278","RC","C1713","HCPCS","","","facility","both","","","","9654.31","9654.31","","","","","","","","","","","","","Gross Charge Type: Main Acute Price List"
"PLATE, VARIAX ONE-THIRD TUBULAR 2-HOLE","EplbChSup117100","CDM","278","RC","C1713","HCPCS","","","facility","both","","","","1665.53","1665.53","","","","","","","","","","","","","Gross Charge Type: Main Acute Price List"
"PLATE, VARIAX ONE-THIRD TUBULAR 3-HOLE","ScanWmSup77335","CDM","278","RC","C1713","HCPCS","","","facility","both","","","","1665.53","1665.53","","","","","","","","","","","","","Gross Charge Type: Main Acute Price List"
"PLATE, VARIAX ONE-THIRD TUBULAR 5-HOLE 59MM NON STRL","GastChSup109553","CDM","278","RC","C1713","HCPCS","","","facility","both","","","","1795.04","1795.04","","","","","","","","","","","","","Gross Charge Type: Main Acute Price List"
"PLATE, VARIAX ONE-THIRD TUBULAR 8-HOLE 95MM 106888","PacuChSup106888","CDM","278","RC","C1713","HCPCS","","","facility","both","","","","1909.02","1909.02","","","","","","","","","","","","","Gross Charge Type: Main Acute Price List"
"PLATE, VECTRA 2 LEVEL TI 40MM","ScpuWmSup33729","CDM","278","RC","","","","","facility","both","","","","5212.76","5212.76","","","","","","","","","","","","","Gross Charge Type: Main Acute Price List"
"PLATE, VECTRA","CspuChSup111018","CDM","278","RC","C1713","HCPCS","","","facility","both","","","","5328.59","5328.59","","","","","","","","","","","","","Gross Charge Type: Main Acute Price List"
"PLATE, VECTRA","OperWmSup111018","CDM","278","RC","C1713","HCPCS","","","facility","both","","","","5328.59","5328.59","","","","","","","","","","","","","Gross Charge Type: Main Acute Price List"
"PLATE, VECTRA","ScanWmSup111018","CDM","278","RC","C1713","HCPCS","","","facility","both","","","","5328.59","5328.59","","","","","","","","","","","","","Gross Charge Type: Main Acute Price List"
"PLATE, VECTRA-T 2 LEVEL TI 32MM","GyscChSup107477","CDM","278","RC","C1713","HCPCS","","","facility","both","","","","5212.76","5212.76","","","","","","","","","","","","","Gross Charge Type: Main Acute Price List"
"PLATE, VECTRA-T 2-LEVEL 20MM","OperChSup107560","CDM","278","RC","C1713","HCPCS","","","facility","both","","","","5328.59","5328.59","","","","","","","","","","","","","Gross Charge Type: Main Acute Price List"
"PLATE, VECTRA-T 2-LEVEL 20MM","ScpuChSup107560","CDM","278","RC","C1713","HCPCS","","","facility","both","","","","5328.59","5328.59","","","","","","","","","","","","","Gross Charge Type: Main Acute Price List"
"PLATE, VECTRA-T TI 1-LEVEL 22MM","CcthChSup107305","CDM","278","RC","C1713","HCPCS","","","facility","both","","","","5328.59","5328.59","","","","","","","","","","","","","Gross Charge Type: Main Acute Price List"
"PLATE, VECTRA-T TI 2-LEVEL 34MM","ScanChSup107442","CDM","278","RC","C1713","HCPCS","","","facility","both","","","","5212.76","5212.76","","","","","","","","","","","","","Gross Charge Type: Main Acute Price List"
"PLATE, VOLAR BEARING 5-HOLE 7-PEG LT","AngiWmSup60991","CDM","278","RC","C1713","HCPCS","","","facility","both","","","","7360.88","7360.88","","","","","","","","","","","","","Gross Charge Type: Main Acute Price List"
"PLATE, VOLAR BEARING 5-HOLE RIGHT","CspuChSup35150","CDM","278","RC","C1713","HCPCS","","","facility","both","","","","7360.88","7360.88","","","","","","","","","","","","","Gross Charge Type: Main Acute Price List"
"PLATE, VOLAR BEARING 7-PEG 3-HOLE RT NARROW","DelrChSup107325","CDM","278","RC","C1713","HCPCS","","","facility","both","","","","7500.58","7500.58","","","","","","","","","","","","","Gross Charge Type: Main Acute Price List"
"PLATE, VOLAR BEARING 7-PEG 3-HOLE RT","GyscChSup50791","CDM","278","RC","C1713","HCPCS","","","facility","both","","","","6631.78","6631.78","","","","","","","","","","","","","Gross Charge Type: Main Acute Price List"
"PLATE, VOLAR BEARING 7-PEG 5-HOLE RT","Wilm5450792","CDM","278","RC","","","","","facility","both","","","","7360.88","7360.88","","","","","","","","","","","","","Gross Charge Type: Main Acute Price List"
"PLATE, VOLAR BEARING LT 3-HOLE 7 PEG","Chrs5455639","CDM","278","RC","","","","","facility","both","","","","6342.19","6342.19","","","","","","","","","","","","","Gross Charge Type: Main Acute Price List"
"PLATE, VOLAR BEARING LT 3-HOLE 7 PEG","ScorChSup55639","CDM","278","RC","","","","","facility","both","","","","6342.19","6342.19","","","","","","","","","","","","","Gross Charge Type: Main Acute Price List"
"PLATE, VOLAR FIXED ANGLE 3-HOLE LEFT","PacuChSup108381","CDM","278","RC","C1713","HCPCS","","","facility","both","","","","5762.99","5762.99","","","","","","","","","","","","","Gross Charge Type: Main Acute Price List"
"PLATE, VOLAR FIXED ANGLE 5-HOLE LT","OperWmSup112861","CDM","278","RC","C1713","HCPCS","","","facility","both","","","","6744.91","6744.91","","","","","","","","","","","","","Gross Charge Type: Main Acute Price List"
"PLATE, VOLAR FIXED ANGLE 5-HOLE RT","PacuWmSup112860","CDM","278","RC","C1713","HCPCS","","","facility","both","","","","6342.19","6342.19","","","","","","","","","","","","","Gross Charge Type: Main Acute Price List"
"PLATE, VOLAR FIXED ANGLE- 3 HOLE RIGHT","ScanChSup56392","CDM","278","RC","","","","","facility","both","","","","6342.19","6342.19","","","","","","","","","","","","","Gross Charge Type: Main Acute Price List"
"PLATE, VOLAR PEEK 11-HOLE LEFT","PacuChSup115286","CDM","278","RC","C1713","HCPCS","","","facility","both","","","","10971.07","10971.07","","","","","","","","","","","","","Gross Charge Type: Main Acute Price List"
"PLATE, VOLAR PEEK 11-HOLE RT","AngiWmSup107893","CDM","278","RC","C1713","HCPCS","","","facility","both","","","","11672.71","11672.71","","","","","","","","","","","","","Gross Charge Type: Main Acute Price List"
"PLATE, VOLAR PEEK 11-HOLE RT","ScanChSup107893","CDM","278","RC","C1713","HCPCS","","","facility","both","","","","11672.71","11672.71","","","","","","","","","","","","","Gross Charge Type: Main Acute Price List"
"PLATE, VOLAR PEEK 3-HOLE RT","GastWmSup107711","CDM","278","RC","C1713","HCPCS","","","facility","both","","","","6128.94","6128.94","","","","","","","","","","","","","Gross Charge Type: Main Acute Price List"
"PLATE, VOLAR PEEK 5-HOLE WIDE LT","AnesWmSup112930","CDM","278","RC","C1713","HCPCS","","","facility","both","","","","9208.81","9208.81","","","","","","","","","","","","","Gross Charge Type: Main Acute Price List"
"PLATE, VOLAR PEEK 5-HOLE WIDE LT","CspuChSup112930","CDM","278","RC","C1713","HCPCS","","","facility","both","","","","9208.81","9208.81","","","","","","","","","","","","","Gross Charge Type: Main Acute Price List"
"PLATE, VOLAR PEEK 7-HOLE LEFT","DelrChSup112321","CDM","278","RC","C1713","HCPCS","","","facility","both","","","","9208.81","9208.81","","","","","","","","","","","","","Gross Charge Type: Main Acute Price List"
"PLATE, VOLAR PEEK 9-HOLE LEFT","OperWmSup112694","CDM","278","RC","C1713","HCPCS","","","facility","both","","","","12288.68","12288.68","","","","","","","","","","","","","Gross Charge Type: Main Acute Price List"
"PLATE, VOLAR SMARTLOCK DR NARROW LEFT","GyscChSup60851","CDM","278","RC","C1713","HCPCS","","","facility","both","","","","5358.02","5358.02","","","","","","","","","","","","","Gross Charge Type: Main Acute Price List"
"PLATE, VOLAR SMARTLOCK DR NARROW LEFT","ScorChSup60851","CDM","278","RC","C1713","HCPCS","","","facility","both","","","","5358.02","5358.02","","","","","","","","","","","","","Gross Charge Type: Main Acute Price List"
"PLATE, VOLAR SMARTLOCK DR NARROW RT","GyscChSup59889","CDM","278","RC","C1713","HCPCS","","","facility","both","","","","5698.26","5698.26","","","","","","","","","","","","","Gross Charge Type: Main Acute Price List"
"PLATE, WIDE 4 HOLE W/GAP","OperWmSup121729","CDM","278","RC","C1713","HCPCS","","","facility","both","","","","4312.84","4312.84","","","","","","","","","","","","","Gross Charge Type: Main Acute Price List"
"PLATE, WIRE TRIMED","ScanWmSup55641","CDM","278","RC","","","","","facility","both","","","","3665.05","3665.05","","","","","","","","","","","","","Gross Charge Type: Main Acute Price List"
"PLATE, WRIST FUSION SHORT BEND","OperWmSup118659","CDM","278","RC","C1776","HCPCS","","","facility","both","","","","8658.97","8658.97","","","","","","","","","","","","","Gross Charge Type: Main Acute Price List"
"PLATE, WRIST FUSION SPANNING","AnesWmSup110024","CDM","278","RC","C1713","HCPCS","","","facility","both","","","","9208.81","9208.81","","","","","","","","","","","","","Gross Charge Type: Main Acute Price List"
"PLATE, XLIF DECADE 4-HOLE SIZE 10","ScpuChSup58928","CDM","278","RC","","","","","facility","both","","","","19414.62","19414.62","","","","","","","","","","","","","Gross Charge Type: Main Acute Price List"
"PLATE, Y MTP CROSSCHECK ORTHOLOC 3DI","PacuChSup107288","CDM","278","RC","C1713","HCPCS","","","facility","both","","","","11641.9","11641.9","","","","","","","","","","","","","Gross Charge Type: Main Acute Price List"
"PLATE, Y MTP CROSSCHECK ORTHOLOC 3DI","ScpuChSup107288","CDM","278","RC","C1713","HCPCS","","","facility","both","","","","11641.9","11641.9","","","","","","","","","","","","","Gross Charge Type: Main Acute Price List"
"PLATE, Y TI LOW PROFILE 6-HOLE 21MM","AngiWmSup43720","CDM","278","RC","C1713","HCPCS","","","facility","both","","","","1079.74","1079.74","","","","","","","","","","","","","Gross Charge Type: Main Acute Price List"
"PLATE, Y TI LOW PROFILE 6-HOLE 21MM","GyscChSup43720","CDM","278","RC","C1713","HCPCS","","","facility","both","","","","1079.74","1079.74","","","","","","","","","","","","","Gross Charge Type: Main Acute Price List"
"PLATE, Y TI LOW PROFILE 6-HOLE 21MM","ScanChSup43720","CDM","278","RC","C1713","HCPCS","","","facility","both","","","","1079.74","1079.74","","","","","","","","","","","","","Gross Charge Type: Main Acute Price List"
"PLATE, Y TI LOW PROFILE 6-HOLE 21MM","ScanWmSup43720","CDM","278","RC","C1713","HCPCS","","","facility","both","","","","1079.74","1079.74","","","","","","","","","","","","","Gross Charge Type: Main Acute Price List"
"PLATE, Y TI LOW PROFILE 6-HOLE 21MM","ScorChSup43720","CDM","278","RC","C1713","HCPCS","","","facility","both","","","","1079.74","1079.74","","","","","","","","","","","","","Gross Charge Type: Main Acute Price List"
"PLATE, ZEVO 1 LEVEL 19MM","Wilm5469105","CDM","278","RC","C1713","HCPCS","","","facility","both","","","","6159.74","6159.74","","","","","","","","","","","","","Gross Charge Type: Main Acute Price List"
"PLATE, ZEVO 1 LEVEL 21MM","EplbChSup66155","CDM","278","RC","C1713","HCPCS","","","facility","both","","","","6159.74","6159.74","","","","","","","","","","","","","Gross Charge Type: Main Acute Price List"
"PLATE, ZEVO 1 LEVEL 23MM","ScorChSup66326","CDM","278","RC","C1713","HCPCS","","","facility","both","","","","6159.74","6159.74","","","","","","","","","","","","","Gross Charge Type: Main Acute Price List"
"PLATE, ZEVO 3 LEVEL 68MM","PacuWmSup107639","CDM","278","RC","C1713","HCPCS","","","facility","both","","","","6892.42","6892.42","","","","","","","","","","","","","Gross Charge Type: Main Acute Price List"
"PLATE, ZEVO 3-LEVEL 53MM","DelrChSup71179","CDM","278","RC","","","","","facility","both","","","","7330.09","7330.09","","","","","","","","","","","","","Gross Charge Type: Main Acute Price List"
"PLATE, ZEVO 35MM","AnesWmSup70237","CDM","278","RC","C1713","HCPCS","","","facility","both","","","","6282.94","6282.94","","","","","","","","","","","","","Gross Charge Type: Main Acute Price List"
"PLATE, ZEVO 35MM","EplbChSup70237","CDM","278","RC","C1713","HCPCS","","","facility","both","","","","6282.94","6282.94","","","","","","","","","","","","","Gross Charge Type: Main Acute Price List"
"PLATE, ZEVO 37.5MM","AnesWmSup119611","CDM","278","RC","C1713","HCPCS","","","facility","both","","","","5855.66","5855.66","","","","","","","","","","","","","Gross Charge Type: Main Acute Price List"
"PLATE, ZEVO 37MM","Chrs5466177","CDM","278","RC","C1713","HCPCS","","","facility","both","","","","6282.94","6282.94","","","","","","","","","","","","","Gross Charge Type: Main Acute Price List"
"PLATE, ZEVO 39MM","CcthChSup66349","CDM","278","RC","C1713","HCPCS","","","facility","both","","","","6282.94","6282.94","","","","","","","","","","","","","Gross Charge Type: Main Acute Price List"
"PLATE, ZEVO 4 LEVEL 71MM COMPT","GyscChSup110867","CDM","278","RC","C1713","HCPCS","","","facility","both","","","","7529.54","7529.54","","","","","","","","","","","","","Gross Charge Type: Main Acute Price List"
"PLATE, ZEVO 43MM","GastChSup67376","CDM","278","RC","","","","","facility","both","","","","5907.79","5907.79","","","","","","","","","","","","","Gross Charge Type: Main Acute Price List"
"PLATE, ZEVO 57MM","ScpuChSup66350","CDM","278","RC","C1713","HCPCS","","","facility","both","","","","7330.09","7330.09","","","","","","","","","","","","","Gross Charge Type: Main Acute Price List"
"PLATE,ANTLAT DI VA-LCP 2.7/3.5 10-H RT","ScpuChSup58702","CDM","278","RC","C1713","HCPCS","","","facility","both","","","","10277.29","10277.29","","","","","","","","","","","","","Gross Charge Type: Main Acute Price List"
"PLATE,BONE LADDER 12 HOLE","OperWmSup10195106","CDM","278","RC","C1713","HCPCS","","","facility","both","","","","3141.92","3141.92","","","","","","","","","","","","","Gross Charge Type: Main Acute Price List"
"PLATE,CALCANEAL FRACTURE PERC LONG RIGHT","ScpuChSup72024","CDM","278","RC","C1713","HCPCS","","","facility","both","","","","7306.98","7306.98","","","","","","","","","","","","","Gross Charge Type: Main Acute Price List"
"PLATE,CALCANEAL FRACTURE PERC STAND RT","PacuChSup75132","CDM","278","RC","C1713","HCPCS","","","facility","both","","","","7306.98","7306.98","","","","","","","","","","","","","Gross Charge Type: Main Acute Price List"
"PLATE,CALCANEAL FRACTURE PERC STAND RT","ScorChSup75132","CDM","278","RC","C1713","HCPCS","","","facility","both","","","","7306.98","7306.98","","","","","","","","","","","","","Gross Charge Type: Main Acute Price List"
"PLATE,CALCANEAL VA LOCKING LRG 2.7X56 RT","DelrChSup74649","CDM","278","RC","C1713","HCPCS","","","facility","both","","","","5107.29","5107.29","","","","","","","","","","","","","Gross Charge Type: Main Acute Price List"
"PLATE,CALCANEAL VA LOCKING SHORT 2.7X48MM","Chrs5470826","CDM","278","RC","C1713","HCPCS","","","facility","both","","","","4915.28","4915.28","","","","","","","","","","","","","Gross Charge Type: Main Acute Price List"
"PLATE,CERVI ZERO-P NATURAL ASSY TOOL 7 ST","PacuWmSup70001","CDM","278","RC","C1713","HCPCS","","","facility","both","","","","8623.63","8623.63","","","","","","","","","","","","","Gross Charge Type: Main Acute Price List"
"PLATE,CERVI ZERO-P NATURAL ASSY TOOL 7 ST","ScpuWmSup70001","CDM","278","RC","C1713","HCPCS","","","facility","both","","","","8623.63","8623.63","","","","","","","","","","","","","Gross Charge Type: Main Acute Price List"
"PLATE,CERVIC ZERO-P NATURAL ASSY TOOL 10 ST","ScanWmSup70004","CDM","278","RC","C1713","HCPCS","","","facility","both","","","","8623.63","8623.63","","","","","","","","","","","","","Gross Charge Type: Main Acute Price List"
"PLATE,CERVIC ZERO-P NATURAL ASSY TOOL 11 ST","AngiWmSup70005","CDM","278","RC","","","","","facility","both","","","","8623.63","8623.63","","","","","","","","","","","","","Gross Charge Type: Main Acute Price List"
"PLATE,CERVIC ZERO-P NATURAL ASSY TOOL 6 ST","CcthChSup70000","CDM","278","RC","C1713","HCPCS","","","facility","both","","","","8623.63","8623.63","","","","","","","","","","","","","Gross Charge Type: Main Acute Price List"
"PLATE,CERVIC ZERO-P NATURAL ASSY TOOL 6 ST","CspuChSup70000","CDM","278","RC","C1713","HCPCS","","","facility","both","","","","8623.63","8623.63","","","","","","","","","","","","","Gross Charge Type: Main Acute Price List"
"PLATE,CERVICAL ANT ATLANTIS TRANSLA 27.5","CspuChSup61581","CDM","278","RC","","","","","facility","both","","","","5791.95","5791.95","","","","","","","","","","","","","Gross Charge Type: Main Acute Price List"
"PLATE,CERVICAL ANT ATLANTIS TRANSLAT 50MM","GyscChSup67290","CDM","278","RC","","","","","facility","both","","","","5907.79","5907.79","","","","","","","","","","","","","Gross Charge Type: Main Acute Price List"
"PLATE,CERVICAL ANT ATLANTIS TRANSLAT 57M","Wilm3163324","CDM","278","RC","","","","","facility","both","","","","7330.09","7330.09","","","","","","","","","","","","","Gross Charge Type: Main Acute Price List"
"PLATE,CERVICAL ANT ATLANTIS TRANSLAT 67MM","GyscChSup109050","CDM","278","RC","C1713","HCPCS","","","facility","both","","","","6892.42","6892.42","","","","","","","","","","","","","Gross Charge Type: Main Acute Price List"
"PLATE,CLAVICLE SUPERIOR 3.5MM LCP 4-H LT","GyscChSup65989","CDM","278","RC","C1713","HCPCS","","","facility","both","","","","5178.17","5178.17","","","","","","","","","","","","","Gross Charge Type: Main Acute Price List"
"PLATE,CLAVICLE SUPERIOR 3.5MM LCP 4-H LT","OperWmSup65989","CDM","278","RC","C1713","HCPCS","","","facility","both","","","","5178.17","5178.17","","","","","","","","","","","","","Gross Charge Type: Main Acute Price List"
"PLATE,CLAVICLE SUPERIOR 3.5MM LCP 4-H LT","ScanChSup65989","CDM","278","RC","C1713","HCPCS","","","facility","both","","","","5178.17","5178.17","","","","","","","","","","","","","Gross Charge Type: Main Acute Price List"
"PLATE,CLAVICLE VA LCP LATERAL ANT 12-H 124","ScorWmSup67964","CDM","278","RC","C1713","HCPCS","","","facility","both","","","","5606.49","5606.49","","","","","","","","","","","","","Gross Charge Type: Main Acute Price List"
"PLATE,COMPRESSION VARIAX NARROW 6 HOLE L78","PacuWmSup64870","CDM","278","RC","C1713","HCPCS","","","facility","both","","","","2713","2713","","","","","","","","","","","","","Gross Charge Type: Main Acute Price List"
"PLATE,CONDYL CU VA LCP 4.5X370, 18-H RT","PacuWmSup58347","CDM","278","RC","C1713","HCPCS","","","facility","both","","","","12636.11","12636.11","","","","","","","","","","","","","Gross Charge Type: Main Acute Price List"
"PLATE,CONDYLAR CURVE VA LCP 4.5X370 18H RT","DelrChSup76295","CDM","278","RC","C1713","HCPCS","","","facility","both","","","","15592.57","15592.57","","","","","","","","","","","","","Gross Charge Type: Main Acute Price List"
"PLATE,CONDYLAR CURVE VA LCP 4.5X370 18H RT","OperChSup76295","CDM","278","RC","C1713","HCPCS","","","facility","both","","","","15592.57","15592.57","","","","","","","","","","","","","Gross Charge Type: Main Acute Price List"
"PLATE,CONDYLAR CURVE VA LCP 4.5X370 18H RT","PacuChSup76295","CDM","278","RC","C1713","HCPCS","","","facility","both","","","","15592.57","15592.57","","","","","","","","","","","","","Gross Charge Type: Main Acute Price List"
"PLATE,DIS RAD LCP VOLAR DIA-META LT 11-H ST","Wilm3166957","CDM","278","RC","C1713","HCPCS","","","facility","both","","","","10797.23","10797.23","","","","","","","","","","","","","Gross Charge Type: Main Acute Price List"
"PLATE,DIS RADIUS LCP VOLAR DIA-META LT 9-H ST","GastChSup66002","CDM","278","RC","C1713","HCPCS","","","facility","both","","","","10175.21","10175.21","","","","","","","","","","","","","Gross Charge Type: Main Acute Price List"
"PLATE,DISTAL ANTEROLATERAL 6-H LT 127MM","DelrChSup70724","CDM","278","RC","C1713","HCPCS","","","facility","both","","","","10236.99","10236.99","","","","","","","","","","","","","Gross Charge Type: Main Acute Price List"
"PLATE,DISTAL TIBIA ANTERO-LAT 6 H LT","GyscChSup64671","CDM","278","RC","C1713","HCPCS","","","facility","both","","","","10079.21","10079.21","","","","","","","","","","","","","Gross Charge Type: Main Acute Price List"
"PLATE,DOR DIS RAD VA LCP 2-H 5-H LT 2.4X37 +90D","Chrs5466920","CDM","278","RC","C1713","HCPCS","","","facility","both","","","","3766.61","3766.61","","","","","","","","","","","","","Gross Charge Type: Main Acute Price List"
"PLATE,DOR DIS RAD VA LCP 3-H HD 5-H SH 2.4X55","CspuChSup68724","CDM","278","RC","C1713","HCPCS","","","facility","both","","","","3766.61","3766.61","","","","","","","","","","","","","Gross Charge Type: Main Acute Price List"
"PLATE,DOR DIS RAD VA LCP 3-H HD 5-H SH 2.4X55","GyscChSup68724","CDM","278","RC","C1713","HCPCS","","","facility","both","","","","3766.61","3766.61","","","","","","","","","","","","","Gross Charge Type: Main Acute Price List"
"PLATE,DORSAL DIS RAD VA LCP 3-H SHFT LT 2.4+20D","ScpuChSup71184","CDM","278","RC","C1713","HCPCS","","","facility","both","","","","3367.44","3367.44","","","","","","","","","","","","","Gross Charge Type: Main Acute Price List"
"PLATE,DR DS LCP 2H HD 3H SHF LT 2.4X37 90","ScorWmSup64843","CDM","278","RC","C1713","HCPCS","","","facility","both","","","","3367.44","3367.44","","","","","","","","","","","","","Gross Charge Type: Main Acute Price List"
"PLATE,FIBULA DISTAL LAT 2.7/3 - 43732","PacuChSup43732","CDM","278","RC","C1713","HCPCS","","","facility","both","","","","3093.42","3093.42","","","","","","","","","","","","","Gross Charge Type: Main Acute Price List"
"PLATE,FIBULA DISTAL LAT 2.7/3 - 43732","Wilm5443732","CDM","278","RC","C1713","HCPCS","","","facility","both","","","","3093.42","3093.42","","","","","","","","","","","","","Gross Charge Type: Main Acute Price List"
"PLATE,FIBULA DISTAL LAT 2.7/3 - 43734","PacuChSup43734","CDM","278","RC","C1713","HCPCS","","","facility","both","","","","2945.21","2945.21","","","","","","","","","","","","","Gross Charge Type: Main Acute Price List"
"PLATE,FIBULA DISTAL LAT 2.7/3 - 43735","AngiWmSup43735","CDM","278","RC","C1713","HCPCS","","","facility","both","","","","2945.21","2945.21","","","","","","","","","","","","","Gross Charge Type: Main Acute Price List"
"PLATE,FIBULA DISTAL LAT 2.7/3 - 43735","OperWmSup43735","CDM","278","RC","C1713","HCPCS","","","facility","both","","","","2945.21","2945.21","","","","","","","","","","","","","Gross Charge Type: Main Acute Price List"
"PLATE,FIBULA DISTAL LAT 2.7/3 - 43737","Wilm5443737","CDM","278","RC","C1713","HCPCS","","","facility","both","","","","3182.11","3182.11","","","","","","","","","","","","","Gross Charge Type: Main Acute Price List"
"PLATE,FIBULA LCP LAT DIST VAR ANG 2.7 5-H RT","ScpuWmSup70183","CDM","278","RC","C1713","HCPCS","","","facility","both","","","","4747.43","4747.43","","","","","","","","","","","","","Gross Charge Type: Main Acute Price List"
"PLATE,FIBULA LCP LAT DIST VAR ANG 2.7 7H ST","ScpuChSup76328","CDM","278","RC","C1713","HCPCS","","","facility","both","","","","5731.25","5731.25","","","","","","","","","","","","","Gross Charge Type: Main Acute Price List"
"PLATE,HUM MED DIST VA LCP 2-H LT 2.7/3.5","AngiWmSup59066","CDM","278","RC","C1713","HCPCS","","","facility","both","","","","6821.78","6821.78","","","","","","","","","","","","","Gross Charge Type: Main Acute Price List"
"PLATE,HUM PROX PERIARTIC 3.5X235 10-H LF ST","CspuChSup74738","CDM","278","RC","C1713","HCPCS","","","facility","both","","","","14244.34","14244.34","","","","","","","","","","","","","Gross Charge Type: Main Acute Price List"
"PLATE,HUM PROX PERIARTIC 3.5X235 10-H LF ST","PacuChSup74738","CDM","278","RC","C1713","HCPCS","","","facility","both","","","","14244.34","14244.34","","","","","","","","","","","","","Gross Charge Type: Main Acute Price List"
"PLATE,HUMERAL PROX PERIARTIC 3.5X127  4 H LT","ScanWmSup69996","CDM","278","RC","C1713","HCPCS","","","facility","both","","","","12541.47","12541.47","","","","","","","","","","","","","Gross Charge Type: Main Acute Price List"
"PLATE,HUMERAL PROX PERIARTICU 3.5X91 2-H LT","EplbChSup73206","CDM","278","RC","C1713","HCPCS","","","facility","both","","","","10409.35","10409.35","","","","","","","","","","","","","Gross Charge Type: Main Acute Price List"
"PLATE,HUMERUS DIS EXTRA-ARTICUL 3.5 14-H RT","GyscChSup73465","CDM","278","RC","C1713","HCPCS","","","facility","both","","","","12934.93","12934.93","","","","","","","","","","","","","Gross Charge Type: Main Acute Price List"
"PLATE,HUMERUS DIS VARIAX POST LT 4-H 105","OperChSup60528","CDM","278","RC","C1713","HCPCS","","","facility","both","","","","6492.61","6492.61","","","","","","","","","","","","","Gross Charge Type: Main Acute Price List"
"PLATE,HUMERUS LAT DIS VA LCP 1 LT 2.7X3.5","EplbChSup76906","CDM","278","RC","C1713","HCPCS","","","facility","both","","","","7712.29","7712.29","","","","","","","","","","","","","Gross Charge Type: Main Acute Price List"
"PLATE,HUMERUS LAT DIS VA LCP 2 H 2.7/3.5X82","PacuChSup76913","CDM","278","RC","C1713","HCPCS","","","facility","both","","","","7712.29","7712.29","","","","","","","","","","","","","Gross Charge Type: Main Acute Price List"
"PLATE,HUMERUS LAT DIS VA LCP 2 H 2.7/3.5X82","ScanChSup73947","CDM","278","RC","C1713","HCPCS","","","facility","both","","","","6611.38","6611.38","","","","","","","","","","","","","Gross Charge Type: Main Acute Price List"
"PLATE,HUMERUS LAT DIST VA LCP 1-H RT 69 SH","OperChSup75218","CDM","278","RC","C1713","HCPCS","","","facility","both","","","","6590.14","6590.14","","","","","","","","","","","","","Gross Charge Type: Main Acute Price List"
"PLATE,HUMERUS LAT DIST VA LCP 1-H RT 69 SH","PacuWmSup75218","CDM","278","RC","C1713","HCPCS","","","facility","both","","","","6590.14","6590.14","","","","","","","","","","","","","Gross Charge Type: Main Acute Price List"
"PLATE,HUMERUS PROX LCP 3.5X232 10H SHAFT ST","OperChSup77711","CDM","278","RC","C1713","HCPCS","","","facility","both","","","","11972.68","11972.68","","","","","","","","","","","","","Gross Charge Type: Main Acute Price List"
"PLATE,HUMERUS PROX PERIARTIC 3.5X145 5 H RT","DelrChSup69683","CDM","278","RC","C1713","HCPCS","","","facility","both","","","","10993.7","10993.7","","","","","","","","","","","","","Gross Charge Type: Main Acute Price List"
"PLATE,HUMERUS PROXIMAL LCP 8-H LG 3.5X196 ST","AngiWmSup73334","CDM","278","RC","C1713","HCPCS","","","facility","both","","","","11547.85","11547.85","","","","","","","","","","","","","Gross Charge Type: Main Acute Price List"
"PLATE,HUMERUS PROXIMAL LCP 8-H LG 3.5X196 ST","PacuWmSup73334","CDM","278","RC","C1713","HCPCS","","","facility","both","","","","11547.85","11547.85","","","","","","","","","","","","","Gross Charge Type: Main Acute Price List"
"PLATE,HUMERUS PRX LCP 6-H LG 3.5X160 STR","PacuWmSup59725","CDM","278","RC","C1713","HCPCS","","","facility","both","","","","11133.54","11133.54","","","","","","","","","","","","","Gross Charge Type: Main Acute Price List"
"PLATE,HUMERUS VARIAX DIS POST LAT 12 H RT","GastChSup64355","CDM","278","RC","C1713","HCPCS","","","facility","both","","","","7785.54","7785.54","","","","","","","","","","","","","Gross Charge Type: Main Acute Price List"
"PLATE,HUMERUS VARIAX DISTAL MEDIAL 6-HOL","ScanChSup60792","CDM","278","RC","C1713","HCPCS","","","facility","both","","","","6104.95","6104.95","","","","","","","","","","","","","Gross Charge Type: Main Acute Price List"
"PLATE,LOW PROFILE 108MM RAD CU - 31793","EplbChSup31793","CDM","278","RC","","","","","facility","both","","","","4819.02","4819.02","","","","","","","","","","","","","Gross Charge Type: Main Acute Price List"
"PLATE,LOW PROFILE 108MM RAD CU - 31793","ScanChSup31793","CDM","278","RC","","","","","facility","both","","","","4819.02","4819.02","","","","","","","","","","","","","Gross Charge Type: Main Acute Price List"
"PLATE,LOW PROFILE 108MM RADIUS - 31795","ScorChSup31795","CDM","278","RC","","","","","facility","both","","","","5328.83","5328.83","","","","","","","","","","","","","Gross Charge Type: Main Acute Price List"
"PLATE,LOW PROFILE 108MM RADIUS - 31796","EplbChSup31796","CDM","278","RC","","","","","facility","both","","","","5695.11","5695.11","","","","","","","","","","","","","Gross Charge Type: Main Acute Price List"
"PLATE,LOW PROFILE 108MM RADIUS - 31796","ScorChSup31796","CDM","278","RC","","","","","facility","both","","","","5695.11","5695.11","","","","","","","","","","","","","Gross Charge Type: Main Acute Price List"
"PLATE,LOW PROFILE RECONSTRUCT - 31781","GastWmSup31781","CDM","278","RC","C1713","HCPCS","","","facility","both","","","","2308.98","2308.98","","","","","","","","","","","","","Gross Charge Type: Main Acute Price List"
"PLATE,LOW PROFILE RECONSTRUCT - 31782","GastWmSup31782","CDM","278","RC","C1713","HCPCS","","","facility","both","","","","2412.65","2412.65","","","","","","","","","","","","","Gross Charge Type: Main Acute Price List"
"PLATE,LOW PROFILE RECONSTRUCT - 31782","Wilm5431782","CDM","278","RC","C1713","HCPCS","","","facility","both","","","","2412.65","2412.65","","","","","","","","","","","","","Gross Charge Type: Main Acute Price List"
"PLATE,LOW PROFILE RECONSTRUCT - 31783","PacuChSup31783","CDM","278","RC","C1713","HCPCS","","","facility","both","","","","2522.6","2522.6","","","","","","","","","","","","","Gross Charge Type: Main Acute Price List"
"PLATE,LOW PROFILE RECONSTRUCT - 31783","ScpuWmSup31783","CDM","278","RC","C1713","HCPCS","","","facility","both","","","","2522.6","2522.6","","","","","","","","","","","","","Gross Charge Type: Main Acute Price List"
"PLATE,LOW PROFILE RECONSTRUCT - 31790","PacuChSup31790","CDM","278","RC","C1713","HCPCS","","","facility","both","","","","3857.79","3857.79","","","","","","","","","","","","","Gross Charge Type: Main Acute Price List"
"PLATE,MIDFACE ADAPTION MAT TI 20HOLE 0.8 THK","GastWmSup48928","CDM","278","RC","C1713","HCPCS","","","facility","both","","","","2442.39","2442.39","","","","","","","","","","","","","Gross Charge Type: Main Acute Price List"
"PLATE,OLECRA VA LCP PROX 2.7MM/3.5MM 6-H RT","OperChSup70873","CDM","278","RC","C1713","HCPCS","","","facility","both","","","","6050.47","6050.47","","","","","","","","","","","","","Gross Charge Type: Main Acute Price List"
"PLATE,OLECRAN PROX VA-LCP 2H RT 2.7X3.5 STER","ScorWmSup64963","CDM","278","RC","C1713","HCPCS","","","facility","both","","","","5918.52","5918.52","","","","","","","","","","","","","Gross Charge Type: Main Acute Price List"
"PLATE,OLECRANON 6H VA-LCP 2.7/3.5 LT ST","ScorChSup76248","CDM","278","RC","C1713","HCPCS","","","facility","both","","","","6656.77","6656.77","","","","","","","","","","","","","Gross Charge Type: Main Acute Price List"
"PLATE,OLECRANON VA LCP 2.7/3.5MM 2 RT  ST","ScpuWmSup75440","CDM","278","RC","C1713","HCPCS","","","facility","both","","","","6656.77","6656.77","","","","","","","","","","","","","Gross Charge Type: Main Acute Price List"
"PLATE,ONE-THIRD TUBULAR COLLAR 3-HOLE 33","ScpuWmSup60182","CDM","278","RC","C1713","HCPCS","","","facility","both","","","","863.9","863.9","","","","","","","","","","","","","Gross Charge Type: Main Acute Price List"
"PLATE,RADIUS DIS VOLAR VA LCP 6-H LT 2.4","GyscChSup59019","CDM","278","RC","C1713","HCPCS","","","facility","both","","","","4334.4","4334.4","","","","","","","","","","","","","Gross Charge Type: Main Acute Price List"
"PLATE,RADIUS DIS VOLAR VA LCP 6-H LT 2.4","ScpuWmSup59019","CDM","278","RC","C1713","HCPCS","","","facility","both","","","","4334.4","4334.4","","","","","","","","","","","","","Gross Charge Type: Main Acute Price List"
"PLATE,RADIUS RECON CURV LP 10-HOLE3.5X88","OperChSup71998","CDM","278","RC","C1713","HCPCS","","","facility","both","","","","4819.02","4819.02","","","","","","","","","","","","","Gross Charge Type: Main Acute Price List"
"PLATE,SWIFT PLUS ACP 1-LEVEL 16MM","GastChSup63379","CDM","278","RC","","","","","facility","both","","","","5328.59","5328.59","","","","","","","","","","","","","Gross Charge Type: Main Acute Price List"
"PLATE,TI MESH NEURO CONTOUR LP 100X100MM","AngiWmSup65390","CDM","278","RC","C1713","HCPCS","","","facility","both","","","","9566.19","9566.19","","","","","","","","","","","","","Gross Charge Type: Main Acute Price List"
"PLATE,TI MESH NEURO CONTOUR LP 100X100MM","ScpuChSup65390","CDM","278","RC","C1713","HCPCS","","","facility","both","","","","9566.19","9566.19","","","","","","","","","","","","","Gross Charge Type: Main Acute Price List"
"PLATE,TIBIA ANTEROLAT DISTAL LCP 13 LT 3.5-ST","CLDRChSup75494","CDM","278","RC","C1713","HCPCS","","","facility","both","","","","9760.53","9760.53","","","","","","","","","","","","","Gross Charge Type: Main Acute Price List"
"PLATE,TIBIA ANTEROLATERAL DIS LCP 15 H LT 3.5","ScpuWmSup76873","CDM","278","RC","C1713","HCPCS","","","facility","both","","","","8826.24","8826.24","","","","","","","","","","","","","Gross Charge Type: Main Acute Price List"
"PLATE,TIBIA DIS LCP MEDIAL DIS TIBIA 12-H LF","PacuChSup66822","CDM","278","RC","C1713","HCPCS","","","facility","both","","","","8180.38","8180.38","","","","","","","","","","","","","Gross Charge Type: Main Acute Price List"
"PLATE,TIBIA DIS LCP MEDIAL DIS TIBIA 12-H LF","ScpuWmSup66822","CDM","278","RC","C1713","HCPCS","","","facility","both","","","","8180.38","8180.38","","","","","","","","","","","","","Gross Charge Type: Main Acute Price List"
"PLATE,TIBIA DISTAL 3.5MM LCP LOW BEND 12-HOLE","Chrs5448870","CDM","278","RC","C1713","HCPCS","","","facility","both","","","","8167.39","8167.39","","","","","","","","","","","","","Gross Charge Type: Main Acute Price List"
"PLATE,TIBIA MEDIAL DISTAL LOWBEND LT  6H","DelrChSup72451","CDM","278","RC","C1713","HCPCS","","","facility","both","","","","7458.59","7458.59","","","","","","","","","","","","","Gross Charge Type: Main Acute Price List"
"PLATE,TIBIA MEDIAL DISTAL LOWBEND LT  6H","GyscChSup72451","CDM","278","RC","C1713","HCPCS","","","facility","both","","","","7458.59","7458.59","","","","","","","","","","","","","Gross Charge Type: Main Acute Price List"
"PLATE,TIBIA PROX VA-LCP SM BEND 4-H 3.5X87 LT","CcthChSup73744","CDM","278","RC","C1713","HCPCS","","","facility","both","","","","10627.95","10627.95","","","","","","","","","","","","","Gross Charge Type: Main Acute Price List"
"PLATE,TIBIA PROX VA-LCP SM BEND 4-H 3.5X87 LT","DelrChSup73744","CDM","278","RC","C1713","HCPCS","","","facility","both","","","","10627.95","10627.95","","","","","","","","","","","","","Gross Charge Type: Main Acute Price List"
"PLATE,TIBIA PROX VA-LCP SM BEND 4-H 3.5X87 LT","ScanChSup73744","CDM","278","RC","C1713","HCPCS","","","facility","both","","","","10627.95","10627.95","","","","","","","","","","","","","Gross Charge Type: Main Acute Price List"
"PLATE,TIBIA PROXIMAL LATERAL 2-HO RT 95","ScorChSup61901","CDM","278","RC","C1713","HCPCS","","","facility","both","","","","9481.19","9481.19","","","","","","","","","","","","","Gross Charge Type: Main Acute Price List"
"PLATE,TIBIA PROXIMAL VA-LCP 4-H 3.5X87MM","ScorWmSup65165","CDM","278","RC","C1713","HCPCS","","","facility","both","","","","9082.18","9082.18","","","","","","","","","","","","","Gross Charge Type: Main Acute Price List"
"PLATE,TIBIA PX VA LCP SM BEND 3.5X117 LT","PacuChSup60252","CDM","278","RC","C1713","HCPCS","","","facility","both","","","","9181.22","9181.22","","","","","","","","","","","","","Gross Charge Type: Main Acute Price List"
"PLATE,TIBIA PX VA-LCP SM B 4-H 3.5X87 LT","OperWmSup60017","CDM","278","RC","C1713","HCPCS","","","facility","both","","","","9082.18","9082.18","","","","","","","","","","","","","Gross Charge Type: Main Acute Price List"
"PLATE,TIBIAL PROX VA-LCP SM 12 3.5X207 RT ST","AngiWmSup75422","CDM","278","RC","C1713","HCPCS","","","facility","both","","","","13794.92","13794.92","","","","","","","","","","","","","Gross Charge Type: Main Acute Price List"
"PLATE,TIBIAL PROX VA-LCP SM 12 3.5X207 RT ST","CspuChSup75422","CDM","278","RC","C1713","HCPCS","","","facility","both","","","","13794.92","13794.92","","","","","","","","","","","","","Gross Charge Type: Main Acute Price List"
"PLATE,TROCHANTER STABILIZATION 138MM STR","PacuWmSup68018","CDM","278","RC","C1713","HCPCS","","","facility","both","","","","4897.55","4897.55","","","","","","","","","","","","","Gross Charge Type: Main Acute Price List"
"PLATE,VA LCP CURV CONDYLAR 4.5X301 14-H  LT ST","ScpuChSup73525","CDM","278","RC","C1713","HCPCS","","","facility","both","","","","14360.21","14360.21","","","","","","","","","","","","","Gross Charge Type: Main Acute Price List"
"PLATE,VA LCP CURVED CONDYLAR 4.5X230 10H RT","CcthChSup76419","CDM","278","RC","C1713","HCPCS","","","facility","both","","","","13184","13184","","","","","","","","","","","","","Gross Charge Type: Main Acute Price List"
"PLATE,VA LCP CURVED CONDYLAR 4.5X230 10H RT","ScorChSup76419","CDM","278","RC","C1713","HCPCS","","","facility","both","","","","13184","13184","","","","","","","","","","","","","Gross Charge Type: Main Acute Price List"
"PLATE,VA LCP CURVED CONDYLAR 8-H 4.5MM","CspuChSup68199","CDM","278","RC","C1713","HCPCS","","","facility","both","","","","12597.65","12597.65","","","","","","","","","","","","","Gross Charge Type: Main Acute Price List"
"PLATE,VARIAX ONE-THIRD TUBULAR 4-H 47MM","OperWmSup68222","CDM","278","RC","C1713","HCPCS","","","facility","both","","","","1795.04","1795.04","","","","","","","","","","","","","Gross Charge Type: Main Acute Price List"
"PLATE,VARIAX ONE-THIRD TUBULAR 6-H 71MM","ScanChSup69283","CDM","278","RC","C1713","HCPCS","","","facility","both","","","","1909.02","1909.02","","","","","","","","","","","","","Gross Charge Type: Main Acute Price List"
"PLATE,VOLAR DIS RADIUS LCP  DIA-META 9 RT","DelrChSup75448","CDM","278","RC","C1713","HCPCS","","","facility","both","","","","9567.67","9567.67","","","","","","","","","","","","","Gross Charge Type: Main Acute Price List"
"PLATE,VOLAR DIS RADIUS NAR XSHORT 8-H RT","ScorWmSup61082","CDM","278","RC","C1713","HCPCS","","","facility","both","","","","5725.45","5725.45","","","","","","","","","","","","","Gross Charge Type: Main Acute Price List"
"PLATE,VOLAR DS RD LCP DIA-META PL 9-H RT","GastWmSup60260","CDM","278","RC","C1713","HCPCS","","","facility","both","","","","8699.22","8699.22","","","","","","","","","","","","","Gross Charge Type: Main Acute Price List"
"PLATE,VOLAR SMARTLOCK DR NARROW LT LONG","ScanChSup60852","CDM","278","RC","C1713","HCPCS","","","facility","both","","","","6579.1","6579.1","","","","","","","","","","","","","Gross Charge Type: Main Acute Price List"
"PLATE-T,  LCP HOLE SHAFT/3-HOLE HEAD","Chrs3140231","CDM","278","RC","C1713","HCPCS","","","facility","both","","","","2318.81","2318.81","","","","","","","","","","","","","Gross Charge Type: Main Acute Price List"
"PLATE-T,  LCP HOLE SHAFT/3-HOLE HEAD","ScpuWmSup40231","CDM","278","RC","C1713","HCPCS","","","facility","both","","","","2318.81","2318.81","","","","","","","","","","","","","Gross Charge Type: Main Acute Price List"
"PLATES, WIRE FORM 3 HOLE","OperWmSup57790","CDM","278","RC","","","","","facility","both","","","","3446.21","3446.21","","","","","","","","","","","","","Gross Charge Type: Main Acute Price List"
"PLC,IV STENT,EXC LE,ANGIOP SM VS,EA AD GLP","IrraCh1072","CDM","361","RC","37237","HCPCS","","","facility","both","","","","8137.11","8137.11","","","","","","","","","","","","","Gross Charge Type: Main Acute Price List"
"PLC,SOFT TIS LOC DEV,GUID,1ST LS GLP","Ccsb411420","CDM","361","RC","10035","HCPCS","","","facility","both","","","","869.43","869.43","","","","","","","","","","","","","Gross Charge Type: Main Acute Price List"
"PLC,SOFT TIS LOC DEV,GUID,1ST LS GLP","Fcin471420","CDM","361","RC","10035","HCPCS","","","facility","both","","","","869.43","869.43","","","","","","","","","","","","","Gross Charge Type: Main Acute Price List"
"PLC,SOFT TIS LOC DEV,GUID,1ST LS NR","Ccsp412420","CDM","361","RC","10035","HCPCS","","","facility","both","","","","869.43","869.43","","","","","","","","","","","","","Gross Charge Type: Main Acute Price List"
"PLC,SOFT TIS LOC DEV,GUID,1ST LS NR","Chrs542420","CDM","361","RC","10035","HCPCS","","","facility","both","","","","869.43","869.43","","","","","","","","","","","","","Gross Charge Type: Main Acute Price List"
"PLC,SOFT TIS LOC DEV,GUID,1ST LS NR","Midd542420","CDM","361","RC","10035","HCPCS","","","facility","both","","","","869.43","869.43","","","","","","","","","","","","","Gross Charge Type: Main Acute Price List"
"PLC,SOFT TIS LOC DEV,GUID,1ST LS NR","S107472420","CDM","361","RC","10035","HCPCS","","","facility","both","","","","869.43","869.43","","","","","","","","","","","","","Gross Charge Type: Main Acute Price List"
"PLC,SOFT TIS LOC DEV,GUID,ADTL LS GLP","CcicXR1421","CDM","361","RC","10036","HCPCS","","","facility","both","","","","869.43","869.43","","","","","","","","","","","","","Gross Charge Type: Main Acute Price List"
"PLC,SOFT TIS LOC DEV,GUID,ADTL LS GLP","Ccsb541421","CDM","361","RC","10036","HCPCS","","","facility","both","","","","869.43","869.43","","","","","","","","","","","","","Gross Charge Type: Main Acute Price List"
"PLC,SOFT TIS LOC DEV,GUID,ADTL LS GLP","Chrs411421","CDM","361","RC","10036","HCPCS","","","facility","both","","","","869.43","869.43","","","","","","","","","","","","","Gross Charge Type: Main Acute Price List"
"PLC,SOFT TIS LOC DEV,GUID,ADTL LS GLP","S107411421","CDM","361","RC","10036","HCPCS","","","facility","both","","","","869.43","869.43","","","","","","","","","","","","","Gross Charge Type: Main Acute Price List"
"PLC,SOFT TIS LOC DEV,GUID,ADTL LS NR","Ccbc302421","CDM","361","RC","10036","HCPCS","","","facility","both","","","","869.43","869.43","","","","","","","","","","","","","Gross Charge Type: Main Acute Price List"
"PLC,SOFT TIS LOC DEV,GUID,ADTL LS NR","CcccXR2421","CDM","361","RC","10036","HCPCS","","","facility","both","","","","869.43","869.43","","","","","","","","","","","","","Gross Charge Type: Main Acute Price List"
"PLC,SOFT TIS LOC DEV,GUID,ADTL LS NR","CcicMR2421","CDM","361","RC","10036","HCPCS","","","facility","both","","","","869.43","869.43","","","","","","","","","","","","","Gross Charge Type: Main Acute Price List"
"PLC,STENT,BILE DUCT,PERC,EA ST,EX AC NR","AngiCh1434","CDM","361","RC","47538","HCPCS","","","facility","both","","","","7450.09","7450.09","","","","","","","","","","","","","Gross Charge Type: Main Acute Price List"
"PLC,STENT,BILE,PR,EA ST,NEW AC,WO CATH GLP","IrraWm1435","CDM","361","RC","47539","HCPCS","","","facility","both","","","","7449.4","7449.4","","","","","","","","","","","","","Gross Charge Type: Main Acute Price List"
"PLCMNT,BREAST LOC DEV,1ST LES,MRI GLP","Wilm411068","CDM","361","RC","19287","HCPCS","","","facility","both","","","","206.17","206.17","","","","","","","","","","","","","Gross Charge Type: Main Acute Price List"
"PLTAG RISTOCETIN .5 MG/ML AGGLUTINATION","HemaMe1607","CDM","305","RC","85576","HCPCS","","","facility","both","","","","252.31","252.31","","","","","","","","","","","","","Gross Charge Type: Main Acute Price List"
"PLTAG U46619 1 UM AGGREGATION","HemaMe1605","CDM","305","RC","85576","HCPCS","","","facility","both","","","","252.31","252.31","","","","","","","","","","","","","Gross Charge Type: Main Acute Price List"
"PLUG II, AMPLATZER VASCULAR 12MM","ScorWmSup42548","CDM","278","RC","C1889","HCPCS","","","facility","both","","","","5161.86","5161.86","","","","","","","","","","","","","Gross Charge Type: Main Acute Price List"
"PLUG II, AMPLATZER VASCULAR 16MM","AngiChSup42550","CDM","278","RC","","","","","facility","both","","","","5161.86","5161.86","","","","","","","","","","","","","Gross Charge Type: Main Acute Price List"
"PLUG II, AMPLATZER VASCULAR 16MM","CspuChSup42550","CDM","278","RC","","","","","facility","both","","","","5161.86","5161.86","","","","","","","","","","","","","Gross Charge Type: Main Acute Price List"
"PLUG II, AMPLATZER VASCULAR 20MM","GastWmSup42552","CDM","278","RC","","","","","facility","both","","","","4853.65","4853.65","","","","","","","","","","","","","Gross Charge Type: Main Acute Price List"
"PLUG II, AMPLATZER VASCULAR 22MM","OperWmSup42553","CDM","278","RC","C1889","HCPCS","","","facility","both","","","","5679.28","5679.28","","","","","","","","","","","","","Gross Charge Type: Main Acute Price List"
"PLUG, AMPLATZER VASCULAR 5FR 10.5 X 125 .038","GastWmSup51444","CDM","278","RC","","","","","facility","both","","","","5542.9","5542.9","","","","","","","","","","","","","Gross Charge Type: Main Acute Price List"
"PLUG, AMPLATZER VASCULAR 6FR 11 X 125 .038","PacuChSup51445","CDM","278","RC","C1889","HCPCS","","","facility","both","","","","6486.2","6486.2","","","","","","","","","","","","","Gross Charge Type: Main Acute Price List"
"PLUG, AMPLATZER VASCULAR 9-PLUG-008","CspuChSup30812","CDM","270","RC","","","","","facility","both","","","","4251.29","4251.29","","","","","","","","","","","","","Gross Charge Type: Main Acute Price List"
"PLUG, AMPLATZER VASCULAR 9-PLUG-010","EplbChSup30813","CDM","270","RC","","","","","facility","both","","","","4977.07","4977.07","","","","","","","","","","","","","Gross Charge Type: Main Acute Price List"
"PLUG, AMPLATZER VASCULAR 9-PLUG-010","OperChSup30813","CDM","270","RC","","","","","facility","both","","","","4977.07","4977.07","","","","","","","","","","","","","Gross Charge Type: Main Acute Price List"
"PLUG, AZUR VASCULAR MEDIUM .027 8MM X 175CM","ScpuChSup110506","CDM","272","RC","","","","","facility","both","","","","12565.86","12565.86","","","","","","","","","","","","","Gross Charge Type: Main Acute Price List"
"PLUG, AZUR VASCULAR MEDIUM .027 8MM X 175CM","ScpuWmSup110506","CDM","272","RC","","","","","facility","both","","","","12565.86","12565.86","","","","","","","","","","","","","Gross Charge Type: Main Acute Price List"
"PLUG, BIODESIGN ENTEROCUTANEOUS FISTULA EFPD-0.7CM","OperChSup113371","CDM","278","RC","C1763","HCPCS","","","facility","both","","","","21206.3","21206.3","","","","","","","","","","","","","Gross Charge Type: Main Acute Price List"
"PLUG, BIODESIGN ENTEROCUTANEOUS FISTULA EFPD-0.7CM","ScpuWmSup113371","CDM","278","RC","C1763","HCPCS","","","facility","both","","","","21206.3","21206.3","","","","","","","","","","","","","Gross Charge Type: Main Acute Price List"
"PLUG, BONE ARTISAN CANAL SZ 18-22MM CEMENTED","EplbChSup110589","CDM","278","RC","C1713","HCPCS","","","facility","both","","","","589.39","589.39","","","","","","","","","","","","","Gross Charge Type: Main Acute Price List"
"PLUG, BONE ARTISAN CANAL SZ 18-22MM CEMENTED","GyscChSup110589","CDM","278","RC","C1713","HCPCS","","","facility","both","","","","589.39","589.39","","","","","","","","","","","","","Gross Charge Type: Main Acute Price List"
"PLUG, HERNIA PERFIX LGHT WT MED","GastChSup45030","CDM","278","RC","C1781","HCPCS","","","facility","both","","","","939.97","939.97","","","","","","","","","","","","","Gross Charge Type: Main Acute Price List"
"PLUG, HERNIA PERFIX LGHT WT SM","Wilm5445029","CDM","278","RC","C1781","HCPCS","","","facility","both","","","","930.12","930.12","","","","","","","","","","","","","Gross Charge Type: Main Acute Price List"
"PLUG, HERNIA ULTRAPRO UNDERLAY LRG 5CM","PacuChSup35372","CDM","270","RC","","","","","facility","both","","","","1052.52","1052.52","","","","","","","","","","","","","Gross Charge Type: Main Acute Price List"
"PLUG, HERNIA ULTRAPRO UNDERLAY LRG 5CM","PacuWmSup35372","CDM","270","RC","","","","","facility","both","","","","1052.52","1052.52","","","","","","","","","","","","","Gross Charge Type: Main Acute Price List"
"PLUG, PORT","Chrs3134585","CDM","270","RC","","","","","facility","both","","","","215.59","215.59","","","","","","","","","","","","","Gross Charge Type: Main Acute Price List"
"PLUG, TROCAR 23GA","ScanWmSup80121","CDM","272","RC","","","","","facility","both","","","","370.7","370.7","","","","","","","","","","","","","Gross Charge Type: Main Acute Price List"
"PLUG, TROCAR 25G+","GastChSup51456","CDM","272","RC","","","","","facility","both","","","","299.8","299.8","","","","","","","","","","","","","Gross Charge Type: Main Acute Price List"
"POC UA MACROSCOPIC","POCTCH1200","CDM","301","RC","81003","HCPCS","","","facility","both","","","","41.24","41.24","","","","","","","","","","","","","Gross Charge Type: Main Acute Price List"
"POINTER, AXIEM SHORT NAVIGATION","EplbChSup109647","CDM","270","RC","","","","","facility","both","","","","3008.91","3008.91","","","","","","","","","","","","","Gross Charge Type: Main Acute Price List"
"POINTER, AXIEM SHORT NAVIGATION","GastChSup109647","CDM","270","RC","","","","","facility","both","","","","3008.91","3008.91","","","","","","","","","","","","","Gross Charge Type: Main Acute Price List"
"POINTER, AXIEM SHORT NAVIGATION","ScanWmSup109647","CDM","270","RC","","","","","facility","both","","","","3008.91","3008.91","","","","","","","","","","","","","Gross Charge Type: Main Acute Price List"
"POLYMER, FILL OVATION STENT GRAFT","PacuChSup63316","CDM","278","RC","C1874","HCPCS","","","facility","both","","","","1360.95","1360.95","","","","","","","","","","","","","Gross Charge Type: Main Acute Price List"
"PORT, CLEARVUE SLIM CATHETER 6FR","ScanChSup63491","CDM","278","RC","C1788","HCPCS","","","facility","both","","","","1466.02","1466.02","","","","","","","","","","","","","Gross Charge Type: Main Acute Price List"
"PORT, POWER MRI CENTRAL VENOUS W/PREATTACH CATH 9.6 FR","PacuChSup52302","CDM","278","RC","C1788","HCPCS","","","facility","both","","","","2780.76","2780.76","","","","","","","","","","","","","Gross Charge Type: Main Acute Price List"
"PORT, THORACIC ENDO 15MM","Chrs5485441","CDM","270","RC","","","","","facility","both","","","","90.3","90.3","","","","","","","","","","","","","Gross Charge Type: Main Acute Price List"
"PORT,ACCESS BLADELESS OPTICAL TIP 12X150","CspuChSup59408","CDM","272","RC","","","","","facility","both","","","","582.35","582.35","","","","","","","","","","","","","Gross Charge Type: Main Acute Price List"
"POST, CENTER 6.5 SIZE 25MM","ScorWmSup10191093","CDM","278","RC","C1713","HCPCS","","","facility","both","","","","4312.84","4312.84","","","","","","","","","","","","","Gross Charge Type: Main Acute Price List"
"POST, CENTRAL MODULAR 25MM","PacuWmSup114791","CDM","278","RC","C1776","HCPCS","","","facility","both","","","","5500.01","5500.01","","","","","","","","","","","","","Gross Charge Type: Main Acute Price List"
"POST, CENTRAL MODULAR 25MM","ScanWmSup114791","CDM","278","RC","C1776","HCPCS","","","facility","both","","","","5500.01","5500.01","","","","","","","","","","","","","Gross Charge Type: Main Acute Price List"
"POST, FEMALE 4-HOLE","PacuWmSup21265","CDM","278","RC","","","","","facility","both","","","","983.7","983.7","","","","","","","","","","","","","Gross Charge Type: Main Acute Price List"
"POST, LOCKING 23MM LONG BRIDGE","CspuChSup114324","CDM","278","RC","C1713","HCPCS","","","facility","both","","","","22847.63","22847.63","","","","","","","","","","","","","Gross Charge Type: Main Acute Price List"
"POST, LOCKING 23MM LONG BRIDGE","GyscChSup114324","CDM","278","RC","C1713","HCPCS","","","facility","both","","","","22847.63","22847.63","","","","","","","","","","","","","Gross Charge Type: Main Acute Price List"
"POST, LOCKING 23MM LONG BRIDGE","OperWmSup114324","CDM","278","RC","C1713","HCPCS","","","facility","both","","","","22847.63","22847.63","","","","","","","","","","","","","Gross Charge Type: Main Acute Price List"
"POST, LOCKING 23MM SHORT BRIDGE","EplbChSup114323","CDM","278","RC","C1713","HCPCS","","","facility","both","","","","20898.75","20898.75","","","","","","","","","","","","","Gross Charge Type: Main Acute Price List"
"POST, MAXFRAME MULTI PARALLEL PIN 3 HGH","GastWmSup113790","CDM","278","RC","C1713","HCPCS","","","facility","both","","","","1729.94","1729.94","","","","","","","","","","","","","Gross Charge Type: Main Acute Price List"
"POST, MAXFRAME MULTI PARALLEL PIN 4 HGH","CcthChSup113791","CDM","278","RC","C1713","HCPCS","","","facility","both","","","","1839.78","1839.78","","","","","","","","","","","","","Gross Charge Type: Main Acute Price List"
"POST, MAXFRAME MULTI PARALLEL PIN 4 HGH","DelrChSup113791","CDM","278","RC","C1713","HCPCS","","","facility","both","","","","1839.78","1839.78","","","","","","","","","","","","","Gross Charge Type: Main Acute Price List"
"POST, MAXFRAME MULTI PARALLEL PIN 5 HGH","ScanWmSup113895","CDM","278","RC","C1713","HCPCS","","","facility","both","","","","1709.34","1709.34","","","","","","","","","","","","","Gross Charge Type: Main Acute Price List"
"POST, MAXFRAME MULTI PARALLEL PIN 6 HIGH","AnesWmSup113308","CDM","278","RC","C1713","HCPCS","","","facility","both","","","","1963.24","1963.24","","","","","","","","","","","","","Gross Charge Type: Main Acute Price List"
"POST, MAXFRAME MULTI PARALLEL PIN 6 HIGH","PacuChSup113308","CDM","278","RC","C1713","HCPCS","","","facility","both","","","","1963.24","1963.24","","","","","","","","","","","","","Gross Charge Type: Main Acute Price List"
"POST, MAXFRAME MULTI PARALLEL PIN 6 HIGH","ScorChSup113308","CDM","278","RC","C1713","HCPCS","","","facility","both","","","","1963.24","1963.24","","","","","","","","","","","","","Gross Charge Type: Main Acute Price List"
"POST, OUTRIGGER CURVED 90-DEG 11MM","CcthChSup45444","CDM","270","RC","","","","","facility","both","","","","670.79","670.79","","","","","","","","","","","","","Gross Charge Type: Main Acute Price List"
"POST, OUTRIGGER CURVED 90-DEG 11MM","ScpuWmSup45444","CDM","270","RC","","","","","facility","both","","","","670.79","670.79","","","","","","","","","","","","","Gross Charge Type: Main Acute Price List"
"POST, SALVATION SHORT WIRE","CspuChSup78912","CDM","278","RC","","","","","facility","both","","","","1754.96","1754.96","","","","","","","","","","","","","Gross Charge Type: Main Acute Price List"
"POST, SALVATION SHORT WIRE","ScanChSup78912","CDM","278","RC","","","","","facility","both","","","","1754.96","1754.96","","","","","","","","","","","","","Gross Charge Type: Main Acute Price List"
"POST, TAPER 11MM","PacuWmSup65318","CDM","278","RC","C1776","HCPCS","","","facility","both","","","","2956.68","2956.68","","","","","","","","","","","","","Gross Charge Type: Main Acute Price List"
"POST, TAPER 11MM","ScorWmSup65318","CDM","278","RC","C1776","HCPCS","","","facility","both","","","","2956.68","2956.68","","","","","","","","","","","","","Gross Charge Type: Main Acute Price List"
"POST, WIRE 2-HOLE","CspuChSup73480","CDM","278","RC","C1713","HCPCS","","","facility","both","","","","1594.01","1594.01","","","","","","","","","","","","","Gross Charge Type: Main Acute Price List"
"POST, WIRE 3-HOLE","GyscChSup108110","CDM","270","RC","","","","","facility","both","","","","1548.36","1548.36","","","","","","","","","","","","","Gross Charge Type: Main Acute Price List"
"POST, WIRE SHORT","CLDRChSup71537","CDM","278","RC","","","","","facility","both","","","","1404.42","1404.42","","","","","","","","","","","","","Gross Charge Type: Main Acute Price List"
"POST, WIRE TALL","DelrChSup71538","CDM","278","RC","","","","","facility","both","","","","1594.01","1594.01","","","","","","","","","","","","","Gross Charge Type: Main Acute Price List"
"PREGNANCY TEST","GastCh802155","CDM","301","RC","84703","HCPCS","","","facility","both","","","","130.7","130.7","","","","","","","","","","","","","Gross Charge Type: Main Acute Price List"
"PRESTIGE PLUS COMPLEX PACK 4MM X 20CM","AngiChSup118353","CDM","272","RC","C1889","HCPCS","","","facility","both","","","","5235.78","5235.78","","","","","","","","","","","","","Gross Charge Type: Main Acute Price List"
"PRESTIGE PLUS COMPLEX PACK 4MM X 20CM","ScanWmSup118353","CDM","272","RC","C1889","HCPCS","","","facility","both","","","","5235.78","5235.78","","","","","","","","","","","","","Gross Charge Type: Main Acute Price List"
"PRESTIGE PLUS COMPLEX PACK 6MM X 20CM","AngiChSup118355","CDM","272","RC","C1889","HCPCS","","","facility","both","","","","4923.16","4923.16","","","","","","","","","","","","","Gross Charge Type: Main Acute Price List"
"PRESTIGE PLUS COMPLEX PACK 6MM X 20CM","CspuChSup118355","CDM","272","RC","C1889","HCPCS","","","facility","both","","","","4923.16","4923.16","","","","","","","","","","","","","Gross Charge Type: Main Acute Price List"
"PRESTIGE PLUS COMPLEX PACK 7MM X 20CM","ScanChSup118356","CDM","272","RC","C1889","HCPCS","","","facility","both","","","","5235.78","5235.78","","","","","","","","","","","","","Gross Charge Type: Main Acute Price List"
"PRESTIGE PLUS COMPLEX PACK 7MM X 20CM","ScorWmSup118356","CDM","272","RC","C1889","HCPCS","","","facility","both","","","","5235.78","5235.78","","","","","","","","","","","","","Gross Charge Type: Main Acute Price List"
"PRESTIGE PLUS COMPLEX XTRA PACK 1MM X 3CM","AngiChSup118346","CDM","272","RC","C1889","HCPCS","","","facility","both","","","","4619.8","4619.8","","","","","","","","","","","","","Gross Charge Type: Main Acute Price List"
"PRESTIGE PLUS COMPLEX XTRA PACK 1MM X 3CM","ScanChSup118346","CDM","272","RC","C1889","HCPCS","","","facility","both","","","","4619.8","4619.8","","","","","","","","","","","","","Gross Charge Type: Main Acute Price List"
"PRESTIGE PLUS COMPLEX XTRA PACK 2MM X 4CM","AnesWmSup118348","CDM","272","RC","C1889","HCPCS","","","facility","both","","","","4619.8","4619.8","","","","","","","","","","","","","Gross Charge Type: Main Acute Price List"
"PRESTIGE PLUS COMPLEX XTRA PACK 2MM X 4CM","PacuWmSup118348","CDM","272","RC","C1889","HCPCS","","","facility","both","","","","4619.8","4619.8","","","","","","","","","","","","","Gross Charge Type: Main Acute Price List"
"PRESTIGE PLUS COMPLEX XTRA PACK 3.5MM X 8CM","AnesChSup118352","CDM","272","RC","C1889","HCPCS","","","facility","both","","","","4619.8","4619.8","","","","","","","","","","","","","Gross Charge Type: Main Acute Price List"
"PRESTIGE PLUS COMPLEX XTRA PACK 3MM X 10CM","CcthChSup118351","CDM","272","RC","C1889","HCPCS","","","facility","both","","","","4619.8","4619.8","","","","","","","","","","","","","Gross Charge Type: Main Acute Price List"
"PRESTIGE PLUS HELICAL XTRA PACK 2MM X 4CM","ScpuChSup118699","CDM","278","RC","C1889","HCPCS","","","facility","both","","","","4923.16","4923.16","","","","","","","","","","","","","Gross Charge Type: Main Acute Price List"
"PROBE, APC 1.5MM","CspuChSup21433","CDM","270","RC","","","","","facility","both","","","","1389.02","1389.02","","","","","","","","","","","","","Gross Charge Type: Main Acute Price List"
"PROBE, APC 2.3MMX300CM","ScanWmSup27545","CDM","272","RC","","","","","facility","both","","","","1499.9","1499.9","","","","","","","","","","","","","Gross Charge Type: Main Acute Price List"
"PROBE, APC SMALL BOWEL W/FILTER","Chrs3133309","CDM","270","RC","","","","","facility","both","","","","1586.45","1586.45","","","","","","","","","","","","","Gross Charge Type: Main Acute Price List"
"PROBE, APPLICATOR SOLERO MW 14CM","ScorWmSup106470","CDM","272","RC","","","","","facility","both","","","","18479.22","18479.22","","","","","","","","","","","","","Gross Charge Type: Main Acute Price List"
"PROBE, CERTUS MICROWAVE ABLATION 15CM 17G LK15","CcicUS55861","CDM","272","RC","","","","","facility","both","","","","12818.42","12818.42","","","","","","","","","","","","","Gross Charge Type: Main Acute Price List"
"PROBE, CERTUS MICROWAVE ABLATION 15CM 17G LK15","Ccim4755861","CDM","272","RC","","","","","facility","both","","","","12818.42","12818.42","","","","","","","","","","","","","Gross Charge Type: Main Acute Price List"
"PROBE, CERTUS MICROWAVE ABLATION 15CM 17G LK15","Chrs4155861","CDM","272","RC","","","","","facility","both","","","","12818.42","12818.42","","","","","","","","","","","","","Gross Charge Type: Main Acute Price List"
"PROBE, CERTUS MICROWAVE ABLATION 15CM 17G LK15","Chrs4755861","CDM","272","RC","","","","","facility","both","","","","12818.42","12818.42","","","","","","","","","","","","","Gross Charge Type: Main Acute Price List"
"PROBE, CERTUS MICROWAVE ABLATION 15CM 17G LK15","Fcin3855861","CDM","272","RC","","","","","facility","both","","","","12818.42","12818.42","","","","","","","","","","","","","Gross Charge Type: Main Acute Price List"
"PROBE, CERTUS MICROWAVE ABLATION 15CM 17G LK15","GyscChSup55861","CDM","272","RC","","","","","facility","both","","","","12818.42","12818.42","","","","","","","","","","","","","Gross Charge Type: Main Acute Price List"
"PROBE, CERTUS MICROWAVE ABLATION 15CM 20G PR15","CcsbUS55860","CDM","272","RC","","","","","facility","both","","","","12818.42","12818.42","","","","","","","","","","","","","Gross Charge Type: Main Acute Price List"
"PROBE, CERTUS MICROWAVE ABLATION 15CM 20G PR15","Chrs5455860","CDM","272","RC","","","","","facility","both","","","","12818.42","12818.42","","","","","","","","","","","","","Gross Charge Type: Main Acute Price List"
"PROBE, CERTUS MICROWAVE ABLATION 15CM 20G PR15","MiddUS55860","CDM","272","RC","","","","","facility","both","","","","12818.42","12818.42","","","","","","","","","","","","","Gross Charge Type: Main Acute Price List"
"PROBE, CERTUS MICROWAVE ABLATION 20CM 17G LK20","CcthChSup55862","CDM","272","RC","","","","","facility","both","","","","12053.05","12053.05","","","","","","","","","","","","","Gross Charge Type: Main Acute Price List"
"PROBE, CERTUS MICROWAVE ABLATION 20CM 17G LK20","GyscChSup55862","CDM","272","RC","","","","","facility","both","","","","12053.05","12053.05","","","","","","","","","","","","","Gross Charge Type: Main Acute Price List"
"PROBE, CERTUS MICROWAVE ABLATION 20CM 17G PR20","Ccsm4155863","CDM","272","RC","","","","","facility","both","","","","12818.42","12818.42","","","","","","","","","","","","","Gross Charge Type: Main Acute Price List"
"PROBE, CORRUGATED 10CM CRYO-ABLATION","ScpuChSup72363","CDM","272","RC","","","","","facility","both","","","","14475.39","14475.39","","","","","","","","","","","","","Gross Charge Type: Main Acute Price List"
"PROBE, DOPLER MALLEABLE DISP.","PacuWmSup28393","CDM","272","RC","","","","","facility","both","","","","2694.89","2694.89","","","","","","","","","","","","","Gross Charge Type: Main Acute Price List"
"PROBE, ELEVATION BREAST BIOPSY 10G","AngiWmSup115158","CDM","272","RC","","","","","facility","both","","","","1224.86","1224.86","","","","","","","","","","","","","Gross Charge Type: Main Acute Price List"
"PROBE, ELEVATION BREAST BIOPSY 14G","Wilm54115160","CDM","272","RC","","","","","facility","both","","","","1302.63","1302.63","","","","","","","","","","","","","Gross Charge Type: Main Acute Price List"
"PROBE, ENDO LASER STEPPED ANGLED 25 GA","GyscChSup55199","CDM","272","RC","","","","","facility","both","","","","1642.59","1642.59","","","","","","","","","","","","","Gross Charge Type: Main Acute Price List"
"PROBE, ENDO LASER STEPPED ANGLED 25 GA","OperChSup55199","CDM","272","RC","","","","","facility","both","","","","1642.59","1642.59","","","","","","","","","","","","","Gross Charge Type: Main Acute Price List"
"PROBE, ENDOILLUMINATOR 25G","OperChSup106698","CDM","278","RC","","","","","facility","both","","","","626.4","626.4","","","","","","","","","","","","","Gross Charge Type: Main Acute Price List"
"PROBE, ENT PTEYE FIBER OPTIC DISPOSABLE","EplbChSup110804","CDM","270","RC","","","","","facility","both","","","","3849.83","3849.83","","","","","","","","","","","","","Gross Charge Type: Main Acute Price List"
"PROBE, GOLD ELECTROHEMO 7FR","ScanChSup214485","CDM","270","RC","","","","","facility","both","","","","736.7","736.7","","","","","","","","","","","","","Gross Charge Type: Main Acute Price List"
"PROBE, ICE EDGE CRYOABLATION NDL 2.4MM","Chrs4153746","CDM","272","RC","","","","","facility","both","","","","7674.33","7674.33","","","","","","","","","","","","","Gross Charge Type: Main Acute Price List"
"PROBE, ICE FORCE 2.1 CX CRYOABLATION","GyscChSup75356","CDM","272","RC","C2618","HCPCS","","","facility","both","","","","10163.56","10163.56","","","","","","","","","","","","","Gross Charge Type: Main Acute Price List"
"PROBE, ICE ROD PLUS CRYOABLATION NDL 17G 2/PK","S1074153745","CDM","272","RC","","","","","facility","both","","","","6929.7","6929.7","","","","","","","","","","","","","Gross Charge Type: Main Acute Price List"
"PROBE, ICE ROD PLUS CRYOABLATION NDL17G","CcsmCT50827","CDM","272","RC","C2618","HCPCS","","","facility","both","","","","6929.7","6929.7","","","","","","","","","","","","","Gross Charge Type: Main Acute Price List"
"PROBE, ICE ROD PLUS CRYOABLATION NDL17G","GastChSup50827","CDM","272","RC","C2618","HCPCS","","","facility","both","","","","6929.7","6929.7","","","","","","","","","","","","","Gross Charge Type: Main Acute Price List"
"PROBE, ICE ROD PLUS CRYOABLATION NDL17G","Midd4750827","CDM","272","RC","C2618","HCPCS","","","facility","both","","","","6929.7","6929.7","","","","","","","","","","","","","Gross Charge Type: Main Acute Price List"
"PROBE, ICE ROD PLUS CRYOABLATION NDL17G","OperChSup50827","CDM","272","RC","C2618","HCPCS","","","facility","both","","","","6929.7","6929.7","","","","","","","","","","","","","Gross Charge Type: Main Acute Price List"
"PROBE, ICE ROD PLUS CRYOABLATION NDL17G","ScanWmSup50827","CDM","272","RC","C2618","HCPCS","","","facility","both","","","","6929.7","6929.7","","","","","","","","","","","","","Gross Charge Type: Main Acute Price List"
"PROBE, ICE ROD PLUS CRYOABLATION NDL17G","ScpuWmSup50827","CDM","272","RC","C2618","HCPCS","","","facility","both","","","","6929.7","6929.7","","","","","","","","","","","","","Gross Charge Type: Main Acute Price List"
"PROBE, ICE ROD PLUS CRYOABLATION NDL17G","Wilm4750827","CDM","272","RC","C2618","HCPCS","","","facility","both","","","","6929.7","6929.7","","","","","","","","","","","","","Gross Charge Type: Main Acute Price List"
"PROBE, ICE RODCX CRYOABLATION 2.1MM RIGHT","Hccc4157918","CDM","272","RC","C2618","HCPCS","","","facility","both","","","","10163.56","10163.56","","","","","","","","","","","","","Gross Charge Type: Main Acute Price List"
"PROBE, ICE RODCX CRYOABLATION 2.1MM RIGHT","Wilm4757918","CDM","272","RC","C2618","HCPCS","","","facility","both","","","","10163.56","10163.56","","","","","","","","","","","","","Gross Charge Type: Main Acute Price List"
"PROBE, ILLUMIN CHANDELIER 25G RFID","ScpuWmSup51459","CDM","272","RC","","","","","facility","both","","","","766.09","766.09","","","","","","","","","","","","","Gross Charge Type: Main Acute Price List"
"PROBE, LASER ENDO OCULAR 25G","OperChSup44213","CDM","272","RC","","","","","facility","both","","","","585.18","585.18","","","","","","","","","","","","","Gross Charge Type: Main Acute Price List"
"PROBE, MAMMOTOME ELITE ULTRASOUND 13G","CcccCR51010","CDM","272","RC","","","","","facility","both","","","","1490.02","1490.02","","","","","","","","","","","","","Gross Charge Type: Main Acute Price List"
"PROBE, MAMMOTOME ELITE ULTRASOUND 13G","Ccsm4751010","CDM","272","RC","","","","","facility","both","","","","1490.02","1490.02","","","","","","","","","","","","","Gross Charge Type: Main Acute Price List"
"PROBE, MAMMOTOME ELITE ULTRASOUND 13G","CspuChSup51010","CDM","272","RC","","","","","facility","both","","","","1490.02","1490.02","","","","","","","","","","","","","Gross Charge Type: Main Acute Price List"
"PROBE, MAMMOTOME ELITE ULTRASOUND 13G","MiddUS51010","CDM","272","RC","","","","","facility","both","","","","1490.02","1490.02","","","","","","","","","","","","","Gross Charge Type: Main Acute Price List"
"PROBE, MAMMOTOME ELITE ULTRASOUND 13G","ScanChSup51010","CDM","272","RC","","","","","facility","both","","","","1490.02","1490.02","","","","","","","","","","","","","Gross Charge Type: Main Acute Price List"
"PROBE, MAMMOTONE ELITE ULTRASOUND 10G","CcbcBx61533","CDM","272","RC","","","","","facility","both","","","","1401.05","1401.05","","","","","","","","","","","","","Gross Charge Type: Main Acute Price List"
"PROBE, MAMMOTONE ELITE ULTRASOUND 10G","Ccsb3861533","CDM","272","RC","","","","","facility","both","","","","1401.05","1401.05","","","","","","","","","","","","","Gross Charge Type: Main Acute Price List"
"PROBE, MAMMOTONE ELITE ULTRASOUND 10G","Ccsp4761533","CDM","272","RC","","","","","facility","both","","","","1401.05","1401.05","","","","","","","","","","","","","Gross Charge Type: Main Acute Price List"
"PROBE, MAMMOTONE ELITE ULTRASOUND 10G","ChrsCT61533","CDM","272","RC","","","","","facility","both","","","","1401.05","1401.05","","","","","","","","","","","","","Gross Charge Type: Main Acute Price List"
"PROBE, MAMMOTONE ELITE ULTRASOUND 10G","OperChSup61533","CDM","272","RC","","","","","facility","both","","","","1401.05","1401.05","","","","","","","","","","","","","Gross Charge Type: Main Acute Price List"
"PROBE, MMG BALL TIP ADJ CTRL","GastWmSup111657","CDM","270","RC","","","","","facility","both","","","","1528.54","1528.54","","","","","","","","","","","","","Gross Charge Type: Main Acute Price List"
"PROBE, MMG BALL TIP ADJ CTRL","ScanChSup111657","CDM","270","RC","","","","","facility","both","","","","1528.54","1528.54","","","","","","","","","","","","","Gross Charge Type: Main Acute Price List"
"PROBE, MMG BALL TIP ADJ CTRL","ScorWmSup111657","CDM","270","RC","","","","","facility","both","","","","1528.54","1528.54","","","","","","","","","","","","","Gross Charge Type: Main Acute Price List"
"PROBE, NIM SPINE BALL TIP 23CM","GastChSup48038","CDM","272","RC","","","","","facility","both","","","","909.18","909.18","","","","","","","","","","","","","Gross Charge Type: Main Acute Price List"
"PROBE, PEDICLE ACCESS X-PAK LONG","CLDRChSup63107","CDM","272","RC","","","","","facility","both","","","","837.23","837.23","","","","","","","","","","","","","Gross Charge Type: Main Acute Price List"
"PROBE, PEDICLE ACCESS X-PAK LONG","PacuChSup63107","CDM","272","RC","","","","","facility","both","","","","837.23","837.23","","","","","","","","","","","","","Gross Charge Type: Main Acute Price List"
"PROBE, SCRAPER OSCAR 8MM","CspuChSup73245","CDM","272","RC","","","","","facility","both","","","","6128.94","6128.94","","","","","","","","","","","","","Gross Charge Type: Main Acute Price List"
"PROBE, SCRAPER OSCAR 8MM","GyscChSup73245","CDM","272","RC","","","","","facility","both","","","","6128.94","6128.94","","","","","","","","","","","","","Gross Charge Type: Main Acute Price List"
"PROBE, SCRAPER OSCAR 8MM","ScanWmSup73245","CDM","272","RC","","","","","facility","both","","","","6128.94","6128.94","","","","","","","","","","","","","Gross Charge Type: Main Acute Price List"
"PROBE, SENTIO NAVIGATION","AngiWmSup111653","CDM","270","RC","","","","","facility","both","","","","1528.54","1528.54","","","","","","","","","","","","","Gross Charge Type: Main Acute Price List"
"PROBE, SENTIO NAVIGATION","CcthChSup111653","CDM","270","RC","","","","","facility","both","","","","1528.54","1528.54","","","","","","","","","","","","","Gross Charge Type: Main Acute Price List"
"PROBE, STIMULATOR BIPO SIDE TO SIDE","ScorChSup76961","CDM","272","RC","","","","","facility","both","","","","941.94","941.94","","","","","","","","","","","","","Gross Charge Type: Main Acute Price List"
"PROBE, STRAIGHT BIPOLAR PENCIL 25GA","Wilm5427204","CDM","270","RC","","","","","facility","both","","","","243.92","243.92","","","","","","","","","","","","","Gross Charge Type: Main Acute Price List"
"PROBE, VITRECTOMY 25G+ ULTRAVIT","ScpuWmSup57135","CDM","272","RC","","","","","facility","both","","","","1103.66","1103.66","","","","","","","","","","","","","Gross Charge Type: Main Acute Price List"
"PROBE,DEBRIDEMENT ASPIRATION CURETTE VAC","EplbChSup72452","CDM","272","RC","","","","","facility","both","","","","2780.14","2780.14","","","","","","","","","","","","","Gross Charge Type: Main Acute Price List"
"PROBE,DEBRIDEMENT ASPIRATION CURETTE VAC","ScanChSup72452","CDM","272","RC","","","","","facility","both","","","","2780.14","2780.14","","","","","","","","","","","","","Gross Charge Type: Main Acute Price List"
"PROBE,ICE PEARL CX CRYOABLATION 2.1MM 90D","CcthChSup69640","CDM","272","RC","C2618","HCPCS","","","facility","both","","","","10163.56","10163.56","","","","","","","","","","","","","Gross Charge Type: Main Acute Price List"
"PROC FEE-DRBC FROZEN","BlbkMe1073","CDM","390","RC","P9054","HCPCS","","","facility","both","","","","1407.55","1407.55","","","","","","","","","","","","","Gross Charge Type: Main Acute Price List"
"PROCESS,NUCLEUS SND CP950 KANSO- SLATE GREY","DelrChSup70553","CDM","278","RC","L8690","HCPCS","","","facility","both","","","","49382.17","49382.17","","","","","","","","","","","","","Gross Charge Type: Main Acute Price List"
"PROCESSOR, BAHA5 SOUND BROWN","OperWmSup64926","CDM","272","RC","","","","","facility","both","","","","20033.08","20033.08","","","","","","","","","","","","","Gross Charge Type: Main Acute Price List"
"PROCESSOR, COCHLEAR NUCLEUS 8 SOUND GRAY CP1110","AnesChSup117768","CDM","272","RC","","","","","facility","both","","","","57570.16","57570.16","","","","","","","","","","","","","Gross Charge Type: Main Acute Price List"
"PROCESSOR, COCHLEAR NUCLEUS 8 SOUND GRAY CP1110","GyscChSup117768","CDM","272","RC","","","","","facility","both","","","","57570.16","57570.16","","","","","","","","","","","","","Gross Charge Type: Main Acute Price List"
"PROCESSOR, COCHLEAR NUCLEUS 8 SOUND SAND CP1110","AngiWmSup118011","CDM","272","RC","","","","","facility","both","","","","57570.16","57570.16","","","","","","","","","","","","","Gross Charge Type: Main Acute Price List"
"PROCESSOR, NUCLEUS 7 SOUND CP 1000 - BLACK","GyscChSup74850","CDM","278","RC","","","","","facility","both","","","","50122.9","50122.9","","","","","","","","","","","","","Gross Charge Type: Main Acute Price List"
"PROCESSOR, NUCLEUS 7 SOUND CP 1000 - BLACK","ScpuWmSup74850","CDM","278","RC","","","","","facility","both","","","","50122.9","50122.9","","","","","","","","","","","","","Gross Charge Type: Main Acute Price List"
"PROCESSOR, NUCLEUS 7 SOUND CP1000-GREY","AngiWmSup73695","CDM","272","RC","","","","","facility","both","","","","50122.9","50122.9","","","","","","","","","","","","","Gross Charge Type: Main Acute Price List"
"PROCESSOR, NUCLEUS BAHA 6 MAX BLACK","DelrChSup115200","CDM","272","RC","L8691","HCPCS","","","facility","both","","","","23027.27","23027.27","","","","","","","","","","","","","Gross Charge Type: Main Acute Price List"
"PROCESSOR, NUCLEUS BAHA 6 MAX BROWN","PacuChSup116373","CDM","272","RC","L8691","HCPCS","","","facility","both","","","","22815.43","22815.43","","","","","","","","","","","","","Gross Charge Type: Main Acute Price List"
"PROCESSOR, NUCLEUS SOUND CP1150 KANSO 2 -SANDY BLONDE","AngiChSup107837","CDM","278","RC","","","","","facility","both","","","","53305.71","53305.71","","","","","","","","","","","","","Gross Charge Type: Main Acute Price List"
"PROCESSOR, NUCLEUS SOUND CP1150 KANSO 2 -SANDY BLONDE","CcthChSup107837","CDM","278","RC","","","","","facility","both","","","","53305.71","53305.71","","","","","","","","","","","","","Gross Charge Type: Main Acute Price List"
"PROCESSOR, NUCLEUS SOUND CP1150 KANSO 2-CHOCOLATE BROWN","ScanChSup107835","CDM","272","RC","","","","","facility","both","","","","53305.71","53305.71","","","","","","","","","","","","","Gross Charge Type: Main Acute Price List"
"PROCESSOR, NUCLEUS SOUND CP1150 KANSO 2-SILVER","PacuChSup107833","CDM","272","RC","","","","","facility","both","","","","53305.71","53305.71","","","","","","","","","","","","","Gross Charge Type: Main Acute Price List"
"PROCESSOR, NUCLEUS SOUND CP1150 KANSO 2-SLATE GREY","ScpuWmSup107836","CDM","272","RC","","","","","facility","both","","","","50122.9","50122.9","","","","","","","","","","","","","Gross Charge Type: Main Acute Price List"
"PROCESSOR, OSIA 2 SOUND KIT","EplbChSup108799","CDM","272","RC","L8691","HCPCS","","","facility","both","","","","24591.71","24591.71","","","","","","","","","","","","","Gross Charge Type: Main Acute Price List"
"PROCESSOR, OSIA 2 SOUND KIT","OperChSup108799","CDM","272","RC","L8691","HCPCS","","","facility","both","","","","24591.71","24591.71","","","","","","","","","","","","","Gross Charge Type: Main Acute Price List"
"PROFORE","PhytFk2037","CDM","270","RC","","","","","facility","both","","","","70.97","70.97","","","","","","","","","","","","","Gross Charge Type: Main Acute Price List"
"PROGESTERONE,PEDIATRIC","ChemWm7370","CDM","301","RC","84144","HCPCS","","","facility","both","","","","232.73","232.73","","","","","","","","","","","","","Gross Charge Type: Main Acute Price List"
"PROGLIDE, PERCLOSE 12673-03","GastChSup26027","CDM","272","RC","","","","","facility","both","","","","1601.53","1601.53","","","","","","","","","","","","","Gross Charge Type: Main Acute Price List"
"PROGLIDE, PERCLOSE 12673-03","ScorChSup26027","CDM","272","RC","","","","","facility","both","","","","1601.53","1601.53","","","","","","","","","","","","","Gross Charge Type: Main Acute Price List"
"PROGRAMMER, ICON PATIENT","ScanWmSup34467","CDM","272","RC","C1787","HCPCS","","","facility","both","","","","6892.42","6892.42","","","","","","","","","","","","","Gross Charge Type: Main Acute Price List"
"PROGRAMMER, PATIENT","GastWmSup114157","CDM","278","RC","C1787","HCPCS","","","facility","both","","","","7672.51","7672.51","","","","","","","","","","","","","Gross Charge Type: Main Acute Price List"
"PROSTH OSSICULAR HA FRISBEE PARTIAL  0.5MM L","OperChSup10180907","CDM","278","RC","L8613","HCPCS","","","facility","both","","","","2391.1","2391.1","","","","","","","","","","","","","Gross Charge Type: Main Acute Price List"
"PROSTH, EAR BELL VARIO PARTIAL","PacuChSup18243","CDM","278","RC","L8613","HCPCS","","","facility","both","","","","2925.87","2925.87","","","","","","","","","","","","","Gross Charge Type: Main Acute Price List"
"PROSTH, EAR BELL VARIO PARTIAL","ScpuChSup18243","CDM","278","RC","L8613","HCPCS","","","facility","both","","","","2925.87","2925.87","","","","","","","","","","","","","Gross Charge Type: Main Acute Price List"
"PROSTH, EAR LENTICLE CUP 3.75MM","CcthChSup45314","CDM","278","RC","","","","","facility","both","","","","1737.58","1737.58","","","","","","","","","","","","","Gross Charge Type: Main Acute Price List"
"PROSTH, EAR LENTICLE CUP 3.75MM","ScpuWmSup45314","CDM","278","RC","","","","","facility","both","","","","1737.58","1737.58","","","","","","","","","","","","","Gross Charge Type: Main Acute Price List"
"PROSTH, EAR LENTICLE CUP 4.00MM","Chrs5445315","CDM","278","RC","","","","","facility","both","","","","1847.92","1847.92","","","","","","","","","","","","","Gross Charge Type: Main Acute Price List"
"PROSTH, EAR TITANIUM TTP","ScpuWmSup18742","CDM","278","RC","L8613","HCPCS","","","facility","both","","","","2925.87","2925.87","","","","","","","","","","","","","Gross Charge Type: Main Acute Price List"
"PROSTH, PISTON STAPES 0.6X4.50","GastChSup6013","CDM","278","RC","L8613","HCPCS","","","facility","both","","","","1147.67","1147.67","","","","","","","","","","","","","Gross Charge Type: Main Acute Price List"
"PROSTH, PISTON STAPES 0.6X4.50","OperWmSup6013","CDM","278","RC","L8613","HCPCS","","","facility","both","","","","1147.67","1147.67","","","","","","","","","","","","","Gross Charge Type: Main Acute Price List"
"PROSTH, STAPES PISTON TI","CspuChSup31269","CDM","278","RC","L8613","HCPCS","","","facility","both","","","","1590.23","1590.23","","","","","","","","","","","","","Gross Charge Type: Main Acute Price List"
"PROSTH, STAPES ROBERSON 4.5MM","OperChSup31580","CDM","278","RC","L8613","HCPCS","","","facility","both","","","","1691.22","1691.22","","","","","","","","","","","","","Gross Charge Type: Main Acute Price List"
"PROSTH, STAPES SMART PISTON 0.5X4.50MM","AnesWmSup75327","CDM","278","RC","L8613","HCPCS","","","facility","both","","","","1629.83","1629.83","","","","","","","","","","","","","Gross Charge Type: Main Acute Price List"
"PROSTH, STAPES SMART PISTON 0.5X4.50MM","OperWmSup75327","CDM","278","RC","L8613","HCPCS","","","facility","both","","","","1629.83","1629.83","","","","","","","","","","","","","Gross Charge Type: Main Acute Price List"
"PROSTH, STAPES SMART PISTON 6X4.50MM","Chrs3133326","CDM","278","RC","L8613","HCPCS","","","facility","both","","","","1613.36","1613.36","","","","","","","","","","","","","Gross Charge Type: Main Acute Price List"
"PROSTH, STAPES SMART PISTON 6X4.50MM","PacuChSup33326","CDM","278","RC","L8613","HCPCS","","","facility","both","","","","1613.36","1613.36","","","","","","","","","","","","","Gross Charge Type: Main Acute Price List"
"PROSTHESIS, NASAL SEPTAL PERFOATION 17X13X3MM","GastChSup77427","CDM","272","RC","","","","","facility","both","","","","1841.77","1841.77","","","","","","","","","","","","","Gross Charge Type: Main Acute Price List"
"PROSTHESIS, NASAL SEPTAL PERFOATION 17X13X3MM","ScpuChSup77427","CDM","272","RC","","","","","facility","both","","","","1841.77","1841.77","","","","","","","","","","","","","Gross Charge Type: Main Acute Price List"
"PROSTHESIS, NASAL SEPTAL PERFORATION 15X21X2MM","DelrChSup107535","CDM","278","RC","","","","","facility","both","","","","1909.52","1909.52","","","","","","","","","","","","","Gross Charge Type: Main Acute Price List"
"PROSTHESIS, TACTRA 9.5MM X 14CM-23CM","GastWmSup120150","CDM","278","RC","C2622","HCPCS","","","facility","both","","","","71223.96","71223.96","","","","","","","","","","","","","Gross Charge Type: Main Acute Price List"
"PROSTHESIS, TACTRA 9.5MM X 14CM-23CM","OperWmSup120150","CDM","278","RC","C2622","HCPCS","","","facility","both","","","","71223.96","71223.96","","","","","","","","","","","","","Gross Charge Type: Main Acute Price List"
"PROSTHESIS,NASAL SEPTAL PERFORATION 17X13X2","PacuWmSup76381","CDM","272","RC","","","","","facility","both","","","","1679.67","1679.67","","","","","","","","","","","","","Gross Charge Type: Main Acute Price List"
"PROSTHETIC TRAINING,EACH 15 MIN,PT","PhytSb1509","CDM","420","RC","97761","HCPCS","","","facility","both","","","GP","142.57","142.57","","","","","","","","","","","","","Gross Charge Type: Main Acute Price List | The modified price is presented in the standard charge value. | Modifier GP: Services delivered under an outpatient physical therapy plan of care"
"PROSTHETIC TRAINING,EACH 15 MIN,PT","PhytWm1509","CDM","420","RC","97761","HCPCS","","","facility","both","","","GP","142.57","142.57","","","","","","","","","","","","","Gross Charge Type: Main Acute Price List | The modified price is presented in the standard charge value. | Modifier GP: Services delivered under an outpatient physical therapy plan of care"
"PROSTHETIC TRAINING,EACH 15 MIN,PT","PhytWo1509","CDM","420","RC","97761","HCPCS","","","facility","both","","","GP","142.57","142.57","","","","","","","","","","","","","Gross Charge Type: Main Acute Price List | The modified price is presented in the standard charge value. | Modifier GP: Services delivered under an outpatient physical therapy plan of care"
"PROTECTOR, AXOGUARD HA+ 2CM X 4CM","OperChSup121652","CDM","278","RC","C1763","HCPCS","","","facility","both","","","","19617.26","19617.26","","","","","","","","","","","","","Gross Charge Type: Main Acute Price List"
"PROTECTOR, AXOGUARD NERVE 10X40MM","ScpuChSup57911","CDM","278","RC","C1763","HCPCS","","","facility","both","","","","17462.86","17462.86","","","","","","","","","","","","","Gross Charge Type: Main Acute Price List"
"PROTECTOR, AXOGUARD NERVE 5X40MM","Chrs5457909","CDM","278","RC","C1763","HCPCS","","","facility","both","","","","17117.91","17117.91","","","","","","","","","","","","","Gross Charge Type: Main Acute Price List"
"PROTOPORPHYRIN,SCREEN","ChemMe2422","CDM","301","RC","84203","HCPCS","","","facility","both","","","","98.56","98.56","","","","","","","","","","","","","Gross Charge Type: Main Acute Price List"
"PSA Screening","G0103","HCPCS","","","","","","","facility","outpatient","","","","","","Jefferson Health Plan","Health Partners Medicare Managed Care Plan","20.28","","","","","","","fee schedule","12.55","57.93","APC"
"PSA,TOTAL","ChemCL9362","CDM","301","RC","84153","HCPCS","","","facility","both","","","","243.21","243.21","","","","","","","","","","","","","Gross Charge Type: Main Acute Price List"
"PSAU PROSTATE SPECIFIC ANTIGEN ULTRASENSATIVE, SERUM","ChemWm1630","CDM","301","RC","84153","HCPCS","","","facility","both","","","","34.59","34.59","","","","","","","","","","","","","Gross Charge Type: Main Acute Price List"
"PT MIXING STUDY","HemaWm8227","CDM","305","RC","85611","HCPCS","","","facility","both","","","","36.06","36.06","","","","","","","","","","","","","Gross Charge Type: Acute Discounted"
"PTCA,CORONARY,SINGLE VESSEL,LC","CcthCh1232","CDM","480","RC","92920","HCPCS","","","facility","both","","","LC","38168.81","38168.81","","","","","","","","","","","","","Gross Charge Type: Main Acute Price List | The modified price is presented in the standard charge value. | Modifier LC: Left circumflex coronary artery"
"PTH HORMONE RELATED PEPTIDE","ChemSN6714","CDM","301","RC","82397","HCPCS","","","facility","both","","","","220.15","220.15","","","","","","","","","","","","","Gross Charge Type: Main Acute Price List"
"PTT,HEPARIN EX","HemaMe8071","CDM","305","RC","85730","HCPCS","","","facility","both","","","","115.33","115.33","","","","","","","","","","","","","Gross Charge Type: Main Acute Price List"
"PUMP, 110V PENUMBRA ASPIRATION","AnesWmSup39765","CDM","270","RC","","","","","facility","both","","","","28959.75","28959.75","","","","","","","","","","","","","Gross Charge Type: Main Acute Price List"
"PUMP, BLOOD HEART  IMPELLA 5.5 W/ SMART ASSIST","ScanChSup110840","CDM","278","RC","C1889","HCPCS","","","facility","both","","","","252549.3","252549.3","","","","","","","","","","","","","Gross Charge Type: Main Acute Price List"
"PUMP, BLOOD HEART  IMPELLA 5.5 W/ SMART ASSIST","ScanWmSup110840","CDM","278","RC","C1889","HCPCS","","","facility","both","","","","252549.3","252549.3","","","","","","","","","","","","","Gross Charge Type: Main Acute Price List"
"PUMP, BLOOD HEART IMPELLA 5.0 AIC","OperWmSup63940","CDM","278","RC","","","","","facility","both","","","","153993.48","153993.48","","","","","","","","","","","","","Gross Charge Type: Main Acute Price List"
"PUMP, BLOOD HEART IMPELLA RP","CspuChSup73332","CDM","272","RC","","","","","facility","both","","","","144798.75","144798.75","","","","","","","","","","","","","Gross Charge Type: Main Acute Price List"
"PUMP, IMPELLA RP FLEX","CcthChSup121673","CDM","278","RC","C1889","HCPCS","","","facility","both","","","","154030","154030","","","","","","","","","","","","","Gross Charge Type: Main Acute Price List"
"PUMP, MAX 110V ONLY SUPPLIES  NON-STRL","ScorWmSup77362","CDM","272","RC","","","","","facility","both","","","","2248.3","2248.3","","","","","","","","","","","","","Gross Charge Type: Main Acute Price List"
"PUMP, MS IZ AMS CXR 14CM","ScorChSup110055","CDM","278","RC","C1813","HCPCS","","","facility","both","","","","65246.32","65246.32","","","","","","","","","","","","","Gross Charge Type: Main Acute Price List"
"PUMP, ON-Q 400ML PUMP ONLY","GastWmSup1661","CDM","270","RC","","","","","facility","both","","","","4927.79","4927.79","","","","","","","","","","","","","Gross Charge Type: Main Acute Price List"
"PUMP, ON-Q 400ML PUMP ONLY","ScanChSup1661","CDM","270","RC","","","","","facility","both","","","","4927.79","4927.79","","","","","","","","","","","","","Gross Charge Type: Main Acute Price List"
"PUMP, ROTAFLOW CENTRIFUGAL HEAD","EplbChSup39060","CDM","272","RC","","","","","facility","both","","","","1064.59","1064.59","","","","","","","","","","","","","Gross Charge Type: Main Acute Price List"
"PUMP, SYNCHROMED CC TO 112","Chrs5426583","CDM","278","RC","C1772","HCPCS","","","facility","both","","","","66525.18","66525.18","","","","","","","","","","","","","Gross Charge Type: Main Acute Price List"
"PUMP, SYNCHROMED II","PacuChSup25962","CDM","278","RC","C1772","HCPCS","","","facility","both","","","","66525.18","66525.18","","","","","","","","","","","","","Gross Charge Type: Main Acute Price List"
"PUMP,ON-Q SEL-A-FLOW 600/1-7/HR+1-7/HR","Chrs5469756","CDM","272","RC","","","","","facility","both","","","","3511.05","3511.05","","","","","","","","","","","","","Gross Charge Type: Main Acute Price List"
"PUNCH, AORTIC - 4.0MM STANDARD","ScanChSup95373","CDM","270","RC","","","","","facility","both","","","","205.3","205.3","","","","","","","","","","","","","Gross Charge Type: Main Acute Price List"
"PUNCH, AORTIC - 4.8MM STANDARD","CcthChSup95372","CDM","270","RC","","","","","facility","both","","","","101.36","101.36","","","","","","","","","","","","","Gross Charge Type: Main Acute Price List"
"PUNCH, AORTIC 2.8MM","PacuChSup44845","CDM","272","RC","","","","","facility","both","","","","143.72","143.72","","","","","","","","","","","","","Gross Charge Type: Main Acute Price List"
"PUNCH, VACUUM DONOR CORNEA 7.75","GastWmSup57127","CDM","272","RC","","","","","facility","both","","","","440.19","440.19","","","","","","","","","","","","","Gross Charge Type: Main Acute Price List"
"PUNCHES, CORNEA 8.0","PacuChSup95721","CDM","270","RC","","","","","facility","both","","","","431.18","431.18","","","","","","","","","","","","","Gross Charge Type: Main Acute Price List"
"PUNCTURE,SPINAL,LUMBAR,DIAGNOSTIC GLP","CcicXR9252","CDM","361","RC","62270","HCPCS","","","facility","both","","","","485.03","485.03","","","","","","","","","","","","","Gross Charge Type: Main Acute Price List"
"PURSTRING, DISP. 65 INST.","GastChSup86833","CDM","270","RC","","","","","facility","both","","","","397.91","397.91","","","","","","","","","","","","","Gross Charge Type: Main Acute Price List"
"PUSHLOCK, 3.5X14MM","ScorChSup29852","CDM","278","RC","C1713","HCPCS","","","facility","both","","","","2258.86","2258.86","","","","","","","","","","","","","Gross Charge Type: Main Acute Price List"
"PUSHLOCK, 4.5X18.5MM","GastChSup32094","CDM","270","RC","","","","","facility","both","","","","2258.86","2258.86","","","","","","","","","","","","","Gross Charge Type: Main Acute Price List"
"PUTTY, BONE MAGNETOS EASYPACK MOLDABLE W/SYRINGE 1.5CC","PacuChSup115273","CDM","278","RC","C1713","HCPCS","","","facility","both","","","","3184.21","3184.21","","","","","","","","","","","","","Gross Charge Type: Main Acute Price List"
"PUTTY, BONE MAGNETOS EASYPACK MOLDABLE W/SYRINGE 10CC","AngiChSup115275","CDM","278","RC","C1713","HCPCS","","","facility","both","","","","16789.49","16789.49","","","","","","","","","","","","","Gross Charge Type: Main Acute Price List"
"PUTTY, BONE MAGNETOS EASYPACK MOLDABLE W/SYRINGE 10CC","GyscChSup115275","CDM","278","RC","C1713","HCPCS","","","facility","both","","","","16789.49","16789.49","","","","","","","","","","","","","Gross Charge Type: Main Acute Price List"
"PUTTY, BONE MAGNETOS EASYPACK MOLDABLE W/SYRINGE 15CC","ScanChSup115276","CDM","278","RC","C1713","HCPCS","","","facility","both","","","","20142.06","20142.06","","","","","","","","","","","","","Gross Charge Type: Main Acute Price List"
"PUTTY, BONE MAGNETOS EASYPACK MOLDABLE W/SYRINGE 15CC","ScpuWmSup115276","CDM","278","RC","C1713","HCPCS","","","facility","both","","","","20142.06","20142.06","","","","","","","","","","","","","Gross Charge Type: Main Acute Price List"
"PUTTY, BONE RESORBABLE  HEMOSTATIC MONTAGE 10 GRAM","PacuWmSup78881","CDM","278","RC","C1713","HCPCS","","","facility","both","","","","10129.7","10129.7","","","","","","","","","","","","","Gross Charge Type: Main Acute Price List"
"PUTTY, CRANIOS REINFORCED FAST SET 10CC","CspuChSup53289","CDM","278","RC","C1713","HCPCS","","","facility","both","","","","23062.06","23062.06","","","","","","","","","","","","","Gross Charge Type: Main Acute Price List"
"PUTTY, CRANIOS REINFORCED FAST SET 10CC","GastWmSup53289","CDM","278","RC","C1713","HCPCS","","","facility","both","","","","23062.06","23062.06","","","","","","","","","","","","","Gross Charge Type: Main Acute Price List"
"PUTTY, CRANIOS REINFORCED FAST SET 10CC","ScorWmSup53289","CDM","278","RC","C1713","HCPCS","","","facility","both","","","","23062.06","23062.06","","","","","","","","","","","","","Gross Charge Type: Main Acute Price List"
"PUTTY, DBX DBM 1.0CC STERILE","GyscChSup7155","CDM","278","RC","C1713","HCPCS","","","facility","both","","","","1324.33","1324.33","","","","","","","","","","","","","Gross Charge Type: Main Acute Price List"
"PUTTY, GRAFTON 10CC PRETREATED","OperWmSup213030","CDM","270","RC","","","","","facility","both","","","","4619.8","4619.8","","","","","","","","","","","","","Gross Charge Type: Main Acute Price List"
"PUTTY, GRAFTON 5CC","ScorWmSup40631","CDM","272","RC","","","","","facility","both","","","","2925.87","2925.87","","","","","","","","","","","","","Gross Charge Type: Main Acute Price List"
"PUTTY, GRAFTON DBF 3CC","PacuWmSup69775","CDM","272","RC","","","","","facility","both","","","","3264.67","3264.67","","","","","","","","","","","","","Gross Charge Type: Main Acute Price List"
"PUTTY, GRAFTON DBF 6CC","CLDRChSup69777","CDM","278","RC","C1713","HCPCS","","","facility","both","","","","5851.75","5851.75","","","","","","","","","","","","","Gross Charge Type: Main Acute Price List"
"PUTTY, GRAFTON DBF 6CC","ScpuWmSup69777","CDM","278","RC","C1713","HCPCS","","","facility","both","","","","5851.75","5851.75","","","","","","","","","","","","","Gross Charge Type: Main Acute Price List"
"PUTTY, MAGNETOS 5CC","OperWmSup115359","CDM","278","RC","C1713","HCPCS","","","facility","both","","","","9263.17","9263.17","","","","","","","","","","","","","Gross Charge Type: Main Acute Price List"
"PUTTY, STIMUBLAST CB DBM 5CC","GastChSup52140","CDM","278","RC","C1713","HCPCS","","","facility","both","","","","5050.98","5050.98","","","","","","","","","","","","","Gross Charge Type: Main Acute Price List"
"PVD GUIDEWIRE ANGLED","AnesWmSup117228","CDM","272","RC","C1769","HCPCS","","","facility","both","","","","324.54","324.54","","","","","","","","","","","","","Gross Charge Type: Main Acute Price List"
"Packaged Services","N902","APC","","","","","","","facility","outpatient","","","","","","Amerihealth","Caritas Next Other Commercial Plan","","","[OP Surgery  (%BC): 94] [Observation (%BC): 94] [Emergency Department (%BC): 94] [Radiology Fee Schedule: FEE SCHEDULE] [Laboratory Fee Schedule: FEE SCHEDULE] [Occupational Therapy (%BC): 94] [Physical Therapy (%BC): 94] [Respiratory Services/Therapy  (%BC): 94] [Speech Therapy (%BC): 94] [OP High Cost Drugs (%BC): 90] [All Other OP (%BC): 94]","9.18","8.64","1258.96","1 through 10","other","","","Contracting method is an algorithm described in the 'standard_charges|algorithm' field. The allowed amount provided accounts for the structural rates, conditions, and utilization elements inherent in the payer’s algorithm."
"Palb2 gene full gene seq","81307","HCPCS","","","","","","","facility","outpatient","","","","","","Jefferson Health Plan","Health Partners Medicaid Managed Care/Aca Plan","2029.5","","","","","","","fee schedule","183.87","2029.5","APC"
"Pancreas Transplant","010","MS-DRG","","","","","","","facility","inpatient","","","","","","Cigna","All Commercial Plans","","","[SNF-(% BC): 60] [All Other IP (%BC): 88.46]","","","","0","other","","","No services performed during 15-month lookback period."
"Pancreas Transplant","010","MS-DRG","","","","","","","facility","inpatient","","","","","","Healthspring","Medicare Managed Care Plan","","","[MSDRG Base Rate: FEE SCHEDULE]","","","","0","other","","","No services performed during 15-month lookback period."
"Pancreas, Liver And Shunt Procedures With Cc","406","MS-DRG","","","","","","","facility","inpatient","","","","","","Bcbs","Highmark Medicare Managed Care Plan","24912.79","","","","","","","fee schedule","24912.79","68154.7","MSDRG Base Rate"
"Pancreas, Liver And Shunt Procedures With Mcc","405","MS-DRG","","","","","","","facility","inpatient","","","","","","Aetna - Nj","Better Health Medicaid Managed Care Plan","","","[Inpatient Services: Payer leverages state specific Medicaid payment methodology. Available, referenceable algorithm logic found here: https://www.nj.gov/health/hcf/]","","","","0","other","","","No services performed during 15-month lookback period."
"Pancreas, Liver And Shunt Procedures With Mcc","405","MS-DRG","","","","","","","facility","inpatient","","","","","","Unitedhealthcare","All Commercial Plans","","91","","","","","0","percent of total billed charges","","","No services performed during 15-month lookback period."
"Parathyrd planar w/wo subtrj","78071","HCPCS","","","","","","","facility","outpatient","","","","","","Bcbs","Highmark Health Options Medicare Managed Care Plan","442.8","","","","","","","fee schedule","410.4","1296.01","APC"
"Parathyrd planar w/wo subtrj","78071","HCPCS","","","","","","","facility","outpatient","","","","","","Cigna","All Commercial Plans","635.48","","","","","","","fee schedule","410.4","1296.01",""
"Parathyrd planar w/wo subtrj","78071","HCPCS","","","","","","","facility","outpatient","","","","","","Jefferson Health Plan","Health Partners Medicare Managed Care Plan","453.6","","","","","","","fee schedule","410.4","1296.01","APC"
"Part removal of metatarsal","28112","HCPCS","","","","","","","facility","outpatient","","","","","","Amerihealth","Caritas Next Other Commercial Plan","5657.31","","","","","","","fee schedule","3359.03","10607.46","Radiology"
"Part removal of metatarsal","28113","HCPCS","","","","","","","facility","outpatient","","","","","","Aetna","All Commercial Plans","4950.15","","","","","","","fee schedule","3359.03","10607.46","Radiology"
"Part removal of metatarsal","28113","HCPCS","","","","","","","facility","outpatient","","","","","","Healthspring","Medicare Managed Care Plan","3535.82","","","","","","","fee schedule","3359.03","10607.46","APC"
"Partial excision of lip","40510","HCPCS","","","","","","","facility","outpatient","","","","","","Amerihealth","Medicare Managed Care Plan","3869.41","","","","","","","fee schedule","3403.64","10748.35","APC"
"Partial excision of lip","40520","HCPCS","","","","","","","facility","outpatient","","","","","","Healthspring","Medicare Managed Care Plan","3582.78","","","","","","","fee schedule","3403.64","10748.35","APC"
"Partial removal of arm bone","24140","HCPCS","","","","","","","facility","outpatient","","","","","","Healthspring","Medicare Managed Care Plan","3535.82","","","","","","","fee schedule","3359.03","10607.46","APC"
"Partial removal of eye fluid","67005","HCPCS","","","","","","","facility","outpatient","","","","","","Ambetter","All Commercial Plans","3740.85","","","","","","","fee schedule","2369.21","7481.71","Radiology"
"Partial removal of foot bone","28288","HCPCS","","","","","","","facility","outpatient","","","","","","Jefferson Health Plan","Health Partners Medicaid Managed Care/Aca Plan","10607.46","","","","","","","fee schedule","3359.03","10607.46","APC"
"Partial removal of hymen","56700","HCPCS","","","","","","","facility","outpatient","","","","","","Bcbs","Highmark Health Options Medicare Managed Care Plan","3585.59","","","","","","","fee schedule","3323.23","10494.4","APC"
"Partial removal of rib","21610","HCPCS","","","","","","","facility","outpatient","","","","","","Aetna","Medicare Managed Care Plan","3641.9","","","","","","","fee schedule","3359.03","10607.46","APC"
"Partial removal of rib","21610","HCPCS","","","","","","","facility","outpatient","","","","","","Amerihealth","Caritas Next Other Commercial Plan","5657.31","","","","","","","fee schedule","3359.03","10607.46","Radiology"
"Partial removal of sternum","21620","HCPCS","","","","","","","facility","outpatient","","","","","","Ambetter","All Commercial Plans","5303.73","","","","","","","fee schedule","3359.03","10607.46","Radiology"
"Partial removal of tongue","41120","HCPCS","","","","","","","facility","outpatient","","","","","","Bcbs","Highmark Wholecare Medicare Managed Care Plan","7036.86","","","","","","","fee schedule","6077.29","19191.43","APC"
"Partial removal of ulna","25119","HCPCS","","","","","","","facility","outpatient","","","","","","Aetna","All Commercial Plans","4950.15","","","","","","","fee schedule","3359.03","10607.46","Radiology"
"Partial removal of ulna","25150","HCPCS","","","","","","","facility","outpatient","","","","","","Jefferson Health Plan","Health Partners Medicaid Managed Care/Aca Plan","10607.46","","","","","","","fee schedule","3359.03","10607.46","APC"
"Partial removal of vulva","56620","HCPCS","","","","","","","facility","outpatient","","","","","","Amerihealth","Caritas Next Other Commercial Plan","5597.01","","","","","","","fee schedule","3323.23","10494.4","Radiology"
"Parvovirus antibody","86747","HCPCS","","","","","","","facility","outpatient","","","","","","Aetna","All Commercial Plans","21.04","","","","","","","fee schedule","9.77","45.09","Radiology"
"Path clin consltj high 41-60","80505","HCPCS","","","","","","","facility","outpatient","","","","","","Jefferson Health Plan","Health Partners Medicare Managed Care Plan","193.31","","","","","","","fee schedule","152.32","552.32","APC"
"Path consult intraop 1 bloc","88331","HCPCS","","","","","","","facility","outpatient","","","","","","Aetna","Medicare Managed Care Plan","189.63","","","","","","","fee schedule","22.75","552.32","APC"
"Path consult intraop 1 bloc","88331","HCPCS","","","","","","","facility","outpatient","","","","","","Ambetter","All Commercial Plans","276.16","","","","","","","fee schedule","22.75","552.32","Radiology"
"Path consult intraop 1 bloc","88331","HCPCS","","","","","","","facility","outpatient","","","","","","Bcbs","Highmark Health Options Medicare Managed Care Plan","188.71","","","","","","","fee schedule","22.75","552.32","APC"
"Pathogen test for platelets","P9100","HCPCS","","","","","","","facility","outpatient","","","","","","Amerihealth","Caritas Next Other Commercial Plan","102","","","","","","","fee schedule","23.08","191.25","Radiology"
"Pathological Fractures And Musculoskeletal And Connective Tissue Malignancy With Mcc","542","MS-DRG","","","","","","","facility","inpatient","","","","","","Unitedhealthcare","Medicare Managed Care Plan","16477.71","","","","","","","fee schedule","15346.89","41512.75","MSDRG Base Rate"
"Pathological Fractures And Musculoskeletal And Connective Tissue Malignancy With Mcc","542","MS-DRG","","","","","","","facility","inpatient","","","","","","Wellcare","Medicare Managed Care Plan","17770.08","","","","","","","fee schedule","15346.89","41512.75","MSDRG Base Rate"
"Pathological Fractures And Musculoskeletal And Connective Tissue Malignancy Without Cc/Mcc","544","MS-DRG","","","","","","","facility","inpatient","","","","","","Amerihealth","Medicare Managed Care Plan","","","[MSDRG Base Rate: FEE SCHEDULE]","","","","0","other","","","No services performed during 15-month lookback period."
"Pattern erg w/i&r","0509T","HCPCS","","","","","","","facility","outpatient","","","","","","Bcbs","Highmark Medicare Managed Care Plan","221.67","","","","","","","fee schedule","221.67","700","APC"
"Pca3/klk3 antigen","81313","HCPCS","","","","","","","facility","outpatient","","","","","","Aetna","All Commercial Plans","283.11","","","","","","","fee schedule","165.78","765.15","Laboratory"
"Pca3/klk3 antigen","81313","HCPCS","","","","","","","facility","outpatient","","","","","","Ambetter","All Commercial Plans","382.58","","","","","","","fee schedule","165.78","765.15","Radiology"
"Pdgfra gene","81314","HCPCS","","","","","","","facility","outpatient","","","","","","Ambetter","All Commercial Plans","494.26","","","","","","","fee schedule","214.18","988.53","Radiology"
"Ped fbrl kd ifi27&mcemp1 rna","0389U","HCPCS","","","","","","","facility","outpatient","","","","","","Ambetter","All Commercial Plans","91.26","","","","","","","fee schedule","66.69","210.6","Laboratory"
"Ped fbrl kd ifi27&mcemp1 rna","0389U","HCPCS","","","","","","","facility","outpatient","","","","","","Amerihealth","Caritas Next Other Commercial Plan","70.2","","","","","","","fee schedule","66.69","210.6","Laboratory"
"Ped fbrl kd ifi27&mcemp1 rna","0389U","HCPCS","","","","","","","facility","outpatient","","","","","","Bcbs","Highmark Health Options Medicare Managed Care Plan","71.96","","","","","","","fee schedule","66.69","210.6","APC"
"Ped whl gen mthyltn alys 50+","0318U","HCPCS","","","","","","","facility","outpatient","","","","","","Jefferson Health Plan","Health Partners Medicare Managed Care Plan","1859","","","","","","","fee schedule","1681.96","5311.44","APC"
"Pedicle soft tissue graft pr","D4270","HCPCS","","","","","","","facility","outpatient","","","","","","Bcbs","Highmark Medicare Managed Care Plan","1592.85","","","","","","","fee schedule","1592.85","5030.06","APC"
"Pelvic Evisceration, Radical Hysterectomy And Radical Vulvectomy With Cc/Mcc","734","MS-DRG","","","","","","","facility","inpatient","","","","","","Bcbs","Highmark Health Options Medicare Managed Care Plan","","","[MSDRG Base Rate: FEE SCHEDULE]","","","","0","other","","","No services performed during 15-month lookback period."
"Pelvic Evisceration, Radical Hysterectomy And Radical Vulvectomy Without Cc/Mcc","735","MS-DRG","","","","","","","facility","inpatient","","","","","","Aetna - De","Better Health Medicaid Managed Care Plan","","","[Inpatient Services: Payer leverages state specific Medicaid payment methodology. Available, referenceable algorithm logic found here: https://medicaidpublications.dhss.delaware.gov/docs/search]","","","","0","other","","","No services performed during 15-month lookback period."
"Penile vascular study","93981","HCPCS","","","","","","","facility","outpatient","","","","","","Jefferson Health Plan","Health Partners Medicare Managed Care Plan","118.62","","","","","","","fee schedule","107.33","338.93","APC"
"Penile venous occlusion","37790","HCPCS","","","","","","","facility","outpatient","","","","","","Aetna","All Commercial Plans","5332.88","","","","","","","fee schedule","3618.74","11427.6","Radiology"
"Penile venous occlusion","37790","HCPCS","","","","","","","facility","outpatient","","","","","","Aetna","Medicare Managed Care Plan","3923.47","","","","","","","fee schedule","3618.74","11427.6","APC"
"Penis Procedures With Cc/Mcc","709","MS-DRG","","","","","","","facility","inpatient","","","","","","Bcbs","Highmark Health Options Medicare Managed Care Plan","21662.13","","","","","","","fee schedule","20077.1","54686.85","MSDRG Base Rate"
"Penis Procedures With Cc/Mcc","709","MS-DRG","","","","","","","facility","inpatient","","","","","","Jefferson Health Plan","Health Partners Medicare Managed Care Plan","22190.48","","","","","","","fee schedule","20077.1","54686.85","MSDRG Base Rate"
"Penis Procedures Without Cc/Mcc","710","MS-DRG","","","","","","","facility","inpatient","","","","","","Bcbs","Highmark Medicare Managed Care Plan","12264.58","","","","","","","fee schedule","12264.58","32928.2","MSDRG Base Rate"
"Perc d-e cor revasc t cabg s","C9604","HCPCS","","","","","","","facility","outpatient","","","","","","Bcbs","Highmark Wholecare Medicare Managed Care Plan","13722.49","","","","","","","fee schedule","11851.24","37424.98","APC"
"Perc drug-el cor stent sing","C9600","HCPCS","","","","","","","facility","outpatient","","","","","","Aetna","All Commercial Plans","17464.99","","","","","","","fee schedule","11851.24","37424.98","Radiology"
"Perc rf ablate renal tumor","50592","HCPCS","","","","","","","facility","outpatient","","","","","","Aetna","All Commercial Plans","9146.17","","","","","","","fee schedule","6206.33","19598.93","Radiology"
"Perc rf ablate renal tumor","50592","HCPCS","","","","","","","facility","outpatient","","","","","","Jefferson Health Plan","Health Partners Medicaid Managed Care/Aca Plan","19598.93","","","","","","","fee schedule","6206.33","19598.93","APC"
"Percutaneous And Other Intracardiac Procedures With Mcc","273","MS-DRG","","","","","","","facility","inpatient","","","","","","Bcbs","Highmark Health Options Medicare Managed Care Plan","38034.6","","","","","","","fee schedule","35251.58","96949.25","MSDRG Base Rate"
"Percutaneous Cardiovascular Procedures With Intraluminal Device With Mcc Or 4+ Arteries/Intraluminal","321","MS-DRG","","","","","","","facility","inpatient","","","","","","Healthspring","Medicare Managed Care Plan","","","[MSDRG Base Rate: FEE SCHEDULE]","22966.56","22966.56","22966.56","1 through 10","other","","","Contracting method is an algorithm described in the 'standard_charges|algorithm' field. The allowed amount provided accounts for the structural rates, conditions, and utilization elements inherent in the payer’s algorithm."
"Percutaneous Cardiovascular Procedures With Intraluminal Device With Mcc Or 4+ Arteries/Intraluminal","321","MS-DRG","","","","","","","facility","inpatient","","","","","","Wellcare","Medicare Managed Care Plan","27093.64","","","","","","","fee schedule","23399.05","63938.8","MSDRG Base Rate"
"Percutaneous Cardiovascular Procedures With Intraluminal Device Without Mcc","322","MS-DRG","","","","","","","facility","inpatient","","","","","","Bcbs","Highmark Medicare Managed Care Plan","15317.35","","","","","","","fee schedule","15317.35","41430.5","MSDRG Base Rate"
"Percutaneous Cardiovascular Procedures Without Intraluminal Device With Mcc","250","MS-DRG","","","","","","","facility","inpatient","","","","","","Aetna","Medicare Managed Care Plan","","","[MSDRG Base Rate: FEE SCHEDULE] [Psych-Per Diem: 1065] [Rehab-Per Diem: 1598] [SNF-Per Diem: 365]","","","","0","other","","","No services performed during 15-month lookback period."
"Percutaneous Cardiovascular Procedures Without Intraluminal Device With Mcc","250","MS-DRG","","","","","","","facility","inpatient","","","","","","Bcbs","Highmark Health Options Medicaid Managed Care Plan","","","[Inpatient Services: Payer leverages state specific Medicaid payment methodology. Available, referenceable algorithm logic found here: https://medicaidpublications.dhss.delaware.gov/docs/search]","80200.37","80200.37","80200.37","1 through 10","other","","","Contracting method is an algorithm described in the 'standard_charges|algorithm' field. The allowed amount provided accounts for the structural rates, conditions, and utilization elements inherent in the payer’s algorithm."
"Percutaneous Cardiovascular Procedures Without Intraluminal Device With Mcc","250","MS-DRG","","","","","","","facility","inpatient","","","","","","Jefferson Health Plan","Health Partners Medicare Managed Care Plan","20841.94","","","","","","","fee schedule","18857","51288.75","MSDRG Base Rate"
"Percutaneous Coronary Atherectomy With Intraluminal Device With Mcc","359","MS-DRG","","","","","","","facility","inpatient","","","","","","Bcbs","Highmark All Commercial Plans","","","[Lesser Than Charges paid at %: 100] [MSDRG Base Rate: FEE SCHEDULE] [Normal Newborn-Per Diem: 6037.44] [Psych-Per Diem: 2159.84] [All Other IP (%BC): 85.44]","","","","0","other","","","No services performed during 15-month lookback period."
"Percutaneous Coronary Atherectomy With Intraluminal Device With Mcc","359","MS-DRG","","","","","","","facility","inpatient","","","","","","Unitedhealthcare","Medicare Managed Care Plan","31626.1","","","","","","","fee schedule","29455.68","80807.1","MSDRG Base Rate"
"Percutaneous Coronary Atherectomy Without Intraluminal Device","318","MS-DRG","","","","","","","facility","inpatient","","","","","","Jefferson Health Plan","Health Partners Medicare Managed Care Plan","23077.38","","","","","","","fee schedule","20879.54","56921.7","MSDRG Base Rate"
"Performance and payment of a screening mammogram and diagnostic mammogram on the same patient, same day","","","","","","","","","facility","both","","","GG","","","AmeriHealth","Caritas Next Other Commercial Plan","","","","","","","","","","","The modified price is presented in the standard charge value."
"Performance and payment of a screening mammogram and diagnostic mammogram on the same patient, same day","","","","","","","","","facility","both","","","GG","","","BCBS","Highmark Health Options Medicare Managed Care Plan","","","","","","","","","","","The modified price is presented in the standard charge value."
"Performance and payment of a screening mammogram and diagnostic mammogram on the same patient, same day","","","","","","","","","facility","both","","","GG","","","Jefferson Health Plan","Health Partners Medicaid Managed Care/ACA Plan","","","","","","","","","","","The modified price is presented in the standard charge value."
"Pericardiocentesis w/imaging","33016","HCPCS","","","","","","","facility","outpatient","","","","","","Bcbs","Highmark Wholecare Medicare Managed Care Plan","1871.19","","","","","","","fee schedule","1616.02","5103.23","APC"
"Peripheral Vascular Disorders Without Cc/Mcc","301","MS-DRG","","","","","","","facility","inpatient","","","","","","Aetna - Nj","Better Health Medicaid Managed Care Plan","","","[Inpatient Services: Payer leverages state specific Medicaid payment methodology. Available, referenceable algorithm logic found here: https://www.nj.gov/health/hcf/]","","","","0","other","","","No services performed during 15-month lookback period."
"Peripheral, Cranial Nerve And Other Nervous System Procedures With Cc Or Peripheral Neurostimulator","041","MS-DRG","","","","","","","facility","inpatient","","","","","","First Health","Delaware Medicaid Managed Care Plan","","","[Inpatient Services: Payer leverages state specific Medicaid payment methodology. Available, referenceable algorithm logic found here: https://medicaidpublications.dhss.delaware.gov/docs/search]","","","","0","other","","","No services performed during 15-month lookback period."
"Peripheral, Cranial Nerve And Other Nervous System Procedures With Cc Or Peripheral Neurostimulator","041","MS-DRG","","","","","","","facility","inpatient","","","","","","Wellcare","Medicare Managed Care Plan","21992.7","","","","","","","fee schedule","18993.69","51669.45","MSDRG Base Rate"
"Peripheral, Cranial Nerve And Other Nervous System Procedures With Mcc","040","MS-DRG","","","","","","","facility","inpatient","","","","","","Aetna","Medicare Managed Care Plan","35802.24","","","","","","","fee schedule","33021.49","90738.2","MSDRG Base Rate"
"Peripheral, Cranial Nerve And Other Nervous System Procedures With Mcc","040","MS-DRG","","","","","","","facility","inpatient","","","","","","Jefferson Health Plan","Health Partners Medicaid Managed Care/Aca Plan","90738.2","","","","","","","fee schedule","33021.49","90738.2",""
"Peripheral, Cranial Nerve And Other Nervous System Procedures With Mcc","040","MS-DRG","","","","","","","facility","inpatient","","","","","","Jefferson Health Plan","Health Partners Medicare Managed Care Plan","36497.43","","","","","","","fee schedule","33021.49","90738.2","MSDRG Base Rate"
"Peripheral, Cranial Nerve And Other Nervous System Procedures Without Cc/Mcc","042","MS-DRG","","","","","","","facility","inpatient","","","","","","Aetna","Medicare Managed Care Plan","","","[MSDRG Base Rate: FEE SCHEDULE] [Psych-Per Diem: 1065] [Rehab-Per Diem: 1598] [SNF-Per Diem: 365]","","","","0","other","","","No services performed during 15-month lookback period."
"Peritoneal Adhesiolysis With Cc","336","MS-DRG","","","","","","","facility","inpatient","","","","","","Aetna - Md","Better Health Medicaid Managed Care Plan","","","[Inpatient Services: Payer leverages state specific Medicaid payment methodology. Available, referenceable algorithm logic found here: https://health.maryland.gov/mmcp/provider/Pages/default.aspx]","","","","0","other","","","No services performed during 15-month lookback period."
"Peritoneal Adhesiolysis Without Cc/Mcc","337","MS-DRG","","","","","","","facility","inpatient","","","","","","Ambetter","All Commercial Plans","","91","","","","","0","percent of total billed charges","","","No services performed during 15-month lookback period."
"Peritoneal Adhesiolysis Without Cc/Mcc","337","MS-DRG","","","","","","","facility","inpatient","","","","","","Jefferson Health Plan","Health Partners Medicare Managed Care Plan","14803.39","","","","","","","fee schedule","13393.55","36072.5","MSDRG Base Rate"
"Permanent Cardiac Pacemaker Implant With Cc","243","MS-DRG","","","","","","","facility","inpatient","","","","","","Aetna - Nj","Better Health Medicaid Managed Care Plan","","","[Inpatient Services: Payer leverages state specific Medicaid payment methodology. Available, referenceable algorithm logic found here: https://www.nj.gov/health/hcf/]","","","","0","other","","","No services performed during 15-month lookback period."
"Permanent Cardiac Pacemaker Implant With Cc","243","MS-DRG","","","","","","","facility","inpatient","","","","","","Aetna","Medicare Managed Care Plan","","","[MSDRG Base Rate: FEE SCHEDULE] [Psych-Per Diem: 1065] [Rehab-Per Diem: 1598] [SNF-Per Diem: 365]","","","","0","other","","","No services performed during 15-month lookback period."
"Permanent Cardiac Pacemaker Implant With Mcc","242","MS-DRG","","","","","","","facility","inpatient","","","","","","Amerihealth","Medicare Managed Care Plan","","","[MSDRG Base Rate: FEE SCHEDULE]","","","","0","other","","","No services performed during 15-month lookback period."
"Permanent Cardiac Pacemaker Implant With Mcc","242","MS-DRG","","","","","","","facility","inpatient","","","","","","Bcbs","Highmark Health Options Medicare Managed Care Plan","","","[MSDRG Base Rate: FEE SCHEDULE]","15531.23","15531.23","15531.23","1 through 10","other","","","Contracting method is an algorithm described in the 'standard_charges|algorithm' field. The allowed amount provided accounts for the structural rates, conditions, and utilization elements inherent in the payer’s algorithm."
"Perq cervicothoracic inject","22510","HCPCS","","","","","","","facility","outpatient","","","","","","Ambetter","All Commercial Plans","5303.73","","","","","","","fee schedule","3359.03","10607.46","Radiology"
"Perq dev breast 1st mr guide","19287","HCPCS","","","","","","","facility","outpatient","","","","","","Ambetter","All Commercial Plans","1147.84","","","","","","","fee schedule","726.97","2295.69","Radiology"
"Perq impltj/rplcmt isdns ptn","0587T","HCPCS","","","","","","","facility","outpatient","","","","","","Bcbs","Highmark Wholecare Medicare Managed Care Plan","7575.53","","","","","","","fee schedule","6542.5","20660.54","APC"
"Perq lamot/lam crv/thrc","0274T","HCPCS","","","","","","","facility","outpatient","","","","","","Jefferson Health Plan","Health Partners Medicaid Managed Care/Aca Plan","23523.84","","","","","","","fee schedule","7449.22","23523.84","APC"
"Perq p-art revsc 1 abnor uni","33902","HCPCS","","","","","","","facility","outpatient","","","","","","Jefferson Health Plan","Health Partners Medicare Managed Care Plan","20800.2","","","","","","","fee schedule","18819.22","59429.13","APC"
"Perq plmt bile duct stent","47539","HCPCS","","","","","","","facility","outpatient","","","","","","Healthspring","Medicare Managed Care Plan","6532.98","","","","","","","fee schedule","6206.33","19598.93","APC"
"Perq transcath closure pda","93582","HCPCS","","","","","","","facility","outpatient","","","","","","Amerihealth","Medicare Managed Care Plan","21394.49","","","","","","","fee schedule","18819.22","59429.13","APC"
"Perq transcath cls aortic","93591","HCPCS","","","","","","","facility","outpatient","","","","","","Bcbs","Highmark Wholecare Medicare Managed Care Plan","21790.68","","","","","","","fee schedule","18819.22","59429.13","APC"
"Perq vertebral augmentation","22513","HCPCS","","","","","","","facility","outpatient","","","","","","Jefferson Health Plan","Health Partners Medicare Managed Care Plan","8233.34","","","","","","","fee schedule","7449.22","23523.84","APC"
"Pet image ltd area","78811","HCPCS","","","","","","","facility","outpatient","","","","","","Jefferson Health Plan","Health Partners Medicaid Managed Care/Aca Plan","4197.11","","","","","","","fee schedule","1329.08","4197.11","APC"
"Pet image skull-thigh","78812","HCPCS","","","","","","","facility","outpatient","","","","","","Bcbs","Highmark Medicare Managed Care Plan","1467.98","","","","","","","fee schedule","1467.98","4635.73","APC"
"Pet image w/ct lmtd","78814","HCPCS","","","","","","","facility","outpatient","","","","","","Ambetter","All Commercial Plans","2317.87","","","","","","","fee schedule","1467.98","4635.73","Radiology"
"Pharmacy Services","N806","APC","","","","","","","facility","outpatient","","","","","","Bcbs","Highmark Wholecare Medicaid Managed Care Plan","","","[Outpatient Services: Payer leverages state specific Medicaid payment methodology. Available, referenceable algorithm logic found here: https://www.pa.gov/agencies/dhs/resources/for-providers]","","","","0","other","","","No services performed during 15-month lookback period."
"Pharmacy Services","N806","APC","","","","","","","facility","outpatient","","","","","","Wellcare","Medicare Managed Care Plan","","","[APC ($): FEE SCHEDULE]","","","","0","other","","","No services performed during 15-month lookback period."
"Phenotype infect agent drug","87900","HCPCS","","","","","","","facility","outpatient","","","","","","Amerihealth","Caritas Next Other Commercial Plan","208.56","","","","","","","fee schedule","84.73","391.05","Radiology"
"Phys blood bank serv reactj","86078","HCPCS","","","","","","","facility","outpatient","","","","","","Bcbs","Highmark Medicare Managed Care Plan","174.9","","","","","","","fee schedule","34.25","552.32","APC"
"Pild/placebo control clin tr","G0276","HCPCS","","","","","","","facility","outpatient","","","","","","Jefferson Health Plan","Health Partners Medicaid Managed Care/Aca Plan","23523.84","","","","","","","fee schedule","7449.22","23523.84","APC"
"Pin finger fracture each","26756","HCPCS","","","","","","","facility","outpatient","","","","","","Jefferson Health Plan","Health Partners Medicare Managed Care Plan","3712.61","","","","","","","fee schedule","3359.03","10607.46","APC"
"Pin hand dislocation","26676","HCPCS","","","","","","","facility","outpatient","","","","","","Bcbs","Highmark Wholecare Medicare Managed Care Plan","3889.4","","","","","","","fee schedule","3359.03","10607.46","APC"
"Pin knuckle dislocation","26706","HCPCS","","","","","","","facility","outpatient","","","","","","Amerihealth","Caritas Next Other Commercial Plan","5657.31","","","","","","","fee schedule","3359.03","10607.46","Radiology"
"Pinworm examinations","Q0113","HCPCS","","","","","","","facility","outpatient","","","","","","Jefferson Health Plan","Health Partners Medicaid Managed Care/Aca Plan","12.81","","","","","","","fee schedule","2.78","12.81","APC"
"Pituitary evaluation panel","80418","HCPCS","","","","","","","facility","outpatient","","","","","","First Health","Delaware Medicaid Managed Care Plan","637.43","","","","","","","fee schedule","376.66","1738.44","Laboratory"
"Pituitary evaluation panel","80418","HCPCS","","","","","","","facility","outpatient","","","","","","Unitedhealthcare","All Commercial Plans","579.48","","","","","","","fee schedule","376.66","1738.44",""
"Place breast rad tube/caths","19298","HCPCS","","","","","","","facility","outpatient","","","","","","Healthspring","Medicare Managed Care Plan","14892.11","","","","","","","fee schedule","14147.5","44676.32","APC"
"Place cath carotd art","36224","HCPCS","","","","","","","facility","outpatient","","","","","","Ambetter","All Commercial Plans","9019.72","","","","","","","fee schedule","5712.49","18039.45","Radiology"
"Place cath carotid/inom art","36222","HCPCS","","","","","","","facility","outpatient","","","","","","Amerihealth","Medicare Managed Care Plan","3685.03","","","","","","","fee schedule","3241.46","10236.2","APC"
"Place cath carotid/inom art","36223","HCPCS","","","","","","","facility","outpatient","","","","","","Amerihealth","Caritas Next Other Commercial Plan","9621.04","","","","","","","fee schedule","5712.49","18039.45","Radiology"
"Place cath carotid/inom art","36223","HCPCS","","","","","","","facility","outpatient","","","","","","Amerihealth","Medicare Managed Care Plan","6494.2","","","","","","","fee schedule","5712.49","18039.45","APC"
"Place cath subclavian art","36225","HCPCS","","","","","","","facility","outpatient","","","","","","Jefferson Health Plan","Health Partners Medicaid Managed Care/Aca Plan","10236.2","","","","","","","fee schedule","3241.46","10236.2","APC"
"Place cath thoracic aorta","36221","HCPCS","","","","","","","facility","outpatient","","","","","","Jefferson Health Plan","Health Partners Medicare Managed Care Plan","3582.67","","","","","","","fee schedule","3241.46","10236.2","APC"
"Place cath vertebral art","36226","HCPCS","","","","","","","facility","outpatient","","","","","","Healthspring","Medicare Managed Care Plan","6013.15","","","","","","","fee schedule","5712.49","18039.45","APC"
"Place device/marker, non pro","C9728","HCPCS","","","","","","","facility","outpatient","","","","","","Aetna","Medicare Managed Care Plan","1540.6","","","","","","","fee schedule","1420.95","4487.2","APC"
"Place endorectal app","C9725","HCPCS","","","","","","","facility","outpatient","","","","","","Healthspring","Medicare Managed Care Plan","1004.94","","","","","","","fee schedule","954.69","3014.82","APC"
"Place gastrostomy tube perc","49440","HCPCS","","","","","","","facility","outpatient","","","","","","Bcbs","Highmark All Commercial Plans","3059.64","","","","","","","fee schedule","1969.95","6220.88","Radiology"
"Place ndl musc/tis for rt","20555","HCPCS","","","","","","","facility","outpatient","","","","","","Bcbs","Highmark Medicare Managed Care Plan","3359.03","","","","","","","fee schedule","3359.03","10607.46","APC"
"Place needles pelvic for rt","55920","HCPCS","","","","","","","facility","outpatient","","","","","","Amerihealth","Medicare Managed Care Plan","5838.26","","","","","","","fee schedule","5135.51","16217.39","APC"
"Place needles pelvic for rt","55920","HCPCS","","","","","","","facility","outpatient","","","","","","Bcbs","Highmark Health Options Medicare Managed Care Plan","5540.94","","","","","","","fee schedule","5135.51","16217.39","APC"
"Place po breast cath for rad","19296","HCPCS","","","","","","","facility","outpatient","","","","","","Amerihealth","Medicare Managed Care Plan","9539","","","","","","","fee schedule","8390.79","26497.22","APC"
"Placement of seton","46020","HCPCS","","","","","","","facility","outpatient","","","","","","Jefferson Health Plan","Health Partners Medicare Managed Care Plan","3149.43","","","","","","","fee schedule","2849.49","8998.38","APC"
"Plasma volume multiple","78111","HCPCS","","","","","","","facility","outpatient","","","","","","Bcbs","Highmark Health Options Medicare Managed Care Plan","1434.01","","","","","","","fee schedule","1329.08","4197.11","APC"
"Plasma volume single","78110","HCPCS","","","","","","","facility","outpatient","","","","","","Aetna","All Commercial Plans","1958.65","","","","","","","fee schedule","1329.08","4197.11","Radiology"
"Plasma volume single","78110","HCPCS","","","","","","","facility","outpatient","","","","","","Ambetter","All Commercial Plans","2098.55","","","","","","","fee schedule","1329.08","4197.11","Radiology"
"Plate pheres leukoredu irrad","9530","APC","","","","","","","facility","outpatient","","","","","","Healthspring","Medicare Managed Care Plan","","","[APC ($): FEE SCHEDULE]","","","","0","other","","","No services performed during 15-month lookback period."
"Plate pheres leukoredu irrad","P9037","HCPCS","","","","","","","facility","outpatient","","","","","","Jefferson Health Plan","Health Partners Medicare Managed Care Plan","714.64","","","","","","","fee schedule","646.58","2041.83","APC"
"Platelet antibodies","86022","HCPCS","","","","","","","facility","outpatient","","","","","","Aetna","All Commercial Plans","25.72","","","","","","","fee schedule","11.94","55.11","Radiology"
"Platelet antibodies","86022","HCPCS","","","","","","","facility","outpatient","","","","","","First Health","Delaware Medicaid Managed Care Plan","20.21","","","","","","","fee schedule","11.94","55.11","Laboratory"
"Platelet pheres leukoreduced","P9035","HCPCS","","","","","","","facility","outpatient","","","","","","Bcbs","Highmark Health Options Medicare Managed Care Plan","524.38","","","","","","","fee schedule","486.01","1534.77","APC"
"Platelet survival","78191","HCPCS","","","","","","","facility","outpatient","","","","","","Bcbs","Highmark Medicare Managed Care Plan","410.4","","","","","","","fee schedule","410.4","1296.01","APC"
"Pleural Effusion With Cc","187","MS-DRG","","","","","","","facility","inpatient","","","","","","Amerihealth","Caritas Next Other Commercial Plan","","94","","","","","0","percent of total billed charges","","","No services performed during 15-month lookback period."
"Pleural Effusion With Cc","187","MS-DRG","","","","","","","facility","inpatient","","","","","","Amerihealth","Medicare Managed Care Plan","","","[MSDRG Base Rate: FEE SCHEDULE]","","","","0","other","","","No services performed during 15-month lookback period."
"Pleural Effusion With Cc","187","MS-DRG","","","","","","","facility","inpatient","","","","","","Bcbs","Highmark Wholecare Medicare Managed Care Plan","","","[MSDRG Base Rate: FEE SCHEDULE]","","","","0","other","","","No services performed during 15-month lookback period."
"Pleural Effusion With Cc","187","MS-DRG","","","","","","","facility","inpatient","","","","","","First Health","Delaware Medicaid Managed Care Plan","","","[Inpatient Services: Payer leverages state specific Medicaid payment methodology. Available, referenceable algorithm logic found here: https://medicaidpublications.dhss.delaware.gov/docs/search]","","","","0","other","","","No services performed during 15-month lookback period."
"Pleural Effusion With Cc","187","MS-DRG","","","","","","","facility","inpatient","","","","","","Jefferson Health Plan","Health Partners Medicare Managed Care Plan","","","[MSDRG Base Rate: FEE SCHEDULE]","","","","0","other","","","No services performed during 15-month lookback period."
"Pleural Effusion With Mcc","186","MS-DRG","","","","","","","facility","inpatient","","","","","","Unitedhealthcare","Medicare Managed Care Plan","14593.33","","","","","","","fee schedule","13591.83","36624.75","MSDRG Base Rate"
"Pleural Effusion Without Cc/Mcc","188","MS-DRG","","","","","","","facility","inpatient","","","","","","Bcbs","Highmark Health Options Medicare Managed Care Plan","7005.75","","","","","","","fee schedule","6493.14","16854.2","MSDRG Base Rate"
"Plmt post facet implt cerv","0219T","HCPCS","","","","","","","facility","outpatient","","","","","","Bcbs","Highmark Medicare Managed Care Plan","13180.17","","","","","","","fee schedule","13180.17","41621.58","APC"
"Plmt post facet implt thor","0220T","HCPCS","","","","","","","facility","outpatient","","","","","","Aetna","Medicare Managed Care Plan","14290.08","","","","","","","fee schedule","13180.17","41621.58","APC"
"Pm device progr eval multi","93281","HCPCS","","","","","","","facility","outpatient","","","","","","Ambetter","All Commercial Plans","60.5","","","","","","","fee schedule","38.31","120.99","Radiology"
"Pm device progr eval multi","93281","HCPCS","","","","","","","facility","outpatient","","","","","","Amerihealth","Caritas Next Other Commercial Plan","64.53","","","","","","","fee schedule","38.31","120.99","Radiology"
"Pm device progr eval multi","93281","HCPCS","","","","","","","facility","outpatient","","","","","","Jefferson Health Plan","Health Partners Medicare Managed Care Plan","42.35","","","","","","","fee schedule","38.31","120.99","APC"
"Pm device progr eval sngl","93279","HCPCS","","","","","","","facility","outpatient","","","","","","Aetna","Medicare Managed Care Plan","41.54","","","","","","","fee schedule","38.31","120.99","APC"
"Pm device progr eval sngl","93279","HCPCS","","","","","","","facility","outpatient","","","","","","Ambetter","All Commercial Plans","60.5","","","","","","","fee schedule","38.31","120.99","Radiology"
"Pm device progr eval sngl","93279","HCPCS","","","","","","","facility","outpatient","","","","","","Jefferson Health Plan","Health Partners Medicaid Managed Care/Aca Plan","120.99","","","","","","","fee schedule","38.31","120.99","APC"
"Pms2 gene full seq analysis","81317","HCPCS","","","","","","","facility","outpatient","","","","","","Jefferson Health Plan","Health Partners Medicaid Managed Care/Aca Plan","2029.5","","","","","","","fee schedule","439.73","2029.5","APC"
"Pneumocystis carinii ag if","87281","HCPCS","","","","","","","facility","outpatient","","","","","","Amerihealth","Medicare Managed Care Plan","12.94","","","","","","","fee schedule","7.79","35.94","APC"
"Pneumothorax With Mcc","199","MS-DRG","","","","","","","facility","inpatient","","","","","","Aetna","Medicare Managed Care Plan","","","[MSDRG Base Rate: FEE SCHEDULE] [Psych-Per Diem: 1065] [Rehab-Per Diem: 1598] [SNF-Per Diem: 365]","","","","0","other","","","No services performed during 15-month lookback period."
"Poisoning & toxic Effects of Drugs Age >17 w CC","449","MS-DRG","","","","","","","facility","inpatient","","","","","","Bcbs","Highmark Wholecare Medicaid Managed Care Plan","","","[Inpatient Services: Payer leverages state specific Medicaid payment methodology. Available, referenceable algorithm logic found here: https://www.pa.gov/agencies/dhs/resources/for-providers]","","","","0","other","","","No services performed during 15-month lookback period."
"Poisoning & toxic Effects of Drugs Age >17 w CC","449","MS-DRG","","","","","","","facility","inpatient","","","","","","Cigna","All Commercial Plans","","","[SNF-(% BC): 60] [All Other IP (%BC): 88.46]","","","","0","other","","","No services performed during 15-month lookback period."
"Poisoning And Toxic Effects Of Drugs With Mcc","917","MS-DRG","","","","","","","facility","inpatient","","","","","","Bcbs","Highmark Wholecare Medicare Managed Care Plan","15834.63","","","","","","","fee schedule","13675.36","36857.4","MSDRG Base Rate"
"Polysom 6/> yrs 4/> param","95810","HCPCS","","","","","","","facility","outpatient","","","","","","Bcbs","Highmark All Commercial Plans","1369.23","","","","","","","fee schedule","881.58","2783.94","Radiology"
"Polysom 6/>yrs cpap 4/> parm","95811","HCPCS","","","","","","","facility","outpatient","","","","","","Aetna","Medicare Managed Care Plan","955.82","","","","","","","fee schedule","881.58","2783.94","APC"
"Polysom <6 yrs cpap/bilvl","95783","HCPCS","","","","","","","facility","outpatient","","","","","","Bcbs","Highmark All Commercial Plans","1369.23","","","","","","","fee schedule","881.58","2783.94","Radiology"
"Pooling blood platelets","86965","HCPCS","","","","","","","facility","outpatient","","","","","","Bcbs","Highmark Health Options Medicare Managed Care Plan","188.71","","","","","","","fee schedule","22.05","552.32","APC"
"Pos airway pressure cpap","94660","HCPCS","","","","","","","facility","outpatient","","","","","","Healthspring","Medicare Managed Care Plan","236.63","","","","","","","fee schedule","224.8","709.9","APC"
"Positron emission tomography (pet) or pet/computed tomography (ct) to inform the initial treatment strategy of tumors that are biopsy proven or strongly suspected of being cancerous based on other diagnostic testing","","","","","","","","","facility","both","","","PI","","","Aetna - DE","Better Health Medicaid Managed Care Plan","","","","","","","","","","","The modified price is presented in the standard charge value."
"Post fusion 13/> vert seg","22804","HCPCS","","","","","","","facility","outpatient","","","","","","Aetna","Medicare Managed Care Plan","19515.99","","","","","","","fee schedule","18000.18","56842.69","APC"
"Post fusion <=6 vert seg","22800","HCPCS","","","","","","","facility","outpatient","","","","","","Jefferson Health Plan","Health Partners Medicare Managed Care Plan","19894.94","","","","","","","fee schedule","18000.18","56842.69","APC"
"Post op service LVRS min 6","G0305","HCPCS","","","","","","","facility","outpatient","","","","","","Ambetter","All Commercial Plans","604.87","","","","","","","fee schedule","383.08","1209.74","Radiology"
"Post vert arthrplst 1 lumbar","0202T","HCPCS","","","","","","","facility","outpatient","","","","","","Bcbs","Highmark Health Options Medicare Managed Care Plan","14220.71","","","","","","","fee schedule","13180.17","41621.58","APC"
"Postoperative And Post-Traumatic Infections With Mcc","862","MS-DRG","","","","","","","facility","inpatient","","","","","","Bcbs","Highmark Health Options Medicare Managed Care Plan","","","[MSDRG Base Rate: FEE SCHEDULE]","13927.69","13927.69","14229.8","1 through 10","other","","","Contracting method is an algorithm described in the 'standard_charges|algorithm' field. The allowed amount provided accounts for the structural rates, conditions, and utilization elements inherent in the payer’s algorithm."
"Postoperative And Post-Traumatic Infections With Mcc","862","MS-DRG","","","","","","","facility","inpatient","","","","","","Bcbs","Highmark Wholecare Medicare Managed Care Plan","","","[MSDRG Base Rate: FEE SCHEDULE]","","","","0","other","","","No services performed during 15-month lookback period."
"Postoperative And Post-Traumatic Infections Without Mcc","863","MS-DRG","","","","","","","facility","inpatient","","","","","","Bcbs","Highmark Wholecare Medicare Managed Care Plan","","","[MSDRG Base Rate: FEE SCHEDULE]","","","","0","other","","","No services performed during 15-month lookback period."
"Postoperative Or Post-Traumatic Infections With O.R. Procedures With Mcc","856","MS-DRG","","","","","","","facility","inpatient","","","","","","Ambetter","All Commercial Plans","","91","","","","","0","percent of total billed charges","","","No services performed during 15-month lookback period."
"Postpartum And Post Abortion Diagnoses With O.R. Procedures","769","MS-DRG","","","","","","","facility","inpatient","","","","","","Healthspring","Medicare Managed Care Plan","","","[MSDRG Base Rate: FEE SCHEDULE]","","","","0","other","","","No services performed during 15-month lookback period."
"Potassium hydroxide preps","Q0112","HCPCS","","","","","","","facility","outpatient","","","","","","Ambetter","All Commercial Plans","7.58","","","","","","","fee schedule","3.79","17.49","Laboratory"
"Pre-plan 3d model w/ccta","C9793","HCPCS","","","","","","","facility","outpatient","","","","","","Healthspring","Medicare Managed Care Plan","927.98","","","","","","","fee schedule","881.58","2783.94","APC"
"Precerebral Occlusion Without Infarction Without Mcc","068","MS-DRG","","","","","","","facility","inpatient","","","","","","Unitedhealthcare","Medicare Managed Care Plan","8305.14","","","","","","","fee schedule","7735.18","20313.4","MSDRG Base Rate"
"Prematurity Without Major Problems","792","MS-DRG","","","","","","","facility","inpatient","","","","","","Bcbs","Highmark Health Options Medicaid Managed Care Plan","","","[Inpatient Services: Payer leverages state specific Medicaid payment methodology. Available, referenceable algorithm logic found here: https://medicaidpublications.dhss.delaware.gov/docs/search]","2051.94","2051.94","24213.05","65","other","","","Contracting method is an algorithm described in the 'standard_charges|algorithm' field. The allowed amount provided accounts for the structural rates, conditions, and utilization elements inherent in the payer’s algorithm."
"Prep skin cell susp, automtd","C8002","HCPCS","","","","","","","facility","outpatient","","","","","","Healthspring","Medicare Managed Care Plan","7669","","","","","","","fee schedule","7285.55","23007","APC"
"Prepare face/oral prosthesis","21076","HCPCS","","","","","","","facility","outpatient","","","","","","Aetna","All Commercial Plans","2347.36","","","","","","","fee schedule","1592.85","5030.06","Radiology"
"Prepare face/oral prosthesis","21076","HCPCS","","","","","","","facility","outpatient","","","","","","Amerihealth","Caritas Next Other Commercial Plan","2682.7","","","","","","","fee schedule","1592.85","5030.06","Radiology"
"Prepare face/oral prosthesis","21081","HCPCS","","","","","","","facility","outpatient","","","","","","Amerihealth","Medicare Managed Care Plan","6908.91","","","","","","","fee schedule","6077.29","19191.43","APC"
"Prepare face/oral prosthesis","21082","HCPCS","","","","","","","facility","outpatient","","","","","","Bcbs","Highmark All Commercial Plans","5286.4","","","","","","","fee schedule","3403.64","10748.35","Radiology"
"Prepare face/oral prosthesis","21085","HCPCS","","","","","","","facility","outpatient","","","","","","Jefferson Health Plan","Health Partners Medicaid Managed Care/Aca Plan","767.84","","","","","","","fee schedule","243.15","767.84","APC"
"Prepare face/oral prosthesis","21086","HCPCS","","","","","","","facility","outpatient","","","","","","Amerihealth","Medicare Managed Care Plan","3869.41","","","","","","","fee schedule","3403.64","10748.35","APC"
"Prepare face/oral prosthesis","21086","HCPCS","","","","","","","facility","outpatient","","","","","","Bcbs","Highmark Wholecare Medicare Managed Care Plan","3941.06","","","","","","","fee schedule","3403.64","10748.35","APC"
"Prgrmg dev eval ccm-d ip","0926T","HCPCS","","","","","","","facility","outpatient","","","","","","Amerihealth","Medicare Managed Care Plan","43.56","","","","","","","fee schedule","38.31","120.99","APC"
"Prgrmg dev eval scrms remote","0650T","HCPCS","","","","","","","facility","outpatient","","","","","","Ambetter","All Commercial Plans","60.5","","","","","","","fee schedule","38.31","120.99","Radiology"
"Prgrmg dev eval scrms remote","0650T","HCPCS","","","","","","","facility","outpatient","","","","","","Jefferson Health Plan","Health Partners Medicare Managed Care Plan","42.35","","","","","","","fee schedule","38.31","120.99","APC"
"Prgrmg eval cardiac modulj","0417T","HCPCS","","","","","","","facility","outpatient","","","","","","Amerihealth","Caritas Next Other Commercial Plan","64.53","","","","","","","fee schedule","38.31","120.99","Radiology"
"Prgrmg eval implantable dfb","93283","HCPCS","","","","","","","facility","outpatient","","","","","","Bcbs","Highmark Health Options Medicare Managed Care Plan","41.34","","","","","","","fee schedule","38.31","120.99","APC"
"Prgrmg evl ldls pm 1chmbr ip","0826T","HCPCS","","","","","","","facility","outpatient","","","","","","Jefferson Health Plan","Health Partners Medicaid Managed Care/Aca Plan","120.99","","","","","","","fee schedule","38.31","120.99","APC"
"Prgrmg evl ldls pm 2chmbr ip","0804T","HCPCS","","","","","","","facility","outpatient","","","","","","Bcbs","Highmark Health Options Medicare Managed Care Plan","41.34","","","","","","","fee schedule","38.31","120.99","APC"
"Principal Diagnosis Invalid As Discharge Diagnosis","998","MS-DRG","","","","","","","facility","inpatient","","","","","","Bcbs","Highmark Wholecare Medicare Managed Care Plan","","","[MSDRG Base Rate: FEE SCHEDULE]","","","","0","other","","","No services performed during 15-month lookback period."
"Principal Diagnosis Invalid As Discharge Diagnosis","998","MS-DRG","","","","","","","facility","inpatient","","","","","","First Health","Delaware Medicaid Managed Care Plan","","","[Inpatient Services: Payer leverages state specific Medicaid payment methodology. Available, referenceable algorithm logic found here: https://medicaidpublications.dhss.delaware.gov/docs/search]","","","","0","other","","","No services performed during 15-month lookback period."
"Probe nasolacrimal duct","68810","HCPCS","","","","","","","facility","outpatient","","","","","","Aetna","All Commercial Plans","480.2","","","","","","","fee schedule","325.85","1028.99","Radiology"
"Probe nasolacrimal duct","68810","HCPCS","","","","","","","facility","outpatient","","","","","","Amerihealth","Caritas Next Other Commercial Plan","548.8","","","","","","","fee schedule","325.85","1028.99","Radiology"
"Probe nasolacrimal duct","68810","HCPCS","","","","","","","facility","outpatient","","","","","","Bcbs","Highmark Medicare Managed Care Plan","325.85","","","","","","","fee schedule","325.85","1028.99","APC"
"Probe nasolacrimal duct","68811","HCPCS","","","","","","","facility","outpatient","","","","","","Jefferson Health Plan","Health Partners Medicaid Managed Care/Aca Plan","7707.54","","","","","","","fee schedule","2440.72","7707.54","APC"
"Probe nl duct w/balloon","68816","HCPCS","","","","","","","facility","outpatient","","","","","","Bcbs","Highmark All Commercial Plans","3790.83","","","","","","","fee schedule","2440.72","7707.54","Radiology"
"Probe nl duct w/balloon","68816","HCPCS","","","","","","","facility","outpatient","","","","","","Jefferson Health Plan","Health Partners Medicaid Managed Care/Aca Plan","7707.54","","","","","","","fee schedule","2440.72","7707.54","APC"
"Proctosigmoidoscopy bleed","45317","HCPCS","","","","","","","facility","outpatient","","","","","","Bcbs","Highmark Health Options Medicare Managed Care Plan","1325.45","","","","","","","fee schedule","1228.47","3879.38","APC"
"Proctosigmoidoscopy removal","45315","HCPCS","","","","","","","facility","outpatient","","","","","","Jefferson Health Plan","Health Partners Medicare Managed Care Plan","1357.78","","","","","","","fee schedule","1228.47","3879.38","APC"
"Proctosigmoidoscopy volvul","45321","HCPCS","","","","","","","facility","outpatient","","","","","","Jefferson Health Plan","Health Partners Medicaid Managed Care/Aca Plan","8998.38","","","","","","","fee schedule","2849.49","8998.38","APC"
"Professional Component","","","","","","","","","facility","both","","","26","","","BCBS","Highmark Health Options Medicare Managed Care Plan","","","","","","","","","","","The modified price is presented in the standard charge value."
"Progreat Lambda 1.9Fr 165cm Straight","AngiWmSup10180918","CDM","272","RC","C1887","HCPCS","","","facility","both","","","","4670.19","4670.19","","","","","","","","","","","","","Gross Charge Type: Main Acute Price List"
"Prostate biopsy, any mthd","G0416","HCPCS","","","","","","","facility","outpatient","","","","","","Cigna","All Commercial Plans","105.56","","","","","","","fee schedule","105.56","1162.04",""
"Prostatectomy With Cc","666","MS-DRG","","","","","","","facility","inpatient","","","","","","Bcbs","Highmark Wholecare Medicaid Managed Care Plan","","","[Inpatient Services: Payer leverages state specific Medicaid payment methodology. Available, referenceable algorithm logic found here: https://www.pa.gov/agencies/dhs/resources/for-providers]","","","","0","other","","","No services performed during 15-month lookback period."
"Prostatectomy With Mcc","665","MS-DRG","","","","","","","facility","inpatient","","","","","","Cigna","All Commercial Plans","","","[SNF-(% BC): 60] [All Other IP (%BC): 88.46]","","","","0","other","","","No services performed during 15-month lookback period."
"Prostatectomy Without Cc/Mcc","667","MS-DRG","","","","","","","facility","inpatient","","","","","","Jefferson Health Plan","Health Partners Medicaid Managed Care/Aca Plan","25995.7","","","","","","","fee schedule","9775.43","25995.7",""
"Prostatic O.R. Procedure Unrelated To Principal Diagnosis W Cc","985","MS-DRG","","","","","","","facility","inpatient","","","","","","Amerihealth","Caritas Next Other Commercial Plan","","94","","","","","0","percent of total billed charges","","","No services performed during 15-month lookback period."
"Prostatic O.R. Procedure Unrelated To Principal Diagnosis W Mcc","984","MS-DRG","","","","","","","facility","inpatient","","","","","","Aetna - Nj","Better Health Medicaid Managed Care Plan","","","[Inpatient Services: Payer leverages state specific Medicaid payment methodology. Available, referenceable algorithm logic found here: https://www.nj.gov/health/hcf/]","","","","0","other","","","No services performed during 15-month lookback period."
"Prostatic O.R. Procedure Unrelated To Principal Diagnosis W/O Cc/Mcc","986","MS-DRG","","","","","","","facility","inpatient","","","","","","Amerihealth","Caritas Next Other Commercial Plan","","94","","","","","0","percent of total billed charges","","","No services performed during 15-month lookback period."
"Prostatic microwave thermotx","53850","HCPCS","","","","","","","facility","outpatient","","","","","","Bcbs","Highmark All Commercial Plans","5620.47","","","","","","","fee schedule","3618.74","11427.6","Radiology"
"Prostatic rf thermotx","53852","HCPCS","","","","","","","facility","outpatient","","","","","","Aetna","All Commercial Plans","5332.88","","","","","","","fee schedule","3618.74","11427.6","Radiology"
"Prosthetic training","97761","HCPCS","","","","","","","facility","outpatient","","","","","","Jefferson Health Plan","Health Partners Medicaid Managed Care/Aca Plan","120.54","","","","","","","fee schedule","38.17","120.54","APC"
"Prothrombin time","85610","HCPCS","","","","","","","facility","outpatient","","","","","","Bcbs","Highmark Health Options Medicare Managed Care Plan","4.4","","","","","","","fee schedule","2.79","12.87","APC"
"Proton trmt simple w/o comp","77520","HCPCS","","","","","","","facility","outpatient","","","","","","Bcbs","Highmark Health Options Medicare Managed Care Plan","612.02","","","","","","","fee schedule","567.24","1791.28","APC"
"Protozoa antibody nos","86753","HCPCS","","","","","","","facility","outpatient","","","","","","Amerihealth","Caritas Next Other Commercial Plan","19.82","","","","","","","fee schedule","8.05","37.17","Radiology"
"Prp i/hern init block >5 yr","49507","HCPCS","","","","","","","facility","outpatient","","","","","","Jefferson Health Plan","Health Partners Medicare Managed Care Plan","4062.54","","","","","","","fee schedule","3675.63","11607.26","APC"
"Prp i/hern init reduc >5 yr","49505","HCPCS","","","","","","","facility","outpatient","","","","","","Aetna","All Commercial Plans","5416.72","","","","","","","fee schedule","3675.63","11607.26","Radiology"
"Prq card revasc chronic 1vsl","92943","HCPCS","","","","","","","facility","outpatient","","","","","","Amerihealth","Medicare Managed Care Plan","13472.99","","","","","","","fee schedule","11851.24","37424.98","APC"
"Prq card revasc chronic 1vsl","92943","HCPCS","","","","","","","facility","outpatient","","","","","","Bcbs","Highmark Wholecare Medicare Managed Care Plan","13722.49","","","","","","","fee schedule","11851.24","37424.98","APC"
"Prq card stent/ath/angio","92933","HCPCS","","","","","","","facility","outpatient","","","","","","Bcbs","Highmark Health Options Medicare Managed Care Plan","20304.95","","","","","","","fee schedule","18819.22","59429.13","APC"
"Prq revasc byp graft 1 vsl","92937","HCPCS","","","","","","","facility","outpatient","","","","","","Jefferson Health Plan","Health Partners Medicaid Managed Care/Aca Plan","37424.98","","","","","","","fee schedule","11851.24","37424.98","APC"
"Prq tcat plmt ntrac st 2+les","92930","HCPCS","","","","","","","facility","outpatient","","","","","","Amerihealth","Medicare Managed Care Plan","21394.49","","","","","","","fee schedule","18819.22","59429.13","APC"
"Prq tcat plmt ntrac st 2+les","92930","HCPCS","","","","","","","facility","outpatient","","","","","","Jefferson Health Plan","Health Partners Medicare Managed Care Plan","20800.2","","","","","","","fee schedule","18819.22","59429.13","APC"
"Prq tcat ther rx ntrac balo1","0913T","HCPCS","","","","","","","facility","outpatient","","","","","","Bcbs","Highmark All Commercial Plans","18406.85","","","","","","","fee schedule","11851.24","37424.98","Radiology"
"Psyc anxiety do mrna 15 bmrk","0437U","HCPCS","","","","","","","facility","outpatient","","","","","","Aetna","All Commercial Plans","1064","","","","","","","fee schedule","722","2280","Radiology"
"Psychoses","885","MS-DRG","","","","","","","facility","inpatient","","","","","","Amerihealth","Medicare Managed Care Plan","13900.68","","","","","","","fee schedule","12227.45","32824.8","MSDRG Base Rate"
"Psychoses","885","MS-DRG","","","","","","","facility","inpatient","","","","","","Ibc","Medicare Managed Care Plan","12871","","","","","","","fee schedule","12227.45","32824.8","MSDRG Base Rate"
"Psychoses","885","MS-DRG","","","","","","","facility","inpatient","","","","","","Jefferson Health Plan","Health Partners Medicare Managed Care Plan","","","[MSDRG Base Rate: FEE SCHEDULE]","","","","0","other","","","No services performed during 15-month lookback period."
"Psychoses","885","MS-DRG","","","","","","","facility","inpatient","","","","","","Unitedhealthcare","Medicare Managed Care Plan","13128.42","","","","","","","fee schedule","12227.45","32824.8","MSDRG Base Rate"
"Psycl/nrpsyc tst auto result","96146","HCPCS","","","","","","","facility","outpatient","","","","","","Bcbs","Highmark All Commercial Plans","46.12","","","","","","","fee schedule","29.69","93.77","Radiology"
"Pt eval low complex 20 min","97161","HCPCS","","","","","","","facility","outpatient","","","","","","Aetna","Medicare Managed Care Plan","100.46","","","","","","","fee schedule","92.65","292.59","APC"
"Pten full gene analysis","0235U","HCPCS","","","","","","","facility","outpatient","","","","","","Aetna","Medicare Managed Care Plan","618","","","","","","","fee schedule","570","1800","APC"
"Pten gene dup/delet variant","81323","HCPCS","","","","","","","facility","outpatient","","","","","","First Health","Delaware Medicaid Managed Care Plan","330","","","","","","","fee schedule","195","900","Laboratory"
"Pten gene known fam variant","81322","HCPCS","","","","","","","facility","outpatient","","","","","","Bcbs","Highmark All Commercial Plans","68.76","","","","","","","fee schedule","30.29","139.8","Radiology"
"Pulm funct test oscillometry","94728","HCPCS","","","","","","","facility","outpatient","","","","","","Amerihealth","Caritas Next Other Commercial Plan","222.48","","","","","","","fee schedule","132.1","417.14","Radiology"
"Pulm funct test oscillometry","94728","HCPCS","","","","","","","facility","outpatient","","","","","","Jefferson Health Plan","Health Partners Medicaid Managed Care/Aca Plan","417.14","","","","","","","fee schedule","132.1","417.14","APC"
"Pulm stress test/complex","94621","HCPCS","","","","","","","facility","outpatient","","","","","","Aetna","Medicare Managed Care Plan","415.34","","","","","","","fee schedule","383.08","1209.74","APC"
"Pulmonary Embolism With Mcc Or Acute Cor Pulmonale","175","MS-DRG","","","","","","","facility","inpatient","","","","","","Bcbs","Highmark Medicare Managed Care Plan","12031.69","","","","","","","fee schedule","12031.69","32279.6","MSDRG Base Rate"
"Pulmonary Embolism With Mcc Or Acute Cor Pulmonale","175","MS-DRG","","","","","","","facility","inpatient","","","","","","Bcbs","Highmark Wholecare Medicare Managed Care Plan","13931.43","","","","","","","fee schedule","12031.69","32279.6","MSDRG Base Rate"
"Pulmonary Embolism With Mcc Or Acute Cor Pulmonale","175","MS-DRG","","","","","","","facility","inpatient","","","","","","First Health","Delaware Medicaid Managed Care Plan","","","[Inpatient Services: Payer leverages state specific Medicaid payment methodology. Available, referenceable algorithm logic found here: https://medicaidpublications.dhss.delaware.gov/docs/search]","","","","0","other","","","No services performed during 15-month lookback period."
"Pulmonary Embolism Without Mcc","176","MS-DRG","","","","","","","facility","inpatient","","","","","","Amerihealth","Caritas Next Other Commercial Plan","","94","","","","","0","percent of total billed charges","","","No services performed during 15-month lookback period."
"Pulmonary Embolism Without Mcc","176","MS-DRG","","","","","","","facility","inpatient","","","","","","Amerihealth","Medicare Managed Care Plan","8223.89","","","","","","","fee schedule","7233.97","18917.5","MSDRG Base Rate"
"Pulmonary Treatment","5791","APC","","","","","","","facility","outpatient","","","","","","Jefferson Health Plan","Health Partners Medicare Managed Care Plan","","","[APC ($): FEE SCHEDULE]","","","","0","other","","","No services performed during 15-month lookback period."
"Pvb thoracic cont infusion","64463","HCPCS","","","","","","","facility","outpatient","","","","","","Aetna","Medicare Managed Care Plan","785.68","","","","","","","fee schedule","724.66","2288.39","APC"
"Pvb thoracic single inj site","64461","HCPCS","","","","","","","facility","outpatient","","","","","","Aetna","All Commercial Plans","1067.91","","","","","","","fee schedule","724.66","2288.39","Radiology"
"Qmrcp w/o dx mri sm anat ses","0723T","HCPCS","","","","","","","facility","outpatient","","","","","","Ambetter","All Commercial Plans","1508.04","","","","","","","fee schedule","955.09","3016.09","Radiology"
"Qnhp ol dig e/m svc 21+ min","98972","HCPCS","","","","","","","facility","outpatient","","","","","","Bcbs","Highmark Wholecare Medicare Managed Care Plan","31.91","","","","","","","fee schedule","27.56","87.03","APC"
"Quan ct tiss charac w/o ct","0721T","HCPCS","","","","","","","facility","outpatient","","","","","","Amerihealth","Caritas Next Other Commercial Plan","1100.87","","","","","","","fee schedule","653.64","2064.14","Radiology"
"Quan ct tiss charac w/o ct","0721T","HCPCS","","","","","","","facility","outpatient","","","","","","Jefferson Health Plan","Health Partners Medicaid Managed Care/Aca Plan","2064.14","","","","","","","fee schedule","653.64","2064.14","APC"
"Quan mr tis wo mri mlt orgn","0697T","HCPCS","","","","","","","facility","outpatient","","","","","","Ambetter","All Commercial Plans","1508.04","","","","","","","fee schedule","411.25","3016.09","Radiology"
"Quan puplmtry phy/qhp uni/bi","95919","HCPCS","","","","","","","facility","outpatient","","","","","","Aetna","All Commercial Plans","201.29","","","","","","","fee schedule","136.59","431.33","Radiology"
"Quantitative assay drug","80299","HCPCS","","","","","","","facility","outpatient","","","","","","Jefferson Health Plan","Health Partners Medicare Managed Care Plan","19.57","","","","","","","fee schedule","12.12","55.92","APC"
"R hrt cath chd nml nt cnj","93593","HCPCS","","","","","","","facility","outpatient","","","","","","Healthspring","Medicare Managed Care Plan","3503.33","","","","","","","fee schedule","3328.16","10509.98","APC"
"R&l hrt art/ventricle angio","93461","HCPCS","","","","","","","facility","outpatient","","","","","","Bcbs","Highmark All Commercial Plans","5169.16","","","","","","","fee schedule","3328.16","10509.98","Radiology"
"R&l hrt art/ventricle angio","93461","HCPCS","","","","","","","facility","outpatient","","","","","","Bcbs","Highmark Health Options Medicare Managed Care Plan","3590.91","","","","","","","fee schedule","3328.16","10509.98","APC"
"R&l hrt cath w/ventriclgrphy","93453","HCPCS","","","","","","","facility","outpatient","","","","","","Ambetter","All Commercial Plans","5254.99","","","","","","","fee schedule","3328.16","10509.98","Radiology"
"RADEX FACIAL BONES COMPLETE MINIMUM 3 VIEWS GLR","Fcin541776","CDM","320","RC","70150","HCPCS","","","facility","both","","","","440.95","440.95","","","","","","","","","","","","","Gross Charge Type: Main Acute Price List"
"RADIOLOGIC EXAM ABDOMEN 2 VIEWS GLR","Ccsp541778","CDM","320","RC","74019","HCPCS","","","facility","both","","","","398.4","398.4","","","","","","","","","","","","","Gross Charge Type: Main Acute Price List"
"RADIOLOGIC EXAM ABDOMEN 2 VIEWS PFR","GLNM54P1778","CDM","960","RC","74019","HCPCS","","","facility","both","","","26","38.02","38.02","","","","","","","","","","","","","Gross Charge Type: Main Acute Price List | The modified price is presented in the standard charge value. | Modifier 26: Professional Component"
"RADIOLOGIC EXAM ABDOMEN 2 VIEWS PFR","Rdpf54P1778","CDM","960","RC","74019","HCPCS","","","facility","both","","","26","38.02","38.02","","","","","","","","","","","","","Gross Charge Type: Main Acute Price List | The modified price is presented in the standard charge value. | Modifier 26: Professional Component"
"RADIOLOGIC EXAM ABDOMEN 3+ VIEWS  GLR","BRML542539","CDM","320","RC","74021","HCPCS","","","facility","both","","","","173.32","173.32","","","","","","","","","","","","","Gross Charge Type: Acute Discounted"
"RADIOLOGIC EXAM ABDOMEN 3+ VIEWS  GLR","CcsbXR2539","CDM","320","RC","74021","HCPCS","","","facility","both","","","","173.32","173.32","","","","","","","","","","","","","Gross Charge Type: Acute Discounted"
"RADIOLOGIC EXAM ABDOMEN 3+ VIEWS  GLR","Chrs542539","CDM","320","RC","74021","HCPCS","","","facility","both","","","","173.32","173.32","","","","","","","","","","","","","Gross Charge Type: Acute Discounted"
"RADIOLOGIC EXAM MASTOIDS < 3 VIEWS PER SIDE PFR","GLNM54P7701","CDM","975","RC","70120","HCPCS","","","facility","both","","","26","30.75","30.75","","","","","","","","","","","","","Gross Charge Type: Main Acute Price List | The modified price is presented in the standard charge value. | Modifier 26: Professional Component"
"RADIOPHARM,NS I-125,PER SOURCE","RadtCh1765","CDM","278","RC","C2639","HCPCS","","","facility","both","1","EA","","160.15","160.15","","","","","","","","","","","","","Gross Charge Type: Main Acute Price List | EA = 1 UN"
"RADIOPHARM,NS I-125,PER SOURCE","RadtCy1765","CDM","278","RC","C2639","HCPCS","","","facility","both","1","EA","","160.15","160.15","","","","","","","","","","","","","Gross Charge Type: Main Acute Price List | EA = 1 UN"
"RASP, CROSS-CUT SMALL TEAR","ScanChSup64117","CDM","272","RC","","","","","facility","both","","","","694.39","694.39","","","","","","","","","","","","","Gross Charge Type: Main Acute Price List"
"RASP, HELIOCOIDAL METAL CUTTING 3.2X18.3MM","OperWmSup10190109","CDM","272","RC","","","","","facility","both","","","","781.12","781.12","","","","","","","","","","","","","Gross Charge Type: Main Acute Price List"
"RASP, TMJ COARSE DIAMOND","PacuChSup66322","CDM","272","RC","","","","","facility","both","","","","1909.52","1909.52","","","","","","","","","","","","","Gross Charge Type: Main Acute Price List"
"RBC antibody elution","86860","HCPCS","","","","","","","facility","outpatient","","","","","","Bcbs","Highmark Health Options Medicare Managed Care Plan","188.71","","","","","","","fee schedule","21.35","552.32","APC"
"RBC antibody identification","86870","HCPCS","","","","","","","facility","outpatient","","","","","","Aetna","All Commercial Plans","542.29","","","","","","","fee schedule","29.32","1162.04","Radiology"
"RBC antibody screen","86850","HCPCS","","","","","","","facility","outpatient","","","","","","Jefferson Health Plan","Health Partners Medicaid Managed Care/Aca Plan","168.94","","","","","","","fee schedule","6.35","168.94","APC"
"RBC leukocytes reduced","9512","APC","","","","","","","facility","outpatient","","","","","","Bcbs","Highmark All Commercial Plans","","85.44","","1353.07","478.9","1353.09","1 through 10","percent of total billed charges","","",""
"RBC leukoreduced irradiated","9522","APC","","","","","","","facility","outpatient","","","","","","Aetna - De","Better Health Medicaid Managed Care Plan","","","[Outpatient Services: Payer leverages state specific Medicaid payment methodology. Available, referenceable algorithm logic found here: https://medicaidpublications.dhss.delaware.gov/docs/search]","","","","0","other","","","No services performed during 15-month lookback period."
"RBC osmotic fragility","85557","HCPCS","","","","","","","facility","outpatient","","","","","","Amerihealth","Caritas Next Other Commercial Plan","21.38","","","","","","","fee schedule","8.68","40.08","Radiology"
"RE-EVALUATION,PT ESTABLISHED PLAN","HgsrCp3063","CDM","424","RC","97164","HCPCS","","","facility","both","","","GP","355.03","355.03","","","","","","","","","","","","","Gross Charge Type: Main Acute Price List | The modified price is presented in the standard charge value. | Modifier GP: Services delivered under an outpatient physical therapy plan of care"
"REAMER CANNULATED FLEX THREAD AO QUICK CONNECT 4.2MM","ScorWmSup119012","CDM","272","RC","","","","","facility","both","","","","1385.94","1385.94","","","","","","","","","","","","","Gross Charge Type: Main Acute Price List"
"REAMER, 3MM CALIBRATED","AnesChSup109810","CDM","272","RC","","","","","facility","both","","","","9934.82","9934.82","","","","","","","","","","","","","Gross Charge Type: Main Acute Price List"
"REAMER, 3MM CALIBRATED","GastWmSup109810","CDM","272","RC","","","","","facility","both","","","","9934.82","9934.82","","","","","","","","","","","","","Gross Charge Type: Main Acute Price List"
"REAMER, 3MM CALIBRATED","ScpuChSup109810","CDM","272","RC","","","","","facility","both","","","","9934.82","9934.82","","","","","","","","","","","","","Gross Charge Type: Main Acute Price List"
"REAMER, ANCHORAGE 2.0X110MM","GastWmSup50315","CDM","272","RC","","","","","facility","both","","","","1224.48","1224.48","","","","","","","","","","","","","Gross Charge Type: Main Acute Price List"
"REAMER, ANGLED HEAD LARGE","ScanChSup109009","CDM","272","RC","","","","","facility","both","","","","923.96","923.96","","","","","","","","","","","","","Gross Charge Type: Main Acute Price List"
"REAMER, ANGLED HEAD LARGE","ScanWmSup109009","CDM","272","RC","","","","","facility","both","","","","923.96","923.96","","","","","","","","","","","","","Gross Charge Type: Main Acute Price List"
"REAMER, ANGLED HEAD LARGE","ScorChSup109009","CDM","272","RC","","","","","facility","both","","","","923.96","923.96","","","","","","","","","","","","","Gross Charge Type: Main Acute Price List"
"REAMER, ANGLED HEAD MEDIUM","DelrChSup109017","CDM","272","RC","","","","","facility","both","","","","923.96","923.96","","","","","","","","","","","","","Gross Charge Type: Main Acute Price List"
"REAMER, ANGLED HEAD SMALL","AngiWmSup109013","CDM","272","RC","","","","","facility","both","","","","923.96","923.96","","","","","","","","","","","","","Gross Charge Type: Main Acute Price List"
"REAMER, BIXCUT SHAFT 8.0X284MM","AnesChSup27022","CDM","272","RC","","","","","facility","both","","","","760.19","760.19","","","","","","","","","","","","","Gross Charge Type: Main Acute Price List"
"REAMER, CALIBRATED 2MM","CspuChSup61034","CDM","272","RC","","","","","facility","both","","","","1250.43","1250.43","","","","","","","","","","","","","Gross Charge Type: Main Acute Price List"
"REAMER, CALIBRATED 3MM","GastChSup74780","CDM","272","RC","","","","","facility","both","","","","1143.92","1143.92","","","","","","","","","","","","","Gross Charge Type: Main Acute Price List"
"REAMER, CALIBRATED ANCHORAGE 2.5X110MM","PacuChSup62647","CDM","272","RC","","","","","facility","both","","","","1088.89","1088.89","","","","","","","","","","","","","Gross Charge Type: Main Acute Price List"
"REAMER, CANNULATED 4.0MM STRL","PacuWmSup114433","CDM","272","RC","","","","","facility","both","","","","868.42","868.42","","","","","","","","","","","","","Gross Charge Type: Main Acute Price List"
"REAMER, ENTRY 6.7MM","PacuChSup119223","CDM","272","RC","","","","","facility","both","","","","1726","1726","","","","","","","","","","","","","Gross Charge Type: Main Acute Price List"
"REAMER, FEMALE 21MM","AngiWmSup118560","CDM","272","RC","","","","","facility","both","","","","1882.38","1882.38","","","","","","","","","","","","","Gross Charge Type: Main Acute Price List"
"REAMER, FOR QUICK COUPLING 145MM","PacuWmSup72539","CDM","272","RC","","","","","facility","both","","","","3000.98","3000.98","","","","","","","","","","","","","Gross Charge Type: Main Acute Price List"
"REAMER, FOR QUICK COUPLING 145MM","ScpuWmSup72539","CDM","272","RC","","","","","facility","both","","","","3000.98","3000.98","","","","","","","","","","","","","Gross Charge Type: Main Acute Price List"
"REAMER, FOR QUICK COUPLING 268MM","CcthChSup72537","CDM","272","RC","","","","","facility","both","","","","3215.58","3215.58","","","","","","","","","","","","","Gross Charge Type: Main Acute Price List"
"REAMER, GLENOID ANGLED AUGMENTED LARGE","ScorChSup118299","CDM","272","RC","","","","","facility","both","","","","1605.92","1605.92","","","","","","","","","","","","","Gross Charge Type: Main Acute Price List"
"REAMER, GLENOID ANGLED AUGMENTED MEDIUM","PacuWmSup112232","CDM","272","RC","","","","","facility","both","","","","1817.12","1817.12","","","","","","","","","","","","","Gross Charge Type: Main Acute Price List"
"REAMER, GUIDE BUSHING AUGMENTED","GastChSup119076","CDM","272","RC","","","","","facility","both","","","","505.1","505.1","","","","","","","","","","","","","Gross Charge Type: Main Acute Price List"
"REAMER, GUIDE SCREW AUGMENTED","EplbChSup119075","CDM","278","RC","C1713","HCPCS","","","facility","both","","","","474.94","474.94","","","","","","","","","","","","","Gross Charge Type: Main Acute Price List"
"REAMER, HEAD 12.0MM STRL FOR IRRIGATOR/ASPIRATOR","ScpuChSup55027","CDM","272","RC","","","","","facility","both","","","","7206.89","7206.89","","","","","","","","","","","","","Gross Charge Type: Main Acute Price List"
"REAMER, HEAD 12.0MM STRL FOR IRRIGATOR/ASPIRATOR","ScpuWmSup55027","CDM","272","RC","","","","","facility","both","","","","7206.89","7206.89","","","","","","","","","","","","","Gross Charge Type: Main Acute Price List"
"REAMER, HEAD 13.0MM STRL FOR IRRIGATOR/ASPIRATOR","ScorWmSup55029","CDM","272","RC","","","","","facility","both","","","","7206.89","7206.89","","","","","","","","","","","","","Gross Charge Type: Main Acute Price List"
"REAMER, HEAD ASPIRATOR 15.0MM","Wilm5434908","CDM","270","RC","","","","","facility","both","","","","6776.58","6776.58","","","","","","","","","","","","","Gross Charge Type: Main Acute Price List"
"REAMER, HEAD ASPIRATOR STRL 17.0MM","GyscChSup57994","CDM","272","RC","","","","","facility","both","","","","6707.08","6707.08","","","","","","","","","","","","","Gross Charge Type: Main Acute Price List"
"REAMER, HEAD MEDULLARY 10.0MM","PacuChSup66076","CDM","272","RC","","","","","facility","both","","","","1961.03","1961.03","","","","","","","","","","","","","Gross Charge Type: Main Acute Price List"
"REAMER, HEAD MEDULLARY 10.0MM","ScorWmSup66076","CDM","272","RC","","","","","facility","both","","","","1961.03","1961.03","","","","","","","","","","","","","Gross Charge Type: Main Acute Price List"
"REAMER, HEAD MEDULLARY 11.0MM","ScpuChSup72541","CDM","272","RC","","","","","facility","both","","","","1961.03","1961.03","","","","","","","","","","","","","Gross Charge Type: Main Acute Price List"
"REAMER, HEAD RIA 2 10.5MM","ScpuChSup109185","CDM","272","RC","","","","","facility","both","","","","4250.22","4250.22","","","","","","","","","","","","","Gross Charge Type: Main Acute Price List"
"REAMER, HEAD RIA 2 10MM","PacuChSup109184","CDM","272","RC","","","","","facility","both","","","","4250.22","4250.22","","","","","","","","","","","","","Gross Charge Type: Main Acute Price List"
"REAMER, HEAD RIA 2 10MM","PacuWmSup109184","CDM","272","RC","","","","","facility","both","","","","4250.22","4250.22","","","","","","","","","","","","","Gross Charge Type: Main Acute Price List"
"REAMER, HEAD RIA 2 11MM","ScanChSup109186","CDM","272","RC","","","","","facility","both","","","","4250.22","4250.22","","","","","","","","","","","","","Gross Charge Type: Main Acute Price List"
"REAMER, HEAD RIA 2 12.5MM","ScorWmSup109189","CDM","272","RC","","","","","facility","both","","","","4250.22","4250.22","","","","","","","","","","","","","Gross Charge Type: Main Acute Price List"
"REAMER, HEAD RIA 2 12MM","ScorWmSup109188","CDM","272","RC","","","","","facility","both","","","","4250.22","4250.22","","","","","","","","","","","","","Gross Charge Type: Main Acute Price List"
"REAMER, HEAD RIA 2 13MM","DelrChSup109190","CDM","272","RC","","","","","facility","both","","","","4250.22","4250.22","","","","","","","","","","","","","Gross Charge Type: Main Acute Price List"
"REAMER, HEAD RIA 2 14.5MM","ScorWmSup109193","CDM","272","RC","","","","","facility","both","","","","4250.22","4250.22","","","","","","","","","","","","","Gross Charge Type: Main Acute Price List"
"REAMER, HEAD RIA 2 14.5MM","ScpuWmSup109193","CDM","272","RC","","","","","facility","both","","","","4250.22","4250.22","","","","","","","","","","","","","Gross Charge Type: Main Acute Price List"
"REAMER, HEAD RIA 2 15.5MM","AngiChSup109195","CDM","272","RC","","","","","facility","both","","","","4250.22","4250.22","","","","","","","","","","","","","Gross Charge Type: Main Acute Price List"
"REAMER, HEAD RIA 2 15.5MM","OperWmSup109195","CDM","272","RC","","","","","facility","both","","","","4250.22","4250.22","","","","","","","","","","","","","Gross Charge Type: Main Acute Price List"
"REAMER, HEAD RIA 2 16.5MM","ScorWmSup109197","CDM","272","RC","","","","","facility","both","","","","3996.45","3996.45","","","","","","","","","","","","","Gross Charge Type: Main Acute Price List"
"REAMER, HEAD RIA 2 17.5MM","PacuWmSup109199","CDM","272","RC","","","","","facility","both","","","","3996.45","3996.45","","","","","","","","","","","","","Gross Charge Type: Main Acute Price List"
"REAMER, HEAD RIA 2 17MM","OperChSup109198","CDM","272","RC","","","","","facility","both","","","","4250.22","4250.22","","","","","","","","","","","","","Gross Charge Type: Main Acute Price List"
"REAMER, HOLLOW COM FOR 6.5/7.0 SCREW","AngiChSup114783","CDM","272","RC","","","","","facility","both","","","","2610.3","2610.3","","","","","","","","","","","","","Gross Charge Type: Main Acute Price List"
"REAMER, INTRAMEDULLARY ROD 3.1X300MM","GyscChSup80140","CDM","272","RC","","","","","facility","both","","","","2409.45","2409.45","","","","","","","","","","","","","Gross Charge Type: Main Acute Price List"
"REAMER, IRRIGATOR/ ASPIRATOR 16.0MM","GastWmSup57342","CDM","272","RC","","","","","facility","both","","","","6776.58","6776.58","","","","","","","","","","","","","Gross Charge Type: Main Acute Price List"
"REAMER, LMH IMPLANT SYSTEM","ScorChSup115294","CDM","272","RC","","","","","facility","both","","","","2825.33","2825.33","","","","","","","","","","","","","Gross Charge Type: Main Acute Price List"
"REAMER, LOW PROFILE 10MM","Wilm5440816","CDM","272","RC","","","","","facility","both","","","","1301.24","1301.24","","","","","","","","","","","","","Gross Charge Type: Main Acute Price List"
"REAMER, LOW PROFILE 8MM","ScanWmSup40814","CDM","272","RC","","","","","facility","both","","","","1223.55","1223.55","","","","","","","","","","","","","Gross Charge Type: Main Acute Price List"
"REAMER, LOW PROFILE 9MM","OperWmSup40815","CDM","272","RC","","","","","facility","both","","","","1301.24","1301.24","","","","","","","","","","","","","Gross Charge Type: Main Acute Price List"
"REAMER, LOW PROFILE 9MM","ScpuWmSup40815","CDM","272","RC","","","","","facility","both","","","","1301.24","1301.24","","","","","","","","","","","","","Gross Charge Type: Main Acute Price List"
"REAMER, MET 20MM","CLDRChSup69164","CDM","272","RC","","","","","facility","both","","","","3002.88","3002.88","","","","","","","","","","","","","Gross Charge Type: Main Acute Price List"
"REAMER, MET HEAD 16MM","AnesWmSup116207","CDM","272","RC","","","","","facility","both","","","","2823.58","2823.58","","","","","","","","","","","","","Gross Charge Type: Main Acute Price List"
"REAMER, MET HEAD 22MM","Chrs5465503","CDM","272","RC","","","","","facility","both","","","","2823.58","2823.58","","","","","","","","","","","","","Gross Charge Type: Main Acute Price List"
"REAMER, MET HEAD 22MM","ScorChSup65503","CDM","272","RC","","","","","facility","both","","","","2823.58","2823.58","","","","","","","","","","","","","Gross Charge Type: Main Acute Price List"
"REAMER, MTP CONE GEN2 20MM","GastChSup117987","CDM","272","RC","","","","","facility","both","","","","1613.85","1613.85","","","","","","","","","","","","","Gross Charge Type: Main Acute Price List"
"REAMER, MTP CONE GEN2 20MM","PacuChSup117987","CDM","272","RC","","","","","facility","both","","","","1613.85","1613.85","","","","","","","","","","","","","Gross Charge Type: Main Acute Price List"
"REAMER, MTP CONE GEN2 22MM","AnesChSup118271","CDM","272","RC","","","","","facility","both","","","","1447.38","1447.38","","","","","","","","","","","","","Gross Charge Type: Main Acute Price List"
"REAMER, MTP CUP GEN2 16MM","AnesWmSup66645","CDM","272","RC","","","","","facility","both","","","","1194.99","1194.99","","","","","","","","","","","","","Gross Charge Type: Main Acute Price List"
"REAMER, MTP CUP GEN2 16MM","ScorChSup66645","CDM","272","RC","","","","","facility","both","","","","1194.99","1194.99","","","","","","","","","","","","","Gross Charge Type: Main Acute Price List"
"REAMER, MTP CUP GEN2 18MM","OperChSup66646","CDM","272","RC","","","","","facility","both","","","","1194.99","1194.99","","","","","","","","","","","","","Gross Charge Type: Main Acute Price List"
"REAMER, MTP CUP GEN2 22MM","ScpuChSup118270","CDM","272","RC","","","","","facility","both","","","","1447.38","1447.38","","","","","","","","","","","","","Gross Charge Type: Main Acute Price List"
"REAMER, ORTHOLOC 3DI 20MM","DelrChSup118040","CDM","272","RC","","","","","facility","both","","","","1447.99","1447.99","","","","","","","","","","","","","Gross Charge Type: Main Acute Price List"
"REAMER, ORTHOLOC 3DI 20MM","GastWmSup118040","CDM","272","RC","","","","","facility","both","","","","1447.99","1447.99","","","","","","","","","","","","","Gross Charge Type: Main Acute Price List"
"REAMER, ORTHOLOC 3DI 20MM","ScpuWmSup118040","CDM","272","RC","","","","","facility","both","","","","1447.99","1447.99","","","","","","","","","","","","","Gross Charge Type: Main Acute Price List"
"REAMER, PHALANGEAL 18MM","EplbChSup73761","CDM","272","RC","","","","","facility","both","","","","2823.58","2823.58","","","","","","","","","","","","","Gross Charge Type: Main Acute Price List"
"REAMER, SHAFT MOD TRINKLE 885MM","GyscChSup65818","CDM","272","RC","","","","","facility","both","","","","2687.99","2687.99","","","","","","","","","","","","","Gross Charge Type: Main Acute Price List"
"REAMER, SHAFT MOD TRINKLE 885MM","ScpuWmSup65818","CDM","272","RC","","","","","facility","both","","","","2687.99","2687.99","","","","","","","","","","","","","Gross Charge Type: Main Acute Price List"
"REAMER, SPARE TUBE FOR HOLLOW REAMER 309.035","OperWmSup79382","CDM","272","RC","","","","","facility","both","","","","1637.5","1637.5","","","","","","","","","","","","","Gross Charge Type: Main Acute Price List"
"REAMER, SPARE TUBE FOR HOLLOW REAMER 309.035","ScpuChSup79382","CDM","272","RC","","","","","facility","both","","","","1637.5","1637.5","","","","","","","","","","","","","Gross Charge Type: Main Acute Price List"
"REAMER, ULNA 4.5MM","DelrChSup119221","CDM","272","RC","","","","","facility","both","","","","1413.24","1413.24","","","","","","","","","","","","","Gross Charge Type: Main Acute Price List"
"REAMER, ULNA 4.5MM","PacuWmSup119221","CDM","272","RC","","","","","facility","both","","","","1413.24","1413.24","","","","","","","","","","","","","Gross Charge Type: Main Acute Price List"
"REAMER, ULNA 5.5MM","AngiWmSup119222","CDM","272","RC","","","","","facility","both","","","","1726","1726","","","","","","","","","","","","","Gross Charge Type: Main Acute Price List"
"REAMER, ULNA 5.5MM","OperWmSup119222","CDM","272","RC","","","","","facility","both","","","","1726","1726","","","","","","","","","","","","","Gross Charge Type: Main Acute Price List"
"REAMER,HEAD  IRRIGATOR/ASPIRATOR 14.5MM ST","ScanChSup64448","CDM","272","RC","","","","","facility","both","","","","7206.89","7206.89","","","","","","","","","","","","","Gross Charge Type: Main Acute Price List"
"REAMER,HOLLOW REAMER COMP 2.0MM SCREWS","GastChSup70124","CDM","272","RC","","","","","facility","both","","","","2068.01","2068.01","","","","","","","","","","","","","Gross Charge Type: Main Acute Price List"
"REAMER,HOLLOW REAMER COMPL 2.7MM SCREWS","ScorWmSup64807","CDM","272","RC","","","","","facility","both","","","","2068.01","2068.01","","","","","","","","","","","","","Gross Charge Type: Main Acute Price List"
"REAMER,SPARE TUBE FOR HOLLOW REAMER 309.250","PacuChSup73122","CDM","272","RC","","","","","facility","both","","","","1348.24","1348.24","","","","","","","","","","","","","Gross Charge Type: Main Acute Price List"
"REAMER,SPARE TUBE HOLLOW REAMER 309.038","ScorChSup64808","CDM","272","RC","","","","","facility","both","","","","2777.25","2777.25","","","","","","","","","","","","","Gross Charge Type: Main Acute Price List"
"RECHARGER, SPINAL CORD RESTORE ANTENNA","OperWmSup35240","CDM","272","RC","","","","","facility","both","","","","11873.5","11873.5","","","","","","","","","","","","","Gross Charge Type: Main Acute Price List"
"RECORDER, LOOP ASSERT IQ EL IMPLANTABLE","AngiChSup120992","CDM","278","RC","C1764","HCPCS","","","facility","both","","","","26642.97","26642.97","","","","","","","","","","","","","Gross Charge Type: Main Acute Price List"
"RECORDER, LOOP BIOMONITOR 3M","PacuChSup106904","CDM","278","RC","C1764","HCPCS","","","facility","both","","","","25870.9","25870.9","","","","","","","","","","","","","Gross Charge Type: Main Acute Price List"
"RECORDER, LOOP BIOMONITOR 3M","PacuWmSup106904","CDM","278","RC","C1764","HCPCS","","","facility","both","","","","25870.9","25870.9","","","","","","","","","","","","","Gross Charge Type: Main Acute Price List"
"RECORDER, LOOP CONFIRM RX IMPLANTABLE","CLDRChSup73592","CDM","272","RC","C1764","HCPCS","","","facility","both","","","","28334.8","28334.8","","","","","","","","","","","","","Gross Charge Type: Main Acute Price List"
"RECORDER, LOOP CONFIRM RX IMPLANTABLE","PacuWmSup73592","CDM","272","RC","C1764","HCPCS","","","facility","both","","","","28334.8","28334.8","","","","","","","","","","","","","Gross Charge Type: Main Acute Price List"
"RECORDER, LOOP LUX DX CARDIAC","ScorChSup110081","CDM","272","RC","C1764","HCPCS","","","facility","both","","","","28950.77","28950.77","","","","","","","","","","","","","Gross Charge Type: Main Acute Price List"
"RECORDER, LOOP REVEL LINQ IMPLANTABLE","ScpuChSup57171","CDM","278","RC","C1764","HCPCS","","","facility","both","","","","29843.93","29843.93","","","","","","","","","","","","","Gross Charge Type: Main Acute Price List"
"REDUCER, XI 8MM","GastWmSup62828","CDM","272","RC","","","","","facility","both","","","","162.21","162.21","","","","","","","","","","","","","Gross Charge Type: Main Acute Price List"
"REFILL, GC FUJI IX FAST CAPSULE A2","CcthChSup67860","CDM","272","RC","","","","","facility","both","","","","33.59","33.59","","","","","","","","","","","","","Gross Charge Type: Main Acute Price List"
"RELOAD, ARTICULATING ENDO GIA TRISTAPLE EXTRA/THICK REINFORCED 45MM","GyscChSup63646","CDM","272","RC","","","","","facility","both","","","","2307.56","2307.56","","","","","","","","","","","","","Gross Charge Type: Main Acute Price List"
"RELOAD, ARTICULATING ENDO GIA TRISTAPLE EXTRA/THICK REINFORCED 60MM","PacuWmSup63647","CDM","272","RC","","","","","facility","both","","","","2822.88","2822.88","","","","","","","","","","","","","Gross Charge Type: Main Acute Price List"
"RELOAD, ARTICULATING ENDO GIA TRISTAPLE MED/THICK REINFORCED 45MM","Wilm3163644","CDM","272","RC","","","","","facility","both","","","","2119.99","2119.99","","","","","","","","","","","","","Gross Charge Type: Main Acute Price List"
"RELOAD, DST SERIES GIA 100MM - 4.8MM LOADING UNIT","ScpuChSup106284","CDM","270","RC","","","","","facility","both","","","","621.34","621.34","","","","","","","","","","","","","Gross Charge Type: Main Acute Price List"
"RELOAD, ECHELON WHITE 60MM","ScorWmSup29900","CDM","270","RC","","","","","facility","both","","","","5045.77","5045.77","","","","","","","","","","","","","Gross Charge Type: Main Acute Price List"
"RELOAD, ENDO GIA 45MM CURVE TIP ART MED/THCK PURPLE","GyscChSup53560","CDM","272","RC","","","","","facility","both","","","","1298.17","1298.17","","","","","","","","","","","","","Gross Charge Type: Main Acute Price List"
"RELOAD, ENDO GIA 45MM TRISTAPLE ARTICULATING MED BLACK","OperWmSup106281","CDM","270","RC","","","","","facility","both","","","","954.76","954.76","","","","","","","","","","","","","Gross Charge Type: Main Acute Price List"
"RELOAD, ENDO GIA ARTICULATE TRI-STAPLE 60MM EXTRA/THCK","CcthChSup53559","CDM","272","RC","","","","","facility","both","","","","1740.19","1740.19","","","","","","","","","","","","","Gross Charge Type: Main Acute Price List"
"RELOAD, ENDO GIA ARTICULATE TRI-STAPLE 60MM MED/THCK","Wilm5453557","CDM","272","RC","","","","","facility","both","","","","1231.94","1231.94","","","","","","","","","","","","","Gross Charge Type: Main Acute Price List"
"RELOAD, ENDO GIA ROT VASCULAR MED TAN 45","ScanChSup52027","CDM","272","RC","","","","","facility","both","","","","1249.51","1249.51","","","","","","","","","","","","","Gross Charge Type: Main Acute Price List"
"RELOAD, GIA 60-3.8","PacuChSup86349","CDM","270","RC","","","","","facility","both","","","","311.52","311.52","","","","","","","","","","","","","Gross Charge Type: Main Acute Price List"
"RELOAD, GIA 80MM - 3.8MM","EplbChSup97570","CDM","270","RC","","","","","facility","both","","","","388.37","388.37","","","","","","","","","","","","","Gross Charge Type: Main Acute Price List"
"RELOAD, SIGNIA TRI-STAPLE 2.0 RADIAL EXTRA THICK","AngiWmSup106294","CDM","270","RC","","","","","facility","both","","","","2606.93","2606.93","","","","","","","","","","","","","Gross Charge Type: Main Acute Price List"
"RELOAD, SIGNIA TRI-STAPLE 2.0 RADIAL EXTRA THICK","ScorWmSup106294","CDM","270","RC","","","","","facility","both","","","","2606.93","2606.93","","","","","","","","","","","","","Gross Charge Type: Main Acute Price List"
"RELOAD, SIGNIA VASCULAR SM DIA CURVED TIP 30MM","AngiWmSup107508","CDM","270","RC","","","","","facility","both","","","","3233.86","3233.86","","","","","","","","","","","","","Gross Charge Type: Main Acute Price List"
"RELOAD, SUREFORM 45 BLIE","ScanWmSup113599","CDM","272","RC","","","","","facility","both","","","","1158.39","1158.39","","","","","","","","","","","","","Gross Charge Type: Main Acute Price List"
"RELOAD, SUREFORM 45 BLIE","ScpuChSup113599","CDM","272","RC","","","","","facility","both","","","","1158.39","1158.39","","","","","","","","","","","","","Gross Charge Type: Main Acute Price List"
"RELOAD, SUREFORM 45 GREEN","AngiWmSup106882","CDM","270","RC","","","","","facility","both","","","","1231.94","1231.94","","","","","","","","","","","","","Gross Charge Type: Main Acute Price List"
"RELOAD, TA 30-3.5","PacuWmSup86330","CDM","270","RC","","","","","facility","both","","","","205.84","205.84","","","","","","","","","","","","","Gross Charge Type: Main Acute Price List"
"RELOAD, TA 30-3.5","ScanChSup86330","CDM","270","RC","","","","","facility","both","","","","205.84","205.84","","","","","","","","","","","","","Gross Charge Type: Main Acute Price List"
"RELOAD, TA 90-4.8","Chrs5425506","CDM","270","RC","","","","","facility","both","","","","227.33","227.33","","","","","","","","","","","","","Gross Charge Type: Main Acute Price List"
"RELOAD, TA45 4.8MM","AngiChSup26274","CDM","272","RC","","","","","facility","both","","","","296.83","296.83","","","","","","","","","","","","","Gross Charge Type: Main Acute Price List"
"RELOAD, UNIT CUTTER PROXMT","EplbChSup29724","CDM","270","RC","","","","","facility","both","","","","1809","1809","","","","","","","","","","","","","Gross Charge Type: Main Acute Price List"
"RELOAD,ECHELON FLEX POWER PLUS BLUE 60MM","PacuChSup66116","CDM","270","RC","","","","","facility","both","","","","5045.65","5045.65","","","","","","","","","","","","","Gross Charge Type: Main Acute Price List"
"RELOAD,POWERED VASCULAR THIN TISS WHITE 45","CspuChSup72373","CDM","272","RC","","","","","facility","both","","","","4962.69","4962.69","","","","","","","","","","","","","Gross Charge Type: Main Acute Price List"
"RELOAD,POWERED VASCULAR THIN TISS WHITE 45","GastChSup72373","CDM","272","RC","","","","","facility","both","","","","4962.69","4962.69","","","","","","","","","","","","","Gross Charge Type: Main Acute Price List"
"REMV,INTERN DWEL URET STENT,RS&I,PER GLP","AngiWm1597","CDM","361","RC","50384","HCPCS","","","facility","both","","","","3061.81","3061.81","","","","","","","","","","","","","Gross Charge Type: Main Acute Price List"
"REMV,INTERN DWEL URET STENT,RS&I,PER GLP","ChrsXR1595","CDM","361","RC","50384","HCPCS","","","facility","both","","","","3061.81","3061.81","","","","","","","","","","","","","Gross Charge Type: Main Acute Price List"
"REMV,INTERN DWEL URET STENT,RS&I,PER GLP","Midd541595","CDM","361","RC","50384","HCPCS","","","facility","both","","","","3061.81","3061.81","","","","","","","","","","","","","Gross Charge Type: Main Acute Price List"
"REPAIR,SIMP,SUPF WOUND,SCALP,,=<2.5CM GLP","Ccvh392245","CDM","361","RC","12001","HCPCS","","","facility","both","","","","266.14","266.14","","","","","","","","","","","","","Gross Charge Type: Main Acute Price List"
"REPLACE,COM,TUNN CVC,W PORT,1 ACCESS GLB","IrraWm9608","CDM","361","RC","36582","HCPCS","","","facility","both","","","","3406.36","3406.36","","","","","","","","","","","","","Gross Charge Type: Main Acute Price List"
"REPLACE,EXT TRANSNEP URET STENT,RS&I GLP","CcicCT1600","CDM","361","RC","50387","HCPCS","","","facility","both","","","","1940.8","1940.8","","","","","","","","","","","","","Gross Charge Type: Main Acute Price List"
"REPLACEMENT,EXTERNALLY ACC TRANSNEPHRIC URETERAL STENT,FLUORO/RS&I BL NR","AngiWm4613","CDM","361","RC","50387","HCPCS","","","facility","both","","","","3880.91","3880.91","","","","","","","","","","","","","Gross Charge Type: Main Acute Price List"
"REPLACEMENT,EXTERNALLY ACC TRANSNEPHRIC URETERAL STENT,FLUORO/RS&I BL NR","ChrsCT4623","CDM","361","RC","50387","HCPCS","","","facility","both","","","","3880.91","3880.91","","","","","","","","","","","","","Gross Charge Type: Main Acute Price List"
"RESECTOR, CURVED NORMAL BLADE 4.5MM WL 460MM FOR SINGLE USE","AngiChSup78981","CDM","270","RC","","","","","facility","both","","","","2453.4","2453.4","","","","","","","","","","","","","Gross Charge Type: Main Acute Price List"
"RESECTOR, CURVED NORMAL BLADE 4.5MM WL 460MM FOR SINGLE USE","ScpuWmSup78981","CDM","270","RC","","","","","facility","both","","","","2453.4","2453.4","","","","","","","","","","","","","Gross Charge Type: Main Acute Price List"
"RESECTOR, STRAIGHT 5.5MM WL 460MM FOR SINGLE USE","OperWmSup78982","CDM","272","RC","","","","","facility","both","","","","2609.19","2609.19","","","","","","","","","","","","","Gross Charge Type: Main Acute Price List"
"RESERVOIR CL 75CC","PacuChSup69218","CDM","278","RC","C1813","HCPCS","","","facility","both","","","","14740.51","14740.51","","","","","","","","","","","","","Gross Charge Type: Main Acute Price List"
"RESERVOIR, CARDIO BRAT-2 FILTER","Ccsp47998","CDM","270","RC","","","","","facility","both","","","","369.59","369.59","","","","","","","","","","","","","Gross Charge Type: Main Acute Price List"
"RESERVOIR, CARDIO BRAT-2 FILTER","WilmMR998","CDM","270","RC","","","","","facility","both","","","","369.59","369.59","","","","","","","","","","","","","Gross Charge Type: Main Acute Price List"
"RESERVOIR, CSF OMMAYA S/IN 1.5","Chrs5492643","CDM","270","RC","","","","","facility","both","","","","2826.4","2826.4","","","","","","","","","","","","","Gross Charge Type: Main Acute Price List"
"RESERVOIR, PENILE 700 100ML","OperChSup54077","CDM","278","RC","C1813","HCPCS","","","facility","both","","","","16014.74","16014.74","","","","","","","","","","","","","Gross Charge Type: Main Acute Price List"
"RESERVOIR, PENILE 700 100ML","ScanChSup54077","CDM","278","RC","C1813","HCPCS","","","facility","both","","","","16014.74","16014.74","","","","","","","","","","","","","Gross Charge Type: Main Acute Price List"
"RESERVOIR, VENTRICULOSTOMY RICKHAM 6MM","GastChSup45237","CDM","278","RC","C1889","HCPCS","","","facility","both","","","","2244.21","2244.21","","","","","","","","","","","","","Gross Charge Type: Main Acute Price List"
"RESEVOIR, 700 ULT PL 65ML","ScanWmSup4658","CDM","278","RC","C1813","HCPCS","","","facility","both","","","","4281.02","4281.02","","","","","","","","","","","","","Gross Charge Type: Main Acute Price List"
"RESTRICTOR, CEMENT BIOSTOP G SZ 12MM - 28391","ScanChSup28391","CDM","278","RC","C1776","HCPCS","","","facility","both","","","","632.48","632.48","","","","","","","","","","","","","Gross Charge Type: Main Acute Price List"
"RESTRICTOR, TOTAL ELBOW CEMENT WITH NOZZLE","ScorWmSup72975","CDM","278","RC","C1776","HCPCS","","","facility","both","","","","1216.02","1216.02","","","","","","","","","","","","","Gross Charge Type: Main Acute Price List"
"RETRACTOR, CAPSULE","CspuChSup57137","CDM","272","RC","","","","","facility","both","","","","675.73","675.73","","","","","","","","","","","","","Gross Charge Type: Main Acute Price List"
"RETRACTOR, LIGHT SOURCE","GyscChSup70969","CDM","272","RC","","","","","facility","both","","","","1119.12","1119.12","","","","","","","","","","","","","Gross Charge Type: Main Acute Price List"
"RETRACTOR, WOUND ALEXIS XXLARGE","GastChSup64058","CDM","272","RC","","","","","facility","both","","","","1062.56","1062.56","","","","","","","","","","","","","Gross Charge Type: Main Acute Price List"
"RETRACTOR, WOUND ALEXIS XXLARGE","ScorWmSup64058","CDM","272","RC","","","","","facility","both","","","","1062.56","1062.56","","","","","","","","","","","","","Gross Charge Type: Main Acute Price List"
"RETRIEVAL INDY OTW W/8FR 55CM FLEXOR SHEATH 40MM","ScorWmSup10194391","CDM","272","RC","C1773","HCPCS","","","facility","both","","","","3603.28","3603.28","","","","","","","","","","","","","Gross Charge Type: Main Acute Price List"
"RETRIEVER, 3 TREVO NXT PRO VUE  4 X 41","OperChSup107177","CDM","272","RC","C1757","HCPCS","","","facility","both","","","","51659.26","51659.26","","","","","","","","","","","","","Gross Charge Type: Main Acute Price List"
"RETRIEVER, DAKOTA 1.9F 11MM X 120CM NITINOL STONE","ScpuChSup117570","CDM","272","RC","C1757","HCPCS","","","facility","both","","","","1222.4","1222.4","","","","","","","","","","","","","Gross Charge Type: Main Acute Price List"
"RETRIEVER, TREVO NXT 3MM X 32MM","CcthChSup107906","CDM","272","RC","","","","","facility","both","","","","51659.26","51659.26","","","","","","","","","","","","","Gross Charge Type: Main Acute Price List"
"RETRIEVER, TREVO NXT 3MM X 32MM","PacuWmSup107906","CDM","272","RC","","","","","facility","both","","","","51659.26","51659.26","","","","","","","","","","","","","Gross Charge Type: Main Acute Price List"
"RETRIEVER,STENT EMBOTRAP II REVASCULAR 3X5X33","PacuChSup75519","CDM","272","RC","","","","","facility","both","","","","36199.69","36199.69","","","","","","","","","","","","","Gross Charge Type: Main Acute Price List"
"REVASC, ENDOV, INIT, IVT, ANGIO, COMPLEX, LT","IRRACh37256LT","CDM","361","RC","37256","HCPCS","","","facility","both","","","LT","12273.08","12273.08","","","","","","","","","","","","","Gross Charge Type: Main Acute Price List | The modified price is presented in the standard charge value. | Modifier LT: Left side (used to identify procedures performed on the left side of the body)"
"REVASC, ENDOV, INIT, IVT, ANGIO, STRGHTFWD, EACH ADDTL VESSEL","IRRAWm37255","CDM","361","RC","37255","HCPCS","","","facility","both","","","","3213.46","3213.46","","","","","","","","","","","","","Gross Charge Type: Main Acute Price List"
"REVASC, ENDOV, INIT, IVT, STENT, COMPLEX, RT","AngiCh37260RT","CDM","361","RC","37260","HCPCS","","","facility","both","","","RT","18644.8","18644.8","","","","","","","","","","","","","Gross Charge Type: Main Acute Price List | The modified price is presented in the standard charge value. | Modifier RT: Right side (used to identify procedures performed on the right side of the body)"
"REVASC, ENDOV, INIT,FEM/POPLIT, ANGIO, COMPLEX, LT","AngiCh37265LT","CDM","361","RC","37265","HCPCS","","","facility","both","","","LT","14941.44","14941.44","","","","","","","","","","","","","Gross Charge Type: Main Acute Price List | The modified price is presented in the standard charge value. | Modifier LT: Left side (used to identify procedures performed on the left side of the body)"
"REVASC, ENDOV, INIT,FEM/POPLIT, STENT, COMPLEX, RT","IRRACh37269RT","CDM","361","RC","37269","HCPCS","","","facility","both","","","RT","33491.21","33491.21","","","","","","","","","","","","","Gross Charge Type: Main Acute Price List | The modified price is presented in the standard charge value. | Modifier RT: Right side (used to identify procedures performed on the right side of the body)"
"REVASC, ENDOV, INIT,FEM/POPLIT, STENT, STRGHTFWD, BIL","IRRACh3726750","CDM","361","RC","37267","HCPCS","","","facility","both","","","50","66982.42","66982.42","","","","","","","","","","","","","Gross Charge Type: Main Acute Price List | The modified price is presented in the standard charge value. | Modifier 50: Bilateral Procedure"
"REVASC, ENDOV, INIT,FEM/POPLIT, STENT, STRGHTFWD, RT","CcthCh37267RT","CDM","361","RC","37267","HCPCS","","","facility","both","","","RT","33491.21","33491.21","","","","","","","","","","","","","Gross Charge Type: Main Acute Price List | The modified price is presented in the standard charge value. | Modifier RT: Right side (used to identify procedures performed on the right side of the body)"
"REVASC, ENDOV, INIT,FEM/POPLIT,ARTHRECT, COMPLEX, BIL","IRRACh3727350","CDM","361","RC","37273","HCPCS","","","facility","both","","","50","80482","80482","","","","","","","","","","","","","Gross Charge Type: Main Acute Price List | The modified price is presented in the standard charge value. | Modifier 50: Bilateral Procedure"
"REVASC,ENDOV,INIT,FEM/POPLIT,ARTHRECT,STENT,COMPLEX,LT","IRRACh37277LT","CDM","361","RC","37277","HCPCS","","","facility","both","","","LT","56621.44","56621.44","","","","","","","","","","","","","Gross Charge Type: Main Acute Price List | The modified price is presented in the standard charge value. | Modifier LT: Left side (used to identify procedures performed on the left side of the body)"
"REVASC,ENDOV,INIT,IMVT,ANGIO,COMPLEX,BIL","IRRAWm3729850","CDM","361","RC","37298","HCPCS","","","facility","both","","","50","43400.66","43400.66","","","","","","","","","","","","","Gross Charge Type: Main Acute Price List | The modified price is presented in the standard charge value. | Modifier 50: Bilateral Procedure"
"REVASC,ENDOV,INIT,TIB/PER,ANGIO,COMPLEX,BIL","AngiWm3728250","CDM","361","RC","37282","HCPCS","","","facility","both","","","50","43400.66","43400.66","","","","","","","","","","","","","Gross Charge Type: Main Acute Price List | The modified price is presented in the standard charge value. | Modifier 50: Bilateral Procedure"
"REVASC,ENDOV,INIT,TIB/PER,ARTHRECT,STENT,COMPLEX,LT","IRRAWm37294LT","CDM","361","RC","37294","HCPCS","","","facility","both","","","LT","51639.1","51639.1","","","","","","","","","","","","","Gross Charge Type: Main Acute Price List | The modified price is presented in the standard charge value. | Modifier LT: Left side (used to identify procedures performed on the left side of the body)"
"REVASC,ENDOV,INIT,TIB/PER,ARTHRECT,STENT,STRGHTFWD,LT","AngiCh37292LT","CDM","361","RC","37292","HCPCS","","","facility","both","","","LT","51639.1","51639.1","","","","","","","","","","","","","Gross Charge Type: Main Acute Price List | The modified price is presented in the standard charge value. | Modifier LT: Left side (used to identify procedures performed on the left side of the body)"
"REVASC,ENDOV,INT,TIB/PER,ARTHRCT,STENT,STRFWD,EA ADDTL VSSL","AngiWm37293","CDM","361","RC","37293","HCPCS","","","facility","both","","","","5116.53","5116.53","","","","","","","","","","","","","Gross Charge Type: Main Acute Price List"
"REVASCULARIZATION,TL,COR BYPASS GRAFT,ANY TX COMBO (DRUG-ELUT),SINGLE VESSEL,PERC","CcthCh2712","CDM","480","RC","92937","HCPCS","","","facility","both","","","","54215.88","54215.88","","","","","","","","","","","","","Gross Charge Type: Main Acute Price List"
"REVISION,TIPS GLB","IrraWm9552","CDM","361","RC","37183","HCPCS","","","facility","both","","","","22651.5","22651.5","","","","","","","","","","","","","Gross Charge Type: Main Acute Price List"
"RFNA, 9MMX480MM STANDARD BEND STERILE","OperChSup120256","CDM","278","RC","C1713","HCPCS","","","facility","both","","","","12634.45","12634.45","","","","","","","","","","","","","Gross Charge Type: Main Acute Price List"
"RFNA, 9MMX480MM STANDARD BEND STERILE","ScorChSup120256","CDM","278","RC","C1713","HCPCS","","","facility","both","","","","12634.45","12634.45","","","","","","","","","","","","","Gross Charge Type: Main Acute Price List"
"RHEUMATOID FACTOR","ChemCh1155","CDM","302","RC","86431","HCPCS","","","facility","both","","","","100.65","100.65","","","","","","","","","","","","","Gross Charge Type: Main Acute Price List"
"RING, 1/2 180MM","GyscChSup22700","CDM","272","RC","","","","","facility","both","","","","7227.72","7227.72","","","","","","","","","","","","","Gross Charge Type: Main Acute Price List"
"RING, 2/3 130MM SMART INNER DIA TSF","DelrChSup119091","CDM","272","RC","","","","","facility","both","","","","21024.78","21024.78","","","","","","","","","","","","","Gross Charge Type: Main Acute Price List"
"RING, 2/3 130MM SMART INNER DIA TSF","GastWmSup119091","CDM","272","RC","","","","","facility","both","","","","21024.78","21024.78","","","","","","","","","","","","","Gross Charge Type: Main Acute Price List"
"RING, 2/3 180MM","CspuChSup24559","CDM","272","RC","","","","","facility","both","","","","7798.8","7798.8","","","","","","","","","","","","","Gross Charge Type: Main Acute Price List"
"RING, 2/3 180MM","Wilm5424559","CDM","272","RC","","","","","facility","both","","","","7798.8","7798.8","","","","","","","","","","","","","Gross Charge Type: Main Acute Price List"
"RING, 2/3 205MM","ScpuWmSup26876","CDM","272","RC","","","","","facility","both","","","","7798.8","7798.8","","","","","","","","","","","","","Gross Charge Type: Main Acute Price List"
"RING, ADAPT CONVEX BARRIER 20MM OPENING","ScanWmSup32997","CDM","270","RC","","","","","facility","both","","","","6.41","6.41","","","","","","","","","","","","","Gross Charge Type: Main Acute Price List"
"RING, ADAPT CONVEX BARRIER 30MM OPENING","AnesWmSup32998","CDM","270","RC","","","","","facility","both","","","","6.41","6.41","","","","","","","","","","","","","Gross Charge Type: Main Acute Price List"
"RING, ANNULOPLASTY CE PHYSIO 26MM","OperWmSup36172","CDM","278","RC","C1889","HCPCS","","","facility","both","","","","11172.67","11172.67","","","","","","","","","","","","","Gross Charge Type: Main Acute Price List"
"RING, ANNULOPLASTY CE PHYSIO 28MM","ScpuChSup36173","CDM","278","RC","C1889","HCPCS","","","facility","both","","","","11172.67","11172.67","","","","","","","","","","","","","Gross Charge Type: Main Acute Price List"
"RING, ANNULOPLASTY CE PHYSIO 30MM","AngiWmSup36174","CDM","278","RC","C1889","HCPCS","","","facility","both","","","","11172.67","11172.67","","","","","","","","","","","","","Gross Charge Type: Main Acute Price List"
"RING, ANNULOPLASTY CE PHYSIO 36MM","GyscChSup36177","CDM","278","RC","C1889","HCPCS","","","facility","both","","","","11172.67","11172.67","","","","","","","","","","","","","Gross Charge Type: Main Acute Price List"
"RING, ANNULOPLASTY IMR ETLOGIX 24MM","PacuChSup32575","CDM","278","RC","C1889","HCPCS","","","facility","both","","","","13657.42","13657.42","","","","","","","","","","","","","Gross Charge Type: Main Acute Price List"
"RING, ANNULOPLASTY IMR ETLOGIX 30MM","ScpuWmSup32578","CDM","278","RC","C1889","HCPCS","","","facility","both","","","","13657.42","13657.42","","","","","","","","","","","","","Gross Charge Type: Main Acute Price List"
"RING, ANNULOPLASTY MODEL 4200 26MM","ScorChSup29703","CDM","278","RC","C1889","HCPCS","","","facility","both","","","","17375.85","17375.85","","","","","","","","","","","","","Gross Charge Type: Main Acute Price List"
"RING, ANNULOPLASTY MODEL 4200 30MM","AngiChSup29705","CDM","278","RC","C1889","HCPCS","","","facility","both","","","","17375.85","17375.85","","","","","","","","","","","","","Gross Charge Type: Main Acute Price List"
"RING, ANNULOPLASTY PHYSIO II MITRAL 24MM","EplbChSup54670","CDM","278","RC","C1889","HCPCS","","","facility","both","","","","12527.99","12527.99","","","","","","","","","","","","","Gross Charge Type: Main Acute Price List"
"RING, ANNULOPLASTY PHYSIO II MITRAL 28MM","Chrs5454672","CDM","278","RC","C1889","HCPCS","","","facility","both","","","","13323.51","13323.51","","","","","","","","","","","","","Gross Charge Type: Main Acute Price List"
"RING, ANNULOPLASTY PHYSIO II MITRAL 28MM","ScorChSup54672","CDM","278","RC","C1889","HCPCS","","","facility","both","","","","13323.51","13323.51","","","","","","","","","","","","","Gross Charge Type: Main Acute Price List"
"RING, ANNULOPLASTY PHYSIO II MITRAL 28MM","ScpuWmSup54672","CDM","278","RC","C1889","HCPCS","","","facility","both","","","","13323.51","13323.51","","","","","","","","","","","","","Gross Charge Type: Main Acute Price List"
"RING, ANNULOPLASTY TRICUSPID CE PHYSIO 26MM","AnesWmSup60972","CDM","278","RC","C1889","HCPCS","","","facility","both","","","","13257.77","13257.77","","","","","","","","","","","","","Gross Charge Type: Main Acute Price List"
"RING, ANNULOPLASTY TRICUSPID CE PHYSIO 32MM","ScorChSup60975","CDM","278","RC","C1889","HCPCS","","","facility","both","","","","13257.77","13257.77","","","","","","","","","","","","","Gross Charge Type: Main Acute Price List"
"RING, ANNULOPLASTY TRICUSPID CE PHYSIO 34MM","GyscChSup60976","CDM","278","RC","C1889","HCPCS","","","facility","both","","","","13257.77","13257.77","","","","","","","","","","","","","Gross Charge Type: Main Acute Price List"
"RING, ANNULOPLASTY TRICUSPID CE PHYSIO 36MM","GastChSup60977","CDM","278","RC","C1889","HCPCS","","","facility","both","","","","13257.77","13257.77","","","","","","","","","","","","","Gross Charge Type: Main Acute Price List"
"RING, ANNULOPLASTY TRICUSPID MC3 26MM","PacuChSup31964","CDM","278","RC","C1889","HCPCS","","","facility","both","","","","13657.42","13657.42","","","","","","","","","","","","","Gross Charge Type: Main Acute Price List"
"RING, ANNULOPLASTY TRICUSPID MC3 30MM","GastChSup31966","CDM","278","RC","C1889","HCPCS","","","facility","both","","","","14524.66","14524.66","","","","","","","","","","","","","Gross Charge Type: Main Acute Price List"
"RING, ANNULOPLASTY TRICUSPID MC3 34MM","ScanChSup31968","CDM","278","RC","C1889","HCPCS","","","facility","both","","","","14524.66","14524.66","","","","","","","","","","","","","Gross Charge Type: Main Acute Price List"
"RING, ANNUOPLASTY COSGROVE MITRAL SIZE 38","DelrChSup71579","CDM","278","RC","C1889","HCPCS","","","facility","both","","","","9620.43","9620.43","","","","","","","","","","","","","Gross Charge Type: Main Acute Price List"
"RING, ANNUOPLASTY COSGROVE MITRAL SIZE 38","GyscChSup71579","CDM","278","RC","C1889","HCPCS","","","facility","both","","","","9620.43","9620.43","","","","","","","","","","","","","Gross Charge Type: Main Acute Price List"
"RING, ANNUOPLASTY COSGROVE MITRAL SIZE 38","OperWmSup71579","CDM","278","RC","C1889","HCPCS","","","facility","both","","","","9620.43","9620.43","","","","","","","","","","","","","Gross Charge Type: Main Acute Price List"
"RING, ANNUOPLASTY COSGROVE SIZE 28","ScanChSup202598","CDM","270","RC","","","","","facility","both","","","","9620.43","9620.43","","","","","","","","","","","","","Gross Charge Type: Main Acute Price List"
"RING, ANNUOPLASTY COSGROVE SIZE 30","OperChSup202599","CDM","270","RC","","","","","facility","both","","","","10231.33","10231.33","","","","","","","","","","","","","Gross Charge Type: Main Acute Price List"
"RING, ANNUOPLASTY COSGROVE SIZE 32","OperChSup202600","CDM","270","RC","","","","","facility","both","","","","10231.33","10231.33","","","","","","","","","","","","","Gross Charge Type: Main Acute Price List"
"RING, ANNUOPLASTY COSGROVE SIZE 36MM","AngiWmSup42653","CDM","278","RC","C1889","HCPCS","","","facility","both","","","","9620.43","9620.43","","","","","","","","","","","","","Gross Charge Type: Main Acute Price List"
"RING, ANNUOPLASTY COSGROVE SIZE 36MM","CcthChSup42653","CDM","278","RC","C1889","HCPCS","","","facility","both","","","","9620.43","9620.43","","","","","","","","","","","","","Gross Charge Type: Main Acute Price List"
"RING, ANNUOPLASTY COSGROVE SIZE 36MM","Chrs5442653","CDM","278","RC","C1889","HCPCS","","","facility","both","","","","9620.43","9620.43","","","","","","","","","","","","","Gross Charge Type: Main Acute Price List"
"RING, DURAN ANCORE FLEX 25MM","CspuChSup24651","CDM","278","RC","C1776","HCPCS","","","facility","both","","","","6371.14","6371.14","","","","","","","","","","","","","Gross Charge Type: Main Acute Price List"
"RING, DURAN ANCORE FLEX 29MM","EplbChSup27444","CDM","278","RC","C1776","HCPCS","","","facility","both","","","","6371.14","6371.14","","","","","","","","","","","","","Gross Charge Type: Main Acute Price List"
"RING, DURAN ANCORE FLEX 31MM","GastChSup26232","CDM","278","RC","C1776","HCPCS","","","facility","both","","","","6371.14","6371.14","","","","","","","","","","","","","Gross Charge Type: Main Acute Price List"
"RING, DURAN ANCORE FLEX 35MM","GyscChSup27446","CDM","278","RC","C1776","HCPCS","","","facility","both","","","","6371.14","6371.14","","","","","","","","","","","","","Gross Charge Type: Main Acute Price List"
"RING, FIXATOR 1/3 220MM","CspuChSup9144","CDM","270","RC","","","","","facility","both","","","","2058.98","2058.98","","","","","","","","","","","","","Gross Charge Type: Main Acute Price List"
"RING, FOOT COMPOSITE 160MM","GastChSup23502","CDM","272","RC","","","","","facility","both","","","","7738.97","7738.97","","","","","","","","","","","","","Gross Charge Type: Main Acute Price List"
"RING, FOOT HOFFMAN LRF CARBON FIBER LONG 180MM","ScorChSup55713","CDM","272","RC","","","","","facility","both","","","","10853.59","10853.59","","","","","","","","","","","","","Gross Charge Type: Main Acute Price List"
"RING, FOOT HOFFMAN LRF CARBON FIBER LONG 180MM","ScpuChSup55713","CDM","272","RC","","","","","facility","both","","","","10853.59","10853.59","","","","","","","","","","","","","Gross Charge Type: Main Acute Price List"
"RING, FOOT HOFFMAN LRF CARBON FIBER LONG 180MM","ScpuWmSup55713","CDM","272","RC","","","","","facility","both","","","","10853.59","10853.59","","","","","","","","","","","","","Gross Charge Type: Main Acute Price List"
"RING, FOOT HOFFMAN LRF CARBON FIBER SHORT 155MM","ScanWmSup55718","CDM","272","RC","","","","","facility","both","","","","10508.92","10508.92","","","","","","","","","","","","","Gross Charge Type: Main Acute Price List"
"RING, FOOT HOFFMAN LRF CARBON FIBER SHORT 180MM","GastChSup55719","CDM","272","RC","","","","","facility","both","","","","10508.92","10508.92","","","","","","","","","","","","","Gross Charge Type: Main Acute Price List"
"RING, FOOT HOFFMAN LRF CARBON FIBER SHORT 180MM","OperChSup55719","CDM","272","RC","","","","","facility","both","","","","10508.92","10508.92","","","","","","","","","","","","","Gross Charge Type: Main Acute Price List"
"RING, FRAME TAYLOR SPATIAL 1/2 130MM","AngiChSup23763","CDM","272","RC","","","","","facility","both","","","","9571.26","9571.26","","","","","","","","","","","","","Gross Charge Type: Main Acute Price List"
"RING, FRAME TAYLOR SPATIAL 155MM 2/3","OperChSup23762","CDM","272","RC","","","","","facility","both","","","","7798.8","7798.8","","","","","","","","","","","","","Gross Charge Type: Main Acute Price List"
"RING, FRAME TAYLOR SPATIAL FULL 180MM","AngiWmSup23780","CDM","272","RC","","","","","facility","both","","","","9570.16","9570.16","","","","","","","","","","","","","Gross Charge Type: Main Acute Price List"
"RING, FRAME TAYLOR SPATIAL FULL 180MM","CspuChSup23780","CDM","272","RC","","","","","facility","both","","","","9570.16","9570.16","","","","","","","","","","","","","Gross Charge Type: Main Acute Price List"
"RING, FRAME TAYLOR SPATIAL W/HOLES 2/3 180MM","Chrs3132075","CDM","272","RC","","","","","facility","both","","","","9599.35","9599.35","","","","","","","","","","","","","Gross Charge Type: Main Acute Price List"
"RING, FULL 130MM 7 HOLE MASTER TAB","GastWmSup74134","CDM","272","RC","","","","","facility","both","","","","9850.78","9850.78","","","","","","","","","","","","","Gross Charge Type: Main Acute Price List"
"RING, FULL 130MM 7 HOLE MASTER TAB","ScorChSup74134","CDM","272","RC","","","","","facility","both","","","","9850.78","9850.78","","","","","","","","","","","","","Gross Charge Type: Main Acute Price List"
"RING, FULL 130MM","AnesChSup25344","CDM","272","RC","","","","","facility","both","","","","8944.05","8944.05","","","","","","","","","","","","","Gross Charge Type: Main Acute Price List"
"RING, FULL 130MM","ScpuWmSup25344","CDM","272","RC","","","","","facility","both","","","","8944.05","8944.05","","","","","","","","","","","","","Gross Charge Type: Main Acute Price List"
"RING, FULL 180MM","ScpuWmSup61473","CDM","272","RC","","","","","facility","both","","","","10540.3","10540.3","","","","","","","","","","","","","Gross Charge Type: Main Acute Price List"
"RING, FULL 230MM - 27169","AnesChSup27169","CDM","272","RC","","","","","facility","both","","","","5618.19","5618.19","","","","","","","","","","","","","Gross Charge Type: Main Acute Price List"
"RING, FULL CARBON 155MM","GastChSup64582","CDM","272","RC","","","","","facility","both","","","","9013.9","9013.9","","","","","","","","","","","","","Gross Charge Type: Main Acute Price List"
"RING, FULL CARBON 210MM","OperWmSup66389","CDM","272","RC","","","","","facility","both","","","","10402.57","10402.57","","","","","","","","","","","","","Gross Charge Type: Main Acute Price List"
"RING, FUTURE BAND 32MM","AngiWmSup21584","CDM","278","RC","C1889","HCPCS","","","facility","both","","","","10425.51","10425.51","","","","","","","","","","","","","Gross Charge Type: Main Acute Price List"
"RING, FUTURE BAND 32MM","ScpuWmSup21584","CDM","278","RC","C1889","HCPCS","","","facility","both","","","","10425.51","10425.51","","","","","","","","","","","","","Gross Charge Type: Main Acute Price List"
"RING, HALF TI 180MM DIAM","ScorChSup73481","CDM","272","RC","","","","","facility","both","","","","4083.36","4083.36","","","","","","","","","","","","","Gross Charge Type: Main Acute Price List"
"RING, HALF TI 180MM DIAM","ScpuChSup73481","CDM","272","RC","","","","","facility","both","","","","4083.36","4083.36","","","","","","","","","","","","","Gross Charge Type: Main Acute Price List"
"RING, HOFFMAN LRF FULL 155MM","PacuChSup71080","CDM","272","RC","","","","","facility","both","","","","6721.33","6721.33","","","","","","","","","","","","","Gross Charge Type: Main Acute Price List"
"RING, MALYUGIN 2.0 7.0MM","CspuChSup67478","CDM","272","RC","","","","","facility","both","","","","846.96","846.96","","","","","","","","","","","","","Gross Charge Type: Main Acute Price List"
"RING, MALYUGIN SIZE 7","CcthChSup41264","CDM","272","RC","","","","","facility","both","","","","846.96","846.96","","","","","","","","","","","","","Gross Charge Type: Main Acute Price List"
"RING, MAXFRAME 5/8 ALUMINUM 180MM","GastChSup72161","CDM","272","RC","","","","","facility","both","","","","8015.73","8015.73","","","","","","","","","","","","","Gross Charge Type: Main Acute Price List"
"RING, MAXFRAME 5/8 ALUMINUM 180MM","OperWmSup72161","CDM","272","RC","","","","","facility","both","","","","8015.73","8015.73","","","","","","","","","","","","","Gross Charge Type: Main Acute Price List"
"RING, MAXFRAME 5/8 ALUMINUM 180MM","PacuWmSup72161","CDM","272","RC","","","","","facility","both","","","","8015.73","8015.73","","","","","","","","","","","","","Gross Charge Type: Main Acute Price List"
"RING, MAXFRAME FOOTPLATE SHORT 150MM","ScpuChSup74199","CDM","272","RC","","","","","facility","both","","","","9290.17","9290.17","","","","","","","","","","","","","Gross Charge Type: Main Acute Price List"
"RING, MAXFRAME FOOTPLATE SHORT 180MM","AnesWmSup73800","CDM","272","RC","","","","","facility","both","","","","9290.17","9290.17","","","","","","","","","","","","","Gross Charge Type: Main Acute Price List"
"RING, MAXFRAME FOOTPLATE SHORT 180MM","GastChSup73800","CDM","272","RC","","","","","facility","both","","","","9290.17","9290.17","","","","","","","","","","","","","Gross Charge Type: Main Acute Price List"
"RING, MAXFRAME FULL ALUMINUM 150MM","ScpuChSup71542","CDM","272","RC","","","","","facility","both","","","","8398.44","8398.44","","","","","","","","","","","","","Gross Charge Type: Main Acute Price List"
"RING, MAXFRAME FULL ALUMINUM 180MM","Chrs5471878","CDM","272","RC","","","","","facility","both","","","","8398.44","8398.44","","","","","","","","","","","","","Gross Charge Type: Main Acute Price List"
"RING, MAXFRAME FULL ALUMINUM 210MM","CcthChSup106104","CDM","278","RC","C1713","HCPCS","","","facility","both","","","","7896.98","7896.98","","","","","","","","","","","","","Gross Charge Type: Main Acute Price List"
"RING, MAXFRAME FULL ALUMINUM 210MM","ScanWmSup106104","CDM","278","RC","C1713","HCPCS","","","facility","both","","","","7896.98","7896.98","","","","","","","","","","","","","Gross Charge Type: Main Acute Price List"
"RING, MAXFRAME FULL ALUMINUM 210MM","ScpuWmSup106104","CDM","278","RC","C1713","HCPCS","","","facility","both","","","","7896.98","7896.98","","","","","","","","","","","","","Gross Charge Type: Main Acute Price List"
"RING, MAXFRAME FULL ALUMINUM 240MM","ScpuChSup75302","CDM","278","RC","C1713","HCPCS","","","facility","both","","","","7896.98","7896.98","","","","","","","","","","","","","Gross Charge Type: Main Acute Price List"
"RING, MAXFRAME HALF ALUMINUM 210MM","ScanWmSup113818","CDM","278","RC","C1713","HCPCS","","","facility","both","","","","9581.51","9581.51","","","","","","","","","","","","","Gross Charge Type: Main Acute Price List"
"RING, REPLACEMENT RINGLOC+  SIZE 24","ScanChSup60521","CDM","278","RC","C1776","HCPCS","","","facility","both","","","","810.87","810.87","","","","","","","","","","","","","Gross Charge Type: Main Acute Price List"
"RING, REPLACEMENT RINGLOC+  SIZE 24","ScorWmSup60521","CDM","278","RC","C1776","HCPCS","","","facility","both","","","","810.87","810.87","","","","","","","","","","","","","Gross Charge Type: Main Acute Price List"
"RING, REPLACEMENT RINGLOC+  SIZE 24","ScpuChSup60521","CDM","278","RC","C1776","HCPCS","","","facility","both","","","","810.87","810.87","","","","","","","","","","","","","Gross Charge Type: Main Acute Price List"
"RING, RETRACTOR GYN/URO NO HOOKS","OperClSup73433","CDM","272","RC","","","","","facility","both","","","","415.6","415.6","","","","","","","","","","","","","Gross Charge Type: Main Acute Price List"
"RING, RETRACTOR GYN/URO NO HOOKS","ScpuWmSup73433","CDM","272","RC","","","","","facility","both","","","","415.6","415.6","","","","","","","","","","","","","Gross Charge Type: Main Acute Price List"
"RING, SALVATION UNIVERSAL 1/8","ScanChSup79398","CDM","272","RC","","","","","facility","both","","","","2768.55","2768.55","","","","","","","","","","","","","Gross Charge Type: Main Acute Price List"
"RING, SC POLY SZ 32 MM+4","ScorChSup10194951","CDM","278","RC","C1713","HCPCS","","","facility","both","","","","8760","8760","","","","","","","","","","","","","Gross Charge Type: Main Acute Price List"
"RING, SS 1/2"" 140MM","Chrs5425656","CDM","272","RC","","","","","facility","both","","","","6181.92","6181.92","","","","","","","","","","","","","Gross Charge Type: Main Acute Price List"
"RING, STABILEYES CAPSULAR TENSION 12MM","ScanWmSup41870","CDM","278","RC","C1889","HCPCS","","","facility","both","","","","1102.59","1102.59","","","","","","","","","","","","","Gross Charge Type: Main Acute Price List"
"RING, STABILEYES CAPSULAR TENSION 13MM","Chrs3141871","CDM","278","RC","C1889","HCPCS","","","facility","both","","","","1592.79","1592.79","","","","","","","","","","","","","Gross Charge Type: Main Acute Price List"
"RING, STABILEYES CAPSULAR TENSION 13MM","PacuChSup41871","CDM","278","RC","C1889","HCPCS","","","facility","both","","","","1592.79","1592.79","","","","","","","","","","","","","Gross Charge Type: Main Acute Price List"
"ROD LORDIC, 120MM VIPER2","GastWmSup119358","CDM","278","RC","C1713","HCPCS","","","facility","both","","","","1486.97","1486.97","","","","","","","","","","","","","Gross Charge Type: Main Acute Price List"
"ROD LORDIC, 120MM VIPER2","PacuChSup119358","CDM","278","RC","C1713","HCPCS","","","facility","both","","","","1486.97","1486.97","","","","","","","","","","","","","Gross Charge Type: Main Acute Price List"
"ROD TITANIUM 5.5X40MM","ScorChSup10180582","CDM","278","RC","C1713","HCPCS","","","facility","both","","","","804.75","804.75","","","","","","","","","","","","","Gross Charge Type: Main Acute Price List"
"ROD,  CONNECTING 4.0X200MM CARBON FIBER","GastWmSup114866","CDM","278","RC","C1713","HCPCS","","","facility","both","","","","285.96","285.96","","","","","","","","","","","","","Gross Charge Type: Main Acute Price List"
"ROD,  EVEREST BULLETED 5.5X130MM","CspuChSup111177","CDM","278","RC","C1713","HCPCS","","","facility","both","","","","1737.58","1737.58","","","","","","","","","","","","","Gross Charge Type: Main Acute Price List"
"ROD, 100MM INFINITY","EplbChSup114805","CDM","278","RC","C1713","HCPCS","","","facility","both","","","","723.69","723.69","","","","","","","","","","","","","Gross Charge Type: Main Acute Price List"
"ROD, 110MM COMPT","CcthChSup112878","CDM","278","RC","C1713","HCPCS","","","facility","both","","","","752.95","752.95","","","","","","","","","","","","","Gross Charge Type: Main Acute Price List"
"ROD, 110MM COMPT","GyscChSup112878","CDM","278","RC","C1713","HCPCS","","","facility","both","","","","752.95","752.95","","","","","","","","","","","","","Gross Charge Type: Main Acute Price List"
"ROD, 110MM COMPT","ScpuChSup112878","CDM","278","RC","C1713","HCPCS","","","facility","both","","","","752.95","752.95","","","","","","","","","","","","","Gross Charge Type: Main Acute Price List"
"ROD, 120MM","AnesWmSup36195","CDM","278","RC","C1713","HCPCS","","","facility","both","","","","868.79","868.79","","","","","","","","","","","","","Gross Charge Type: Main Acute Price List"
"ROD, 25CM","OperWmSup24704","CDM","278","RC","C1713","HCPCS","","","facility","both","","","","1158.39","1158.39","","","","","","","","","","","","","Gross Charge Type: Main Acute Price List"
"ROD, 3.0X120MM","PacuWmSup22642","CDM","278","RC","C1713","HCPCS","","","facility","both","","","","1995.33","1995.33","","","","","","","","","","","","","Gross Charge Type: Main Acute Price List"
"ROD, 3.0X200MM","OperWmSup22211","CDM","278","RC","C1713","HCPCS","","","facility","both","","","","2221.22","2221.22","","","","","","","","","","","","","Gross Charge Type: Main Acute Price List"
"ROD, 3.0X200MM","ScanWmSup22211","CDM","278","RC","C1713","HCPCS","","","facility","both","","","","2221.22","2221.22","","","","","","","","","","","","","Gross Charge Type: Main Acute Price List"
"ROD, 3.0X70MM","OperChSup22745","CDM","278","RC","C1713","HCPCS","","","facility","both","","","","1110.61","1110.61","","","","","","","","","","","","","Gross Charge Type: Main Acute Price List"
"ROD, 3.0X70MM","ScanWmSup22745","CDM","278","RC","C1713","HCPCS","","","facility","both","","","","1110.61","1110.61","","","","","","","","","","","","","Gross Charge Type: Main Acute Price List"
"ROD, 300MM","GyscChSup65397","CDM","278","RC","C1713","HCPCS","","","facility","both","","","","2316.78","2316.78","","","","","","","","","","","","","Gross Charge Type: Main Acute Price List"
"ROD, 35MM COMPT","ScanWmSup112394","CDM","278","RC","C1713","HCPCS","","","facility","both","","","","1231.94","1231.94","","","","","","","","","","","","","Gross Charge Type: Main Acute Price List"
"ROD, 3MM TRANS CONN HOOK","AngiChSup26907","CDM","278","RC","C1713","HCPCS","","","facility","both","","","","2032.97","2032.97","","","","","","","","","","","","","Gross Charge Type: Main Acute Price List"
"ROD, 4.0X240MM COCR","AnesChSup108856","CDM","278","RC","C1713","HCPCS","","","facility","both","","","","1385.94","1385.94","","","","","","","","","","","","","Gross Charge Type: Main Acute Price List"
"ROD, 40","ScanWmSup108219","CDM","278","RC","C1713","HCPCS","","","facility","both","","","","1158.39","1158.39","","","","","","","","","","","","","Gross Charge Type: Main Acute Price List"
"ROD, 400MM X6.0MM TL","GyscChSup119977","CDM","278","RC","C1713","HCPCS","","","facility","both","","","","1565.19","1565.19","","","","","","","","","","","","","Gross Charge Type: Main Acute Price List"
"ROD, 5.5 CCM NS CURVE 110MM","PacuWmSup106741","CDM","278","RC","C1713","HCPCS","","","facility","both","","","","752.95","752.95","","","","","","","","","","","","","Gross Charge Type: Main Acute Price List"
"ROD, 5.5 CCM NS CURVE 110MM","ScorChSup106741","CDM","278","RC","C1713","HCPCS","","","facility","both","","","","752.95","752.95","","","","","","","","","","","","","Gross Charge Type: Main Acute Price List"
"ROD, 5.5X35MM TI","EplbChSup110237","CDM","278","RC","C1713","HCPCS","","","facility","both","","","","868.79","868.79","","","","","","","","","","","","","Gross Charge Type: Main Acute Price List"
"ROD, 5.5X35MM TI","GastWmSup110237","CDM","278","RC","C1713","HCPCS","","","facility","both","","","","868.79","868.79","","","","","","","","","","","","","Gross Charge Type: Main Acute Price List"
"ROD, 5.5X40MM TI","DelrChSup113066","CDM","278","RC","C1713","HCPCS","","","facility","both","","","","868.79","868.79","","","","","","","","","","","","","Gross Charge Type: Main Acute Price List"
"ROD, 5.5X40MM TI","GastWmSup113066","CDM","278","RC","C1713","HCPCS","","","facility","both","","","","868.79","868.79","","","","","","","","","","","","","Gross Charge Type: Main Acute Price List"
"ROD, 5.5X60MM TI","OperChSup110264","CDM","278","RC","C1713","HCPCS","","","facility","both","","","","923.96","923.96","","","","","","","","","","","","","Gross Charge Type: Main Acute Price List"
"ROD, 500","AnesChSup113524","CDM","278","RC","C1713","HCPCS","","","facility","both","","","","752.95","752.95","","","","","","","","","","","","","Gross Charge Type: Main Acute Price List"
"ROD, 500","OperChSup113524","CDM","278","RC","C1713","HCPCS","","","facility","both","","","","752.95","752.95","","","","","","","","","","","","","Gross Charge Type: Main Acute Price List"
"ROD, 500MM","OperChSup113336","CDM","278","RC","C1713","HCPCS","","","facility","both","","","","752.95","752.95","","","","","","","","","","","","","Gross Charge Type: Main Acute Price List"
"ROD, 500MM","OperWmSup113336","CDM","278","RC","C1713","HCPCS","","","facility","both","","","","752.95","752.95","","","","","","","","","","","","","Gross Charge Type: Main Acute Price List"
"ROD, 6.0X85MM","PacuWmSup22985","CDM","278","RC","C1713","HCPCS","","","facility","both","","","","868.79","868.79","","","","","","","","","","","","","Gross Charge Type: Main Acute Price List"
"ROD, 6.35X10CM - 21703","ScpuWmSup21703","CDM","278","RC","C1713","HCPCS","","","facility","both","","","","868.79","868.79","","","","","","","","","","","","","Gross Charge Type: Main Acute Price List"
"ROD, 6.35X47CM - 24327","ScanChSup24327","CDM","278","RC","C1713","HCPCS","","","facility","both","","","","1737.58","1737.58","","","","","","","","","","","","","Gross Charge Type: Main Acute Price List"
"ROD, 60MM PREBENT","CcthChSup112338","CDM","278","RC","C1713","HCPCS","","","facility","both","","","","810.87","810.87","","","","","","","","","","","","","Gross Charge Type: Main Acute Price List"
"ROD, 60MM PREBENT","OperChSup112338","CDM","278","RC","C1713","HCPCS","","","facility","both","","","","810.87","810.87","","","","","","","","","","","","","Gross Charge Type: Main Acute Price List"
"ROD, 65MM","GastChSup65979","CDM","278","RC","C1713","HCPCS","","","facility","both","","","","868.79","868.79","","","","","","","","","","","","","Gross Charge Type: Main Acute Price List"
"ROD, 70MM PREBENT","DelrChSup112660","CDM","278","RC","C1713","HCPCS","","","facility","both","","","","862.37","862.37","","","","","","","","","","","","","Gross Charge Type: Main Acute Price List"
"ROD, 90MM","AnesChSup113406","CDM","278","RC","C1713","HCPCS","","","facility","both","","","","1013.59","1013.59","","","","","","","","","","","","","Gross Charge Type: Main Acute Price List"
"ROD, 90MM","OperWmSup113406","CDM","278","RC","C1713","HCPCS","","","facility","both","","","","1013.59","1013.59","","","","","","","","","","","","","Gross Charge Type: Main Acute Price List"
"ROD, ADJUSTABLE 3.5MM TI","PacuChSup70087","CDM","278","RC","C1713","HCPCS","","","facility","both","","","","3849.83","3849.83","","","","","","","","","","","","","Gross Charge Type: Main Acute Price List"
"ROD, ADJUSTABLE 3.5MM TI","ScorChSup70087","CDM","278","RC","C1713","HCPCS","","","facility","both","","","","3849.83","3849.83","","","","","","","","","","","","","Gross Charge Type: Main Acute Price List"
"ROD, ARRAY PRECURVED TI 40MM","PacuWmSup31251","CDM","278","RC","C1713","HCPCS","","","facility","both","","","","1447.99","1447.99","","","","","","","","","","","","","Gross Charge Type: Main Acute Price List"
"ROD, ARRAY PRECURVED TI 40MM","Wilm5431251","CDM","278","RC","C1713","HCPCS","","","facility","both","","","","1447.99","1447.99","","","","","","","","","","","","","Gross Charge Type: Main Acute Price List"
"ROD, AXIAL 3D 10X12X50MM","ScpuWmSup34324","CDM","278","RC","C1713","HCPCS","","","facility","both","","","","46306.64","46306.64","","","","","","","","","","","","","Gross Charge Type: Main Acute Price List"
"ROD, BALLAST CNMAS 10.5X90MM","GastWmSup114266","CDM","278","RC","C1713","HCPCS","","","facility","both","","","","11289.49","11289.49","","","","","","","","","","","","","Gross Charge Type: Main Acute Price List"
"ROD, BALLAST CNMAS 10.5X90MM","GyscChSup114266","CDM","278","RC","C1713","HCPCS","","","facility","both","","","","11289.49","11289.49","","","","","","","","","","","","","Gross Charge Type: Main Acute Price List"
"ROD, BALLAST CNMAS 10.5X90MM","ScpuWmSup114266","CDM","278","RC","C1713","HCPCS","","","facility","both","","","","11289.49","11289.49","","","","","","","","","","","","","Gross Charge Type: Main Acute Price List"
"ROD, BULLETED HEX 5.5X100 MM TI SERENGETI MI RODS CONTOURED","OperWmSup120284","CDM","278","RC","C1713","HCPCS","","","facility","both","","","","825.36","825.36","","","","","","","","","","","","","Gross Charge Type: Main Acute Price List"
"ROD, CARBON 200MM","ScorWmSup22348","CDM","278","RC","C1713","HCPCS","","","facility","both","","","","338.83","338.83","","","","","","","","","","","","","Gross Charge Type: Main Acute Price List"
"ROD, CARBON 250MM","ScanChSup22349","CDM","278","RC","C1713","HCPCS","","","facility","both","","","","955.67","955.67","","","","","","","","","","","","","Gross Charge Type: Main Acute Price List"
"ROD, CARBON CONNECTING 3 X 50 MM","ScorChSup45081","CDM","278","RC","C1713","HCPCS","","","facility","both","","","","384.36","384.36","","","","","","","","","","","","","Gross Charge Type: Main Acute Price List"
"ROD, CARBON CONNECTING 3 X 60 MM","CcthChSup45082","CDM","278","RC","C1713","HCPCS","","","facility","both","","","","384.36","384.36","","","","","","","","","","","","","Gross Charge Type: Main Acute Price List"
"ROD, CARBON CONNECTING 3 X 60 MM","GyscChSup45082","CDM","278","RC","C1713","HCPCS","","","facility","both","","","","384.36","384.36","","","","","","","","","","","","","Gross Charge Type: Main Acute Price List"
"ROD, CARBON FIBER  MRI CONNECTING HII 5X150MM","ScpuWmSup78105","CDM","278","RC","C1713","HCPCS","","","facility","both","","","","569.16","569.16","","","","","","","","","","","","","Gross Charge Type: Main Acute Price List"
"ROD, CARBON FIBER 11X600MM","AngiChSup113740","CDM","278","RC","C1713","HCPCS","","","facility","both","","","","1557.79","1557.79","","","","","","","","","","","","","Gross Charge Type: Main Acute Price List"
"ROD, CARBON FIBER 11X600MM","ScpuWmSup113740","CDM","278","RC","C1713","HCPCS","","","facility","both","","","","1557.79","1557.79","","","","","","","","","","","","","Gross Charge Type: Main Acute Price List"
"ROD, CARBON FIBER 4.0X140MM","AngiWmSup107602","CDM","278","RC","C1713","HCPCS","","","facility","both","","","","304.25","304.25","","","","","","","","","","","","","Gross Charge Type: Main Acute Price List"
"ROD, CARBON FIBER 4.0X140MM","GyscChSup107602","CDM","278","RC","C1713","HCPCS","","","facility","both","","","","304.25","304.25","","","","","","","","","","","","","Gross Charge Type: Main Acute Price List"
"ROD, CARBON FIBER CURVED 11.0MM","CspuChSup66309","CDM","278","RC","C1713","HCPCS","","","facility","both","","","","3531.38","3531.38","","","","","","","","","","","","","Gross Charge Type: Main Acute Price List"
"ROD, CARBON/PEEK STRAIGHT 6.0X90MM","OperWmSup10196564","CDM","278","RC","C1713","HCPCS","","","facility","both","","","","9402.4","9402.4","","","","","","","","","","","","","Gross Charge Type: Main Acute Price List"
"ROD, CC 500MM","ScanWmSup65690","CDM","278","RC","C1713","HCPCS","","","facility","both","","","","1911.34","1911.34","","","","","","","","","","","","","Gross Charge Type: Main Acute Price List"
"ROD, CDH STRAIGHT TI CP 5.5X 75MM","AnesWmSup78148","CDM","278","RC","C1713","HCPCS","","","facility","both","","","","752.95","752.95","","","","","","","","","","","","","Gross Charge Type: Main Acute Price List"
"ROD, CERVIFIX TI 3.5X80MM","OperWmSup200499","CDM","270","RC","","","","","facility","both","","","","1303.19","1303.19","","","","","","","","","","","","","Gross Charge Type: Main Acute Price List"
"ROD, CERVIFIX TI 3.5X80MM","PacuChSup200499","CDM","270","RC","","","","","facility","both","","","","1303.19","1303.19","","","","","","","","","","","","","Gross Charge Type: Main Acute Price List"
"ROD, CERVIFIX TI 3.5X80MM","ScpuChSup200499","CDM","270","RC","","","","","facility","both","","","","1303.19","1303.19","","","","","","","","","","","","","Gross Charge Type: Main Acute Price List"
"ROD, CERVIFIX TI 3.5X80MM","Wilm54200499","CDM","270","RC","","","","","facility","both","","","","1303.19","1303.19","","","","","","","","","","","","","Gross Charge Type: Main Acute Price List"
"ROD, COMPRESSION PANTA NAIL","Wilm5471016","CDM","278","RC","C1713","HCPCS","","","facility","both","","","","3916.63","3916.63","","","","","","","","","","","","","Gross Charge Type: Main Acute Price List"
"ROD, CONNECTING HOFFMANN3 DIA 11X250MM","CspuChSup50946","CDM","278","RC","C1713","HCPCS","","","facility","both","","","","2375.81","2375.81","","","","","","","","","","","","","Gross Charge Type: Main Acute Price List"
"ROD, CONNECTING HOFFMANN3 DIA 11X250MM","ScanWmSup50946","CDM","278","RC","C1713","HCPCS","","","facility","both","","","","2375.81","2375.81","","","","","","","","","","","","","Gross Charge Type: Main Acute Price List"
"ROD, CONNECTING HOFFMANN3 DIA 11X300MM","AngiWmSup50947","CDM","278","RC","C1713","HCPCS","","","facility","both","","","","2436.54","2436.54","","","","","","","","","","","","","Gross Charge Type: Main Acute Price List"
"ROD, CONNECTING HOFFMANN3 DIA 11X350MM","ScanChSup50948","CDM","278","RC","C1713","HCPCS","","","facility","both","","","","2436.54","2436.54","","","","","","","","","","","","","Gross Charge Type: Main Acute Price List"
"ROD, CONNECTING HOFFMANN3 DIA 11X350MM","ScpuChSup50948","CDM","278","RC","C1713","HCPCS","","","facility","both","","","","2436.54","2436.54","","","","","","","","","","","","","Gross Charge Type: Main Acute Price List"
"ROD, CONNECTING HOFFMANN3 DIA 11X400MM","EplbChSup50949","CDM","278","RC","C1713","HCPCS","","","facility","both","","","","2793.81","2793.81","","","","","","","","","","","","","Gross Charge Type: Main Acute Price List"
"ROD, CONNECTING HOFFMANN3 DIA 11X400MM","Wilm5450949","CDM","278","RC","C1713","HCPCS","","","facility","both","","","","2793.81","2793.81","","","","","","","","","","","","","Gross Charge Type: Main Acute Price List"
"ROD, CONNECTING HOFFMANN3 DIA 11X450MM","GastChSup50950","CDM","278","RC","C1713","HCPCS","","","facility","both","","","","2793.81","2793.81","","","","","","","","","","","","","Gross Charge Type: Main Acute Price List"
"ROD, CONNECTING HOFFMANN3 DIA 11X500MM","OperWmSup50951","CDM","278","RC","C1713","HCPCS","","","facility","both","","","","3186.81","3186.81","","","","","","","","","","","","","Gross Charge Type: Main Acute Price List"
"ROD, CONNECTING MRI 8X200MM","OperWmSup39555","CDM","278","RC","C1713","HCPCS","","","facility","both","","","","1515.52","1515.52","","","","","","","","","","","","","Gross Charge Type: Main Acute Price List"
"ROD, CONNECTING MRI 8X250MM","Chrs3139556","CDM","278","RC","C1713","HCPCS","","","facility","both","","","","1515.52","1515.52","","","","","","","","","","","","","Gross Charge Type: Main Acute Price List"
"ROD, CONNECTING MRI 8X250MM","PacuWmSup39556","CDM","278","RC","C1713","HCPCS","","","facility","both","","","","1515.52","1515.52","","","","","","","","","","","","","Gross Charge Type: Main Acute Price List"
"ROD, CONNECTING MRI 8X400MM","GastChSup39559","CDM","278","RC","C1713","HCPCS","","","facility","both","","","","1600.67","1600.67","","","","","","","","","","","","","Gross Charge Type: Main Acute Price List"
"ROD, CONNECTING MRI 8X450MM","ScorChSup39560","CDM","278","RC","C1713","HCPCS","","","facility","both","","","","1600.67","1600.67","","","","","","","","","","","","","Gross Charge Type: Main Acute Price List"
"ROD, CONNECTING MRI HII COMPACT 5MMX100MM","ScanWmSup118309","CDM","278","RC","C1713","HCPCS","","","facility","both","","","","535.18","535.18","","","","","","","","","","","","","Gross Charge Type: Main Acute Price List"
"ROD, CONNECTING MRI HII COMPACT 5MMX250MM","OperWmSup66730","CDM","278","RC","C1713","HCPCS","","","facility","both","","","","535.18","535.18","","","","","","","","","","","","","Gross Charge Type: Main Acute Price List"
"ROD, CONNECTING MRI HII COMPACT 5MMX250MM","ScpuWmSup66730","CDM","278","RC","C1713","HCPCS","","","facility","both","","","","535.18","535.18","","","","","","","","","","","","","Gross Charge Type: Main Acute Price List"
"ROD, CONNECTOR RELINE LP ADJ 5.5X45-60MM","AnesWmSup66587","CDM","278","RC","C1713","HCPCS","","","facility","both","","","","4054.37","4054.37","","","","","","","","","","","","","Gross Charge Type: Main Acute Price List"
"ROD, CONTOUR COCR EXPEDIUM PLUS TI 5.5X320MM","GyscChSup74168","CDM","278","RC","C1713","HCPCS","","","facility","both","","","","2895.98","2895.98","","","","","","","","","","","","","Gross Charge Type: Main Acute Price List"
"ROD, CONTOUR COCR EXPEDIUM PLUS TI 5.5X385MM","OperWmSup79721","CDM","278","RC","C1713","HCPCS","","","facility","both","","","","3079.87","3079.87","","","","","","","","","","","","","Gross Charge Type: Main Acute Price List"
"ROD, CONTOURED DENALI TI 5.5X60MM","AngiWmSup78249","CDM","278","RC","C1713","HCPCS","","","facility","both","","","","715.27","715.27","","","","","","","","","","","","","Gross Charge Type: Main Acute Price List"
"ROD, CONTOURED YUKON OCT 3.5X35MM","CLDRChSup78563","CDM","278","RC","C1713","HCPCS","","","facility","both","","","","1158.39","1158.39","","","","","","","","","","","","","Gross Charge Type: Main Acute Price List"
"ROD, CONTOURED YUKON OCT 3.5X35MM","CcthChSup78563","CDM","278","RC","C1713","HCPCS","","","facility","both","","","","1158.39","1158.39","","","","","","","","","","","","","Gross Charge Type: Main Acute Price List"
"ROD, COUPLING 20MM TUBE TO 8MM","DelrChSup74448","CDM","278","RC","C1713","HCPCS","","","facility","both","","","","1537.42","1537.42","","","","","","","","","","","","","Gross Charge Type: Main Acute Price List"
"ROD, CP4 5.5X500MM","PacuChSup29182","CDM","278","RC","C1713","HCPCS","","","facility","both","","","","752.95","752.95","","","","","","","","","","","","","Gross Charge Type: Main Acute Price List"
"ROD, CP4 5.5X500MM","ScanChSup29182","CDM","278","RC","C1713","HCPCS","","","facility","both","","","","752.95","752.95","","","","","","","","","","","","","Gross Charge Type: Main Acute Price List"
"ROD, CURVE 5.5/6.0 55MM","GastChSup107599","CDM","278","RC","C1713","HCPCS","","","facility","both","","","","752.95","752.95","","","","","","","","","","","","","Gross Charge Type: Main Acute Price List"
"ROD, CURVED 6CM","GyscChSup27644","CDM","278","RC","C1713","HCPCS","","","facility","both","","","","868.79","868.79","","","","","","","","","","","","","Gross Charge Type: Main Acute Price List"
"ROD, CURVED 6CM","OperWmSup27644","CDM","278","RC","C1713","HCPCS","","","facility","both","","","","868.79","868.79","","","","","","","","","","","","","Gross Charge Type: Main Acute Price List"
"ROD, CURVED MATRIX TI  5.5 X125MM","PacuChSup53880","CDM","278","RC","C1713","HCPCS","","","facility","both","","","","923.96","923.96","","","","","","","","","","","","","Gross Charge Type: Main Acute Price List"
"ROD, CURVED MATRIX TI 5.5X45MM","PacuChSup45819","CDM","278","RC","C1713","HCPCS","","","facility","both","","","","923.96","923.96","","","","","","","","","","","","","Gross Charge Type: Main Acute Price List"
"ROD, CURVED MATRIX TI 5.5X50MM","ScpuChSup45820","CDM","278","RC","C1713","HCPCS","","","facility","both","","","","923.96","923.96","","","","","","","","","","","","","Gross Charge Type: Main Acute Price List"
"ROD, CURVED MATRIX TI 5.5X60MM","ScanWmSup45822","CDM","278","RC","C1713","HCPCS","","","facility","both","","","","923.96","923.96","","","","","","","","","","","","","Gross Charge Type: Main Acute Price List"
"ROD, CURVED MATRIX TI 5.5X65MM","CspuChSup45823","CDM","278","RC","C1713","HCPCS","","","facility","both","","","","923.96","923.96","","","","","","","","","","","","","Gross Charge Type: Main Acute Price List"
"ROD, CURVED MATRIX TI 5.5X80MM","AngiWmSup62985","CDM","278","RC","C1713","HCPCS","","","facility","both","","","","923.96","923.96","","","","","","","","","","","","","Gross Charge Type: Main Acute Price List"
"ROD, CURVED MATRIX TI 5.5X80MM","PacuWmSup62985","CDM","278","RC","C1713","HCPCS","","","facility","both","","","","923.96","923.96","","","","","","","","","","","","","Gross Charge Type: Main Acute Price List"
"ROD, CURVED MIN INVASIVE TI 5.5 X100MM RADIUS/40MM","AnesWmSup53882","CDM","278","RC","C1713","HCPCS","","","facility","both","","","","1505.91","1505.91","","","","","","","","","","","","","Gross Charge Type: Main Acute Price List"
"ROD, CURVED MIN INVASIVE TI 5.5 X100MM RADIUS/40MM","PacuWmSup53882","CDM","278","RC","C1713","HCPCS","","","facility","both","","","","1505.91","1505.91","","","","","","","","","","","","","Gross Charge Type: Main Acute Price List"
"ROD, CURVED OPTIMA 6.0X90MM","PacuWmSup63688","CDM","278","RC","C1713","HCPCS","","","facility","both","","","","868.79","868.79","","","","","","","","","","","","","Gross Charge Type: Main Acute Price List"
"ROD, CURVED OPTIMA 6.0X90MM","Wilm3163688","CDM","278","RC","C1713","HCPCS","","","facility","both","","","","868.79","868.79","","","","","","","","","","","","","Gross Charge Type: Main Acute Price List"
"ROD, CURVED REVERE 5.5X70MM","GastWmSup61580","CDM","278","RC","C1713","HCPCS","","","facility","both","","","","1013.59","1013.59","","","","","","","","","","","","","Gross Charge Type: Main Acute Price List"
"ROD, CURVED SOFT TI 6.0X35MM","AngiChSup46715","CDM","278","RC","C1713","HCPCS","","","facility","both","","","","868.79","868.79","","","","","","","","","","","","","Gross Charge Type: Main Acute Price List"
"ROD, CURVED SOFT TI 6.0X35MM","Wilm5446715","CDM","278","RC","C1713","HCPCS","","","facility","both","","","","868.79","868.79","","","","","","","","","","","","","Gross Charge Type: Main Acute Price List"
"ROD, CURVED TI 3.5X40MM","OperWmSup43677","CDM","278","RC","C1713","HCPCS","","","facility","both","","","","1303.19","1303.19","","","","","","","","","","","","","Gross Charge Type: Main Acute Price List"
"ROD, DUAL BALL 20MM","GastWmSup41769","CDM","278","RC","C1713","HCPCS","","","facility","both","","","","5793.98","5793.98","","","","","","","","","","","","","Gross Charge Type: Main Acute Price List"
"ROD, DUAL BALL 20MM","Wilm5441769","CDM","278","RC","C1713","HCPCS","","","facility","both","","","","5793.98","5793.98","","","","","","","","","","","","","Gross Charge Type: Main Acute Price List"
"ROD, EVEN SPACING 6.35MM X 23-30MM","AngiWmSup27765","CDM","278","RC","C1713","HCPCS","","","facility","both","","","","7891.54","7891.54","","","","","","","","","","","","","Gross Charge Type: Main Acute Price List"
"ROD, EVEN SPACING 6.35MMX30-37MM","PacuChSup34325","CDM","278","RC","C1713","HCPCS","","","facility","both","","","","7891.54","7891.54","","","","","","","","","","","","","Gross Charge Type: Main Acute Price List"
"ROD, EVEREST BULLETED 5.5X110MM","PacuChSup111625","CDM","278","RC","C1713","HCPCS","","","facility","both","","","","1847.92","1847.92","","","","","","","","","","","","","Gross Charge Type: Main Acute Price List"
"ROD, EVEREST BULLETED 5.5X110MM","ScorWmSup111625","CDM","278","RC","C1713","HCPCS","","","facility","both","","","","1847.92","1847.92","","","","","","","","","","","","","Gross Charge Type: Main Acute Price List"
"ROD, EXP 4.5 COCR W/HEX 600MM","PacuChSup72449","CDM","278","RC","C1713","HCPCS","","","facility","both","","","","3619.97","3619.97","","","","","","","","","","","","","Gross Charge Type: Main Acute Price List"
"ROD, EXPEDIUM 85MM","ScorWmSup33953","CDM","278","RC","C1713","HCPCS","","","facility","both","","","","1274.23","1274.23","","","","","","","","","","","","","Gross Charge Type: Main Acute Price List"
"ROD, EXPEDIUM PLUS TI 6.35-5.5X450MM","PacuChSup41308","CDM","278","RC","C1713","HCPCS","","","facility","both","","","","868.79","868.79","","","","","","","","","","","","","Gross Charge Type: Main Acute Price List"
"ROD, EXPEDIUM PLUS TI 6.35-5.5X450MM","ScpuChSup41308","CDM","278","RC","C1713","HCPCS","","","facility","both","","","","868.79","868.79","","","","","","","","","","","","","Gross Charge Type: Main Acute Price List"
"ROD, EXPEDIUM PRE-LORD TI 45MM","AngiChSup41312","CDM","278","RC","C1713","HCPCS","","","facility","both","","","","1274.23","1274.23","","","","","","","","","","","","","Gross Charge Type: Main Acute Price List"
"ROD, EXPEDIUM PRE-LORDOSED TI W/LINE 100MM","PacuChSup59080","CDM","278","RC","C1713","HCPCS","","","facility","both","","","","923.96","923.96","","","","","","","","","","","","","Gross Charge Type: Main Acute Price List"
"ROD, EXPEDIUM PRELORDOSED TI 110MM","Chrs5445127","CDM","278","RC","C1713","HCPCS","","","facility","both","","","","923.96","923.96","","","","","","","","","","","","","Gross Charge Type: Main Acute Price List"
"ROD, EXPEDIUM PRELORDOSED TI 110MM","OperWmSup45127","CDM","278","RC","C1713","HCPCS","","","facility","both","","","","923.96","923.96","","","","","","","","","","","","","Gross Charge Type: Main Acute Price List"
"ROD, EXPEDIUM PRELORDOSED TI 125MM","DelrChSup71936","CDM","278","RC","C1713","HCPCS","","","facility","both","","","","923.96","923.96","","","","","","","","","","","","","Gross Charge Type: Main Acute Price List"
"ROD, EXPEDIUM PRELORDOSED TI 125MM","PacuChSup71936","CDM","278","RC","C1713","HCPCS","","","facility","both","","","","923.96","923.96","","","","","","","","","","","","","Gross Charge Type: Main Acute Price List"
"ROD, EXPEDIUM PRELORDOSED TI 125MM","ScpuChSup71936","CDM","278","RC","C1713","HCPCS","","","facility","both","","","","923.96","923.96","","","","","","","","","","","","","Gross Charge Type: Main Acute Price List"
"ROD, EXPEDIUM PRELORDOSED TI 130MM","ScpuChSup66991","CDM","278","RC","C1713","HCPCS","","","facility","both","","","","923.96","923.96","","","","","","","","","","","","","Gross Charge Type: Main Acute Price List"
"ROD, EXPEDIUM PRELORDOSED TI 35MM","ScanWmSup42991","CDM","278","RC","C1713","HCPCS","","","facility","both","","","","868.79","868.79","","","","","","","","","","","","","Gross Charge Type: Main Acute Price List"
"ROD, EXPEDIUM PRELORDOSED TI 45MM","ScpuWmSup48361","CDM","278","RC","C1713","HCPCS","","","facility","both","","","","923.96","923.96","","","","","","","","","","","","","Gross Charge Type: Main Acute Price List"
"ROD, EXPEDIUM PRELORDOSED TI 5.5X120MM","Wilm5461066","CDM","278","RC","C1713","HCPCS","","","facility","both","","","","923.96","923.96","","","","","","","","","","","","","Gross Charge Type: Main Acute Price List"
"ROD, EXPEDIUM PRELORDOSED TI 60MM","Chrs5461153","CDM","278","RC","C1713","HCPCS","","","facility","both","","","","868.79","868.79","","","","","","","","","","","","","Gross Charge Type: Main Acute Price List"
"ROD, EXPEDIUM PRELORDOSED TI 90MM","CcthChSup63785","CDM","278","RC","C1713","HCPCS","","","facility","both","","","","923.96","923.96","","","","","","","","","","","","","Gross Charge Type: Main Acute Price List"
"ROD, EXPEDIUM PRELORDOSED TI W/LINE 150MM","ScpuChSup63108","CDM","278","RC","C1713","HCPCS","","","facility","both","","","","923.96","923.96","","","","","","","","","","","","","Gross Charge Type: Main Acute Price List"
"ROD, EXPEDIUM PRELORDOSED TI W/LINE 95MM","CspuChSup62661","CDM","278","RC","C1713","HCPCS","","","facility","both","","","","923.96","923.96","","","","","","","","","","","","","Gross Charge Type: Main Acute Price List"
"ROD, EXPEDIUM PRELORDOSED W/LINE 105MM","CspuChSup63328","CDM","278","RC","C1713","HCPCS","","","facility","both","","","","923.96","923.96","","","","","","","","","","","","","Gross Charge Type: Main Acute Price List"
"ROD, GRADUATED BALL TIP GUIDE 2.0X600MM","ScpuChSup29914","CDM","278","RC","C1713","HCPCS","","","facility","both","","","","1068.62","1068.62","","","","","","","","","","","","","Gross Charge Type: Main Acute Price List"
"ROD, GUIDE 3.0MM","EplbChSup28899","CDM","278","RC","C1713","HCPCS","","","facility","both","","","","1214.68","1214.68","","","","","","","","","","","","","Gross Charge Type: Main Acute Price List"
"ROD, GUIDE W/STOP TROCAR TIP 2.5X230MM","CspuChSup66198","CDM","272","RC","","","","","facility","both","","","","216.76","216.76","","","","","","","","","","","","","Gross Charge Type: Main Acute Price List"
"ROD, GUIDE W/STOP TROCAR TIP 2.5X230MM","ScanWmSup66198","CDM","272","RC","","","","","facility","both","","","","216.76","216.76","","","","","","","","","","","","","Gross Charge Type: Main Acute Price List"
"ROD, GUIDE W/STOP TROCAR TIP 2.5X230MM","ScpuWmSup66198","CDM","272","RC","","","","","facility","both","","","","216.76","216.76","","","","","","","","","","","","","Gross Charge Type: Main Acute Price List"
"ROD, HARD TI 5.5 X 200MM","AnesChSup53879","CDM","278","RC","C1713","HCPCS","","","facility","both","","","","868.79","868.79","","","","","","","","","","","","","Gross Charge Type: Main Acute Price List"
"ROD, HARD TI 5.5 X 200MM","AngiChSup53879","CDM","278","RC","C1713","HCPCS","","","facility","both","","","","868.79","868.79","","","","","","","","","","","","","Gross Charge Type: Main Acute Price List"
"ROD, HEX END 6.35X200CM","PacuWmSup66725","CDM","278","RC","C1713","HCPCS","","","facility","both","","","","868.79","868.79","","","","","","","","","","","","","Gross Charge Type: Main Acute Price List"
"ROD, INFINITY 240MM","PacuChSup114517","CDM","278","RC","C1713","HCPCS","","","facility","both","","","","680.47","680.47","","","","","","","","","","","","","Gross Charge Type: Main Acute Price List"
"ROD, INFINITY 90MM","ScanWmSup113632","CDM","278","RC","C1713","HCPCS","","","facility","both","","","","769.97","769.97","","","","","","","","","","","","","Gross Charge Type: Main Acute Price List"
"ROD, LEGACY 5.5MM","GastWmSup32935","CDM","278","RC","C1713","HCPCS","","","facility","both","","","","800.77","800.77","","","","","","","","","","","","","Gross Charge Type: Main Acute Price List"
"ROD, LEGACY 5.5MM","ScanWmSup32935","CDM","278","RC","C1713","HCPCS","","","facility","both","","","","800.77","800.77","","","","","","","","","","","","","Gross Charge Type: Main Acute Price List"
"ROD, LEGACY 5.5MM","ScpuChSup32935","CDM","278","RC","C1713","HCPCS","","","facility","both","","","","800.77","800.77","","","","","","","","","","","","","Gross Charge Type: Main Acute Price List"
"ROD, LORDOTIC MAS RELINE TI 5.5X140MM","CcthChSup107826","CDM","278","RC","C1713","HCPCS","","","facility","both","","","","2032.71","2032.71","","","","","","","","","","","","","Gross Charge Type: Main Acute Price List"
"ROD, LORDOTIC MAS RELINE TI 5.5X140MM","PacuWmSup107826","CDM","278","RC","C1713","HCPCS","","","facility","both","","","","2032.71","2032.71","","","","","","","","","","","","","Gross Charge Type: Main Acute Price List"
"ROD, LORDOTIC MAS RELINE TI 5.5X25MM","EplbChSup67091","CDM","278","RC","C1713","HCPCS","","","facility","both","","","","1911.34","1911.34","","","","","","","","","","","","","Gross Charge Type: Main Acute Price List"
"ROD, LORDOTIC MAS RELINE TI 5.5X30MM","CspuChSup65968","CDM","278","RC","C1713","HCPCS","","","facility","both","","","","1911.34","1911.34","","","","","","","","","","","","","Gross Charge Type: Main Acute Price List"
"ROD, LORDOTIC MAS RELINE TI 5.5X65MM","ScanWmSup66193","CDM","278","RC","C1713","HCPCS","","","facility","both","","","","2032.71","2032.71","","","","","","","","","","","","","Gross Charge Type: Main Acute Price List"
"ROD, LORDOTIC MAS RELINE TI 5.5X75MM","CcthChSup68189","CDM","278","RC","C1713","HCPCS","","","facility","both","","","","2032.71","2032.71","","","","","","","","","","","","","Gross Charge Type: Main Acute Price List"
"ROD, LORDOTIC MAS RELINE TI 5.5X80MM","OperChSup68337","CDM","278","RC","C1713","HCPCS","","","facility","both","","","","2032.71","2032.71","","","","","","","","","","","","","Gross Charge Type: Main Acute Price List"
"ROD, LORDOTIC MAS RELINE TI 5.5X90MM","ScanWmSup70080","CDM","278","RC","C1713","HCPCS","","","facility","both","","","","2032.71","2032.71","","","","","","","","","","","","","Gross Charge Type: Main Acute Price List"
"ROD, LORDOTIC MAS RELINE TI 5.5X95MM","GastChSup67084","CDM","278","RC","C1713","HCPCS","","","facility","both","","","","2032.71","2032.71","","","","","","","","","","","","","Gross Charge Type: Main Acute Price List"
"ROD, LORDOTIC PREBENT  TI PRECEPT 110MM","GastWmSup54320","CDM","278","RC","C1713","HCPCS","","","facility","both","","","","2316.78","2316.78","","","","","","","","","","","","","Gross Charge Type: Main Acute Price List"
"ROD, LORDOTIC PREBENT  TI PRECEPT 110MM","PacuWmSup54320","CDM","278","RC","C1713","HCPCS","","","facility","both","","","","2316.78","2316.78","","","","","","","","","","","","","Gross Charge Type: Main Acute Price List"
"ROD, LORDOTIC PREBENT  TI PRECEPT 130MM","ScanChSup54322","CDM","278","RC","C1713","HCPCS","","","facility","both","","","","2316.78","2316.78","","","","","","","","","","","","","Gross Charge Type: Main Acute Price List"
"ROD, LORDOTIC PREBENT  TI PRECEPT 140MM","OperWmSup54323","CDM","278","RC","C1713","HCPCS","","","facility","both","","","","2316.78","2316.78","","","","","","","","","","","","","Gross Charge Type: Main Acute Price List"
"ROD, LORDOTIC PREBENT  TI PRECEPT 140MM","ScanWmSup54323","CDM","278","RC","C1713","HCPCS","","","facility","both","","","","2316.78","2316.78","","","","","","","","","","","","","Gross Charge Type: Main Acute Price List"
"ROD, LORDOTIC PREBENT  TI PRECEPT 20MM","GastWmSup54303","CDM","278","RC","C1713","HCPCS","","","facility","both","","","","2316.78","2316.78","","","","","","","","","","","","","Gross Charge Type: Main Acute Price List"
"ROD, LORDOTIC PREBENT  TI PRECEPT 35MM","AngiWmSup54306","CDM","278","RC","C1713","HCPCS","","","facility","both","","","","2316.78","2316.78","","","","","","","","","","","","","Gross Charge Type: Main Acute Price List"
"ROD, LORDOTIC PREBENT  TI PRECEPT 40MM","AnesWmSup54307","CDM","278","RC","C1713","HCPCS","","","facility","both","","","","2316.78","2316.78","","","","","","","","","","","","","Gross Charge Type: Main Acute Price List"
"ROD, LORDOTIC PREBENT  TI PRECEPT 40MM","OperChSup54307","CDM","278","RC","C1713","HCPCS","","","facility","both","","","","2316.78","2316.78","","","","","","","","","","","","","Gross Charge Type: Main Acute Price List"
"ROD, LORDOTIC PREBENT  TI PRECEPT 55MM","AnesWmSup54310","CDM","278","RC","C1713","HCPCS","","","facility","both","","","","2316.78","2316.78","","","","","","","","","","","","","Gross Charge Type: Main Acute Price List"
"ROD, LORDOTIC PREBENT  TI PRECEPT 80MM","PacuWmSup54315","CDM","278","RC","C1713","HCPCS","","","facility","both","","","","2316.78","2316.78","","","","","","","","","","","","","Gross Charge Type: Main Acute Price List"
"ROD, LORDOTIC PREBENT  TI PRECEPT 80MM","Wilm5454315","CDM","278","RC","C1713","HCPCS","","","facility","both","","","","2316.78","2316.78","","","","","","","","","","","","","Gross Charge Type: Main Acute Price List"
"ROD, LORDOTIC PREBENT  TI PRECEPT 85MM","AnesChSup54316","CDM","278","RC","C1713","HCPCS","","","facility","both","","","","2316.78","2316.78","","","","","","","","","","","","","Gross Charge Type: Main Acute Price List"
"ROD, LORDOTIC PREBENT  TI PRECEPT 95MM","GyscChSup54318","CDM","278","RC","C1713","HCPCS","","","facility","both","","","","2316.78","2316.78","","","","","","","","","","","","","Gross Charge Type: Main Acute Price List"
"ROD, LORDOTIC PREBENT PRECEPT TI 5.5X85MM","PacuChSup65966","CDM","278","RC","C1713","HCPCS","","","facility","both","","","","2316.78","2316.78","","","","","","","","","","","","","Gross Charge Type: Main Acute Price List"
"ROD, LORDOTIC PREBENT PRECEPT TI 5.5X85MM","ScpuWmSup65966","CDM","278","RC","C1713","HCPCS","","","facility","both","","","","2316.78","2316.78","","","","","","","","","","","","","Gross Charge Type: Main Acute Price List"
"ROD, LORDOTIC RELINE-O COCR  5.0X45MM","AnesChSup107314","CDM","278","RC","C1776","HCPCS","","","facility","both","","","","1847.92","1847.92","","","","","","","","","","","","","Gross Charge Type: Main Acute Price List"
"ROD, LORDOTIC RELINE-O COCR  5.0X70MM","EplbChSup77550","CDM","278","RC","C1713","HCPCS","","","facility","both","","","","1847.92","1847.92","","","","","","","","","","","","","Gross Charge Type: Main Acute Price List"
"ROD, LORDOTIC RELINE-O COCR  5.0X70MM","ScanChSup77550","CDM","278","RC","C1713","HCPCS","","","facility","both","","","","1847.92","1847.92","","","","","","","","","","","","","Gross Charge Type: Main Acute Price List"
"ROD, LORDOTIC RELINE-O COCR  5.0X70MM","ScorWmSup77550","CDM","278","RC","C1713","HCPCS","","","facility","both","","","","1847.92","1847.92","","","","","","","","","","","","","Gross Charge Type: Main Acute Price List"
"ROD, LORDOTIC RELINE-O COCR 5.0X30MM","CspuChSup79177","CDM","278","RC","C1713","HCPCS","","","facility","both","","","","1847.92","1847.92","","","","","","","","","","","","","Gross Charge Type: Main Acute Price List"
"ROD, LORDOTIC RELINE-O COCR 5.0X30MM","EplbChSup79177","CDM","278","RC","C1713","HCPCS","","","facility","both","","","","1847.92","1847.92","","","","","","","","","","","","","Gross Charge Type: Main Acute Price List"
"ROD, LORDOTIC RELINE-O COCR 5.0X75MM","AngiWmSup76870","CDM","278","RC","C1713","HCPCS","","","facility","both","","","","1737.58","1737.58","","","","","","","","","","","","","Gross Charge Type: Main Acute Price List"
"ROD, LORDOTIC RELINE-O COCR 5.0X85MM","ScorWmSup76229","CDM","278","RC","C1713","HCPCS","","","facility","both","","","","1737.58","1737.58","","","","","","","","","","","","","Gross Charge Type: Main Acute Price List"
"ROD, LORDOTIC RELINE-O COCR 5.0X90MM","CcthChSup76230","CDM","278","RC","C1713","HCPCS","","","facility","both","","","","1847.92","1847.92","","","","","","","","","","","","","Gross Charge Type: Main Acute Price List"
"ROD, LORDOTIC RELINE-O TI 100MM","AnesChSup110039","CDM","278","RC","C1713","HCPCS","","","facility","both","","","","1077.96","1077.96","","","","","","","","","","","","","Gross Charge Type: Main Acute Price List"
"ROD, LORDOTIC RELINE-O TI 5.5X 35MM","ScorWmSup69225","CDM","278","RC","C1713","HCPCS","","","facility","both","","","","1013.59","1013.59","","","","","","","","","","","","","Gross Charge Type: Main Acute Price List"
"ROD, LORDOTIC RELINE-O TI 5.5X110MM","AngiWmSup67379","CDM","278","RC","C1713","HCPCS","","","facility","both","","","","1013.59","1013.59","","","","","","","","","","","","","Gross Charge Type: Main Acute Price List"
"ROD, LORDOTIC RELINE-O TI 5.5X300MM","OperWmSup73319","CDM","278","RC","C1713","HCPCS","","","facility","both","","","","2316.78","2316.78","","","","","","","","","","","","","Gross Charge Type: Main Acute Price List"
"ROD, LORDOTIC RELINE-O TI MAS 5.5X150MM","CLDRChSup74807","CDM","278","RC","C1713","HCPCS","","","facility","both","","","","2316.78","2316.78","","","","","","","","","","","","","Gross Charge Type: Main Acute Price List"
"ROD, LORDOTIC RELINE-O TI MAS 5.5X150MM","EplbChSup74807","CDM","278","RC","C1713","HCPCS","","","facility","both","","","","2316.78","2316.78","","","","","","","","","","","","","Gross Charge Type: Main Acute Price List"
"ROD, LORDOTIC SYMPHONY II TI 3.5X120MM","AngiWmSup112817","CDM","278","RC","C1713","HCPCS","","","facility","both","","","","1355.15","1355.15","","","","","","","","","","","","","Gross Charge Type: Main Acute Price List"
"ROD, LORDOTIC SYMPHONY II TI 3.5X120MM","GyscChSup112817","CDM","278","RC","C1713","HCPCS","","","facility","both","","","","1355.15","1355.15","","","","","","","","","","","","","Gross Charge Type: Main Acute Price List"
"ROD, LORDOTIC SYMPHONY II TI 3.5X120MM","ScorWmSup112817","CDM","278","RC","C1713","HCPCS","","","facility","both","","","","1355.15","1355.15","","","","","","","","","","","","","Gross Charge Type: Main Acute Price List"
"ROD, LORDOTIC SYMPHONY II TI 3.5X25MM","ScorChSup109101","CDM","278","RC","C1776","HCPCS","","","facility","both","","","","1274.23","1274.23","","","","","","","","","","","","","Gross Charge Type: Main Acute Price List"
"ROD, LORDOTIC SYMPHONY II TI 3.5X60MM","OperWmSup107385","CDM","278","RC","C1713","HCPCS","","","facility","both","","","","1385.94","1385.94","","","","","","","","","","","","","Gross Charge Type: Main Acute Price List"
"ROD, LORDOTIC SYMPHONY II TI 4.0X080MM","EplbChSup106169","CDM","278","RC","C1713","HCPCS","","","facility","both","","","","1385.94","1385.94","","","","","","","","","","","","","Gross Charge Type: Main Acute Price List"
"ROD, LORDOTIC SYMPHONY II TI 4.0X120MM","ScpuWmSup107928","CDM","278","RC","C1713","HCPCS","","","facility","both","","","","1303.19","1303.19","","","","","","","","","","","","","Gross Charge Type: Main Acute Price List"
"ROD, LORDOTIC SYMPHONY II TI 4.0X30MM","OperWmSup107229","CDM","278","RC","C1713","HCPCS","","","facility","both","","","","1303.19","1303.19","","","","","","","","","","","","","Gross Charge Type: Main Acute Price List"
"ROD, LORDOTIC SYMPHONY II TI 4.0X30MM","ScpuChSup107229","CDM","278","RC","C1713","HCPCS","","","facility","both","","","","1303.19","1303.19","","","","","","","","","","","","","Gross Charge Type: Main Acute Price List"
"ROD, LORDOTIC SYMPHONY II TI 4.0X55MM","DelrChSup109627","CDM","278","RC","C1713","HCPCS","","","facility","both","","","","1303.19","1303.19","","","","","","","","","","","","","Gross Charge Type: Main Acute Price List"
"ROD, LORDOTIC SYMPHONY II TI 4.0X75MM","AnesWmSup106842","CDM","278","RC","C1713","HCPCS","","","facility","both","","","","1385.94","1385.94","","","","","","","","","","","","","Gross Charge Type: Main Acute Price List"
"ROD, LORDOTIC SYMPHONY II TI 4.0X95MM","AnesWmSup106931","CDM","278","RC","C1713","HCPCS","","","facility","both","","","","1385.94","1385.94","","","","","","","","","","","","","Gross Charge Type: Main Acute Price List"
"ROD, LORDOTIC SYMPHONY II TI 4.0X95MM","ScanWmSup106931","CDM","278","RC","C1713","HCPCS","","","facility","both","","","","1385.94","1385.94","","","","","","","","","","","","","Gross Charge Type: Main Acute Price List"
"ROD, LORDOTIC SYMPHONY TI 3.5X025MM","ScanChSup106920","CDM","278","RC","C1713","HCPCS","","","facility","both","","","","1385.94","1385.94","","","","","","","","","","","","","Gross Charge Type: Main Acute Price List"
"ROD, LORDOTIC SYMPHONY TI 3.5X025MM","ScanWmSup106920","CDM","278","RC","C1713","HCPCS","","","facility","both","","","","1385.94","1385.94","","","","","","","","","","","","","Gross Charge Type: Main Acute Price List"
"ROD, LORDOTIC SYMPHONY TI 3.5X50MM","CLDRChSup79848","CDM","278","RC","C1713","HCPCS","","","facility","both","","","","1385.94","1385.94","","","","","","","","","","","","","Gross Charge Type: Main Acute Price List"
"ROD, LORDOTIC SYMPHONY TI 3.5X65MM","ScpuWmSup106525","CDM","278","RC","C1713","HCPCS","","","facility","both","","","","1385.94","1385.94","","","","","","","","","","","","","Gross Charge Type: Main Acute Price List"
"ROD, LORDOTIC SYMPHONY TI 3.5X81MM","CcthChSup107013","CDM","278","RC","C1713","HCPCS","","","facility","both","","","","1385.94","1385.94","","","","","","","","","","","","","Gross Charge Type: Main Acute Price List"
"ROD, LORDOTIC SYMPHONY TI 3.5X81MM","CspuChSup107013","CDM","278","RC","C1713","HCPCS","","","facility","both","","","","1385.94","1385.94","","","","","","","","","","","","","Gross Charge Type: Main Acute Price List"
"ROD, LORDOTIC SYMPHONY TI 3.5X85MM","ScpuChSup107595","CDM","278","RC","C1713","HCPCS","","","facility","both","","","","1385.94","1385.94","","","","","","","","","","","","","Gross Charge Type: Main Acute Price List"
"ROD, LORDOTIC SYMPHONY TI 3.5X85MM","ScpuWmSup107595","CDM","278","RC","C1713","HCPCS","","","facility","both","","","","1385.94","1385.94","","","","","","","","","","","","","Gross Charge Type: Main Acute Price List"
"ROD, LORDOTIC SYMPHONY TI 3.5X90MM","ScanWmSup107681","CDM","278","RC","C1713","HCPCS","","","facility","both","","","","1385.94","1385.94","","","","","","","","","","","","","Gross Charge Type: Main Acute Price List"
"ROD, LORDOTIC VIPER 2  40MM","EplbChSup51030","CDM","278","RC","C1713","HCPCS","","","facility","both","","","","1486.97","1486.97","","","","","","","","","","","","","Gross Charge Type: Main Acute Price List"
"ROD, LUMBAR CONTOURED DENALI TI  5.5X100MM","DelrChSup78366","CDM","278","RC","C1713","HCPCS","","","facility","both","","","","868.79","868.79","","","","","","","","","","","","","Gross Charge Type: Main Acute Price List"
"ROD, LUMBAR CONTOURED DENALI TI  5.5X100MM","ScanWmSup78366","CDM","278","RC","C1713","HCPCS","","","facility","both","","","","868.79","868.79","","","","","","","","","","","","","Gross Charge Type: Main Acute Price List"
"ROD, LUMBAR CONTOURED DENALI TI  5.5X40MM","ScpuChSup78265","CDM","278","RC","C1713","HCPCS","","","facility","both","","","","715.27","715.27","","","","","","","","","","","","","Gross Charge Type: Main Acute Price List"
"ROD, LUMBAR CONTOURED DENALI TI 5.5X110MM","DelrChSup78447","CDM","278","RC","C1713","HCPCS","","","facility","both","","","","923.96","923.96","","","","","","","","","","","","","Gross Charge Type: Main Acute Price List"
"ROD, LUMBAR CONTOURED DENALI TI 5.5X35MM","PacuChSup78392","CDM","278","RC","C1713","HCPCS","","","facility","both","","","","868.79","868.79","","","","","","","","","","","","","Gross Charge Type: Main Acute Price List"
"ROD, LUMBAR CONTOURED DENALI TI 5.5X75MM","GyscChSup78347","CDM","278","RC","C1713","HCPCS","","","facility","both","","","","715.27","715.27","","","","","","","","","","","","","Gross Charge Type: Main Acute Price List"
"ROD, LUMBAR CONTOURED DENALI TI 5.5X80MM","ScpuWmSup78625","CDM","278","RC","C1713","HCPCS","","","facility","both","","","","923.96","923.96","","","","","","","","","","","","","Gross Charge Type: Main Acute Price List"
"ROD, LUMBAR CONTOURED DENALI TI 5.5X85MM","ScanWmSup78323","CDM","278","RC","C1713","HCPCS","","","facility","both","","","","672.56","672.56","","","","","","","","","","","","","Gross Charge Type: Main Acute Price List"
"ROD, MONARCH PREBENT TI 6.35X35MM","GyscChSup32220","CDM","278","RC","C1713","HCPCS","","","facility","both","","","","1274.23","1274.23","","","","","","","","","","","","","Gross Charge Type: Main Acute Price List"
"ROD, MONARCH PREBENT TI 6.35X35MM","PacuWmSup32220","CDM","278","RC","C1713","HCPCS","","","facility","both","","","","1274.23","1274.23","","","","","","","","","","","","","Gross Charge Type: Main Acute Price List"
"ROD, MONARCH PREBENT TI 6.35X55MM","PacuChSup21487","CDM","278","RC","C1713","HCPCS","","","facility","both","","","","1274.23","1274.23","","","","","","","","","","","","","Gross Charge Type: Main Acute Price List"
"ROD, MONARCH PREBENT TI 6.35X55MM","ScpuWmSup21487","CDM","278","RC","C1713","HCPCS","","","facility","both","","","","1274.23","1274.23","","","","","","","","","","","","","Gross Charge Type: Main Acute Price List"
"ROD, MONARCH PREBENT TI 6.35X65MM","AnesChSup23478","CDM","278","RC","C1713","HCPCS","","","facility","both","","","","1274.23","1274.23","","","","","","","","","","","","","Gross Charge Type: Main Acute Price List"
"ROD, MONARCH PREBENT TI 6.35X95MM","AngiWmSup33315","CDM","278","RC","C1713","HCPCS","","","facility","both","","","","1274.23","1274.23","","","","","","","","","","","","","Gross Charge Type: Main Acute Price List"
"ROD, MONARCH PREBENT TI 6.35X95MM","GastWmSup33315","CDM","278","RC","C1713","HCPCS","","","facility","both","","","","1274.23","1274.23","","","","","","","","","","","","","Gross Charge Type: Main Acute Price List"
"ROD, MONARCH PREBENT TI 6.35X95MM","ScanWmSup33315","CDM","278","RC","C1713","HCPCS","","","facility","both","","","","1274.23","1274.23","","","","","","","","","","","","","Gross Charge Type: Main Acute Price List"
"ROD, MOUNTAINEER 3.5X30MM","AnesWmSup61327","CDM","278","RC","C1713","HCPCS","","","facility","both","","","","1303.19","1303.19","","","","","","","","","","","","","Gross Charge Type: Main Acute Price List"
"ROD, MOUNTAINEER 3.5X30MM","OperChSup61327","CDM","278","RC","C1713","HCPCS","","","facility","both","","","","1303.19","1303.19","","","","","","","","","","","","","Gross Charge Type: Main Acute Price List"
"ROD, MOUNTAINEER 3.5X55MM","Chrs5461454","CDM","278","RC","C1713","HCPCS","","","facility","both","","","","1303.19","1303.19","","","","","","","","","","","","","Gross Charge Type: Main Acute Price List"
"ROD, MOUNTAINEER 3.5X55MM","PacuChSup61454","CDM","278","RC","C1713","HCPCS","","","facility","both","","","","1303.19","1303.19","","","","","","","","","","","","","Gross Charge Type: Main Acute Price List"
"ROD, MOUNTAINEER 3.5X60MM","CcthChSup33353","CDM","278","RC","C1713","HCPCS","","","facility","both","","","","1303.19","1303.19","","","","","","","","","","","","","Gross Charge Type: Main Acute Price List"
"ROD, MOUNTAINEER 3.5X60MM","OperChSup33353","CDM","278","RC","C1713","HCPCS","","","facility","both","","","","1303.19","1303.19","","","","","","","","","","","","","Gross Charge Type: Main Acute Price List"
"ROD, MOUNTAINEER 3.5X70MM","AnesChSup65760","CDM","278","RC","C1713","HCPCS","","","facility","both","","","","1303.19","1303.19","","","","","","","","","","","","","Gross Charge Type: Main Acute Price List"
"ROD, MOUNTAINEER 3.5X70MM","ScanWmSup65760","CDM","278","RC","C1713","HCPCS","","","facility","both","","","","1303.19","1303.19","","","","","","","","","","","","","Gross Charge Type: Main Acute Price List"
"ROD, MOUNTAINEER TI ADJUSTABLE 3.5X220MM","GastChSup107542","CDM","278","RC","C1713","HCPCS","","","facility","both","","","","5178","5178","","","","","","","","","","","","","Gross Charge Type: Main Acute Price List"
"ROD, MRI CURVED SEMI CIRCULAR 8X174MM","Chrs5446079","CDM","278","RC","C1713","HCPCS","","","facility","both","","","","2115.01","2115.01","","","","","","","","","","","","","Gross Charge Type: Main Acute Price List"
"ROD, OASYS  3.5X240MM","OperChSup46802","CDM","278","RC","C1713","HCPCS","","","facility","both","","","","810.87","810.87","","","","","","","","","","","","","Gross Charge Type: Main Acute Price List"
"ROD, OASYS  3.5X25MM","EplbChSup46794","CDM","278","RC","C1713","HCPCS","","","facility","both","","","","810.87","810.87","","","","","","","","","","","","","Gross Charge Type: Main Acute Price List"
"ROD, OASYS  3.5X30MM","AngiWmSup46795","CDM","278","RC","C1713","HCPCS","","","facility","both","","","","810.87","810.87","","","","","","","","","","","","","Gross Charge Type: Main Acute Price List"
"ROD, OASYS  3.5X60MM","AnesChSup46798","CDM","278","RC","C1713","HCPCS","","","facility","both","","","","810.87","810.87","","","","","","","","","","","","","Gross Charge Type: Main Acute Price List"
"ROD, OASYS  3.5X60MM","AnesWmSup46798","CDM","278","RC","C1713","HCPCS","","","facility","both","","","","810.87","810.87","","","","","","","","","","","","","Gross Charge Type: Main Acute Price List"
"ROD, OASYS TRANSITION 3.5-5.5MM","CspuChSup61110","CDM","278","RC","C1713","HCPCS","","","facility","both","","","","1737.58","1737.58","","","","","","","","","","","","","Gross Charge Type: Main Acute Price List"
"ROD, OASYS TRANSITION 3.5-5.5MM","GastWmSup61110","CDM","278","RC","C1713","HCPCS","","","facility","both","","","","1737.58","1737.58","","","","","","","","","","","","","Gross Charge Type: Main Acute Price List"
"ROD, OASYS, OASYS 3.5X350MM","GyscChSup46793","CDM","278","RC","C1713","HCPCS","","","facility","both","","","","810.87","810.87","","","","","","","","","","","","","Gross Charge Type: Main Acute Price List"
"ROD, OASYS, OASYS 3.5X350MM","Wilm5446793","CDM","278","RC","C1713","HCPCS","","","facility","both","","","","810.87","810.87","","","","","","","","","","","","","Gross Charge Type: Main Acute Price List"
"ROD, OASYS, OASYS CP 3.5X240MM","PacuChSup46792","CDM","278","RC","C1713","HCPCS","","","facility","both","","","","810.87","810.87","","","","","","","","","","","","","Gross Charge Type: Main Acute Price List"
"ROD, OC ADJUST VERTEX SELECT TI 3.5X220MM","PacuWmSup72140","CDM","278","RC","C1713","HCPCS","","","facility","both","","","","1650.71","1650.71","","","","","","","","","","","","","Gross Charge Type: Main Acute Price List"
"ROD, OCCIPITAL INFINITY","AnesWmSup114199","CDM","278","RC","C1713","HCPCS","","","facility","both","","","","1650.71","1650.71","","","","","","","","","","","","","Gross Charge Type: Main Acute Price List"
"ROD, OCCIPITAL INFINITY","ScorChSup114199","CDM","278","RC","C1713","HCPCS","","","facility","both","","","","1650.71","1650.71","","","","","","","","","","","","","Gross Charge Type: Main Acute Price List"
"ROD, OFFSET SPACING 6.35X23-30MM","PacuWmSup27613","CDM","278","RC","C1713","HCPCS","","","facility","both","","","","7891.54","7891.54","","","","","","","","","","","","","Gross Charge Type: Main Acute Price List"
"ROD, PELVIC RIGHT 6.0","PacuChSup33636","CDM","278","RC","C1713","HCPCS","","","facility","both","","","","3879.45","3879.45","","","","","","","","","","","","","Gross Charge Type: Main Acute Price List"
"ROD, PELVIC RIGHT 6.0","ScorChSup33636","CDM","278","RC","C1713","HCPCS","","","facility","both","","","","3879.45","3879.45","","","","","","","","","","","","","Gross Charge Type: Main Acute Price List"
"ROD, PRE BENT TITANIUM","GastChSup119404","CDM","278","RC","C1713","HCPCS","","","facility","both","","","","4478.13","4478.13","","","","","","","","","","","","","Gross Charge Type: Main Acute Price List"
"ROD, PRE BENT TITANIUM","ScpuChSup119404","CDM","278","RC","C1713","HCPCS","","","facility","both","","","","4478.13","4478.13","","","","","","","","","","","","","Gross Charge Type: Main Acute Price List"
"ROD, PRE-BENT CONVENTIONAL 25MM","EplbChSup40847","CDM","278","RC","C1713","HCPCS","","","facility","both","","","","868.79","868.79","","","","","","","","","","","","","Gross Charge Type: Main Acute Price List"
"ROD, PRE-BENT CONVENTIONAL 25MM","OperChSup40847","CDM","278","RC","C1713","HCPCS","","","facility","both","","","","868.79","868.79","","","","","","","","","","","","","Gross Charge Type: Main Acute Price List"
"ROD, PRE-BENT CONVENTIONAL 30MM","PacuChSup40848","CDM","278","RC","C1713","HCPCS","","","facility","both","","","","868.79","868.79","","","","","","","","","","","","","Gross Charge Type: Main Acute Price List"
"ROD, PRE-BENT CONVENTIONAL 35MM","CcthChSup40849","CDM","278","RC","C1713","HCPCS","","","facility","both","","","","868.79","868.79","","","","","","","","","","","","","Gross Charge Type: Main Acute Price List"
"ROD, PRE-BENT CONVENTIONAL 40MM","EplbChSup58972","CDM","278","RC","C1713","HCPCS","","","facility","both","","","","868.79","868.79","","","","","","","","","","","","","Gross Charge Type: Main Acute Price List"
"ROD, PRE-BENT CONVENTIONAL 50MM","OperWmSup40851","CDM","278","RC","C1713","HCPCS","","","facility","both","","","","868.79","868.79","","","","","","","","","","","","","Gross Charge Type: Main Acute Price List"
"ROD, PRE-BENT CONVENTIONAL 50MM","PacuChSup40851","CDM","278","RC","C1713","HCPCS","","","facility","both","","","","868.79","868.79","","","","","","","","","","","","","Gross Charge Type: Main Acute Price List"
"ROD, PRE-BENT CONVENTIONAL 65MM","ScanWmSup40854","CDM","278","RC","C1713","HCPCS","","","facility","both","","","","868.79","868.79","","","","","","","","","","","","","Gross Charge Type: Main Acute Price List"
"ROD, PRE-BENT CONVENTIONAL 65MM","ScpuWmSup40854","CDM","278","RC","C1713","HCPCS","","","facility","both","","","","868.79","868.79","","","","","","","","","","","","","Gross Charge Type: Main Acute Price List"
"ROD, PRE-BENT CONVENTIONAL 75MM","OperChSup40856","CDM","278","RC","C1713","HCPCS","","","facility","both","","","","868.79","868.79","","","","","","","","","","","","","Gross Charge Type: Main Acute Price List"
"ROD, PRE-BENT CONVENTIONAL 80MM","OperWmSup58973","CDM","278","RC","C1713","HCPCS","","","facility","both","","","","868.79","868.79","","","","","","","","","","","","","Gross Charge Type: Main Acute Price List"
"ROD, PRE-BENT CONVENTIONAL 80MM","ScpuWmSup58973","CDM","278","RC","C1713","HCPCS","","","facility","both","","","","868.79","868.79","","","","","","","","","","","","","Gross Charge Type: Main Acute Price List"
"ROD, PRE-BENT MOUNT 3.5X120MM","PacuChSup41313","CDM","278","RC","C1713","HCPCS","","","facility","both","","","","5178","5178","","","","","","","","","","","","","Gross Charge Type: Main Acute Price List"
"ROD, PRE-CURVE ARRAY 50MM","GastChSup33705","CDM","278","RC","C1713","HCPCS","","","facility","both","","","","1447.99","1447.99","","","","","","","","","","","","","Gross Charge Type: Main Acute Price List"
"ROD, PRE-CURVE ARRAY 50MM","PacuChSup33705","CDM","278","RC","C1713","HCPCS","","","facility","both","","","","1447.99","1447.99","","","","","","","","","","","","","Gross Charge Type: Main Acute Price List"
"ROD, PRE-CUT INFINITY 3.5X240MM","ScpuChSup78503","CDM","278","RC","C1713","HCPCS","","","facility","both","","","","769.97","769.97","","","","","","","","","","","","","Gross Charge Type: Main Acute Price List"
"ROD, PRE-CUT INFINITY 3.5X25MM","ScorWmSup77699","CDM","278","RC","C1713","HCPCS","","","facility","both","","","","769.97","769.97","","","","","","","","","","","","","Gross Charge Type: Main Acute Price List"
"ROD, PRE-CUT INFINITY 3.5X30MM","OperWmSup76986","CDM","278","RC","C1713","HCPCS","","","facility","both","","","","769.97","769.97","","","","","","","","","","","","","Gross Charge Type: Main Acute Price List"
"ROD, PRE-CUT INFINITY 3.5X40MM","OperChSup78838","CDM","278","RC","C1713","HCPCS","","","facility","both","","","","769.97","769.97","","","","","","","","","","","","","Gross Charge Type: Main Acute Price List"
"ROD, PRE-CUT INFINITY 3.5X60MM","GastChSup78724","CDM","278","RC","C1713","HCPCS","","","facility","both","","","","769.97","769.97","","","","","","","","","","","","","Gross Charge Type: Main Acute Price List"
"ROD, PRE-CUT INFINITY 3.5X70MM","AngiChSup80068","CDM","278","RC","C1713","HCPCS","","","facility","both","","","","769.97","769.97","","","","","","","","","","","","","Gross Charge Type: Main Acute Price List"
"ROD, PRE-LORDOSED 45MM","Chrs3139619","CDM","278","RC","C1713","HCPCS","","","facility","both","","","","1274.23","1274.23","","","","","","","","","","","","","Gross Charge Type: Main Acute Price List"
"ROD, PREBENT 05.5X110MM","Chrs3141852","CDM","278","RC","C1713","HCPCS","","","facility","both","","","","2316.78","2316.78","","","","","","","","","","","","","Gross Charge Type: Main Acute Price List"
"ROD, PREBENT 05.5X110MM","OperWmSup41852","CDM","278","RC","C1713","HCPCS","","","facility","both","","","","2316.78","2316.78","","","","","","","","","","","","","Gross Charge Type: Main Acute Price List"
"ROD, PREBENT 5.5X30MM","Chrs5442328","CDM","278","RC","C1713","HCPCS","","","facility","both","","","","2316.78","2316.78","","","","","","","","","","","","","Gross Charge Type: Main Acute Price List"
"ROD, PREBENT 5.5X30MM","PacuWmSup42328","CDM","278","RC","C1713","HCPCS","","","facility","both","","","","2316.78","2316.78","","","","","","","","","","","","","Gross Charge Type: Main Acute Price List"
"ROD, PREBENT 5.5X45MM - 42330","PacuWmSup42330","CDM","278","RC","C1713","HCPCS","","","facility","both","","","","2316.78","2316.78","","","","","","","","","","","","","Gross Charge Type: Main Acute Price List"
"ROD, PREBENT 5.5X65MM","ScanWmSup42334","CDM","278","RC","C1713","HCPCS","","","facility","both","","","","2316.78","2316.78","","","","","","","","","","","","","Gross Charge Type: Main Acute Price List"
"ROD, PREBENT 5.5X75MM","OperChSup41845","CDM","278","RC","C1713","HCPCS","","","facility","both","","","","2316.78","2316.78","","","","","","","","","","","","","Gross Charge Type: Main Acute Price List"
"ROD, PREBENT 5.5X80MM 65753","Chrs5465753","CDM","278","RC","C1713","HCPCS","","","facility","both","","","","1013.59","1013.59","","","","","","","","","","","","","Gross Charge Type: Main Acute Price List"
"ROD, PREBENT 5.5X80MM 65753","PacuChSup65753","CDM","278","RC","C1713","HCPCS","","","facility","both","","","","1013.59","1013.59","","","","","","","","","","","","","Gross Charge Type: Main Acute Price List"
"ROD, PREBENT 5.5X85MM","ScorChSup41847","CDM","278","RC","C1713","HCPCS","","","facility","both","","","","2316.78","2316.78","","","","","","","","","","","","","Gross Charge Type: Main Acute Price List"
"ROD, PREBENT 5.5X90MM","AngiChSup42337","CDM","278","RC","C1713","HCPCS","","","facility","both","","","","2316.78","2316.78","","","","","","","","","","","","","Gross Charge Type: Main Acute Price List"
"ROD, PREBENT 5.5X90MM","ScanChSup42337","CDM","278","RC","C1713","HCPCS","","","facility","both","","","","2316.78","2316.78","","","","","","","","","","","","","Gross Charge Type: Main Acute Price List"
"ROD, PREBENT CD HORIZON TI 90MM","ScorChSup27500","CDM","278","RC","C1713","HCPCS","","","facility","both","","","","752.95","752.95","","","","","","","","","","","","","Gross Charge Type: Main Acute Price List"
"ROD, PREBENT CD HORIZON TI 90MM","Wilm5427500","CDM","278","RC","C1713","HCPCS","","","facility","both","","","","752.95","752.95","","","","","","","","","","","","","Gross Charge Type: Main Acute Price List"
"ROD, PREBENT CDH TI 5.5X45MM","AnesChSup32244","CDM","278","RC","C1713","HCPCS","","","facility","both","","","","1100.47","1100.47","","","","","","","","","","","","","Gross Charge Type: Main Acute Price List"
"ROD, PREBENT CDH TI 5.5X45MM","CcthChSup32244","CDM","278","RC","C1713","HCPCS","","","facility","both","","","","1100.47","1100.47","","","","","","","","","","","","","Gross Charge Type: Main Acute Price List"
"ROD, PREBENT CDH TI CP 5.5X40MM","CspuChSup19848","CDM","278","RC","C1713","HCPCS","","","facility","both","","","","800.77","800.77","","","","","","","","","","","","","Gross Charge Type: Main Acute Price List"
"ROD, PREBENT CDH TI CP 5.5X60MM","ScorWmSup21488","CDM","278","RC","C1713","HCPCS","","","facility","both","","","","800.77","800.77","","","","","","","","","","","","","Gross Charge Type: Main Acute Price List"
"ROD, PREBENT COCR SOLERO 4.75X120MM","ScorChSup61003","CDM","278","RC","C1713","HCPCS","","","facility","both","","","","800.77","800.77","","","","","","","","","","","","","Gross Charge Type: Main Acute Price List"
"ROD, PREBENT PERC PATHFINDER NXT 40MM","OperWmSup63504","CDM","278","RC","C1713","HCPCS","","","facility","both","","","","2316.78","2316.78","","","","","","","","","","","","","Gross Charge Type: Main Acute Price List"
"ROD, PREBENT PERC PATHFINDER NXT 40MM","ScorChSup63504","CDM","278","RC","C1713","HCPCS","","","facility","both","","","","2316.78","2316.78","","","","","","","","","","","","","Gross Charge Type: Main Acute Price List"
"ROD, PREBENT PRECUT W/HEX TI 4.5X100MM","EplbChSup75057","CDM","278","RC","C1713","HCPCS","","","facility","both","","","","1274.23","1274.23","","","","","","","","","","","","","Gross Charge Type: Main Acute Price List"
"ROD, PREBENT PRECUT W/HEX TI 4.5X60MM","AngiWmSup70539","CDM","278","RC","C1713","HCPCS","","","facility","both","","","","1274.23","1274.23","","","","","","","","","","","","","Gross Charge Type: Main Acute Price List"
"ROD, PREBENT SOLERA COCR 4.75MM 100MM","Chrs5446183","CDM","278","RC","C1713","HCPCS","","","facility","both","","","","800.77","800.77","","","","","","","","","","","","","Gross Charge Type: Main Acute Price List"
"ROD, PREBENT SOLERA COCR 4.75MM 30MM","Wilm5446173","CDM","278","RC","C1713","HCPCS","","","facility","both","","","","800.77","800.77","","","","","","","","","","","","","Gross Charge Type: Main Acute Price List"
"ROD, PREBENT SOLERA COCR 4.75MM 35MM","GastWmSup46174","CDM","278","RC","C1713","HCPCS","","","facility","both","","","","800.77","800.77","","","","","","","","","","","","","Gross Charge Type: Main Acute Price List"
"ROD, PREBENT SOLERA COCR 4.75MM 35MM","PacuWmSup46174","CDM","278","RC","C1713","HCPCS","","","facility","both","","","","800.77","800.77","","","","","","","","","","","","","Gross Charge Type: Main Acute Price List"
"ROD, PREBENT SOLERA COCR 4.75MM 45MM","Chrs5446176","CDM","278","RC","C1713","HCPCS","","","facility","both","","","","800.77","800.77","","","","","","","","","","","","","Gross Charge Type: Main Acute Price List"
"ROD, PREBENT SOLERA COCR 4.75MM 45MM","OperWmSup46176","CDM","278","RC","C1713","HCPCS","","","facility","both","","","","800.77","800.77","","","","","","","","","","","","","Gross Charge Type: Main Acute Price List"
"ROD, PREBENT SOLERA COCR 4.75MM 60MM","ScanWmSup46179","CDM","278","RC","C1713","HCPCS","","","facility","both","","","","800.77","800.77","","","","","","","","","","","","","Gross Charge Type: Main Acute Price List"
"ROD, PREBENT TI 4.0 FULL MANDIBLE RAMUS","ScpuChSup115398","CDM","278","RC","C1713","HCPCS","","","facility","both","","","","4719.77","4719.77","","","","","","","","","","","","","Gross Charge Type: Main Acute Price List"
"ROD, PREBENT TI 5.5X35MM","OperChSup32686","CDM","278","RC","C1713","HCPCS","","","facility","both","","","","868.79","868.79","","","","","","","","","","","","","Gross Charge Type: Main Acute Price List"
"ROD, PRECUT STRAIGHT VIT W/HEX XIA  4.5X90MM","CcthChSup75056","CDM","278","RC","C1713","HCPCS","","","facility","both","","","","1274.23","1274.23","","","","","","","","","","","","","Gross Charge Type: Main Acute Price List"
"ROD, PRECUT STRAIGHT VIT W/HEX XIA 4.5X 70MM","ScpuWmSup74848","CDM","278","RC","C1713","HCPCS","","","facility","both","","","","1274.23","1274.23","","","","","","","","","","","","","Gross Charge Type: Main Acute Price List"
"ROD, PRECUT STRAIGHT VIT W/HEX XIA 4.5X60MM","ScanChSup74193","CDM","278","RC","C1713","HCPCS","","","facility","both","","","","1274.23","1274.23","","","","","","","","","","","","","Gross Charge Type: Main Acute Price List"
"ROD, PRECUT/BENT 5.0CMX5.5MM","ScpuChSup20685","CDM","278","RC","C1713","HCPCS","","","facility","both","","","","1158.39","1158.39","","","","","","","","","","","","","Gross Charge Type: Main Acute Price List"
"ROD, PRECUT/BENT 9.0CMX5.5MM","CcthChSup27504","CDM","278","RC","C1713","HCPCS","","","facility","both","","","","1158.39","1158.39","","","","","","","","","","","","","Gross Charge Type: Main Acute Price List"
"ROD, PRECUT/BENT 9.0CMX5.5MM","OperWmSup27504","CDM","278","RC","C1713","HCPCS","","","facility","both","","","","1158.39","1158.39","","","","","","","","","","","","","Gross Charge Type: Main Acute Price List"
"ROD, RADUS XIA3 TI 6X35MM","PacuWmSup64499","CDM","278","RC","C1713","HCPCS","","","facility","both","","","","868.79","868.79","","","","","","","","","","","","","Gross Charge Type: Main Acute Price List"
"ROD, REAMING W/BALL TIP  650 X 2.5 MM","PacuWmSup49263","CDM","272","RC","","","","","facility","both","","","","856.7","856.7","","","","","","","","","","","","","Gross Charge Type: Main Acute Price List"
"ROD, RELINE 60MM","ScorChSup74526","CDM","278","RC","C1713","HCPCS","","","facility","both","","","","1013.59","1013.59","","","","","","","","","","","","","Gross Charge Type: Main Acute Price List"
"ROD, RELINE 65MM","GyscChSup70200","CDM","278","RC","C1713","HCPCS","","","facility","both","","","","1077.96","1077.96","","","","","","","","","","","","","Gross Charge Type: Main Acute Price List"
"ROD, RELINE 70MM","ScanWmSup66847","CDM","278","RC","C1713","HCPCS","","","facility","both","","","","1077.96","1077.96","","","","","","","","","","","","","Gross Charge Type: Main Acute Price List"
"ROD, RELINE MAS COCR 300MM","ScanChSup67814","CDM","278","RC","C1713","HCPCS","","","facility","both","","","","1911.34","1911.34","","","","","","","","","","","","","Gross Charge Type: Main Acute Price List"
"ROD, RELINE MAS COCR 300MM","ScanWmSup67814","CDM","278","RC","C1713","HCPCS","","","facility","both","","","","1911.34","1911.34","","","","","","","","","","","","","Gross Charge Type: Main Acute Price List"
"ROD, RELINE MAS COCR 5.5X500MM","EplbChSup65996","CDM","278","RC","C1713","HCPCS","","","facility","both","","","","1911.34","1911.34","","","","","","","","","","","","","Gross Charge Type: Main Acute Price List"
"ROD, RELINE MAS COCR 5.5X600MM","CLDRChSup66585","CDM","278","RC","C1713","HCPCS","","","facility","both","","","","1911.34","1911.34","","","","","","","","","","","","","Gross Charge Type: Main Acute Price List"
"ROD, RELINE MAS COCR 5.5X600MM","Chrs5466585","CDM","278","RC","C1713","HCPCS","","","facility","both","","","","1911.34","1911.34","","","","","","","","","","","","","Gross Charge Type: Main Acute Price List"
"ROD, RELINE MAS TI 5.5X65MM","GastChSup68773","CDM","278","RC","C1713","HCPCS","","","facility","both","","","","1911.34","1911.34","","","","","","","","","","","","","Gross Charge Type: Main Acute Price List"
"ROD, RELINE MAS TI STRAIGHT 5.5X180MM","CcthChSup70112","CDM","278","RC","C1713","HCPCS","","","facility","both","","","","1911.34","1911.34","","","","","","","","","","","","","Gross Charge Type: Main Acute Price List"
"ROD, RELINE MAS TI STRAIGHT 5.5X180MM","CspuChSup70112","CDM","278","RC","C1713","HCPCS","","","facility","both","","","","1911.34","1911.34","","","","","","","","","","","","","Gross Charge Type: Main Acute Price List"
"ROD, RELINE MAS TI STRAIGHT 5.5X230MM","GastChSup67482","CDM","278","RC","C1713","HCPCS","","","facility","both","","","","1911.34","1911.34","","","","","","","","","","","","","Gross Charge Type: Main Acute Price List"
"ROD, RELINE MAS TI STRAIGHT 5.5X250MM","ScorWmSup67222","CDM","278","RC","C1713","HCPCS","","","facility","both","","","","1911.34","1911.34","","","","","","","","","","","","","Gross Charge Type: Main Acute Price List"
"ROD, RELINE MAS TI STRAIGHT 5.5X40MM","OperWmSup68733","CDM","278","RC","C1713","HCPCS","","","facility","both","","","","1911.34","1911.34","","","","","","","","","","","","","Gross Charge Type: Main Acute Price List"
"ROD, RELINE MAS TI STRAIGHT 5.5X40MM","Wilm5468733","CDM","278","RC","C1713","HCPCS","","","facility","both","","","","1911.34","1911.34","","","","","","","","","","","","","Gross Charge Type: Main Acute Price List"
"ROD, RELINE MAS TI STRAIGHT 5.5X55MM","PacuWmSup72124","CDM","278","RC","C1713","HCPCS","","","facility","both","","","","1911.34","1911.34","","","","","","","","","","","","","Gross Charge Type: Main Acute Price List"
"ROD, RELINE MAS TI STRAIGHT 5.5X55MM","ScorWmSup72124","CDM","278","RC","C1713","HCPCS","","","facility","both","","","","1911.34","1911.34","","","","","","","","","","","","","Gross Charge Type: Main Acute Price List"
"ROD, RELINE MAS TI STRAIGHT 5.5X95MM","AngiWmSup73287","CDM","278","RC","C1713","HCPCS","","","facility","both","","","","1911.34","1911.34","","","","","","","","","","","","","Gross Charge Type: Main Acute Price List"
"ROD, RELINE MASS TI 5.5X160MM","CspuChSup67424","CDM","278","RC","C1713","HCPCS","","","facility","both","","","","2032.71","2032.71","","","","","","","","","","","","","Gross Charge Type: Main Acute Price List"
"ROD, RELINE MASS TI 5.5X160MM","GastChSup67424","CDM","278","RC","C1713","HCPCS","","","facility","both","","","","2032.71","2032.71","","","","","","","","","","","","","Gross Charge Type: Main Acute Price List"
"ROD, RELINE MASS TI 5.5X160MM","GyscChSup67424","CDM","278","RC","C1713","HCPCS","","","facility","both","","","","2032.71","2032.71","","","","","","","","","","","","","Gross Charge Type: Main Acute Price List"
"ROD, RELINE TI PREBENT 3.5X50MM","OperWmSup10180546","CDM","278","RC","C1713","HCPCS","","","facility","both","","","","862.57","862.57","","","","","","","","","","","","","Gross Charge Type: Main Acute Price List"
"ROD, RELINE-O COCR LORDOTIC 5.0X100MM","GastChSup76176","CDM","278","RC","C1713","HCPCS","","","facility","both","","","","1847.92","1847.92","","","","","","","","","","","","","Gross Charge Type: Main Acute Price List"
"ROD, RELINE-O COCR LORDOTIC 5.0X35MM","CLDRChSup76623","CDM","278","RC","C1713","HCPCS","","","facility","both","","","","1847.92","1847.92","","","","","","","","","","","","","Gross Charge Type: Main Acute Price List"
"ROD, RELINE-O COCR LORDOTIC 5.0X35MM","ScpuChSup76623","CDM","278","RC","C1713","HCPCS","","","facility","both","","","","1847.92","1847.92","","","","","","","","","","","","","Gross Charge Type: Main Acute Price List"
"ROD, REVOLVE 5.5X110MM","ScpuWmSup53959","CDM","278","RC","C1713","HCPCS","","","facility","both","","","","2316.78","2316.78","","","","","","","","","","","","","Gross Charge Type: Main Acute Price List"
"ROD, REVOLVE 5.5X130MM","ScpuWmSup53961","CDM","278","RC","C1713","HCPCS","","","facility","both","","","","2316.78","2316.78","","","","","","","","","","","","","Gross Charge Type: Main Acute Price List"
"ROD, REVOLVE 5.5X150MM","ScanChSup53963","CDM","278","RC","C1713","HCPCS","","","facility","both","","","","2316.78","2316.78","","","","","","","","","","","","","Gross Charge Type: Main Acute Price List"
"ROD, REVOLVE 5.5X160MM","AngiChSup53964","CDM","278","RC","C1713","HCPCS","","","facility","both","","","","2316.78","2316.78","","","","","","","","","","","","","Gross Charge Type: Main Acute Price List"
"ROD, REVOLVE 5.5X170MM","AnesWmSup53965","CDM","278","RC","C1713","HCPCS","","","facility","both","","","","2316.78","2316.78","","","","","","","","","","","","","Gross Charge Type: Main Acute Price List"
"ROD, REVOLVE 5.5X170MM","ScpuWmSup53965","CDM","278","RC","C1713","HCPCS","","","facility","both","","","","2316.78","2316.78","","","","","","","","","","","","","Gross Charge Type: Main Acute Price List"
"ROD, REVOLVE 5.5X180MM","OperChSup53966","CDM","278","RC","C1713","HCPCS","","","facility","both","","","","2316.78","2316.78","","","","","","","","","","","","","Gross Charge Type: Main Acute Price List"
"ROD, REVOLVE 5.5X190MM","Wilm5453967","CDM","278","RC","C1713","HCPCS","","","facility","both","","","","2316.78","2316.78","","","","","","","","","","","","","Gross Charge Type: Main Acute Price List"
"ROD, REVOLVE 5.5X210MM","Wilm5453969","CDM","278","RC","C1713","HCPCS","","","facility","both","","","","2316.78","2316.78","","","","","","","","","","","","","Gross Charge Type: Main Acute Price List"
"ROD, REVOLVE 5.5X45MM","GastWmSup53949","CDM","278","RC","C1713","HCPCS","","","facility","both","","","","2316.78","2316.78","","","","","","","","","","","","","Gross Charge Type: Main Acute Price List"
"ROD, REVOLVE 5.5X45MM","OperWmSup53949","CDM","278","RC","C1713","HCPCS","","","facility","both","","","","2316.78","2316.78","","","","","","","","","","","","","Gross Charge Type: Main Acute Price List"
"ROD, REVOLVE 5.5X50MM","CcthChSup53950","CDM","278","RC","C1713","HCPCS","","","facility","both","","","","2316.78","2316.78","","","","","","","","","","","","","Gross Charge Type: Main Acute Price List"
"ROD, REVOLVE 5.5X60MM","CspuChSup53952","CDM","278","RC","C1713","HCPCS","","","facility","both","","","","2316.78","2316.78","","","","","","","","","","","","","Gross Charge Type: Main Acute Price List"
"ROD, REVOLVE 5.5X60MM","ScorChSup53952","CDM","278","RC","C1713","HCPCS","","","facility","both","","","","2316.78","2316.78","","","","","","","","","","","","","Gross Charge Type: Main Acute Price List"
"ROD, REVOLVE 5.5X75MM","PacuChSup53955","CDM","278","RC","C1713","HCPCS","","","facility","both","","","","2316.78","2316.78","","","","","","","","","","","","","Gross Charge Type: Main Acute Price List"
"ROD, REVOLVE 5.5X80MM","EplbChSup53956","CDM","278","RC","C1713","HCPCS","","","facility","both","","","","2316.78","2316.78","","","","","","","","","","","","","Gross Charge Type: Main Acute Price List"
"ROD, REVOLVE 5.5X90MM","AngiWmSup53957","CDM","278","RC","C1713","HCPCS","","","facility","both","","","","2316.78","2316.78","","","","","","","","","","","","","Gross Charge Type: Main Acute Price List"
"ROD, REVOLVE 5.5X90MM","GyscChSup53957","CDM","278","RC","C1713","HCPCS","","","facility","both","","","","2316.78","2316.78","","","","","","","","","","","","","Gross Charge Type: Main Acute Price List"
"ROD, REVOLVE 5.5X90MM","PacuWmSup53957","CDM","278","RC","C1713","HCPCS","","","facility","both","","","","2316.78","2316.78","","","","","","","","","","","","","Gross Charge Type: Main Acute Price List"
"ROD, SEMI-CIRCULAR HOFFMAN3 MRI 11X220MM","ScanWmSup60365","CDM","278","RC","C1713","HCPCS","","","facility","both","","","","3101.07","3101.07","","","","","","","","","","","","","Gross Charge Type: Main Acute Price List"
"ROD, SEXTANT TI 30MM","CspuChSup28829","CDM","278","RC","C1713","HCPCS","","","facility","both","","","","2200.94","2200.94","","","","","","","","","","","","","Gross Charge Type: Main Acute Price List"
"ROD, SEXTANT TI 65MM","ScpuChSup29870","CDM","278","RC","C1713","HCPCS","","","facility","both","","","","2200.94","2200.94","","","","","","","","","","","","","Gross Charge Type: Main Acute Price List"
"ROD, SEXTANT TI 80MM","CcthChSup22531","CDM","278","RC","C1713","HCPCS","","","facility","both","","","","2200.94","2200.94","","","","","","","","","","","","","Gross Charge Type: Main Acute Price List"
"ROD, SINGLE BALL 5.5X100MM","ScpuChSup41454","CDM","278","RC","C1713","HCPCS","","","facility","both","","","","2316.78","2316.78","","","","","","","","","","","","","Gross Charge Type: Main Acute Price List"
"ROD, SINGLE BALL 5.5X120MM","ScorChSup41455","CDM","278","RC","C1713","HCPCS","","","facility","both","","","","2316.78","2316.78","","","","","","","","","","","","","Gross Charge Type: Main Acute Price List"
"ROD, SINGLE BALL 5.5X140MM","AnesChSup41456","CDM","278","RC","C1713","HCPCS","","","facility","both","","","","2316.78","2316.78","","","","","","","","","","","","","Gross Charge Type: Main Acute Price List"
"ROD, SINGLE BALL 5.5X30MM","CcthChSup41447","CDM","278","RC","C1713","HCPCS","","","facility","both","","","","2316.78","2316.78","","","","","","","","","","","","","Gross Charge Type: Main Acute Price List"
"ROD, SINGLE BALL 5.5X50MM","AngiChSup41450","CDM","278","RC","C1713","HCPCS","","","facility","both","","","","2316.78","2316.78","","","","","","","","","","","","","Gross Charge Type: Main Acute Price List"
"ROD, SINGLE BALL 5.5X50MM","PacuWmSup41450","CDM","278","RC","C1713","HCPCS","","","facility","both","","","","2316.78","2316.78","","","","","","","","","","","","","Gross Charge Type: Main Acute Price List"
"ROD, SINGLE BALL 5.5X55MM","ScanWmSup41451","CDM","278","RC","C1713","HCPCS","","","facility","both","","","","2316.78","2316.78","","","","","","","","","","","","","Gross Charge Type: Main Acute Price List"
"ROD, SINGLE BALL 5.5X80MM","CspuChSup41452","CDM","278","RC","C1713","HCPCS","","","facility","both","","","","2316.78","2316.78","","","","","","","","","","","","","Gross Charge Type: Main Acute Price List"
"ROD, SINGLE BALL 5.5X80MM","OperChSup41452","CDM","278","RC","C1713","HCPCS","","","facility","both","","","","2316.78","2316.78","","","","","","","","","","","","","Gross Charge Type: Main Acute Price List"
"ROD, SINGLE BALL 5.5X90MM","ScpuChSup41453","CDM","278","RC","C1713","HCPCS","","","facility","both","","","","2316.78","2316.78","","","","","","","","","","","","","Gross Charge Type: Main Acute Price List"
"ROD, SOLERA 40MM COMPT","PacuWmSup111231","CDM","278","RC","C1713","HCPCS","","","facility","both","","","","752.95","752.95","","","","","","","","","","","","","Gross Charge Type: Main Acute Price List"
"ROD, SOLERA 40MM COMPT","ScpuChSup111231","CDM","278","RC","C1713","HCPCS","","","facility","both","","","","752.95","752.95","","","","","","","","","","","","","Gross Charge Type: Main Acute Price List"
"ROD, SOLERA 50MM COMPT","GyscChSup111230","CDM","278","RC","C1713","HCPCS","","","facility","both","","","","752.95","752.95","","","","","","","","","","","","","Gross Charge Type: Main Acute Price List"
"ROD, SOLERA CCM PLS NS STRT 4.75X500MM","GastChSup49068","CDM","278","RC","C1713","HCPCS","","","facility","both","","","","800.77","800.77","","","","","","","","","","","","","Gross Charge Type: Main Acute Price List"
"ROD, SOLERA VOYAGER ROD 75MM","GastWmSup108337","CDM","278","RC","C1713","HCPCS","","","facility","both","","","","1158.39","1158.39","","","","","","","","","","","","","Gross Charge Type: Main Acute Price List"
"ROD, SOLERA VOYAGER ROD 75MM","ScanWmSup108337","CDM","278","RC","C1713","HCPCS","","","facility","both","","","","1158.39","1158.39","","","","","","","","","","","","","Gross Charge Type: Main Acute Price List"
"ROD, SPINAL 4X360MM","EplbChSup56919","CDM","278","RC","C1713","HCPCS","","","facility","both","","","","810.87","810.87","","","","","","","","","","","","","Gross Charge Type: Main Acute Price List"
"ROD, SPINAL AXIAL 3D 10X11X40MM","ScanChSup35489","CDM","278","RC","C1713","HCPCS","","","facility","both","","","","46306.64","46306.64","","","","","","","","","","","","","Gross Charge Type: Main Acute Price List"
"ROD, SPINAL AXIAL 3D 10X12X40MM","EplbChSup35491","CDM","278","RC","C1713","HCPCS","","","facility","both","","","","46306.64","46306.64","","","","","","","","","","","","","Gross Charge Type: Main Acute Price List"
"ROD, SPINAL AXIAL 3D 9X12X55MM","Wilm5436206","CDM","278","RC","C1713","HCPCS","","","facility","both","","","","46306.64","46306.64","","","","","","","","","","","","","Gross Charge Type: Main Acute Price List"
"ROD, SPINAL CD HORIZON SOLERA 4.75MM 30MM CAPPED","PacuWmSup116392","CDM","278","RC","C1713","HCPCS","","","facility","both","","","","1231.94","1231.94","","","","","","","","","","","","","Gross Charge Type: Main Acute Price List"
"ROD, SPINAL CURVED SOFT 6.0X70MM","PacuChSup41794","CDM","278","RC","C1713","HCPCS","","","facility","both","","","","1158.39","1158.39","","","","","","","","","","","","","Gross Charge Type: Main Acute Price List"
"ROD, SPINAL CURVED SOFT 6.0X70MM","PacuWmSup41794","CDM","278","RC","C1713","HCPCS","","","facility","both","","","","1158.39","1158.39","","","","","","","","","","","","","Gross Charge Type: Main Acute Price List"
"ROD, SPINAL ELLIPSE 3.5X240MM","ScanChSup54517","CDM","278","RC","C1713","HCPCS","","","facility","both","","","","1013.59","1013.59","","","","","","","","","","","","","Gross Charge Type: Main Acute Price List"
"ROD, SPINAL MATRIX TI 5.5MMX400MM","GastChSup50138","CDM","278","RC","C1713","HCPCS","","","facility","both","","","","868.79","868.79","","","","","","","","","","","","","Gross Charge Type: Main Acute Price List"
"ROD, SPINAL MATRIX TI 5.5MMX500MM","ScpuChSup50139","CDM","278","RC","C1713","HCPCS","","","facility","both","","","","868.79","868.79","","","","","","","","","","","","","Gross Charge Type: Main Acute Price List"
"ROD, SPINAL MOUNTAINEER COCR","GastWmSup51031","CDM","278","RC","C1713","HCPCS","","","facility","both","","","","2316.78","2316.78","","","","","","","","","","","","","Gross Charge Type: Main Acute Price List"
"ROD, SPINAL PEEK 6.35X35MM","Chrs3135154","CDM","278","RC","C1713","HCPCS","","","facility","both","","","","1100.47","1100.47","","","","","","","","","","","","","Gross Charge Type: Main Acute Price List"
"ROD, SPINAL PEEK 6.35X50MM","GastWmSup35156","CDM","278","RC","C1713","HCPCS","","","facility","both","","","","1100.47","1100.47","","","","","","","","","","","","","Gross Charge Type: Main Acute Price List"
"ROD, SPINAL PEEK 6.35X50MM","ScanChSup35156","CDM","278","RC","C1713","HCPCS","","","facility","both","","","","1100.47","1100.47","","","","","","","","","","","","","Gross Charge Type: Main Acute Price List"
"ROD, SPINAL PEEK 6.35X60MM","GastChSup35157","CDM","278","RC","C1713","HCPCS","","","facility","both","","","","1100.47","1100.47","","","","","","","","","","","","","Gross Charge Type: Main Acute Price List"
"ROD, SPINAL PEEK 6.35X60MM","OperChSup35157","CDM","278","RC","C1713","HCPCS","","","facility","both","","","","1100.47","1100.47","","","","","","","","","","","","","Gross Charge Type: Main Acute Price List"
"ROD, SPINAL PEEK 6.35X60MM","Wilm5435157","CDM","278","RC","C1713","HCPCS","","","facility","both","","","","1100.47","1100.47","","","","","","","","","","","","","Gross Charge Type: Main Acute Price List"
"ROD, SPINAL PEEK 6.35X80MM","GastWmSup35159","CDM","278","RC","C1713","HCPCS","","","facility","both","","","","1100.47","1100.47","","","","","","","","","","","","","Gross Charge Type: Main Acute Price List"
"ROD, SPINAL POSTERIOR MINIT CURVED 25MM","AnesWmSup43624","CDM","278","RC","C1713","HCPCS","","","facility","both","","","","810.87","810.87","","","","","","","","","","","","","Gross Charge Type: Main Acute Price List"
"ROD, SPINAL POSTERIOR MINIT CURVED 25MM","AngiChSup43624","CDM","278","RC","C1713","HCPCS","","","facility","both","","","","810.87","810.87","","","","","","","","","","","","","Gross Charge Type: Main Acute Price List"
"ROD, SPINAL POSTERIOR MINIT CURVED 35MM","GyscChSup43622","CDM","278","RC","C1713","HCPCS","","","facility","both","","","","810.87","810.87","","","","","","","","","","","","","Gross Charge Type: Main Acute Price List"
"ROD, SPINAL POSTERIOR MINIT CURVED 40MM","GyscChSup43621","CDM","278","RC","C1713","HCPCS","","","facility","both","","","","810.87","810.87","","","","","","","","","","","","","Gross Charge Type: Main Acute Price List"
"ROD, SPINAL POSTERIOR MINIT CURVED 45MM","ScorChSup43620","CDM","278","RC","C1713","HCPCS","","","facility","both","","","","810.87","810.87","","","","","","","","","","","","","Gross Charge Type: Main Acute Price List"
"ROD, SPINAL POSTERIOR MINIT CURVED 45MM","Wilm5443620","CDM","278","RC","C1713","HCPCS","","","facility","both","","","","810.87","810.87","","","","","","","","","","","","","Gross Charge Type: Main Acute Price List"
"ROD, SPINAL POSTERIOR MINIT CURVED 50MM","GyscChSup43619","CDM","278","RC","C1713","HCPCS","","","facility","both","","","","810.87","810.87","","","","","","","","","","","","","Gross Charge Type: Main Acute Price List"
"ROD, SPINAL POSTERIOR MINIT CURVED 50MM","OperWmSup43619","CDM","278","RC","C1713","HCPCS","","","facility","both","","","","810.87","810.87","","","","","","","","","","","","","Gross Charge Type: Main Acute Price List"
"ROD, SPINAL POSTERIOR MINIT CURVED 50MM","ScanChSup43619","CDM","278","RC","C1713","HCPCS","","","facility","both","","","","810.87","810.87","","","","","","","","","","","","","Gross Charge Type: Main Acute Price List"
"ROD, SPINAL POSTERIOR MINIT CURVED 55MM","PacuChSup43618","CDM","278","RC","C1713","HCPCS","","","facility","both","","","","810.87","810.87","","","","","","","","","","","","","Gross Charge Type: Main Acute Price List"
"ROD, SPINAL POSTERIOR MINIT CURVED 55MM","ScorChSup43618","CDM","278","RC","C1713","HCPCS","","","facility","both","","","","810.87","810.87","","","","","","","","","","","","","Gross Charge Type: Main Acute Price List"
"ROD, SPINAL POSTERIOR MINIT CURVED 60MM","ScorChSup43617","CDM","278","RC","C1713","HCPCS","","","facility","both","","","","810.87","810.87","","","","","","","","","","","","","Gross Charge Type: Main Acute Price List"
"ROD, SPINAL POSTERIOR MINIT CURVED 65MM","Chrs5443616","CDM","278","RC","C1713","HCPCS","","","facility","both","","","","810.87","810.87","","","","","","","","","","","","","Gross Charge Type: Main Acute Price List"
"ROD, SPINAL POSTERIOR MINIT CURVED 70MM","Wilm5443615","CDM","278","RC","C1713","HCPCS","","","facility","both","","","","810.87","810.87","","","","","","","","","","","","","Gross Charge Type: Main Acute Price List"
"ROD, SPINAL POSTERIOR MINIT CURVED 75MM","CspuChSup43614","CDM","278","RC","C1713","HCPCS","","","facility","both","","","","810.87","810.87","","","","","","","","","","","","","Gross Charge Type: Main Acute Price List"
"ROD, SPINAL POSTERIOR MINIT CURVED 80MM","OperChSup43613","CDM","278","RC","C1713","HCPCS","","","facility","both","","","","810.87","810.87","","","","","","","","","","","","","Gross Charge Type: Main Acute Price List"
"ROD, SPINAL POSTERIOR MINIT CURVED 80MM","ScanWmSup43613","CDM","278","RC","C1713","HCPCS","","","facility","both","","","","810.87","810.87","","","","","","","","","","","","","Gross Charge Type: Main Acute Price List"
"ROD, SPINAL PRE-BENT TI 5.5X25MM 58519","EplbChSup58519","CDM","278","RC","C1713","HCPCS","","","facility","both","","","","1158.39","1158.39","","","","","","","","","","","","","Gross Charge Type: Main Acute Price List"
"ROD, SPINAL PRE-BENT TI 5.5X25MM 58520","OperWmSup58520","CDM","278","RC","C1713","HCPCS","","","facility","both","","","","1158.39","1158.39","","","","","","","","","","","","","Gross Charge Type: Main Acute Price List"
"ROD, SPINAL PRE-BENT TI 5.5X25MM 58521","ScorWmSup58521","CDM","278","RC","C1713","HCPCS","","","facility","both","","","","1158.39","1158.39","","","","","","","","","","","","","Gross Charge Type: Main Acute Price List"
"ROD, SPINAL PRE-BENT TI 5.5X25MM 58523","OperChSup58523","CDM","278","RC","C1713","HCPCS","","","facility","both","","","","1158.39","1158.39","","","","","","","","","","","","","Gross Charge Type: Main Acute Price List"
"ROD, SPINAL PRE-BENT TI 5.5X25MM 58524","GastChSup58524","CDM","278","RC","C1713","HCPCS","","","facility","both","","","","1158.39","1158.39","","","","","","","","","","","","","Gross Charge Type: Main Acute Price List"
"ROD, SPINAL PRE-BENT TI 5.5X25MM 58527","EplbChSup58527","CDM","278","RC","C1713","HCPCS","","","facility","both","","","","1158.39","1158.39","","","","","","","","","","","","","Gross Charge Type: Main Acute Price List"
"ROD, SPINAL PRE-BENT TI 5.5X25MM 58529","OperChSup58529","CDM","278","RC","C1713","HCPCS","","","facility","both","","","","1158.39","1158.39","","","","","","","","","","","","","Gross Charge Type: Main Acute Price List"
"ROD, SPINAL PRE-BENT TI 5.5X25MM 58529","ScanWmSup58529","CDM","278","RC","C1713","HCPCS","","","facility","both","","","","1158.39","1158.39","","","","","","","","","","","","","Gross Charge Type: Main Acute Price List"
"ROD, SPINAL PRE-BENT TI 5.5X25MM 58530","GastWmSup58530","CDM","278","RC","C1713","HCPCS","","","facility","both","","","","1158.39","1158.39","","","","","","","","","","","","","Gross Charge Type: Main Acute Price List"
"ROD, SPINAL PRE-BENT TI 5.5X25MM 58530","Wilm5458530","CDM","278","RC","C1713","HCPCS","","","facility","both","","","","1158.39","1158.39","","","","","","","","","","","","","Gross Charge Type: Main Acute Price List"
"ROD, SPINAL PRE-BENT TI BLUE 5.5X100MM","CspuChSup58687","CDM","278","RC","C1713","HCPCS","","","facility","both","","","","868.79","868.79","","","","","","","","","","","","","Gross Charge Type: Main Acute Price List"
"ROD, SPINAL PRE-BENT TI BLUE 5.5X100MM","ScpuWmSup58687","CDM","278","RC","C1713","HCPCS","","","facility","both","","","","868.79","868.79","","","","","","","","","","","","","Gross Charge Type: Main Acute Price List"
"ROD, SPINAL PRE-BENT TI BLUE 5.5X55MM","OperWmSup58678","CDM","278","RC","C1713","HCPCS","","","facility","both","","","","868.79","868.79","","","","","","","","","","","","","Gross Charge Type: Main Acute Price List"
"ROD, SPINAL PRE-BENT TI BLUE 5.5X55MM","ScorWmSup58678","CDM","278","RC","C1713","HCPCS","","","facility","both","","","","868.79","868.79","","","","","","","","","","","","","Gross Charge Type: Main Acute Price List"
"ROD, SPINAL PRE-BENT TI BLUE 5.5X55MM","Wilm5458678","CDM","278","RC","C1713","HCPCS","","","facility","both","","","","868.79","868.79","","","","","","","","","","","","","Gross Charge Type: Main Acute Price List"
"ROD, SPINAL PRE-BENT TI BLUE 5.5X60MM","ScanChSup58679","CDM","278","RC","C1713","HCPCS","","","facility","both","","","","868.79","868.79","","","","","","","","","","","","","Gross Charge Type: Main Acute Price List"
"ROD, SPINAL PRE-BENT TI BLUE 5.5X70MM","Chrs5458681","CDM","278","RC","C1713","HCPCS","","","facility","both","","","","868.79","868.79","","","","","","","","","","","","","Gross Charge Type: Main Acute Price List"
"ROD, SPINAL PRE-BENT TI BLUE 5.5X75MM","CcthChSup58682","CDM","278","RC","C1713","HCPCS","","","facility","both","","","","868.79","868.79","","","","","","","","","","","","","Gross Charge Type: Main Acute Price List"
"ROD, SPINAL PRE-BENT TI BLUE 5.5X75MM","GastWmSup58682","CDM","278","RC","C1713","HCPCS","","","facility","both","","","","868.79","868.79","","","","","","","","","","","","","Gross Charge Type: Main Acute Price List"
"ROD, SPINAL PRE-BENT TI BLUE 5.5X80MM","ScanChSup58683","CDM","278","RC","C1713","HCPCS","","","facility","both","","","","868.79","868.79","","","","","","","","","","","","","Gross Charge Type: Main Acute Price List"
"ROD, SPINAL PRE-BENT TI BLUE 5.5X90MM","AnesChSup58685","CDM","278","RC","C1713","HCPCS","","","facility","both","","","","868.79","868.79","","","","","","","","","","","","","Gross Charge Type: Main Acute Price List"
"ROD, SPINAL PRE-BENT TI BLUE 5.5X95MM","AnesWmSup58686","CDM","278","RC","C1713","HCPCS","","","facility","both","","","","868.79","868.79","","","","","","","","","","","","","Gross Charge Type: Main Acute Price List"
"ROD, SPINAL PRE-BENT TI BLUE 5.5X95MM","ScorChSup58686","CDM","278","RC","C1713","HCPCS","","","facility","both","","","","868.79","868.79","","","","","","","","","","","","","Gross Charge Type: Main Acute Price List"
"ROD, SPINAL PREBENT CDH TI 5.5X30MM","AngiChSup44146","CDM","278","RC","C1713","HCPCS","","","facility","both","","","","752.95","752.95","","","","","","","","","","","","","Gross Charge Type: Main Acute Price List"
"ROD, SPINAL RATCHETING SP-FIX 25MM","GyscChSup55300","CDM","278","RC","C1713","HCPCS","","","facility","both","","","","4633.56","4633.56","","","","","","","","","","","","","Gross Charge Type: Main Acute Price List"
"ROD, SPINAL RELINE-O STRAIGHT 140MM","ScorChSup10196562","CDM","278","RC","C1713","HCPCS","","","facility","both","","","","1483.94","1483.94","","","","","","","","","","","","","Gross Charge Type: Main Acute Price List"
"ROD, SPINAL ST360 CURVED 6.35X50MM","AngiWmSup41990","CDM","278","RC","C1713","HCPCS","","","facility","both","","","","868.79","868.79","","","","","","","","","","","","","Gross Charge Type: Main Acute Price List"
"ROD, SPINAL ST360 CURVED 6.35X50MM","GyscChSup41990","CDM","278","RC","C1713","HCPCS","","","facility","both","","","","868.79","868.79","","","","","","","","","","","","","Gross Charge Type: Main Acute Price List"
"ROD, SPINAL ST360 CURVED 6.35X55MM","OperWmSup41993","CDM","278","RC","C1713","HCPCS","","","facility","both","","","","868.79","868.79","","","","","","","","","","","","","Gross Charge Type: Main Acute Price List"
"ROD, SPINAL ST360 CURVED 6.35X60MM","GyscChSup22304","CDM","278","RC","C1713","HCPCS","","","facility","both","","","","868.79","868.79","","","","","","","","","","","","","Gross Charge Type: Main Acute Price List"
"ROD, SPINAL ST360 CURVED 6.35X90MM","ScanChSup41995","CDM","278","RC","C1713","HCPCS","","","facility","both","","","","868.79","868.79","","","","","","","","","","","","","Gross Charge Type: Main Acute Price List"
"ROD, SPINAL TI 4X240MM","AngiChSup56918","CDM","278","RC","C1713","HCPCS","","","facility","both","","","","810.87","810.87","","","","","","","","","","","","","Gross Charge Type: Main Acute Price List"
"ROD, SPINAL TI 5.5X140MM","AnesWmSup58510","CDM","278","RC","C1713","HCPCS","","","facility","both","","","","1158.39","1158.39","","","","","","","","","","","","","Gross Charge Type: Main Acute Price List"
"ROD, SPINAL TI 5.5X140MM","CspuChSup58510","CDM","278","RC","C1713","HCPCS","","","facility","both","","","","1158.39","1158.39","","","","","","","","","","","","","Gross Charge Type: Main Acute Price List"
"ROD, SPINAL TI 5.5X300MM","OperWmSup58513","CDM","278","RC","C1713","HCPCS","","","facility","both","","","","1911.34","1911.34","","","","","","","","","","","","","Gross Charge Type: Main Acute Price List"
"ROD, SPINAL TI 5.5X300MM","ScorWmSup58513","CDM","278","RC","C1713","HCPCS","","","facility","both","","","","1911.34","1911.34","","","","","","","","","","","","","Gross Charge Type: Main Acute Price List"
"ROD, SPINAL TI 5.5X30MM 58497","PacuWmSup58497","CDM","278","RC","C1713","HCPCS","","","facility","both","","","","1158.39","1158.39","","","","","","","","","","","","","Gross Charge Type: Main Acute Price List"
"ROD, SPINAL TI 5.5X45MM","ScorWmSup58500","CDM","278","RC","C1713","HCPCS","","","facility","both","","","","1158.39","1158.39","","","","","","","","","","","","","Gross Charge Type: Main Acute Price List"
"ROD, SPINAL TI 5.5X500MM","CspuChSup58514","CDM","278","RC","C1713","HCPCS","","","facility","both","","","","1911.34","1911.34","","","","","","","","","","","","","Gross Charge Type: Main Acute Price List"
"ROD, SPINAL TI 5.5X500MM","OperWmSup58514","CDM","278","RC","C1713","HCPCS","","","facility","both","","","","1911.34","1911.34","","","","","","","","","","","","","Gross Charge Type: Main Acute Price List"
"ROD, SPINAL TI 5.5X50MM","Chrs5458501","CDM","278","RC","C1713","HCPCS","","","facility","both","","","","1158.39","1158.39","","","","","","","","","","","","","Gross Charge Type: Main Acute Price List"
"ROD, SPINAL TI 5.5X60MM","Wilm5458503","CDM","278","RC","C1713","HCPCS","","","facility","both","","","","1158.39","1158.39","","","","","","","","","","","","","Gross Charge Type: Main Acute Price List"
"ROD, SPINAL TI 5.5X70MM","PacuChSup58505","CDM","278","RC","C1713","HCPCS","","","facility","both","","","","1158.39","1158.39","","","","","","","","","","","","","Gross Charge Type: Main Acute Price List"
"ROD, SPINAL TI 5.5X80MM","GyscChSup58507","CDM","278","RC","C1713","HCPCS","","","facility","both","","","","1158.39","1158.39","","","","","","","","","","","","","Gross Charge Type: Main Acute Price List"
"ROD, SPINAL VUEPOINT 3.5MM 30MM CURVED TITANIUM","CcthChSup116383","CDM","278","RC","C1713","HCPCS","","","facility","both","","","","862.37","862.37","","","","","","","","","","","","","Gross Charge Type: Main Acute Price List"
"ROD, SPINAL VUEPOINT 3.5MM 30MM CURVED TITANIUM","ScorWmSup116383","CDM","278","RC","C1713","HCPCS","","","facility","both","","","","862.37","862.37","","","","","","","","","","","","","Gross Charge Type: Main Acute Price List"
"ROD, SPINAL YUKON OCT 3.5MM 75MM CONTOURED TITANIUM NON-STERILE","PacuWmSup119363","CDM","278","RC","C1713","HCPCS","","","facility","both","","","","868.79","868.79","","","","","","","","","","","","","Gross Charge Type: Main Acute Price List"
"ROD, SPINAL YUKON OCT 3.5MM 75MM CONTOURED TITANIUM NON-STERILE","ScorWmSup119363","CDM","278","RC","C1713","HCPCS","","","facility","both","","","","868.79","868.79","","","","","","","","","","","","","Gross Charge Type: Main Acute Price List"
"ROD, STANLESS STEEL 3 X 60MM","OperWmSup121476","CDM","278","RC","C1713","HCPCS","","","facility","both","","","","256.19","256.19","","","","","","","","","","","","","Gross Charge Type: Main Acute Price List"
"ROD, STR SYMPHONY 11 TI 4.0X120MM","AnesWmSup110125","CDM","278","RC","C1713","HCPCS","","","facility","both","","","","1385.94","1385.94","","","","","","","","","","","","","Gross Charge Type: Main Acute Price List"
"ROD, STR SYMPHONY 11 TI 4.0X120MM","OperChSup110125","CDM","278","RC","C1713","HCPCS","","","facility","both","","","","1385.94","1385.94","","","","","","","","","","","","","Gross Charge Type: Main Acute Price List"
"ROD, STR SYMPHONY 11 TI 4.0X240MM","AngiChSup106772","CDM","278","RC","C1713","HCPCS","","","facility","both","","","","1385.94","1385.94","","","","","","","","","","","","","Gross Charge Type: Main Acute Price List"
"ROD, STR SYMPHONY II TI 3.5X120MM","CspuChSup106402","CDM","278","RC","C1713","HCPCS","","","facility","both","","","","1385.94","1385.94","","","","","","","","","","","","","Gross Charge Type: Main Acute Price List"
"ROD, STR SYMPHONY II TI 3.5X240MM","ScorChSup106809","CDM","278","RC","C1713","HCPCS","","","facility","both","","","","1385.94","1385.94","","","","","","","","","","","","","Gross Charge Type: Main Acute Price List"
"ROD, STRAIGHT  TI PRECEPT 190MM","PacuWmSup54329","CDM","278","RC","C1713","HCPCS","","","facility","both","","","","2316.78","2316.78","","","","","","","","","","","","","Gross Charge Type: Main Acute Price List"
"ROD, STRAIGHT  TI PRECEPT 200MM","GastChSup54330","CDM","278","RC","C1713","HCPCS","","","facility","both","","","","2316.78","2316.78","","","","","","","","","","","","","Gross Charge Type: Main Acute Price List"
"ROD, STRAIGHT  TI PRECEPT 210MM","AnesWmSup54331","CDM","278","RC","C1713","HCPCS","","","facility","both","","","","2316.78","2316.78","","","","","","","","","","","","","Gross Charge Type: Main Acute Price List"
"ROD, STRAIGHT  TI PRECEPT 210MM","ScpuWmSup54331","CDM","278","RC","C1713","HCPCS","","","facility","both","","","","2316.78","2316.78","","","","","","","","","","","","","Gross Charge Type: Main Acute Price List"
"ROD, STRAIGHT  TI PRECEPT 210MM","Wilm5454331","CDM","278","RC","C1713","HCPCS","","","facility","both","","","","2316.78","2316.78","","","","","","","","","","","","","Gross Charge Type: Main Acute Price List"
"ROD, STRAIGHT  TI PRECEPT 220MM","GyscChSup54332","CDM","278","RC","C1713","HCPCS","","","facility","both","","","","2316.78","2316.78","","","","","","","","","","","","","Gross Charge Type: Main Acute Price List"
"ROD, STRAIGHT  TI PRECEPT 230MM","AngiWmSup54333","CDM","278","RC","C1713","HCPCS","","","facility","both","","","","2316.78","2316.78","","","","","","","","","","","","","Gross Charge Type: Main Acute Price List"
"ROD, STRAIGHT  TI PRECEPT 230MM","GyscChSup54333","CDM","278","RC","C1713","HCPCS","","","facility","both","","","","2316.78","2316.78","","","","","","","","","","","","","Gross Charge Type: Main Acute Price List"
"ROD, STRAIGHT  TI PRECEPT 230MM","PacuWmSup54333","CDM","278","RC","C1713","HCPCS","","","facility","both","","","","2316.78","2316.78","","","","","","","","","","","","","Gross Charge Type: Main Acute Price List"
"ROD, STRAIGHT  TI PRECEPT 230MM","ScpuWmSup54333","CDM","278","RC","C1713","HCPCS","","","facility","both","","","","2316.78","2316.78","","","","","","","","","","","","","Gross Charge Type: Main Acute Price List"
"ROD, STRAIGHT  TI PRECEPT 300MM","CcthChSup54336","CDM","278","RC","C1713","HCPCS","","","facility","both","","","","2316.78","2316.78","","","","","","","","","","","","","Gross Charge Type: Main Acute Price List"
"ROD, STRAIGHT  TI PRECEPT 300MM","CspuChSup54336","CDM","278","RC","C1713","HCPCS","","","facility","both","","","","2316.78","2316.78","","","","","","","","","","","","","Gross Charge Type: Main Acute Price List"
"ROD, STRAIGHT  TI PRECEPT 600MM","AnesChSup54338","CDM","278","RC","C1713","HCPCS","","","facility","both","","","","2316.78","2316.78","","","","","","","","","","","","","Gross Charge Type: Main Acute Price List"
"ROD, STRAIGHT 5.5X300MM","AnesWmSup61077","CDM","278","RC","C1713","HCPCS","","","facility","both","","","","2316.78","2316.78","","","","","","","","","","","","","Gross Charge Type: Main Acute Price List"
"ROD, STRAIGHT 5.5X300MM","EplbChSup61077","CDM","278","RC","C1713","HCPCS","","","facility","both","","","","2316.78","2316.78","","","","","","","","","","","","","Gross Charge Type: Main Acute Price List"
"ROD, STRAIGHT 5.5X70MM","AnesChSup65720","CDM","278","RC","C1713","HCPCS","","","facility","both","","","","752.95","752.95","","","","","","","","","","","","","Gross Charge Type: Main Acute Price List"
"ROD, STRAIGHT DEFORMITY 5.5X200 MM HEX TI","OperWmSup119825","CDM","278","RC","C1713","HCPCS","","","facility","both","","","","825.36","825.36","","","","","","","","","","","","","Gross Charge Type: Main Acute Price List"
"ROD, STRAIGHT MINIT 140MM","GastChSup43556","CDM","278","RC","C1713","HCPCS","","","facility","both","","","","810.87","810.87","","","","","","","","","","","","","Gross Charge Type: Main Acute Price List"
"ROD, STRAIGHT MINIT 140MM","OperWmSup43556","CDM","278","RC","C1713","HCPCS","","","facility","both","","","","810.87","810.87","","","","","","","","","","","","","Gross Charge Type: Main Acute Price List"
"ROD, STRAIGHT MINIT 140MM","ScpuWmSup43556","CDM","278","RC","C1713","HCPCS","","","facility","both","","","","810.87","810.87","","","","","","","","","","","","","Gross Charge Type: Main Acute Price List"
"ROD, STRAIGHT MINIT 240MM","AnesWmSup43557","CDM","278","RC","C1713","HCPCS","","","facility","both","","","","810.87","810.87","","","","","","","","","","","","","Gross Charge Type: Main Acute Price List"
"ROD, STRAIGHT MINIT 240MM","OperChSup43557","CDM","278","RC","C1713","HCPCS","","","facility","both","","","","810.87","810.87","","","","","","","","","","","","","Gross Charge Type: Main Acute Price List"
"ROD, STRAIGHT RELINE-O TI 5.5X300MM","CspuChSup66955","CDM","278","RC","C1713","HCPCS","","","facility","both","","","","1013.59","1013.59","","","","","","","","","","","","","Gross Charge Type: Main Acute Price List"
"ROD, STRAIGHT RELINE-O TI 5.5X500MM","CLDRChSup66531","CDM","278","RC","C1713","HCPCS","","","facility","both","","","","2027.18","2027.18","","","","","","","","","","","","","Gross Charge Type: Main Acute Price List"
"ROD, SUTURE LOOP GUIDE","EplbChSup43692","CDM","278","RC","C1713","HCPCS","","","facility","both","","","","752.95","752.95","","","","","","","","","","","","","Gross Charge Type: Main Acute Price List"
"ROD, SYMPHONY OCT DUAL DIAMETER TITANIUM 3.5X600MM","GastWmSup111249","CDM","278","RC","C1713","HCPCS","","","facility","both","","","","5161.86","5161.86","","","","","","","","","","","","","Gross Charge Type: Main Acute Price List"
"ROD, SYMPHONY OCT DUAL DIAMETER TITANIUM 3.5X600MM","PacuWmSup111249","CDM","278","RC","C1713","HCPCS","","","facility","both","","","","5161.86","5161.86","","","","","","","","","","","","","Gross Charge Type: Main Acute Price List"
"ROD, SYNAPSE TI 4.0X120MM","ScpuChSup60037","CDM","278","RC","C1713","HCPCS","","","facility","both","","","","1303.19","1303.19","","","","","","","","","","","","","Gross Charge Type: Main Acute Price List"
"ROD, TEMPORARY - 32958","PacuWmSup32958","CDM","278","RC","C1713","HCPCS","","","facility","both","","","","3967.49","3967.49","","","","","","","","","","","","","Gross Charge Type: Main Acute Price List"
"ROD, TEMPORARY - 34599","GyscChSup34599","CDM","278","RC","C1713","HCPCS","","","facility","both","","","","1766.54","1766.54","","","","","","","","","","","","","Gross Charge Type: Main Acute Price List"
"ROD, TENDON HUNTER 3MMX24.5CM","AnesChSup55265","CDM","278","RC","C1713","HCPCS","","","facility","both","","","","4604.6","4604.6","","","","","","","","","","","","","Gross Charge Type: Main Acute Price List"
"ROD, TENDON HUNTER 3MMX24.5CM","AnesWmSup55265","CDM","278","RC","C1713","HCPCS","","","facility","both","","","","4604.6","4604.6","","","","","","","","","","","","","Gross Charge Type: Main Acute Price List"
"ROD, TENDON HUNTER 4MMX24.5CM","ScanChSup55266","CDM","278","RC","C1713","HCPCS","","","facility","both","","","","14333.72","14333.72","","","","","","","","","","","","","Gross Charge Type: Main Acute Price List"
"ROD, TENDON HUNTER 4MMX24.5CM","ScorChSup55266","CDM","278","RC","C1713","HCPCS","","","facility","both","","","","14333.72","14333.72","","","","","","","","","","","","","Gross Charge Type: Main Acute Price List"
"ROD, TENDON HUNTER 5MMX24.5CM","ScorChSup55267","CDM","278","RC","C1713","HCPCS","","","facility","both","","","","13477.87","13477.87","","","","","","","","","","","","","Gross Charge Type: Main Acute Price List"
"ROD, THD 400MM","ScorChSup24918","CDM","278","RC","C1713","HCPCS","","","facility","both","","","","442.51","442.51","","","","","","","","","","","","","Gross Charge Type: Main Acute Price List"
"ROD, THREADED 100MM","Wilm5421254","CDM","278","RC","C1713","HCPCS","","","facility","both","","","","330.14","330.14","","","","","","","","","","","","","Gross Charge Type: Main Acute Price List"
"ROD, THREADED 150MM","ScanChSup21270","CDM","278","RC","C1713","HCPCS","","","facility","both","","","","214.54","214.54","","","","","","","","","","","","","Gross Charge Type: Main Acute Price List"
"ROD, THREADED 200MM","ScpuWmSup21269","CDM","278","RC","C1713","HCPCS","","","facility","both","","","","490.31","490.31","","","","","","","","","","","","","Gross Charge Type: Main Acute Price List"
"ROD, THREADED 250MM","EplbChSup21268","CDM","278","RC","C1713","HCPCS","","","facility","both","","","","560.53","560.53","","","","","","","","","","","","","Gross Charge Type: Main Acute Price List"
"ROD, THREADED 350MM","ScanWmSup46083","CDM","278","RC","C1713","HCPCS","","","facility","both","","","","402.55","402.55","","","","","","","","","","","","","Gross Charge Type: Main Acute Price List"
"ROD, THREADED 60MM","ScpuChSup21251","CDM","278","RC","C1713","HCPCS","","","facility","both","","","","172.05","172.05","","","","","","","","","","","","","Gross Charge Type: Main Acute Price List"
"ROD, THREADED HOFFMAN LRF 150MM","ScorChSup55735","CDM","272","RC","","","","","facility","both","","","","349.26","349.26","","","","","","","","","","","","","Gross Charge Type: Main Acute Price List"
"ROD, THREADED LONG 120MM","OperWmSup77441","CDM","278","RC","C1713","HCPCS","","","facility","both","","","","449.41","449.41","","","","","","","","","","","","","Gross Charge Type: Main Acute Price List"
"ROD, THREADED LONG 300MM","CcthChSup72440","CDM","278","RC","C1713","HCPCS","","","facility","both","","","","534.83","534.83","","","","","","","","","","","","","Gross Charge Type: Main Acute Price List"
"ROD, THREADED LONG 300MM","EplbChSup72440","CDM","278","RC","C1713","HCPCS","","","facility","both","","","","534.83","534.83","","","","","","","","","","","","","Gross Charge Type: Main Acute Price List"
"ROD, TI  5.5 X 200MM","GyscChSup53877","CDM","278","RC","C1713","HCPCS","","","facility","both","","","","923.96","923.96","","","","","","","","","","","","","Gross Charge Type: Main Acute Price List"
"ROD, TI  5.5 X 200MM","ScpuChSup53877","CDM","278","RC","C1713","HCPCS","","","facility","both","","","","923.96","923.96","","","","","","","","","","","","","Gross Charge Type: Main Acute Price List"
"ROD, TI  5.5 X 400MM","Chrs5453878","CDM","278","RC","C1713","HCPCS","","","facility","both","","","","868.79","868.79","","","","","","","","","","","","","Gross Charge Type: Main Acute Price List"
"ROD, TI  5.5 X 400MM","ScanChSup53878","CDM","278","RC","C1713","HCPCS","","","facility","both","","","","868.79","868.79","","","","","","","","","","","","","Gross Charge Type: Main Acute Price List"
"ROD, TI  5.5 X 400MM","ScanWmSup53878","CDM","278","RC","C1713","HCPCS","","","facility","both","","","","868.79","868.79","","","","","","","","","","","","","Gross Charge Type: Main Acute Price List"
"ROD, TI 3.2X120MM","GyscChSup26562","CDM","278","RC","C1713","HCPCS","","","facility","both","","","","1737.58","1737.58","","","","","","","","","","","","","Gross Charge Type: Main Acute Price List"
"ROD, TI 3.5X240MM","DelrChSup119210","CDM","278","RC","C1713","HCPCS","","","facility","both","","","","810.87","810.87","","","","","","","","","","","","","Gross Charge Type: Main Acute Price List"
"ROD, TI 3.5X240MM","GastWmSup119210","CDM","278","RC","C1713","HCPCS","","","facility","both","","","","810.87","810.87","","","","","","","","","","","","","Gross Charge Type: Main Acute Price List"
"ROD, TI 3.5X40MM","PacuWmSup118195","CDM","278","RC","C1713","HCPCS","","","facility","both","","","","1274.23","1274.23","","","","","","","","","","","","","Gross Charge Type: Main Acute Price List"
"ROD, TI 5.5 X 70MM","AngiChSup21375","CDM","278","RC","C1713","HCPCS","","","facility","both","","","","1158.39","1158.39","","","","","","","","","","","","","Gross Charge Type: Main Acute Price List"
"ROD, TI 5.5 X300MM","AngiWmSup76874","CDM","278","RC","C1713","HCPCS","","","facility","both","","","","868.79","868.79","","","","","","","","","","","","","Gross Charge Type: Main Acute Price List"
"ROD, TI 5.5X65MM","CcthChSup32233","CDM","278","RC","C1713","HCPCS","","","facility","both","","","","868.79","868.79","","","","","","","","","","","","","Gross Charge Type: Main Acute Price List"
"ROD, TI HARD 6.0X500MM","AngiWmSup21632","CDM","278","RC","C1713","HCPCS","","","facility","both","","","","1067.58","1067.58","","","","","","","","","","","","","Gross Charge Type: Main Acute Price List"
"ROD, TI HARD PRECONTOURED 5.5X400MM","ScanWmSup80071","CDM","278","RC","C1713","HCPCS","","","facility","both","","","","4210.75","4210.75","","","","","","","","","","","","","Gross Charge Type: Main Acute Price List"
"ROD, TI HEX RAD 5.5X45MM","GyscChSup54768","CDM","278","RC","C1713","HCPCS","","","facility","both","","","","1737.58","1737.58","","","","","","","","","","","","","Gross Charge Type: Main Acute Price List"
"ROD, TI HEX RAD 5.5X45MM","OperChSup54768","CDM","278","RC","C1713","HCPCS","","","facility","both","","","","1737.58","1737.58","","","","","","","","","","","","","Gross Charge Type: Main Acute Price List"
"ROD, TI HEX RAD 5.5X80MM","CspuChSup54775","CDM","278","RC","C1713","HCPCS","","","facility","both","","","","1737.58","1737.58","","","","","","","","","","","","","Gross Charge Type: Main Acute Price List"
"ROD, TI HEX RAD 5.5X80MM","GastChSup54775","CDM","278","RC","C1713","HCPCS","","","facility","both","","","","1737.58","1737.58","","","","","","","","","","","","","Gross Charge Type: Main Acute Price List"
"ROD, TI HEX RAD STRAIGHT 5.5X130MM","CcthChSup54791","CDM","278","RC","C1713","HCPCS","","","facility","both","","","","1737.58","1737.58","","","","","","","","","","","","","Gross Charge Type: Main Acute Price List"
"ROD, TI HEX RAD STRAIGHT 5.5X140MM","Chrs5454792","CDM","278","RC","C1713","HCPCS","","","facility","both","","","","1737.58","1737.58","","","","","","","","","","","","","Gross Charge Type: Main Acute Price List"
"ROD, TI HEX RAD STRAIGHT 5.5X140MM","ScpuWmSup54792","CDM","278","RC","C1713","HCPCS","","","facility","both","","","","1737.58","1737.58","","","","","","","","","","","","","Gross Charge Type: Main Acute Price List"
"ROD, TI HEX RAD STRAIGHT 5.5X35MM","ScpuChSup54778","CDM","278","RC","C1713","HCPCS","","","facility","both","","","","1737.58","1737.58","","","","","","","","","","","","","Gross Charge Type: Main Acute Price List"
"ROD, TI HEX RAD STRAIGHT 5.5X45MM","GastWmSup54780","CDM","278","RC","C1713","HCPCS","","","facility","both","","","","1737.58","1737.58","","","","","","","","","","","","","Gross Charge Type: Main Acute Price List"
"ROD, TI HEX RAD STRAIGHT 5.5X55MM","GastChSup54782","CDM","278","RC","C1713","HCPCS","","","facility","both","","","","1737.58","1737.58","","","","","","","","","","","","","Gross Charge Type: Main Acute Price List"
"ROD, TI HEX RAD STRAIGHT 5.5X90MM","Chrs5454787","CDM","278","RC","C1713","HCPCS","","","facility","both","","","","1737.58","1737.58","","","","","","","","","","","","","Gross Charge Type: Main Acute Price List"
"ROD, TI PREBENT 5.5MM X 100CM","GyscChSup28719","CDM","278","RC","C1713","HCPCS","","","facility","both","","","","800.77","800.77","","","","","","","","","","","","","Gross Charge Type: Main Acute Price List"
"ROD, TI PREBENT 5.5MM X 100CM","ScorWmSup28719","CDM","278","RC","C1713","HCPCS","","","facility","both","","","","800.77","800.77","","","","","","","","","","","","","Gross Charge Type: Main Acute Price List"
"ROD, TI TSRH 60MM","AngiChSup21020","CDM","278","RC","C1713","HCPCS","","","facility","both","","","","1158.39","1158.39","","","","","","","","","","","","","Gross Charge Type: Main Acute Price List"
"ROD, TI TSRH 60MM","PacuChSup21020","CDM","278","RC","C1713","HCPCS","","","facility","both","","","","1158.39","1158.39","","","","","","","","","","","","","Gross Charge Type: Main Acute Price List"
"ROD, TI XIA PRECUT STRAIGHT 4.5X120MM","Wilm3166035","CDM","278","RC","C1713","HCPCS","","","facility","both","","","","868.79","868.79","","","","","","","","","","","","","Gross Charge Type: Main Acute Price List"
"ROD, TI XIA PRECUT STRAIGHT 4.5X200MM","ScorChSup78765","CDM","278","RC","C1713","HCPCS","","","facility","both","","","","1274.23","1274.23","","","","","","","","","","","","","Gross Charge Type: Main Acute Price List"
"ROD, TITANIUM PRE BENT LONG","DelrChSup113073","CDM","278","RC","C1713","HCPCS","","","facility","both","","","","3079.87","3079.87","","","","","","","","","","","","","Gross Charge Type: Main Acute Price List"
"ROD, TRIALTIS 5.5X45MM","OperChSup10195483","CDM","278","RC","C1713","HCPCS","","","facility","both","","","","804.75","804.75","","","","","","","","","","","","","Gross Charge Type: Main Acute Price List"
"ROD, TSRH TI 80MM","PacuChSup22920","CDM","278","RC","C1713","HCPCS","","","facility","both","","","","1158.39","1158.39","","","","","","","","","","","","","Gross Charge Type: Main Acute Price List"
"ROD, ULNA 3.0X250MM STRL","DelrChSup79854","CDM","278","RC","C1713","HCPCS","","","facility","both","","","","13095.6","13095.6","","","","","","","","","","","","","Gross Charge Type: Main Acute Price List"
"ROD, UNID COCR 7.75MM 1-3 LV","EplbChSup119114","CDM","278","RC","C1713","HCPCS","","","facility","both","","","","9239.61","9239.61","","","","","","","","","","","","","Gross Charge Type: Main Acute Price List"
"ROD, UNID COCR 7.75MM 1-3 LV","PacuChSup119114","CDM","278","RC","C1713","HCPCS","","","facility","both","","","","9239.61","9239.61","","","","","","","","","","","","","Gross Charge Type: Main Acute Price List"
"ROD, UNID COCR 7.75MM 1-3 LV","ScorChSup119114","CDM","278","RC","C1713","HCPCS","","","facility","both","","","","9239.61","9239.61","","","","","","","","","","","","","Gross Charge Type: Main Acute Price List"
"ROD, VERTEX PRECUT 3.5X25MM","ScanWmSup57418","CDM","278","RC","C1713","HCPCS","","","facility","both","","","","723.99","723.99","","","","","","","","","","","","","Gross Charge Type: Main Acute Price List"
"ROD, VERTEX PRECUT 3.5X30MM","GastWmSup57419","CDM","278","RC","C1713","HCPCS","","","facility","both","","","","723.99","723.99","","","","","","","","","","","","","Gross Charge Type: Main Acute Price List"
"ROD, VERTEX PRECUT 3.5X30MM","ScpuWmSup57419","CDM","278","RC","C1713","HCPCS","","","facility","both","","","","723.99","723.99","","","","","","","","","","","","","Gross Charge Type: Main Acute Price List"
"ROD, VERTEX PRECUT 3.5X40MM","AngiWmSup57421","CDM","278","RC","C1713","HCPCS","","","facility","both","","","","723.99","723.99","","","","","","","","","","","","","Gross Charge Type: Main Acute Price List"
"ROD, VERTEX PRECUT 3.5X40MM","GastChSup57421","CDM","278","RC","C1713","HCPCS","","","facility","both","","","","723.99","723.99","","","","","","","","","","","","","Gross Charge Type: Main Acute Price List"
"ROD, VERTEX PRECUT 3.5X45MM","GastChSup57422","CDM","278","RC","C1713","HCPCS","","","facility","both","","","","723.99","723.99","","","","","","","","","","","","","Gross Charge Type: Main Acute Price List"
"ROD, VERTEX PRECUT 3.5X50MM","PacuChSup57423","CDM","278","RC","C1713","HCPCS","","","facility","both","","","","723.99","723.99","","","","","","","","","","","","","Gross Charge Type: Main Acute Price List"
"ROD, VERTEX PRECUT 3.5X55MM","AnesWmSup57424","CDM","278","RC","C1713","HCPCS","","","facility","both","","","","723.99","723.99","","","","","","","","","","","","","Gross Charge Type: Main Acute Price List"
"ROD, VERTEX PRECUT 3.5X65MM","CspuChSup57426","CDM","278","RC","C1713","HCPCS","","","facility","both","","","","723.99","723.99","","","","","","","","","","","","","Gross Charge Type: Main Acute Price List"
"ROD, VERTEX PRECUT 3.5X70MM","AnesWmSup57427","CDM","278","RC","C1713","HCPCS","","","facility","both","","","","723.99","723.99","","","","","","","","","","","","","Gross Charge Type: Main Acute Price List"
"ROD, VERTEX PRECUT 3.5X70MM","AngiChSup57427","CDM","278","RC","C1713","HCPCS","","","facility","both","","","","723.99","723.99","","","","","","","","","","","","","Gross Charge Type: Main Acute Price List"
"ROD, VERTEX PRECUT 3.5X70MM","PacuChSup57427","CDM","278","RC","C1713","HCPCS","","","facility","both","","","","723.99","723.99","","","","","","","","","","","","","Gross Charge Type: Main Acute Price List"
"ROD, VERTEX PRECUT 3.5X90MM 69467","Chrs5469467","CDM","278","RC","C1713","HCPCS","","","facility","both","","","","723.99","723.99","","","","","","","","","","","","","Gross Charge Type: Main Acute Price List"
"ROD, VERTEX PRECUT 3.5X95MM","CspuChSup57432","CDM","278","RC","C1713","HCPCS","","","facility","both","","","","723.99","723.99","","","","","","","","","","","","","Gross Charge Type: Main Acute Price List"
"ROD, VERTEX SELECT TI 3.5X240MM","ScorChSup57481","CDM","278","RC","C1713","HCPCS","","","facility","both","","","","723.99","723.99","","","","","","","","","","","","","Gross Charge Type: Main Acute Price List"
"ROD, VERTEX TI 3.2X240MM 3.5MM","CspuChSup35477","CDM","278","RC","C1713","HCPCS","","","facility","both","","","","1737.58","1737.58","","","","","","","","","","","","","Gross Charge Type: Main Acute Price List"
"ROD, VIPER 180MM TI","PacuWmSup119133","CDM","278","RC","C1713","HCPCS","","","facility","both","","","","1505.91","1505.91","","","","","","","","","","","","","Gross Charge Type: Main Acute Price List"
"ROD, VIPER 230MM","OperWmSup121374","CDM","278","RC","C1713","HCPCS","","","facility","both","","","","1231.94","1231.94","","","","","","","","","","","","","Gross Charge Type: Main Acute Price List"
"ROD, VIPER 50MM","AngiWmSup119788","CDM","278","RC","C1713","HCPCS","","","facility","both","","","","1601.53","1601.53","","","","","","","","","","","","","Gross Charge Type: Main Acute Price List"
"ROD, VIPER 50MM","EplbChSup119788","CDM","278","RC","C1713","HCPCS","","","facility","both","","","","1601.53","1601.53","","","","","","","","","","","","","Gross Charge Type: Main Acute Price List"
"ROD, VIPER STRAIGHT 110MM","GyscChSup119147","CDM","278","RC","C1713","HCPCS","","","facility","both","","","","1601.53","1601.53","","","","","","","","","","","","","Gross Charge Type: Main Acute Price List"
"ROD, VIPER2 KYPHOSED 100MM","EplbChSup57783","CDM","278","RC","C1713","HCPCS","","","facility","both","","","","1601.53","1601.53","","","","","","","","","","","","","Gross Charge Type: Main Acute Price List"
"ROD, VIPER2 KYPHOSED 110MM","OperChSup57784","CDM","278","RC","C1713","HCPCS","","","facility","both","","","","1486.97","1486.97","","","","","","","","","","","","","Gross Charge Type: Main Acute Price List"
"ROD, VIPER2 KYPHOSED 120MM","GastWmSup57785","CDM","278","RC","C1713","HCPCS","","","facility","both","","","","1601.53","1601.53","","","","","","","","","","","","","Gross Charge Type: Main Acute Price List"
"ROD, VIPER2 KYPHOSED 300MM","GyscChSup57788","CDM","278","RC","C1713","HCPCS","","","facility","both","","","","1505.91","1505.91","","","","","","","","","","","","","Gross Charge Type: Main Acute Price List"
"ROD, VIPER2 KYPHOSED 50MM","AngiChSup57778","CDM","278","RC","C1713","HCPCS","","","facility","both","","","","1505.91","1505.91","","","","","","","","","","","","","Gross Charge Type: Main Acute Price List"
"ROD, VIPER2 KYPHOSED 50MM","ScorWmSup57778","CDM","278","RC","C1713","HCPCS","","","facility","both","","","","1505.91","1505.91","","","","","","","","","","","","","Gross Charge Type: Main Acute Price List"
"ROD, VIPER2 KYPHOSED 60MM","ScorChSup57779","CDM","278","RC","C1713","HCPCS","","","facility","both","","","","1486.97","1486.97","","","","","","","","","","","","","Gross Charge Type: Main Acute Price List"
"ROD, VIPER2 LORDOTIC 100MM","ScorWmSup52633","CDM","278","RC","C1713","HCPCS","","","facility","both","","","","1486.97","1486.97","","","","","","","","","","","","","Gross Charge Type: Main Acute Price List"
"ROD, VIPER2 LORDOTIC 110MM","ScanWmSup52634","CDM","278","RC","C1713","HCPCS","","","facility","both","","","","1486.97","1486.97","","","","","","","","","","","","","Gross Charge Type: Main Acute Price List"
"ROD, VIPER2 LORDOTIC 130MM","OperWmSup52636","CDM","278","RC","C1713","HCPCS","","","facility","both","","","","1601.53","1601.53","","","","","","","","","","","","","Gross Charge Type: Main Acute Price List"
"ROD, VIPER2 LORDOTIC 130MM","ScorWmSup52636","CDM","278","RC","C1713","HCPCS","","","facility","both","","","","1601.53","1601.53","","","","","","","","","","","","","Gross Charge Type: Main Acute Price List"
"ROD, VIPER2 LORDOTIC 150MM","PacuChSup52638","CDM","278","RC","C1713","HCPCS","","","facility","both","","","","1486.97","1486.97","","","","","","","","","","","","","Gross Charge Type: Main Acute Price List"
"ROD, VIPER2 LORDOTIC 150MM","Wilm5452638","CDM","278","RC","C1713","HCPCS","","","facility","both","","","","1486.97","1486.97","","","","","","","","","","","","","Gross Charge Type: Main Acute Price List"
"ROD, VIPER2 LORDOTIC 35MM","GyscChSup52623","CDM","278","RC","C1713","HCPCS","","","facility","both","","","","1486.97","1486.97","","","","","","","","","","","","","Gross Charge Type: Main Acute Price List"
"ROD, VIPER2 LORDOTIC 50MM","ScanWmSup52625","CDM","278","RC","C1713","HCPCS","","","facility","both","","","","1601.53","1601.53","","","","","","","","","","","","","Gross Charge Type: Main Acute Price List"
"ROD, VIPER2 LORDOTIC 50MM","ScorChSup52625","CDM","278","RC","C1713","HCPCS","","","facility","both","","","","1601.53","1601.53","","","","","","","","","","","","","Gross Charge Type: Main Acute Price List"
"ROD, VIPER2 LORDOTIC 75MM","ScpuChSup52630","CDM","278","RC","C1713","HCPCS","","","facility","both","","","","1486.97","1486.97","","","","","","","","","","","","","Gross Charge Type: Main Acute Price List"
"ROD, VIPER2 LORDOTIC 85MM","OperWmSup52631","CDM","278","RC","C1713","HCPCS","","","facility","both","","","","1486.97","1486.97","","","","","","","","","","","","","Gross Charge Type: Main Acute Price List"
"ROD, VIPER2 STRAIGHT 110MM","CspuChSup52606","CDM","278","RC","C1713","HCPCS","","","facility","both","","","","1601.53","1601.53","","","","","","","","","","","","","Gross Charge Type: Main Acute Price List"
"ROD, VIPER2 STRAIGHT 160MM","Chrs5452610","CDM","278","RC","C1713","HCPCS","","","facility","both","","","","1486.97","1486.97","","","","","","","","","","","","","Gross Charge Type: Main Acute Price List"
"ROD, VIPER2 STRAIGHT 200MM","OperChSup52613","CDM","278","RC","C1713","HCPCS","","","facility","both","","","","1486.97","1486.97","","","","","","","","","","","","","Gross Charge Type: Main Acute Price List"
"ROD, VIPER2 STRAIGHT 260MM","CcthChSup52615","CDM","278","RC","C1713","HCPCS","","","facility","both","","","","1505.91","1505.91","","","","","","","","","","","","","Gross Charge Type: Main Acute Price List"
"ROD, VIPER2 STRAIGHT 300MM","PacuChSup52616","CDM","278","RC","C1713","HCPCS","","","facility","both","","","","1486.97","1486.97","","","","","","","","","","","","","Gross Charge Type: Main Acute Price List"
"ROD, VIPER2 STRAIGHT 30MM","Chrs5452596","CDM","278","RC","C1713","HCPCS","","","facility","both","","","","1505.91","1505.91","","","","","","","","","","","","","Gross Charge Type: Main Acute Price List"
"ROD, VIPER2 STRAIGHT 400MM","AnesChSup52617","CDM","278","RC","C1713","HCPCS","","","facility","both","","","","1505.91","1505.91","","","","","","","","","","","","","Gross Charge Type: Main Acute Price List"
"ROD, VIPER2 STRAIGHT 400MM","GastWmSup52617","CDM","278","RC","C1713","HCPCS","","","facility","both","","","","1505.91","1505.91","","","","","","","","","","","","","Gross Charge Type: Main Acute Price List"
"ROD, VIPER2 STRAIGHT 45MM","AnesChSup52599","CDM","278","RC","C1713","HCPCS","","","facility","both","","","","1505.91","1505.91","","","","","","","","","","","","","Gross Charge Type: Main Acute Price List"
"ROD, VIPER2 STRAIGHT 45MM","OperChSup52599","CDM","278","RC","C1713","HCPCS","","","facility","both","","","","1505.91","1505.91","","","","","","","","","","","","","Gross Charge Type: Main Acute Price List"
"ROD, VIPER2 STRAIGHT 480MM","CspuChSup52618","CDM","278","RC","C1713","HCPCS","","","facility","both","","","","1398.18","1398.18","","","","","","","","","","","","","Gross Charge Type: Main Acute Price List"
"ROD, VIPER2 STRAIGHT 80MM","GastWmSup52603","CDM","278","RC","C1713","HCPCS","","","facility","both","","","","1486.97","1486.97","","","","","","","","","","","","","Gross Charge Type: Main Acute Price List"
"ROD, VIPER2 STRAIGNT 50MM","ScpuChSup52600","CDM","278","RC","C1713","HCPCS","","","facility","both","","","","1505.91","1505.91","","","","","","","","","","","","","Gross Charge Type: Main Acute Price List"
"ROD, VIRAGE LORDOSED TI 3.5X100MM","PacuWmSup64274","CDM","278","RC","C1713","HCPCS","","","facility","both","","","","810.87","810.87","","","","","","","","","","","","","Gross Charge Type: Main Acute Price List"
"ROD, VIRAGE LORDOSED TI 3.5X110MM","AngiWmSup64275","CDM","278","RC","C1713","HCPCS","","","facility","both","","","","810.87","810.87","","","","","","","","","","","","","Gross Charge Type: Main Acute Price List"
"ROD, VIRAGE LORDOSED TI 3.5X40MM","CcthChSup64267","CDM","278","RC","C1713","HCPCS","","","facility","both","","","","810.87","810.87","","","","","","","","","","","","","Gross Charge Type: Main Acute Price List"
"ROD, VIRAGE LORDOSED TI 3.5X40MM","OperWmSup64267","CDM","278","RC","C1713","HCPCS","","","facility","both","","","","810.87","810.87","","","","","","","","","","","","","Gross Charge Type: Main Acute Price List"
"ROD, VIRAGE LORDOSED TI 3.5X40MM","Wilm3164267","CDM","278","RC","C1713","HCPCS","","","facility","both","","","","810.87","810.87","","","","","","","","","","","","","Gross Charge Type: Main Acute Price List"
"ROD, VIRAGE LORDOSED TI 3.5X50MM","CcthChSup64269","CDM","278","RC","C1713","HCPCS","","","facility","both","","","","810.87","810.87","","","","","","","","","","","","","Gross Charge Type: Main Acute Price List"
"ROD, VIRAGE LORDOSED TI 3.5X80MM","ScanChSup64272","CDM","278","RC","C1713","HCPCS","","","facility","both","","","","810.87","810.87","","","","","","","","","","","","","Gross Charge Type: Main Acute Price List"
"ROD, VIRAGE STRAIGHT TI 3.5X30MM","AngiWmSup64265","CDM","278","RC","C1713","HCPCS","","","facility","both","","","","810.87","810.87","","","","","","","","","","","","","Gross Charge Type: Main Acute Price List"
"ROD, VIRAGE STRAIGHT TI 3.5X30MM","PacuWmSup64265","CDM","278","RC","C1713","HCPCS","","","facility","both","","","","810.87","810.87","","","","","","","","","","","","","Gross Charge Type: Main Acute Price List"
"ROD, VIRAGE STRAIGHT TI 3.5X35MM","ScorChSup64266","CDM","278","RC","C1713","HCPCS","","","facility","both","","","","810.87","810.87","","","","","","","","","","","","","Gross Charge Type: Main Acute Price List"
"ROD, VITALITY CURVED TI  5.5X60MM","AnesWmSup78468","CDM","278","RC","C1713","HCPCS","","","facility","both","","","","868.79","868.79","","","","","","","","","","","","","Gross Charge Type: Main Acute Price List"
"ROD, VOYAGER 40MM COMPT","GastWmSup112859","CDM","278","RC","C1713","HCPCS","","","facility","both","","","","1231.94","1231.94","","","","","","","","","","","","","Gross Charge Type: Main Acute Price List"
"ROD, VOYAGER 60MM","GastWmSup108945","CDM","278","RC","C1713","HCPCS","","","facility","both","","","","1158.39","1158.39","","","","","","","","","","","","","Gross Charge Type: Main Acute Price List"
"ROD, VOYAGER 60MM","ScpuChSup108945","CDM","278","RC","C1713","HCPCS","","","facility","both","","","","1158.39","1158.39","","","","","","","","","","","","","Gross Charge Type: Main Acute Price List"
"ROD, VOYAGER 65MM","AngiChSup108281","CDM","278","RC","C1713","HCPCS","","","facility","both","","","","1158.39","1158.39","","","","","","","","","","","","","Gross Charge Type: Main Acute Price List"
"ROD, VOYAGER 65MM","ScorWmSup108281","CDM","278","RC","C1713","HCPCS","","","facility","both","","","","1158.39","1158.39","","","","","","","","","","","","","Gross Charge Type: Main Acute Price List"
"ROD, VOYAGER 70MM","GyscChSup108282","CDM","278","RC","C1713","HCPCS","","","facility","both","","","","1158.39","1158.39","","","","","","","","","","","","","Gross Charge Type: Main Acute Price List"
"ROD, VOYAGER 70MM","ScpuWmSup108282","CDM","278","RC","C1713","HCPCS","","","facility","both","","","","1158.39","1158.39","","","","","","","","","","","","","Gross Charge Type: Main Acute Price List"
"ROD, VOYAGER 75MM","OperChSup109306","CDM","278","RC","C1713","HCPCS","","","facility","both","","","","1158.39","1158.39","","","","","","","","","","","","","Gross Charge Type: Main Acute Price List"
"ROD, VOYAGER 75MM","PacuWmSup109306","CDM","278","RC","C1713","HCPCS","","","facility","both","","","","1158.39","1158.39","","","","","","","","","","","","","Gross Charge Type: Main Acute Price List"
"ROD, VOYAGER 90MM","GastChSup109226","CDM","278","RC","C1713","HCPCS","","","facility","both","","","","1158.39","1158.39","","","","","","","","","","","","","Gross Charge Type: Main Acute Price List"
"ROD, VP2 40MM","PacuChSup111081","CDM","278","RC","C1713","HCPCS","","","facility","both","","","","862.37","862.37","","","","","","","","","","","","","Gross Charge Type: Main Acute Price List"
"ROD, VUEPOINT 210MM","ScanChSup72232","CDM","278","RC","C1713","HCPCS","","","facility","both","","","","810.87","810.87","","","","","","","","","","","","","Gross Charge Type: Main Acute Price List"
"ROD, VUEPOINT 80MM","GastChSup111007","CDM","278","RC","C1713","HCPCS","","","facility","both","","","","862.37","862.37","","","","","","","","","","","","","Gross Charge Type: Main Acute Price List"
"ROD, VUEPOINT 80MM","OperWmSup111007","CDM","278","RC","C1713","HCPCS","","","facility","both","","","","862.37","862.37","","","","","","","","","","","","","Gross Charge Type: Main Acute Price List"
"ROD, VUEPOINT 80MM","ScpuChSup111007","CDM","278","RC","C1713","HCPCS","","","facility","both","","","","862.37","862.37","","","","","","","","","","","","","Gross Charge Type: Main Acute Price List"
"ROD, XIA 4.5X40MM","AnesWmSup65414","CDM","278","RC","C1713","HCPCS","","","facility","both","","","","1274.23","1274.23","","","","","","","","","","","","","Gross Charge Type: Main Acute Price List"
"ROD, XIA 4.5X40MM","OperWmSup65414","CDM","278","RC","C1713","HCPCS","","","facility","both","","","","1274.23","1274.23","","","","","","","","","","","","","Gross Charge Type: Main Acute Price List"
"ROD, XIA PREBENT PRECUT W/O HEX 4.5X30MM","ScpuChSup74527","CDM","278","RC","C1713","HCPCS","","","facility","both","","","","1274.23","1274.23","","","","","","","","","","","","","Gross Charge Type: Main Acute Price List"
"ROD, XIA3 70MM","GastWmSup61113","CDM","278","RC","C1713","HCPCS","","","facility","both","","","","868.79","868.79","","","","","","","","","","","","","Gross Charge Type: Main Acute Price List"
"ROD, XIA3 70MM","ScanChSup61113","CDM","278","RC","C1713","HCPCS","","","facility","both","","","","868.79","868.79","","","","","","","","","","","","","Gross Charge Type: Main Acute Price List"
"ROD, XIA3 MAX RAD TI 6X100MM","AnesChSup77383","CDM","278","RC","C1713","HCPCS","","","facility","both","","","","868.79","868.79","","","","","","","","","","","","","Gross Charge Type: Main Acute Price List"
"ROD, XIA3 MAX RAD TI 6X100MM","AngiWmSup77383","CDM","278","RC","C1713","HCPCS","","","facility","both","","","","868.79","868.79","","","","","","","","","","","","","Gross Charge Type: Main Acute Price List"
"ROD, XIA3 MAX RAD TI 6X110MM","AnesChSup77710","CDM","278","RC","C1713","HCPCS","","","facility","both","","","","828.02","828.02","","","","","","","","","","","","","Gross Charge Type: Main Acute Price List"
"ROD, XIA3 MAX RAD TI 6X110MM","AngiWmSup77710","CDM","278","RC","C1713","HCPCS","","","facility","both","","","","828.02","828.02","","","","","","","","","","","","","Gross Charge Type: Main Acute Price List"
"ROD, XIA3 MAX RAD TI 6X60MM","GyscChSup70479","CDM","278","RC","C1713","HCPCS","","","facility","both","","","","868.79","868.79","","","","","","","","","","","","","Gross Charge Type: Main Acute Price List"
"ROD, XIA3 MAX RAD TI 6X60MM","ScpuChSup70479","CDM","278","RC","C1713","HCPCS","","","facility","both","","","","868.79","868.79","","","","","","","","","","","","","Gross Charge Type: Main Acute Price List"
"ROD, XIA3 MAX RAD TI 6X70MM","AnesChSup77881","CDM","278","RC","C1713","HCPCS","","","facility","both","","","","868.79","868.79","","","","","","","","","","","","","Gross Charge Type: Main Acute Price List"
"ROD, XIA3 RAD TI 6X50MM","AngiChSup64592","CDM","278","RC","C1713","HCPCS","","","facility","both","","","","868.79","868.79","","","","","","","","","","","","","Gross Charge Type: Main Acute Price List"
"ROD, XIA3 RAD TI 6X50MM","PacuWmSup64592","CDM","278","RC","C1713","HCPCS","","","facility","both","","","","868.79","868.79","","","","","","","","","","","","","Gross Charge Type: Main Acute Price List"
"ROD, XIA3 TI 5.5X480MM","AngiWmSup61111","CDM","278","RC","C1713","HCPCS","","","facility","both","","","","1274.23","1274.23","","","","","","","","","","","","","Gross Charge Type: Main Acute Price List"
"ROD, XIA3 TI 5.5X480MM","GyscChSup61111","CDM","278","RC","C1713","HCPCS","","","facility","both","","","","1274.23","1274.23","","","","","","","","","","","","","Gross Charge Type: Main Acute Price List"
"ROD, XIA3 TI 6.0X480MM","ScorChSup61535","CDM","278","RC","C1713","HCPCS","","","facility","both","","","","868.79","868.79","","","","","","","","","","","","","Gross Charge Type: Main Acute Price List"
"ROD, XIA3 TI 6.0X480MM","ScpuChSup61535","CDM","278","RC","C1713","HCPCS","","","facility","both","","","","868.79","868.79","","","","","","","","","","","","","Gross Charge Type: Main Acute Price List"
"ROD, XIA3 TI 6X110MM","ScpuWmSup54721","CDM","278","RC","C1713","HCPCS","","","facility","both","","","","868.79","868.79","","","","","","","","","","","","","Gross Charge Type: Main Acute Price List"
"ROD, XIA3 TI 6X130MM","CspuChSup54723","CDM","278","RC","C1713","HCPCS","","","facility","both","","","","868.79","868.79","","","","","","","","","","","","","Gross Charge Type: Main Acute Price List"
"ROD, XIA3 TI 6X130MM","OperWmSup54723","CDM","278","RC","C1713","HCPCS","","","facility","both","","","","868.79","868.79","","","","","","","","","","","","","Gross Charge Type: Main Acute Price List"
"ROD, XIA3 TI 6X130MM","PacuWmSup54723","CDM","278","RC","C1713","HCPCS","","","facility","both","","","","868.79","868.79","","","","","","","","","","","","","Gross Charge Type: Main Acute Price List"
"ROD, XIA3 TI 6X150MM","CspuChSup54725","CDM","278","RC","C1713","HCPCS","","","facility","both","","","","868.79","868.79","","","","","","","","","","","","","Gross Charge Type: Main Acute Price List"
"ROD, XIA3 TI 6X30MM","Chrs5454713","CDM","278","RC","C1713","HCPCS","","","facility","both","","","","868.79","868.79","","","","","","","","","","","","","Gross Charge Type: Main Acute Price List"
"ROD, XIA3 TI 6X50MM","CcthChSup54715","CDM","278","RC","C1713","HCPCS","","","facility","both","","","","868.79","868.79","","","","","","","","","","","","","Gross Charge Type: Main Acute Price List"
"ROD, XIA3 TI 6X50MM","ScanChSup54715","CDM","278","RC","C1713","HCPCS","","","facility","both","","","","868.79","868.79","","","","","","","","","","","","","Gross Charge Type: Main Acute Price List"
"ROD, XIA3 TI 6X50MM","ScanWmSup54715","CDM","278","RC","C1713","HCPCS","","","facility","both","","","","868.79","868.79","","","","","","","","","","","","","Gross Charge Type: Main Acute Price List"
"ROD, XIA3 TI 6X600MM","OperChSup57013","CDM","278","RC","C1713","HCPCS","","","facility","both","","","","868.79","868.79","","","","","","","","","","","","","Gross Charge Type: Main Acute Price List"
"ROD, XIA3 TI 6X80MM","ScpuWmSup54718","CDM","278","RC","C1713","HCPCS","","","facility","both","","","","868.79","868.79","","","","","","","","","","","","","Gross Charge Type: Main Acute Price List"
"ROD, XIA4.5 4.5X35MM","AnesWmSup64793","CDM","278","RC","C1713","HCPCS","","","facility","both","","","","1274.23","1274.23","","","","","","","","","","","","","Gross Charge Type: Main Acute Price List"
"ROD, XIA4.5 4.5X35MM","GastChSup64793","CDM","278","RC","C1713","HCPCS","","","facility","both","","","","1274.23","1274.23","","","","","","","","","","","","","Gross Charge Type: Main Acute Price List"
"ROD, ZROD EXPEDIUM SS 5.5 X300MM","AngiWmSup106238","CDM","278","RC","C1713","HCPCS","","","facility","both","","","","3979.07","3979.07","","","","","","","","","","","","","Gross Charge Type: Main Acute Price List"
"ROD, ZROD EXPEDIUM SS 5.5 X300MM","ScorChSup106238","CDM","278","RC","C1713","HCPCS","","","facility","both","","","","3979.07","3979.07","","","","","","","","","","","","","Gross Charge Type: Main Acute Price List"
"ROD. CARBON FIBER 11.0X450 MM","GastChSup43782","CDM","278","RC","C1713","HCPCS","","","facility","both","","","","1441.38","1441.38","","","","","","","","","","","","","Gross Charge Type: Main Acute Price List"
"ROD. RELINE MAS TI STRAIGHT 5.5X45MM","CspuChSup68734","CDM","278","RC","C1713","HCPCS","","","facility","both","","","","1911.34","1911.34","","","","","","","","","","","","","Gross Charge Type: Main Acute Price List"
"ROD. RELINE MAS TI STRAIGHT 5.5X45MM","PacuChSup68734","CDM","278","RC","C1713","HCPCS","","","facility","both","","","","1911.34","1911.34","","","","","","","","","","","","","Gross Charge Type: Main Acute Price List"
"RODS, 125MM","ScorChSup113425","CDM","278","RC","C1713","HCPCS","","","facility","both","","","","923.96","923.96","","","","","","","","","","","","","Gross Charge Type: Main Acute Price List"
"RODS, 5.5X65MM TITANIUM","PacuChSup120085","CDM","278","RC","C1713","HCPCS","","","facility","both","","","","923.96","923.96","","","","","","","","","","","","","Gross Charge Type: Main Acute Price List"
"RODS, COCR 5.0X200MM","DelrChSup77862","CDM","278","RC","C1713","HCPCS","","","facility","both","","","","1847.92","1847.92","","","","","","","","","","","","","Gross Charge Type: Main Acute Price List"
"RODS, CONTOURED BULLETED HEX 5.5X120 MM TI","OperWmSup119609","CDM","278","RC","C1713","HCPCS","","","facility","both","","","","923.96","923.96","","","","","","","","","","","","","Gross Charge Type: Main Acute Price List"
"RODS, CONTOURED BULLETED HEX 5.5X120 MM TI","ScorChSup119609","CDM","278","RC","C1713","HCPCS","","","facility","both","","","","923.96","923.96","","","","","","","","","","","","","Gross Charge Type: Main Acute Price List"
"RODSCREW, CURVAFIX IM 7.5X120MM","PacuWmSup118086","CDM","278","RC","C1713","HCPCS","","","facility","both","","","","24330.97","24330.97","","","","","","","","","","","","","Gross Charge Type: Main Acute Price List"
"RODSCREW, CURVAFIX IM 7.5X130MM","ScanChSup119032","CDM","278","RC","C1713","HCPCS","","","facility","both","","","","24330.97","24330.97","","","","","","","","","","","","","Gross Charge Type: Main Acute Price List"
"RODSCREW, CURVAFIX IM 7.5X180MM","CspuChSup118370","CDM","278","RC","C1713","HCPCS","","","facility","both","","","","24330.97","24330.97","","","","","","","","","","","","","Gross Charge Type: Main Acute Price List"
"RODSCREW, CURVAFIX IM 9.5X130MM","PacuWmSup118096","CDM","278","RC","C1713","HCPCS","","","facility","both","","","","24330.97","24330.97","","","","","","","","","","","","","Gross Charge Type: Main Acute Price List"
"RODSCREW, CURVAFIX IM 9.5X130MM","ScpuWmSup118096","CDM","278","RC","C1713","HCPCS","","","facility","both","","","","24330.97","24330.97","","","","","","","","","","","","","Gross Charge Type: Main Acute Price List"
"RODSCREW, CURVAFIX IM 9.5X140MM","AnesChSup118087","CDM","278","RC","C1713","HCPCS","","","facility","both","","","","24330.97","24330.97","","","","","","","","","","","","","Gross Charge Type: Main Acute Price List"
"RODSCREW, CURVAFIX IM 9.5X160MM","GastChSup120414","CDM","278","RC","C1713","HCPCS","","","facility","both","","","","24330.97","24330.97","","","","","","","","","","","","","Gross Charge Type: Main Acute Price List"
"RODSCREW, CURVAFIX IM 9.5X160MM","OperChSup120414","CDM","278","RC","C1713","HCPCS","","","facility","both","","","","24330.97","24330.97","","","","","","","","","","","","","Gross Charge Type: Main Acute Price List"
"RODSCREW, CURVAFIX IM 9.5X160MM","ScpuChSup120414","CDM","278","RC","C1713","HCPCS","","","facility","both","","","","24330.97","24330.97","","","","","","","","","","","","","Gross Charge Type: Main Acute Price List"
"RODSCREW, CURVAFIX IN 7.5X110MM","AnesChSup118282","CDM","278","RC","C1713","HCPCS","","","facility","both","","","","21503.01","21503.01","","","","","","","","","","","","","Gross Charge Type: Main Acute Price List"
"RODSCREW, CURVAFIX IN 7.5X110MM","ScorWmSup118282","CDM","278","RC","C1713","HCPCS","","","facility","both","","","","21503.01","21503.01","","","","","","","","","","","","","Gross Charge Type: Main Acute Price List"
"RODSCREW, CURVAFIX IN 7.5X170MM","AngiChSup118285","CDM","278","RC","C1713","HCPCS","","","facility","both","","","","21503.01","21503.01","","","","","","","","","","","","","Gross Charge Type: Main Acute Price List"
"ROOM SEMI-PRIVATE","ChhnSp120","CDM","120","RC","","","","","facility","both","","","","2523.79","2523.79","","","","","","","","","","","","","Gross Charge Type: Main Acute Price List"
"ROOM SEMI-PRIVATE","CppmSp122","CDM","120","RC","","","","","facility","both","","","","2523.79","2523.79","","","","","","","","","","","","","Gross Charge Type: Main Acute Price List"
"ROOM SEMI-PRIVATE","CssuSp120","CDM","120","RC","","","","","facility","both","","","","2523.79","2523.79","","","","","","","","","","","","","Gross Charge Type: Main Acute Price List"
"ROOM SEMI-PRIVATE","SpiuSp120","CDM","120","RC","","","","","facility","both","","","","2523.79","2523.79","","","","","","","","","","","","","Gross Charge Type: Main Acute Price List"
"ROOM STEPDOWN","CeauSd206","CDM","206","RC","","","","","facility","both","","","","2523.79","2523.79","","","","","","","","","","","","","Gross Charge Type: Main Acute Price List"
"ROOM STEPDOWN","GynoSd206","CDM","206","RC","","","","","facility","both","","","","2523.79","2523.79","","","","","","","","","","","","","Gross Charge Type: Main Acute Price List"
"ROSI DNA PROBE","PATHCH1065","CDM","311","RC","88271","HCPCS","","","facility","both","","","TC","198.41","198.41","","","","","","","","","","","","","Gross Charge Type: Acute Discounted | The modified price is presented in the standard charge value. | Modifier TC: Technical Component; represents the costs of equipment, supplies, and technician personnel for a procedure, excluding the physician's interpretation. It is used when only the technical portion of a test is billed, typically by hospitals, imaging centers, or independent diagnostic testing facilities"
"ROSI DNA PROBE","PATHWM1065","CDM","311","RC","88271","HCPCS","","","facility","both","","","TC","198.41","198.41","","","","","","","","","","","","","Gross Charge Type: Acute Discounted | The modified price is presented in the standard charge value. | Modifier TC: Technical Component; represents the costs of equipment, supplies, and technician personnel for a procedure, excluding the physician's interpretation. It is used when only the technical portion of a test is billed, typically by hospitals, imaging centers, or independent diagnostic testing facilities"
"RPR","VIRORN1198","CDM","302","RC","86592","HCPCS","","","facility","both","","","","94.35","94.35","","","","","","","","","","","","","Gross Charge Type: Main Acute Price List"
"RSA lower extr exam","0350T","HCPCS","","","","","","","facility","outpatient","","","","","","Jefferson Health Plan","Health Partners Medicare Managed Care Plan","98.74","","","","","","","fee schedule","89.34","282.13","APC"
"RT US,EXTREMITY,NONVASC, STRUCTR,SOF TISS,W IMGE DOC,LIMITED RT GLR","BRML471660","CDM","402","RC","76882","HCPCS","","","facility","both","","","RT","163.55","163.55","","","","","","","","","","","","","Gross Charge Type: Main Acute Price List | The modified price is presented in the standard charge value. | Modifier RT: Right side (used to identify procedures performed on the right side of the body)"
"Rad resect hand tumor 3 cm/>","26118","HCPCS","","","","","","","facility","outpatient","","","","","","Bcbs","Highmark Medicare Managed Care Plan","2981.98","","","","","","","fee schedule","2981.98","9416.76","APC"
"Rad resect hand tumor < 3 cm","26117","HCPCS","","","","","","","facility","outpatient","","","","","","Ambetter","All Commercial Plans","4708.38","","","","","","","fee schedule","2981.98","9416.76","Radiology"
"Radiation therapy dose plan","77300","HCPCS","","","","","","","facility","outpatient","","","","","","Amerihealth","Medicare Managed Care Plan","156.87","","","","","","","fee schedule","137.98","435.74","APC"
"Radiation treatment delivery","77407","HCPCS","","","","","","","facility","outpatient","","","","","","Jefferson Health Plan","Health Partners Medicare Managed Care Plan","437.63","","","","","","","fee schedule","395.95","1250.38","APC"
"Radiation treatment delivery","77412","HCPCS","","","","","","","facility","outpatient","","","","","","Healthspring","Medicare Managed Care Plan","597.09","","","","","","","fee schedule","567.24","1791.28","APC"
"Radical resection of elbow","24149","HCPCS","","","","","","","facility","outpatient","","","","","","Bcbs","Highmark Medicare Managed Care Plan","7449.22","","","","","","","fee schedule","7449.22","23523.84","APC"
"Radiographic procedure","76499","HCPCS","","","","","","","facility","outpatient","","","","","","Cigna","All Commercial Plans","137.77","","","","","","","fee schedule","89.34","282.13",""
"Radiologic examination, chest; 3 views PFR","MDIA54P1613","CDM","975","RC","71047","HCPCS","","","facility","both","","","26","63.61","63.61","","","","","","","","","","","","","Gross Charge Type: Main Acute Price List | The modified price is presented in the standard charge value. | Modifier 26: Professional Component"
"Radiologic examination, chest; 3 viewsGLR","CcicXR1613","CDM","320","RC","71047","HCPCS","","","facility","both","","","","262.08","262.08","","","","","","","","","","","","","Gross Charge Type: Main Acute Price List"
"Radiologic examination, chest; 3 viewsGLR","CcimXR1613","CDM","320","RC","71047","HCPCS","","","facility","both","","","","201.27","201.27","","","","","","","","","","","","","Gross Charge Type: Acute Discounted"
"Radiologic examination, chest; 4 VIEWS GLR","Ccsb541494","CDM","320","RC","71048","HCPCS","","","facility","both","","","","638.79","638.79","","","","","","","","","","","","","Gross Charge Type: Acute Discounted"
"Radiologic examination, chest; 4 VIEWS GLR","CcsmXR1494","CDM","320","RC","71048","HCPCS","","","facility","both","","","","638.79","638.79","","","","","","","","","","","","","Gross Charge Type: Acute Discounted"
"Ramus intermedius coronary artery","","","","","","","","","facility","both","","","RI","","","Jefferson Health Plan","Health Partners Medicaid Managed Care/ACA Plan","","","","","","","","","","","The modified price is presented in the standard charge value."
"Rapid desensitization","95180","HCPCS","","","","","","","facility","outpatient","","","","","","Bcbs","Highmark Medicare Managed Care Plan","458.61","","","","","","","fee schedule","458.61","1448.23","APC"
"Rar do whl gn&mtcdrl dna als","0265U","HCPCS","","","","","","","facility","outpatient","","","","","","Jefferson Health Plan","Health Partners Medicaid Managed Care/Aca Plan","16427.4","","","","","","","fee schedule","5202.01","16427.4","APC"
"Rare do id opt gen mapg&seq","0267U","HCPCS","","","","","","","facility","outpatient","","","","","","Aetna","All Commercial Plans","7480.66","","","","","","","fee schedule","6402.36","20217.99","Laboratory"
"Rare do id opt gen mapg&seq","0267U","HCPCS","","","","","","","facility","outpatient","","","","","","Amerihealth","Medicare Managed Care Plan","7278.48","","","","","","","fee schedule","6402.36","20217.99","APC"
"Rare ds gen dna alys ea comp","0213U","HCPCS","","","","","","","facility","outpatient","","","","","","First Health","Delaware Medicaid Managed Care Plan","2980.94","","","","","","","fee schedule","2574.45","8129.85","Laboratory"
"Rare ds rpd whlgen cmptr dna","0583U","HCPCS","","","","","","","facility","outpatient","","","","","","Ambetter","All Commercial Plans","4928.43","","","","","","","fee schedule","3601.54","11373.3","Laboratory"
"Rare ds whl gen seq bld/slv","0336U","HCPCS","","","","","","","facility","outpatient","","","","","","Amerihealth","Medicare Managed Care Plan","2780.62","","","","","","","fee schedule","2445.92","7723.95","APC"
"Rare ds whl gen seq fetal","0335U","HCPCS","","","","","","","facility","outpatient","","","","","","First Health","Delaware Medicaid Managed Care Plan","5747.06","","","","","","","fee schedule","4963.37","15673.8","Laboratory"
"Rare ds whl gen seq ftl samp","0469U","HCPCS","","","","","","","facility","outpatient","","","","","","Aetna","All Commercial Plans","1677.12","","","","","","","fee schedule","1138.04","3593.82","Radiology"
"Rare ds whl gen seq ftl samp","0469U","HCPCS","","","","","","","facility","outpatient","","","","","","Jefferson Health Plan","Health Partners Medicare Managed Care Plan","1257.84","","","","","","","fee schedule","1138.04","3593.82","APC"
"Rare ds whlgen&mitochdrl dna","0532U","HCPCS","","","","","","","facility","outpatient","","","","","","Ambetter","All Commercial Plans","6540.56","","","","","","","fee schedule","4779.64","15093.6","Laboratory"
"Rare ds whlgen&mitochdrl dna","0532U","HCPCS","","","","","","","facility","outpatient","","","","","","Jefferson Health Plan","Health Partners Medicaid Managed Care/Aca Plan","15093.6","","","","","","","fee schedule","4779.64","15093.6","APC"
"Rare ds xom dna alys ea comp","0215U","HCPCS","","","","","","","facility","outpatient","","","","","","Ambetter","All Commercial Plans","3861.98","","","","","","","fee schedule","2445.92","7723.95","Radiology"
"Rbc depletion of harvest","38212","HCPCS","","","","","","","facility","outpatient","","","","","","Bcbs","Highmark Wholecare Medicare Managed Care Plan","524.42","","","","","","","fee schedule","452.91","1430.24","APC"
"Rbc dna gnotyp 10 bld groups","0084U","HCPCS","","","","","","","facility","outpatient","","","","","","Ambetter","All Commercial Plans","1080","","","","","","","fee schedule","468","2160","Radiology"
"Rbc dna gnotyp 10 bld groups","0084U","HCPCS","","","","","","","facility","outpatient","","","","","","Unitedhealthcare","All Commercial Plans","720","","","","","","","fee schedule","468","2160",""
"Rbc pretx incubatj w/chemicl","86970","HCPCS","","","","","","","facility","outpatient","","","","","","Bcbs","Highmark Medicare Managed Care Plan","60.56","","","","","","","fee schedule","19.7","191.25","APC"
"Rbc pretx incubatj w/enzymes","86971","HCPCS","","","","","","","facility","outpatient","","","","","","Aetna","Medicare Managed Care Plan","189.63","","","","","","","fee schedule","15.72","552.32","APC"
"Rbc serum pretx incubj drugs","86975","HCPCS","","","","","","","facility","outpatient","","","","","","Cigna","All Commercial Plans","21.35","","","","","","","fee schedule","21.35","1448.23",""
"Rct snsatn tone&cmplianc std","91124","HCPCS","","","","","","","facility","outpatient","","","","","","Aetna","All Commercial Plans","326.67","","","","","","","fee schedule","221.67","700","Radiology"
"Rct snsatn tone&cmplianc std","91124","HCPCS","","","","","","","facility","outpatient","","","","","","Aetna","Medicare Managed Care Plan","240.33","","","","","","","fee schedule","221.67","700","APC"
"Re-eval,est pt,problem focus","D0170","HCPCS","","","","","","","facility","outpatient","","","","","","Bcbs","Highmark Health Options Medicare Managed Care Plan","147.47","","","","","","","fee schedule","136.68","431.61","APC"
"Re-explore parathyroids","60502","HCPCS","","","","","","","facility","outpatient","","","","","","Aetna","Medicare Managed Care Plan","6589.06","","","","","","","fee schedule","6077.29","19191.43","APC"
"Re-explore parathyroids","60502","HCPCS","","","","","","","facility","outpatient","","","","","","Bcbs","Highmark All Commercial Plans","9438.99","","","","","","","fee schedule","6077.29","19191.43","Radiology"
"Realignment of tendons","26437","HCPCS","","","","","","","facility","outpatient","","","","","","Jefferson Health Plan","Health Partners Medicare Managed Care Plan","3712.61","","","","","","","fee schedule","3359.03","10607.46","APC"
"Realignment of thigh bone","27454","HCPCS","","","","","","","facility","outpatient","","","","","","Jefferson Health Plan","Health Partners Medicare Managed Care Plan","8233.34","","","","","","","fee schedule","7449.22","23523.84","APC"
"Rechanneling of artery","35321","HCPCS","","","","","","","facility","outpatient","","","","","","Amerihealth","Caritas Next Other Commercial Plan","9621.04","","","","","","","fee schedule","5712.49","18039.45","Radiology"
"Rechanneling of artery","35372","HCPCS","","","","","","","facility","outpatient","","","","","","Ambetter","All Commercial Plans","9019.72","","","","","","","fee schedule","5712.49","18039.45","Radiology"
"Reconst lwr jaw w/fixation","21196","HCPCS","","","","","","","facility","outpatient","","","","","","Bcbs","Highmark Medicare Managed Care Plan","6077.29","","","","","","","fee schedule","6077.29","19191.43","APC"
"Reconst lwr jaw w/graft","21194","HCPCS","","","","","","","facility","outpatient","","","","","","Amerihealth","Medicare Managed Care Plan","6908.91","","","","","","","fee schedule","6077.29","19191.43","APC"
"Reconst lwr jaw w/o fixation","21195","HCPCS","","","","","","","facility","outpatient","","","","","","Aetna","All Commercial Plans","8956","","","","","","","fee schedule","6077.29","19191.43","Radiology"
"Reconst lwr jaw w/o fixation","21195","HCPCS","","","","","","","facility","outpatient","","","","","","Aetna","Medicare Managed Care Plan","6589.06","","","","","","","fee schedule","6077.29","19191.43","APC"
"Reconstr Lwr Jaw W/Advance","21199","HCPCS","","","","","","","facility","outpatient","","","","","","Bcbs","Highmark Medicare Managed Care Plan","6077.29","","","","","","","fee schedule","6077.29","19191.43","APC"
"Reconstr lwr jaw segment","21198","HCPCS","","","","","","","facility","outpatient","","","","","","Bcbs","Highmark Medicare Managed Care Plan","6077.29","","","","","","","fee schedule","6077.29","19191.43","APC"
"Reconstr lwr jaw segment","21198","HCPCS","","","","","","","facility","outpatient","","","","","","Bcbs","Highmark Wholecare Medicare Managed Care Plan","7036.86","","","","","","","fee schedule","6077.29","19191.43","APC"
"Reconstr lwr jaw segment","21198","HCPCS","","","","","","","facility","outpatient","","","","","","Jefferson Health Plan","Health Partners Medicaid Managed Care/Aca Plan","19191.43","","","","","","","fee schedule","6077.29","19191.43","APC"
"Reconstruct cleft palate","42205","HCPCS","","","","","","","facility","outpatient","","","","","","Amerihealth","Medicare Managed Care Plan","3869.41","","","","","","","fee schedule","3403.64","10748.35","APC"
"Reconstruct cleft palate","42210","HCPCS","","","","","","","facility","outpatient","","","","","","Healthspring","Medicare Managed Care Plan","6397.14","","","","","","","fee schedule","6077.29","19191.43","APC"
"Reconstruct cleft palate","42220","HCPCS","","","","","","","facility","outpatient","","","","","","Amerihealth","Medicare Managed Care Plan","6908.91","","","","","","","fee schedule","6077.29","19191.43","APC"
"Reconstruct cleft palate","42225","HCPCS","","","","","","","facility","outpatient","","","","","","Bcbs","Highmark Medicare Managed Care Plan","6077.29","","","","","","","fee schedule","6077.29","19191.43","APC"
"Reconstruct elbow joint","24361","HCPCS","","","","","","","facility","outpatient","","","","","","Bcbs","Highmark Health Options Medicare Managed Care Plan","19421.25","","","","","","","fee schedule","18000.18","56842.69","APC"
"Reconstruct elbow joint","24361","HCPCS","","","","","","","facility","outpatient","","","","","","Bcbs","Highmark Medicare Managed Care Plan","18000.18","","","","","","","fee schedule","18000.18","56842.69","APC"
"Reconstruct elbow joint","24362","HCPCS","","","","","","","facility","outpatient","","","","","","Amerihealth","Medicare Managed Care Plan","14983.77","","","","","","","fee schedule","13180.17","41621.58","APC"
"Reconstruct elbow joint","24362","HCPCS","","","","","","","facility","outpatient","","","","","","Jefferson Health Plan","Health Partners Medicaid Managed Care/Aca Plan","41621.58","","","","","","","fee schedule","13180.17","41621.58","APC"
"Reconstruct extra finger","26587","HCPCS","","","","","","","facility","outpatient","","","","","","Jefferson Health Plan","Health Partners Medicaid Managed Care/Aca Plan","10607.46","","","","","","","fee schedule","3359.03","10607.46","APC"
"Reconstruct lip with flap","40527","HCPCS","","","","","","","facility","outpatient","","","","","","Ambetter","All Commercial Plans","9595.72","","","","","","","fee schedule","6077.29","19191.43","Radiology"
"Reconstruct shoulder joint","23472","HCPCS","","","","","","","facility","outpatient","","","","","","Bcbs","Highmark Wholecare Medicare Managed Care Plan","20842.32","","","","","","","fee schedule","18000.18","56842.69","APC"
"Reconstruct urethra stage 1","53420","HCPCS","","","","","","","facility","outpatient","","","","","","Bcbs","Highmark Wholecare Medicare Managed Care Plan","6373.53","","","","","","","fee schedule","5504.41","17382.35","APC"
"Reconstruct wrist joint","25441","HCPCS","","","","","","","facility","outpatient","","","","","","Bcbs","Highmark All Commercial Plans","20470.88","","","","","","","fee schedule","13180.17","41621.58","Radiology"
"Reconstruction ankle joint","27703","HCPCS","","","","","","","facility","outpatient","","","","","","Bcbs","Highmark All Commercial Plans","27957.13","","","","","","","fee schedule","18000.18","56842.69","Radiology"
"Reconstruction ankle joint","27703","HCPCS","","","","","","","facility","outpatient","","","","","","Healthspring","Medicare Managed Care Plan","18947.56","","","","","","","fee schedule","18000.18","56842.69","APC"
"Reconstruction knee","27427","HCPCS","","","","","","","facility","outpatient","","","","","","Amerihealth","Medicare Managed Care Plan","8468.58","","","","","","","fee schedule","7449.22","23523.84","APC"
"Reconstruction knee","27427","HCPCS","","","","","","","facility","outpatient","","","","","","Healthspring","Medicare Managed Care Plan","7841.28","","","","","","","fee schedule","7449.22","23523.84","APC"
"Reconstruction knee","27428","HCPCS","","","","","","","facility","outpatient","","","","","","Healthspring","Medicare Managed Care Plan","13873.86","","","","","","","fee schedule","13180.17","41621.58","APC"
"Reconstruction of chin","21122","HCPCS","","","","","","","facility","outpatient","","","","","","Aetna","Medicare Managed Care Plan","6589.06","","","","","","","fee schedule","6077.29","19191.43","APC"
"Reconstruction of chin","21122","HCPCS","","","","","","","facility","outpatient","","","","","","Bcbs","Highmark All Commercial Plans","9438.99","","","","","","","fee schedule","6077.29","19191.43","Radiology"
"Reconstruction of chin","21122","HCPCS","","","","","","","facility","outpatient","","","","","","Bcbs","Highmark Health Options Medicare Managed Care Plan","6557.07","","","","","","","fee schedule","6077.29","19191.43","APC"
"Reconstruction of chin","21122","HCPCS","","","","","","","facility","outpatient","","","","","","Bcbs","Highmark Medicare Managed Care Plan","6077.29","","","","","","","fee schedule","6077.29","19191.43","APC"
"Reconstruction of chin","21122","HCPCS","","","","","","","facility","outpatient","","","","","","Jefferson Health Plan","Health Partners Medicare Managed Care Plan","6717","","","","","","","fee schedule","6077.29","19191.43","APC"
"Reconstruction of mouth","40840","HCPCS","","","","","","","facility","outpatient","","","","","","Bcbs","Highmark Medicare Managed Care Plan","6077.29","","","","","","","fee schedule","6077.29","19191.43","APC"
"Reconstruction of mouth","40845","HCPCS","","","","","","","facility","outpatient","","","","","","Amerihealth","Caritas Next Other Commercial Plan","10235.43","","","","","","","fee schedule","6077.29","19191.43","Radiology"
"Reconstruction of nail bed","11762","HCPCS","","","","","","","facility","outpatient","","","","","","Bcbs","Highmark Wholecare Medicare Managed Care Plan","2452.61","","","","","","","fee schedule","2118.16","6688.93","APC"
"Reconstruction of nose","30420","HCPCS","","","","","","","facility","outpatient","","","","","","Aetna","All Commercial Plans","8956","","","","","","","fee schedule","6077.29","19191.43","Radiology"
"Reconstruction of urethra","53430","HCPCS","","","","","","","facility","outpatient","","","","","","Bcbs","Highmark Medicare Managed Care Plan","5504.41","","","","","","","fee schedule","5504.41","17382.35","APC"
"Reconstruction of urethra","54326","HCPCS","","","","","","","facility","outpatient","","","","","","Bcbs","Highmark All Commercial Plans","5620.47","","","","","","","fee schedule","3618.74","11427.6","Radiology"
"Reconstruction tongue fold","41520","HCPCS","","","","","","","facility","outpatient","","","","","","Bcbs","Highmark All Commercial Plans","5286.4","","","","","","","fee schedule","3403.64","10748.35","Radiology"
"Rectal Resection With Cc","333","MS-DRG","","","","","","","facility","inpatient","","","","","","Aetna","All Commercial Plans","","","[SNF-(% BC): 65] [Bariatric Surgery-Case Rate: 20177] [All Other IP (%BC): 86.5]","","","","0","other","","","No services performed during 15-month lookback period."
"Rectal Resection With Cc","333","MS-DRG","","","","","","","facility","inpatient","","","","","","Bcbs","Highmark Wholecare Medicaid Managed Care Plan","","","[Inpatient Services: Payer leverages state specific Medicaid payment methodology. Available, referenceable algorithm logic found here: https://www.pa.gov/agencies/dhs/resources/for-providers]","","","","0","other","","","No services performed during 15-month lookback period."
"Rectal Resection With Cc","333","MS-DRG","","","","","","","facility","inpatient","","","","","","Bcbs","Highmark Wholecare Medicare Managed Care Plan","23394.7","","","","","","","fee schedule","20204.51","55041.7","MSDRG Base Rate"
"Rectal Resection With Cc","333","MS-DRG","","","","","","","facility","inpatient","","","","","","Healthspring","Medicare Managed Care Plan","21267.91","","","","","","","fee schedule","20204.51","55041.7","MSDRG Base Rate"
"Red Blood Cell Disorders With Mcc","811","MS-DRG","","","","","","","facility","inpatient","","","","","","Bcbs","Highmark All Commercial Plans","","","[Lesser Than Charges paid at %: 100] [MSDRG Base Rate: FEE SCHEDULE] [Normal Newborn-Per Diem: 6037.44] [Psych-Per Diem: 2159.84] [All Other IP (%BC): 85.44]","21004.95","354.64","31762.56","1 through 10","other","","","Contracting method is an algorithm described in the 'standard_charges|algorithm' field. The allowed amount provided accounts for the structural rates, conditions, and utilization elements inherent in the payer’s algorithm."
"Red Blood Cell Disorders Without Mcc","812","MS-DRG","","","","","","","facility","inpatient","","","","","","Aetna","Medicare Managed Care Plan","8878.74","","","","","","","fee schedule","8189.13","21577.7","MSDRG Base Rate"
"Red Blood Cell Disorders Without Mcc","812","MS-DRG","","","","","","","facility","inpatient","","","","","","Healthspring","Medicare Managed Care Plan","8620.14","","","","","","","fee schedule","8189.13","21577.7","MSDRG Base Rate"
"Red Blood Cell Disorders Without Mcc","812","MS-DRG","","","","","","","facility","inpatient","","","","","","Unitedhealthcare","Medicare Managed Care Plan","8792.54","","","","","","","fee schedule","8189.13","21577.7","MSDRG Base Rate"
"Red cell mass multiple","78121","HCPCS","","","","","","","facility","outpatient","","","","","","Amerihealth","Caritas Next Other Commercial Plan","938.8","","","","","","","fee schedule","557.41","1760.25","Radiology"
"Red cell mass single","78120","HCPCS","","","","","","","facility","outpatient","","","","","","Aetna","Medicare Managed Care Plan","444.96","","","","","","","fee schedule","410.4","1296.01","APC"
"Red cell sequestration","78140","HCPCS","","","","","","","facility","outpatient","","","","","","Amerihealth","Caritas Next Other Commercial Plan","691.21","","","","","","","fee schedule","410.4","1296.01","Radiology"
"Rehabilitation With Cc/Mcc","945","MS-DRG","","","","","","","facility","inpatient","","","","","","Ibc","All Commercial Plans","","","[Psych-Per Diem: 1800] [All Other IP (%BC): 89.50]","","","","0","other","","","No services performed during 15-month lookback period."
"Reinforce hip bones","27187","HCPCS","","","","","","","facility","outpatient","","","","","","Bcbs","Highmark Wholecare Medicare Managed Care Plan","8625.41","","","","","","","fee schedule","7449.22","23523.84","APC"
"Reinforce ulna","25491","HCPCS","","","","","","","facility","outpatient","","","","","","Aetna","All Commercial Plans","19423.4","","","","","","","fee schedule","13180.17","41621.58","Radiology"
"Reinforce ulna","25491","HCPCS","","","","","","","facility","outpatient","","","","","","Ambetter","All Commercial Plans","20810.79","","","","","","","fee schedule","13180.17","41621.58","Radiology"
"Release facial nerve","69725","HCPCS","","","","","","","facility","outpatient","","","","","","Bcbs","Highmark All Commercial Plans","9438.99","","","","","","","fee schedule","6077.29","19191.43","Radiology"
"Release facial nerve","69725","HCPCS","","","","","","","facility","outpatient","","","","","","Jefferson Health Plan","Health Partners Medicare Managed Care Plan","6717","","","","","","","fee schedule","6077.29","19191.43","APC"
"Release forearm/hand tendon","26449","HCPCS","","","","","","","facility","outpatient","","","","","","Bcbs","Highmark Wholecare Medicare Managed Care Plan","3889.4","","","","","","","fee schedule","3359.03","10607.46","APC"
"Release knuckle contracture","26520","HCPCS","","","","","","","facility","outpatient","","","","","","Aetna","Medicare Managed Care Plan","3641.9","","","","","","","fee schedule","3359.03","10607.46","APC"
"Release of big toe","28240","HCPCS","","","","","","","facility","outpatient","","","","","","Amerihealth","Medicare Managed Care Plan","3818.69","","","","","","","fee schedule","3359.03","10607.46","APC"
"Release of foot contracture","28270","HCPCS","","","","","","","facility","outpatient","","","","","","Amerihealth","Medicare Managed Care Plan","3818.69","","","","","","","fee schedule","3359.03","10607.46","APC"
"Release of foot contracture","28270","HCPCS","","","","","","","facility","outpatient","","","","","","Bcbs","Highmark Medicare Managed Care Plan","3359.03","","","","","","","fee schedule","3359.03","10607.46","APC"
"Release of foot tendons","28222","HCPCS","","","","","","","facility","outpatient","","","","","","Bcbs","Highmark Wholecare Medicare Managed Care Plan","3889.4","","","","","","","fee schedule","3359.03","10607.46","APC"
"Release of shoulder ligament","23415","HCPCS","","","","","","","facility","outpatient","","","","","","Amerihealth","Caritas Next Other Commercial Plan","12546.05","","","","","","","fee schedule","7449.22","23523.84","Radiology"
"Release of toe joint each","28272","HCPCS","","","","","","","facility","outpatient","","","","","","Bcbs","Highmark Wholecare Medicare Managed Care Plan","1911.41","","","","","","","fee schedule","1650.76","5212.93","APC"
"Release palm & finger tendon","26442","HCPCS","","","","","","","facility","outpatient","","","","","","Jefferson Health Plan","Health Partners Medicare Managed Care Plan","3712.61","","","","","","","fee schedule","3359.03","10607.46","APC"
"Release palm contracture","26045","HCPCS","","","","","","","facility","outpatient","","","","","","Healthspring","Medicare Managed Care Plan","3535.82","","","","","","","fee schedule","3359.03","10607.46","APC"
"Release palm contracture","26123","HCPCS","","","","","","","facility","outpatient","","","","","","Ambetter","All Commercial Plans","5303.73","","","","","","","fee schedule","3359.03","10607.46","Radiology"
"Release palm contracture","26123","HCPCS","","","","","","","facility","outpatient","","","","","","Bcbs","Highmark All Commercial Plans","5217.1","","","","","","","fee schedule","3359.03","10607.46","Radiology"
"Release palm/finger tendon","26440","HCPCS","","","","","","","facility","outpatient","","","","","","Aetna","All Commercial Plans","2432.7","","","","","","","fee schedule","1650.76","5212.93","Radiology"
"Relieve inner eye pressure","65820","HCPCS","","","","","","","facility","outpatient","","","","","","Amerihealth","Medicare Managed Care Plan","4824.03","","","","","","","fee schedule","4243.36","13400.1","APC"
"Reloc skin pocket pls gen","0416T","HCPCS","","","","","","","facility","outpatient","","","","","","Aetna","Medicare Managed Care Plan","2296.53","","","","","","","fee schedule","2118.16","6688.93","APC"
"Rem auton alg nsln cal setup","0740T","HCPCS","","","","","","","facility","outpatient","","","","","","Ambetter","All Commercial Plans","95.62","","","","","","","fee schedule","60.56","191.25","Radiology"
"Rem endovas vena cava filter","37193","HCPCS","","","","","","","facility","outpatient","","","","","","Bcbs","Highmark Wholecare Medicare Managed Care Plan","3753.27","","","","","","","fee schedule","3241.46","10236.2","APC"
"Rem imp tooth w mucoper flp","D7210","HCPCS","","","","","","","facility","outpatient","","","","","","Healthspring","Medicare Managed Care Plan","1676.69","","","","","","","fee schedule","1592.85","5030.06","APC"
"Rem interrog dev ccm-d tech","0929T","HCPCS","","","","","","","facility","outpatient","","","","","","Bcbs","Highmark Health Options Medicare Managed Care Plan","41.34","","","","","","","fee schedule","38.31","120.99","APC"
"Rem mntr physiol param 2-15","99445","HCPCS","","","","","","","facility","outpatient","","","","","","Bcbs","Highmark All Commercial Plans","59.51","","","","","","","fee schedule","38.31","120.99","Radiology"
"Rem ther mntr dev sply resp","98976","HCPCS","","","","","","","facility","outpatient","","","","","","Bcbs","Highmark Wholecare Medicare Managed Care Plan","44.36","","","","","","","fee schedule","38.31","120.99","APC"
"Remote dx retinal imaging","92227","HCPCS","","","","","","","facility","outpatient","","","","","","Amerihealth","Medicare Managed Care Plan","68.85","","","","","","","fee schedule","60.56","191.25","APC"
"Remote dx retinal imaging","92227","HCPCS","","","","","","","facility","outpatient","","","","","","Bcbs","Highmark All Commercial Plans","94.06","","","","","","","fee schedule","60.56","191.25","Radiology"
"Removable soft interface le","K0672","HCPCS","","","","","","","facility","outpatient","","","","","","Amerihealth","Caritas Next Other Commercial Plan","162.72","","","","","","","fee schedule","96.62","305.1","Radiology"
"Removal of adenoids","42836","HCPCS","","","","","","","facility","outpatient","","","","","","Bcbs","Highmark All Commercial Plans","5286.4","","","","","","","fee schedule","3403.64","10748.35","Radiology"
"Removal of adenoids","42836","HCPCS","","","","","","","facility","outpatient","","","","","","Jefferson Health Plan","Health Partners Medicaid Managed Care/Aca Plan","10748.35","","","","","","","fee schedule","3403.64","10748.35","APC"
"Removal of anal fissure","46200","HCPCS","","","","","","","facility","outpatient","","","","","","Bcbs","Highmark Wholecare Medicare Managed Care Plan","3299.41","","","","","","","fee schedule","2849.49","8998.38","APC"
"Removal of ankle implant","27704","HCPCS","","","","","","","facility","outpatient","","","","","","Aetna","All Commercial Plans","4950.15","","","","","","","fee schedule","3359.03","10607.46","Radiology"
"Removal of arm foreign body","24201","HCPCS","","","","","","","facility","outpatient","","","","","","Amerihealth","Medicare Managed Care Plan","3390.04","","","","","","","fee schedule","2981.98","9416.76","APC"
"Removal of arm foreign body","24201","HCPCS","","","","","","","facility","outpatient","","","","","","Healthspring","Medicare Managed Care Plan","3138.92","","","","","","","fee schedule","2981.98","9416.76","APC"
"Removal of artery clot","34101","HCPCS","","","","","","","facility","outpatient","","","","","","Aetna","Medicare Managed Care Plan","6193.54","","","","","","","fee schedule","5712.49","18039.45","APC"
"Removal of artery clot","34101","HCPCS","","","","","","","facility","outpatient","","","","","","Bcbs","Highmark All Commercial Plans","8872.4","","","","","","","fee schedule","5712.49","18039.45","Radiology"
"Removal of bladder lesion","51520","HCPCS","","","","","","","facility","outpatient","","","","","","Amerihealth","Medicare Managed Care Plan","4113.93","","","","","","","fee schedule","3618.74","11427.6","APC"
"Removal of bladder lesion","51520","HCPCS","","","","","","","facility","outpatient","","","","","","Healthspring","Medicare Managed Care Plan","3809.2","","","","","","","fee schedule","3618.74","11427.6","APC"
"Removal of bone for graft","20900","HCPCS","","","","","","","facility","outpatient","","","","","","Bcbs","Highmark Wholecare Medicare Managed Care Plan","8625.41","","","","","","","fee schedule","7449.22","23523.84","APC"
"Removal of bone for graft","20902","HCPCS","","","","","","","facility","outpatient","","","","","","Amerihealth","Medicare Managed Care Plan","8468.58","","","","","","","fee schedule","7449.22","23523.84","APC"
"Removal of bone lesion","23140","HCPCS","","","","","","","facility","outpatient","","","","","","Aetna","Medicare Managed Care Plan","3641.9","","","","","","","fee schedule","3359.03","10607.46","APC"
"Removal of bone lesion","23145","HCPCS","","","","","","","facility","outpatient","","","","","","Bcbs","Highmark Medicare Managed Care Plan","3359.03","","","","","","","fee schedule","3359.03","10607.46","APC"
"Removal of breast capsule","19371","HCPCS","","","","","","","facility","outpatient","","","","","","Aetna","All Commercial Plans","5923.59","","","","","","","fee schedule","4019.58","12693.4","Radiology"
"Removal of clot in graft","35875","HCPCS","","","","","","","facility","outpatient","","","","","","Ambetter","All Commercial Plans","9019.72","","","","","","","fee schedule","5712.49","18039.45","Radiology"
"Removal of collar bone","23125","HCPCS","","","","","","","facility","outpatient","","","","","","Bcbs","Highmark Health Options Medicare Managed Care Plan","3624.22","","","","","","","fee schedule","3359.03","10607.46","APC"
"Removal of epididymis","54860","HCPCS","","","","","","","facility","outpatient","","","","","","Aetna","All Commercial Plans","5332.88","","","","","","","fee schedule","3618.74","11427.6","Radiology"
"Removal of epididymis","54861","HCPCS","","","","","","","facility","outpatient","","","","","","Aetna","All Commercial Plans","5332.88","","","","","","","fee schedule","3618.74","11427.6","Radiology"
"Removal of external ear","69120","HCPCS","","","","","","","facility","outpatient","","","","","","Bcbs","Highmark Health Options Medicare Managed Care Plan","6557.07","","","","","","","fee schedule","6077.29","19191.43","APC"
"Removal of fascia for graft","20920","HCPCS","","","","","","","facility","outpatient","","","","","","Aetna","All Commercial Plans","3121.5","","","","","","","fee schedule","2118.16","6688.93","Radiology"
"Removal of fascia for graft","20922","HCPCS","","","","","","","facility","outpatient","","","","","","Jefferson Health Plan","Health Partners Medicare Managed Care Plan","2341.12","","","","","","","fee schedule","2118.16","6688.93","APC"
"Removal of finger lesion","26210","HCPCS","","","","","","","facility","outpatient","","","","","","Aetna","Medicare Managed Care Plan","1789.77","","","","","","","fee schedule","1650.76","5212.93","APC"
"Removal of foot foreign body","28192","HCPCS","","","","","","","facility","outpatient","","","","","","Ambetter","All Commercial Plans","2677.15","","","","","","","fee schedule","1695.53","5354.29","Radiology"
"Removal of foot lesion","28080","HCPCS","","","","","","","facility","outpatient","","","","","","Bcbs","Highmark Medicare Managed Care Plan","1650.76","","","","","","","fee schedule","1650.76","5212.93","APC"
"Removal of foreign body","20520","HCPCS","","","","","","","facility","outpatient","","","","","","Amerihealth","Caritas Next Other Commercial Plan","2855.62","","","","","","","fee schedule","1695.53","5354.29","Radiology"
"Removal of foreign body","20525","HCPCS","","","","","","","facility","outpatient","","","","","","Aetna","All Commercial Plans","4394.49","","","","","","","fee schedule","2981.98","9416.76","Radiology"
"Removal of frontal sinus","31080","HCPCS","","","","","","","facility","outpatient","","","","","","Bcbs","Highmark Wholecare Medicare Managed Care Plan","7036.86","","","","","","","fee schedule","6077.29","19191.43","APC"
"Removal of frontal sinus","31081","HCPCS","","","","","","","facility","outpatient","","","","","","Jefferson Health Plan","Health Partners Medicare Managed Care Plan","6717","","","","","","","fee schedule","6077.29","19191.43","APC"
"Removal of frontal sinus","31085","HCPCS","","","","","","","facility","outpatient","","","","","","Aetna","Medicare Managed Care Plan","6589.06","","","","","","","fee schedule","6077.29","19191.43","APC"
"Removal of frontal sinus","31085","HCPCS","","","","","","","facility","outpatient","","","","","","Jefferson Health Plan","Health Partners Medicare Managed Care Plan","6717","","","","","","","fee schedule","6077.29","19191.43","APC"
"Removal of frontal sinus","31087","HCPCS","","","","","","","facility","outpatient","","","","","","Bcbs","Highmark Health Options Medicare Managed Care Plan","6557.07","","","","","","","fee schedule","6077.29","19191.43","APC"
"Removal of head of humerus","23195","HCPCS","","","","","","","facility","outpatient","","","","","","Healthspring","Medicare Managed Care Plan","7841.28","","","","","","","fee schedule","7449.22","23523.84","APC"
"Removal of head of radius","24130","HCPCS","","","","","","","facility","outpatient","","","","","","Aetna","Medicare Managed Care Plan","3641.9","","","","","","","fee schedule","3359.03","10607.46","APC"
"Removal of head of radius","24130","HCPCS","","","","","","","facility","outpatient","","","","","","Bcbs","Highmark All Commercial Plans","5217.1","","","","","","","fee schedule","3359.03","10607.46","Radiology"
"Removal of hip prosthesis","27090","HCPCS","","","","","","","facility","outpatient","","","","","","Jefferson Health Plan","Health Partners Medicare Managed Care Plan","8233.34","","","","","","","fee schedule","7449.22","23523.84","APC"
"Removal of hip prosthesis","27091","HCPCS","","","","","","","facility","outpatient","","","","","","Aetna","All Commercial Plans","19423.4","","","","","","","fee schedule","13180.17","41621.58","Radiology"
"Removal of implant from hand","26320","HCPCS","","","","","","","facility","outpatient","","","","","","Amerihealth","Caritas Next Other Commercial Plan","2855.62","","","","","","","fee schedule","1695.53","5354.29","Radiology"
"Removal of implant material","19330","HCPCS","","","","","","","facility","outpatient","","","","","","Aetna","All Commercial Plans","5923.59","","","","","","","fee schedule","4019.58","12693.4","Radiology"
"Removal of iris","66630","HCPCS","","","","","","","facility","outpatient","","","","","","Ambetter","All Commercial Plans","3740.85","","","","","","","fee schedule","2369.21","7481.71","Radiology"
"Removal of ischial bursa","27060","HCPCS","","","","","","","facility","outpatient","","","","","","Amerihealth","Caritas Next Other Commercial Plan","12546.05","","","","","","","fee schedule","7449.22","23523.84","Radiology"
"Removal of jaw joint","21050","HCPCS","","","","","","","facility","outpatient","","","","","","Aetna","All Commercial Plans","8956","","","","","","","fee schedule","6077.29","19191.43","Radiology"
"Removal of knee cartilage","27332","HCPCS","","","","","","","facility","outpatient","","","","","","Ambetter","All Commercial Plans","5303.73","","","","","","","fee schedule","3359.03","10607.46","Radiology"
"Removal of leg veins/lesion","37735","HCPCS","","","","","","","facility","outpatient","","","","","","Healthspring","Medicare Managed Care Plan","3412.07","","","","","","","fee schedule","3241.46","10236.2","APC"
"Removal of lens material","66852","HCPCS","","","","","","","facility","outpatient","","","","","","Bcbs","Highmark Wholecare Medicare Managed Care Plan","4913.37","","","","","","","fee schedule","4243.36","13400.1","APC"
"Removal of lymph nodes neck","38720","HCPCS","","","","","","","facility","outpatient","","","","","","Amerihealth","Caritas Next Other Commercial Plan","11480.9","","","","","","","fee schedule","6816.78","21526.69","Radiology"
"Removal of metatarsal heads","28114","HCPCS","","","","","","","facility","outpatient","","","","","","Jefferson Health Plan","Health Partners Medicaid Managed Care/Aca Plan","10607.46","","","","","","","fee schedule","3359.03","10607.46","APC"
"Removal of metatarsal","28140","HCPCS","","","","","","","facility","outpatient","","","","","","Bcbs","Highmark All Commercial Plans","5217.1","","","","","","","fee schedule","3359.03","10607.46","Radiology"
"Removal of nail plate","11730","HCPCS","","","","","","","facility","outpatient","","","","","","Amerihealth","Caritas Next Other Commercial Plan","346.9","","","","","","","fee schedule","205.97","650.43","Radiology"
"Removal of nerve lesion","64792","HCPCS","","","","","","","facility","outpatient","","","","","","Jefferson Health Plan","Health Partners Medicaid Managed Care/Aca Plan","11074.77","","","","","","","fee schedule","3507.01","11074.77","APC"
"Removal of nose lesion","30124","HCPCS","","","","","","","facility","outpatient","","","","","","Amerihealth","Caritas Next Other Commercial Plan","2682.7","","","","","","","fee schedule","1592.85","5030.06","Radiology"
"Removal of nose lesion","30124","HCPCS","","","","","","","facility","outpatient","","","","","","Bcbs","Highmark All Commercial Plans","2473.95","","","","","","","fee schedule","1592.85","5030.06","Radiology"
"Removal of nose lesion","30124","HCPCS","","","","","","","facility","outpatient","","","","","","Jefferson Health Plan","Health Partners Medicaid Managed Care/Aca Plan","5030.06","","","","","","","fee schedule","1592.85","5030.06","APC"
"Removal of nose lesion","30125","HCPCS","","","","","","","facility","outpatient","","","","","","Bcbs","Highmark Wholecare Medicare Managed Care Plan","7036.86","","","","","","","fee schedule","6077.29","19191.43","APC"
"Removal of nose polyp(s)","30115","HCPCS","","","","","","","facility","outpatient","","","","","","Bcbs","Highmark Wholecare Medicare Managed Care Plan","3941.06","","","","","","","fee schedule","3403.64","10748.35","APC"
"Removal of palm tendon each","26170","HCPCS","","","","","","","facility","outpatient","","","","","","Aetna","Medicare Managed Care Plan","1789.77","","","","","","","fee schedule","1650.76","5212.93","APC"
"Removal of residual cervix","57550","HCPCS","","","","","","","facility","outpatient","","","","","","Bcbs","Highmark Medicare Managed Care Plan","5135.51","","","","","","","fee schedule","5135.51","16217.39","APC"
"Removal of rib and nerves","21616","HCPCS","","","","","","","facility","outpatient","","","","","","Amerihealth","Caritas Next Other Commercial Plan","12546.05","","","","","","","fee schedule","7449.22","23523.84","Radiology"
"Removal of salivary stone","42330","HCPCS","","","","","","","facility","outpatient","","","","","","Aetna","All Commercial Plans","5015.9","","","","","","","fee schedule","3403.64","10748.35","Radiology"
"Removal of skin wrinkles","15829","HCPCS","","","","","","","facility","outpatient","","","","","","Aetna","Medicare Managed Care Plan","3944.34","","","","","","","fee schedule","3637.98","11488.36","APC"
"Removal of skin wrinkles","15829","HCPCS","","","","","","","facility","outpatient","","","","","","Bcbs","Highmark Health Options Medicare Managed Care Plan","3925.19","","","","","","","fee schedule","3637.98","11488.36","APC"
"Removal of sperm cord lesion","55520","HCPCS","","","","","","","facility","outpatient","","","","","","Healthspring","Medicare Managed Care Plan","3809.2","","","","","","","fee schedule","3618.74","11427.6","APC"
"Removal of sperm duct(s)","55250","HCPCS","","","","","","","facility","outpatient","","","","","","Amerihealth","Caritas Next Other Commercial Plan","3614.29","","","","","","","fee schedule","2145.98","6776.79","Radiology"
"Removal of support implant","20670","HCPCS","","","","","","","facility","outpatient","","","","","","Healthspring","Medicare Managed Care Plan","1784.76","","","","","","","fee schedule","1695.53","5354.29","APC"
"Removal of suture from anus","46754","HCPCS","","","","","","","facility","outpatient","","","","","","Healthspring","Medicare Managed Care Plan","2999.46","","","","","","","fee schedule","2849.49","8998.38","APC"
"Removal of tail bone ulcer","15920","HCPCS","","","","","","","facility","outpatient","","","","","","Jefferson Health Plan","Health Partners Medicaid Managed Care/Aca Plan","9416.76","","","","","","","fee schedule","2981.98","9416.76","APC"
"Removal of tail bone ulcer","15922","HCPCS","","","","","","","facility","outpatient","","","","","","Bcbs","Highmark Medicare Managed Care Plan","3637.98","","","","","","","fee schedule","3637.98","11488.36","APC"
"Removal of tendon for graft","20924","HCPCS","","","","","","","facility","outpatient","","","","","","Amerihealth","Medicare Managed Care Plan","8468.58","","","","","","","fee schedule","7449.22","23523.84","APC"
"Removal of thymus gland","60520","HCPCS","","","","","","","facility","outpatient","","","","","","Bcbs","Highmark All Commercial Plans","9438.99","","","","","","","fee schedule","6077.29","19191.43","Radiology"
"Removal of thyroid","60252","HCPCS","","","","","","","facility","outpatient","","","","","","Jefferson Health Plan","Health Partners Medicare Managed Care Plan","6717","","","","","","","fee schedule","6077.29","19191.43","APC"
"Removal of thyroid","60271","HCPCS","","","","","","","facility","outpatient","","","","","","Bcbs","Highmark Wholecare Medicare Managed Care Plan","7036.86","","","","","","","fee schedule","6077.29","19191.43","APC"
"Removal of toe lesions","28092","HCPCS","","","","","","","facility","outpatient","","","","","","Bcbs","Highmark Wholecare Medicare Managed Care Plan","1911.41","","","","","","","fee schedule","1650.76","5212.93","APC"
"Removal of urethra lesion","53235","HCPCS","","","","","","","facility","outpatient","","","","","","Ambetter","All Commercial Plans","8691.17","","","","","","","fee schedule","5504.41","17382.35","Radiology"
"Removal of vein clot","34471","HCPCS","","","","","","","facility","outpatient","","","","","","Aetna","All Commercial Plans","949.04","","","","","","","fee schedule","643.99","2033.65","Radiology"
"Removal of wrist bones","25215","HCPCS","","","","","","","facility","outpatient","","","","","","Aetna","All Commercial Plans","4950.15","","","","","","","fee schedule","3359.03","10607.46","Radiology"
"Removal of wrist bones","25215","HCPCS","","","","","","","facility","outpatient","","","","","","Ambetter","All Commercial Plans","5303.73","","","","","","","fee schedule","3359.03","10607.46","Radiology"
"Removal pelvic lymph nodes","38562","HCPCS","","","","","","","facility","outpatient","","","","","","Amerihealth","Caritas Next Other Commercial Plan","14131.85","","","","","","","fee schedule","8390.79","26497.22","Radiology"
"Removal sweat gland lesion","11450","HCPCS","","","","","","","facility","outpatient","","","","","","Bcbs","Highmark All Commercial Plans","4631.48","","","","","","","fee schedule","2981.98","9416.76","Radiology"
"Removal sweat gland lesion","11462","HCPCS","","","","","","","facility","outpatient","","","","","","Bcbs","Highmark Medicare Managed Care Plan","2981.98","","","","","","","fee schedule","2981.98","9416.76","APC"
"Removal sweat gland lesion","11470","HCPCS","","","","","","","facility","outpatient","","","","","","Ambetter","All Commercial Plans","4708.38","","","","","","","fee schedule","2981.98","9416.76","Radiology"
"Removal sweat gland lesion","11470","HCPCS","","","","","","","facility","outpatient","","","","","","Amerihealth","Medicare Managed Care Plan","3390.04","","","","","","","fee schedule","2981.98","9416.76","APC"
"Removal tunneled cv cath","36589","HCPCS","","","","","","","facility","outpatient","","","","","","Bcbs","Highmark Health Options Medicare Managed Care Plan","694.83","","","","","","","fee schedule","643.99","2033.65","APC"
"Removal tunneled cv cath","36589","HCPCS","","","","","","","facility","outpatient","","","","","","Jefferson Health Plan","Health Partners Medicaid Managed Care/Aca Plan","2033.65","","","","","","","fee schedule","643.99","2033.65","APC"
"Removal tunneled cv cath","36590","HCPCS","","","","","","","facility","outpatient","","","","","","Amerihealth","Medicare Managed Care Plan","1837.16","","","","","","","fee schedule","1616.02","5103.23","APC"
"Removal/revision of cast","29710","HCPCS","","","","","","","facility","outpatient","","","","","","Healthspring","Medicare Managed Care Plan","302.24","","","","","","","fee schedule","287.13","906.73","APC"
"Remove Lumb Artif Disc","22865","HCPCS","","","","","","","facility","outpatient","","","","","","Bcbs","Highmark Medicare Managed Care Plan","7449.22","","","","","","","fee schedule","7449.22","23523.84","APC"
"Remove anal fist 2 stage","46285","HCPCS","","","","","","","facility","outpatient","","","","","","Bcbs","Highmark All Commercial Plans","4425.71","","","","","","","fee schedule","2849.49","8998.38","Radiology"
"Remove bladder stone","52318","HCPCS","","","","","","","facility","outpatient","","","","","","Ambetter","All Commercial Plans","5713.8","","","","","","","fee schedule","3618.74","11427.6","Radiology"
"Remove brain canal fluid","61050","HCPCS","","","","","","","facility","outpatient","","","","","","Aetna","All Commercial Plans","464.38","","","","","","","fee schedule","315.12","995.1","Radiology"
"Remove brain canal fluid","61050","HCPCS","","","","","","","facility","outpatient","","","","","","Amerihealth","Caritas Next Other Commercial Plan","530.72","","","","","","","fee schedule","315.12","995.1","Radiology"
"Remove brain canal fluid","61050","HCPCS","","","","","","","facility","outpatient","","","","","","Bcbs","Highmark Wholecare Medicare Managed Care Plan","364.87","","","","","","","fee schedule","315.12","995.1","APC"
"Remove cartilage for graft","20910","HCPCS","","","","","","","facility","outpatient","","","","","","Jefferson Health Plan","Health Partners Medicare Managed Care Plan","838.6","","","","","","","fee schedule","758.73","2395.99","APC"
"Remove cerclage suture","59871","HCPCS","","","","","","","facility","outpatient","","","","","","Amerihealth","Caritas Next Other Commercial Plan","5597.01","","","","","","","fee schedule","3323.23","10494.4","Radiology"
"Remove cerclage suture","59871","HCPCS","","","","","","","facility","outpatient","","","","","","Jefferson Health Plan","Health Partners Medicaid Managed Care/Aca Plan","10494.4","","","","","","","fee schedule","3323.23","10494.4","APC"
"Remove cervix repair bowel","57556","HCPCS","","","","","","","facility","outpatient","","","","","","Bcbs","Highmark All Commercial Plans","7976.25","","","","","","","fee schedule","5135.51","16217.39","Radiology"
"Remove collar bone lesion","23170","HCPCS","","","","","","","facility","outpatient","","","","","","Jefferson Health Plan","Health Partners Medicaid Managed Care/Aca Plan","10607.46","","","","","","","fee schedule","3359.03","10607.46","APC"
"Remove collar bone lesion","23180","HCPCS","","","","","","","facility","outpatient","","","","","","Bcbs","Highmark Medicare Managed Care Plan","7449.22","","","","","","","fee schedule","7449.22","23523.84","APC"
"Remove digit nerve lesion","64776","HCPCS","","","","","","","facility","outpatient","","","","","","Jefferson Health Plan","Health Partners Medicare Managed Care Plan","2215.68","","","","","","","fee schedule","2004.66","6330.52","APC"
"Remove ear canal lesion(s)","69140","HCPCS","","","","","","","facility","outpatient","","","","","","Ambetter","All Commercial Plans","9595.72","","","","","","","fee schedule","6077.29","19191.43","Radiology"
"Remove ear lesion","69550","HCPCS","","","","","","","facility","outpatient","","","","","","Jefferson Health Plan","Health Partners Medicare Managed Care Plan","6717","","","","","","","fee schedule","6077.29","19191.43","APC"
"Remove elbow bone lesion","24138","HCPCS","","","","","","","facility","outpatient","","","","","","Bcbs","Highmark Health Options Medicare Managed Care Plan","8037.31","","","","","","","fee schedule","7449.22","23523.84","APC"
"Remove elbow lesion","24120","HCPCS","","","","","","","facility","outpatient","","","","","","Ambetter","All Commercial Plans","5303.73","","","","","","","fee schedule","3359.03","10607.46","Radiology"
"Remove epididymis lesion","54840","HCPCS","","","","","","","facility","outpatient","","","","","","Ambetter","All Commercial Plans","3388.4","","","","","","","fee schedule","2145.98","6776.79","Radiology"
"Remove external ear partial","69110","HCPCS","","","","","","","facility","outpatient","","","","","","Bcbs","Highmark All Commercial Plans","4631.48","","","","","","","fee schedule","2981.98","9416.76","Radiology"
"Remove eye lesion","65900","HCPCS","","","","","","","facility","outpatient","","","","","","Bcbs","Highmark All Commercial Plans","3679.75","","","","","","","fee schedule","2369.21","7481.71","Radiology"
"Remove eyelid foreign body","67938","HCPCS","","","","","","","facility","outpatient","","","","","","Aetna","Medicare Managed Care Plan","353.29","","","","","","","fee schedule","325.85","1028.99","APC"
"Remove eyelid foreign body","67938","HCPCS","","","","","","","facility","outpatient","","","","","","Bcbs","Highmark Medicare Managed Care Plan","325.85","","","","","","","fee schedule","325.85","1028.99","APC"
"Remove eyelid lesion","67800","HCPCS","","","","","","","facility","outpatient","","","","","","Bcbs","Highmark Medicare Managed Care Plan","325.85","","","","","","","fee schedule","325.85","1028.99","APC"
"Remove eyelid lesion","67840","HCPCS","","","","","","","facility","outpatient","","","","","","Ambetter","All Commercial Plans","1615.88","","","","","","","fee schedule","1023.39","3231.77","Radiology"
"Remove eyelid lining lesion","68110","HCPCS","","","","","","","facility","outpatient","","","","","","Healthspring","Medicare Managed Care Plan","2569.18","","","","","","","fee schedule","2440.72","7707.54","APC"
"Remove eyelid lining lesion","68130","HCPCS","","","","","","","facility","outpatient","","","","","","Jefferson Health Plan","Health Partners Medicare Managed Care Plan","2697.64","","","","","","","fee schedule","2440.72","7707.54","APC"
"Remove femur lesion","27355","HCPCS","","","","","","","facility","outpatient","","","","","","Aetna","All Commercial Plans","4950.15","","","","","","","fee schedule","3359.03","10607.46","Radiology"
"Remove femur lesion/graft","27356","HCPCS","","","","","","","facility","outpatient","","","","","","Bcbs","Highmark All Commercial Plans","20470.88","","","","","","","fee schedule","13180.17","41621.58","Radiology"
"Remove femur lesion/graft","27357","HCPCS","","","","","","","facility","outpatient","","","","","","Bcbs","Highmark Health Options Medicare Managed Care Plan","8037.31","","","","","","","fee schedule","7449.22","23523.84","APC"
"Remove foreign body from eye","65220","HCPCS","","","","","","","facility","outpatient","","","","","","Bcbs","Highmark Health Options Medicare Managed Care Plan","494.81","","","","","","","fee schedule","458.61","1448.23","APC"
"Remove foreign body from eye","65235","HCPCS","","","","","","","facility","outpatient","","","","","","Amerihealth","Caritas Next Other Commercial Plan","3990.24","","","","","","","fee schedule","2369.21","7481.71","Radiology"
"Remove foreign body from eye","65265","HCPCS","","","","","","","facility","outpatient","","","","","","Bcbs","Highmark Health Options Medicare Managed Care Plan","2556.25","","","","","","","fee schedule","2369.21","7481.71","APC"
"Remove gastric port open","43887","HCPCS","","","","","","","facility","outpatient","","","","","","Amerihealth","Medicare Managed Care Plan","2408.01","","","","","","","fee schedule","2118.16","6688.93","APC"
"Remove hip pressure sore","15940","HCPCS","","","","","","","facility","outpatient","","","","","","Ambetter","All Commercial Plans","4708.38","","","","","","","fee schedule","2981.98","9416.76","Radiology"
"Remove humerus lesion","23174","HCPCS","","","","","","","facility","outpatient","","","","","","Jefferson Health Plan","Health Partners Medicare Managed Care Plan","8233.34","","","","","","","fee schedule","7449.22","23523.84","APC"
"Remove impacted ear wax uni","69209","HCPCS","","","","","","","facility","outpatient","","","","","","Amerihealth","Caritas Next Other Commercial Plan","102","","","","","","","fee schedule","60.56","191.25","Radiology"
"Remove impacted ear wax uni","69209","HCPCS","","","","","","","facility","outpatient","","","","","","Bcbs","Highmark Wholecare Medicare Managed Care Plan","70.12","","","","","","","fee schedule","60.56","191.25","APC"
"Remove in/ex hem grp w/fistu","46258","HCPCS","","","","","","","facility","outpatient","","","","","","Jefferson Health Plan","Health Partners Medicaid Managed Care/Aca Plan","8998.38","","","","","","","fee schedule","2849.49","8998.38","APC"
"Remove inner ear & mastoid","69910","HCPCS","","","","","","","facility","outpatient","","","","","","Ambetter","All Commercial Plans","9595.72","","","","","","","fee schedule","6077.29","19191.43","Radiology"
"Remove inner ear lesion","69970","HCPCS","","","","","","","facility","outpatient","","","","","","Aetna","All Commercial Plans","8956","","","","","","","fee schedule","6077.29","19191.43","Radiology"
"Remove intrvas foreign body","37197","HCPCS","","","","","","","facility","outpatient","","","","","","Bcbs","Highmark Medicare Managed Care Plan","3241.46","","","","","","","fee schedule","3241.46","10236.2","APC"
"Remove intrvas foreign body","37197","HCPCS","","","","","","","facility","outpatient","","","","","","Bcbs","Highmark Wholecare Medicare Managed Care Plan","3753.27","","","","","","","fee schedule","3241.46","10236.2","APC"
"Remove jaw joint cartilage","21060","HCPCS","","","","","","","facility","outpatient","","","","","","Bcbs","Highmark Health Options Medicare Managed Care Plan","6557.07","","","","","","","fee schedule","6077.29","19191.43","APC"
"Remove limb nerve lesion","64782","HCPCS","","","","","","","facility","outpatient","","","","","","Bcbs","Highmark Wholecare Medicare Managed Care Plan","2321.19","","","","","","","fee schedule","2004.66","6330.52","APC"
"Remove limb nerve lesion","64782","HCPCS","","","","","","","facility","outpatient","","","","","","Jefferson Health Plan","Health Partners Medicare Managed Care Plan","2215.68","","","","","","","fee schedule","2004.66","6330.52","APC"
"Remove lower leg bone lesion","27635","HCPCS","","","","","","","facility","outpatient","","","","","","Jefferson Health Plan","Health Partners Medicaid Managed Care/Aca Plan","10607.46","","","","","","","fee schedule","3359.03","10607.46","APC"
"Remove mastoid air cells","69670","HCPCS","","","","","","","facility","outpatient","","","","","","Bcbs","Highmark All Commercial Plans","9438.99","","","","","","","fee schedule","6077.29","19191.43","Radiology"
"Remove mastoid air cells","69670","HCPCS","","","","","","","facility","outpatient","","","","","","Jefferson Health Plan","Health Partners Medicare Managed Care Plan","6717","","","","","","","fee schedule","6077.29","19191.43","APC"
"Remove nasal foreign body","30320","HCPCS","","","","","","","facility","outpatient","","","","","","Jefferson Health Plan","Health Partners Medicare Managed Care Plan","1760.52","","","","","","","fee schedule","1592.85","5030.06","APC"
"Remove palate/lesion","42120","HCPCS","","","","","","","facility","outpatient","","","","","","Ambetter","All Commercial Plans","9595.72","","","","","","","fee schedule","6077.29","19191.43","Radiology"
"Remove part thorax vertebra","22101","HCPCS","","","","","","","facility","outpatient","","","","","","Bcbs","Highmark Health Options Medicare Managed Care Plan","8037.31","","","","","","","fee schedule","7449.22","23523.84","APC"
"Remove part thorax vertebra","22112","HCPCS","","","","","","","facility","outpatient","","","","","","Amerihealth","Caritas Next Other Commercial Plan","12546.05","","","","","","","fee schedule","7449.22","23523.84","Radiology"
"Remove pilonidal cyst exten","11771","HCPCS","","","","","","","facility","outpatient","","","","","","Bcbs","Highmark All Commercial Plans","4631.48","","","","","","","fee schedule","2981.98","9416.76","Radiology"
"Remove radius bone lesion","24136","HCPCS","","","","","","","facility","outpatient","","","","","","Bcbs","Highmark All Commercial Plans","5217.1","","","","","","","fee schedule","3359.03","10607.46","Radiology"
"Remove radius head implant","24164","HCPCS","","","","","","","facility","outpatient","","","","","","Bcbs","Highmark Health Options Medicare Managed Care Plan","3624.22","","","","","","","fee schedule","3359.03","10607.46","APC"
"Remove sacrum pressure sore","15937","HCPCS","","","","","","","facility","outpatient","","","","","","Bcbs","Highmark Medicare Managed Care Plan","2118.16","","","","","","","fee schedule","2118.16","6688.93","APC"
"Remove sciatic nerve lesion","64786","HCPCS","","","","","","","facility","outpatient","","","","","","Aetna","All Commercial Plans","5168.23","","","","","","","fee schedule","3507.01","11074.77","Radiology"
"Remove self-contd penis pros","54415","HCPCS","","","","","","","facility","outpatient","","","","","","Jefferson Health Plan","Health Partners Medicaid Managed Care/Aca Plan","11427.6","","","","","","","fee schedule","3618.74","11427.6","APC"
"Remove shoulder foreign body","23330","HCPCS","","","","","","","facility","outpatient","","","","","","Healthspring","Medicare Managed Care Plan","1784.76","","","","","","","fee schedule","1695.53","5354.29","APC"
"Remove skin nerve lesion","64774","HCPCS","","","","","","","facility","outpatient","","","","","","Aetna","Medicare Managed Care Plan","2173.48","","","","","","","fee schedule","2004.66","6330.52","APC"
"Remove skin nerve lesion","64774","HCPCS","","","","","","","facility","outpatient","","","","","","Amerihealth","Medicare Managed Care Plan","2278.99","","","","","","","fee schedule","2004.66","6330.52","APC"
"Remove spine fixation device","22855","HCPCS","","","","","","","facility","outpatient","","","","","","Amerihealth","Medicare Managed Care Plan","8468.58","","","","","","","fee schedule","7449.22","23523.84","APC"
"Remove spine lamina 1 thrc","63046","HCPCS","","","","","","","facility","outpatient","","","","","","Jefferson Health Plan","Health Partners Medicaid Managed Care/Aca Plan","23523.84","","","","","","","fee schedule","7449.22","23523.84","APC"
"Remove spine lamina 1 thrc","63046","HCPCS","","","","","","","facility","outpatient","","","","","","Jefferson Health Plan","Health Partners Medicare Managed Care Plan","8233.34","","","","","","","fee schedule","7449.22","23523.84","APC"
"Remove sutures diff surgeon","15851","HCPCS","","","","","","","facility","outpatient","","","","","","Amerihealth","Medicare Managed Care Plan","2408.01","","","","","","","fee schedule","2118.16","6688.93","APC"
"Remove sympathetic nerves","64822","HCPCS","","","","","","","facility","outpatient","","","","","","Bcbs","Highmark Medicare Managed Care Plan","3359.03","","","","","","","fee schedule","3359.03","10607.46","APC"
"Remove thyroid lesion","60200","HCPCS","","","","","","","facility","outpatient","","","","","","Bcbs","Highmark Health Options Medicare Managed Care Plan","6696.3","","","","","","","fee schedule","6206.33","19598.93","APC"
"Remove tunneled ip cath","49422","HCPCS","","","","","","","facility","outpatient","","","","","","Aetna","All Commercial Plans","4776.89","","","","","","","fee schedule","3241.46","10236.2","Radiology"
"Remove ureter calculus","51065","HCPCS","","","","","","","facility","outpatient","","","","","","Amerihealth","Medicare Managed Care Plan","4113.93","","","","","","","fee schedule","3618.74","11427.6","APC"
"Remove uterus lesion","59100","HCPCS","","","","","","","facility","outpatient","","","","","","Bcbs","Highmark Health Options Medicare Managed Care Plan","5540.94","","","","","","","fee schedule","5135.51","16217.39","APC"
"Remove vagina gland lesion","56740","HCPCS","","","","","","","facility","outpatient","","","","","","Bcbs","Highmark All Commercial Plans","5161.5","","","","","","","fee schedule","3323.23","10494.4","Radiology"
"Remove vagina gland lesion","56740","HCPCS","","","","","","","facility","outpatient","","","","","","Bcbs","Highmark Wholecare Medicare Managed Care Plan","3847.95","","","","","","","fee schedule","3323.23","10494.4","APC"
"Remove vaginal foreign body","57415","HCPCS","","","","","","","facility","outpatient","","","","","","Bcbs","Highmark Wholecare Medicare Managed Care Plan","3847.95","","","","","","","fee schedule","3323.23","10494.4","APC"
"Remove ventilating tube","69424","HCPCS","","","","","","","facility","outpatient","","","","","","Ambetter","All Commercial Plans","5374.17","","","","","","","fee schedule","3403.64","10748.35","Radiology"
"Remove wrist joint cartilage","25107","HCPCS","","","","","","","facility","outpatient","","","","","","Jefferson Health Plan","Health Partners Medicare Managed Care Plan","3712.61","","","","","","","fee schedule","3359.03","10607.46","APC"
"Remove wrist joint implant","25449","HCPCS","","","","","","","facility","outpatient","","","","","","Bcbs","Highmark All Commercial Plans","11569.81","","","","","","","fee schedule","7449.22","23523.84","Radiology"
"Remove wrist joint lining","26130","HCPCS","","","","","","","facility","outpatient","","","","","","Healthspring","Medicare Managed Care Plan","3535.82","","","","","","","fee schedule","3359.03","10607.46","APC"
"Remove wrist tendon lesion","25110","HCPCS","","","","","","","facility","outpatient","","","","","","Healthspring","Medicare Managed Care Plan","1737.64","","","","","","","fee schedule","1650.76","5212.93","APC"
"Remove wrist tendon lesion","25111","HCPCS","","","","","","","facility","outpatient","","","","","","Bcbs","Highmark Wholecare Medicare Managed Care Plan","1911.41","","","","","","","fee schedule","1650.76","5212.93","APC"
"Remove wrist/forearm lesion","25115","HCPCS","","","","","","","facility","outpatient","","","","","","Aetna","Medicare Managed Care Plan","1789.77","","","","","","","fee schedule","1650.76","5212.93","APC"
"Remove&replace pm gen singl","33227","HCPCS","","","","","","","facility","outpatient","","","","","","Healthspring","Medicare Managed Care Plan","8942.63","","","","","","","fee schedule","8495.5","26827.89","APC"
"Remove/graft bone lesion","24116","HCPCS","","","","","","","facility","outpatient","","","","","","Bcbs","Highmark Wholecare Medicare Managed Care Plan","8625.41","","","","","","","fee schedule","7449.22","23523.84","APC"
"Remove/graft bone lesion","24125","HCPCS","","","","","","","facility","outpatient","","","","","","Jefferson Health Plan","Health Partners Medicare Managed Care Plan","3712.61","","","","","","","fee schedule","3359.03","10607.46","APC"
"Remove/graft finger lesion","26215","HCPCS","","","","","","","facility","outpatient","","","","","","Bcbs","Highmark Wholecare Medicare Managed Care Plan","3889.4","","","","","","","fee schedule","3359.03","10607.46","APC"
"Remove/graft forearm lesion","25126","HCPCS","","","","","","","facility","outpatient","","","","","","Jefferson Health Plan","Health Partners Medicare Managed Care Plan","3712.61","","","","","","","fee schedule","3359.03","10607.46","APC"
"Remove/graft leg bone lesion","27638","HCPCS","","","","","","","facility","outpatient","","","","","","Bcbs","Highmark Wholecare Medicare Managed Care Plan","8625.41","","","","","","","fee schedule","7449.22","23523.84","APC"
"Remove/insert drug implant","11983","HCPCS","","","","","","","facility","outpatient","","","","","","Amerihealth","Medicare Managed Care Plan","521.36","","","","","","","fee schedule","458.61","1448.23","APC"
"Remove/insert drug implant","11983","HCPCS","","","","","","","facility","outpatient","","","","","","Bcbs","Highmark All Commercial Plans","712.29","","","","","","","fee schedule","458.61","1448.23","Radiology"
"Remove/insert drug implant","11983","HCPCS","","","","","","","facility","outpatient","","","","","","Bcbs","Highmark Wholecare Medicare Managed Care Plan","531.02","","","","","","","fee schedule","458.61","1448.23","APC"
"Remove/revise male sling","53442","HCPCS","","","","","","","facility","outpatient","","","","","","Bcbs","Highmark Medicare Managed Care Plan","5504.41","","","","","","","fee schedule","5504.41","17382.35","APC"
"Remove/revise male sling","53442","HCPCS","","","","","","","facility","outpatient","","","","","","Healthspring","Medicare Managed Care Plan","5794.12","","","","","","","fee schedule","5504.41","17382.35","APC"
"Remove/transplant tendon","23440","HCPCS","","","","","","","facility","outpatient","","","","","","Bcbs","Highmark All Commercial Plans","11569.81","","","","","","","fee schedule","7449.22","23523.84","Radiology"
"Remove/transplant tendon","23440","HCPCS","","","","","","","facility","outpatient","","","","","","Bcbs","Highmark Wholecare Medicare Managed Care Plan","8625.41","","","","","","","fee schedule","7449.22","23523.84","APC"
"Renal Failure With Mcc","682","MS-DRG","","","","","","","facility","inpatient","","","","","","Bcbs","Highmark Health Options Medicare Managed Care Plan","","","[MSDRG Base Rate: FEE SCHEDULE]","11395.39","10741.23","12035.25","14","other","","","Contracting method is an algorithm described in the 'standard_charges|algorithm' field. The allowed amount provided accounts for the structural rates, conditions, and utilization elements inherent in the payer’s algorithm."
"Renal Failure With Mcc","682","MS-DRG","","","","","","","facility","inpatient","","","","","","Wellcare","Medicare Managed Care Plan","14980.74","","","","","","","fee schedule","12937.91","34803.5","MSDRG Base Rate"
"Reopen fallopian tube","58345","HCPCS","","","","","","","facility","outpatient","","","","","","Aetna","Medicare Managed Care Plan","3603.08","","","","","","","fee schedule","3323.23","10494.4","APC"
"Reopen fallopian tube","58345","HCPCS","","","","","","","facility","outpatient","","","","","","Healthspring","Medicare Managed Care Plan","3498.13","","","","","","","fee schedule","3323.23","10494.4","APC"
"Repair & adjust spectacles","92371","HCPCS","","","","","","","facility","outpatient","","","","","","Healthspring","Medicare Managed Care Plan","63.75","","","","","","","fee schedule","60.56","191.25","APC"
"Repair Nasal Stenosis","30465","HCPCS","","","","","","","facility","outpatient","","","","","","Bcbs","Highmark Health Options Medicare Managed Care Plan","6557.07","","","","","","","fee schedule","6077.29","19191.43","APC"
"Repair Nasal Stenosis","30465","HCPCS","","","","","","","facility","outpatient","","","","","","Healthspring","Medicare Managed Care Plan","6397.14","","","","","","","fee schedule","6077.29","19191.43","APC"
"Repair anal fistula","46288","HCPCS","","","","","","","facility","outpatient","","","","","","Amerihealth","Medicare Managed Care Plan","3239.42","","","","","","","fee schedule","2849.49","8998.38","APC"
"Repair arm/leg nerve","64857","HCPCS","","","","","","","facility","outpatient","","","","","","Bcbs","Highmark Wholecare Medicare Managed Care Plan","4060.75","","","","","","","fee schedule","3507.01","11074.77","APC"
"Repair bladder neck","51845","HCPCS","","","","","","","facility","outpatient","","","","","","Ambetter","All Commercial Plans","8108.69","","","","","","","fee schedule","5135.51","16217.39","Radiology"
"Repair blood vessel lesion","35180","HCPCS","","","","","","","facility","outpatient","","","","","","Bcbs","Highmark Wholecare Medicare Managed Care Plan","1871.19","","","","","","","fee schedule","1616.02","5103.23","APC"
"Repair blood vessel lesion","35180","HCPCS","","","","","","","facility","outpatient","","","","","","Healthspring","Medicare Managed Care Plan","1701.08","","","","","","","fee schedule","1616.02","5103.23","APC"
"Repair blood vessel lesion","35190","HCPCS","","","","","","","facility","outpatient","","","","","","Amerihealth","Medicare Managed Care Plan","6494.2","","","","","","","fee schedule","5712.49","18039.45","APC"
"Repair blood vessel lesion","35231","HCPCS","","","","","","","facility","outpatient","","","","","","Bcbs","Highmark Health Options Medicare Managed Care Plan","3497.37","","","","","","","fee schedule","3241.46","10236.2","APC"
"Repair blood vessel lesion","35236","HCPCS","","","","","","","facility","outpatient","","","","","","Bcbs","Highmark All Commercial Plans","8872.4","","","","","","","fee schedule","5712.49","18039.45","Radiology"
"Repair blood vessel lesion","35261","HCPCS","","","","","","","facility","outpatient","","","","","","Amerihealth","Medicare Managed Care Plan","3685.03","","","","","","","fee schedule","3241.46","10236.2","APC"
"Repair carpal bone shorten","25394","HCPCS","","","","","","","facility","outpatient","","","","","","Ambetter","All Commercial Plans","5303.73","","","","","","","fee schedule","3359.03","10607.46","Radiology"
"Repair cleft lip/nasal","40701","HCPCS","","","","","","","facility","outpatient","","","","","","Amerihealth","Medicare Managed Care Plan","6908.91","","","","","","","fee schedule","6077.29","19191.43","APC"
"Repair defect of artery","35011","HCPCS","","","","","","","facility","outpatient","","","","","","Ambetter","All Commercial Plans","9019.72","","","","","","","fee schedule","5712.49","18039.45","Radiology"
"Repair detached retina crtx","67101","HCPCS","","","","","","","facility","outpatient","","","","","","Amerihealth","Medicare Managed Care Plan","2693.42","","","","","","","fee schedule","2369.21","7481.71","APC"
"Repair detached retina","67107","HCPCS","","","","","","","facility","outpatient","","","","","","Jefferson Health Plan","Health Partners Medicaid Managed Care/Aca Plan","13400.1","","","","","","","fee schedule","4243.36","13400.1","APC"
"Repair detached retina","67110","HCPCS","","","","","","","facility","outpatient","","","","","","Bcbs","Highmark All Commercial Plans","3679.75","","","","","","","fee schedule","2369.21","7481.71","Radiology"
"Repair detached retina","67110","HCPCS","","","","","","","facility","outpatient","","","","","","Bcbs","Highmark Wholecare Medicare Managed Care Plan","2743.29","","","","","","","fee schedule","2369.21","7481.71","APC"
"Repair eardrum structures","69631","HCPCS","","","","","","","facility","outpatient","","","","","","Bcbs","Highmark All Commercial Plans","9438.99","","","","","","","fee schedule","6077.29","19191.43","Radiology"
"Repair eardrum structures","69631","HCPCS","","","","","","","facility","outpatient","","","","","","Bcbs","Highmark Wholecare Medicare Managed Care Plan","7036.86","","","","","","","fee schedule","6077.29","19191.43","APC"
"Repair eardrum structures","69631","HCPCS","","","","","","","facility","outpatient","","","","","","Jefferson Health Plan","Health Partners Medicare Managed Care Plan","6717","","","","","","","fee schedule","6077.29","19191.43","APC"
"Repair eardrum structures","69635","HCPCS","","","","","","","facility","outpatient","","","","","","Aetna","Medicare Managed Care Plan","6589.06","","","","","","","fee schedule","6077.29","19191.43","APC"
"Repair esophagus opening","43420","HCPCS","","","","","","","facility","outpatient","","","","","","Amerihealth","Medicare Managed Care Plan","3869.41","","","","","","","fee schedule","3403.64","10748.35","APC"
"Repair extra toe(s)","28344","HCPCS","","","","","","","facility","outpatient","","","","","","Amerihealth","Medicare Managed Care Plan","3818.69","","","","","","","fee schedule","3359.03","10607.46","APC"
"Repair eyelid defect","67915","HCPCS","","","","","","","facility","outpatient","","","","","","Bcbs","Highmark Wholecare Medicare Managed Care Plan","2826.1","","","","","","","fee schedule","2440.72","7707.54","APC"
"Repair eyelid defect","67915","HCPCS","","","","","","","facility","outpatient","","","","","","Jefferson Health Plan","Health Partners Medicaid Managed Care/Aca Plan","7707.54","","","","","","","fee schedule","2440.72","7707.54","APC"
"Repair eyelid defect","67921","HCPCS","","","","","","","facility","outpatient","","","","","","Jefferson Health Plan","Health Partners Medicaid Managed Care/Aca Plan","7707.54","","","","","","","fee schedule","2440.72","7707.54","APC"
"Repair eyelid defect","67923","HCPCS","","","","","","","facility","outpatient","","","","","","Jefferson Health Plan","Health Partners Medicare Managed Care Plan","2697.64","","","","","","","fee schedule","2440.72","7707.54","APC"
"Repair eyelid wound","67935","HCPCS","","","","","","","facility","outpatient","","","","","","Aetna","All Commercial Plans","3596.85","","","","","","","fee schedule","2440.72","7707.54","Radiology"
"Repair fibula nonunion","27726","HCPCS","","","","","","","facility","outpatient","","","","","","Healthspring","Medicare Managed Care Plan","7841.28","","","","","","","fee schedule","7449.22","23523.84","APC"
"Repair finger tendon","26433","HCPCS","","","","","","","facility","outpatient","","","","","","Healthspring","Medicare Managed Care Plan","3535.82","","","","","","","fee schedule","3359.03","10607.46","APC"
"Repair finger/hand tendon","26370","HCPCS","","","","","","","facility","outpatient","","","","","","Bcbs","Highmark Medicare Managed Care Plan","3359.03","","","","","","","fee schedule","3359.03","10607.46","APC"
"Repair foot dislocation","28585","HCPCS","","","","","","","facility","outpatient","","","","","","Bcbs","Highmark Wholecare Medicare Managed Care Plan","8625.41","","","","","","","fee schedule","7449.22","23523.84","APC"
"Repair forearm tendon sheath","25275","HCPCS","","","","","","","facility","outpatient","","","","","","Ambetter","All Commercial Plans","5303.73","","","","","","","fee schedule","3359.03","10607.46","Radiology"
"Repair forearm tendon/muscle","25260","HCPCS","","","","","","","facility","outpatient","","","","","","Amerihealth","Caritas Next Other Commercial Plan","5657.31","","","","","","","fee schedule","3359.03","10607.46","Radiology"
"Repair forearm tendon/muscle","25270","HCPCS","","","","","","","facility","outpatient","","","","","","Bcbs","Highmark All Commercial Plans","5217.1","","","","","","","fee schedule","3359.03","10607.46","Radiology"
"Repair hand deformity","26580","HCPCS","","","","","","","facility","outpatient","","","","","","Bcbs","Highmark Wholecare Medicare Managed Care Plan","3889.4","","","","","","","fee schedule","3359.03","10607.46","APC"
"Repair hand deformity","26580","HCPCS","","","","","","","facility","outpatient","","","","","","Healthspring","Medicare Managed Care Plan","3535.82","","","","","","","fee schedule","3359.03","10607.46","APC"
"Repair hand joint with graft","26542","HCPCS","","","","","","","facility","outpatient","","","","","","Amerihealth","Medicare Managed Care Plan","3818.69","","","","","","","fee schedule","3359.03","10607.46","APC"
"Repair hand joint with graft","26542","HCPCS","","","","","","","facility","outpatient","","","","","","Bcbs","Highmark Health Options Medicare Managed Care Plan","3624.22","","","","","","","fee schedule","3359.03","10607.46","APC"
"Repair humerus with graft","24435","HCPCS","","","","","","","facility","outpatient","","","","","","Ambetter","All Commercial Plans","20810.79","","","","","","","fee schedule","13180.17","41621.58","Radiology"
"Repair humerus with graft","24435","HCPCS","","","","","","","facility","outpatient","","","","","","Bcbs","Highmark Medicare Managed Care Plan","13180.17","","","","","","","fee schedule","13180.17","41621.58","APC"
"Repair iris & ciliary body","66682","HCPCS","","","","","","","facility","outpatient","","","","","","Amerihealth","Medicare Managed Care Plan","2693.42","","","","","","","fee schedule","2369.21","7481.71","APC"
"Repair iris & ciliary body","66682","HCPCS","","","","","","","facility","outpatient","","","","","","Bcbs","Highmark Wholecare Medicare Managed Care Plan","2743.29","","","","","","","fee schedule","2369.21","7481.71","APC"
"Repair lower leg tendons","27675","HCPCS","","","","","","","facility","outpatient","","","","","","Bcbs","Highmark Health Options Medicare Managed Care Plan","3624.22","","","","","","","fee schedule","3359.03","10607.46","APC"
"Repair lumbar hernia","49540","HCPCS","","","","","","","facility","outpatient","","","","","","Amerihealth","Caritas Next Other Commercial Plan","10452.76","","","","","","","fee schedule","6206.33","19598.93","Radiology"
"Repair mouth laceration","40831","HCPCS","","","","","","","facility","outpatient","","","","","","Jefferson Health Plan","Health Partners Medicaid Managed Care/Aca Plan","1748.44","","","","","","","fee schedule","553.67","1748.44","APC"
"Repair mouth/nose fistula","30600","HCPCS","","","","","","","facility","outpatient","","","","","","Bcbs","Highmark Health Options Medicare Managed Care Plan","6557.07","","","","","","","fee schedule","6077.29","19191.43","APC"
"Repair nasal defect","30545","HCPCS","","","","","","","facility","outpatient","","","","","","Jefferson Health Plan","Health Partners Medicaid Managed Care/Aca Plan","19191.43","","","","","","","fee schedule","6077.29","19191.43","APC"
"Repair nasal septum defect","30630","HCPCS","","","","","","","facility","outpatient","","","","","","Aetna","Medicare Managed Care Plan","3690.27","","","","","","","fee schedule","3403.64","10748.35","APC"
"Repair of achilles tendon","27654","HCPCS","","","","","","","facility","outpatient","","","","","","Bcbs","Highmark Health Options Medicare Managed Care Plan","8037.31","","","","","","","fee schedule","7449.22","23523.84","APC"
"Repair of anal stricture","46700","HCPCS","","","","","","","facility","outpatient","","","","","","Aetna","All Commercial Plans","4199.25","","","","","","","fee schedule","2849.49","8998.38","Radiology"
"Repair of anal stricture","46700","HCPCS","","","","","","","facility","outpatient","","","","","","Healthspring","Medicare Managed Care Plan","2999.46","","","","","","","fee schedule","2849.49","8998.38","APC"
"Repair of ankle ligaments","27696","HCPCS","","","","","","","facility","outpatient","","","","","","Aetna","All Commercial Plans","10977.79","","","","","","","fee schedule","7449.22","23523.84","Radiology"
"Repair of biceps tendon","24340","HCPCS","","","","","","","facility","outpatient","","","","","","Amerihealth","Medicare Managed Care Plan","8468.58","","","","","","","fee schedule","7449.22","23523.84","APC"
"Repair of bladder wound","51860","HCPCS","","","","","","","facility","outpatient","","","","","","Bcbs","Highmark Health Options Medicare Managed Care Plan","10485.48","","","","","","","fee schedule","9718.25","30689.22","APC"
"Repair of body cast","29720","HCPCS","","","","","","","facility","outpatient","","","","","","Ambetter","All Commercial Plans","263.4","","","","","","","fee schedule","166.82","526.81","Radiology"
"Repair of body cast","29720","HCPCS","","","","","","","facility","outpatient","","","","","","Healthspring","Medicare Managed Care Plan","175.6","","","","","","","fee schedule","166.82","526.81","APC"
"Repair of eardrum","69610","HCPCS","","","","","","","facility","outpatient","","","","","","Bcbs","Highmark All Commercial Plans","2473.95","","","","","","","fee schedule","1592.85","5030.06","Radiology"
"Repair of eye wound","65270","HCPCS","","","","","","","facility","outpatient","","","","","","Aetna","All Commercial Plans","3596.85","","","","","","","fee schedule","2440.72","7707.54","Radiology"
"Repair of eye wound","65270","HCPCS","","","","","","","facility","outpatient","","","","","","Bcbs","Highmark All Commercial Plans","3790.83","","","","","","","fee schedule","2440.72","7707.54","Radiology"
"Repair of eye wound","65272","HCPCS","","","","","","","facility","outpatient","","","","","","Aetna","All Commercial Plans","3596.85","","","","","","","fee schedule","2440.72","7707.54","Radiology"
"Repair of eye wound","65286","HCPCS","","","","","","","facility","outpatient","","","","","","Healthspring","Medicare Managed Care Plan","2493.9","","","","","","","fee schedule","2369.21","7481.71","APC"
"Repair of hammertoe","28286","HCPCS","","","","","","","facility","outpatient","","","","","","Healthspring","Medicare Managed Care Plan","3535.82","","","","","","","fee schedule","3359.03","10607.46","APC"
"Repair of hand or foot nerve","64834","HCPCS","","","","","","","facility","outpatient","","","","","","Aetna","All Commercial Plans","5168.23","","","","","","","fee schedule","3507.01","11074.77","Radiology"
"Repair of hand or foot nerve","64834","HCPCS","","","","","","","facility","outpatient","","","","","","Bcbs","Highmark All Commercial Plans","5446.94","","","","","","","fee schedule","3507.01","11074.77","Radiology"
"Repair of leg epiphyses","27740","HCPCS","","","","","","","facility","outpatient","","","","","","Amerihealth","Caritas Next Other Commercial Plan","5657.31","","","","","","","fee schedule","3359.03","10607.46","Radiology"
"Repair of leg tendon each","27665","HCPCS","","","","","","","facility","outpatient","","","","","","Bcbs","Highmark Medicare Managed Care Plan","7449.22","","","","","","","fee schedule","7449.22","23523.84","APC"
"Repair of low back nerves","64862","HCPCS","","","","","","","facility","outpatient","","","","","","Bcbs","Highmark Wholecare Medicare Managed Care Plan","4060.75","","","","","","","fee schedule","3507.01","11074.77","APC"
"Repair of metatarsals","28322","HCPCS","","","","","","","facility","outpatient","","","","","","Bcbs","Highmark Wholecare Medicare Managed Care Plan","8625.41","","","","","","","fee schedule","7449.22","23523.84","APC"
"Repair of nail bed","11760","HCPCS","","","","","","","facility","outpatient","","","","","","Aetna","Medicare Managed Care Plan","822.62","","","","","","","fee schedule","758.73","2395.99","APC"
"Repair of perineum","56810","HCPCS","","","","","","","facility","outpatient","","","","","","Bcbs","Highmark Medicare Managed Care Plan","3323.23","","","","","","","fee schedule","3323.23","10494.4","APC"
"Repair of rectocele","45560","HCPCS","","","","","","","facility","outpatient","","","","","","Amerihealth","Medicare Managed Care Plan","3239.42","","","","","","","fee schedule","2849.49","8998.38","APC"
"Repair of sternum separation","21750","HCPCS","","","","","","","facility","outpatient","","","","","","Bcbs","Highmark Health Options Medicare Managed Care Plan","8037.31","","","","","","","fee schedule","7449.22","23523.84","APC"
"Repair of thigh muscle","27385","HCPCS","","","","","","","facility","outpatient","","","","","","Aetna","Medicare Managed Care Plan","8076.52","","","","","","","fee schedule","7449.22","23523.84","APC"
"Repair of tibia epiphysis","27730","HCPCS","","","","","","","facility","outpatient","","","","","","Amerihealth","Medicare Managed Care Plan","3818.69","","","","","","","fee schedule","3359.03","10607.46","APC"
"Repair of tibia epiphysis","27730","HCPCS","","","","","","","facility","outpatient","","","","","","Jefferson Health Plan","Health Partners Medicare Managed Care Plan","3712.61","","","","","","","fee schedule","3359.03","10607.46","APC"
"Repair of tibia","27720","HCPCS","","","","","","","facility","outpatient","","","","","","Bcbs","Highmark Wholecare Medicare Managed Care Plan","8625.41","","","","","","","fee schedule","7449.22","23523.84","APC"
"Repair of urethra defect","53275","HCPCS","","","","","","","facility","outpatient","","","","","","Aetna","Medicare Managed Care Plan","3923.47","","","","","","","fee schedule","3618.74","11427.6","APC"
"Repair of urethra defect","53275","HCPCS","","","","","","","facility","outpatient","","","","","","Bcbs","Highmark Health Options Medicare Managed Care Plan","3904.43","","","","","","","fee schedule","3618.74","11427.6","APC"
"Repair of urethra injury","53515","HCPCS","","","","","","","facility","outpatient","","","","","","Amerihealth","Caritas Next Other Commercial Plan","9270.59","","","","","","","fee schedule","5504.41","17382.35","Radiology"
"Repair of web finger","26561","HCPCS","","","","","","","facility","outpatient","","","","","","Amerihealth","Caritas Next Other Commercial Plan","5657.31","","","","","","","fee schedule","3359.03","10607.46","Radiology"
"Repair paravag defect lap","57423","HCPCS","","","","","","","facility","outpatient","","","","","","Aetna","All Commercial Plans","16081.68","","","","","","","fee schedule","10912.57","34460.74","Radiology"
"Repair paravag defect lap","57423","HCPCS","","","","","","","facility","outpatient","","","","","","Aetna","Medicare Managed Care Plan","11831.52","","","","","","","fee schedule","10912.57","34460.74","APC"
"Repair penis","54380","HCPCS","","","","","","","facility","outpatient","","","","","","Ambetter","All Commercial Plans","3388.4","","","","","","","fee schedule","2145.98","6776.79","Radiology"
"Repair penis","54380","HCPCS","","","","","","","facility","outpatient","","","","","","Bcbs","Highmark All Commercial Plans","3333.05","","","","","","","fee schedule","2145.98","6776.79","Radiology"
"Repair penis","54385","HCPCS","","","","","","","facility","outpatient","","","","","","Aetna","Medicare Managed Care Plan","2326.7","","","","","","","fee schedule","2145.98","6776.79","APC"
"Repair radius or ulna","25400","HCPCS","","","","","","","facility","outpatient","","","","","","Ambetter","All Commercial Plans","11761.92","","","","","","","fee schedule","7449.22","23523.84","Radiology"
"Repair radius or ulna","25400","HCPCS","","","","","","","facility","outpatient","","","","","","Healthspring","Medicare Managed Care Plan","7841.28","","","","","","","fee schedule","7449.22","23523.84","APC"
"Repair rectum & vagina","57250","HCPCS","","","","","","","facility","outpatient","","","","","","Ambetter","All Commercial Plans","8108.69","","","","","","","fee schedule","5135.51","16217.39","Radiology"
"Repair rotator cuff chronic","23412","HCPCS","","","","","","","facility","outpatient","","","","","","Bcbs","Highmark Wholecare Medicare Managed Care Plan","8625.41","","","","","","","fee schedule","7449.22","23523.84","APC"
"Repair salivary duct","42500","HCPCS","","","","","","","facility","outpatient","","","","","","Aetna","Medicare Managed Care Plan","6589.06","","","","","","","fee schedule","6077.29","19191.43","APC"
"Repair salivary duct","42500","HCPCS","","","","","","","facility","outpatient","","","","","","Jefferson Health Plan","Health Partners Medicaid Managed Care/Aca Plan","19191.43","","","","","","","fee schedule","6077.29","19191.43","APC"
"Repair shoulder capsule","23455","HCPCS","","","","","","","facility","outpatient","","","","","","Jefferson Health Plan","Health Partners Medicaid Managed Care/Aca Plan","23523.84","","","","","","","fee schedule","7449.22","23523.84","APC"
"Repair shoulder capsule","23462","HCPCS","","","","","","","facility","outpatient","","","","","","Bcbs","Highmark All Commercial Plans","11569.81","","","","","","","fee schedule","7449.22","23523.84","Radiology"
"Repair shoulder capsule","23462","HCPCS","","","","","","","facility","outpatient","","","","","","Bcbs","Highmark Wholecare Medicare Managed Care Plan","8625.41","","","","","","","fee schedule","7449.22","23523.84","APC"
"Repair sternum/nuss w/scope","21743","HCPCS","","","","","","","facility","outpatient","","","","","","Ambetter","All Commercial Plans","5303.73","","","","","","","fee schedule","3359.03","10607.46","Radiology"
"Repair throat wound","42900","HCPCS","","","","","","","facility","outpatient","","","","","","Bcbs","Highmark Medicare Managed Care Plan","1592.85","","","","","","","fee schedule","1592.85","5030.06","APC"
"Repair tongue laceration","41250","HCPCS","","","","","","","facility","outpatient","","","","","","Ambetter","All Commercial Plans","724.12","","","","","","","fee schedule","458.61","1448.23","Radiology"
"Repair tongue laceration","41251","HCPCS","","","","","","","facility","outpatient","","","","","","Jefferson Health Plan","Health Partners Medicaid Managed Care/Aca Plan","767.84","","","","","","","fee schedule","243.15","767.84","APC"
"Repair tunneled cv cath","36575","HCPCS","","","","","","","facility","outpatient","","","","","","Bcbs","Highmark Health Options Medicare Managed Care Plan","694.83","","","","","","","fee schedule","643.99","2033.65","APC"
"Repair umbilical lesion","49600","HCPCS","","","","","","","facility","outpatient","","","","","","Healthspring","Medicare Managed Care Plan","3869.09","","","","","","","fee schedule","3675.63","11607.26","APC"
"Repair uro sphincter","53449","HCPCS","","","","","","","facility","outpatient","","","","","","Amerihealth","Caritas Next Other Commercial Plan","16367.58","","","","","","","fee schedule","9718.25","30689.22","Radiology"
"Repair vagina/perineum","57210","HCPCS","","","","","","","facility","outpatient","","","","","","Healthspring","Medicare Managed Care Plan","3498.13","","","","","","","fee schedule","3323.23","10494.4","APC"
"Repair valve femoral vein","34501","HCPCS","","","","","","","facility","outpatient","","","","","","Aetna","Medicare Managed Care Plan","6193.54","","","","","","","fee schedule","5712.49","18039.45","APC"
"Repair windpipe opening","31613","HCPCS","","","","","","","facility","outpatient","","","","","","Bcbs","Highmark Health Options Medicare Managed Care Plan","3672.35","","","","","","","fee schedule","3403.64","10748.35","APC"
"Repair windpipe opening","31613","HCPCS","","","","","","","facility","outpatient","","","","","","Jefferson Health Plan","Health Partners Medicaid Managed Care/Aca Plan","10748.35","","","","","","","fee schedule","3403.64","10748.35","APC"
"Repair/graft femur head/neck","27170","HCPCS","","","","","","","facility","outpatient","","","","","","Aetna","Medicare Managed Care Plan","8076.52","","","","","","","fee schedule","7449.22","23523.84","APC"
"Repair/graft femur head/neck","27170","HCPCS","","","","","","","facility","outpatient","","","","","","Healthspring","Medicare Managed Care Plan","7841.28","","","","","","","fee schedule","7449.22","23523.84","APC"
"Repair/graft finger tendon","26434","HCPCS","","","","","","","facility","outpatient","","","","","","Bcbs","Highmark Health Options Medicare Managed Care Plan","3624.22","","","","","","","fee schedule","3359.03","10607.46","APC"
"Repair/graft hand tendon","26392","HCPCS","","","","","","","facility","outpatient","","","","","","Bcbs","Highmark Medicare Managed Care Plan","7449.22","","","","","","","fee schedule","7449.22","23523.84","APC"
"Repair/graft of foot tendon","28210","HCPCS","","","","","","","facility","outpatient","","","","","","Ambetter","All Commercial Plans","11761.92","","","","","","","fee schedule","7449.22","23523.84","Radiology"
"Repair/graft of thigh muscle","27386","HCPCS","","","","","","","facility","outpatient","","","","","","Amerihealth","Caritas Next Other Commercial Plan","12546.05","","","","","","","fee schedule","7449.22","23523.84","Radiology"
"Repair/graft of thigh muscle","27386","HCPCS","","","","","","","facility","outpatient","","","","","","Healthspring","Medicare Managed Care Plan","7841.28","","","","","","","fee schedule","7449.22","23523.84","APC"
"Repair/graft radius or ulna","25405","HCPCS","","","","","","","facility","outpatient","","","","","","Aetna","Medicare Managed Care Plan","8076.52","","","","","","","fee schedule","7449.22","23523.84","APC"
"Repair/graft radius or ulna","25425","HCPCS","","","","","","","facility","outpatient","","","","","","Ambetter","All Commercial Plans","11761.92","","","","","","","fee schedule","7449.22","23523.84","Radiology"
"Repair/revise wrist joint","25320","HCPCS","","","","","","","facility","outpatient","","","","","","Aetna","All Commercial Plans","10977.79","","","","","","","fee schedule","7449.22","23523.84","Radiology"
"Repeat thyroid surgery","60260","HCPCS","","","","","","","facility","outpatient","","","","","","Ambetter","All Commercial Plans","9595.72","","","","","","","fee schedule","6077.29","19191.43","Radiology"
"Replace elbow joint","24363","HCPCS","","","","","","","facility","outpatient","","","","","","Jefferson Health Plan","Health Partners Medicare Managed Care Plan","19894.94","","","","","","","fee schedule","18000.18","56842.69","APC"
"Replace g-j tube perc","49452","HCPCS","","","","","","","facility","outpatient","","","","","","Bcbs","Highmark All Commercial Plans","1446.16","","","","","","","fee schedule","931.11","2940.35","Radiology"
"Replace picc cath","36584","HCPCS","","","","","","","facility","outpatient","","","","","","Bcbs","Highmark Wholecare Medicare Managed Care Plan","1871.19","","","","","","","fee schedule","1616.02","5103.23","APC"
"Replace tunneled cv cath","36581","HCPCS","","","","","","","facility","outpatient","","","","","","Aetna","All Commercial Plans","4776.89","","","","","","","fee schedule","3241.46","10236.2","Radiology"
"Replace tunneled cv cath","36582","HCPCS","","","","","","","facility","outpatient","","","","","","Amerihealth","Medicare Managed Care Plan","3685.03","","","","","","","fee schedule","3241.46","10236.2","APC"
"Replace/irrigate catheter","62225","HCPCS","","","","","","","facility","outpatient","","","","","","Bcbs","Highmark Health Options Medicare Managed Care Plan","3783.88","","","","","","","fee schedule","3507.01","11074.77","APC"
"Replant forearm complete","20805","HCPCS","","","","","","","facility","outpatient","","","","","","Amerihealth","Caritas Next Other Commercial Plan","30316.1","","","","","","","fee schedule","18000.18","56842.69","Radiology"
"Replantation arm complete","20802","HCPCS","","","","","","","facility","outpatient","","","","","","Aetna","Medicare Managed Care Plan","19515.99","","","","","","","fee schedule","18000.18","56842.69","APC"
"Replantation digit complete","20822","HCPCS","","","","","","","facility","outpatient","","","","","","Jefferson Health Plan","Health Partners Medicaid Managed Care/Aca Plan","5212.93","","","","","","","fee schedule","1650.76","5212.93","APC"
"Repos car modulj tranvns elt","0415T","HCPCS","","","","","","","facility","outpatient","","","","","","Bcbs","Highmark Health Options Medicare Managed Care Plan","694.83","","","","","","","fee schedule","643.99","2033.65","APC"
"Reposition intraocular lens","66825","HCPCS","","","","","","","facility","outpatient","","","","","","Bcbs","Highmark Health Options Medicare Managed Care Plan","2556.25","","","","","","","fee schedule","2369.21","7481.71","APC"
"Repr med pga 24chrm te bx qc","0554U","HCPCS","","","","","","","facility","outpatient","","","","","","Amerihealth","Caritas Next Other Commercial Plan","1214.48","","","","","","","fee schedule","721.1","2277.15","Radiology"
"Repr med pga embry te strux","0553U","HCPCS","","","","","","","facility","outpatient","","","","","","Aetna","All Commercial Plans","842.55","","","","","","","fee schedule","721.1","2277.15","Laboratory"
"Reprdtve med alys 24 chrmsm","0254U","HCPCS","","","","","","","facility","outpatient","","","","","","First Health","Delaware Medicaid Managed Care Plan","834.96","","","","","","","fee schedule","721.1","2277.15","Laboratory"
"Reprdtve med alys 24 chrmsm","0254U","HCPCS","","","","","","","facility","outpatient","","","","","","Unitedhealthcare","All Commercial Plans","759.05","","","","","","","fee schedule","721.1","2277.15",""
"Reprogram cochlear implt 7/>","92602","HCPCS","","","","","","","facility","outpatient","","","","","","Ambetter","All Commercial Plans","208.57","","","","","","","fee schedule","132.1","417.14","Radiology"
"Reptilase test","85635","HCPCS","","","","","","","facility","outpatient","","","","","","Cigna","All Commercial Plans","6.4","","","","","","","fee schedule","6.4","29.55",""
"Reptilase test","85635","HCPCS","","","","","","","facility","outpatient","","","","","","Jefferson Health Plan","Health Partners Medicaid Managed Care/Aca Plan","29.55","","","","","","","fee schedule","6.4","29.55","APC"
"Rerepair fem hernia blocked","49557","HCPCS","","","","","","","facility","outpatient","","","","","","Bcbs","Highmark All Commercial Plans","5708.84","","","","","","","fee schedule","3675.63","11607.26","Radiology"
"Rerepair ing hernia blocked","49521","HCPCS","","","","","","","facility","outpatient","","","","","","Healthspring","Medicare Managed Care Plan","6995.8","","","","","","","fee schedule","6646.01","20987.41","APC"
"Resect arm/elbow tum < 5 cm","24077","HCPCS","","","","","","","facility","outpatient","","","","","","Amerihealth","Caritas Next Other Commercial Plan","5022.27","","","","","","","fee schedule","2981.98","9416.76","Radiology"
"Resect arm/elbow tum < 5 cm","24077","HCPCS","","","","","","","facility","outpatient","","","","","","Bcbs","Highmark Medicare Managed Care Plan","2981.98","","","","","","","fee schedule","2981.98","9416.76","APC"
"Resect arm/elbow tum < 5 cm","24077","HCPCS","","","","","","","facility","outpatient","","","","","","Jefferson Health Plan","Health Partners Medicaid Managed Care/Aca Plan","9416.76","","","","","","","fee schedule","2981.98","9416.76","APC"
"Resect back tum < 5 cm","21935","HCPCS","","","","","","","facility","outpatient","","","","","","Aetna","Medicare Managed Care Plan","3233.09","","","","","","","fee schedule","2981.98","9416.76","APC"
"Resect back tum < 5 cm","21935","HCPCS","","","","","","","facility","outpatient","","","","","","Amerihealth","Caritas Next Other Commercial Plan","5022.27","","","","","","","fee schedule","2981.98","9416.76","Radiology"
"Resect face/scalp tum < 2 cm","21015","HCPCS","","","","","","","facility","outpatient","","","","","","Aetna","All Commercial Plans","4394.49","","","","","","","fee schedule","2981.98","9416.76","Radiology"
"Resect femur/knee tumor","27365","HCPCS","","","","","","","facility","outpatient","","","","","","Jefferson Health Plan","Health Partners Medicaid Managed Care/Aca Plan","10607.46","","","","","","","fee schedule","3359.03","10607.46","APC"
"Resect forarm/wrist tum 3cm>","25078","HCPCS","","","","","","","facility","outpatient","","","","","","Amerihealth","Caritas Next Other Commercial Plan","5022.27","","","","","","","fee schedule","2981.98","9416.76","Radiology"
"Resect hip tumor","27075","HCPCS","","","","","","","facility","outpatient","","","","","","Aetna","Medicare Managed Care Plan","8076.52","","","","","","","fee schedule","7449.22","23523.84","APC"
"Resect hip/pelv tum 5 cm/>","27059","HCPCS","","","","","","","facility","outpatient","","","","","","Bcbs","Highmark All Commercial Plans","4631.48","","","","","","","fee schedule","2981.98","9416.76","Radiology"
"Resect neck thorax tumor<5cm","21557","HCPCS","","","","","","","facility","outpatient","","","","","","Aetna","All Commercial Plans","4394.49","","","","","","","fee schedule","2981.98","9416.76","Radiology"
"Resect neck thorax tumor<5cm","21557","HCPCS","","","","","","","facility","outpatient","","","","","","Bcbs","Highmark Health Options Medicare Managed Care Plan","3217.39","","","","","","","fee schedule","2981.98","9416.76","APC"
"Resect radius/ulnar tumor","25170","HCPCS","","","","","","","facility","outpatient","","","","","","Aetna","All Commercial Plans","10977.79","","","","","","","fee schedule","7449.22","23523.84","Radiology"
"Resect shoulder tumor < 5 cm","23077","HCPCS","","","","","","","facility","outpatient","","","","","","Healthspring","Medicare Managed Care Plan","3138.92","","","","","","","fee schedule","2981.98","9416.76","APC"
"Resect talus/calcaneus tum","27647","HCPCS","","","","","","","facility","outpatient","","","","","","Bcbs","Highmark Wholecare Medicare Managed Care Plan","3889.4","","","","","","","fee schedule","3359.03","10607.46","APC"
"Resect thigh/knee tum 5 cm/>","27364","HCPCS","","","","","","","facility","outpatient","","","","","","Amerihealth","Medicare Managed Care Plan","3390.04","","","","","","","fee schedule","2981.98","9416.76","APC"
"Resp virus 12-25 targets","87633","HCPCS","","","","","","","facility","outpatient","","","","","","Aetna","Medicare Managed Care Plan","429.28","","","","","","","fee schedule","270.91","1250.34","APC"
"Resp virus 12-25 targets","87633","HCPCS","","","","","","","facility","outpatient","","","","","","Unitedhealthcare","All Commercial Plans","416.78","","","","","","","fee schedule","270.91","1250.34",""
"Resp virus 3-5 targets","87631","HCPCS","","","","","","","facility","outpatient","","","","","","Jefferson Health Plan","Health Partners Medicaid Managed Care/Aca Plan","427.89","","","","","","","fee schedule","92.71","427.89","APC"
"Resp virus 6-11 targets","87632","HCPCS","","","","","","","facility","outpatient","","","","","","Amerihealth","Caritas Next Other Commercial Plan","348.9","","","","","","","fee schedule","141.74","654.18","Radiology"
"Respiratory Infections And Inflammations With Cc","178","MS-DRG","","","","","","","facility","inpatient","","","","","","Aetna - Md","Better Health Medicaid Managed Care Plan","","","[Inpatient Services: Payer leverages state specific Medicaid payment methodology. Available, referenceable algorithm logic found here: https://health.maryland.gov/mmcp/provider/Pages/default.aspx]","","","","0","other","","","No services performed during 15-month lookback period."
"Respiratory Infections And Inflammations With Cc","178","MS-DRG","","","","","","","facility","inpatient","","","","","","Aetna - Nj","Better Health Medicaid Managed Care Plan","","","[Inpatient Services: Payer leverages state specific Medicaid payment methodology. Available, referenceable algorithm logic found here: https://www.nj.gov/health/hcf/]","","","","0","other","","","No services performed during 15-month lookback period."
"Respiratory Infections And Inflammations With Mcc","177","MS-DRG","","","","","","","facility","inpatient","","","","","","Bcbs","Highmark All Commercial Plans","","","[Lesser Than Charges paid at %: 100] [MSDRG Base Rate: FEE SCHEDULE] [Normal Newborn-Per Diem: 6037.44] [Psych-Per Diem: 2159.84] [All Other IP (%BC): 85.44]","32726.76","706.6","54666.4","1 through 10","other","","","Contracting method is an algorithm described in the 'standard_charges|algorithm' field. The allowed amount provided accounts for the structural rates, conditions, and utilization elements inherent in the payer’s algorithm."
"Respiratory Infections And Inflammations Without Cc/Mcc","179","MS-DRG","","","","","","","facility","inpatient","","","","","","Amerihealth","Caritas Next Other Commercial Plan","","94","","","","","0","percent of total billed charges","","","No services performed during 15-month lookback period."
"Respiratory Infections And Inflammations Without Cc/Mcc","179","MS-DRG","","","","","","","facility","inpatient","","","","","","Cigna","All Commercial Plans","","","[SNF-(% BC): 60] [All Other IP (%BC): 88.46]","","","","0","other","","","No services performed during 15-month lookback period."
"Respiratory Neoplasms With Mcc","180","MS-DRG","","","","","","","facility","inpatient","","","","","","Ibc","All Commercial Plans","","","[Psych-Per Diem: 1800] [All Other IP (%BC): 89.50]","14687.73","14687.73","14687.73","1 through 10","other","","","Contracting method is an algorithm described in the 'standard_charges|algorithm' field. The allowed amount provided accounts for the structural rates, conditions, and utilization elements inherent in the payer’s algorithm."
"Respiratory Neoplasms Without Cc/Mcc","182","MS-DRG","","","","","","","facility","inpatient","","","","","","Bcbs","Highmark All Commercial Plans","","","[Lesser Than Charges paid at %: 100] [MSDRG Base Rate: FEE SCHEDULE] [Normal Newborn-Per Diem: 6037.44] [Psych-Per Diem: 2159.84] [All Other IP (%BC): 85.44]","","","","0","other","","","No services performed during 15-month lookback period."
"Respiratory Signs And Symptoms","204","MS-DRG","","","","","","","facility","inpatient","","","","","","Aetna","All Commercial Plans","","","[SNF-(% BC): 65] [Bariatric Surgery-Case Rate: 20177] [All Other IP (%BC): 86.5]","","","","0","other","","","No services performed during 15-month lookback period."
"Respiratory Signs And Symptoms","204","MS-DRG","","","","","","","facility","inpatient","","","","","","Aetna","Medicare Managed Care Plan","7865.11","","","","","","","fee schedule","7254.23","18973.9","MSDRG Base Rate"
"Respiratory System Diagnosis With Ventilator Support <=96 Hours","208","MS-DRG","","","","","","","facility","inpatient","","","","","","Bcbs","Highmark Medicare Managed Care Plan","23634.47","","","","","","","fee schedule","23634.47","64594.45","MSDRG Base Rate"
"Respiratory System Diagnosis With Ventilator Support <=96 Hours","208","MS-DRG","","","","","","","facility","inpatient","","","","","","Healthspring","Medicare Managed Care Plan","24878.39","","","","","","","fee schedule","23634.47","64594.45","MSDRG Base Rate"
"Respiratory flow volume loop","94375","HCPCS","","","","","","","facility","outpatient","","","","","","Healthspring","Medicare Managed Care Plan","233.33","","","","","","","fee schedule","221.67","700","APC"
"Respiratory nuclear exam","78599","HCPCS","","","","","","","facility","outpatient","","","","","","Jefferson Health Plan","Health Partners Medicare Managed Care Plan","453.6","","","","","","","fee schedule","410.4","1296.01","APC"
"Resuscitation and Cardioversion","5781","APC","","","","","","","facility","outpatient","","","","","","Bcbs","Highmark Health Options Medicare Managed Care Plan","","","[APC ($): FEE SCHEDULE]","651.24","651.24","1196.9","25","other","","","Contracting method is an algorithm described in the 'standard_charges|algorithm' field. The allowed amount provided accounts for the structural rates, conditions, and utilization elements inherent in the payer’s algorithm."
"Resuscitation and Cardioversion","5781","APC","","","","","","","facility","outpatient","","","","","","Bcbs","Highmark Wholecare Medicaid Managed Care Plan","","","[Outpatient Services: Payer leverages state specific Medicaid payment methodology. Available, referenceable algorithm logic found here: https://www.pa.gov/agencies/dhs/resources/for-providers]","","","","0","other","","","No services performed during 15-month lookback period."
"Reticuloendothelial And Immunity Disorders With Mcc","814","MS-DRG","","","","","","","facility","inpatient","","","","","","Aetna - Nj","Better Health Medicaid Managed Care Plan","","","[Inpatient Services: Payer leverages state specific Medicaid payment methodology. Available, referenceable algorithm logic found here: https://www.nj.gov/health/hcf/]","","","","0","other","","","No services performed during 15-month lookback period."
"Reticuloendothelial And Immunity Disorders With Mcc","814","MS-DRG","","","","","","","facility","inpatient","","","","","","Amerihealth","Caritas Next Other Commercial Plan","","94","","","","","0","percent of total billed charges","","","No services performed during 15-month lookback period."
"Reticuloendothelial And Immunity Disorders With Mcc","814","MS-DRG","","","","","","","facility","inpatient","","","","","","Cigna","All Commercial Plans","","","[SNF-(% BC): 60] [All Other IP (%BC): 88.46]","21750.58","21750.58","21750.58","1 through 10","other","","","Contracting method is an algorithm described in the 'standard_charges|algorithm' field. The allowed amount provided accounts for the structural rates, conditions, and utilization elements inherent in the payer’s algorithm."
"Rev s-sclp eltr ra rcvr&tlmt","0957T","HCPCS","","","","","","","facility","outpatient","","","","","","Aetna","All Commercial Plans","2432.7","","","","","","","fee schedule","1650.76","5212.93","Radiology"
"Rev s-sclp eltr ra rcvr&tlmt","0957T","HCPCS","","","","","","","facility","outpatient","","","","","","Bcbs","Highmark Medicare Managed Care Plan","1650.76","","","","","","","fee schedule","1650.76","5212.93","APC"
"Rev s-sclp eltr ra rcvr&tlmt","0957T","HCPCS","","","","","","","facility","outpatient","","","","","","Jefferson Health Plan","Health Partners Medicare Managed Care Plan","1824.53","","","","","","","fee schedule","1650.76","5212.93","APC"
"Rev/rplct hpglsl nstm ary pg","64583","HCPCS","","","","","","","facility","outpatient","","","","","","Bcbs","Highmark All Commercial Plans","17766.68","","","","","","","fee schedule","11439.07","36123.38","Radiology"
"Revasc intra lithotrip-stent","C9765","HCPCS","","","","","","","facility","outpatient","","","","","","Jefferson Health Plan","Health Partners Medicare Managed Care Plan","20800.2","","","","","","","fee schedule","18819.22","59429.13","APC"
"Revasc lithotrip-stent-ather","C9767","HCPCS","","","","","","","facility","outpatient","","","","","","Amerihealth","Medicare Managed Care Plan","21394.49","","","","","","","fee schedule","18819.22","59429.13","APC"
"Revise Graft w/Nonauto Graft","35883","HCPCS","","","","","","","facility","outpatient","","","","","","Aetna","All Commercial Plans","8418.41","","","","","","","fee schedule","5712.49","18039.45","Radiology"
"Revise Graft w/Nonauto Graft","35883","HCPCS","","","","","","","facility","outpatient","","","","","","Ambetter","All Commercial Plans","9019.72","","","","","","","fee schedule","5712.49","18039.45","Radiology"
"Revise Lumbar Artif Disc","22862","HCPCS","","","","","","","facility","outpatient","","","","","","Bcbs","Highmark All Commercial Plans","27957.13","","","","","","","fee schedule","18000.18","56842.69","Radiology"
"Revise abdomen-venous shunt","49426","HCPCS","","","","","","","facility","outpatient","","","","","","Aetna","Medicare Managed Care Plan","3985.16","","","","","","","fee schedule","3675.63","11607.26","APC"
"Revise aqueous shunt eye","66185","HCPCS","","","","","","","facility","outpatient","","","","","","Bcbs","Highmark Health Options Medicare Managed Care Plan","2556.25","","","","","","","fee schedule","2369.21","7481.71","APC"
"Revise aqueous shunt eye","66185","HCPCS","","","","","","","facility","outpatient","","","","","","Jefferson Health Plan","Health Partners Medicaid Managed Care/Aca Plan","7481.71","","","","","","","fee schedule","2369.21","7481.71","APC"
"Revise arm/leg nerve","64708","HCPCS","","","","","","","facility","outpatient","","","","","","Aetna","Medicare Managed Care Plan","2173.48","","","","","","","fee schedule","2004.66","6330.52","APC"
"Revise eye muscle","67314","HCPCS","","","","","","","facility","outpatient","","","","","","Aetna","Medicare Managed Care Plan","2646.26","","","","","","","fee schedule","2440.72","7707.54","APC"
"Revise eye muscle","67314","HCPCS","","","","","","","facility","outpatient","","","","","","Ambetter","All Commercial Plans","3853.77","","","","","","","fee schedule","2440.72","7707.54","Radiology"
"Revise eye muscle","67314","HCPCS","","","","","","","facility","outpatient","","","","","","Bcbs","Highmark All Commercial Plans","3790.83","","","","","","","fee schedule","2440.72","7707.54","Radiology"
"Revise eye muscle","67314","HCPCS","","","","","","","facility","outpatient","","","","","","Bcbs","Highmark Wholecare Medicare Managed Care Plan","2826.1","","","","","","","fee schedule","2440.72","7707.54","APC"
"Revise eye sockets","21260","HCPCS","","","","","","","facility","outpatient","","","","","","Amerihealth","Caritas Next Other Commercial Plan","10235.43","","","","","","","fee schedule","6077.29","19191.43","Radiology"
"Revise eye sockets","21260","HCPCS","","","","","","","facility","outpatient","","","","","","Bcbs","Highmark Wholecare Medicare Managed Care Plan","7036.86","","","","","","","fee schedule","6077.29","19191.43","APC"
"Revise eye sockets","21261","HCPCS","","","","","","","facility","outpatient","","","","","","Amerihealth","Medicare Managed Care Plan","6908.91","","","","","","","fee schedule","6077.29","19191.43","APC"
"Revise eyelashes","67820","HCPCS","","","","","","","facility","outpatient","","","","","","Ambetter","All Commercial Plans","215.66","","","","","","","fee schedule","136.59","431.33","Radiology"
"Revise eyelashes","67825","HCPCS","","","","","","","facility","outpatient","","","","","","Bcbs","Highmark All Commercial Plans","506.09","","","","","","","fee schedule","325.85","1028.99","Radiology"
"Revise eyelashes","67825","HCPCS","","","","","","","facility","outpatient","","","","","","Bcbs","Highmark Health Options Medicare Managed Care Plan","351.57","","","","","","","fee schedule","325.85","1028.99","APC"
"Revise finger joint each","26140","HCPCS","","","","","","","facility","outpatient","","","","","","Bcbs","Highmark Medicare Managed Care Plan","1650.76","","","","","","","fee schedule","1650.76","5212.93","APC"
"Revise finger/toe nerve","64702","HCPCS","","","","","","","facility","outpatient","","","","","","Amerihealth","Caritas Next Other Commercial Plan","3376.28","","","","","","","fee schedule","2004.66","6330.52","Radiology"
"Revise finger/toe nerve","64702","HCPCS","","","","","","","facility","outpatient","","","","","","Healthspring","Medicare Managed Care Plan","2110.17","","","","","","","fee schedule","2004.66","6330.52","APC"
"Revise finger/toe nerve","64702","HCPCS","","","","","","","facility","outpatient","","","","","","Jefferson Health Plan","Health Partners Medicaid Managed Care/Aca Plan","6330.52","","","","","","","fee schedule","2004.66","6330.52","APC"
"Revise gastric port open","43886","HCPCS","","","","","","","facility","outpatient","","","","","","Amerihealth","Caritas Next Other Commercial Plan","6127.13","","","","","","","fee schedule","3637.98","11488.36","Radiology"
"Revise gastric port open","43886","HCPCS","","","","","","","facility","outpatient","","","","","","Jefferson Health Plan","Health Partners Medicaid Managed Care/Aca Plan","11488.36","","","","","","","fee schedule","3637.98","11488.36","APC"
"Revise graft w/vein","35884","HCPCS","","","","","","","facility","outpatient","","","","","","Healthspring","Medicare Managed Care Plan","6013.15","","","","","","","fee schedule","5712.49","18039.45","APC"
"Revise hand/foot nerve","64704","HCPCS","","","","","","","facility","outpatient","","","","","","Aetna","Medicare Managed Care Plan","2173.48","","","","","","","fee schedule","2004.66","6330.52","APC"
"Revise hand/foot nerve","64704","HCPCS","","","","","","","facility","outpatient","","","","","","Bcbs","Highmark All Commercial Plans","3113.56","","","","","","","fee schedule","2004.66","6330.52","Radiology"
"Revise hernia & sperm veins","55540","HCPCS","","","","","","","facility","outpatient","","","","","","Bcbs","Highmark All Commercial Plans","5708.84","","","","","","","fee schedule","3675.63","11607.26","Radiology"
"Revise kneecap","27437","HCPCS","","","","","","","facility","outpatient","","","","","","Jefferson Health Plan","Health Partners Medicare Managed Care Plan","8233.34","","","","","","","fee schedule","7449.22","23523.84","APC"
"Revise knuckle joint","26530","HCPCS","","","","","","","facility","outpatient","","","","","","Jefferson Health Plan","Health Partners Medicare Managed Care Plan","8233.34","","","","","","","fee schedule","7449.22","23523.84","APC"
"Revise low back nerve(s)","64714","HCPCS","","","","","","","facility","outpatient","","","","","","Ambetter","All Commercial Plans","3165.26","","","","","","","fee schedule","2004.66","6330.52","Radiology"
"Revise lower leg tendon","27690","HCPCS","","","","","","","facility","outpatient","","","","","","Bcbs","Highmark Health Options Medicare Managed Care Plan","8037.31","","","","","","","fee schedule","7449.22","23523.84","APC"
"Revise middle ear & mastoid","69642","HCPCS","","","","","","","facility","outpatient","","","","","","Healthspring","Medicare Managed Care Plan","6397.14","","","","","","","fee schedule","6077.29","19191.43","APC"
"Revise middle ear & mastoid","69644","HCPCS","","","","","","","facility","outpatient","","","","","","Ambetter","All Commercial Plans","9595.72","","","","","","","fee schedule","6077.29","19191.43","Radiology"
"Revise middle ear & mastoid","69645","HCPCS","","","","","","","facility","outpatient","","","","","","Aetna","All Commercial Plans","8956","","","","","","","fee schedule","6077.29","19191.43","Radiology"
"Revise middle ear bone","69660","HCPCS","","","","","","","facility","outpatient","","","","","","Jefferson Health Plan","Health Partners Medicare Managed Care Plan","6717","","","","","","","fee schedule","6077.29","19191.43","APC"
"Revise middle ear bone","69662","HCPCS","","","","","","","facility","outpatient","","","","","","Aetna","Medicare Managed Care Plan","6589.06","","","","","","","fee schedule","6077.29","19191.43","APC"
"Revise middle ear bone","69662","HCPCS","","","","","","","facility","outpatient","","","","","","Ambetter","All Commercial Plans","9595.72","","","","","","","fee schedule","6077.29","19191.43","Radiology"
"Revise palsy hand tendon(s)","25315","HCPCS","","","","","","","facility","outpatient","","","","","","Jefferson Health Plan","Health Partners Medicare Managed Care Plan","8233.34","","","","","","","fee schedule","7449.22","23523.84","APC"
"Revise radius & ulna","25375","HCPCS","","","","","","","facility","outpatient","","","","","","Aetna","Medicare Managed Care Plan","3641.9","","","","","","","fee schedule","3359.03","10607.46","APC"
"Revise radius or ulna","25370","HCPCS","","","","","","","facility","outpatient","","","","","","Amerihealth","Medicare Managed Care Plan","3818.69","","","","","","","fee schedule","3359.03","10607.46","APC"
"Revise radius or ulna","25370","HCPCS","","","","","","","facility","outpatient","","","","","","Jefferson Health Plan","Health Partners Medicaid Managed Care/Aca Plan","10607.46","","","","","","","fee schedule","3359.03","10607.46","APC"
"Revise spermatic cord veins","55530","HCPCS","","","","","","","facility","outpatient","","","","","","Bcbs","Highmark Wholecare Medicare Managed Care Plan","4190.12","","","","","","","fee schedule","3618.74","11427.6","APC"
"Revise thigh muscles/tendons","27400","HCPCS","","","","","","","facility","outpatient","","","","","","Aetna","Medicare Managed Care Plan","8076.52","","","","","","","fee schedule","7449.22","23523.84","APC"
"Revise two eye muscles","67316","HCPCS","","","","","","","facility","outpatient","","","","","","Jefferson Health Plan","Health Partners Medicare Managed Care Plan","2697.64","","","","","","","fee schedule","2440.72","7707.54","APC"
"Revise ulnar nerve at wrist","64719","HCPCS","","","","","","","facility","outpatient","","","","","","Bcbs","Highmark All Commercial Plans","3113.56","","","","","","","fee schedule","2004.66","6330.52","Radiology"
"Revise urethra stage 2","53405","HCPCS","","","","","","","facility","outpatient","","","","","","Amerihealth","Medicare Managed Care Plan","6257.65","","","","","","","fee schedule","5504.41","17382.35","APC"
"Revise windpipe scar","31830","HCPCS","","","","","","","facility","outpatient","","","","","","Jefferson Health Plan","Health Partners Medicare Managed Care Plan","3761.92","","","","","","","fee schedule","3403.64","10748.35","APC"
"Revise wrist/forearm tendon","25280","HCPCS","","","","","","","facility","outpatient","","","","","","Aetna","Medicare Managed Care Plan","3641.9","","","","","","","fee schedule","3359.03","10607.46","APC"
"Revise/graft eyelid lining","68320","HCPCS","","","","","","","facility","outpatient","","","","","","Ambetter","All Commercial Plans","3853.77","","","","","","","fee schedule","2440.72","7707.54","Radiology"
"Revise/remove neuroelectrode","61880","HCPCS","","","","","","","facility","outpatient","","","","","","Amerihealth","Medicare Managed Care Plan","4080.24","","","","","","","fee schedule","3589.1","11333.99","APC"
"Revise/remove neuroreceiver","63688","HCPCS","","","","","","","facility","outpatient","","","","","","Bcbs","Highmark Health Options Medicare Managed Care Plan","3872.45","","","","","","","fee schedule","3589.1","11333.99","APC"
"Revise/replace knee joint","27486","HCPCS","","","","","","","facility","outpatient","","","","","","Bcbs","Highmark Medicare Managed Care Plan","13180.17","","","","","","","fee schedule","13180.17","41621.58","APC"
"Revise/replace knee joint","27486","HCPCS","","","","","","","facility","outpatient","","","","","","Healthspring","Medicare Managed Care Plan","13873.86","","","","","","","fee schedule","13180.17","41621.58","APC"
"Revision Of Hip Or Knee Replacement With Cc","467","MS-DRG","","","","","","","facility","inpatient","","","","","","Jefferson Health Plan","Health Partners Medicaid Managed Care/Aca Plan","82875.1","","","","","","","fee schedule","30198.21","82875.1",""
"Revision Of Hip Or Knee Replacement With Mcc","466","MS-DRG","","","","","","","facility","inpatient","","","","","","Amerihealth","Medicare Managed Care Plan","","","[MSDRG Base Rate: FEE SCHEDULE]","","","","0","other","","","No services performed during 15-month lookback period."
"Revision Of Hip Or Knee Replacement With Mcc","466","MS-DRG","","","","","","","facility","inpatient","","","","","","First Health","Delaware Medicaid Managed Care Plan","","","[Inpatient Services: Payer leverages state specific Medicaid payment methodology. Available, referenceable algorithm logic found here: https://medicaidpublications.dhss.delaware.gov/docs/search]","","","","0","other","","","No services performed during 15-month lookback period."
"Revision Of Hip Or Knee Replacement Without Cc/Mcc","468","MS-DRG","","","","","","","facility","inpatient","","","","","","Amerihealth","Medicare Managed Care Plan","26861.94","","","","","","","fee schedule","23628.56","64578","MSDRG Base Rate"
"Revision Of Hip Or Knee Replacement Without Cc/Mcc","468","MS-DRG","","","","","","","facility","inpatient","","","","","","Ibc","All Commercial Plans","","","[Psych-Per Diem: 1800] [All Other IP (%BC): 89.50]","97548.81","97548.81","97548.81","1 through 10","other","","","Contracting method is an algorithm described in the 'standard_charges|algorithm' field. The allowed amount provided accounts for the structural rates, conditions, and utilization elements inherent in the payer’s algorithm."
"Revision Of Hip Or Knee Replacement Without Cc/Mcc","468","MS-DRG","","","","","","","facility","inpatient","","","","","","Jefferson Health Plan","Health Partners Medicare Managed Care Plan","","","[MSDRG Base Rate: FEE SCHEDULE]","","","","0","other","","","No services performed during 15-month lookback period."
"Revision of big toe","28310","HCPCS","","","","","","","facility","outpatient","","","","","","Jefferson Health Plan","Health Partners Medicare Managed Care Plan","8233.34","","","","","","","fee schedule","7449.22","23523.84","APC"
"Revision of cervix","57720","HCPCS","","","","","","","facility","outpatient","","","","","","Bcbs","Highmark All Commercial Plans","5161.5","","","","","","","fee schedule","3323.23","10494.4","Radiology"
"Revision of collar bone","23485","HCPCS","","","","","","","facility","outpatient","","","","","","Bcbs","Highmark Medicare Managed Care Plan","13180.17","","","","","","","fee schedule","13180.17","41621.58","APC"
"Revision of colostomy","44340","HCPCS","","","","","","","facility","outpatient","","","","","","Ambetter","All Commercial Plans","5744.18","","","","","","","fee schedule","3637.98","11488.36","Radiology"
"Revision of cornea","65600","HCPCS","","","","","","","facility","outpatient","","","","","","Aetna","Medicare Managed Care Plan","2646.26","","","","","","","fee schedule","2440.72","7707.54","APC"
"Revision of cornea","65600","HCPCS","","","","","","","facility","outpatient","","","","","","Bcbs","Highmark All Commercial Plans","3790.83","","","","","","","fee schedule","2440.72","7707.54","Radiology"
"Revision of cornea","65600","HCPCS","","","","","","","facility","outpatient","","","","","","Bcbs","Highmark Health Options Medicare Managed Care Plan","2633.41","","","","","","","fee schedule","2440.72","7707.54","APC"
"Revision of cranial nerve","64716","HCPCS","","","","","","","facility","outpatient","","","","","","Bcbs","Highmark Medicare Managed Care Plan","2004.66","","","","","","","fee schedule","2004.66","6330.52","APC"
"Revision of eyelid","21282","HCPCS","","","","","","","facility","outpatient","","","","","","Bcbs","Highmark Health Options Medicare Managed Care Plan","3672.35","","","","","","","fee schedule","3403.64","10748.35","APC"
"Revision of eyelid","67880","HCPCS","","","","","","","facility","outpatient","","","","","","Amerihealth","Caritas Next Other Commercial Plan","4110.69","","","","","","","fee schedule","2440.72","7707.54","Radiology"
"Revision of eyelid","67880","HCPCS","","","","","","","facility","outpatient","","","","","","Bcbs","Highmark All Commercial Plans","3790.83","","","","","","","fee schedule","2440.72","7707.54","Radiology"
"Revision of eyelid","67882","HCPCS","","","","","","","facility","outpatient","","","","","","Aetna","Medicare Managed Care Plan","2646.26","","","","","","","fee schedule","2440.72","7707.54","APC"
"Revision of eyelid","67999","HCPCS","","","","","","","facility","outpatient","","","","","","Amerihealth","Medicare Managed Care Plan","370.44","","","","","","","fee schedule","325.85","1028.99","APC"
"Revision of femur epiphysis","27185","HCPCS","","","","","","","facility","outpatient","","","","","","Aetna","All Commercial Plans","4950.15","","","","","","","fee schedule","3359.03","10607.46","Radiology"
"Revision of finger","26499","HCPCS","","","","","","","facility","outpatient","","","","","","Bcbs","Highmark All Commercial Plans","5217.1","","","","","","","fee schedule","3359.03","10607.46","Radiology"
"Revision of foot and ankle","28262","HCPCS","","","","","","","facility","outpatient","","","","","","Bcbs","Highmark All Commercial Plans","11569.81","","","","","","","fee schedule","7449.22","23523.84","Radiology"
"Revision of foot and ankle","28262","HCPCS","","","","","","","facility","outpatient","","","","","","Bcbs","Highmark Health Options Medicare Managed Care Plan","8037.31","","","","","","","fee schedule","7449.22","23523.84","APC"
"Revision of foot bones","28737","HCPCS","","","","","","","facility","outpatient","","","","","","Amerihealth","Medicare Managed Care Plan","14983.77","","","","","","","fee schedule","13180.17","41621.58","APC"
"Revision of hip bone","27147","HCPCS","","","","","","","facility","outpatient","","","","","","Amerihealth","Caritas Next Other Commercial Plan","12546.05","","","","","","","fee schedule","7449.22","23523.84","Radiology"
"Revision of hip bone","27147","HCPCS","","","","","","","facility","outpatient","","","","","","Amerihealth","Medicare Managed Care Plan","8468.58","","","","","","","fee schedule","7449.22","23523.84","APC"
"Revision of iris","66761","HCPCS","","","","","","","facility","outpatient","","","","","","Bcbs","Highmark Wholecare Medicare Managed Care Plan","653.78","","","","","","","fee schedule","564.63","1783.03","APC"
"Revision of iris","66762","HCPCS","","","","","","","facility","outpatient","","","","","","Amerihealth","Medicare Managed Care Plan","641.89","","","","","","","fee schedule","564.63","1783.03","APC"
"Revision of jaw muscle/bone","21295","HCPCS","","","","","","","facility","outpatient","","","","","","Healthspring","Medicare Managed Care Plan","1676.69","","","","","","","fee schedule","1592.85","5030.06","APC"
"Revision of knee joint","27442","HCPCS","","","","","","","facility","outpatient","","","","","","Jefferson Health Plan","Health Partners Medicaid Managed Care/Aca Plan","41621.58","","","","","","","fee schedule","13180.17","41621.58","APC"
"Revision of lower eyelid","15820","HCPCS","","","","","","","facility","outpatient","","","","","","Bcbs","Highmark Wholecare Medicare Managed Care Plan","2452.61","","","","","","","fee schedule","2118.16","6688.93","APC"
"Revision of lower leg","27715","HCPCS","","","","","","","facility","outpatient","","","","","","Aetna","Medicare Managed Care Plan","14290.08","","","","","","","fee schedule","13180.17","41621.58","APC"
"Revision of lower leg","27715","HCPCS","","","","","","","facility","outpatient","","","","","","Jefferson Health Plan","Health Partners Medicaid Managed Care/Aca Plan","41621.58","","","","","","","fee schedule","13180.17","41621.58","APC"
"Revision of neck muscle","21725","HCPCS","","","","","","","facility","outpatient","","","","","","Amerihealth","Medicare Managed Care Plan","826.45","","","","","","","fee schedule","726.97","2295.69","APC"
"Revision of nose","30120","HCPCS","","","","","","","facility","outpatient","","","","","","Ambetter","All Commercial Plans","5374.17","","","","","","","fee schedule","3403.64","10748.35","Radiology"
"Revision of nose","30430","HCPCS","","","","","","","facility","outpatient","","","","","","Aetna","All Commercial Plans","8956","","","","","","","fee schedule","6077.29","19191.43","Radiology"
"Revision of pelvis","27158","HCPCS","","","","","","","facility","outpatient","","","","","","Bcbs","Highmark All Commercial Plans","11569.81","","","","","","","fee schedule","7449.22","23523.84","Radiology"
"Revision of penis","54435","HCPCS","","","","","","","facility","outpatient","","","","","","Amerihealth","Medicare Managed Care Plan","4113.93","","","","","","","fee schedule","3618.74","11427.6","APC"
"Revision of penis","54435","HCPCS","","","","","","","facility","outpatient","","","","","","Healthspring","Medicare Managed Care Plan","3809.2","","","","","","","fee schedule","3618.74","11427.6","APC"
"Revision of pharyngeal walls","42892","HCPCS","","","","","","","facility","outpatient","","","","","","Bcbs","Highmark Medicare Managed Care Plan","6077.29","","","","","","","fee schedule","6077.29","19191.43","APC"
"Revision of radius","25355","HCPCS","","","","","","","facility","outpatient","","","","","","Aetna","Medicare Managed Care Plan","3641.9","","","","","","","fee schedule","3359.03","10607.46","APC"
"Revision of sciatic nerve","64712","HCPCS","","","","","","","facility","outpatient","","","","","","Bcbs","Highmark Wholecare Medicare Managed Care Plan","2321.19","","","","","","","fee schedule","2004.66","6330.52","APC"
"Revision of scrotum","55180","HCPCS","","","","","","","facility","outpatient","","","","","","Amerihealth","Caritas Next Other Commercial Plan","9270.59","","","","","","","fee schedule","5504.41","17382.35","Radiology"
"Revision of testis","54660","HCPCS","","","","","","","facility","outpatient","","","","","","Ambetter","All Commercial Plans","8691.17","","","","","","","fee schedule","5504.41","17382.35","Radiology"
"Revision of thigh muscles","27430","HCPCS","","","","","","","facility","outpatient","","","","","","Jefferson Health Plan","Health Partners Medicare Managed Care Plan","8233.34","","","","","","","fee schedule","7449.22","23523.84","APC"
"Revision orbitofacial bones","21275","HCPCS","","","","","","","facility","outpatient","","","","","","Amerihealth","Medicare Managed Care Plan","6908.91","","","","","","","fee schedule","6077.29","19191.43","APC"
"Revision orbitofacial bones","21275","HCPCS","","","","","","","facility","outpatient","","","","","","Bcbs","Highmark All Commercial Plans","9438.99","","","","","","","fee schedule","6077.29","19191.43","Radiology"
"Revj rplcmt/rmvl vrt tethrg","0790T","HCPCS","","","","","","","facility","outpatient","","","","","","Amerihealth","Caritas Next Other Commercial Plan","30316.1","","","","","","","fee schedule","18000.18","56842.69","Radiology"
"Revj/rmvl ins ptn subf","0819T","HCPCS","","","","","","","facility","outpatient","","","","","","Amerihealth","Caritas Next Other Commercial Plan","6044.79","","","","","","","fee schedule","3589.1","11333.99","Radiology"
"Revj/rmvl ins ptn subq","0818T","HCPCS","","","","","","","facility","outpatient","","","","","","Aetna","All Commercial Plans","5289.19","","","","","","","fee schedule","3589.1","11333.99","Radiology"
"Revj/rmvl ins ptn subq&subf","0989T","HCPCS","","","","","","","facility","outpatient","","","","","","Ambetter","All Commercial Plans","5666.99","","","","","","","fee schedule","3589.1","11333.99","Radiology"
"Revj/rmvl ins ptn subq&subf","0989T","HCPCS","","","","","","","facility","outpatient","","","","","","Bcbs","Highmark Medicare Managed Care Plan","3589.1","","","","","","","fee schedule","3589.1","11333.99","APC"
"Revj/rmvl ins ptn subq&subf","0989T","HCPCS","","","","","","","facility","outpatient","","","","","","Healthspring","Medicare Managed Care Plan","3778","","","","","","","fee schedule","3589.1","11333.99","APC"
"Revsc evasc ivt angio sf 1st","37254","HCPCS","","","","","","","facility","outpatient","","","","","","Healthspring","Medicare Managed Care Plan","6150.47","","","","","","","fee schedule","5842.95","18451.42","APC"
"Revsc evasc ivt stent sf 1st","37258","HCPCS","","","","","","","facility","outpatient","","","","","","Bcbs","Highmark Health Options Medicare Managed Care Plan","12786.87","","","","","","","fee schedule","11851.24","37424.98","APC"
"Revsc evasc tpvt st sf 1st","37284","HCPCS","","","","","","","facility","outpatient","","","","","","Bcbs","Highmark Health Options Medicare Managed Care Plan","20304.95","","","","","","","fee schedule","18819.22","59429.13","APC"
"Revsc evsc fpvt angio cplx 1","37265","HCPCS","","","","","","","facility","outpatient","","","","","","Bcbs","Highmark Wholecare Medicare Managed Care Plan","6765.52","","","","","","","fee schedule","5842.95","18451.42","APC"
"Revsc evsc fpvt athrc cplx 1","37273","HCPCS","","","","","","","facility","outpatient","","","","","","Amerihealth","Caritas Next Other Commercial Plan","31695.54","","","","","","","fee schedule","18819.22","59429.13","Radiology"
"Revsc evsc fpvt athrc cplx 1","37273","HCPCS","","","","","","","facility","outpatient","","","","","","Jefferson Health Plan","Health Partners Medicare Managed Care Plan","20800.2","","","","","","","fee schedule","18819.22","59429.13","APC"
"Revsc evsc fpvt stent sf 1st","37267","HCPCS","","","","","","","facility","outpatient","","","","","","Jefferson Health Plan","Health Partners Medicaid Managed Care/Aca Plan","37424.98","","","","","","","fee schedule","11851.24","37424.98","APC"
"Revsc evsc imvt angio cplx 1","37298","HCPCS","","","","","","","facility","outpatient","","","","","","Ambetter","All Commercial Plans","18712.49","","","","","","","fee schedule","11851.24","37424.98","Radiology"
"Revsc evsc tpvt athrc sf 1st","37288","HCPCS","","","","","","","facility","outpatient","","","","","","Healthspring","Medicare Managed Care Plan","19809.71","","","","","","","fee schedule","18819.22","59429.13","APC"
"Rhd&rhce gntyp next gnrj seq","0222U","HCPCS","","","","","","","facility","outpatient","","","","","","Amerihealth","Medicare Managed Care Plan","305.51","","","","","","","fee schedule","268.74","848.64","APC"
"Rheumatoid factor test qual","86430","HCPCS","","","","","","","facility","outpatient","","","","","","First Health","Delaware Medicaid Managed Care Plan","6.75","","","","","","","fee schedule","3.99","18.42","Laboratory"
"Rickettsia Antibody","86757","HCPCS","","","","","","","facility","outpatient","","","","","","Ambetter","All Commercial Plans","25.16","","","","","","","fee schedule","12.58","58.05","Laboratory"
"Right coronary artery","","","","","","","","","facility","both","","","RC","","","Aetna","All Commercial Plans","","","","","","","","","","","The modified price is presented in the standard charge value."
"Right coronary artery","","","","","","","","","facility","both","","","RC","","","AmeriHealth","Caritas Medicaid Managed Care Plan","","","","","","","","","","","The modified price is presented in the standard charge value."
"Right foot, fifth digit","","","","","","","","","facility","both","","","T9","","","Aetna - PA","Better Health Medicaid Managed Care Plan","","","","","","","","","","","The modified price is presented in the standard charge value."
"Right foot, great toe","","","","","","","","","facility","both","","","T5","","","Wellcare","Medicare Managed Care Plan","","","","","","","","","","","The modified price is presented in the standard charge value."
"Right hand, fifth digit","","","","","","","","","facility","both","","","F9","","","UnitedHealthCare","All Commercial Plans","","","","","","","","","","","The modified price is presented in the standard charge value."
"Right hand, second digit","","","","","","","","","facility","both","","","F6","","","AmeriHealth","Caritas Next Other Commercial Plan","","","","","","","","","","","The modified price is presented in the standard charge value."
"Right hand, third digit","","","","","","","","","facility","both","","","F7","","","IBC","All Commercial Plans","","","","","","","","","","","The modified price is presented in the standard charge value."
"Right hand, thumb","","","","","","","","","facility","both","","","F5","","","Aetna - MD","Better Health Medicaid Managed Care Plan","","","","","","","","","","","The modified price is presented in the standard charge value."
"Right hand, thumb","","","","","","","","","facility","both","","","F5","","","BCBS","Highmark WholeCare Medicare Managed Care Plan","","","","","","","","","","","The modified price is presented in the standard charge value."
"Right side (used to identify procedures performed on the right side of the body)","","","","","","","","","facility","both","","","RT","","","Aetna - DE","Better Health Medicaid Managed Care Plan","","","","","","","","","","","The modified price is presented in the standard charge value."
"Right side (used to identify procedures performed on the right side of the body)","","","","","","","","","facility","both","","","RT","","","BCBS","Highmark All Commercial Plans","","","","","","","","","","","The modified price is presented in the standard charge value."
"Rlcj pg wcs lv battery only","0862T","HCPCS","","","","","","","facility","outpatient","","","","","","Healthspring","Medicare Managed Care Plan","2229.64","","","","","","","fee schedule","2118.16","6688.93","APC"
"Rlcj pg wcs lv trnsmtr only","0863T","HCPCS","","","","","","","facility","outpatient","","","","","","Bcbs","Highmark Health Options Medicare Managed Care Plan","2285.38","","","","","","","fee schedule","2118.16","6688.93","APC"
"Rlcj pg wcs lv trnsmtr only","0863T","HCPCS","","","","","","","facility","outpatient","","","","","","Jefferson Health Plan","Health Partners Medicaid Managed Care/Aca Plan","6688.93","","","","","","","fee schedule","2118.16","6688.93","APC"
"Rlcj pulse gen only isdss","0681T","HCPCS","","","","","","","facility","outpatient","","","","","","Aetna","All Commercial Plans","5289.19","","","","","","","fee schedule","3589.1","11333.99","Radiology"
"Rlcj skin pocket ccm-d pg","0925T","HCPCS","","","","","","","facility","outpatient","","","","","","Bcbs","Highmark Health Options Medicare Managed Care Plan","2285.38","","","","","","","fee schedule","2118.16","6688.93","APC"
"Rmv ntr oi imp sktc esp>=100","69728","HCPCS","","","","","","","facility","outpatient","","","","","","Aetna","All Commercial Plans","4950.15","","","","","","","fee schedule","3359.03","10607.46","Radiology"
"Rmv sk-mnt crnl nstm pg/rcvr","61892","HCPCS","","","","","","","facility","outpatient","","","","","","Bcbs","Highmark Health Options Medicare Managed Care Plan","3624.22","","","","","","","fee schedule","3359.03","10607.46","APC"
"Rmv&rplcmt phrnc nrv stim ld","33288","HCPCS","","","","","","","facility","outpatient","","","","","","Amerihealth","Caritas Next Other Commercial Plan","19265.8","","","","","","","fee schedule","11439.07","36123.38","Radiology"
"Rmvl & rpl car modulj pls gn","0414T","HCPCS","","","","","","","facility","outpatient","","","","","","Ambetter","All Commercial Plans","36055.6","","","","","","","fee schedule","22835.21","72111.2","Radiology"
"Rmvl & rplcmt dfb gen 2 lead","33263","HCPCS","","","","","","","facility","outpatient","","","","","","Aetna","All Commercial Plans","33651.89","","","","","","","fee schedule","22835.21","72111.2","Radiology"
"Rmvl & rplcmt dfb gen 2 lead","33263","HCPCS","","","","","","","facility","outpatient","","","","","","Healthspring","Medicare Managed Care Plan","24037.07","","","","","","","fee schedule","22835.21","72111.2","APC"
"Rmvl & rplcmt dfb gen mlt ld","33264","HCPCS","","","","","","","facility","outpatient","","","","","","Bcbs","Highmark Health Options Medicare Managed Care Plan","34767.73","","","","","","","fee schedule","32223.75","101759.21","APC"
"Rmvl bat modul sys lead only","64658","HCPCS","","","","","","","facility","outpatient","","","","","","Aetna","Medicare Managed Care Plan","3891.34","","","","","","","fee schedule","3589.1","11333.99","APC"
"Rmvl bat modulj sys tot sys","64657","HCPCS","","","","","","","facility","outpatient","","","","","","Healthspring","Medicare Managed Care Plan","3691.59","","","","","","","fee schedule","3507.01","11074.77","APC"
"Rmvl hpglsl nstim ary pg","64584","HCPCS","","","","","","","facility","outpatient","","","","","","Bcbs","Highmark Health Options Medicare Managed Care Plan","3783.88","","","","","","","fee schedule","3507.01","11074.77","APC"
"Rmvl phrnc nrv stim pg only","33280","HCPCS","","","","","","","facility","outpatient","","","","","","Bcbs","Highmark Health Options Medicare Managed Care Plan","3872.45","","","","","","","fee schedule","3589.1","11333.99","APC"
"Rmvl&Rimpltj ant sgm implt","0661T","HCPCS","","","","","","","facility","outpatient","","","","","","Ambetter","All Commercial Plans","6700.05","","","","","","","fee schedule","4243.36","13400.1","Radiology"
"Rmvl&rinsj sinus tarsi implt","0511T","HCPCS","","","","","","","facility","outpatient","","","","","","Aetna","All Commercial Plans","10977.79","","","","","","","fee schedule","7449.22","23523.84","Radiology"
"Rmvl&rinsj sinus tarsi implt","0511T","HCPCS","","","","","","","facility","outpatient","","","","","","Bcbs","Highmark All Commercial Plans","11569.81","","","","","","","fee schedule","7449.22","23523.84","Radiology"
"Rmvl&rinsj sinus tarsi implt","0511T","HCPCS","","","","","","","facility","outpatient","","","","","","Bcbs","Highmark Medicare Managed Care Plan","7449.22","","","","","","","fee schedule","7449.22","23523.84","APC"
"Rmvl&rplcmt perm ccm-d pg","0923T","HCPCS","","","","","","","facility","outpatient","","","","","","Aetna","Medicare Managed Care Plan","24758.18","","","","","","","fee schedule","22835.21","72111.2","APC"
"Rotavirus antibody","86759","HCPCS","","","","","","","facility","outpatient","","","","","","Aetna","All Commercial Plans","20.24","","","","","","","fee schedule","11.85","54.69","Laboratory"
"Routine venipuncture","36415","HCPCS","","","","","","","facility","outpatient","","","","","","Amerihealth","Medicare Managed Care Plan","10.09","","","","","","","fee schedule","1.95","28.02","APC"
"Rp loclzj tum spect 2 areas","78831","HCPCS","","","","","","","facility","outpatient","","","","","","Jefferson Health Plan","Health Partners Medicaid Managed Care/Aca Plan","4197.11","","","","","","","fee schedule","1329.08","4197.11","APC"
"Rp loclzj tum spect 2 areas","78831","HCPCS","","","","","","","facility","outpatient","","","","","","Unitedhealthcare","All Commercial Plans","2335.59","","","","","","","fee schedule","1329.08","4197.11",""
"Rp loclzj tum spect w/ct 2","78832","HCPCS","","","","","","","facility","outpatient","","","","","","Bcbs","Highmark All Commercial Plans","2280.01","","","","","","","fee schedule","1467.98","4635.73","Radiology"
"Rplc gtube  revj gstrst trc","43763","HCPCS","","","","","","","facility","outpatient","","","","","","Jefferson Health Plan","Health Partners Medicare Managed Care Plan","283.49","","","","","","","fee schedule","256.49","809.98","APC"
"Rplc gtube no revj trc","43762","HCPCS","","","","","","","facility","outpatient","","","","","","Bcbs","Highmark All Commercial Plans","398.38","","","","","","","fee schedule","256.49","809.98","Radiology"
"Rplc oi implt sk tc esp>=100","69730","HCPCS","","","","","","","facility","outpatient","","","","","","Jefferson Health Plan","Health Partners Medicare Managed Care Plan","14567.55","","","","","","","fee schedule","13180.17","41621.58","APC"
"Rpr aa hrn 1st 3-10 ncr/strn","49594","HCPCS","","","","","","","facility","outpatient","","","","","","Aetna","All Commercial Plans","9146.17","","","","","","","fee schedule","6206.33","19598.93","Radiology"
"Rpr aa hrn 1st 3-10 ncr/strn","49594","HCPCS","","","","","","","facility","outpatient","","","","","","Bcbs","Highmark Medicare Managed Care Plan","6206.33","","","","","","","fee schedule","6206.33","19598.93","APC"
"Rpr aa hrn 1st 3-10 rdc","49593","HCPCS","","","","","","","facility","outpatient","","","","","","Amerihealth","Medicare Managed Care Plan","7555.47","","","","","","","fee schedule","6646.01","20987.41","APC"
"Rpr aa hrn rcr < 3 ncr/strn","49614","HCPCS","","","","","","","facility","outpatient","","","","","","Amerihealth","Medicare Managed Care Plan","7055.61","","","","","","","fee schedule","6206.33","19598.93","APC"
"Rpr fe/e/en/l/m 12.6-20.0 cm","12016","HCPCS","","","","","","","facility","outpatient","","","","","","Amerihealth","Caritas Next Other Commercial Plan","702.87","","","","","","","fee schedule","417.33","1317.88","Radiology"
"Rpr fe/e/en/l/m 20.1-30.0 cm","12017","HCPCS","","","","","","","facility","outpatient","","","","","","Bcbs","Highmark Wholecare Medicare Managed Care Plan","483.22","","","","","","","fee schedule","417.33","1317.88","APC"
"Rpr fe/e/en/l/m 20.1-30.0 cm","12017","HCPCS","","","","","","","facility","outpatient","","","","","","Jefferson Health Plan","Health Partners Medicaid Managed Care/Aca Plan","1317.88","","","","","","","fee schedule","417.33","1317.88","APC"
"Rpr hern preemie reduc","49491","HCPCS","","","","","","","facility","outpatient","","","","","","Healthspring","Medicare Managed Care Plan","6532.98","","","","","","","fee schedule","6206.33","19598.93","APC"
"Rpr ing hernia baby blocked","49496","HCPCS","","","","","","","facility","outpatient","","","","","","Bcbs","Highmark Wholecare Medicare Managed Care Plan","4256","","","","","","","fee schedule","3675.63","11607.26","APC"
"Rpr ing hernia baby reduc","49495","HCPCS","","","","","","","facility","outpatient","","","","","","Bcbs","Highmark All Commercial Plans","5708.84","","","","","","","fee schedule","3675.63","11607.26","Radiology"
"Rpr intst excl anrect fist","C9796","HCPCS","","","","","","","facility","outpatient","","","","","","Jefferson Health Plan","Health Partners Medicaid Managed Care/Aca Plan","8998.38","","","","","","","fee schedule","2849.49","8998.38","APC"
"Rpr nsl vlv collapse w/rmdlg","30469","HCPCS","","","","","","","facility","outpatient","","","","","","Bcbs","Highmark Health Options Medicare Managed Care Plan","6557.07","","","","","","","fee schedule","6077.29","19191.43","APC"
"Rpr s/n/a/gen/trk12.6-20.0cm","12005","HCPCS","","","","","","","facility","outpatient","","","","","","Jefferson Health Plan","Health Partners Medicaid Managed Care/Aca Plan","1317.88","","","","","","","fee schedule","417.33","1317.88","APC"
"Rpr s/n/ax/gen/trk7.6-12.5cm","12004","HCPCS","","","","","","","facility","outpatient","","","","","","Jefferson Health Plan","Health Partners Medicaid Managed Care/Aca Plan","650.43","","","","","","","fee schedule","205.97","650.43","APC"
"Rpr s/n/ax/gen/trnk 2.5cm/<","12001","HCPCS","","","","","","","facility","outpatient","","","","","","Amerihealth","Caritas Next Other Commercial Plan","346.9","","","","","","","fee schedule","205.97","650.43","Radiology"
"Rpr s/n/ax/gen/trnk 2.5cm/<","12001","HCPCS","","","","","","","facility","outpatient","","","","","","Bcbs","Highmark Wholecare Medicare Managed Care Plan","238.49","","","","","","","fee schedule","205.97","650.43","APC"
"Rsect hip tum incl femur","27078","HCPCS","","","","","","","facility","outpatient","","","","","","Jefferson Health Plan","Health Partners Medicare Managed Care Plan","8233.34","","","","","","","fee schedule","7449.22","23523.84","APC"
"Rtm dev sply resp sys 2-15 d","98984","HCPCS","","","","","","","facility","outpatient","","","","","","Bcbs","Highmark Health Options Medicare Managed Care Plan","41.34","","","","","","","fee schedule","38.31","120.99","APC"
"Rtm tx mgmt 1st 10 min","98979","HCPCS","","","","","","","facility","outpatient","","","","","","Aetna","All Commercial Plans","15.92","","","","","","","fee schedule","10.8","34.11","Radiology"
"Rubeola ag if","87283","HCPCS","","","","","","","facility","outpatient","","","","","","Amerihealth","Caritas Next Other Commercial Plan","60.8","","","","","","","fee schedule","39.52","182.4","Laboratory"
"Rubeola ag if","87283","HCPCS","","","","","","","facility","outpatient","","","","","","First Health","Delaware Medicaid Managed Care Plan","66.88","","","","","","","fee schedule","39.52","182.4","Laboratory"
"Rubeola antibody","86765","HCPCS","","","","","","","facility","outpatient","","","","","","Ambetter","All Commercial Plans","16.74","","","","","","","fee schedule","8.37","38.64","Laboratory"
"Runx1 gene targeted seq alys","81334","HCPCS","","","","","","","facility","outpatient","","","","","","Amerihealth","Medicare Managed Care Plan","355.87","","","","","","","fee schedule","214.18","988.53","APC"
"Runx1 gene targeted seq alys","81334","HCPCS","","","","","","","facility","outpatient","","","","","","First Health","Delaware Medicaid Managed Care Plan","362.46","","","","","","","fee schedule","214.18","988.53","Laboratory"
"Russell viper venom diluted","85613","HCPCS","","","","","","","facility","outpatient","","","","","","Aetna","Medicare Managed Care Plan","9.87","","","","","","","fee schedule","6.23","28.74","APC"
"Rvsc evsc tpvt st athrc sf 1","37292","HCPCS","","","","","","","facility","outpatient","","","","","","Amerihealth","Medicare Managed Care Plan","21394.49","","","","","","","fee schedule","18819.22","59429.13","APC"
"Rx cntact lens aphakia 2 eye","92316","HCPCS","","","","","","","facility","outpatient","","","","","","Bcbs","Highmark Medicare Managed Care Plan","136.59","","","","","","","fee schedule","136.59","431.33","APC"
"Rx metab advrs vrnt alys 25","0434U","HCPCS","","","","","","","facility","outpatient","","","","","","Bcbs","Highmark All Commercial Plans","614.96","","","","","","","fee schedule","395.94","1250.34","Radiology"
"Rx metab warf trgt seq alys","0030U","HCPCS","","","","","","","facility","outpatient","","","","","","Aetna","All Commercial Plans","148.88","","","","","","","fee schedule","127.42","402.39","Laboratory"
"Rx metab/pcx dna 27gen rx ia","0349U","HCPCS","","","","","","","facility","outpatient","","","","","","Bcbs","Highmark All Commercial Plans","1095.22","","","","","","","fee schedule","705.16","2226.81","Radiology"
"Rx mntr 1+oral onc rx&sbsts","0110U","HCPCS","","","","","","","facility","outpatient","","","","","","Bcbs","Highmark Health Options Medicare Managed Care Plan","27.79","","","","","","","fee schedule","17.62","81.33","APC"
"Rx mntr 1+oral onc rx&sbsts","0110U","HCPCS","","","","","","","facility","outpatient","","","","","","Jefferson Health Plan","Health Partners Medicaid Managed Care/Aca Plan","81.33","","","","","","","fee schedule","17.62","81.33","APC"
"Rx mntr 65 com drugs urine","0093U","HCPCS","","","","","","","facility","outpatient","","","","","","Amerihealth","Medicare Managed Care Plan","67.11","","","","","","","fee schedule","40.39","186.42","APC"
"Rx mntr lc-ms/ms oral fluid","0011U","HCPCS","","","","","","","facility","outpatient","","","","","","Aetna","All Commercial Plans","160.2","","","","","","","fee schedule","74.38","343.29","Radiology"
"SAFESHEATH, HOCKEY STICK LVI/B/60/7/HS","ScorChSup24235","CDM","272","RC","","","","","facility","both","","","","2128.55","2128.55","","","","","","","","","","","","","Gross Charge Type: Main Acute Price List"
"SAFESHEATH, WORLEY CSG BCOR 209","CcthChSup24234","CDM","272","RC","","","","","facility","both","","","","1847.92","1847.92","","","","","","","","","","","","","Gross Charge Type: Main Acute Price List"
"SALP TRAY","CcsmMR135","CDM","270","RC","","","","","facility","both","","","","80.38","80.38","","","","","","","","","","","","","Gross Charge Type: Main Acute Price List"
"SARS-COV-2 [PFIZER] VACCINE-30 MCG/0.3 ML TRISSUCROSE BOOSTER","PharCl91305B","CDM","636","RC","91305","HCPCS","","","facility","both","","","","0.01","0.01","","","","","","","","","","","","","Gross Charge Type: Main Acute Price List"
"SAW BLADE, 9S","AnesWmSup113735","CDM","272","RC","","","","","facility","both","","","","868.79","868.79","","","","","","","","","","","","","Gross Charge Type: Main Acute Price List"
"SAW, BLADE SAGITTAL SAGITTAL SAW 75 MM 25 MM 0.89 MM STERILE SAGITTAL SYSTEM 6 DISPOSABLE","ScorChSup119283","CDM","272","RC","","","","","facility","both","","","","388.24","388.24","","","","","","","","","","","","","Gross Charge Type: Main Acute Price List"
"SAW, PIEZO ROUND 38.9X 5.0 X 0.8MM","GastWmSup62666","CDM","272","RC","","","","","facility","both","","","","2833.48","2833.48","","","","","","","","","","","","","Gross Charge Type: Main Acute Price List"
"SAW, PIEZO ROUND 38.9X 5.0 X 0.8MM","ScanWmSup62666","CDM","272","RC","","","","","facility","both","","","","2833.48","2833.48","","","","","","","","","","","","","Gross Charge Type: Main Acute Price List"
"SAW,PIEZO LEFT 17.8 X 15.2 X 4.0 X 0.6MM","EplbChSup62674","CDM","272","RC","","","","","facility","both","","","","1754.96","1754.96","","","","","","","","","","","","","Gross Charge Type: Main Acute Price List"
"SAW,PIEZO LEFT 17.8 X 15.2 X 4.0 X 0.6MM","ScanWmSup62674","CDM","272","RC","","","","","facility","both","","","","1754.96","1754.96","","","","","","","","","","","","","Gross Charge Type: Main Acute Price List"
"SAW,PIEZO RIGHT 17.8 X 15.2 X 4.0 X0.6MM","ScanWmSup62673","CDM","272","RC","","","","","facility","both","","","","1754.96","1754.96","","","","","","","","","","","","","Gross Charge Type: Main Acute Price List"
"SAW,PIEZO RIGHT 17.8 X 15.2 X 4.0 X0.6MM","ScorChSup62673","CDM","272","RC","","","","","facility","both","","","","1754.96","1754.96","","","","","","","","","","","","","Gross Charge Type: Main Acute Price List"
"SCISSOR, ENDO SHEARS 5MM","ScorChSup85675","CDM","270","RC","","","","","facility","both","","","","361.2","361.2","","","","","","","","","","","","","Gross Charge Type: Main Acute Price List"
"SCISSORS, WIRE CUTTING 4-3/4"" STRAIGHT","GyscChSup19536","CDM","270","RC","","","","","facility","both","","","","141.1","141.1","","","","","","","","","","","","","Gross Charge Type: Main Acute Price List"
"SCOPE, CMOS VIDEO RHINO-LARYNGOSCOPE 3.5MMX30CM","DelrChSup115800","CDM","272","RC","","","","","facility","both","","","","1030.62","1030.62","","","","","","","","","","","","","Gross Charge Type: Main Acute Price List"
"SCOPE, DISPOSABLE RHINOLARYNGOSCOPE SLIM A5SCOPE 4","AnesChSup112894","CDM","272","RC","","","","","facility","both","","","","923.96","923.96","","","","","","","","","","","","","Gross Charge Type: Main Acute Price List"
"SCOPE, FLEXABLE INTUBATION 3.5MM X 65CM","DelrChSup115798","CDM","272","RC","","","","","facility","both","","","","1577.62","1577.62","","","","","","","","","","","","","Gross Charge Type: Main Acute Price List"
"SCOPE, FLEXABLE INTUBATION 5.3MM X 65CM","OperWmSup115799","CDM","272","RC","","","","","facility","both","","","","1577.62","1577.62","","","","","","","","","","","","","Gross Charge Type: Main Acute Price List"
"SCRAPER, 27G+ CURVED MEMBRANE","CcthChSup65894","CDM","272","RC","","","","","facility","both","","","","712.41","712.41","","","","","","","","","","","","","Gross Charge Type: Main Acute Price List"
"SCRAPER, 27G+ CURVED MEMBRANE","ScanWmSup65894","CDM","272","RC","","","","","facility","both","","","","712.41","712.41","","","","","","","","","","","","","Gross Charge Type: Main Acute Price List"
"SCRAPER, 27G+ CURVED MEMBRANE","ScpuChSup65894","CDM","272","RC","","","","","facility","both","","","","712.41","712.41","","","","","","","","","","","","","Gross Charge Type: Main Acute Price List"
"SCRAPER, MEMBERANE STIFF 25G","GastChSup30749","CDM","270","RC","","","","","facility","both","","","","750.15","750.15","","","","","","","","","","","","","Gross Charge Type: Main Acute Price List"
"SCREW 2.0MM VOLT CORTEX 11MM","OperChSup10193114","CDM","278","RC","C1713","HCPCS","","","facility","both","","","","926.92","926.92","","","","","","","","","","","","","Gross Charge Type: Main Acute Price List"
"SCREW 2.4MM VOLT CORTEX 50MM","OperWmSup10193367","CDM","278","RC","C1713","HCPCS","","","facility","both","","","","840.03","840.03","","","","","","","","","","","","","Gross Charge Type: Main Acute Price List"
"SCREW 3.5MM VOLT CORTEX 26MM","ScorChSup10193042","CDM","278","RC","C1713","HCPCS","","","facility","both","","","","883.48","883.48","","","","","","","","","","","","","Gross Charge Type: Main Acute Price List"
"SCREW 3.5MM VOLT CORTEX 50MM","OperWmSup10193041","CDM","278","RC","C1713","HCPCS","","","facility","both","","","","883.48","883.48","","","","","","","","","","","","","Gross Charge Type: Main Acute Price List"
"SCREW BONE CANNULATED LONG THREADED 4.0X54MM","ScorChSup10195908","CDM","278","RC","C1713","HCPCS","","","facility","both","","","","2334.6","2334.6","","","","","","","","","","","","","Gross Charge Type: Main Acute Price List"
"SCREW BONE CORTICAL 2.7MM X 48MM","ScorChSup10196400","CDM","278","RC","C1713","HCPCS","","","facility","both","","","","759.2","759.2","","","","","","","","","","","","","Gross Charge Type: Main Acute Price List"
"SCREW BONE HEADLESS COMPRESSION TI 2.5X24MM","OperChSup10195901","CDM","278","RC","C1713","HCPCS","","","facility","both","","","","2657.2","2657.2","","","","","","","","","","","","","Gross Charge Type: Main Acute Price List"
"SCREW BONE HEADLESS COMPRESSION TI 2.5X24MM","ScorChSup10195901","CDM","278","RC","C1713","HCPCS","","","facility","both","","","","2657.2","2657.2","","","","","","","","","","","","","Gross Charge Type: Main Acute Price List"
"SCREW CANNUALTED 5.0X46MM","GyscChSup113322","CDM","278","RC","C1713","HCPCS","","","facility","both","","","","6947.55","6947.55","","","","","","","","","","","","","Gross Charge Type: Main Acute Price List"
"SCREW CANNUALTED 5.0X46MM","PacuChSup113322","CDM","278","RC","C1713","HCPCS","","","facility","both","","","","6947.55","6947.55","","","","","","","","","","","","","Gross Charge Type: Main Acute Price List"
"SCREW CORTEX 4.5MM X 70MM","ScorWmSup10193369","CDM","278","RC","C1713","HCPCS","","","facility","both","","","","241.25","241.25","","","","","","","","","","","","","Gross Charge Type: Main Acute Price List"
"SCREW CORTICAL FULLY-THREADED 3.5X22MM","GastWmSup69433","CDM","278","RC","C1713","HCPCS","","","facility","both","","","","831.56","831.56","","","","","","","","","","","","","Gross Charge Type: Main Acute Price List"
"SCREW CORTICAL FULLY-THREADED 3.5X22MM","GyscChSup69433","CDM","278","RC","C1713","HCPCS","","","facility","both","","","","831.56","831.56","","","","","","","","","","","","","Gross Charge Type: Main Acute Price List"
"SCREW DISTAL 5.0 X 30MM","ScpuWmSup118693","CDM","278","RC","C1713","HCPCS","","","facility","both","","","","1245.27","1245.27","","","","","","","","","","","","","Gross Charge Type: Main Acute Price List"
"SCREW FIOXIS 7.0 X 80MM","EplbChSup112786","CDM","278","RC","C1713","HCPCS","","","facility","both","","","","3804.61","3804.61","","","","","","","","","","","","","Gross Charge Type: Main Acute Price List"
"SCREW LAG RIGHT 10.5 X 85","DelrChSup118691","CDM","278","RC","C1713","HCPCS","","","facility","both","","","","5183.8","5183.8","","","","","","","","","","","","","Gross Charge Type: Main Acute Price List"
"SCREW LOCKING COCR 4.0X54MM","EplbChSup118844","CDM","278","RC","C1713","HCPCS","","","facility","both","","","","723.99","723.99","","","","","","","","","","","","","Gross Charge Type: Main Acute Price List"
"SCREW LOCKING COCR 4.0X54MM","OperWmSup118844","CDM","278","RC","C1713","HCPCS","","","facility","both","","","","723.99","723.99","","","","","","","","","","","","","Gross Charge Type: Main Acute Price List"
"SCREW LOCKING SELF-TAP E/STARDRIVE RECESS 2.0X9MM","GastChSup63525","CDM","278","RC","C1713","HCPCS","","","facility","both","","","","617.36","617.36","","","","","","","","","","","","","Gross Charge Type: Main Acute Price List"
"SCREW LOCKING SELF-TAP E/STARDRIVE RECESS 2.0X9MM","ScorChSup63525","CDM","278","RC","C1713","HCPCS","","","facility","both","","","","617.36","617.36","","","","","","","","","","","","","Gross Charge Type: Main Acute Price List"
"SCREW MONOAX LOCKING BLUNT TIP 3.5X36MM","GyscChSup118795","CDM","278","RC","C1713","HCPCS","","","facility","both","","","","637.11","637.11","","","","","","","","","","","","","Gross Charge Type: Main Acute Price List"
"SCREW MONOAX LOCKING BLUNT TIP 3.5X38MM","ScpuChSup118796","CDM","278","RC","C1713","HCPCS","","","facility","both","","","","637.11","637.11","","","","","","","","","","","","","Gross Charge Type: Main Acute Price List"
"SCREW MONOAX LOCKING BLUNT TIP 3.5X44","AnesWmSup118839","CDM","278","RC","C1713","HCPCS","","","facility","both","","","","637.11","637.11","","","","","","","","","","","","","Gross Charge Type: Main Acute Price List"
"SCREW MONOAX LOCKING BLUNT TIP 3.5X44","AngiWmSup118839","CDM","278","RC","C1713","HCPCS","","","facility","both","","","","637.11","637.11","","","","","","","","","","","","","Gross Charge Type: Main Acute Price List"
"SCREW MONOAX LOCKING BLUNT TIP 3.5X44","ScorChSup118839","CDM","278","RC","C1713","HCPCS","","","facility","both","","","","637.11","637.11","","","","","","","","","","","","","Gross Charge Type: Main Acute Price List"
"SCREW MONOAX LOCKING TI 3.5X20MM","PacuWmSup119016","CDM","278","RC","C1713","HCPCS","","","facility","both","","","","556.03","556.03","","","","","","","","","","","","","Gross Charge Type: Main Acute Price List"
"SCREW MONOAX LOCKING TI 3.5X24MM","EplbChSup119018","CDM","278","RC","C1713","HCPCS","","","facility","both","","","","556.03","556.03","","","","","","","","","","","","","Gross Charge Type: Main Acute Price List"
"SCREW MONOAX LOCKING TI 3.5X30MM","CspuChSup119020","CDM","278","RC","C1713","HCPCS","","","facility","both","","","","150.59","150.59","","","","","","","","","","","","","Gross Charge Type: Main Acute Price List"
"SCREW MONOAX LOCKING TI 3.5X30MM","ScorChSup119020","CDM","278","RC","C1713","HCPCS","","","facility","both","","","","150.59","150.59","","","","","","","","","","","","","Gross Charge Type: Main Acute Price List"
"SCREW MONOAX LOCKING TI 3.5X30MM","ScorWmSup119020","CDM","278","RC","C1713","HCPCS","","","facility","both","","","","150.59","150.59","","","","","","","","","","","","","Gross Charge Type: Main Acute Price List"
"SCREW MONOAX TI LOCKING  3.5X26MM","OperChSup118806","CDM","278","RC","C1713","HCPCS","","","facility","both","","","","556.03","556.03","","","","","","","","","","","","","Gross Charge Type: Main Acute Price List"
"SCREW MOTOBAND POLYAXIAL LOCKING 3.0X18MM","PacuWmSup118768","CDM","278","RC","C1713","HCPCS","","","facility","both","","","","960.02","960.02","","","","","","","","","","","","","Gross Charge Type: Main Acute Price List"
"SCREW MOTOBAND POLYAXIAL LOCKING 3.0X20MM","CspuChSup118769","CDM","278","RC","C1713","HCPCS","","","facility","both","","","","960.02","960.02","","","","","","","","","","","","","Gross Charge Type: Main Acute Price List"
"SCREW MOTOBAND POLYAXIAL LOCKING 3.0X20MM","OperChSup118769","CDM","278","RC","C1713","HCPCS","","","facility","both","","","","960.02","960.02","","","","","","","","","","","","","Gross Charge Type: Main Acute Price List"
"SCREW MOTOBAND POLYAXIAL LOCKING 3.0X30MM","PacuWmSup118771","CDM","278","RC","C1713","HCPCS","","","facility","both","","","","960.02","960.02","","","","","","","","","","","","","Gross Charge Type: Main Acute Price List"
"SCREW NON LOCKING TI 3.5X26MM","GyscChSup118799","CDM","278","RC","C1713","HCPCS","","","facility","both","","","","160.15","160.15","","","","","","","","","","","","","Gross Charge Type: Main Acute Price List"
"SCREW NON-LOCKING TI 3.5X22MM","AngiChSup118842","CDM","278","RC","C1713","HCPCS","","","facility","both","","","","160.15","160.15","","","","","","","","","","","","","Gross Charge Type: Main Acute Price List"
"SCREW NONLOCKING 3.5X12MM","DelrChSup69285","CDM","278","RC","C1713","HCPCS","","","facility","both","","","","640.62","640.62","","","","","","","","","","","","","Gross Charge Type: Main Acute Price List"
"SCREW SPINAL IFUSE TORQ 10.0X65MM","ScorWmSup10196322","CDM","278","RC","C1737","HCPCS","","","facility","both","","","","17505.4","17505.4","","","","","","","","","","","","","Gross Charge Type: Main Acute Price List"
"SCREW,  CANNULATED THREAD 7.3X16X180MM","CspuChSup64704","CDM","278","RC","C1713","HCPCS","","","facility","both","","","","1652.05","1652.05","","","","","","","","","","","","","Gross Charge Type: Main Acute Price List"
"SCREW,  DARCO HEADED 6.5X60MM","GastChSup79287","CDM","278","RC","C1713","HCPCS","","","facility","both","","","","2525.49","2525.49","","","","","","","","","","","","","Gross Charge Type: Main Acute Price List"
"SCREW,  DARCO HEADED 6.5X60MM","ScanWmSup79287","CDM","278","RC","C1713","HCPCS","","","facility","both","","","","2525.49","2525.49","","","","","","","","","","","","","Gross Charge Type: Main Acute Price List"
"SCREW,  HEADLESS COMPRESSION TI CANN ST 2.5MMX16MM","DelrChSup110647","CDM","278","RC","C1713","HCPCS","","","facility","both","","","","2563.07","2563.07","","","","","","","","","","","","","Gross Charge Type: Main Acute Price List"
"SCREW,  HEADLESS COMPRESSION TI CANN ST 2.5MMX16MM","ScpuChSup110647","CDM","278","RC","C1713","HCPCS","","","facility","both","","","","2563.07","2563.07","","","","","","","","","","","","","Gross Charge Type: Main Acute Price List"
"SCREW,  HEX FEMALE PERSONA 2.5X25MM","ScanWmSup52935","CDM","278","RC","C1713","HCPCS","","","facility","both","","","","862.37","862.37","","","","","","","","","","","","","Gross Charge Type: Main Acute Price List"
"SCREW,  LOCKING 4.5 X 30MM COMPT","PacuWmSup112781","CDM","278","RC","C1713","HCPCS","","","facility","both","","","","1447.99","1447.99","","","","","","","","","","","","","Gross Charge Type: Main Acute Price List"
"SCREW,  NON LOCKING 4.5 X 30MM COMPT","GyscChSup112780","CDM","278","RC","C1713","HCPCS","","","facility","both","","","","648.7","648.7","","","","","","","","","","","","","Gross Charge Type: Main Acute Price List"
"SCREW,  NON LOCKING 4.5 X 30MM COMPT","ScanWmSup112780","CDM","278","RC","C1713","HCPCS","","","facility","both","","","","648.7","648.7","","","","","","","","","","","","","Gross Charge Type: Main Acute Price List"
"SCREW,  NON LOCKING 4.5 X 32MM COMPT","ScanChSup112783","CDM","278","RC","C1713","HCPCS","","","facility","both","","","","1447.99","1447.99","","","","","","","","","","","","","Gross Charge Type: Main Acute Price List"
"SCREW,  NON LOCKING 4.5 X 32MM COMPT","ScorWmSup112783","CDM","278","RC","C1713","HCPCS","","","facility","both","","","","1447.99","1447.99","","","","","","","","","","","","","Gross Charge Type: Main Acute Price List"
"SCREW,  SELF-DRILLING OMNIMAX STND 2.0X11MM","GastChSup106362","CDM","278","RC","C1713","HCPCS","","","facility","both","","","","579.19","579.19","","","","","","","","","","","","","Gross Charge Type: Main Acute Price List"
"SCREW,  SELF-TAPPING TI LOCKING W/T25 STARDRIVE 5.0X44MM STRL","AngiChSup106691","CDM","278","RC","C1713","HCPCS","","","facility","both","","","","1127.78","1127.78","","","","","","","","","","","","","Gross Charge Type: Main Acute Price List"
"SCREW,  SLF-TPNG CORTEX 1.3MM W/T4  STARDRIVE RECESS 4MM","AngiWmSup113848","CDM","278","RC","C1713","HCPCS","","","facility","both","","","","192.9","192.9","","","","","","","","","","","","","Gross Charge Type: Main Acute Price List"
"SCREW, 12MM","GastWmSup112869","CDM","278","RC","C1713","HCPCS","","","facility","both","","","","868.79","868.79","","","","","","","","","","","","","Gross Charge Type: Main Acute Price List"
"SCREW, 2.0MM VOLT CORTEX 44MM T6","OperWmSup10195471","CDM","278","RC","C1713","HCPCS","","","facility","both","","","","926.92","926.92","","","","","","","","","","","","","Gross Charge Type: Main Acute Price List"
"SCREW, 2.0MM VOLT CORTEX 50MM T6","ScorChSup10195472","CDM","278","RC","C1713","HCPCS","","","facility","both","","","","926.92","926.92","","","","","","","","","","","","","Gross Charge Type: Main Acute Price List"
"SCREW, 2.0X11MM LOCKING","AnesChSup110772","CDM","278","RC","C1713","HCPCS","","","facility","both","","","","763.32","763.32","","","","","","","","","","","","","Gross Charge Type: Main Acute Price List"
"SCREW, 2.0X11MM LOCKING","ScpuChSup110772","CDM","278","RC","C1713","HCPCS","","","facility","both","","","","763.32","763.32","","","","","","","","","","","","","Gross Charge Type: Main Acute Price List"
"SCREW, 2.0X5MM","GyscChSup111856","CDM","278","RC","C1713","HCPCS","","","facility","both","","","","366.29","366.29","","","","","","","","","","","","","Gross Charge Type: Main Acute Price List"
"SCREW, 2.0X5MM","ScpuWmSup111856","CDM","278","RC","C1713","HCPCS","","","facility","both","","","","366.29","366.29","","","","","","","","","","","","","Gross Charge Type: Main Acute Price List"
"SCREW, 2.0X6MM","GastChSup110405","CDM","278","RC","C1713","HCPCS","","","facility","both","","","","4871.43","4871.43","","","","","","","","","","","","","Gross Charge Type: Main Acute Price List"
"SCREW, 2.0X6MM","OperChSup110405","CDM","278","RC","C1713","HCPCS","","","facility","both","","","","4871.43","4871.43","","","","","","","","","","","","","Gross Charge Type: Main Acute Price List"
"SCREW, 2.0X6MM","ScanChSup110405","CDM","278","RC","C1713","HCPCS","","","facility","both","","","","4871.43","4871.43","","","","","","","","","","","","","Gross Charge Type: Main Acute Price List"
"SCREW, 2.3X10 LOCKING","AngiWmSup108852","CDM","278","RC","C1713","HCPCS","","","facility","both","","","","771.95","771.95","","","","","","","","","","","","","Gross Charge Type: Main Acute Price List"
"SCREW, 2.4MM CORTEX 6MM","OperWmSup10195199","CDM","278","RC","C1713","HCPCS","","","facility","both","","","","840.03","840.03","","","","","","","","","","","","","Gross Charge Type: Main Acute Price List"
"SCREW, 2.7 LOCKING 12MM","EplbChSup64036","CDM","278","RC","C1713","HCPCS","","","facility","both","","","","1187.35","1187.35","","","","","","","","","","","","","Gross Charge Type: Main Acute Price List"
"SCREW, 2.7MM VOLT CORTEX  11MM","ScorChSup10192978","CDM","278","RC","C1713","HCPCS","","","facility","both","","","","840.03","840.03","","","","","","","","","","","","","Gross Charge Type: Main Acute Price List"
"SCREW, 2.7MM VOLT CORTEX 10MM T8","ScorChSup10194318","CDM","278","RC","C1713","HCPCS","","","facility","both","","","","840.03","840.03","","","","","","","","","","","","","Gross Charge Type: Main Acute Price List"
"SCREW, 2.7MM VOLT CORTEX 54MM T8","OperWmSup10195008","CDM","278","RC","C1713","HCPCS","","","facility","both","","","","840.03","840.03","","","","","","","","","","","","","Gross Charge Type: Main Acute Price List"
"SCREW, 2.7MM VOLT CORTEX 8MM T8","OperWmSup10194287","CDM","278","RC","C1713","HCPCS","","","facility","both","","","","840.03","840.03","","","","","","","","","","","","","Gross Charge Type: Main Acute Price List"
"SCREW, 2.7MM VOLT(TM) CORTEX 28MM T8","OperWmSup10191139","CDM","278","RC","C1713","HCPCS","","","facility","both","","","","886.23","886.23","","","","","","","","","","","","","Gross Charge Type: Main Acute Price List"
"SCREW, 2.7X40MM LOCKING","ScanWmSup115335","CDM","278","RC","C1713","HCPCS","","","facility","both","","","","999.26","999.26","","","","","","","","","","","","","Gross Charge Type: Main Acute Price List"
"SCREW, 3.5MM VOLT CORTEX  36MM","OperChSup10192990","CDM","278","RC","C1713","HCPCS","","","facility","both","","","","883.48","883.48","","","","","","","","","","","","","Gross Charge Type: Main Acute Price List"
"SCREW, 3.5MM VOLT CORTEX 46MM","ScOrWmSup10193306","CDM","278","RC","C1713","HCPCS","","","facility","both","","","","883.48","883.48","","","","","","","","","","","","","Gross Charge Type: Main Acute Price List"
"SCREW, 3.5MM VOLT CORTEX 56MM T15","OperChSup10194279","CDM","278","RC","C1713","HCPCS","","","facility","both","","","","883.48","883.48","","","","","","","","","","","","","Gross Charge Type: Main Acute Price List"
"SCREW, 3.5MM VOLT LOCKING  36MM","OperWmSup10192993","CDM","278","RC","C1713","HCPCS","","","facility","both","","","","1723.5","1723.5","","","","","","","","","","","","","Gross Charge Type: Main Acute Price List"
"SCREW, 3.5MM VOLT LOCKING 14MM T15","OperChSup10194373","CDM","278","RC","C1713","HCPCS","","","facility","both","","","","1723.5","1723.5","","","","","","","","","","","","","Gross Charge Type: Main Acute Price List"
"SCREW, 3.5MM VOLT LOCKING 14MM T15","OperWmSup10194373","CDM","278","RC","C1713","HCPCS","","","facility","both","","","","1723.5","1723.5","","","","","","","","","","","","","Gross Charge Type: Main Acute Price List"
"SCREW, 3.5MM VOLT LOCKING 54MM T15","ScorWmSup10194281","CDM","278","RC","C1713","HCPCS","","","facility","both","","","","1723.5","1723.5","","","","","","","","","","","","","Gross Charge Type: Main Acute Price List"
"SCREW, 3.5X14MM POLY","GastWmSup119206","CDM","278","RC","C1713","HCPCS","","","facility","both","","","","4364.18","4364.18","","","","","","","","","","","","","Gross Charge Type: Main Acute Price List"
"SCREW, 3.5X26MM","GastChSup112740","CDM","278","RC","C1713","HCPCS","","","facility","both","","","","3562.05","3562.05","","","","","","","","","","","","","Gross Charge Type: Main Acute Price List"
"SCREW, 4.0 CANCELLOUS FT 18MM","OperChSup10195203","CDM","278","RC","C1713","HCPCS","","","facility","both","","","","883.48","883.48","","","","","","","","","","","","","Gross Charge Type: Main Acute Price List"
"SCREW, 4.0X15MM ACP SELF TAPPING VARIABLE","AnesChSup112939","CDM","278","RC","C1713","HCPCS","","","facility","both","","","","769.97","769.97","","","","","","","","","","","","","Gross Charge Type: Main Acute Price List"
"SCREW, 4.0X25MM","AnesChSup119211","CDM","278","RC","C1713","HCPCS","","","facility","both","","","","4054.37","4054.37","","","","","","","","","","","","","Gross Charge Type: Main Acute Price List"
"SCREW, 4.0X32 COMPT","OperWmSup110767","CDM","278","RC","C1713","HCPCS","","","facility","both","","","","4123.87","4123.87","","","","","","","","","","","","","Gross Charge Type: Main Acute Price List"
"SCREW, 4.0X38MM HEADLESS","CspuChSup117563","CDM","278","RC","C1713","HCPCS","","","facility","both","","","","2289.91","2289.91","","","","","","","","","","","","","Gross Charge Type: Main Acute Price List"
"SCREW, 4.0X38MM HEADLESS","DelrChSup117563","CDM","278","RC","C1713","HCPCS","","","facility","both","","","","2289.91","2289.91","","","","","","","","","","","","","Gross Charge Type: Main Acute Price List"
"SCREW, 4.5 CORT 28MM","GastChSup58339","CDM","278","RC","","","","","facility","both","","","","105.24","105.24","","","","","","","","","","","","","Gross Charge Type: Main Acute Price List"
"SCREW, 4.5X10MM","CspuChSup70085","CDM","278","RC","C1713","HCPCS","","","facility","both","","","","1100.47","1100.47","","","","","","","","","","","","","Gross Charge Type: Main Acute Price List"
"SCREW, 4.5X28MM","AnesWmSup115216","CDM","278","RC","C1713","HCPCS","","","facility","both","","","","3266.28","3266.28","","","","","","","","","","","","","Gross Charge Type: Main Acute Price List"
"SCREW, 4.5X30MM EVEREST MIXT","CcthChSup119607","CDM","278","RC","C1713","HCPCS","","","facility","both","","","","5791.95","5791.95","","","","","","","","","","","","","Gross Charge Type: Main Acute Price List"
"SCREW, 4.5X30MM EVEREST MIXT","EplbChSup119607","CDM","278","RC","C1713","HCPCS","","","facility","both","","","","5791.95","5791.95","","","","","","","","","","","","","Gross Charge Type: Main Acute Price List"
"SCREW, 4.5X30MM POLY","ScanChSup119207","CDM","278","RC","C1713","HCPCS","","","facility","both","","","","4364.18","4364.18","","","","","","","","","","","","","Gross Charge Type: Main Acute Price List"
"SCREW, 4.5X30MM POLY","ScorWmSup119207","CDM","278","RC","C1713","HCPCS","","","facility","both","","","","4364.18","4364.18","","","","","","","","","","","","","Gross Charge Type: Main Acute Price List"
"SCREW, 4.5X40MM 113659","CcthChSup113659","CDM","278","RC","C1713","HCPCS","","","facility","both","","","","5762.99","5762.99","","","","","","","","","","","","","Gross Charge Type: Main Acute Price List"
"SCREW, 4.75 ATS  MAS 4.5X25MM","CLDRChSup106096","CDM","278","RC","C1713","HCPCS","","","facility","both","","","","6406.13","6406.13","","","","","","","","","","","","","Gross Charge Type: Main Acute Price List"
"SCREW, 4.75 ATS MAS 4.5X40MM","AngiWmSup106906","CDM","278","RC","C1713","HCPCS","","","facility","both","","","","6406.13","6406.13","","","","","","","","","","","","","Gross Charge Type: Main Acute Price List"
"SCREW, 4.75 ATS MAS 4.5X40MM","PacuChSup106906","CDM","278","RC","C1713","HCPCS","","","facility","both","","","","6406.13","6406.13","","","","","","","","","","","","","Gross Charge Type: Main Acute Price List"
"SCREW, 4.75 ATS MAS 4.5X45MM COMPT","ScpuChSup110870","CDM","278","RC","C1713","HCPCS","","","facility","both","","","","6406.13","6406.13","","","","","","","","","","","","","Gross Charge Type: Main Acute Price List"
"SCREW, 4.75 ATS MAS 5.5X25MM","GyscChSup107443","CDM","278","RC","C1713","HCPCS","","","facility","both","","","","6406.13","6406.13","","","","","","","","","","","","","Gross Charge Type: Main Acute Price List"
"SCREW, 4.75 ATS MAS 5.5X30MM","GastChSup78874","CDM","278","RC","C1713","HCPCS","","","facility","both","","","","6406.13","6406.13","","","","","","","","","","","","","Gross Charge Type: Main Acute Price List"
"SCREW, 4.75 ATS MAS 5.5X35MM","GastWmSup78875","CDM","278","RC","C1713","HCPCS","","","facility","both","","","","6406.13","6406.13","","","","","","","","","","","","","Gross Charge Type: Main Acute Price List"
"SCREW, 4.75 ATS MAS 5.5X45MM","EplbChSup79035","CDM","278","RC","C1713","HCPCS","","","facility","both","","","","6406.13","6406.13","","","","","","","","","","","","","Gross Charge Type: Main Acute Price List"
"SCREW, 4.75 ATS MAS 5.5X45MM","ScorWmSup79035","CDM","278","RC","C1713","HCPCS","","","facility","both","","","","6406.13","6406.13","","","","","","","","","","","","","Gross Charge Type: Main Acute Price List"
"SCREW, 4.75 ATS MAS 6.5X35","ScanWmSup78761","CDM","278","RC","C1713","HCPCS","","","facility","both","","","","6406.13","6406.13","","","","","","","","","","","","","Gross Charge Type: Main Acute Price List"
"SCREW, 4.75 ATS MAS 6.5X35","ScorChSup78761","CDM","278","RC","C1713","HCPCS","","","facility","both","","","","6406.13","6406.13","","","","","","","","","","","","","Gross Charge Type: Main Acute Price List"
"SCREW, 5.0 X 22MM VP2","CcthChSup118258","CDM","278","RC","C1713","HCPCS","","","facility","both","","","","3266.28","3266.28","","","","","","","","","","","","","Gross Charge Type: Main Acute Price List"
"SCREW, 5.0X20MM","EplbChSup117949","CDM","278","RC","C1713","HCPCS","","","facility","both","","","","1847.92","1847.92","","","","","","","","","","","","","Gross Charge Type: Main Acute Price List"
"SCREW, 5.0X20MM","ScanChSup117949","CDM","278","RC","C1713","HCPCS","","","facility","both","","","","1847.92","1847.92","","","","","","","","","","","","","Gross Charge Type: Main Acute Price List"
"SCREW, 5.0X26MM HEADLESS FT COMPRESSION","GastChSup116152","CDM","278","RC","C1713","HCPCS","","","facility","both","","","","2981.69","2981.69","","","","","","","","","","","","","Gross Charge Type: Main Acute Price List"
"SCREW, 5.0X30MM","DelrChSup108232","CDM","278","RC","C1713","HCPCS","","","facility","both","","","","3171.03","3171.03","","","","","","","","","","","","","Gross Charge Type: Main Acute Price List"
"SCREW, 5.0X36MM","GastChSup108233","CDM","278","RC","C1713","HCPCS","","","facility","both","","","","2981.69","2981.69","","","","","","","","","","","","","Gross Charge Type: Main Acute Price List"
"SCREW, 5.0X40MM","ScpuChSup108234","CDM","278","RC","C1713","HCPCS","","","facility","both","","","","3171.03","3171.03","","","","","","","","","","","","","Gross Charge Type: Main Acute Price List"
"SCREW, 5.0X50MM HEADLESS COMPRESSION","PacuChSup110088","CDM","278","RC","C1713","HCPCS","","","facility","both","","","","3171.03","3171.03","","","","","","","","","","","","","Gross Charge Type: Main Acute Price List"
"SCREW, 5.0X50MM HEADLESS COMPRESSION","ScanChSup110088","CDM","278","RC","C1713","HCPCS","","","facility","both","","","","3171.03","3171.03","","","","","","","","","","","","","Gross Charge Type: Main Acute Price List"
"SCREW, 5.0X85MM HEADLESS COMPRESSION","PacuWmSup115004","CDM","278","RC","C1713","HCPCS","","","facility","both","","","","2981.69","2981.69","","","","","","","","","","","","","Gross Charge Type: Main Acute Price List"
"SCREW, 5.2X21MM","AngiChSup112361","CDM","278","RC","C1713","HCPCS","","","facility","both","","","","1447.99","1447.99","","","","","","","","","","","","","Gross Charge Type: Main Acute Price List"
"SCREW, 5.2X21MM","GyscChSup112361","CDM","278","RC","C1713","HCPCS","","","facility","both","","","","1447.99","1447.99","","","","","","","","","","","","","Gross Charge Type: Main Acute Price List"
"SCREW, 5.5 EXPEDIUM VERSE TI 5.0X40MM","OperChSup68797","CDM","278","RC","C1713","HCPCS","","","facility","both","","","","6128.94","6128.94","","","","","","","","","","","","","Gross Charge Type: Main Acute Price List"
"SCREW, 5.5 EXPEDIUM VERSE TI 7.0X45MM","EplbChSup68006","CDM","278","RC","C1713","HCPCS","","","facility","both","","","","6128.94","6128.94","","","","","","","","","","","","","Gross Charge Type: Main Acute Price List"
"SCREW, 5.5 EXPEDIUM VERSE TI 7.0X45MM","OperWmSup68006","CDM","278","RC","C1713","HCPCS","","","facility","both","","","","6128.94","6128.94","","","","","","","","","","","","","Gross Charge Type: Main Acute Price List"
"SCREW, 5.5X35MM EVEREST MIXT","AngiWmSup119608","CDM","278","RC","C1713","HCPCS","","","facility","both","","","","5791.95","5791.95","","","","","","","","","","","","","Gross Charge Type: Main Acute Price List"
"SCREW, 5.5X35MM EVEREST MIXT","DelrChSup119608","CDM","278","RC","C1713","HCPCS","","","facility","both","","","","5791.95","5791.95","","","","","","","","","","","","","Gross Charge Type: Main Acute Price List"
"SCREW, 5.5X40MM EVEREST MIXT","GastWmSup113424","CDM","278","RC","C1713","HCPCS","","","facility","both","","","","5543.76","5543.76","","","","","","","","","","","","","Gross Charge Type: Main Acute Price List"
"SCREW, 5X45MM LOCKING PARTIALLY THREADED","ScpuWmSup22688","CDM","278","RC","","","","","facility","both","","","","990.08","990.08","","","","","","","","","","","","","Gross Charge Type: Main Acute Price List"
"SCREW, 6.5X35MM RELINE MAS","GastChSup115705","CDM","278","RC","C1713","HCPCS","","","facility","both","","","","3810.66","3810.66","","","","","","","","","","","","","Gross Charge Type: Main Acute Price List"
"SCREW, 6.5X40MM EVEREST MIXT","ScorWmSup109387","CDM","278","RC","","","","","facility","both","","","","5543.76","5543.76","","","","","","","","","","","","","Gross Charge Type: Main Acute Price List"
"SCREW, 6.5X40MM REDUCTION SOLERA","GastChSup106561","CDM","278","RC","","","","","facility","both","","","","4651.39","4651.39","","","","","","","","","","","","","Gross Charge Type: Main Acute Price List"
"SCREW, 6.5X40MM REDUCTION SOLERA","ScpuChSup106561","CDM","278","RC","","","","","facility","both","","","","4651.39","4651.39","","","","","","","","","","","","","Gross Charge Type: Main Acute Price List"
"SCREW, 6.5X45MM RMM","OperChSup113334","CDM","278","RC","C1713","HCPCS","","","facility","both","","","","4343.96","4343.96","","","","","","","","","","","","","Gross Charge Type: Main Acute Price List"
"SCREW, 6.5X55MM REDUCTION SOLERA","CcthChSup109157","CDM","278","RC","","","","","facility","both","","","","5790.5","5790.5","","","","","","","","","","","","","Gross Charge Type: Main Acute Price List"
"SCREW, 6.5X55MM REDUCTION SOLERA","ScorChSup109157","CDM","278","RC","","","","","facility","both","","","","5790.5","5790.5","","","","","","","","","","","","","Gross Charge Type: Main Acute Price List"
"SCREW, 6MM","ScpuChSup108594","CDM","278","RC","C1713","HCPCS","","","facility","both","","","","1447.99","1447.99","","","","","","","","","","","","","Gross Charge Type: Main Acute Price List"
"SCREW, 6X25 VERSE","ScpuChSup118038","CDM","278","RC","C1713","HCPCS","","","facility","both","","","","6128.94","6128.94","","","","","","","","","","","","","Gross Charge Type: Main Acute Price List"
"SCREW, 7.0 HEADLESS COMPRESSION L 75 SHORT","AngiWmSup109253","CDM","278","RC","C1713","HCPCS","","","facility","both","","","","4046.21","4046.21","","","","","","","","","","","","","Gross Charge Type: Main Acute Price List"
"SCREW, 7.5X40MM XIA CT","GyscChSup119853","CDM","278","RC","C1713","HCPCS","","","facility","both","","","","4633.56","4633.56","","","","","","","","","","","","","Gross Charge Type: Main Acute Price List"
"SCREW, 7.5X40MM XIA CT","ScorChSup119853","CDM","278","RC","C1713","HCPCS","","","facility","both","","","","4633.56","4633.56","","","","","","","","","","","","","Gross Charge Type: Main Acute Price List"
"SCREW, 7.5X50MM EVEREST MIXT","PacuChSup111178","CDM","278","RC","C1713","HCPCS","","","facility","both","","","","5543.76","5543.76","","","","","","","","","","","","","Gross Charge Type: Main Acute Price List"
"SCREW, 7.5X50MM FENESTRATED","OperChSup10196124","CDM","278","RC","C1713","HCPCS","","","facility","both","","","","5956.8","5956.8","","","","","","","","","","","","","Gross Charge Type: Main Acute Price List"
"SCREW, 7.5X55MM RELINE MAS FENESTRATED","AnesChSup118386","CDM","278","RC","C1713","HCPCS","","","facility","both","","","","6371.14","6371.14","","","","","","","","","","","","","Gross Charge Type: Main Acute Price List"
"SCREW, 7.5X55MM RELINE MAS FENESTRATED","CcthChSup118386","CDM","278","RC","C1713","HCPCS","","","facility","both","","","","6371.14","6371.14","","","","","","","","","","","","","Gross Charge Type: Main Acute Price List"
"SCREW, 8.5X90MM EVEREST XT","AngiChSup119942","CDM","278","RC","C1713","HCPCS","","","facility","both","","","","4633.56","4633.56","","","","","","","","","","","","","Gross Charge Type: Main Acute Price List"
"SCREW, 8.5X90MM EVEREST XT","OperWmSup119942","CDM","278","RC","C1713","HCPCS","","","facility","both","","","","4633.56","4633.56","","","","","","","","","","","","","Gross Charge Type: Main Acute Price List"
"SCREW, ACP 3.5X13MM SELF DRILL","OperWmSup110847","CDM","278","RC","C1713","HCPCS","","","facility","both","","","","769.97","769.97","","","","","","","","","","","","","Gross Charge Type: Main Acute Price List"
"SCREW, ACP 3.5X15MM SELF DRILL","AnesWmSup110942","CDM","278","RC","C1713","HCPCS","","","facility","both","","","","769.97","769.97","","","","","","","","","","","","","Gross Charge Type: Main Acute Price List"
"SCREW, ACUTRAK 2 4.7X30MM","Chrs5458312","CDM","278","RC","C1713","HCPCS","","","facility","both","","","","3075.53","3075.53","","","","","","","","","","","","","Gross Charge Type: Main Acute Price List"
"SCREW, ACUTRAK 2 4.7X60MM","AngiWmSup58316","CDM","278","RC","C1713","HCPCS","","","facility","both","","","","3075.53","3075.53","","","","","","","","","","","","","Gross Charge Type: Main Acute Price List"
"SCREW, ACUTRAK 2 5.5 55MM","ScpuWmSup57536","CDM","278","RC","C1713","HCPCS","","","facility","both","","","","3116.07","3116.07","","","","","","","","","","","","","Gross Charge Type: Main Acute Price List"
"SCREW, ACUTRAK 2 5.5X50MM NONSTRL","CspuChSup61257","CDM","278","RC","C1713","HCPCS","","","facility","both","","","","3116.07","3116.07","","","","","","","","","","","","","Gross Charge Type: Main Acute Price List"
"SCREW, ACUTRAK 2 5.5X50MM NONSTRL","ScpuChSup61257","CDM","278","RC","C1713","HCPCS","","","facility","both","","","","3116.07","3116.07","","","","","","","","","","","","","Gross Charge Type: Main Acute Price List"
"SCREW, ACUTRAK 2 5.5X50MM NONSTRL","ScpuWmSup61257","CDM","278","RC","C1713","HCPCS","","","facility","both","","","","3116.07","3116.07","","","","","","","","","","","","","Gross Charge Type: Main Acute Price List"
"SCREW, ACUTRAK 2 5.5X60MM NONSTRL","GyscChSup61256","CDM","278","RC","C1713","HCPCS","","","facility","both","","","","3116.07","3116.07","","","","","","","","","","","","","Gross Charge Type: Main Acute Price List"
"SCREW, ACUTRAK 2 7.5 50MM","OperChSup56882","CDM","278","RC","C1713","HCPCS","","","facility","both","","","","3388.29","3388.29","","","","","","","","","","","","","Gross Charge Type: Main Acute Price List"
"SCREW, ACUTRAK 2 7.5 55MM","AngiWmSup56883","CDM","278","RC","C1713","HCPCS","","","facility","both","","","","3388.29","3388.29","","","","","","","","","","","","","Gross Charge Type: Main Acute Price List"
"SCREW, ACUTRAK 2 7.5 55MM","EplbChSup56883","CDM","278","RC","C1713","HCPCS","","","facility","both","","","","3388.29","3388.29","","","","","","","","","","","","","Gross Charge Type: Main Acute Price List"
"SCREW, ACUTRAK 2 7.5 90MM","Chrs5456890","CDM","278","RC","C1713","HCPCS","","","facility","both","","","","3388.29","3388.29","","","","","","","","","","","","","Gross Charge Type: Main Acute Price List"
"SCREW, ACUTRAK 2 7.5 90MM","ScorChSup56890","CDM","278","RC","C1713","HCPCS","","","facility","both","","","","3388.29","3388.29","","","","","","","","","","","","","Gross Charge Type: Main Acute Price List"
"SCREW, ACUTRAK 2 7.5 90MM","ScpuChSup56890","CDM","278","RC","C1713","HCPCS","","","facility","both","","","","3388.29","3388.29","","","","","","","","","","","","","Gross Charge Type: Main Acute Price List"
"SCREW, ACUTRAK NON-STRL 2 5.5X45.0MM","ScanChSup59358","CDM","278","RC","C1713","HCPCS","","","facility","both","","","","3116.07","3116.07","","","","","","","","","","","","","Gross Charge Type: Main Acute Price List"
"SCREW, ADV LOCKING 5X30MM","OperChSup107946","CDM","278","RC","C1713","HCPCS","","","facility","both","","","","1302.84","1302.84","","","","","","","","","","","","","Gross Charge Type: Main Acute Price List"
"SCREW, ADV LOCKING 5X40MM","ScanWmSup106407","CDM","278","RC","C1713","HCPCS","","","facility","both","","","","1385.57","1385.57","","","","","","","","","","","","","Gross Charge Type: Main Acute Price List"
"SCREW, ADV LOCKING 5X42.5MM","PacuWmSup107267","CDM","278","RC","C1713","HCPCS","","","facility","both","","","","1385.57","1385.57","","","","","","","","","","","","","Gross Charge Type: Main Acute Price List"
"SCREW, ADV LOCKING 5X50MM","ScorChSup107694","CDM","278","RC","C1713","HCPCS","","","facility","both","","","","1385.57","1385.57","","","","","","","","","","","","","Gross Charge Type: Main Acute Price List"
"SCREW, ADV LOCKING 5X52.5MM","ScorWmSup109401","CDM","278","RC","C1713","HCPCS","","","facility","both","","","","1385.57","1385.57","","","","","","","","","","","","","Gross Charge Type: Main Acute Price List"
"SCREW, ADV LOCKING 5X55MM","EplbChSup109286","CDM","278","RC","C1713","HCPCS","","","facility","both","","","","1385.57","1385.57","","","","","","","","","","","","","Gross Charge Type: Main Acute Price List"
"SCREW, ADV LOCKING 5X60MM","AngiWmSup109174","CDM","278","RC","C1713","HCPCS","","","facility","both","","","","1385.57","1385.57","","","","","","","","","","","","","Gross Charge Type: Main Acute Price List"
"SCREW, ADV LOCKING 5X60MM","GastWmSup109174","CDM","278","RC","C1713","HCPCS","","","facility","both","","","","1385.57","1385.57","","","","","","","","","","","","","Gross Charge Type: Main Acute Price List"
"SCREW, ADVANCED LOCKING 5X80MM","ScpuWmSup113463","CDM","278","RC","C1713","HCPCS","","","facility","both","","","","1385.57","1385.57","","","","","","","","","","","","","Gross Charge Type: Main Acute Price List"
"SCREW, ADVANCED LOCKING 5X85MM","DelrChSup112962","CDM","278","RC","C1713","HCPCS","","","facility","both","","","","1385.57","1385.57","","","","","","","","","","","","","Gross Charge Type: Main Acute Price List"
"SCREW, ADVANCED LOCKING 5X85MM","ScorChSup112962","CDM","278","RC","C1713","HCPCS","","","facility","both","","","","1385.57","1385.57","","","","","","","","","","","","","Gross Charge Type: Main Acute Price List"
"SCREW, ADVANCED LOCKING 5X95MM","OperChSup115490","CDM","278","RC","C1713","HCPCS","","","facility","both","","","","1224.53","1224.53","","","","","","","","","","","","","Gross Charge Type: Main Acute Price List"
"SCREW, ADVANCED LOCKING 5X95MM","ScorChSup115490","CDM","278","RC","C1713","HCPCS","","","facility","both","","","","1224.53","1224.53","","","","","","","","","","","","","Gross Charge Type: Main Acute Price List"
"SCREW, ANTERALIGN 40MM","ScanWmSup118588","CDM","278","RC","C1713","HCPCS","","","facility","both","","","","1737.58","1737.58","","","","","","","","","","","","","Gross Charge Type: Main Acute Price List"
"SCREW, ANTERALIGN 40MM","ScorWmSup118588","CDM","278","RC","C1713","HCPCS","","","facility","both","","","","1737.58","1737.58","","","","","","","","","","","","","Gross Charge Type: Main Acute Price List"
"SCREW, ANTERIOR CAYMAN 6.0X22MM","ScpuChSup78217","CDM","278","RC","C1713","HCPCS","","","facility","both","","","","1162.12","1162.12","","","","","","","","","","","","","Gross Charge Type: Main Acute Price List"
"SCREW, ANTIROTATION FEMORAL NECK SYSTEM 105MM STRL","GastWmSup106690","CDM","278","RC","C1713","HCPCS","","","facility","both","","","","1562.42","1562.42","","","","","","","","","","","","","Gross Charge Type: Main Acute Price List"
"SCREW, ANTIROTATION FEMORAL NECK SYSTEM 105MM STRL","OperChSup106690","CDM","278","RC","C1713","HCPCS","","","facility","both","","","","1562.42","1562.42","","","","","","","","","","","","","Gross Charge Type: Main Acute Price List"
"SCREW, ANTIROTATION FEMORAL NECK SYSTEM 75MM STRL","GastWmSup106820","CDM","278","RC","C1713","HCPCS","","","facility","both","","","","1562.42","1562.42","","","","","","","","","","","","","Gross Charge Type: Main Acute Price List"
"SCREW, ANTIROTATION FEMORAL NECK SYSTEM 75MM STRL","OperWmSup106820","CDM","278","RC","C1713","HCPCS","","","facility","both","","","","1562.42","1562.42","","","","","","","","","","","","","Gross Charge Type: Main Acute Price List"
"SCREW, ANTIROTATION FEMORAL NECK SYSTEM 80MM","EplbChSup107470","CDM","278","RC","C1713","HCPCS","","","facility","both","","","","1562.42","1562.42","","","","","","","","","","","","","Gross Charge Type: Main Acute Price List"
"SCREW, ANTIROTATION FEMORAL NECK SYSTEM 90MM STRL","ScpuChSup106592","CDM","278","RC","C1713","HCPCS","","","facility","both","","","","1387.17","1387.17","","","","","","","","","","","","","Gross Charge Type: Main Acute Price List"
"SCREW, ANTIROTATION FEMORAL NECK SYSTEM 95MM STRL","GyscChSup107456","CDM","278","RC","C1713","HCPCS","","","facility","both","","","","1562.42","1562.42","","","","","","","","","","","","","Gross Charge Type: Main Acute Price List"
"SCREW, ANTIROTATION FEMORAL NECK SYSTEM 95MM STRL","ScorChSup107456","CDM","278","RC","C1713","HCPCS","","","facility","both","","","","1562.42","1562.42","","","","","","","","","","","","","Gross Charge Type: Main Acute Price List"
"SCREW, ARTEMIS LOCKING 5X35MM","GastChSup119602","CDM","278","RC","C1713","HCPCS","","","facility","both","","","","579.19","579.19","","","","","","","","","","","","","Gross Charge Type: Main Acute Price List"
"SCREW, ASNIS 8.0X80","OPERCLSUP112519","CDM","278","RC","C1713","HCPCS","","","facility","both","","","","1470.69","1470.69","","","","","","","","","","","","","Gross Charge Type: Main Acute Price List"
"SCREW, ASSEMBLY AEQUALIS FLEX REVIVE 30MM","AnesWmSup119558","CDM","278","RC","C1713","HCPCS","","","facility","both","","","","4477.18","4477.18","","","","","","","","","","","","","Gross Charge Type: Main Acute Price List"
"SCREW, ASSEMBLY AEQUALIS FLEX REVIVE 30MM","GyscChSup119558","CDM","278","RC","C1713","HCPCS","","","facility","both","","","","4477.18","4477.18","","","","","","","","","","","","","Gross Charge Type: Main Acute Price List"
"SCREW, ATLANTIC VISION ELITE SELF-DRILL FIX 4.0X12MM","ScpuWmSup50091","CDM","278","RC","C1713","HCPCS","","","facility","both","","","","677.57","677.57","","","","","","","","","","","","","Gross Charge Type: Main Acute Price List"
"SCREW, ATLANTIC VISION ELITE SELF-DRILL FIX 4.0X14MM","GastWmSup50093","CDM","278","RC","C1713","HCPCS","","","facility","both","","","","677.57","677.57","","","","","","","","","","","","","Gross Charge Type: Main Acute Price List"
"SCREW, ATLANTIC VISION ELITE SELF-DRILL VAR 4.0X12MM","ScorWmSup50098","CDM","278","RC","C1713","HCPCS","","","facility","both","","","","677.57","677.57","","","","","","","","","","","","","Gross Charge Type: Main Acute Price List"
"SCREW, ATLANTIC VISION ELITE SELF-DRILL VAR 4.0X13MM","Wilm5450099","CDM","278","RC","C1713","HCPCS","","","facility","both","","","","677.57","677.57","","","","","","","","","","","","","Gross Charge Type: Main Acute Price List"
"SCREW, ATLANTIC VISION ELITE SELF-DRILL VAR 4.0X15MM","GyscChSup50101","CDM","278","RC","C1713","HCPCS","","","facility","both","","","","677.57","677.57","","","","","","","","","","","","","Gross Charge Type: Main Acute Price List"
"SCREW, ATLANTIC VISION ELITE SELF-DRILL VAR 4.0X15MM","ScanWmSup50101","CDM","278","RC","C1713","HCPCS","","","facility","both","","","","677.57","677.57","","","","","","","","","","","","","Gross Charge Type: Main Acute Price List"
"SCREW, ATLANTIC VISION ELITE SELF-DRILL VAR 4.0X15MM","ScorWmSup50101","CDM","278","RC","C1713","HCPCS","","","facility","both","","","","677.57","677.57","","","","","","","","","","","","","Gross Charge Type: Main Acute Price List"
"SCREW, ATLANTIC VISION ELITE SELF-DRILL VAR 4.5X15MM","AngiWmSup50118","CDM","278","RC","C1713","HCPCS","","","facility","both","","","","677.57","677.57","","","","","","","","","","","","","Gross Charge Type: Main Acute Price List"
"SCREW, ATLANTIC VISION ELITE SELF-DRILL VAR 4.5X15MM","CcthChSup50118","CDM","278","RC","C1713","HCPCS","","","facility","both","","","","677.57","677.57","","","","","","","","","","","","","Gross Charge Type: Main Acute Price List"
"SCREW, ATLANTIC VISION ELITE SELF-DRILL VAR 4.5X15MM","ScorWmSup50118","CDM","278","RC","C1713","HCPCS","","","facility","both","","","","677.57","677.57","","","","","","","","","","","","","Gross Charge Type: Main Acute Price List"
"SCREW, ATLANTIC VISION ELITE SELF-DRILL VAR 4.5X17MM","GyscChSup50119","CDM","278","RC","","","","","facility","both","","","","677.57","677.57","","","","","","","","","","","","","Gross Charge Type: Main Acute Price List"
"SCREW, ATLANTIC VISION ELITE SELF-TAP FIX 4.5X13MM","GastWmSup50105","CDM","278","RC","C1713","HCPCS","","","facility","both","","","","637.11","637.11","","","","","","","","","","","","","Gross Charge Type: Main Acute Price List"
"SCREW, ATLANTIC VISION ELITE SELF-TAP VAR 4.5X15MM","GastWmSup50110","CDM","278","RC","C1713","HCPCS","","","facility","both","","","","637.11","637.11","","","","","","","","","","","","","Gross Charge Type: Main Acute Price List"
"SCREW, ATLANTIS ELITE 4.5X13 COMPT","AnesChSup111122","CDM","278","RC","C1713","HCPCS","","","facility","both","","","","637.11","637.11","","","","","","","","","","","","","Gross Charge Type: Main Acute Price List"
"SCREW, ATS SOLERA 6.5X60MM COMPT","ScorWmSup111080","CDM","278","RC","C1713","HCPCS","","","facility","both","","","","6023.63","6023.63","","","","","","","","","","","","","Gross Charge Type: Main Acute Price List"
"SCREW, AUTOFIX SS 2.0X14MM","Chrs5470863","CDM","278","RC","C1713","HCPCS","","","facility","both","","","","1861.77","1861.77","","","","","","","","","","","","","Gross Charge Type: Main Acute Price List"
"SCREW, BALLAST 8.5X70MM COMPT","CcthChSup112530","CDM","278","RC","C1713","HCPCS","","","facility","both","","","","11294.3","11294.3","","","","","","","","","","","","","Gross Charge Type: Main Acute Price List"
"SCREW, BALLAST 8.5X70MM COMPT","PacuChSup112530","CDM","278","RC","C1713","HCPCS","","","facility","both","","","","11294.3","11294.3","","","","","","","","","","","","","Gross Charge Type: Main Acute Price List"
"SCREW, BALLAST CNMAS 8.5X60MM","ScorChSup107597","CDM","278","RC","","","","","facility","both","","","","11294.3","11294.3","","","","","","","","","","","","","Gross Charge Type: Main Acute Price List"
"SCREW, BALLAST CNMAS 8.5X70MM - COMPT","AnesChSup109805","CDM","278","RC","C1713","HCPCS","","","facility","both","","","","12011.49","12011.49","","","","","","","","","","","","","Gross Charge Type: Main Acute Price List"
"SCREW, BALLAST CNMAS 8.5X90MM","ScorWmSup114749","CDM","278","RC","C1713","HCPCS","","","facility","both","","","","11289.49","11289.49","","","","","","","","","","","","","Gross Charge Type: Main Acute Price List"
"SCREW, BALLAST CNMAS 8.5X90MM","ScpuChSup114749","CDM","278","RC","C1713","HCPCS","","","facility","both","","","","11289.49","11289.49","","","","","","","","","","","","","Gross Charge Type: Main Acute Price List"
"SCREW, BEVELED FT 4X56MM","PacuWmSup119271","CDM","278","RC","C1713","HCPCS","","","facility","both","","","","4988.31","4988.31","","","","","","","","","","","","","Gross Charge Type: Main Acute Price List"
"SCREW, BIOCOMPOSITE CANN DELTA TAPERED 11X35MM","EplbChSup42293","CDM","278","RC","C1713","HCPCS","","","facility","both","","","","1569.5","1569.5","","","","","","","","","","","","","Gross Charge Type: Main Acute Price List"
"SCREW, BIOCOMPOSITE CANN DELTA TAPERED 11X35MM","ScpuChSup42293","CDM","278","RC","C1713","HCPCS","","","facility","both","","","","1569.5","1569.5","","","","","","","","","","","","","Gross Charge Type: Main Acute Price List"
"SCREW, BIOCOMPOSITE FAST THREAD 11X30MM","OperChSup10191062","CDM","278","RC","C1713","HCPCS","","","facility","both","","","","1957.18","1957.18","","","","","","","","","","","","","Gross Charge Type: Main Acute Price List"
"SCREW, BIOCOMPOSITE FAST THREAD 12X30MM","OperChSup10191063","CDM","278","RC","C1713","HCPCS","","","facility","both","","","","1957.18","1957.18","","","","","","","","","","","","","Gross Charge Type: Main Acute Price List"
"SCREW, BIOCOMPOSITE FAST THREAD 9X30MM","OperWmSup121282","CDM","278","RC","C1713","HCPCS","","","facility","both","","","","1970.35","1970.35","","","","","","","","","","","","","Gross Charge Type: Main Acute Price List"
"SCREW, BIOCOMPOSITE RETRO 8X20MM","GastWmSup41714","CDM","278","RC","C1713","HCPCS","","","facility","both","","","","1569.5","1569.5","","","","","","","","","","","","","Gross Charge Type: Main Acute Price List"
"SCREW, BIOTENODESIS 3X8","Wilm5435350","CDM","278","RC","","","","","facility","both","","","","1940.3","1940.3","","","","","","","","","","","","","Gross Charge Type: Main Acute Price List"
"SCREW, BLUNT LOCKING 3.5X18MM","PacuWmSup118111","CDM","278","RC","C1713","HCPCS","","","facility","both","","","","556.03","556.03","","","","","","","","","","","","","Gross Charge Type: Main Acute Price List"
"SCREW, BLUNT LOCKING 3.5X20MM","ScpuWmSup114564","CDM","278","RC","C1713","HCPCS","","","facility","both","","","","522.6","522.6","","","","","","","","","","","","","Gross Charge Type: Main Acute Price List"
"SCREW, BLUNT LOCKING 3.5X24MM","ScanChSup118112","CDM","278","RC","C1713","HCPCS","","","facility","both","","","","591.34","591.34","","","","","","","","","","","","","Gross Charge Type: Main Acute Price List"
"SCREW, BLUNT LOCKING 3.5X28MM","CspuChSup112668","CDM","278","RC","C1713","HCPCS","","","facility","both","","","","591.34","591.34","","","","","","","","","","","","","Gross Charge Type: Main Acute Price List"
"SCREW, BLUNT LOCKING 3.5X38MM","AngiChSup112403","CDM","278","RC","C1713","HCPCS","","","facility","both","","","","591.34","591.34","","","","","","","","","","","","","Gross Charge Type: Main Acute Price List"
"SCREW, BLUNT LOCKING 3.5X40MM","ScpuWmSup112404","CDM","278","RC","C1713","HCPCS","","","facility","both","","","","591.34","591.34","","","","","","","","","","","","","Gross Charge Type: Main Acute Price List"
"SCREW, BLUNT LOCKING 3.5X42MM","DelrChSup112405","CDM","278","RC","C1713","HCPCS","","","facility","both","","","","591.34","591.34","","","","","","","","","","","","","Gross Charge Type: Main Acute Price List"
"SCREW, BLUNT LOCKING 3.5X42MM","ScanChSup112405","CDM","278","RC","C1713","HCPCS","","","facility","both","","","","591.34","591.34","","","","","","","","","","","","","Gross Charge Type: Main Acute Price List"
"SCREW, BLUNT LOCKING 3.5X42MM","ScanWmSup112405","CDM","278","RC","C1713","HCPCS","","","facility","both","","","","591.34","591.34","","","","","","","","","","","","","Gross Charge Type: Main Acute Price List"
"SCREW, BLUNT LOCKING 3.5X48MM","CcthChSup112669","CDM","278","RC","C1713","HCPCS","","","facility","both","","","","591.34","591.34","","","","","","","","","","","","","Gross Charge Type: Main Acute Price List"
"SCREW, BLUNT LOCKING 3.5X50MM","GastChSup114565","CDM","278","RC","C1713","HCPCS","","","facility","both","","","","555.8","555.8","","","","","","","","","","","","","Gross Charge Type: Main Acute Price List"
"SCREW, BLUNT LOCKING 3.5X50MM","GastWmSup114565","CDM","278","RC","C1713","HCPCS","","","facility","both","","","","555.8","555.8","","","","","","","","","","","","","Gross Charge Type: Main Acute Price List"
"SCREW, BLUNT LOCKING 3.5X52MM","AnesChSup112670","CDM","278","RC","C1713","HCPCS","","","facility","both","","","","591.34","591.34","","","","","","","","","","","","","Gross Charge Type: Main Acute Price List"
"SCREW, BLUNT LOCKING 3.5X54MM","DelrChSup112671","CDM","278","RC","C1713","HCPCS","","","facility","both","","","","556.03","556.03","","","","","","","","","","","","","Gross Charge Type: Main Acute Price List"
"SCREW, BLUNT LOCKING 3.5X54MM","ScpuWmSup112671","CDM","278","RC","C1713","HCPCS","","","facility","both","","","","556.03","556.03","","","","","","","","","","","","","Gross Charge Type: Main Acute Price List"
"SCREW, BONE 2.0MM VOLT CORTEX 13MM","OperChSup10196200","CDM","278","RC","C1713","HCPCS","","","facility","both","","","","642.87","642.87","","","","","","","","","","","","","Gross Charge Type: Main Acute Price List"
"SCREW, BONE 2.0X13MM","AngiChSup119345","CDM","278","RC","C1713","HCPCS","","","facility","both","","","","638.15","638.15","","","","","","","","","","","","","Gross Charge Type: Main Acute Price List"
"SCREW, BONE 2.0X24MM","CspuChSup114632","CDM","278","RC","C1713","HCPCS","","","facility","both","","","","599.8","599.8","","","","","","","","","","","","","Gross Charge Type: Main Acute Price List"
"SCREW, BONE 2.0X34MM","GastChSup117995","CDM","278","RC","C1713","HCPCS","","","facility","both","","","","600.04","600.04","","","","","","","","","","","","","Gross Charge Type: Main Acute Price List"
"SCREW, BONE 2.0X34MM","PacuChSup117995","CDM","278","RC","C1713","HCPCS","","","facility","both","","","","600.04","600.04","","","","","","","","","","","","","Gross Charge Type: Main Acute Price List"
"SCREW, BONE 2.0X34MM","ScorWmSup117995","CDM","278","RC","C1713","HCPCS","","","facility","both","","","","600.04","600.04","","","","","","","","","","","","","Gross Charge Type: Main Acute Price List"
"SCREW, BONE 2.0X8MM","ScpuChSup118302","CDM","278","RC","C1713","HCPCS","","","facility","both","","","","563.98","563.98","","","","","","","","","","","","","Gross Charge Type: Main Acute Price List"
"SCREW, BONE 2.7 X 10MM NON-LOCKING FULLY THREADED TITANIUM","AnesWmSup115639","CDM","278","RC","C1713","HCPCS","","","facility","both","","","","578.01","578.01","","","","","","","","","","","","","Gross Charge Type: Main Acute Price List"
"SCREW, BONE 2.7 X 10MM NON-LOCKING FULLY THREADED TITANIUM","GastWmSup115639","CDM","278","RC","C1713","HCPCS","","","facility","both","","","","578.01","578.01","","","","","","","","","","","","","Gross Charge Type: Main Acute Price List"
"SCREW, BONE 2.7 X 10MM NON-LOCKING FULLY THREADED TITANIUM","PacuChSup115639","CDM","278","RC","C1713","HCPCS","","","facility","both","","","","578.01","578.01","","","","","","","","","","","","","Gross Charge Type: Main Acute Price List"
"SCREW, BONE 2.7 X 10MM NON-LOCKING FULLY THREADED TITANIUM","ScanWmSup115639","CDM","278","RC","C1713","HCPCS","","","facility","both","","","","578.01","578.01","","","","","","","","","","","","","Gross Charge Type: Main Acute Price List"
"SCREW, BONE 2.7MM VOLT LOCKING 34MM T8","ScorChSup10196177","CDM","278","RC","C1713","HCPCS","","","facility","both","","","","1175.24","1175.24","","","","","","","","","","","","","Gross Charge Type: Main Acute Price List"
"SCREW, BONE 3.5MM VOLT CORTEX 12MM T15","OperChSup10195163","CDM","278","RC","C1713","HCPCS","","","facility","both","","","","883.48","883.48","","","","","","","","","","","","","Gross Charge Type: Main Acute Price List"
"SCREW, BONE 3.5X26MM","GastWmSup76368","CDM","278","RC","C1713","HCPCS","","","facility","both","","","","614.99","614.99","","","","","","","","","","","","","Gross Charge Type: Main Acute Price List"
"SCREW, BONE ASNIS III CANNULATED 4.0X28MM TI","ScorChSup10196021","CDM","278","RC","C1713","HCPCS","","","facility","both","","","","1045.36","1045.36","","","","","","","","","","","","","Gross Charge Type: Main Acute Price List"
"SCREW, BONE CANC 4.0X10MM","ScpuChSup6463","CDM","278","RC","C1713","HCPCS","","","facility","both","","","","116.24","116.24","","","","","","","","","","","","","Gross Charge Type: Main Acute Price List"
"SCREW, BONE CANC 4.0X14MM","PacuChSup6465","CDM","278","RC","C1713","HCPCS","","","facility","both","","","","116.24","116.24","","","","","","","","","","","","","Gross Charge Type: Main Acute Price List"
"SCREW, BONE CANC 4.0X50MM","OperWmSup6477","CDM","278","RC","C1713","HCPCS","","","facility","both","","","","116.24","116.24","","","","","","","","","","","","","Gross Charge Type: Main Acute Price List"
"SCREW, BONE CANC TI 4.0X50MM","AnesWmSup75204","CDM","278","RC","C1713","HCPCS","","","facility","both","","","","131.95","131.95","","","","","","","","","","","","","Gross Charge Type: Main Acute Price List"
"SCREW, BONE CANC TI 4.0X50MM","OperWmSup75204","CDM","278","RC","C1713","HCPCS","","","facility","both","","","","131.95","131.95","","","","","","","","","","","","","Gross Charge Type: Main Acute Price List"
"SCREW, BONE CANC TI 4.0X60MM","CspuChSup75205","CDM","278","RC","C1713","HCPCS","","","facility","both","","","","131.95","131.95","","","","","","","","","","","","","Gross Charge Type: Main Acute Price List"
"SCREW, BONE CANC TI 4.0X60MM","ScpuChSup75205","CDM","278","RC","C1713","HCPCS","","","facility","both","","","","131.95","131.95","","","","","","","","","","","","","Gross Charge Type: Main Acute Price List"
"SCREW, BONE CANN AUTOFIX T10 3.0X34MM","PacuWmSup73935","CDM","278","RC","C1713","HCPCS","","","facility","both","","","","1530.93","1530.93","","","","","","","","","","","","","Gross Charge Type: Main Acute Price List"
"SCREW, BONE COMPRESSION 5.0X32MM","OperWmSup10195669","CDM","278","RC","C1713","HCPCS","","","facility","both","","","","3006.43","3006.43","","","","","","","","","","","","","Gross Charge Type: Main Acute Price List"
"SCREW, BONE CORTICAL 3.5X24MM CORTICAL","CcthChSup115675","CDM","278","RC","C1713","HCPCS","","","facility","both","","","","1128.94","1128.94","","","","","","","","","","","","","Gross Charge Type: Main Acute Price List"
"SCREW, BONE CORTICAL 3.5X26MM","AnesWmSup115676","CDM","278","RC","C1713","HCPCS","","","facility","both","","","","1128.94","1128.94","","","","","","","","","","","","","Gross Charge Type: Main Acute Price List"
"SCREW, BONE CORTICAL 3.5X30MM","GastChSup115678","CDM","278","RC","C1713","HCPCS","","","facility","both","","","","1415.39","1415.39","","","","","","","","","","","","","Gross Charge Type: Main Acute Price List"
"SCREW, BONE CORTICAL 3.5X30MM","ScorChSup115678","CDM","278","RC","C1713","HCPCS","","","facility","both","","","","1415.39","1415.39","","","","","","","","","","","","","Gross Charge Type: Main Acute Price List"
"SCREW, BONE CROSS PIN 2.0X10MM","CcthChSup25257","CDM","278","RC","","","","","facility","both","","","","282.24","282.24","","","","","","","","","","","","","Gross Charge Type: Main Acute Price List"
"SCREW, BONE CROSS PIN 2.0X10MM","GyscChSup25257","CDM","278","RC","","","","","facility","both","","","","282.24","282.24","","","","","","","","","","","","","Gross Charge Type: Main Acute Price List"
"SCREW, BONE CROSS PIN 2.0X8MM","ScorChSup25256","CDM","278","RC","C1713","HCPCS","","","facility","both","","","","282.24","282.24","","","","","","","","","","","","","Gross Charge Type: Main Acute Price List"
"SCREW, BONE CROSS PIN 2.3X10MM","ScanWmSup25268","CDM","278","RC","","","","","facility","both","","","","245.67","245.67","","","","","","","","","","","","","Gross Charge Type: Main Acute Price List"
"SCREW, BONE CROSS PIN 2.3X8MM","PacuWmSup25267","CDM","278","RC","","","","","facility","both","","","","245.67","245.67","","","","","","","","","","","","","Gross Charge Type: Main Acute Price List"
"SCREW, BONE CROSS PIN 2.3X8MM","Wilm5425267","CDM","278","RC","","","","","facility","both","","","","245.67","245.67","","","","","","","","","","","","","Gross Charge Type: Main Acute Price List"
"SCREW, BONE CROSS-PIN SELF-TAP 1.7X11MM","GyscChSup59135","CDM","278","RC","C1713","HCPCS","","","facility","both","","","","433","433","","","","","","","","","","","","","Gross Charge Type: Main Acute Price List"
"SCREW, BONE CROSS-PIN SELF-TAP 1.7X13MM","EplbChSup62934","CDM","278","RC","C1713","HCPCS","","","facility","both","","","","433","433","","","","","","","","","","","","","Gross Charge Type: Main Acute Price List"
"SCREW, BONE CROSS-PIN SELF-TAP 1.7X13MM","ScorChSup62934","CDM","278","RC","C1713","HCPCS","","","facility","both","","","","433","433","","","","","","","","","","","","","Gross Charge Type: Main Acute Price List"
"SCREW, BONE CROSS-PIN SELF-TAP 2.3X13MM","ScorChSup59078","CDM","278","RC","C1713","HCPCS","","","facility","both","","","","435.44","435.44","","","","","","","","","","","","","Gross Charge Type: Main Acute Price List"
"SCREW, BONE DARTFIRE EDGE COMPRESSION 2.5MMX26MM","OperChSup10196148","CDM","278","RC","C1713","HCPCS","","","facility","both","","","","1114.27","1114.27","","","","","","","","","","","","","Gross Charge Type: Main Acute Price List"
"SCREW, BONE FIXED SELF-DRILL 3.6X14MM","GyscChSup55359","CDM","278","RC","C1713","HCPCS","","","facility","both","","","","1016.86","1016.86","","","","","","","","","","","","","Gross Charge Type: Main Acute Price List"
"SCREW, BONE HEADLESS CORTICAL TI 5.0X75MM","OperWmSup10194300","CDM","278","RC","C1713","HCPCS","","","facility","both","","","","3765.63","3765.63","","","","","","","","","","","","","Gross Charge Type: Main Acute Price List"
"SCREW, BONE IBF 3.5MMX16MM","AnesWmSup79625","CDM","278","RC","","","","","facility","both","","","","708.37","708.37","","","","","","","","","","","","","Gross Charge Type: Main Acute Price List"
"SCREW, BONE IBF 3.5MMX16MM","GastWmSup79625","CDM","278","RC","","","","","facility","both","","","","708.37","708.37","","","","","","","","","","","","","Gross Charge Type: Main Acute Price List"
"SCREW, BONE LOCKING 5.0X30MM","ScorWmSup121085","CDM","278","RC","C1713","HCPCS","","","facility","both","","","","1348.99","1348.99","","","","","","","","","","","","","Gross Charge Type: Main Acute Price List"
"SCREW, BONE LOCKING CORTICAL 3.5X22MM","OperChSup119659","CDM","278","RC","C1713","HCPCS","","","facility","both","","","","1788.27","1788.27","","","","","","","","","","","","","Gross Charge Type: Main Acute Price List"
"SCREW, BONE LOCKING CORTICAL 3.5X24MM","ScorWmSup115680","CDM","278","RC","C1713","HCPCS","","","facility","both","","","","1551.48","1551.48","","","","","","","","","","","","","Gross Charge Type: Main Acute Price List"
"SCREW, BONE LUMBAR TI 5.5X25MM","CspuChSup78897","CDM","278","RC","C1713","HCPCS","","","facility","both","","","","1462.95","1462.95","","","","","","","","","","","","","Gross Charge Type: Main Acute Price List"
"SCREW, BONE LUMBAR TI 5.5X25MM","ScanWmSup78897","CDM","278","RC","C1713","HCPCS","","","facility","both","","","","1462.95","1462.95","","","","","","","","","","","","","Gross Charge Type: Main Acute Price List"
"SCREW, BONE LUMBAR TI 5.5X35MM","GastChSup80420","CDM","278","RC","C1713","HCPCS","","","facility","both","","","","1375.59","1375.59","","","","","","","","","","","","","Gross Charge Type: Main Acute Price List"
"SCREW, BONE MULTI THREAD 3.5MM X 16MM","OperWmSup10194591","CDM","278","RC","C1713","HCPCS","","","facility","both","","","","1057.04","1057.04","","","","","","","","","","","","","Gross Charge Type: Main Acute Price List"
"SCREW, BONE NON-LOCKING FT 2.4X42MM T8","ScorChSup10195414","CDM","278","RC","C1713","HCPCS","","","facility","both","","","","373.76","373.76","","","","","","","","","","","","","Gross Charge Type: Main Acute Price List"
"SCREW, BONE ORTHOLOC CANCELLOUS LOCKING 3.5X45MM","ScorChSup10195992","CDM","278","RC","C1713","HCPCS","","","facility","both","","","","1392.84","1392.84","","","","","","","","","","","","","Gross Charge Type: Main Acute Price List"
"SCREW, BONE PANGEA LOCKING 5.0X38MM","OperChSup121086","CDM","278","RC","C1713","HCPCS","","","facility","both","","","","1348.99","1348.99","","","","","","","","","","","","","Gross Charge Type: Main Acute Price List"
"SCREW, BONE PANGEA LOCKING 5.0X65MM","OperWmSup121088","CDM","278","RC","C1713","HCPCS","","","facility","both","","","","1348.99","1348.99","","","","","","","","","","","","","Gross Charge Type: Main Acute Price List"
"SCREW, BONE RAPIDFIRE 1.5X5MM SELF-DRILLING HIGH TORQUE","ScorChSup116156","CDM","278","RC","C1713","HCPCS","","","facility","both","","","","162.17","162.17","","","","","","","","","","","","","Gross Charge Type: Main Acute Price List"
"SCREW, BONE SELF TAPPING 6.5 DIAMETER 35MM LENGTH","PacuWmSup114613","CDM","278","RC","C1713","HCPCS","","","facility","both","","","","144.74","144.74","","","","","","","","","","","","","Gross Charge Type: Main Acute Price List"
"SCREW, BONE SELF-TAP CROSS PIN 1.7X12MM","CcthChSup64020","CDM","278","RC","C1713","HCPCS","","","facility","both","","","","433","433","","","","","","","","","","","","","Gross Charge Type: Main Acute Price List"
"SCREW, BONE SELF-TAP CROSS PIN 1.7X12MM","ScanChSup64020","CDM","278","RC","C1713","HCPCS","","","facility","both","","","","433","433","","","","","","","","","","","","","Gross Charge Type: Main Acute Price List"
"SCREW, BONE SELF-TAP VARIABLE 3.6X14MM","ScorChSup60554","CDM","278","RC","C1713","HCPCS","","","facility","both","","","","1016.86","1016.86","","","","","","","","","","","","","Gross Charge Type: Main Acute Price List"
"SCREW, BONE T10 3.5X10MM","ScpuChSup43961","CDM","278","RC","C1713","HCPCS","","","facility","both","","","","437.87","437.87","","","","","","","","","","","","","Gross Charge Type: Main Acute Price List"
"SCREW, BONE T10 3.5X14MM","GastChSup43760","CDM","278","RC","C1713","HCPCS","","","facility","both","","","","437.87","437.87","","","","","","","","","","","","","Gross Charge Type: Main Acute Price List"
"SCREW, BONE T10 3.5X14MM","ScpuChSup43760","CDM","278","RC","C1713","HCPCS","","","facility","both","","","","437.87","437.87","","","","","","","","","","","","","Gross Charge Type: Main Acute Price List"
"SCREW, BONE T10 3.5X16MM","Chrs5443963","CDM","278","RC","C1713","HCPCS","","","facility","both","","","","437.87","437.87","","","","","","","","","","","","","Gross Charge Type: Main Acute Price List"
"SCREW, BONE T10 3.5X16MM","PacuWmSup43963","CDM","278","RC","C1713","HCPCS","","","facility","both","","","","437.87","437.87","","","","","","","","","","","","","Gross Charge Type: Main Acute Price List"
"SCREW, BONE T10 3.5X16MM","ScpuChSup43963","CDM","278","RC","C1713","HCPCS","","","facility","both","","","","437.87","437.87","","","","","","","","","","","","","Gross Charge Type: Main Acute Price List"
"SCREW, BONE T10 FULL THREAD 2.7X30MM","OperChSup77268","CDM","278","RC","C1713","HCPCS","","","facility","both","","","","614.99","614.99","","","","","","","","","","","","","Gross Charge Type: Main Acute Price List"
"SCREW, BONE T10 FULL THREAD 3.5X30MM","GastWmSup77269","CDM","278","RC","C1713","HCPCS","","","facility","both","","","","614.99","614.99","","","","","","","","","","","","","Gross Charge Type: Main Acute Price List"
"SCREW, BONE T10 FULLY THREADED 2.7X14MM","AnesWmSup106838","CDM","278","RC","C1713","HCPCS","","","facility","both","","","","614.99","614.99","","","","","","","","","","","","","Gross Charge Type: Main Acute Price List"
"SCREW, BONE T10 FULLY THREADED 2.7X16MM","GastChSup106441","CDM","278","RC","C1713","HCPCS","","","facility","both","","","","614.99","614.99","","","","","","","","","","","","","Gross Charge Type: Main Acute Price List"
"SCREW, BONE T10 FULLY THREADED 2.7X16MM","GyscChSup106441","CDM","278","RC","C1713","HCPCS","","","facility","both","","","","614.99","614.99","","","","","","","","","","","","","Gross Charge Type: Main Acute Price List"
"SCREW, BONE T10 FULLY THREADED 2.7X16MM","PacuChSup106441","CDM","278","RC","C1713","HCPCS","","","facility","both","","","","614.99","614.99","","","","","","","","","","","","","Gross Charge Type: Main Acute Price List"
"SCREW, BONE T10 FULLY THREADED 3.5X42MM","AnesWmSup77334","CDM","278","RC","C1713","HCPCS","","","facility","both","","","","614.99","614.99","","","","","","","","","","","","","Gross Charge Type: Main Acute Price List"
"SCREW, BONE T8 FT 2.4X24MM","AngiChSup75423","CDM","278","RC","C1713","HCPCS","","","facility","both","","","","592.57","592.57","","","","","","","","","","","","","Gross Charge Type: Main Acute Price List"
"SCREW, BONE T8 FT 2.4X24MM","PacuWmSup75423","CDM","278","RC","C1713","HCPCS","","","facility","both","","","","592.57","592.57","","","","","","","","","","","","","Gross Charge Type: Main Acute Price List"
"SCREW, BONE T8 FT 2.4X24MM","ScorWmSup75423","CDM","278","RC","C1713","HCPCS","","","facility","both","","","","592.57","592.57","","","","","","","","","","","","","Gross Charge Type: Main Acute Price List"
"SCREW, BONE T8 FULL THREADED 2.7M/L50MM","PacuWmSup115770","CDM","278","RC","C1713","HCPCS","","","facility","both","","","","592.57","592.57","","","","","","","","","","","","","Gross Charge Type: Main Acute Price List"
"SCREW, BRIGADE 5.5X22.5MM","AngiWmSup110573","CDM","278","RC","C1713","HCPCS","","","facility","both","","","","1158.39","1158.39","","","","","","","","","","","","","Gross Charge Type: Main Acute Price List"
"SCREW, BRIGADE 5.5X22.5MM","ScanChSup110573","CDM","278","RC","C1713","HCPCS","","","facility","both","","","","1158.39","1158.39","","","","","","","","","","","","","Gross Charge Type: Main Acute Price List"
"SCREW, BRIGADE PLATE 6.5X22.5","AngiWmSup110885","CDM","278","RC","C1713","HCPCS","","","facility","both","","","","1447.99","1447.99","","","","","","","","","","","","","Gross Charge Type: Main Acute Price List"
"SCREW, BRIGADE PLATE 6.5X22.5","OperChSup110885","CDM","278","RC","C1713","HCPCS","","","facility","both","","","","1447.99","1447.99","","","","","","","","","","","","","Gross Charge Type: Main Acute Price List"
"SCREW, BS CNMAS 9.5X90 TC S","OperChSup119010","CDM","278","RC","C1713","HCPCS","","","facility","both","","","","11294.3","11294.3","","","","","","","","","","","","","Gross Charge Type: Main Acute Price List"
"SCREW, CANC 4.0X35MM - 203069","OperChSup203069","CDM","278","RC","C1713","HCPCS","","","facility","both","","","","116.24","116.24","","","","","","","","","","","","","Gross Charge Type: Main Acute Price List"
"SCREW, CANC 4.0X40MM - 24407","Wilm5424407","CDM","278","RC","C1713","HCPCS","","","facility","both","","","","965.55","965.55","","","","","","","","","","","","","Gross Charge Type: Main Acute Price List"
"SCREW, CANC 4.0X40MM","ScanWmSup65923","CDM","278","RC","C1713","HCPCS","","","facility","both","","","","224.22","224.22","","","","","","","","","","","","","Gross Charge Type: Main Acute Price List"
"SCREW, CANC 4.0X44MM","ScorWmSup116389","CDM","278","RC","C1713","HCPCS","","","facility","both","","","","224.22","224.22","","","","","","","","","","","","","Gross Charge Type: Main Acute Price List"
"SCREW, CANC 4.0X65MM","GyscChSup109677","CDM","278","RC","C1713","HCPCS","","","facility","both","","","","199.84","199.84","","","","","","","","","","","","","Gross Charge Type: Main Acute Price List"
"SCREW, CANC 4.0X70MM","AngiWmSup109678","CDM","278","RC","C1713","HCPCS","","","facility","both","","","","210.83","210.83","","","","","","","","","","","","","Gross Charge Type: Main Acute Price List"
"SCREW, CANC 4.5X12MM","GyscChSup7103","CDM","278","RC","","","","","facility","both","","","","579.19","579.19","","","","","","","","","","","","","Gross Charge Type: Main Acute Price List"
"SCREW, CANC 4.5X12MM","Wilm547103x","CDM","278","RC","","","","","facility","both","","","","579.19","579.19","","","","","","","","","","","","","Gross Charge Type: Main Acute Price List"
"SCREW, CANC 4.5X16MM","GastWmSup7104","CDM","278","RC","","","","","facility","both","","","","579.19","579.19","","","","","","","","","","","","","Gross Charge Type: Main Acute Price List"
"SCREW, CANC 4.5X16MM","ScorWmSup7104","CDM","278","RC","","","","","facility","both","","","","579.19","579.19","","","","","","","","","","","","","Gross Charge Type: Main Acute Price List"
"SCREW, CANC 4.5X60MM","ScorWmSup96891","CDM","278","RC","C1713","HCPCS","","","facility","both","","","","995.64","995.64","","","","","","","","","","","","","Gross Charge Type: Main Acute Price List"
"SCREW, CANC 4.5X72MM","PacuChSup105849","CDM","278","RC","C1713","HCPCS","","","facility","both","","","","995.64","995.64","","","","","","","","","","","","","Gross Charge Type: Main Acute Price List"
"SCREW, CANC 6X60MM  32MM T/L","ScorChSup46389","CDM","278","RC","C1713","HCPCS","","","facility","both","","","","199.48","199.48","","","","","","","","","","","","","Gross Charge Type: Main Acute Price List"
"SCREW, CANC FULLY 6.5X80MM","DelrChSup7936","CDM","278","RC","C1713","HCPCS","","","facility","both","","","","138.66","138.66","","","","","","","","","","","","","Gross Charge Type: Main Acute Price List"
"SCREW, CANC FULLY THREADED SS 3.0X12MM","CspuChSup67898","CDM","278","RC","C1713","HCPCS","","","facility","both","","","","234.25","234.25","","","","","","","","","","","","","Gross Charge Type: Main Acute Price List"
"SCREW, CANC FULLY THREADED SS 3.0X12MM","PacuWmSup67898","CDM","278","RC","C1713","HCPCS","","","facility","both","","","","234.25","234.25","","","","","","","","","","","","","Gross Charge Type: Main Acute Price List"
"SCREW, CANC FULLY THREADED SS 3.0X18MM","PacuChSup75022","CDM","278","RC","C1713","HCPCS","","","facility","both","","","","234.25","234.25","","","","","","","","","","","","","Gross Charge Type: Main Acute Price List"
"SCREW, CANC FULLY THREADED SS 3.0X22MM","CLDRChSup79361","CDM","278","RC","C1713","HCPCS","","","facility","both","","","","234.25","234.25","","","","","","","","","","","","","Gross Charge Type: Main Acute Price List"
"SCREW, CANC FULLY THREADED SS 3.0X26MM","CspuChSup77742","CDM","278","RC","C1713","HCPCS","","","facility","both","","","","234.25","234.25","","","","","","","","","","","","","Gross Charge Type: Main Acute Price List"
"SCREW, CANC LNG THD 4.0X26MM","PacuChSup102402","CDM","278","RC","C1713","HCPCS","","","facility","both","","","","982.61","982.61","","","","","","","","","","","","","Gross Charge Type: Main Acute Price List"
"SCREW, CANC LNG THD 4.0X26MM","ScanChSup102402","CDM","278","RC","C1713","HCPCS","","","facility","both","","","","982.61","982.61","","","","","","","","","","","","","Gross Charge Type: Main Acute Price List"
"SCREW, CANC LNG THD 4.0X28MM","Chrs54102403","CDM","278","RC","C1713","HCPCS","","","facility","both","","","","1045","1045","","","","","","","","","","","","","Gross Charge Type: Main Acute Price List"
"SCREW, CANC LNG THD 4.0X30MM","GastWmSup102404","CDM","278","RC","C1713","HCPCS","","","facility","both","","","","982.61","982.61","","","","","","","","","","","","","Gross Charge Type: Main Acute Price List"
"SCREW, CANC LNG THD 4.0X30MM","ScanWmSup102404","CDM","278","RC","C1713","HCPCS","","","facility","both","","","","982.61","982.61","","","","","","","","","","","","","Gross Charge Type: Main Acute Price List"
"SCREW, CANC LNG THD 4.0X36MM","GastChSup102407","CDM","278","RC","C1713","HCPCS","","","facility","both","","","","1045","1045","","","","","","","","","","","","","Gross Charge Type: Main Acute Price List"
"SCREW, CANC LNG THD 4.0X38MM","OperChSup102408","CDM","278","RC","C1713","HCPCS","","","facility","both","","","","1045","1045","","","","","","","","","","","","","Gross Charge Type: Main Acute Price List"
"SCREW, CANC LNG THD 4.0X38MM","PacuChSup102408","CDM","278","RC","C1713","HCPCS","","","facility","both","","","","1045","1045","","","","","","","","","","","","","Gross Charge Type: Main Acute Price List"
"SCREW, CANC LNG THD 4.0X38MM","Wilm54102408","CDM","278","RC","C1713","HCPCS","","","facility","both","","","","1045","1045","","","","","","","","","","","","","Gross Charge Type: Main Acute Price List"
"SCREW, CANC LNG THD 4.0X50MM","CcthChSup102414","CDM","278","RC","C1713","HCPCS","","","facility","both","","","","1045","1045","","","","","","","","","","","","","Gross Charge Type: Main Acute Price List"
"SCREW, CANC LNG THD 4.0X50MM","GastChSup102414","CDM","278","RC","C1713","HCPCS","","","facility","both","","","","1045","1045","","","","","","","","","","","","","Gross Charge Type: Main Acute Price List"
"SCREW, CANC LOCK W/STARDRIVE 6.0X20MM","ScanChSup58044","CDM","278","RC","C1713","HCPCS","","","facility","both","","","","1447.99","1447.99","","","","","","","","","","","","","Gross Charge Type: Main Acute Price List"
"SCREW, CANC LOCK W/STARDRIVE 6.0X34MM","CcthChSup58050","CDM","278","RC","C1713","HCPCS","","","facility","both","","","","3164.73","3164.73","","","","","","","","","","","","","Gross Charge Type: Main Acute Price List"
"SCREW, CANC LONG THREAD 4.0X54MM","OperChSup39294","CDM","278","RC","C1713","HCPCS","","","facility","both","","","","1045","1045","","","","","","","","","","","","","Gross Charge Type: Main Acute Price List"
"SCREW, CANC LONG THREAD 4.0X72MM","Chrs3139298","CDM","278","RC","C1713","HCPCS","","","facility","both","","","","1045","1045","","","","","","","","","","","","","Gross Charge Type: Main Acute Price List"
"SCREW, CANC LONG THREAD 4.0X72MM","GyscChSup39298","CDM","278","RC","C1713","HCPCS","","","facility","both","","","","1045","1045","","","","","","","","","","","","","Gross Charge Type: Main Acute Price List"
"SCREW, CANC LONG THREAD 4.0X72MM","OperChSup39298","CDM","278","RC","C1713","HCPCS","","","facility","both","","","","1045","1045","","","","","","","","","","","","","Gross Charge Type: Main Acute Price List"
"SCREW, CANC LP SS 4.0X14MM","PacuWmSup69152","CDM","278","RC","C1713","HCPCS","","","facility","both","","","","220.26","220.26","","","","","","","","","","","","","Gross Charge Type: Main Acute Price List"
"SCREW, CANC LP SS 4.0X38MM","AnesWmSup115962","CDM","278","RC","C1713","HCPCS","","","facility","both","","","","220.26","220.26","","","","","","","","","","","","","Gross Charge Type: Main Acute Price List"
"SCREW, CANC LP SS 4.0X40MM","EplbChSup78078","CDM","278","RC","C1713","HCPCS","","","facility","both","","","","208.78","208.78","","","","","","","","","","","","","Gross Charge Type: Main Acute Price List"
"SCREW, CANC LP SS 4.0X40MM","GyscChSup78078","CDM","278","RC","C1713","HCPCS","","","facility","both","","","","208.78","208.78","","","","","","","","","","","","","Gross Charge Type: Main Acute Price List"
"SCREW, CANC LP SS 4.0X44MM","ScorWmSup115963","CDM","278","RC","C1713","HCPCS","","","facility","both","","","","220.26","220.26","","","","","","","","","","","","","Gross Charge Type: Main Acute Price List"
"SCREW, CANC LP SS 4.0X50MM","GastChSup107047","CDM","278","RC","C1713","HCPCS","","","facility","both","","","","234.25","234.25","","","","","","","","","","","","","Gross Charge Type: Main Acute Price List"
"SCREW, CANC LP SS 4.0X50MM","OperChSup107047","CDM","278","RC","C1713","HCPCS","","","facility","both","","","","234.25","234.25","","","","","","","","","","","","","Gross Charge Type: Main Acute Price List"
"SCREW, CANC LP SS 4.0X55MM","AnesChSup107048","CDM","278","RC","C1713","HCPCS","","","facility","both","","","","234.25","234.25","","","","","","","","","","","","","Gross Charge Type: Main Acute Price List"
"SCREW, CANC LP SS 4.0X55MM","OperWmSup107048","CDM","278","RC","C1713","HCPCS","","","facility","both","","","","234.25","234.25","","","","","","","","","","","","","Gross Charge Type: Main Acute Price List"
"SCREW, CANC P/THRED 4.0X14MM","ScanChSup6482","CDM","278","RC","C1713","HCPCS","","","facility","both","","","","109.3","109.3","","","","","","","","","","","","","Gross Charge Type: Main Acute Price List"
"SCREW, CANC P/THRED 4.0X18MM","ScpuWmSup6484","CDM","278","RC","C1713","HCPCS","","","facility","both","","","","116.24","116.24","","","","","","","","","","","","","Gross Charge Type: Main Acute Price List"
"SCREW, CANC P/THRED 4.0X24MM","Chrs546487","CDM","278","RC","C1713","HCPCS","","","facility","both","","","","109.3","109.3","","","","","","","","","","","","","Gross Charge Type: Main Acute Price List"
"SCREW, CANC P/THRED 4.0X24MM","EplbChSup6487","CDM","278","RC","C1713","HCPCS","","","facility","both","","","","109.3","109.3","","","","","","","","","","","","","Gross Charge Type: Main Acute Price List"
"SCREW, CANC P/THRED 4.0X45MM","OperWmSup6493","CDM","278","RC","C1713","HCPCS","","","facility","both","","","","116.24","116.24","","","","","","","","","","","","","Gross Charge Type: Main Acute Price List"
"SCREW, CANC P/THRED 4.0X50MM","ScorWmSup6494","CDM","278","RC","C1713","HCPCS","","","facility","both","","","","116.24","116.24","","","","","","","","","","","","","Gross Charge Type: Main Acute Price List"
"SCREW, CANC P/THRED 4.5X30MM","OperChSup92844","CDM","278","RC","C1713","HCPCS","","","facility","both","","","","995.64","995.64","","","","","","","","","","","","","Gross Charge Type: Main Acute Price List"
"SCREW, CANC P/THRED 4.5X38MM","ScanChSup83988","CDM","278","RC","C1713","HCPCS","","","facility","both","","","","995.64","995.64","","","","","","","","","","","","","Gross Charge Type: Main Acute Price List"
"SCREW, CANC P/THRED 4.5X38MM","ScanWmSup83988","CDM","278","RC","C1713","HCPCS","","","facility","both","","","","995.64","995.64","","","","","","","","","","","","","Gross Charge Type: Main Acute Price List"
"SCREW, CANC P/THRED 4.5X44MM","Chrs5487208","CDM","278","RC","C1713","HCPCS","","","facility","both","","","","995.64","995.64","","","","","","","","","","","","","Gross Charge Type: Main Acute Price List"
"SCREW, CANC P/THRED 4.5X46MM","GastChSup87209","CDM","278","RC","C1713","HCPCS","","","facility","both","","","","995.64","995.64","","","","","","","","","","","","","Gross Charge Type: Main Acute Price List"
"SCREW, CANC P/THRED 4.5X46MM","ScpuChSup87209","CDM","278","RC","C1713","HCPCS","","","facility","both","","","","995.64","995.64","","","","","","","","","","","","","Gross Charge Type: Main Acute Price List"
"SCREW, CANC P/THRED 4.5X48MM","PacuChSup92845","CDM","278","RC","C1713","HCPCS","","","facility","both","","","","995.64","995.64","","","","","","","","","","","","","Gross Charge Type: Main Acute Price List"
"SCREW, CANC P/THRED 4.5X50MM","AngiWmSup92846","CDM","278","RC","C1713","HCPCS","","","facility","both","","","","995.64","995.64","","","","","","","","","","","","","Gross Charge Type: Main Acute Price List"
"SCREW, CANC SHT THD 4.0X30MM","PacuWmSup102378","CDM","278","RC","C1713","HCPCS","","","facility","both","","","","1045","1045","","","","","","","","","","","","","Gross Charge Type: Main Acute Price List"
"SCREW, CANC SHT THD 4.0X36MM","ScanWmSup102383","CDM","278","RC","C1713","HCPCS","","","facility","both","","","","1045","1045","","","","","","","","","","","","","Gross Charge Type: Main Acute Price List"
"SCREW, CANC SHT THD 4.0X36MM","ScpuWmSup102383","CDM","278","RC","C1713","HCPCS","","","facility","both","","","","1045","1045","","","","","","","","","","","","","Gross Charge Type: Main Acute Price List"
"SCREW, CANC SHT THD 4.0X44MM","GyscChSup102390","CDM","278","RC","C1713","HCPCS","","","facility","both","","","","1045","1045","","","","","","","","","","","","","Gross Charge Type: Main Acute Price List"
"SCREW, CANC SHT THD 4.0X44MM","ScanWmSup102390","CDM","278","RC","C1713","HCPCS","","","facility","both","","","","1045","1045","","","","","","","","","","","","","Gross Charge Type: Main Acute Price List"
"SCREW, CANC SHT THD 4.0X48MM","EplbChSup102392","CDM","278","RC","C1713","HCPCS","","","facility","both","","","","1045","1045","","","","","","","","","","","","","Gross Charge Type: Main Acute Price List"
"SCREW, CANC THD 7.3X16X105MM","AngiWmSup102807","CDM","278","RC","C1713","HCPCS","","","facility","both","","","","1355.44","1355.44","","","","","","","","","","","","","Gross Charge Type: Main Acute Price List"
"SCREW, CANC THD 7.3X16X125MM","CcthChSup104133","CDM","278","RC","C1713","HCPCS","","","facility","both","","","","1274.51","1274.51","","","","","","","","","","","","","Gross Charge Type: Main Acute Price List"
"SCREW, CANC THD 7.3X16X125MM","ScanWmSup104133","CDM","278","RC","C1713","HCPCS","","","facility","both","","","","1274.51","1274.51","","","","","","","","","","","","","Gross Charge Type: Main Acute Price List"
"SCREW, CANC THD 7.3X16X125MM","Wilm54104133","CDM","278","RC","C1713","HCPCS","","","facility","both","","","","1274.51","1274.51","","","","","","","","","","","","","Gross Charge Type: Main Acute Price List"
"SCREW, CANC THD 7.3X16X80MM","OperWmSup102802","CDM","278","RC","C1713","HCPCS","","","facility","both","","","","1355.44","1355.44","","","","","","","","","","","","","Gross Charge Type: Main Acute Price List"
"SCREW, CANC THD 7.3X32X110MM","GastChSup102824","CDM","278","RC","C1713","HCPCS","","","facility","both","","","","1355.44","1355.44","","","","","","","","","","","","","Gross Charge Type: Main Acute Price List"
"SCREW, CANC THD 7.3X32X120MM","OperChSup102826","CDM","278","RC","C1713","HCPCS","","","facility","both","","","","1355.44","1355.44","","","","","","","","","","","","","Gross Charge Type: Main Acute Price List"
"SCREW, CANC THD 7.3X32X45MM","AngiChSup103173","CDM","278","RC","C1713","HCPCS","","","facility","both","","","","1355.44","1355.44","","","","","","","","","","","","","Gross Charge Type: Main Acute Price List"
"SCREW, CANC THD 7.3X32X50MM","AngiChSup102812","CDM","278","RC","C1713","HCPCS","","","facility","both","","","","1539.45","1539.45","","","","","","","","","","","","","Gross Charge Type: Main Acute Price List"
"SCREW, CANC THD 7.3X32X75MM","ScorChSup102817","CDM","278","RC","C1713","HCPCS","","","facility","both","","","","1355.44","1355.44","","","","","","","","","","","","","Gross Charge Type: Main Acute Price List"
"SCREW, CANC THD 7.3X32X85MM","GyscChSup102819","CDM","278","RC","C1713","HCPCS","","","facility","both","","","","1355.44","1355.44","","","","","","","","","","","","","Gross Charge Type: Main Acute Price List"
"SCREW, CANC THD 7.3X32X85MM","OperChSup102819","CDM","278","RC","C1713","HCPCS","","","facility","both","","","","1355.44","1355.44","","","","","","","","","","","","","Gross Charge Type: Main Acute Price List"
"SCREW, CANC THD 7.3X32X90MM","ScpuChSup102820","CDM","278","RC","C1713","HCPCS","","","facility","both","","","","1355.44","1355.44","","","","","","","","","","","","","Gross Charge Type: Main Acute Price List"
"SCREW, CANC THRED 6.5X32X65MM","AngiWmSup6711","CDM","278","RC","C1713","HCPCS","","","facility","both","","","","209.72","209.72","","","","","","","","","","","","","Gross Charge Type: Main Acute Price List"
"SCREW, CANC THRED 6.5X32X90MM","AngiChSup6716","CDM","278","RC","C1713","HCPCS","","","facility","both","","","","227.45","227.45","","","","","","","","","","","","","Gross Charge Type: Main Acute Price List"
"SCREW, CANC THRED 6.5X32X90MM","OperChSup6716","CDM","278","RC","C1713","HCPCS","","","facility","both","","","","227.45","227.45","","","","","","","","","","","","","Gross Charge Type: Main Acute Price List"
"SCREW, CANC TI EXP HEAD 4.0X12MM","ScpuChSup7101","CDM","278","RC","","","","","facility","both","","","","579.19","579.19","","","","","","","","","","","","","Gross Charge Type: Main Acute Price List"
"SCREW, CANCELLOUS 4.0 X 34MM","AnesChSup118072","CDM","278","RC","C1713","HCPCS","","","facility","both","","","","220.26","220.26","","","","","","","","","","","","","Gross Charge Type: Main Acute Price List"
"SCREW, CANCELLOUS 4.0 X 34MM","DelrChSup118072","CDM","278","RC","C1713","HCPCS","","","facility","both","","","","220.26","220.26","","","","","","","","","","","","","Gross Charge Type: Main Acute Price List"
"SCREW, CANCELLOUS 4.0 X 60MM","CcthChSup118073","CDM","278","RC","C1713","HCPCS","","","facility","both","","","","220.26","220.26","","","","","","","","","","","","","Gross Charge Type: Main Acute Price List"
"SCREW, CANCELLOUS 4.0X22MM","ScorWmSup122003","CDM","278","RC","C1713","HCPCS","","","facility","both","","","","224.27","224.27","","","","","","","","","","","","","Gross Charge Type: Main Acute Price List"
"SCREW, CANCELLOUS 4.0X48MM","GyscChSup117591","CDM","278","RC","C1713","HCPCS","","","facility","both","","","","376.48","376.48","","","","","","","","","","","","","Gross Charge Type: Main Acute Price List"
"SCREW, CANCELLOUS 5.5X60MM","DelrChSup111867","CDM","278","RC","C1713","HCPCS","","","facility","both","","","","461.98","461.98","","","","","","","","","","","","","Gross Charge Type: Main Acute Price List"
"SCREW, CANCELLOUS 5.5X60MM","GastWmSup111867","CDM","278","RC","C1713","HCPCS","","","facility","both","","","","461.98","461.98","","","","","","","","","","","","","Gross Charge Type: Main Acute Price List"
"SCREW, CANCELLOUS 6.0X75MM","GastChSup107322","CDM","278","RC","C1713","HCPCS","","","facility","both","","","","246.96","246.96","","","","","","","","","","","","","Gross Charge Type: Main Acute Price List"
"SCREW, CANCELLOUS 6.5X28MM - 47998","ScorWmSup47998","CDM","278","RC","C1713","HCPCS","","","facility","both","","","","384.3","384.3","","","","","","","","","","","","","Gross Charge Type: Main Acute Price List"
"SCREW, CANCELLOUS BONE 6.5MMX8MM","GyscChSup115538","CDM","278","RC","C1713","HCPCS","","","facility","both","","","","790.27","790.27","","","","","","","","","","","","","Gross Charge Type: Main Acute Price List"
"SCREW, CANCELLOUS BONE 6.5MMX8MM","PacuChSup115538","CDM","278","RC","C1713","HCPCS","","","facility","both","","","","790.27","790.27","","","","","","","","","","","","","Gross Charge Type: Main Acute Price List"
"SCREW, CANCELLOUS EVOLVE EPS 3.5X50MM","AnesChSup117178","CDM","278","RC","C1713","HCPCS","","","facility","both","","","","810.87","810.87","","","","","","","","","","","","","Gross Charge Type: Main Acute Price List"
"SCREW, CANCELLOUS FULLY-THREADED 4.0X12MM","AngiWmSup117297","CDM","278","RC","C1713","HCPCS","","","facility","both","","","","831.56","831.56","","","","","","","","","","","","","Gross Charge Type: Main Acute Price List"
"SCREW, CANCELLOUS FULLY-THREADED 4.0X14MM","AngiChSup116202","CDM","278","RC","C1713","HCPCS","","","facility","both","","","","831.56","831.56","","","","","","","","","","","","","Gross Charge Type: Main Acute Price List"
"SCREW, CANCELLOUS LOCKING 4.0MMX30MM","DelrChSup117156","CDM","278","RC","C1713","HCPCS","","","facility","both","","","","1788.27","1788.27","","","","","","","","","","","","","Gross Charge Type: Main Acute Price List"
"SCREW, CANCELLOUS LOCKING 4.0MMX32MM","ScpuWmSup117157","CDM","278","RC","C1713","HCPCS","","","facility","both","","","","1901.83","1901.83","","","","","","","","","","","","","Gross Charge Type: Main Acute Price List"
"SCREW, CANCELLOUS LOCKING 4.0MMX36MM","AnesChSup117169","CDM","278","RC","C1713","HCPCS","","","facility","both","","","","1901.83","1901.83","","","","","","","","","","","","","Gross Charge Type: Main Acute Price List"
"SCREW, CANCELLOUS LOCKING 4.0MMX36MM","CspuChSup117169","CDM","278","RC","C1713","HCPCS","","","facility","both","","","","1901.83","1901.83","","","","","","","","","","","","","Gross Charge Type: Main Acute Price List"
"SCREW, CANCELLOUS LOCKING 4.0MMX38MM","AnesChSup117168","CDM","278","RC","C1713","HCPCS","","","facility","both","","","","1901.83","1901.83","","","","","","","","","","","","","Gross Charge Type: Main Acute Price List"
"SCREW, CANCELLOUS LOCKING 4.0MMX40MM","PacuChSup117158","CDM","278","RC","C1713","HCPCS","","","facility","both","","","","1901.83","1901.83","","","","","","","","","","","","","Gross Charge Type: Main Acute Price List"
"SCREW, CANCELLOUS LOCKING 4.0MMX46MM","ScanChSup119967","CDM","278","RC","C1713","HCPCS","","","facility","both","","","","1788.27","1788.27","","","","","","","","","","","","","Gross Charge Type: Main Acute Price List"
"SCREW, CANCELLOUS LOCKING 4.0X28MM","AnesChSup117599","CDM","278","RC","C1713","HCPCS","","","facility","both","","","","1901.83","1901.83","","","","","","","","","","","","","Gross Charge Type: Main Acute Price List"
"SCREW, CANCELLOUS SCREW FULL 4.0X50MM ORTHOLOC SYSTEM","GastChSup118433","CDM","278","RC","C1713","HCPCS","","","facility","both","","","","781.91","781.91","","","","","","","","","","","","","Gross Charge Type: Main Acute Price List"
"SCREW, CANCELLOUS TI 4.0X55MM","AngiChSup119117","CDM","278","RC","C1713","HCPCS","","","facility","both","","","","210.83","210.83","","","","","","","","","","","","","Gross Charge Type: Main Acute Price List"
"SCREW, CANCELLOUS TI 4.0X55MM","ScanWmSup119117","CDM","278","RC","C1713","HCPCS","","","facility","both","","","","210.83","210.83","","","","","","","","","","","","","Gross Charge Type: Main Acute Price List"
"SCREW, CANCELLOUS TI FT 4.0X32MM","OperWmSup10180707","CDM","278","RC","C1713","HCPCS","","","facility","both","","","","224.27","224.27","","","","","","","","","","","","","Gross Charge Type: Main Acute Price List"
"SCREW, CANCELLOUS TI FT 4.0X34MM","ScorWmSup10180708","CDM","278","RC","C1713","HCPCS","","","facility","both","","","","224.27","224.27","","","","","","","","","","","","","Gross Charge Type: Main Acute Price List"
"SCREW, CANCELLOUS TI FULL THREAD 6.0X60MM","GyscChSup107359","CDM","278","RC","C1713","HCPCS","","","facility","both","","","","262.64","262.64","","","","","","","","","","","","","Gross Charge Type: Main Acute Price List"
"SCREW, CANCELLOUS TI FULL THREAD 6.5X80MM","ScorWmSup78464","CDM","278","RC","C1713","HCPCS","","","facility","both","","","","246.96","246.96","","","","","","","","","","","","","Gross Charge Type: Main Acute Price List"
"SCREW, CANCELLOUS TI PT 6.0X95MM","CcthChSup107360","CDM","278","RC","C1713","HCPCS","","","facility","both","","","","246.96","246.96","","","","","","","","","","","","","Gross Charge Type: Main Acute Price List"
"SCREW, CANCELLOUS TI PT 6.0X95MM","ScpuChSup107360","CDM","278","RC","C1713","HCPCS","","","facility","both","","","","246.96","246.96","","","","","","","","","","","","","Gross Charge Type: Main Acute Price List"
"SCREW, CANN ASNIS III 8.0X180MM","ScpuWmSup115146","CDM","278","RC","C1713","HCPCS","","","facility","both","","","","1382.29","1382.29","","","","","","","","","","","","","Gross Charge Type: Main Acute Price List"
"SCREW, CANN ASNIS III FULL THRD TI 4X38MM NON-STRL","AngiWmSup116145","CDM","278","RC","C1713","HCPCS","","","facility","both","","","","943.16","943.16","","","","","","","","","","","","","Gross Charge Type: Main Acute Price List"
"SCREW, CANN ASNIS III FULL THRD TI 4X50MM NON STERILE","ScorWmSup119578","CDM","278","RC","C1713","HCPCS","","","facility","both","","","","943.16","943.16","","","","","","","","","","","","","Gross Charge Type: Main Acute Price List"
"SCREW, CANN ASNIS III PART THRD TI 4X28MM","OperChSup46296","CDM","278","RC","C1713","HCPCS","","","facility","both","","","","1003.05","1003.05","","","","","","","","","","","","","Gross Charge Type: Main Acute Price List"
"SCREW, CANN ASNIS III PART THRD TI 4X28MM","ScanWmSup46296","CDM","278","RC","C1713","HCPCS","","","facility","both","","","","1003.05","1003.05","","","","","","","","","","","","","Gross Charge Type: Main Acute Price List"
"SCREW, CANN ASNIS III PART THRD TI 4X30MM NON STERILE","OperChSup119781","CDM","278","RC","C1713","HCPCS","","","facility","both","","","","943.16","943.16","","","","","","","","","","","","","Gross Charge Type: Main Acute Price List"
"SCREW, CANN ASNIS III PART THRD TI 4X30MM","CspuChSup46297","CDM","278","RC","C1713","HCPCS","","","facility","both","","","","1003.05","1003.05","","","","","","","","","","","","","Gross Charge Type: Main Acute Price List"
"SCREW, CANN ASNIS III PART THRD TI 4X32MM (NON STERILE)","ScorChSup119347","CDM","278","RC","C1713","HCPCS","","","facility","both","","","","1003.05","1003.05","","","","","","","","","","","","","Gross Charge Type: Main Acute Price List"
"SCREW, CANN ASNIS III PART THRD TI 4X48MM","AnesChSup46306","CDM","278","RC","C1713","HCPCS","","","facility","both","","","","943.16","943.16","","","","","","","","","","","","","Gross Charge Type: Main Acute Price List"
"SCREW, CANN ASNIS III PART THRD TI 4X50MM NON STRL","ScorWmSup115406","CDM","278","RC","C1713","HCPCS","","","facility","both","","","","942.76","942.76","","","","","","","","","","","","","Gross Charge Type: Main Acute Price List"
"SCREW, CANN ASNIS III PART THRD TI 4X50MM","PacuWmSup46307","CDM","278","RC","C1713","HCPCS","","","facility","both","","","","1003.05","1003.05","","","","","","","","","","","","","Gross Charge Type: Main Acute Price List"
"SCREW, CANN ASNIS III PART THRD TI 4X50MM","ScorChSup46307","CDM","278","RC","C1713","HCPCS","","","facility","both","","","","1003.05","1003.05","","","","","","","","","","","","","Gross Charge Type: Main Acute Price List"
"SCREW, CANN ASNIS III PART THRD TI 4X50MM","ScorWmSup46307","CDM","278","RC","C1713","HCPCS","","","facility","both","","","","1003.05","1003.05","","","","","","","","","","","","","Gross Charge Type: Main Acute Price List"
"SCREW, CANN ASNIS III PART THRD TI 4X70MM NON STRL","AnesWmSup116388","CDM","278","RC","C1713","HCPCS","","","facility","both","","","","1003.05","1003.05","","","","","","","","","","","","","Gross Charge Type: Main Acute Price List"
"SCREW, CANN ASNIS III SS  4X42MM","EplbChSup42007","CDM","278","RC","C1713","HCPCS","","","facility","both","","","","1000.22","1000.22","","","","","","","","","","","","","Gross Charge Type: Main Acute Price List"
"SCREW, CANN ASNIS III SS  8.0X100MM 25MM THRD","ScorChSup46360","CDM","278","RC","C1713","HCPCS","","","facility","both","","","","1470.69","1470.69","","","","","","","","","","","","","Gross Charge Type: Main Acute Price List"
"SCREW, CANN ASNIS III SS  8.0X80MM 25MM THRD","PacuWmSup46356","CDM","278","RC","C1713","HCPCS","","","facility","both","","","","1564.08","1564.08","","","","","","","","","","","","","Gross Charge Type: Main Acute Price List"
"SCREW, CANN ASNIS III SS  8.0X85MM 25MM THRD","AngiWmSup46357","CDM","278","RC","C1713","HCPCS","","","facility","both","","","","1470.69","1470.69","","","","","","","","","","","","","Gross Charge Type: Main Acute Price List"
"SCREW, CANN ASNIS III SS  8.0X90MM 25MM THRD","ScorWmSup46358","CDM","278","RC","C1713","HCPCS","","","facility","both","","","","1470.69","1470.69","","","","","","","","","","","","","Gross Charge Type: Main Acute Price List"
"SCREW, CANN ASNIS III SS  8.0X95MM 25MM THRD","ScpuWmSup46359","CDM","278","RC","C1713","HCPCS","","","facility","both","","","","1470.69","1470.69","","","","","","","","","","","","","Gross Charge Type: Main Acute Price List"
"SCREW, CANN ASNIS III SS 6.5X100MM","ScpuChSup42041","CDM","278","RC","C1713","HCPCS","","","facility","both","","","","1470.69","1470.69","","","","","","","","","","","","","Gross Charge Type: Main Acute Price List"
"SCREW, CANN ASNIS III SS 6.5X70MM","AngiWmSup42035","CDM","278","RC","C1713","HCPCS","","","facility","both","","","","1564.08","1564.08","","","","","","","","","","","","","Gross Charge Type: Main Acute Price List"
"SCREW, CANN ASNIS III SS 6.5X75MM","ScpuChSup42036","CDM","278","RC","C1713","HCPCS","","","facility","both","","","","1564.08","1564.08","","","","","","","","","","","","","Gross Charge Type: Main Acute Price List"
"SCREW, CANN ASNIS III SS 6.5X90MM","GyscChSup42039","CDM","278","RC","C1713","HCPCS","","","facility","both","","","","1564.08","1564.08","","","","","","","","","","","","","Gross Charge Type: Main Acute Price List"
"SCREW, CANN ASNIS III SS 6.5X90MM","ScanChSup42039","CDM","278","RC","C1713","HCPCS","","","facility","both","","","","1564.08","1564.08","","","","","","","","","","","","","Gross Charge Type: Main Acute Price List"
"SCREW, CANN ASNIS III SS 8.0X75MM","ScanWmSup46564","CDM","278","RC","C1713","HCPCS","","","facility","both","","","","1470.69","1470.69","","","","","","","","","","","","","Gross Charge Type: Main Acute Price List"
"SCREW, CANN ASNIS III SS, CN 6X70MM 40MM THRD","Wilm5446337","CDM","278","RC","C1713","HCPCS","","","facility","both","","","","1470.69","1470.69","","","","","","","","","","","","","Gross Charge Type: Main Acute Price List"
"SCREW, CANN ASNIS III TI 5X40MM NON-STRL","CcthChSup73969","CDM","278","RC","C1713","HCPCS","","","facility","both","","","","1036.41","1036.41","","","","","","","","","","","","","Gross Charge Type: Main Acute Price List"
"SCREW, CANN ASNIS III TI 5X42MM STRL","GastWmSup75359","CDM","278","RC","C1713","HCPCS","","","facility","both","","","","982.38","982.38","","","","","","","","","","","","","Gross Charge Type: Main Acute Price List"
"SCREW, CANN ASNIS III TI 5X65MM STRL","PacuChSup75358","CDM","278","RC","C1713","HCPCS","","","facility","both","","","","1102.22","1102.22","","","","","","","","","","","","","Gross Charge Type: Main Acute Price List"
"SCREW, CANN ASNIS MICRO 2.0MM 12/5MM","ScorWmSup63386","CDM","278","RC","C1713","HCPCS","","","facility","both","","","","1397.03","1397.03","","","","","","","","","","","","","Gross Charge Type: Main Acute Price List"
"SCREW, CANN ASNIS MICRO 2.0MM 14/6MM","ScorWmSup59125","CDM","278","RC","C1713","HCPCS","","","facility","both","","","","1313.61","1313.61","","","","","","","","","","","","","Gross Charge Type: Main Acute Price List"
"SCREW, CANN ASNIS MICRO 3.0MM 12/4MM","ScorChSup107148","CDM","278","RC","C1713","HCPCS","","","facility","both","","","","1313.61","1313.61","","","","","","","","","","","","","Gross Charge Type: Main Acute Price List"
"SCREW, CANN ASNIS MICRO 3.0MM 16/4MM","ScorChSup55602","CDM","278","RC","C1713","HCPCS","","","facility","both","","","","1313.61","1313.61","","","","","","","","","","","","","Gross Charge Type: Main Acute Price List"
"SCREW, CANN ASNIS MICRO 3.0MM 16/4MM","ScorWmSup55602","CDM","278","RC","C1713","HCPCS","","","facility","both","","","","1313.61","1313.61","","","","","","","","","","","","","Gross Charge Type: Main Acute Price List"
"SCREW, CANN ASNIS MICRO 3.0MM 18/5MM","GastWmSup55599","CDM","278","RC","C1713","HCPCS","","","facility","both","","","","1313.61","1313.61","","","","","","","","","","","","","Gross Charge Type: Main Acute Price List"
"SCREW, CANN ASNIS MICRO 3.0MM 18/5MM","PacuChSup55599","CDM","278","RC","C1713","HCPCS","","","facility","both","","","","1313.61","1313.61","","","","","","","","","","","","","Gross Charge Type: Main Acute Price List"
"SCREW, CANN ASNIS MICRO 3.0MM 20/5MM","CcthChSup55603","CDM","278","RC","C1713","HCPCS","","","facility","both","","","","1397.03","1397.03","","","","","","","","","","","","","Gross Charge Type: Main Acute Price List"
"SCREW, CANN ASNIS MICRO 3.0MM 20/5MM","ScanWmSup55603","CDM","278","RC","C1713","HCPCS","","","facility","both","","","","1397.03","1397.03","","","","","","","","","","","","","Gross Charge Type: Main Acute Price List"
"SCREW, CANN ASNIS MICRO 3.0MM 20/5MM","ScpuWmSup55603","CDM","278","RC","C1713","HCPCS","","","facility","both","","","","1397.03","1397.03","","","","","","","","","","","","","Gross Charge Type: Main Acute Price List"
"SCREW, CANN ASNIS MICRO 3.0MM 40/8MM","GastChSup106378","CDM","278","RC","C1713","HCPCS","","","facility","both","","","","1397.03","1397.03","","","","","","","","","","","","","Gross Charge Type: Main Acute Price List"
"SCREW, CANN CORTICAL 4.0X42MM","GastChSup66122","CDM","278","RC","","","","","facility","both","","","","907.89","907.89","","","","","","","","","","","","","Gross Charge Type: Main Acute Price List"
"SCREW, CANN CORTICAL 4.0X42MM","ScanChSup66122","CDM","278","RC","","","","","facility","both","","","","907.89","907.89","","","","","","","","","","","","","Gross Charge Type: Main Acute Price List"
"SCREW, CANN ES2 LONG BLADE 5.5X45MM","GastChSup54752","CDM","278","RC","","","","","facility","both","","","","5212.76","5212.76","","","","","","","","","","","","","Gross Charge Type: Main Acute Price List"
"SCREW, CANN ES2 LONG BLADE 5.5X50MM","GastWmSup54753","CDM","278","RC","","","","","facility","both","","","","5212.76","5212.76","","","","","","","","","","","","","Gross Charge Type: Main Acute Price List"
"SCREW, CANN ES2 LONG BLADE 5.5X50MM","OperChSup54753","CDM","278","RC","","","","","facility","both","","","","5212.76","5212.76","","","","","","","","","","","","","Gross Charge Type: Main Acute Price List"
"SCREW, CANN HEADED 4.0X42MM","ScanWmSup118709","CDM","278","RC","C1713","HCPCS","","","facility","both","","","","1158.39","1158.39","","","","","","","","","","","","","Gross Charge Type: Main Acute Price List"
"SCREW, CANN HEADED 4.0X50MM","CspuChSup118823","CDM","278","RC","C1713","HCPCS","","","facility","both","","","","1231.94","1231.94","","","","","","","","","","","","","Gross Charge Type: Main Acute Price List"
"SCREW, CANN HEADED 4.0X50MM","DelrChSup118823","CDM","278","RC","C1713","HCPCS","","","facility","both","","","","1231.94","1231.94","","","","","","","","","","","","","Gross Charge Type: Main Acute Price List"
"SCREW, CANN HEADED 4.0X60MM","GastChSup118822","CDM","278","RC","C1713","HCPCS","","","facility","both","","","","1231.94","1231.94","","","","","","","","","","","","","Gross Charge Type: Main Acute Price List"
"SCREW, CANN LAG LP FT 6.7X65MM","OperWmSup112177","CDM","278","RC","C1713","HCPCS","","","facility","both","","","","1569.9","1569.9","","","","","","","","","","","","","Gross Charge Type: Main Acute Price List"
"SCREW, CANN LAG LP FT 6.7X75MM","PacuChSup112178","CDM","278","RC","C1713","HCPCS","","","facility","both","","","","1569.9","1569.9","","","","","","","","","","","","","Gross Charge Type: Main Acute Price List"
"SCREW, CANN LAG LP FT 6.7X75MM","ScpuChSup112178","CDM","278","RC","C1713","HCPCS","","","facility","both","","","","1569.9","1569.9","","","","","","","","","","","","","Gross Charge Type: Main Acute Price List"
"SCREW, CANN LAG LP FT 6.7X80MM","PacuChSup113263","CDM","278","RC","C1713","HCPCS","","","facility","both","","","","1569.9","1569.9","","","","","","","","","","","","","Gross Charge Type: Main Acute Price List"
"SCREW, CANN LAG LP FULLY THRDED 6.7X50MM","ScorWmSup77725","CDM","278","RC","C1713","HCPCS","","","facility","both","","","","1569.9","1569.9","","","","","","","","","","","","","Gross Charge Type: Main Acute Price List"
"SCREW, CANN LAG LP TI 6.7X95MM","PacuChSup69652","CDM","278","RC","C1713","HCPCS","","","facility","both","","","","1669.59","1669.59","","","","","","","","","","","","","Gross Charge Type: Main Acute Price List"
"SCREW, CANN LAG LP TI 6.7X95MM","ScpuWmSup69652","CDM","278","RC","C1713","HCPCS","","","facility","both","","","","1669.59","1669.59","","","","","","","","","","","","","Gross Charge Type: Main Acute Price List"
"SCREW, CANN LP SS LONG THREAD 4.0X34MM","PacuWmSup113056","CDM","278","RC","C1713","HCPCS","","","facility","both","","","","1101.06","1101.06","","","","","","","","","","","","","Gross Charge Type: Main Acute Price List"
"SCREW, CANN LP SS LONG THREAD 4.0X46MM","EplbChSup78287","CDM","278","RC","C1713","HCPCS","","","facility","both","","","","786.8","786.8","","","","","","","","","","","","","Gross Charge Type: Main Acute Price List"
"SCREW, CANN LP SS LONG THREAD 4.0X48MM","OperWmSup115251","CDM","278","RC","C1713","HCPCS","","","facility","both","","","","955.26","955.26","","","","","","","","","","","","","Gross Charge Type: Main Acute Price List"
"SCREW, CANN LP SS LONG THREAD 4.0X50MM","Wilm3165724","CDM","278","RC","C1713","HCPCS","","","facility","both","","","","1101.06","1101.06","","","","","","","","","","","","","Gross Charge Type: Main Acute Price List"
"SCREW, CANN LP SS LONG THREAD 4.0X55MM","ScorChSup115516","CDM","278","RC","C1713","HCPCS","","","facility","both","","","","898.23","898.23","","","","","","","","","","","","","Gross Charge Type: Main Acute Price List"
"SCREW, CANN LP SS SHORT THREAD 4.0X34MM","CLDRChSup78402","CDM","278","RC","C1713","HCPCS","","","facility","both","","","","1101.06","1101.06","","","","","","","","","","","","","Gross Charge Type: Main Acute Price List"
"SCREW, CANN LP SS SHORT THREAD 4.0X46MM","CcthChSup116167","CDM","278","RC","C1713","HCPCS","","","facility","both","","","","1101.06","1101.06","","","","","","","","","","","","","Gross Charge Type: Main Acute Price List"
"SCREW, CANN LP TI 4.5X60MM","DelrChSup70561","CDM","278","RC","C1713","HCPCS","","","facility","both","","","","1169.12","1169.12","","","","","","","","","","","","","Gross Charge Type: Main Acute Price List"
"SCREW, CANN MICRO ASNIS 2.0X18/5MM","Wilm5460989","CDM","278","RC","C1713","HCPCS","","","facility","both","","","","1313.61","1313.61","","","","","","","","","","","","","Gross Charge Type: Main Acute Price List"
"SCREW, CANN PART THRD ASNIS III SS 4X34MM","CcthChSup42003","CDM","278","RC","C1713","HCPCS","","","facility","both","","","","940.5","940.5","","","","","","","","","","","","","Gross Charge Type: Main Acute Price List"
"SCREW, CANN PARTIAL THREAD 3.75X30MM","GyscChSup71982","CDM","278","RC","C1713","HCPCS","","","facility","both","","","","1257.43","1257.43","","","","","","","","","","","","","Gross Charge Type: Main Acute Price List"
"SCREW, CANN PARTIAL THREAD 3.75X32MM","Wilm3162874","CDM","278","RC","C1713","HCPCS","","","facility","both","","","","1337.28","1337.28","","","","","","","","","","","","","Gross Charge Type: Main Acute Price List"
"SCREW, CANN QUICKFIX TI 4.0X34MM","ScorChSup65293","CDM","278","RC","C1713","HCPCS","","","facility","both","","","","1035.31","1035.31","","","","","","","","","","","","","Gross Charge Type: Main Acute Price List"
"SCREW, CANN QUICKFIX TI 4.0X38MM","CcthChSup69745","CDM","278","RC","C1713","HCPCS","","","facility","both","","","","1101.06","1101.06","","","","","","","","","","","","","Gross Charge Type: Main Acute Price List"
"SCREW, CANN QUICKFIX TI 4.0X38MM","GyscChSup69745","CDM","278","RC","C1713","HCPCS","","","facility","both","","","","1101.06","1101.06","","","","","","","","","","","","","Gross Charge Type: Main Acute Price List"
"SCREW, CANN QUICKFIX TI 4.0X46MM","Chrs5472135","CDM","278","RC","C1713","HCPCS","","","facility","both","","","","1101.06","1101.06","","","","","","","","","","","","","Gross Charge Type: Main Acute Price List"
"SCREW, CANN QUICKFIX TI 4.0X48MM","AnesChSup70768","CDM","278","RC","C1713","HCPCS","","","facility","both","","","","1035.31","1035.31","","","","","","","","","","","","","Gross Charge Type: Main Acute Price List"
"SCREW, CANN QUICKFIX TI 4.0X52MM","CLDRChSup74776","CDM","278","RC","C1713","HCPCS","","","facility","both","","","","1035.31","1035.31","","","","","","","","","","","","","Gross Charge Type: Main Acute Price List"
"SCREW, CANN QUICKFIX TI 4.0X60MM","ScorWmSup112350","CDM","278","RC","C1713","HCPCS","","","facility","both","","","","1101.06","1101.06","","","","","","","","","","","","","Gross Charge Type: Main Acute Price List"
"SCREW, CANN QUICKFIX TI PT 3.0X30MM","PacuWmSup66158","CDM","278","RC","C1713","HCPCS","","","facility","both","","","","941.2","941.2","","","","","","","","","","","","","Gross Charge Type: Main Acute Price List"
"SCREW, CANN QUICKFIX TI PT 3.0X30MM","ScpuChSup66158","CDM","278","RC","C1713","HCPCS","","","facility","both","","","","941.2","941.2","","","","","","","","","","","","","Gross Charge Type: Main Acute Price List"
"SCREW, CANN QUICKFIX TI PT 3.0X36MM","ScpuWmSup78358","CDM","278","RC","C1713","HCPCS","","","facility","both","","","","941.2","941.2","","","","","","","","","","","","","Gross Charge Type: Main Acute Price List"
"SCREW, CANN THD 7.3X16X155MM STERILE","PacuChSup64128","CDM","278","RC","C1713","HCPCS","","","facility","both","","","","1553.4","1553.4","","","","","","","","","","","","","Gross Charge Type: Main Acute Price List"
"SCREW, CANN TI SI FUSION RIALTO NAV 12X60MM","CspuChSup74153","CDM","278","RC","","","","","facility","both","","","","19947.71","19947.71","","","","","","","","","","","","","Gross Charge Type: Main Acute Price List"
"SCREW, CANN VA LOCKING 5.0X65MM","CcthChSup114413","CDM","278","RC","C1713","HCPCS","","","facility","both","","","","1514.71","1514.71","","","","","","","","","","","","","Gross Charge Type: Main Acute Price List"
"SCREW, CANNUALATED THREAD 6.5X40MM","GastWmSup30665","CDM","278","RC","C1713","HCPCS","","","facility","both","","","","1282.34","1282.34","","","","","","","","","","","","","Gross Charge Type: Main Acute Price List"
"SCREW, CANNUL THREADED 6.5X100MM - 31822","CspuChSup31822","CDM","278","RC","","","","","facility","both","","","","1363.77","1363.77","","","","","","","","","","","","","Gross Charge Type: Main Acute Price List"
"SCREW, CANNUL THREADED 6.5X115MM - 31815","ScanWmSup31815","CDM","278","RC","","","","","facility","both","","","","1363.77","1363.77","","","","","","","","","","","","","Gross Charge Type: Main Acute Price List"
"SCREW, CANNUL THREADED 6.5X120MM - 31816","GastWmSup31816","CDM","278","RC","","","","","facility","both","","","","1282.34","1282.34","","","","","","","","","","","","","Gross Charge Type: Main Acute Price List"
"SCREW, CANNULATE THREAD 6.5X60MM - 26244","CcthChSup26244","CDM","278","RC","C1713","HCPCS","","","facility","both","","","","1363.77","1363.77","","","","","","","","","","","","","Gross Charge Type: Main Acute Price List"
"SCREW, CANNULATED 3.0X30MM ST","AngiWmSup115960","CDM","278","RC","C1713","HCPCS","","","facility","both","","","","2315.39","2315.39","","","","","","","","","","","","","Gross Charge Type: Main Acute Price List"
"SCREW, CANNULATED 3.0X30MM ST","ScanChSup115960","CDM","278","RC","C1713","HCPCS","","","facility","both","","","","2315.39","2315.39","","","","","","","","","","","","","Gross Charge Type: Main Acute Price List"
"SCREW, CANNULATED 3.0X34MM","ScorChSup205026","CDM","278","RC","C1713","HCPCS","","","facility","both","","","","1003.45","1003.45","","","","","","","","","","","","","Gross Charge Type: Main Acute Price List"
"SCREW, CANNULATED 3.0X38MM LT","AngiChSup119356","CDM","278","RC","C1713","HCPCS","","","facility","both","","","","2315.39","2315.39","","","","","","","","","","","","","Gross Charge Type: Main Acute Price List"
"SCREW, CANNULATED 3.0X38MM LT","PacuChSup119356","CDM","278","RC","C1713","HCPCS","","","facility","both","","","","2315.39","2315.39","","","","","","","","","","","","","Gross Charge Type: Main Acute Price List"
"SCREW, CANNULATED 3.2X44MM","CspuChSup118225","CDM","278","RC","C1713","HCPCS","","","facility","both","","","","3239.06","3239.06","","","","","","","","","","","","","Gross Charge Type: Main Acute Price List"
"SCREW, CANNULATED 3.5X44MM LT","EplbChSup115772","CDM","278","RC","C1713","HCPCS","","","facility","both","","","","2462.41","2462.41","","","","","","","","","","","","","Gross Charge Type: Main Acute Price List"
"SCREW, CANNULATED 3.5X44MM LT","ScorChSup115772","CDM","278","RC","C1713","HCPCS","","","facility","both","","","","2462.41","2462.41","","","","","","","","","","","","","Gross Charge Type: Main Acute Price List"
"SCREW, CANNULATED 3.5X44MM ST","OperChSup115959","CDM","278","RC","C1713","HCPCS","","","facility","both","","","","2315.39","2315.39","","","","","","","","","","","","","Gross Charge Type: Main Acute Price List"
"SCREW, CANNULATED 3.5X45MM","CspuChSup108222","CDM","278","RC","C1713","HCPCS","","","facility","both","","","","1013.59","1013.59","","","","","","","","","","","","","Gross Charge Type: Main Acute Price List"
"SCREW, CANNULATED 3.5X45MM","ScanChSup108222","CDM","278","RC","C1713","HCPCS","","","facility","both","","","","1013.59","1013.59","","","","","","","","","","","","","Gross Charge Type: Main Acute Price List"
"SCREW, CANNULATED 4.0X28MM LT","CspuChSup117566","CDM","278","RC","C1713","HCPCS","","","facility","both","","","","2315.39","2315.39","","","","","","","","","","","","","Gross Charge Type: Main Acute Price List"
"SCREW, CANNULATED 4.0X28MM LT","ScanWmSup117566","CDM","278","RC","C1713","HCPCS","","","facility","both","","","","2315.39","2315.39","","","","","","","","","","","","","Gross Charge Type: Main Acute Price List"
"SCREW, CANNULATED 4.0X38MM ST","OperWmSup10180799","CDM","278","RC","C1713","HCPCS","","","facility","both","","","","2463","2463","","","","","","","","","","","","","Gross Charge Type: Main Acute Price List"
"SCREW, CANNULATED 4.0X40MM","GastChSup118036","CDM","278","RC","C1713","HCPCS","","","facility","both","","","","2315.39","2315.39","","","","","","","","","","","","","Gross Charge Type: Main Acute Price List"
"SCREW, CANNULATED 4.0X42MM","AnesWmSup115720","CDM","278","RC","C1713","HCPCS","","","facility","both","","","","2314.41","2314.41","","","","","","","","","","","","","Gross Charge Type: Main Acute Price List"
"SCREW, CANNULATED 4.0X44MM CSS+ ST","AngiWmSup117789","CDM","278","RC","C1713","HCPCS","","","facility","both","","","","2315.39","2315.39","","","","","","","","","","","","","Gross Charge Type: Main Acute Price List"
"SCREW, CANNULATED 4.0X50MM LT","AnesWmSup118273","CDM","278","RC","C1713","HCPCS","","","facility","both","","","","2176.21","2176.21","","","","","","","","","","","","","Gross Charge Type: Main Acute Price List"
"SCREW, CANNULATED 4.0X52MM","GastWmSup119547","CDM","278","RC","C1713","HCPCS","","","facility","both","","","","1490.65","1490.65","","","","","","","","","","","","","Gross Charge Type: Main Acute Price List"
"SCREW, CANNULATED 4.0X56 ST","AnesWmSup118816","CDM","278","RC","C1713","HCPCS","","","facility","both","","","","2315.39","2315.39","","","","","","","","","","","","","Gross Charge Type: Main Acute Price List"
"SCREW, CANNULATED 4.0X60MM","OperWmSup116172","CDM","278","RC","C1713","HCPCS","","","facility","both","","","","1490.65","1490.65","","","","","","","","","","","","","Gross Charge Type: Main Acute Price List"
"SCREW, CANNULATED 4.0X60MM","ScorWmSup116172","CDM","278","RC","C1713","HCPCS","","","facility","both","","","","1490.65","1490.65","","","","","","","","","","","","","Gross Charge Type: Main Acute Price List"
"SCREW, CANNULATED 4.0X65MM LT","OperChSup121605","CDM","278","RC","C1713","HCPCS","","","facility","both","","","","2711.17","2711.17","","","","","","","","","","","","","Gross Charge Type: Main Acute Price List"
"SCREW, CANNULATED 4.5X80MM","OperChSup115717","CDM","278","RC","C1713","HCPCS","","","facility","both","","","","2895.2","2895.2","","","","","","","","","","","","","Gross Charge Type: Main Acute Price List"
"SCREW, CANNULATED 4X44MM FT","OperChSup115958","CDM","278","RC","C1713","HCPCS","","","facility","both","","","","2315.39","2315.39","","","","","","","","","","","","","Gross Charge Type: Main Acute Price List"
"SCREW, CANNULATED 6.5X130MM","ScorChSup30432","CDM","278","RC","C1713","HCPCS","","","facility","both","","","","1363.77","1363.77","","","","","","","","","","","","","Gross Charge Type: Main Acute Price List"
"SCREW, CANNULATED 6.5X135MM - 34025","ScpuChSup30425","CDM","278","RC","C1713","HCPCS","","","facility","both","","","","1363.77","1363.77","","","","","","","","","","","","","Gross Charge Type: Main Acute Price List"
"SCREW, CANNULATED 6.5X145MM - 30427","ScorChSup30427","CDM","278","RC","C1713","HCPCS","","","facility","both","","","","1363.77","1363.77","","","","","","","","","","","","","Gross Charge Type: Main Acute Price List"
"SCREW, CANNULATED 6.5X160MM - 30445","GyscChSup30445","CDM","278","RC","C1713","HCPCS","","","facility","both","","","","1363.77","1363.77","","","","","","","","","","","","","Gross Charge Type: Main Acute Price List"
"SCREW, CANNULATED 6.5X45MM VOYAGER","ScorChSup10195225","CDM","278","RC","C1713","HCPCS","","","facility","both","","","","5256.93","5256.93","","","","","","","","","","","","","Gross Charge Type: Main Acute Price List"
"SCREW, CANNULATED 7.3X16MM STERILE","ScorChSup64044","CDM","278","RC","C1713","HCPCS","","","facility","both","","","","1652.05","1652.05","","","","","","","","","","","","","Gross Charge Type: Main Acute Price List"
"SCREW, CANNULATED 7.3X16X160MM STRL","GastChSup64449","CDM","278","RC","C1713","HCPCS","","","facility","both","","","","1652.05","1652.05","","","","","","","","","","","","","Gross Charge Type: Main Acute Price List"
"SCREW, CANNULATED 7.3X16X170MM","GyscChSup64976","CDM","278","RC","C1713","HCPCS","","","facility","both","","","","1553.4","1553.4","","","","","","","","","","","","","Gross Charge Type: Main Acute Price List"
"SCREW, CANNULATED 7.3X65MM","EplbChSup102308","CDM","278","RC","C1713","HCPCS","","","facility","both","","","","1355.44","1355.44","","","","","","","","","","","","","Gross Charge Type: Main Acute Price List"
"SCREW, CANNULATED 7.3X85MM","CspuChSup102312","CDM","278","RC","C1713","HCPCS","","","facility","both","","","","1355.44","1355.44","","","","","","","","","","","","","Gross Charge Type: Main Acute Price List"
"SCREW, CANNULATED ASNIS III 5.0X50MM","EplbChSup119824","CDM","278","RC","C1713","HCPCS","","","facility","both","","","","1036.41","1036.41","","","","","","","","","","","","","Gross Charge Type: Main Acute Price List"
"SCREW, CANNULATED ASNIS III 5X60MM","AnesChSup119177","CDM","278","RC","C1713","HCPCS","","","facility","both","","","","1102.22","1102.22","","","","","","","","","","","","","Gross Charge Type: Main Acute Price List"
"SCREW, CANNULATED ASNIS MICRO 3.0MM 32/6MM","GastChSup115781","CDM","278","RC","C1713","HCPCS","","","facility","both","","","","1313.61","1313.61","","","","","","","","","","","","","Gross Charge Type: Main Acute Price List"
"SCREW, CANNULATED COMPRESSION 4.0X40MM","PacuWmSup116403","CDM","278","RC","C1713","HCPCS","","","facility","both","","","","7388.72","7388.72","","","","","","","","","","","","","Gross Charge Type: Main Acute Price List"
"SCREW, CANNULATED COMPRESSION 4.0X55MM","OperWmSup115168","CDM","278","RC","C1713","HCPCS","","","facility","both","","","","6529.94","6529.94","","","","","","","","","","","","","Gross Charge Type: Main Acute Price List"
"SCREW, CANNULATED COMPRESSION 4.0X55MM","ScorWmSup115168","CDM","278","RC","C1713","HCPCS","","","facility","both","","","","6529.94","6529.94","","","","","","","","","","","","","Gross Charge Type: Main Acute Price List"
"SCREW, CANNULATED CONICAL 3.7MMX25MM THREAD/36MM","OperChSup40702","CDM","278","RC","C1713","HCPCS","","","facility","both","","","","792.34","792.34","","","","","","","","","","","","","Gross Charge Type: Main Acute Price List"
"SCREW, CANNULATED CONICAL 3.7MMX25MM THREAD/36MM","PacuChSup40702","CDM","278","RC","C1713","HCPCS","","","facility","both","","","","792.34","792.34","","","","","","","","","","","","","Gross Charge Type: Main Acute Price List"
"SCREW, CANNULATED CONICAL 3.7MMX25MM THREAD/40MM","ScpuWmSup40704","CDM","278","RC","C1713","HCPCS","","","facility","both","","","","792.34","792.34","","","","","","","","","","","","","Gross Charge Type: Main Acute Price List"
"SCREW, CANNULATED CONICAL 3.7MMX25MM THREAD/40MM","Wilm5440704","CDM","278","RC","C1713","HCPCS","","","facility","both","","","","792.34","792.34","","","","","","","","","","","","","Gross Charge Type: Main Acute Price List"
"SCREW, CANNULATED CONICAL 5.0X55MM","GastWmSup23268","CDM","278","RC","C1713","HCPCS","","","facility","both","","","","986.43","986.43","","","","","","","","","","","","","Gross Charge Type: Main Acute Price List"
"SCREW, CANNULATED CONICAL 5.0X55MM","GyscChSup23268","CDM","278","RC","C1713","HCPCS","","","facility","both","","","","986.43","986.43","","","","","","","","","","","","","Gross Charge Type: Main Acute Price List"
"SCREW, CANNULATED CONICAL 5.0X80MM","EplbChSup23170","CDM","278","RC","C1713","HCPCS","","","facility","both","","","","986.43","986.43","","","","","","","","","","","","","Gross Charge Type: Main Acute Price List"
"SCREW, CANNULATED CONICAL 5MM","Chrs5421036","CDM","278","RC","C1713","HCPCS","","","facility","both","","","","986.43","986.43","","","","","","","","","","","","","Gross Charge Type: Main Acute Price List"
"SCREW, CANNULATED CONICAL 5MM","ScorChSup21036","CDM","278","RC","C1713","HCPCS","","","facility","both","","","","986.43","986.43","","","","","","","","","","","","","Gross Charge Type: Main Acute Price List"
"SCREW, CANNULATED CONICAL 5X60MM","ScanWmSup63759","CDM","278","RC","C1713","HCPCS","","","facility","both","","","","986.43","986.43","","","","","","","","","","","","","Gross Charge Type: Main Acute Price List"
"SCREW, CANNULATED CONICAL 7.3X95MM","ScorWmSup23291","CDM","278","RC","C1713","HCPCS","","","facility","both","","","","1479.63","1479.63","","","","","","","","","","","","","Gross Charge Type: Main Acute Price List"
"SCREW, CANNULATED CSS LEFT 3.0X40MM","GastChSup117305","CDM","278","RC","C1713","HCPCS","","","facility","both","","","","2315.39","2315.39","","","","","","","","","","","","","Gross Charge Type: Main Acute Price List"
"SCREW, CANNULATED CSS LEFT 3.0X40MM","ScorWmSup117305","CDM","278","RC","C1713","HCPCS","","","facility","both","","","","2315.39","2315.39","","","","","","","","","","","","","Gross Charge Type: Main Acute Price List"
"SCREW, CANNULATED DART FIRE EDGE 46MM X 4MM","OperWmSup118269","CDM","278","RC","C1713","HCPCS","","","facility","both","","","","2427.93","2427.93","","","","","","","","","","","","","Gross Charge Type: Main Acute Price List"
"SCREW, CANNULATED DARTFIRE EDGE 2.5X18MM","OperWmSup118705","CDM","278","RC","C1713","HCPCS","","","facility","both","","","","1860.24","1860.24","","","","","","","","","","","","","Gross Charge Type: Main Acute Price List"
"SCREW, CANNULATED DARTFIRE EDGE SHORT 2.5X16MM","EplbChSup118416","CDM","278","RC","C1713","HCPCS","","","facility","both","","","","1860.24","1860.24","","","","","","","","","","","","","Gross Charge Type: Main Acute Price List"
"SCREW, CANNULATED DARTFIRE EDGE SHORT 2.5X16MM","GastWmSup118416","CDM","278","RC","C1713","HCPCS","","","facility","both","","","","1860.24","1860.24","","","","","","","","","","","","","Gross Charge Type: Main Acute Price List"
"SCREW, CANNULATED FT 3.5X34MM","ScorChSup121315","CDM","278","RC","C1713","HCPCS","","","facility","both","","","","2462.41","2462.41","","","","","","","","","","","","","Gross Charge Type: Main Acute Price List"
"SCREW, CANNULATED FT 6.5X135MM","EplbChSup115443","CDM","278","RC","C1713","HCPCS","","","facility","both","","","","1382.28","1382.28","","","","","","","","","","","","","Gross Charge Type: Main Acute Price List"
"SCREW, CANNULATED FULLT THREAD 7.3X140MM STRL","PacuChSup107678","CDM","278","RC","C1713","HCPCS","","","facility","both","","","","1652.05","1652.05","","","","","","","","","","","","","Gross Charge Type: Main Acute Price List"
"SCREW, CANNULATED FULLY THREAD 7.3X110MM","GyscChSup111145","CDM","278","RC","C1713","HCPCS","","","facility","both","","","","1274.51","1274.51","","","","","","","","","","","","","Gross Charge Type: Main Acute Price List"
"SCREW, CANNULATED FULLY THREAD 7.3X110MM","ScorWmSup111145","CDM","278","RC","C1713","HCPCS","","","facility","both","","","","1274.51","1274.51","","","","","","","","","","","","","Gross Charge Type: Main Acute Price List"
"SCREW, CANNULATED FULLY THREAD 7.3X115MM","OperWmSup116206","CDM","278","RC","C1713","HCPCS","","","facility","both","","","","1274.51","1274.51","","","","","","","","","","","","","Gross Charge Type: Main Acute Price List"
"SCREW, CANNULATED FULLY THREAD 7.3X130MM","AnesChSup107677","CDM","278","RC","C1713","HCPCS","","","facility","both","","","","1355.44","1355.44","","","","","","","","","","","","","Gross Charge Type: Main Acute Price List"
"SCREW, CANNULATED FULLY THREAD 7.3X145MM STRL","ScpuWmSup107449","CDM","278","RC","C1713","HCPCS","","","facility","both","","","","1652.05","1652.05","","","","","","","","","","","","","Gross Charge Type: Main Acute Price List"
"SCREW, CANNULATED FULLY THREAD 7.3X150MM STRL","AngiWmSup107762","CDM","278","RC","C1713","HCPCS","","","facility","both","","","","1652.05","1652.05","","","","","","","","","","","","","Gross Charge Type: Main Acute Price List"
"SCREW, CANNULATED FULLY THREAD 7.3X160MM STRL","EplbChSup108076","CDM","278","RC","C1713","HCPCS","","","facility","both","","","","1652.05","1652.05","","","","","","","","","","","","","Gross Charge Type: Main Acute Price List"
"SCREW, CANNULATED FULLY THREAD 7.3X165MM STRL","GastChSup107428","CDM","278","RC","C1713","HCPCS","","","facility","both","","","","1652.05","1652.05","","","","","","","","","","","","","Gross Charge Type: Main Acute Price List"
"SCREW, CANNULATED FULLY THREAD 7.3X175MM STRL","OperWmSup108075","CDM","278","RC","C1713","HCPCS","","","facility","both","","","","1652.05","1652.05","","","","","","","","","","","","","Gross Charge Type: Main Acute Price List"
"SCREW, CANNULATED FULLY THREAD 7.3X180MM STRL","GastWmSup109655","CDM","278","RC","C1713","HCPCS","","","facility","both","","","","1652.05","1652.05","","","","","","","","","","","","","Gross Charge Type: Main Acute Price List"
"SCREW, CANNULATED FULLY THREADED 6.5MM","GastChSup31830","CDM","278","RC","","","","","facility","both","","","","1282.34","1282.34","","","","","","","","","","","","","Gross Charge Type: Main Acute Price List"
"SCREW, CANNULATED FULLY THREADED 6.5X105MM","EplbChSup119272","CDM","278","RC","C1713","HCPCS","","","facility","both","","","","1282.34","1282.34","","","","","","","","","","","","","Gross Charge Type: Main Acute Price List"
"SCREW, CANNULATED FULLY THREADED 6.5X120MM","PacuWmSup107405","CDM","278","RC","C1713","HCPCS","","","facility","both","","","","1363.77","1363.77","","","","","","","","","","","","","Gross Charge Type: Main Acute Price List"
"SCREW, CANNULATED FULLY THREADED 6.5X140MM","GastChSup108012","CDM","278","RC","C1713","HCPCS","","","facility","both","","","","1402.57","1402.57","","","","","","","","","","","","","Gross Charge Type: Main Acute Price List"
"SCREW, CANNULATED FULLY THREADED 6.5X160MM","ScorWmSup109293","CDM","278","RC","C1713","HCPCS","","","facility","both","","","","1318.82","1318.82","","","","","","","","","","","","","Gross Charge Type: Main Acute Price List"
"SCREW, CANNULATED FULLY THREADED 6.5X180MM","AngiWmSup109657","CDM","278","RC","C1713","HCPCS","","","facility","both","","","","1318.82","1318.82","","","","","","","","","","","","","Gross Charge Type: Main Acute Price List"
"SCREW, CANNULATED FULLY THREADED 6.5X55MM","CLDRChSup68785","CDM","278","RC","C1713","HCPCS","","","facility","both","","","","1363.77","1363.77","","","","","","","","","","","","","Gross Charge Type: Main Acute Price List"
"SCREW, CANNULATED FULLY THREADED 6.5X75MM","AngiChSup107404","CDM","278","RC","C1713","HCPCS","","","facility","both","","","","1282.34","1282.34","","","","","","","","","","","","","Gross Charge Type: Main Acute Price List"
"SCREW, CANNULATED FULLY THREADED 6.5X75MM","GyscChSup107404","CDM","278","RC","C1713","HCPCS","","","facility","both","","","","1282.34","1282.34","","","","","","","","","","","","","Gross Charge Type: Main Acute Price List"
"SCREW, CANNULATED FULLY THREADED 6.5X80","PacuChSup71661","CDM","278","RC","C1713","HCPCS","","","facility","both","","","","1282.34","1282.34","","","","","","","","","","","","","Gross Charge Type: Main Acute Price List"
"SCREW, CANNULATED FULLY THREADED 6.5X90MM","CspuChSup108011","CDM","278","RC","C1713","HCPCS","","","facility","both","","","","1363.77","1363.77","","","","","","","","","","","","","Gross Charge Type: Main Acute Price List"
"SCREW, CANNULATED FULLY THREADED 6.5X95MM","AngiChSup115488","CDM","278","RC","C1713","HCPCS","","","facility","both","","","","1205.25","1205.25","","","","","","","","","","","","","Gross Charge Type: Main Acute Price List"
"SCREW, CANNULATED FULLY THREADED 6.5X95MM","DelrChSup115488","CDM","278","RC","C1713","HCPCS","","","facility","both","","","","1205.25","1205.25","","","","","","","","","","","","","Gross Charge Type: Main Acute Price List"
"SCREW, CANNULATED HEADLESS 2.7MMX28MM","CspuChSup112322","CDM","278","RC","C1713","HCPCS","","","facility","both","","","","3417.25","3417.25","","","","","","","","","","","","","Gross Charge Type: Main Acute Price List"
"SCREW, CANNULATED HEADLESS 2.7X18MM","AnesWmSup111850","CDM","278","RC","C1713","HCPCS","","","facility","both","","","","3634.24","3634.24","","","","","","","","","","","","","Gross Charge Type: Main Acute Price List"
"SCREW, CANNULATED HEADLESS 2.7X20MM","AngiWmSup111356","CDM","278","RC","C1713","HCPCS","","","facility","both","","","","2925.87","2925.87","","","","","","","","","","","","","Gross Charge Type: Main Acute Price List"
"SCREW, CANNULATED HEADLESS 4.0X42MM","ScanWmSup118856","CDM","278","RC","C1713","HCPCS","","","facility","both","","","","1447.99","1447.99","","","","","","","","","","","","","Gross Charge Type: Main Acute Price List"
"SCREW, CANNULATED HEADLESS 6.5X80MM","PacuWmSup115532","CDM","278","RC","C1713","HCPCS","","","facility","both","","","","4264.13","4264.13","","","","","","","","","","","","","Gross Charge Type: Main Acute Price List"
"SCREW, CANNULATED LAG 2.0X14MM","AngiWmSup24589","CDM","278","RC","C1713","HCPCS","","","facility","both","","","","948.6","948.6","","","","","","","","","","","","","Gross Charge Type: Main Acute Price List"
"SCREW, CANNULATED LAG 2.0X14MM","OperChSup24589","CDM","278","RC","C1713","HCPCS","","","facility","both","","","","948.6","948.6","","","","","","","","","","","","","Gross Charge Type: Main Acute Price List"
"SCREW, CANNULATED LAG 2.0X18MM","ScanChSup24591","CDM","278","RC","","","","","facility","both","","","","891.96","891.96","","","","","","","","","","","","","Gross Charge Type: Main Acute Price List"
"SCREW, CANNULATED LAG 2.4X16MM","ScanChSup19852","CDM","278","RC","C1713","HCPCS","","","facility","both","","","","891.96","891.96","","","","","","","","","","","","","Gross Charge Type: Main Acute Price List"
"SCREW, CANNULATED LOCKING 5.0X50MM","CspuChSup22210","CDM","278","RC","C1713","HCPCS","","","facility","both","","","","1048.63","1048.63","","","","","","","","","","","","","Gross Charge Type: Main Acute Price List"
"SCREW, CANNULATED LOCKING 5.0X50MM","EplbChSup22210","CDM","278","RC","C1713","HCPCS","","","facility","both","","","","1048.63","1048.63","","","","","","","","","","","","","Gross Charge Type: Main Acute Price List"
"SCREW, CANNULATED LOCKING 5.0X80MM","GyscChSup18484","CDM","278","RC","C1713","HCPCS","","","facility","both","","","","1048.63","1048.63","","","","","","","","","","","","","Gross Charge Type: Main Acute Price List"
"SCREW, CANNULATED LOCKING 7.3MMX115MM","ScorWmSup120857","CDM","278","RC","C1713","HCPCS","","","facility","both","","","","1589.2","1589.2","","","","","","","","","","","","","Gross Charge Type: Main Acute Price List"
"SCREW, CANNULATED LOCKING 7.3X110MM","CcthChSup80400","CDM","278","RC","C1713","HCPCS","","","facility","both","","","","1690.11","1690.11","","","","","","","","","","","","","Gross Charge Type: Main Acute Price List"
"SCREW, CANNULATED LOCKING 7.3X110MM","GyscChSup80400","CDM","278","RC","C1713","HCPCS","","","facility","both","","","","1690.11","1690.11","","","","","","","","","","","","","Gross Charge Type: Main Acute Price List"
"SCREW, CANNULATED LP TI 4.5X70MM","ScpuWmSup111245","CDM","278","RC","C1713","HCPCS","","","facility","both","","","","1169.12","1169.12","","","","","","","","","","","","","Gross Charge Type: Main Acute Price List"
"SCREW, CANNULATED LP TI 4.5X75MM","OperChSup121368","CDM","278","RC","C1713","HCPCS","","","facility","both","","","","1169.12","1169.12","","","","","","","","","","","","","Gross Charge Type: Main Acute Price List"
"SCREW, CANNULATED LT 3.0X36MM","ScpuWmSup205099","CDM","278","RC","C1713","HCPCS","","","facility","both","","","","1003.45","1003.45","","","","","","","","","","","","","Gross Charge Type: Main Acute Price List"
"SCREW, CANNULATED PT 6.5X145MM","EplbChSup115444","CDM","278","RC","C1713","HCPCS","","","facility","both","","","","1382.28","1382.28","","","","","","","","","","","","","Gross Charge Type: Main Acute Price List"
"SCREW, CANNULATED SHORT THREAD 4.0X56MM","Wilm5442725","CDM","278","RC","C1713","HCPCS","","","facility","both","","","","1045","1045","","","","","","","","","","","","","Gross Charge Type: Main Acute Price List"
"SCREW, CANNULATED SHORT THREAD 4.0X68MM","ScpuChSup42729","CDM","278","RC","C1713","HCPCS","","","facility","both","","","","1045","1045","","","","","","","","","","","","","Gross Charge Type: Main Acute Price List"
"SCREW, CANNULATED THD 7.3X16X135MM","Chrs3130435","CDM","278","RC","C1713","HCPCS","","","facility","both","","","","1274.51","1274.51","","","","","","","","","","","","","Gross Charge Type: Main Acute Price List"
"SCREW, CANNULATED THD 7.3X16X140MM","EplbChSup30436","CDM","278","RC","C1713","HCPCS","","","facility","both","","","","1355.44","1355.44","","","","","","","","","","","","","Gross Charge Type: Main Acute Price List"
"SCREW, CANNULATED THD 7.3X32X135MM","PacuWmSup30439","CDM","278","RC","C1713","HCPCS","","","facility","both","","","","1355.44","1355.44","","","","","","","","","","","","","Gross Charge Type: Main Acute Price List"
"SCREW, CANNULATED THD 7.3X32X150MM","Chrs3130442","CDM","278","RC","C1713","HCPCS","","","facility","both","","","","1355.44","1355.44","","","","","","","","","","","","","Gross Charge Type: Main Acute Price List"
"SCREW, CANNULATED THD 7.3X32X150MM","ScorWmSup30442","CDM","278","RC","C1713","HCPCS","","","facility","both","","","","1355.44","1355.44","","","","","","","","","","","","","Gross Charge Type: Main Acute Price List"
"SCREW, CANNULATED THREAD 6.5X90MM","CcthChSup30802","CDM","278","RC","C1713","HCPCS","","","facility","both","","","","1363.77","1363.77","","","","","","","","","","","","","Gross Charge Type: Main Acute Price List"
"SCREW, CANNULATED THREAD6.5X75MM","GastWmSup24245","CDM","278","RC","C1713","HCPCS","","","facility","both","","","","1363.77","1363.77","","","","","","","","","","","","","Gross Charge Type: Main Acute Price List"
"SCREW, CANNULATED THREADED 6.5X100MM - 31812","OperChSup31812","CDM","278","RC","C1713","HCPCS","","","facility","both","","","","1282.34","1282.34","","","","","","","","","","","","","Gross Charge Type: Main Acute Price List"
"SCREW, CANNULATED THREADED 6.5X115MM - 31825","PacuWmSup31825","CDM","278","RC","C1713","HCPCS","","","facility","both","","","","1363.77","1363.77","","","","","","","","","","","","","Gross Charge Type: Main Acute Price List"
"SCREW, CANNULATED THREADED 6.5X16X125MM","PacuChSup54406","CDM","278","RC","C1713","HCPCS","","","facility","both","","","","1282.34","1282.34","","","","","","","","","","","","","Gross Charge Type: Main Acute Price List"
"SCREW, CANNULATED THREADED 6.5X32MM - 31819","ScpuWmSup31819","CDM","278","RC","C1713","HCPCS","","","facility","both","","","","1363.77","1363.77","","","","","","","","","","","","","Gross Charge Type: Main Acute Price List"
"SCREW, CANNULATED THREADED 6.5X32X125MM","ScorWmSup54409","CDM","278","RC","C1713","HCPCS","","","facility","both","","","","1363.77","1363.77","","","","","","","","","","","","","Gross Charge Type: Main Acute Price List"
"SCREW, CANNULATED THREADED 6.5X75MM","GastWmSup31810","CDM","278","RC","C1713","HCPCS","","","facility","both","","","","1363.77","1363.77","","","","","","","","","","","","","Gross Charge Type: Main Acute Price List"
"SCREW, CANNULATED THREADED 6.5X75MM","OperWmSup31810","CDM","278","RC","C1713","HCPCS","","","facility","both","","","","1363.77","1363.77","","","","","","","","","","","","","Gross Charge Type: Main Acute Price List"
"SCREW, CANNULATED THREADED 7.3X32X165MM","PacuChSup58913","CDM","278","RC","C1713","HCPCS","","","facility","both","","","","1652.05","1652.05","","","","","","","","","","","","","Gross Charge Type: Main Acute Price List"
"SCREW, CANNULATED THREADED 7.3X32X165MM","ScorWmSup58913","CDM","278","RC","C1713","HCPCS","","","facility","both","","","","1652.05","1652.05","","","","","","","","","","","","","Gross Charge Type: Main Acute Price List"
"SCREW, CANULATED HEADLESS 2.7X14MM","GastChSup109625","CDM","278","RC","C1713","HCPCS","","","facility","both","","","","3417.25","3417.25","","","","","","","","","","","","","Gross Charge Type: Main Acute Price List"
"SCREW, CARBOFIX PROXIMAL FEMUR LAG 100MM","GastWmSup107006","CDM","278","RC","C1713","HCPCS","","","facility","both","","","","4018.62","4018.62","","","","","","","","","","","","","Gross Charge Type: Main Acute Price List"
"SCREW, CARBOFIX PROXIMAL FEMUR LAG 90MM","PacuChSup107093","CDM","278","RC","C1713","HCPCS","","","facility","both","","","","3778.67","3778.67","","","","","","","","","","","","","Gross Charge Type: Main Acute Price List"
"SCREW, CARBOFIX TITANIUM 4.5X32MM","EplbChSup110532","CDM","278","RC","C1713","HCPCS","","","facility","both","","","","1299.72","1299.72","","","","","","","","","","","","","Gross Charge Type: Main Acute Price List"
"SCREW, CARBOFIX TITANIUM 4.5X36MM","AngiChSup106908","CDM","278","RC","C1713","HCPCS","","","facility","both","","","","1299.72","1299.72","","","","","","","","","","","","","Gross Charge Type: Main Acute Price List"
"SCREW, CARBOFIX TITANIUM 4.5X38MM","PacuWmSup107551","CDM","278","RC","C1713","HCPCS","","","facility","both","","","","1299.72","1299.72","","","","","","","","","","","","","Gross Charge Type: Main Acute Price List"
"SCREW, CARBOFIX TITANIUM 4.5X38MM","ScorChSup107551","CDM","278","RC","C1713","HCPCS","","","facility","both","","","","1299.72","1299.72","","","","","","","","","","","","","Gross Charge Type: Main Acute Price List"
"SCREW, CARBOFIX TITANIUM 4.5X40MM","AnesChSup110533","CDM","278","RC","C1713","HCPCS","","","facility","both","","","","1299.72","1299.72","","","","","","","","","","","","","Gross Charge Type: Main Acute Price List"
"SCREW, CARBOFIX TITANIUM 4.5X44MM","GastWmSup106909","CDM","278","RC","C1713","HCPCS","","","facility","both","","","","1299.72","1299.72","","","","","","","","","","","","","Gross Charge Type: Main Acute Price List"
"SCREW, CARBOFIX TITANIUM 5.0X30MM","GyscChSup108636","CDM","278","RC","C1713","HCPCS","","","facility","both","","","","1438.72","1438.72","","","","","","","","","","","","","Gross Charge Type: Main Acute Price List"
"SCREW, CARBOFIX TITANIUM 5X40MM","AnesWmSup107091","CDM","278","RC","C1713","HCPCS","","","facility","both","","","","1438.72","1438.72","","","","","","","","","","","","","Gross Charge Type: Main Acute Price List"
"SCREW, CARBON PEEK POLYAXIAL 7.5X45MM","GyscChSup118783","CDM","278","RC","C1713","HCPCS","","","facility","both","","","","20635.12","20635.12","","","","","","","","","","","","","Gross Charge Type: Main Acute Price List"
"SCREW, CARBON/PEEK POLYAXIAL 5.5X40MM","CcthChSup120182","CDM","278","RC","C1713","HCPCS","","","facility","both","","","","19403.03","19403.03","","","","","","","","","","","","","Gross Charge Type: Main Acute Price List"
"SCREW, CARBON/PEEK POLYAXIAL 5.5X45MM","CcthChSup120181","CDM","278","RC","C1713","HCPCS","","","facility","both","","","","19403.03","19403.03","","","","","","","","","","","","","Gross Charge Type: Main Acute Price List"
"SCREW, CARBON/PEEK POLYAXIAL 5.5X45MM","DelrChSup120181","CDM","278","RC","C1713","HCPCS","","","facility","both","","","","19403.03","19403.03","","","","","","","","","","","","","Gross Charge Type: Main Acute Price List"
"SCREW, CCS + CANNUALTED 5.5X70MM","ScpuWmSup118894","CDM","278","RC","C1713","HCPCS","","","facility","both","","","","2896.44","2896.44","","","","","","","","","","","","","Gross Charge Type: Main Acute Price List"
"SCREW, CENTRAL 6.5X45MM 113881","GastWmSup113881","CDM","278","RC","C1713","HCPCS","","","facility","both","","","","2138.19","2138.19","","","","","","","","","","","","","Gross Charge Type: Main Acute Price List"
"SCREW, CENTRAL 6.5X45MM 113881","ScorChSup113881","CDM","278","RC","C1713","HCPCS","","","facility","both","","","","2138.19","2138.19","","","","","","","","","","","","","Gross Charge Type: Main Acute Price List"
"SCREW, CENTRAL 9.5X40MM","OperWmSup114428","CDM","278","RC","C1713","HCPCS","","","facility","both","","","","2308.17","2308.17","","","","","","","","","","","","","Gross Charge Type: Main Acute Price List"
"SCREW, CENTRAL COMPR REVERSE STRL 6.5X20","GyscChSup58322","CDM","278","RC","","","","","facility","both","","","","615.97","615.97","","","","","","","","","","","","","Gross Charge Type: Main Acute Price List"
"SCREW, CENTRAL COMPR REVERSE STRL 6.5X25","ScpuChSup58323","CDM","278","RC","C1713","HCPCS","","","facility","both","","","","615.97","615.97","","","","","","","","","","","","","Gross Charge Type: Main Acute Price List"
"SCREW, CENTRAL COMPR REVERSE STRL 6.5X40","CspuChSup58326","CDM","278","RC","","","","","facility","both","","","","579.19","579.19","","","","","","","","","","","","","Gross Charge Type: Main Acute Price List"
"SCREW, CENTRAL COMPR REVERSE STRL 6.5X45","ScanChSup58327","CDM","278","RC","","","","","facility","both","","","","579.19","579.19","","","","","","","","","","","","","Gross Charge Type: Main Acute Price List"
"SCREW, CERVICAL ANT VARI SKYLINE 12MM","CcthChSup41071","CDM","278","RC","","","","","facility","both","","","","800.77","800.77","","","","","","","","","","","","","Gross Charge Type: Main Acute Price List"
"SCREW, CHAMFERED ORTHOLOC 5.5X45MM","OperWmSup119251","CDM","278","RC","C1713","HCPCS","","","facility","both","","","","5264.88","5264.88","","","","","","","","","","","","","Gross Charge Type: Main Acute Price List"
"SCREW, CHAMFERED ORTHOLOC 5.5X45MM","ScanWmSup119251","CDM","278","RC","C1713","HCPCS","","","facility","both","","","","5264.88","5264.88","","","","","","","","","","","","","Gross Charge Type: Main Acute Price List"
"SCREW, CHAMFERED ORTHOLOCK 4.5X40MM","PacuChSup107046","CDM","278","RC","C1713","HCPCS","","","facility","both","","","","5264.88","5264.88","","","","","","","","","","","","","Gross Charge Type: Main Acute Price List"
"SCREW, CMF 2.5X5MM","CLDRChSup79550","CDM","278","RC","C1713","HCPCS","","","facility","both","","","","190.95","190.95","","","","","","","","","","","","","Gross Charge Type: Main Acute Price List"
"SCREW, CMF 20X14MM","PacuWmSup79547","CDM","278","RC","C1713","HCPCS","","","facility","both","","","","178.63","178.63","","","","","","","","","","","","","Gross Charge Type: Main Acute Price List"
"SCREW, CMF 20X14MM","ScorWmSup79547","CDM","278","RC","C1713","HCPCS","","","facility","both","","","","178.63","178.63","","","","","","","","","","","","","Gross Charge Type: Main Acute Price List"
"SCREW, COMP LOCKING 3.5 HEX 4.75X15MM","PacuChSup57530","CDM","278","RC","C1713","HCPCS","","","facility","both","","","","461.98","461.98","","","","","","","","","","","","","Gross Charge Type: Main Acute Price List"
"SCREW, COMP LOCKING HEX 2.5X30MM","PacuChSup58020","CDM","278","RC","C1713","HCPCS","","","facility","both","","","","461.98","461.98","","","","","","","","","","","","","Gross Charge Type: Main Acute Price List"
"SCREW, COMP LOCKING HEX 2.5X30MM","Wilm5458020","CDM","278","RC","C1713","HCPCS","","","facility","both","","","","461.98","461.98","","","","","","","","","","","","","Gross Charge Type: Main Acute Price List"
"SCREW, COMP NON-LOCKING 3.5 HEX 4.75X30M","GyscChSup56483","CDM","278","RC","C1713","HCPCS","","","facility","both","","","","461.98","461.98","","","","","","","","","","","","","Gross Charge Type: Main Acute Price List"
"SCREW, COMP NON-LOCKING 3.5 HEX 4.75X40MM","Chrs5457535","CDM","278","RC","C1713","HCPCS","","","facility","both","","","","461.98","461.98","","","","","","","","","","","","","Gross Charge Type: Main Acute Price List"
"SCREW, COMP NON-LOCKING 3.5 HEX 4.75X40MM","GastWmSup57535","CDM","278","RC","C1713","HCPCS","","","facility","both","","","","461.98","461.98","","","","","","","","","","","","","Gross Charge Type: Main Acute Price List"
"SCREW, COMPRESSED CANNULATED HEADLESS LT 3.0X30MM","GastChSup114441","CDM","278","RC","C1713","HCPCS","","","facility","both","","","","2409.01","2409.01","","","","","","","","","","","","","Gross Charge Type: Main Acute Price List"
"SCREW, COMPRESSION 2.7X22MM","OperWmSup108573","CDM","278","RC","C1713","HCPCS","","","facility","both","","","","615.97","615.97","","","","","","","","","","","","","Gross Charge Type: Main Acute Price List"
"SCREW, COMPRESSION 5.0 X 90MM","ScorChSup121918","CDM","278","RC","C1713","HCPCS","","","facility","both","","","","2597.93","2597.93","","","","","","","","","","","","","Gross Charge Type: Main Acute Price List"
"SCREW, COMPRESSION 5.0X44MM","GyscChSup78306","CDM","278","RC","C1713","HCPCS","","","facility","both","","","","1783.4","1783.4","","","","","","","","","","","","","Gross Charge Type: Main Acute Price List"
"SCREW, COMPRESSION 5.0X44MM","OperChSup78306","CDM","278","RC","C1713","HCPCS","","","facility","both","","","","1783.4","1783.4","","","","","","","","","","","","","Gross Charge Type: Main Acute Price List"
"SCREW, COMPRESSION 5.0X46MM","CcthChSup78307","CDM","278","RC","C1713","HCPCS","","","facility","both","","","","1783.4","1783.4","","","","","","","","","","","","","Gross Charge Type: Main Acute Price List"
"SCREW, COMPRESSION 5.0X48MM","CspuChSup113254","CDM","278","RC","C1713","HCPCS","","","facility","both","","","","2358.02","2358.02","","","","","","","","","","","","","Gross Charge Type: Main Acute Price List"
"SCREW, COMPRESSION 5.0X48MM","DelrChSup113254","CDM","278","RC","C1713","HCPCS","","","facility","both","","","","2358.02","2358.02","","","","","","","","","","","","","Gross Charge Type: Main Acute Price List"
"SCREW, COMPRESSION 5.0X65MM","CspuChSup118804","CDM","278","RC","C1713","HCPCS","","","facility","both","","","","2358.02","2358.02","","","","","","","","","","","","","Gross Charge Type: Main Acute Price List"
"SCREW, COMPRESSION CANNULATED 2.2MMX14MM","GyscChSup117137","CDM","278","RC","C1713","HCPCS","","","facility","both","","","","3446.21","3446.21","","","","","","","","","","","","","Gross Charge Type: Main Acute Price List"
"SCREW, COMPRESSION CANNULATED 2.2MMX16MM","ScorWmSup117138","CDM","278","RC","C1713","HCPCS","","","facility","both","","","","3665.05","3665.05","","","","","","","","","","","","","Gross Charge Type: Main Acute Price List"
"SCREW, COMPRESSION CANNULATED 2.2MMX22MM","DelrChSup117141","CDM","278","RC","C1713","HCPCS","","","facility","both","","","","3446.21","3446.21","","","","","","","","","","","","","Gross Charge Type: Main Acute Price List"
"SCREW, COMPRESSION CANNULATED 2.2MMX28MM","OperWmSup117144","CDM","278","RC","C1713","HCPCS","","","facility","both","","","","3665.05","3665.05","","","","","","","","","","","","","Gross Charge Type: Main Acute Price List"
"SCREW, COMPRESSION CANNULATED 2.2MMX32MM","ScpuWmSup117146","CDM","278","RC","C1713","HCPCS","","","facility","both","","","","3446.21","3446.21","","","","","","","","","","","","","Gross Charge Type: Main Acute Price List"
"SCREW, COMPRESSION CANNULATED 2.7X32MM","CspuChSup118068","CDM","278","RC","C1713","HCPCS","","","facility","both","","","","3665.05","3665.05","","","","","","","","","","","","","Gross Charge Type: Main Acute Price List"
"SCREW, COMPRESSION CANNULATED 3.2X22MM","OperChSup118197","CDM","278","RC","C1713","HCPCS","","","facility","both","","","","3446.21","3446.21","","","","","","","","","","","","","Gross Charge Type: Main Acute Price List"
"SCREW, COMPRESSION CANNULATED 3.2X30MM","OperWmSup118022","CDM","278","RC","C1713","HCPCS","","","facility","both","","","","3446.21","3446.21","","","","","","","","","","","","","Gross Charge Type: Main Acute Price List"
"SCREW, COMPRESSION CANNULATED 3.2X42MM","AnesChSup119667","CDM","278","RC","C1713","HCPCS","","","facility","both","","","","3446.21","3446.21","","","","","","","","","","","","","Gross Charge Type: Main Acute Price List"
"SCREW, COMPRESSION FIXOS 5.0X32","DelrChSup114405","CDM","278","RC","C1713","HCPCS","","","facility","both","","","","2357.02","2357.02","","","","","","","","","","","","","Gross Charge Type: Main Acute Price List"
"SCREW, COMPRESSION FT 5.0X85MM","PacuChSup113654","CDM","278","RC","C1713","HCPCS","","","facility","both","","","","4640.44","4640.44","","","","","","","","","","","","","Gross Charge Type: Main Acute Price List"
"SCREW, COMPRESSION FT 5.0X85MM","ScpuWmSup113654","CDM","278","RC","C1713","HCPCS","","","facility","both","","","","4640.44","4640.44","","","","","","","","","","","","","Gross Charge Type: Main Acute Price List"
"SCREW, COMPRESSION FT 5.0X90MM","ScorChSup113655","CDM","278","RC","C1713","HCPCS","","","facility","both","","","","4640.44","4640.44","","","","","","","","","","","","","Gross Charge Type: Main Acute Price List"
"SCREW, COMPRESSION FT 7.0 X 45MM","CspuChSup113199","CDM","278","RC","C1713","HCPCS","","","facility","both","","","","4640.44","4640.44","","","","","","","","","","","","","Gross Charge Type: Main Acute Price List"
"SCREW, COMPRESSION FT 7.0 X 45MM","EplbChSup113199","CDM","278","RC","C1713","HCPCS","","","facility","both","","","","4640.44","4640.44","","","","","","","","","","","","","Gross Charge Type: Main Acute Price List"
"SCREW, COMPRESSION FT 7.0X50MM","AnesChSup115247","CDM","278","RC","C1713","HCPCS","","","facility","both","","","","4023.69","4023.69","","","","","","","","","","","","","Gross Charge Type: Main Acute Price List"
"SCREW, COMPRESSION FT 7.0X60MM","AngiWmSup115410","CDM","278","RC","C1713","HCPCS","","","facility","both","","","","4023.69","4023.69","","","","","","","","","","","","","Gross Charge Type: Main Acute Price List"
"SCREW, COMPRESSION FT 7.0X60MM","DelrChSup115410","CDM","278","RC","C1713","HCPCS","","","facility","both","","","","4023.69","4023.69","","","","","","","","","","","","","Gross Charge Type: Main Acute Price List"
"SCREW, COMPRESSION FT 7.0X65MM","OperChSup113362","CDM","278","RC","C1713","HCPCS","","","facility","both","","","","4640.44","4640.44","","","","","","","","","","","","","Gross Charge Type: Main Acute Price List"
"SCREW, COMPRESSION FT 7.0X70MM","ScorChSup115248","CDM","278","RC","C1713","HCPCS","","","facility","both","","","","4023.69","4023.69","","","","","","","","","","","","","Gross Charge Type: Main Acute Price List"
"SCREW, COMPRESSION FT 7.0X75MM","OperWmSup115699","CDM","278","RC","C1713","HCPCS","","","facility","both","","","","4023.69","4023.69","","","","","","","","","","","","","Gross Charge Type: Main Acute Price List"
"SCREW, COMPRESSION FT HEADLESS 7.0X95MM","ScpuChSup118922","CDM","278","RC","C1713","HCPCS","","","facility","both","","","","4363.36","4363.36","","","","","","","","","","","","","Gross Charge Type: Main Acute Price List"
"SCREW, COMPRESSION HEADLESS 4.0X20MM","ScorWmSup113788","CDM","278","RC","C1713","HCPCS","","","facility","both","","","","2250.98","2250.98","","","","","","","","","","","","","Gross Charge Type: Main Acute Price List"
"SCREW, COMPRESSION HEADLESS 4.0X24MM","GyscChSup110103","CDM","278","RC","C1713","HCPCS","","","facility","both","","","","2250.98","2250.98","","","","","","","","","","","","","Gross Charge Type: Main Acute Price List"
"SCREW, COMPRESSION HEADLESS 4.0X26MM","GastChSup80019","CDM","278","RC","C1713","HCPCS","","","facility","both","","","","2393.92","2393.92","","","","","","","","","","","","","Gross Charge Type: Main Acute Price List"
"SCREW, COMPRESSION HEADLESS 4.0X30MM","AngiWmSup73232","CDM","278","RC","C1713","HCPCS","","","facility","both","","","","2393.92","2393.92","","","","","","","","","","","","","Gross Charge Type: Main Acute Price List"
"SCREW, COMPRESSION HEADLESS 4.0X30MM","ScorChSup73232","CDM","278","RC","C1713","HCPCS","","","facility","both","","","","2393.92","2393.92","","","","","","","","","","","","","Gross Charge Type: Main Acute Price List"
"SCREW, COMPRESSION HEADLESS 4.0X34MM","Chrs5461895","CDM","278","RC","C1713","HCPCS","","","facility","both","","","","2393.92","2393.92","","","","","","","","","","","","","Gross Charge Type: Main Acute Price List"
"SCREW, COMPRESSION HEADLESS 4.0X34MM","ScanWmSup61895","CDM","278","RC","C1713","HCPCS","","","facility","both","","","","2393.92","2393.92","","","","","","","","","","","","","Gross Charge Type: Main Acute Price List"
"SCREW, COMPRESSION HEADLESS 4.0X36MM","GastChSup60943","CDM","278","RC","C1713","HCPCS","","","facility","both","","","","2397.37","2397.37","","","","","","","","","","","","","Gross Charge Type: Main Acute Price List"
"SCREW, COMPRESSION HEADLESS 4.0X36MM","ScpuWmSup60943","CDM","278","RC","C1713","HCPCS","","","facility","both","","","","2397.37","2397.37","","","","","","","","","","","","","Gross Charge Type: Main Acute Price List"
"SCREW, COMPRESSION HEADLESS 4.0X42MM","EplbChSup73412","CDM","278","RC","C1713","HCPCS","","","facility","both","","","","2393.92","2393.92","","","","","","","","","","","","","Gross Charge Type: Main Acute Price List"
"SCREW, COMPRESSION HEADLESS 4.0X42MM","GastChSup73412","CDM","278","RC","C1713","HCPCS","","","facility","both","","","","2393.92","2393.92","","","","","","","","","","","","","Gross Charge Type: Main Acute Price List"
"SCREW, COMPRESSION HEADLESS 4.0X48MM","ScorWmSup106351","CDM","278","RC","C1713","HCPCS","","","facility","both","","","","2393.92","2393.92","","","","","","","","","","","","","Gross Charge Type: Main Acute Price List"
"SCREW, COMPRESSION HEADLESS 4.0X50MM","EplbChSup60947","CDM","278","RC","C1713","HCPCS","","","facility","both","","","","2393.92","2393.92","","","","","","","","","","","","","Gross Charge Type: Main Acute Price List"
"SCREW, COMPRESSION HEADLESS 4.0X60MM","ScpuWmSup108214","CDM","278","RC","C1713","HCPCS","","","facility","both","","","","2393.92","2393.92","","","","","","","","","","","","","Gross Charge Type: Main Acute Price List"
"SCREW, COMPRESSION HEADLESS 4.0X70MM","AngiWmSup112805","CDM","278","RC","C1713","HCPCS","","","facility","both","","","","2250.98","2250.98","","","","","","","","","","","","","Gross Charge Type: Main Acute Price List"
"SCREW, COMPRESSION HEADLESS 4.0x32MM","ScanWmSup79939","CDM","278","RC","C1713","HCPCS","","","facility","both","","","","2393.92","2393.92","","","","","","","","","","","","","Gross Charge Type: Main Acute Price List"
"SCREW, COMPRESSION HEADLESS FT 2.5X12MM","GastWmSup63817","CDM","278","RC","C1713","HCPCS","","","facility","both","","","","1818.23","1818.23","","","","","","","","","","","","","Gross Charge Type: Main Acute Price List"
"SCREW, COMPRESSION HEADLESS FT 3.5X36MM","PacuChSup78731","CDM","278","RC","C1713","HCPCS","","","facility","both","","","","2338.23","2338.23","","","","","","","","","","","","","Gross Charge Type: Main Acute Price List"
"SCREW, COMPRESSION HEADLESS MICRO 2.5X11MM","CcthChSup76220","CDM","278","RC","C1713","HCPCS","","","facility","both","","","","2198.62","2198.62","","","","","","","","","","","","","Gross Charge Type: Main Acute Price List"
"SCREW, COMPRESSION HEADLESS MICRO 2.5X22MM","PacuWmSup71123","CDM","278","RC","C1713","HCPCS","","","facility","both","","","","2338.23","2338.23","","","","","","","","","","","","","Gross Charge Type: Main Acute Price List"
"SCREW, COMPRESSION HEADLESS MICRO 2.5X22MM","ScorChSup71123","CDM","278","RC","C1713","HCPCS","","","facility","both","","","","2338.23","2338.23","","","","","","","","","","","","","Gross Charge Type: Main Acute Price List"
"SCREW, COMPRESSION HEADLESS MICRO 2.5X24MM","CcthChSup68056","CDM","278","RC","C1713","HCPCS","","","facility","both","","","","2338.23","2338.23","","","","","","","","","","","","","Gross Charge Type: Main Acute Price List"
"SCREW, COMPRESSION HEADLESS MICRO 2.5X24MM","PacuChSup68056","CDM","278","RC","C1713","HCPCS","","","facility","both","","","","2338.23","2338.23","","","","","","","","","","","","","Gross Charge Type: Main Acute Price List"
"SCREW, COMPRESSION HEADLESS MICRO 2.5X28","ScanChSup76905","CDM","278","RC","C1713","HCPCS","","","facility","both","","","","2338.23","2338.23","","","","","","","","","","","","","Gross Charge Type: Main Acute Price List"
"SCREW, COMPRESSION HEADLESS MICRO 2.5X30MM","PacuWmSup76571","CDM","278","RC","C1713","HCPCS","","","facility","both","","","","2338.23","2338.23","","","","","","","","","","","","","Gross Charge Type: Main Acute Price List"
"SCREW, COMPRESSION HEADLESS MICRO 2.5X34MM","CspuChSup106094","CDM","278","RC","C1713","HCPCS","","","facility","both","","","","2198.62","2198.62","","","","","","","","","","","","","Gross Charge Type: Main Acute Price List"
"SCREW, COMPRESSION HEADLESS MICRO 2.5X34MM","GastChSup106094","CDM","278","RC","C1713","HCPCS","","","facility","both","","","","2198.62","2198.62","","","","","","","","","","","","","Gross Charge Type: Main Acute Price List"
"SCREW, COMPRESSION HEADLESS MICRO 2.5X9MM","ScanWmSup71070","CDM","278","RC","C1713","HCPCS","","","facility","both","","","","2338.23","2338.23","","","","","","","","","","","","","Gross Charge Type: Main Acute Price List"
"SCREW, COMPRESSION HEADLESS MINI 22MM","PacuWmSup66568","CDM","278","RC","C1713","HCPCS","","","facility","both","","","","2338.23","2338.23","","","","","","","","","","","","","Gross Charge Type: Main Acute Price List"
"SCREW, COMPRESSION HEADLESS MINI 24MM","AngiChSup65307","CDM","278","RC","C1713","HCPCS","","","facility","both","","","","2338.23","2338.23","","","","","","","","","","","","","Gross Charge Type: Main Acute Price List"
"SCREW, COMPRESSION HEADLESS MINI 3.5X46MM","AngiWmSup114122","CDM","278","RC","C1713","HCPCS","","","facility","both","","","","2026.32","2026.32","","","","","","","","","","","","","Gross Charge Type: Main Acute Price List"
"SCREW, COMPRESSSION HEADLESS MICRO 2.5X36MM","GyscChSup115723","CDM","278","RC","C1713","HCPCS","","","facility","both","","","","2026.32","2026.32","","","","","","","","","","","","","Gross Charge Type: Main Acute Price List"
"SCREW, CONICAL CANNULATED  5X50MM","CspuChSup42695","CDM","278","RC","C1713","HCPCS","","","facility","both","","","","927.52","927.52","","","","","","","","","","","","","Gross Charge Type: Main Acute Price List"
"SCREW, CONICAL CANNULATED  5X50MM","ScpuWmSup42695","CDM","278","RC","C1713","HCPCS","","","facility","both","","","","927.52","927.52","","","","","","","","","","","","","Gross Charge Type: Main Acute Price List"
"SCREW, CONICAL EXTRACTOR 2.7MM & 3.5MM","DelrChSup66026","CDM","272","RC","","","","","facility","both","","","","793.5","793.5","","","","","","","","","","","","","Gross Charge Type: Main Acute Price List"
"SCREW, CONICAL EXTRACTOR 4.9MM BOLT","Wilm3166027","CDM","272","RC","","","","","facility","both","","","","435.79","435.79","","","","","","","","","","","","","Gross Charge Type: Main Acute Price List"
"SCREW, CONICAL SELF-TAP FULL THREAD 3.5X65MM","ScpuChSup45892","CDM","278","RC","C1713","HCPCS","","","facility","both","","","","782.23","782.23","","","","","","","","","","","","","Gross Charge Type: Main Acute Price List"
"SCREW, CONICAL SELF-TAP FULL THREAD 3.5X80MM","OperChSup45894","CDM","278","RC","C1713","HCPCS","","","facility","both","","","","782.23","782.23","","","","","","","","","","","","","Gross Charge Type: Main Acute Price List"
"SCREW, CONICAL SELF-TAP FULL THREAD 3.5X80MM","OperWmSup45894","CDM","278","RC","C1713","HCPCS","","","facility","both","","","","782.23","782.23","","","","","","","","","","","","","Gross Charge Type: Main Acute Price List"
"SCREW, CONICAL SELF-TAP PART THR 3.5X75MM","ScorWmSup43040","CDM","278","RC","C1713","HCPCS","","","facility","both","","","","782.23","782.23","","","","","","","","","","","","","Gross Charge Type: Main Acute Price List"
"SCREW, CONICAL SELF-TAP PART THR 3.5X80MM","ScpuChSup43041","CDM","278","RC","C1713","HCPCS","","","facility","both","","","","782.23","782.23","","","","","","","","","","","","","Gross Charge Type: Main Acute Price List"
"SCREW, CONICAL SELF-TAP PART THR 3.5X85MM","ScpuChSup43042","CDM","278","RC","C1713","HCPCS","","","facility","both","","","","782.23","782.23","","","","","","","","","","","","","Gross Charge Type: Main Acute Price List"
"SCREW, CONICLE 5.0X90MM","AnesChSup113900","CDM","278","RC","C1713","HCPCS","","","facility","both","","","","871.77","871.77","","","","","","","","","","","","","Gross Charge Type: Main Acute Price List"
"SCREW, CONNECTING FOR LOCKING ATTACHMENT PLATE","GastWmSup107696","CDM","278","RC","C1713","HCPCS","","","facility","both","","","","1049.8","1049.8","","","","","","","","","","","","","Gross Charge Type: Main Acute Price List"
"SCREW, CORTEX 1.3X9MM","OperWmSup205897","CDM","278","RC","C1713","HCPCS","","","facility","both","","","","483.78","483.78","","","","","","","","","","","","","Gross Charge Type: Main Acute Price List"
"SCREW, CORTEX 1.5X13MM","Chrs54205905","CDM","278","RC","C1713","HCPCS","","","facility","both","","","","207.33","207.33","","","","","","","","","","","","","Gross Charge Type: Main Acute Price List"
"SCREW, CORTEX 1.5X13MM","ScanWmSup205905","CDM","278","RC","C1713","HCPCS","","","facility","both","","","","207.33","207.33","","","","","","","","","","","","","Gross Charge Type: Main Acute Price List"
"SCREW, CORTEX 1.5X14MM - 6391","OperChSup6391","CDM","278","RC","C1713","HCPCS","","","facility","both","","","","221.54","221.54","","","","","","","","","","","","","Gross Charge Type: Main Acute Price List"
"SCREW, CORTEX 1.5X14MM - 6391","Wilm316391","CDM","278","RC","C1713","HCPCS","","","facility","both","","","","221.54","221.54","","","","","","","","","","","","","Gross Charge Type: Main Acute Price List"
"SCREW, CORTEX 1.5X16MM - 200719","GastChSup200719","CDM","278","RC","C1713","HCPCS","","","facility","both","","","","194.95","194.95","","","","","","","","","","","","","Gross Charge Type: Main Acute Price List"
"SCREW, CORTEX 1.5X18MM","OperWmSup200720","CDM","278","RC","C1713","HCPCS","","","facility","both","","","","194.95","194.95","","","","","","","","","","","","","Gross Charge Type: Main Acute Price List"
"SCREW, CORTEX 1.5X6MM","CcthChSup205903","CDM","278","RC","C1713","HCPCS","","","facility","both","","","","207.33","207.33","","","","","","","","","","","","","Gross Charge Type: Main Acute Price List"
"SCREW, CORTEX 1.5X8MM - 200808","EplbChSup200808","CDM","278","RC","C1713","HCPCS","","","facility","both","","","","194.95","194.95","","","","","","","","","","","","","Gross Charge Type: Main Acute Price List"
"SCREW, CORTEX 1.5X8MM - 200808","PacuWmSup200808","CDM","278","RC","C1713","HCPCS","","","facility","both","","","","194.95","194.95","","","","","","","","","","","","","Gross Charge Type: Main Acute Price List"
"SCREW, CORTEX 1.5X9MM - 200716","CspuChSup200716","CDM","278","RC","C1713","HCPCS","","","facility","both","","","","194.95","194.95","","","","","","","","","","","","","Gross Charge Type: Main Acute Price List"
"SCREW, CORTEX 2.0MM ARCH SELF-DRILL W/STARDRIVE 8MM","GyscChSup75937","CDM","278","RC","C1713","HCPCS","","","facility","both","","","","369.59","369.59","","","","","","","","","","","","","Gross Charge Type: Main Acute Price List"
"SCREW, CORTEX 2.0MM ARCH SELF-TAP STRDR 4MM","CLDRChSup75938","CDM","278","RC","C1713","HCPCS","","","facility","both","","","","369.59","369.59","","","","","","","","","","","","","Gross Charge Type: Main Acute Price List"
"SCREW, CORTEX 2.0MM ARCH SELF-TAP W/STARDRIVE 6MM","OperChSup75939","CDM","278","RC","C1713","HCPCS","","","facility","both","","","","347.52","347.52","","","","","","","","","","","","","Gross Charge Type: Main Acute Price List"
"SCREW, CORTEX 2.0MM ARCH SELF-TAP W/STARDRIVE 6MM","ScanWmSup75939","CDM","278","RC","C1713","HCPCS","","","facility","both","","","","347.52","347.52","","","","","","","","","","","","","Gross Charge Type: Main Acute Price List"
"SCREW, CORTEX 2.0MM ARCH SELF-TAP W/STARDRIVE 6MM","ScorChSup75939","CDM","278","RC","C1713","HCPCS","","","facility","both","","","","347.52","347.52","","","","","","","","","","","","","Gross Charge Type: Main Acute Price List"
"SCREW, CORTEX 2.0X10MM - 6395","CspuChSup6395","CDM","278","RC","C1713","HCPCS","","","facility","both","","","","221.54","221.54","","","","","","","","","","","","","Gross Charge Type: Main Acute Price List"
"SCREW, CORTEX 2.0X10MM - 6395","GastWmSup6395","CDM","278","RC","C1713","HCPCS","","","facility","both","","","","221.54","221.54","","","","","","","","","","","","","Gross Charge Type: Main Acute Price List"
"SCREW, CORTEX 2.0X11MM","PacuChSup205934","CDM","278","RC","C1713","HCPCS","","","facility","both","","","","194.95","194.95","","","","","","","","","","","","","Gross Charge Type: Main Acute Price List"
"SCREW, CORTEX 2.0X12MM","CspuChSup6396","CDM","278","RC","C1713","HCPCS","","","facility","both","","","","221.54","221.54","","","","","","","","","","","","","Gross Charge Type: Main Acute Price List"
"SCREW, CORTEX 2.0X12MM","GastChSup6396","CDM","278","RC","C1713","HCPCS","","","facility","both","","","","221.54","221.54","","","","","","","","","","","","","Gross Charge Type: Main Acute Price List"
"SCREW, CORTEX 2.0X12MM","PacuWmSup6396","CDM","278","RC","C1713","HCPCS","","","facility","both","","","","221.54","221.54","","","","","","","","","","","","","Gross Charge Type: Main Acute Price List"
"SCREW, CORTEX 2.0X12MM","ScpuChSup6396","CDM","278","RC","C1713","HCPCS","","","facility","both","","","","221.54","221.54","","","","","","","","","","","","","Gross Charge Type: Main Acute Price List"
"SCREW, CORTEX 2.0X32MM","EplbChSup67854","CDM","278","RC","C1713","HCPCS","","","facility","both","","","","254.03","254.03","","","","","","","","","","","","","Gross Charge Type: Main Acute Price List"
"SCREW, CORTEX 2.0X40MM","GastWmSup72244","CDM","278","RC","C1713","HCPCS","","","facility","both","","","","254.03","254.03","","","","","","","","","","","","","Gross Charge Type: Main Acute Price List"
"SCREW, CORTEX 2.4X10MM","EplbChSup205911","CDM","278","RC","C1713","HCPCS","","","facility","both","","","","428.38","428.38","","","","","","","","","","","","","Gross Charge Type: Main Acute Price List"
"SCREW, CORTEX 2.4X12MM","EplbChSup205913","CDM","278","RC","C1713","HCPCS","","","facility","both","","","","428.38","428.38","","","","","","","","","","","","","Gross Charge Type: Main Acute Price List"
"SCREW, CORTEX 2.4X26MM","AngiChSup114665","CDM","278","RC","C1713","HCPCS","","","facility","both","","","","636.84","636.84","","","","","","","","","","","","","Gross Charge Type: Main Acute Price List"
"SCREW, CORTEX 2.7X12MM - 41923","CcthChSup41923","CDM","278","RC","C1713","HCPCS","","","facility","both","","","","235.6","235.6","","","","","","","","","","","","","Gross Charge Type: Main Acute Price List"
"SCREW, CORTEX 2.7X12MM - 41923","ScpuWmSup41923","CDM","278","RC","C1713","HCPCS","","","facility","both","","","","235.6","235.6","","","","","","","","","","","","","Gross Charge Type: Main Acute Price List"
"SCREW, CORTEX 2.7X12MM - 6404","OperWmSup6404","CDM","278","RC","C1713","HCPCS","","","facility","both","","","","221.54","221.54","","","","","","","","","","","","","Gross Charge Type: Main Acute Price List"
"SCREW, CORTEX 2.7X12MM - 6404","PacuChSup6404","CDM","278","RC","C1713","HCPCS","","","facility","both","","","","221.54","221.54","","","","","","","","","","","","","Gross Charge Type: Main Acute Price List"
"SCREW, CORTEX 2.7X12MM - 6404","ScanWmSup6404","CDM","278","RC","C1713","HCPCS","","","facility","both","","","","221.54","221.54","","","","","","","","","","","","","Gross Charge Type: Main Acute Price List"
"SCREW, CORTEX 2.7X22MM - 40197","OperChSup40197","CDM","278","RC","C1713","HCPCS","","","facility","both","","","","235.6","235.6","","","","","","","","","","","","","Gross Charge Type: Main Acute Price List"
"SCREW, CORTEX 2.7X28MM","EplbChSup40200","CDM","278","RC","C1713","HCPCS","","","facility","both","","","","235.6","235.6","","","","","","","","","","","","","Gross Charge Type: Main Acute Price List"
"SCREW, CORTEX 2.7X28MM","GastChSup40200","CDM","278","RC","C1713","HCPCS","","","facility","both","","","","235.6","235.6","","","","","","","","","","","","","Gross Charge Type: Main Acute Price List"
"SCREW, CORTEX 2.7X28MM","OperChSup40200","CDM","278","RC","C1713","HCPCS","","","facility","both","","","","235.6","235.6","","","","","","","","","","","","","Gross Charge Type: Main Acute Price List"
"SCREW, CORTEX 2.7X28MM","ScorChSup40200","CDM","278","RC","C1713","HCPCS","","","facility","both","","","","235.6","235.6","","","","","","","","","","","","","Gross Charge Type: Main Acute Price List"
"SCREW, CORTEX 2.7X32MM T8","ScorChSup121666","CDM","278","RC","C1713","HCPCS","","","facility","both","","","","430.05","430.05","","","","","","","","","","","","","Gross Charge Type: Main Acute Price List"
"SCREW, CORTEX 2.7X36MM T8","ScorWmSup121242","CDM","278","RC","C1713","HCPCS","","","facility","both","","","","404.28","404.28","","","","","","","","","","","","","Gross Charge Type: Main Acute Price List"
"SCREW, CORTEX 2.7X36MM","ScorChSup40204","CDM","278","RC","C1713","HCPCS","","","facility","both","","","","235.6","235.6","","","","","","","","","","","","","Gross Charge Type: Main Acute Price List"
"SCREW, CORTEX 2.7X44MM","OperChSup40188","CDM","278","RC","C1713","HCPCS","","","facility","both","","","","221.54","221.54","","","","","","","","","","","","","Gross Charge Type: Main Acute Price List"
"SCREW, CORTEX 2.7X44MM","PacuChSup40188","CDM","278","RC","C1713","HCPCS","","","facility","both","","","","221.54","221.54","","","","","","","","","","","","","Gross Charge Type: Main Acute Price List"
"SCREW, CORTEX 2.7X44MM","ScorChSup40188","CDM","278","RC","C1713","HCPCS","","","facility","both","","","","221.54","221.54","","","","","","","","","","","","","Gross Charge Type: Main Acute Price List"
"SCREW, CORTEX 2.7X46MM - 35446","ScpuWmSup35446","CDM","278","RC","C1713","HCPCS","","","facility","both","","","","219.9","219.9","","","","","","","","","","","","","Gross Charge Type: Main Acute Price List"
"SCREW, CORTEX 2.7X46MM T8","OperChSup121267","CDM","278","RC","C1713","HCPCS","","","facility","both","","","","430.05","430.05","","","","","","","","","","","","","Gross Charge Type: Main Acute Price List"
"SCREW, CORTEX 2.7X48MM","EplbChSup40190","CDM","278","RC","C1713","HCPCS","","","facility","both","","","","235.6","235.6","","","","","","","","","","","","","Gross Charge Type: Main Acute Price List"
"SCREW, CORTEX 2.7X50MM","ScpuWmSup40191","CDM","278","RC","C1713","HCPCS","","","facility","both","","","","235.6","235.6","","","","","","","","","","","","","Gross Charge Type: Main Acute Price List"
"SCREW, CORTEX 2.7X55MM","ScanWmSup40192","CDM","278","RC","C1713","HCPCS","","","facility","both","","","","273.31","273.31","","","","","","","","","","","","","Gross Charge Type: Main Acute Price List"
"SCREW, CORTEX 2.7X55MM","ScorChSup40192","CDM","278","RC","C1713","HCPCS","","","facility","both","","","","273.31","273.31","","","","","","","","","","","","","Gross Charge Type: Main Acute Price List"
"SCREW, CORTEX 3 FLUTE TI 1.3MM - 99693","Chrs5499693","CDM","278","RC","","","","","facility","both","","","","581.48","581.48","","","","","","","","","","","","","Gross Charge Type: Main Acute Price List"
"SCREW, CORTEX 3.5X12MM","CcthChSup83977","CDM","278","RC","C1713","HCPCS","","","facility","both","","","","132.93","132.93","","","","","","","","","","","","","Gross Charge Type: Main Acute Price List"
"SCREW, CORTEX 3.5X28MM","PacuChSup6445","CDM","278","RC","C1713","HCPCS","","","facility","both","","","","215.03","215.03","","","","","","","","","","","","","Gross Charge Type: Main Acute Price List"
"SCREW, CORTEX 3.5X30MM","PacuWmSup200964","CDM","278","RC","C1713","HCPCS","","","facility","both","","","","132.93","132.93","","","","","","","","","","","","","Gross Charge Type: Main Acute Price List"
"SCREW, CORTEX 3.5X34MM","ScanChSup200965","CDM","278","RC","C1713","HCPCS","","","facility","both","","","","132.93","132.93","","","","","","","","","","","","","Gross Charge Type: Main Acute Price List"
"SCREW, CORTEX 3.5X70MM - 26097","ScorChSup26097","CDM","278","RC","C1713","HCPCS","","","facility","both","","","","141.37","141.37","","","","","","","","","","","","","Gross Charge Type: Main Acute Price List"
"SCREW, CORTEX 4.5 145MM","ScorWmSup121080","CDM","278","RC","C1713","HCPCS","","","facility","both","","","","227.45","227.45","","","","","","","","","","","","","Gross Charge Type: Main Acute Price List"
"SCREW, CORTEX 4.5X105MM","OperChSup121886","CDM","278","RC","C1713","HCPCS","","","facility","both","","","","241.95","241.95","","","","","","","","","","","","","Gross Charge Type: Main Acute Price List"
"SCREW, CORTEX 4.5X150MM","OperWmSup109135","CDM","278","RC","C1713","HCPCS","","","facility","both","","","","505.77","505.77","","","","","","","","","","","","","Gross Charge Type: Main Acute Price List"
"SCREW, CORTEX 4.5X160MM","ScorChSup121895","CDM","278","RC","C1713","HCPCS","","","facility","both","","","","505.89","505.89","","","","","","","","","","","","","Gross Charge Type: Main Acute Price List"
"SCREW, CORTEX 4.5X40MM","GastWmSup68343","CDM","278","RC","C1713","HCPCS","","","facility","both","","","","239.26","239.26","","","","","","","","","","","","","Gross Charge Type: Main Acute Price List"
"SCREW, CORTEX 4.5X42MM","CLDRChSup68342","CDM","278","RC","C1713","HCPCS","","","facility","both","","","","226.79","226.79","","","","","","","","","","","","","Gross Charge Type: Main Acute Price List"
"SCREW, CORTEX 4.5X42MM","CspuChSup68342","CDM","278","RC","C1713","HCPCS","","","facility","both","","","","226.79","226.79","","","","","","","","","","","","","Gross Charge Type: Main Acute Price List"
"SCREW, CORTEX 4.5X44MM","ScpuWmSup112914","CDM","278","RC","C1713","HCPCS","","","facility","both","","","","239.26","239.26","","","","","","","","","","","","","Gross Charge Type: Main Acute Price List"
"SCREW, CORTEX 4.5X50MM","PacuChSup103736","CDM","278","RC","C1713","HCPCS","","","facility","both","","","","138.23","138.23","","","","","","","","","","","","","Gross Charge Type: Main Acute Price List"
"SCREW, CORTEX BONE 3.5X20MM","OperChSup114562","CDM","278","RC","C1713","HCPCS","","","facility","both","","","","555.8","555.8","","","","","","","","","","","","","Gross Charge Type: Main Acute Price List"
"SCREW, CORTEX BONE 3.5X22MM","OperChSup114563","CDM","278","RC","C1713","HCPCS","","","facility","both","","","","555.8","555.8","","","","","","","","","","","","","Gross Charge Type: Main Acute Price List"
"SCREW, CORTEX BONE 3.5X30MM","GastWmSup112401","CDM","278","RC","C1713","HCPCS","","","facility","both","","","","591.34","591.34","","","","","","","","","","","","","Gross Charge Type: Main Acute Price List"
"SCREW, CORTEX BONE 3.5X30MM","ScpuChSup112401","CDM","278","RC","C1713","HCPCS","","","facility","both","","","","591.34","591.34","","","","","","","","","","","","","Gross Charge Type: Main Acute Price List"
"SCREW, CORTEX EVOS MINI 2.7X34MM","CspuChSup72870","CDM","278","RC","C1713","HCPCS","","","facility","both","","","","168.83","168.83","","","","","","","","","","","","","Gross Charge Type: Main Acute Price List"
"SCREW, CORTEX LOW PROFILE 3.5X22MM","ScorChSup121951","CDM","278","RC","C1713","HCPCS","","","facility","both","","","","224.76","224.76","","","","","","","","","","","","","Gross Charge Type: Main Acute Price List"
"SCREW, CORTEX LOW PROFILE 3.5X75MM","OperChSup121156","CDM","278","RC","C1713","HCPCS","","","facility","both","","","","211.3","211.3","","","","","","","","","","","","","Gross Charge Type: Main Acute Price List"
"SCREW, CORTEX LP SELF-TAP 3.5X48MM","ScanWmSup61017","CDM","278","RC","C1713","HCPCS","","","facility","both","","","","228.22","228.22","","","","","","","","","","","","","Gross Charge Type: Main Acute Price List"
"SCREW, CORTEX PELVIC SELF-TAPPING 3.5X130MM","ScanWmSup78196","CDM","278","RC","C1713","HCPCS","","","facility","both","","","","527.76","527.76","","","","","","","","","","","","","Gross Charge Type: Main Acute Price List"
"SCREW, CORTEX PELVIC SELF-TAPPING 3.5X140MM","OperWmSup76318","CDM","278","RC","C1713","HCPCS","","","facility","both","","","","527.76","527.76","","","","","","","","","","","","","Gross Charge Type: Main Acute Price List"
"SCREW, CORTEX PELVIC SELF-TAPPING 3.5X140MM","ScorWmSup76318","CDM","278","RC","C1713","HCPCS","","","facility","both","","","","527.76","527.76","","","","","","","","","","","","","Gross Charge Type: Main Acute Price List"
"SCREW, CORTEX RECESS SELF-TAP T8 2.7X34MM","OperWmSup43781","CDM","278","RC","C1713","HCPCS","","","facility","both","","","","219.9","219.9","","","","","","","","","","","","","Gross Charge Type: Main Acute Price List"
"SCREW, CORTEX SELF TAP RECESS 1.5X10MM","CspuChSup52706","CDM","278","RC","C1713","HCPCS","","","facility","both","","","","270.16","270.16","","","","","","","","","","","","","Gross Charge Type: Main Acute Price List"
"SCREW, CORTEX SELF TAP RECESS 1.5X10MM","GastWmSup52706","CDM","278","RC","C1713","HCPCS","","","facility","both","","","","270.16","270.16","","","","","","","","","","","","","Gross Charge Type: Main Acute Price List"
"SCREW, CORTEX SELF TAP RECESS 1.5X10MM","PacuWmSup52706","CDM","278","RC","C1713","HCPCS","","","facility","both","","","","270.16","270.16","","","","","","","","","","","","","Gross Charge Type: Main Acute Price List"
"SCREW, CORTEX SELF TAP RECESS 1.5X10MM","ScorChSup52706","CDM","278","RC","C1713","HCPCS","","","facility","both","","","","270.16","270.16","","","","","","","","","","","","","Gross Charge Type: Main Acute Price List"
"SCREW, CORTEX SELF TAP TI 2.0X12MM - 205935","EplbChSup205935","CDM","278","RC","C1713","HCPCS","","","facility","both","","","","307.61","307.61","","","","","","","","","","","","","Gross Charge Type: Main Acute Price List"
"SCREW, CORTEX SELF TAPPING 3.5X10MM","ScpuChSup5797","CDM","278","RC","C1713","HCPCS","","","facility","both","","","","141.37","141.37","","","","","","","","","","","","","Gross Charge Type: Main Acute Price List"
"SCREW, CORTEX SELF TAPPING 3.5X12MM","GastWmSup5798","CDM","278","RC","C1713","HCPCS","","","facility","both","","","","141.37","141.37","","","","","","","","","","","","","Gross Charge Type: Main Acute Price List"
"SCREW, CORTEX SELF TAPPING 3.5X14MM","ScorWmSup212665","CDM","278","RC","C1713","HCPCS","","","facility","both","","","","141.37","141.37","","","","","","","","","","","","","Gross Charge Type: Main Acute Price List"
"SCREW, CORTEX SELF TAPPING 3.5X18MM","ScorWmSup212667","CDM","278","RC","C1713","HCPCS","","","facility","both","","","","141.37","141.37","","","","","","","","","","","","","Gross Charge Type: Main Acute Price List"
"SCREW, CORTEX SELF TAPPING 3.5X26MM","ScanWmSup5800","CDM","278","RC","C1713","HCPCS","","","facility","both","","","","141.37","141.37","","","","","","","","","","","","","Gross Charge Type: Main Acute Price List"
"SCREW, CORTEX SELF TAPPING 3.5X30MM","CspuChSup5802","CDM","278","RC","C1713","HCPCS","","","facility","both","","","","141.37","141.37","","","","","","","","","","","","","Gross Charge Type: Main Acute Price List"
"SCREW, CORTEX SELF TAPPING 3.5X30MM","ScorWmSup5802","CDM","278","RC","C1713","HCPCS","","","facility","both","","","","141.37","141.37","","","","","","","","","","","","","Gross Charge Type: Main Acute Price List"
"SCREW, CORTEX SELF TAPPING 3.5X38MM","EplbChSup5808","CDM","278","RC","C1713","HCPCS","","","facility","both","","","","141.37","141.37","","","","","","","","","","","","","Gross Charge Type: Main Acute Price List"
"SCREW, CORTEX SELF TAPPING 3.5X45MM","AngiWmSup5810","CDM","278","RC","C1713","HCPCS","","","facility","both","","","","141.37","141.37","","","","","","","","","","","","","Gross Charge Type: Main Acute Price List"
"SCREW, CORTEX SELF TAPPING 3.5X45MM","ScpuWmSup5810","CDM","278","RC","C1713","HCPCS","","","facility","both","","","","141.37","141.37","","","","","","","","","","","","","Gross Charge Type: Main Acute Price List"
"SCREW, CORTEX SELF TAPPING 3.5X45MM","Wilm545810x","CDM","278","RC","C1713","HCPCS","","","facility","both","","","","141.37","141.37","","","","","","","","","","","","","Gross Charge Type: Main Acute Price List"
"SCREW, CORTEX SELF TAPPING 3.5X50MM","OperWmSup5811","CDM","278","RC","C1713","HCPCS","","","facility","both","","","","141.37","141.37","","","","","","","","","","","","","Gross Charge Type: Main Acute Price List"
"SCREW, CORTEX SELF TAPPING 3.5X85MM","ScpuWmSup54377","CDM","278","RC","C1713","HCPCS","","","facility","both","","","","132.93","132.93","","","","","","","","","","","","","Gross Charge Type: Main Acute Price List"
"SCREW, CORTEX SELF TAPPING 3.5X90MM","PacuWmSup54378","CDM","278","RC","C1713","HCPCS","","","facility","both","","","","132.93","132.93","","","","","","","","","","","","","Gross Charge Type: Main Acute Price List"
"SCREW, CORTEX SELF TAPPING 3.5X90MM","ScorWmSup54378","CDM","278","RC","C1713","HCPCS","","","facility","both","","","","132.93","132.93","","","","","","","","","","","","","Gross Charge Type: Main Acute Price List"
"SCREW, CORTEX SELF TAPPING 4.5X16MM","CcthChSup213212","CDM","278","RC","C1713","HCPCS","","","facility","both","","","","138.23","138.23","","","","","","","","","","","","","Gross Charge Type: Main Acute Price List"
"SCREW, CORTEX SELF TAPPING 4.5X18MM","PacuChSup213213","CDM","278","RC","C1713","HCPCS","","","facility","both","","","","138.23","138.23","","","","","","","","","","","","","Gross Charge Type: Main Acute Price List"
"SCREW, CORTEX SELF TAPPING 4.5X20MM","Chrs54213214","CDM","278","RC","C1713","HCPCS","","","facility","both","","","","138.23","138.23","","","","","","","","","","","","","Gross Charge Type: Main Acute Price List"
"SCREW, CORTEX SELF TAPPING 4.5X22MM","Chrs54213215","CDM","278","RC","C1713","HCPCS","","","facility","both","","","","138.23","138.23","","","","","","","","","","","","","Gross Charge Type: Main Acute Price List"
"SCREW, CORTEX SELF TAPPING 4.5X22MM","ScorWmSup213215","CDM","278","RC","C1713","HCPCS","","","facility","both","","","","138.23","138.23","","","","","","","","","","","","","Gross Charge Type: Main Acute Price List"
"SCREW, CORTEX SELF TAPPING 4.5X24MM","PacuChSup213216","CDM","278","RC","C1713","HCPCS","","","facility","both","","","","138.23","138.23","","","","","","","","","","","","","Gross Charge Type: Main Acute Price List"
"SCREW, CORTEX SELF TAPPING 4.5X32MM","ScpuChSup104284","CDM","278","RC","C1713","HCPCS","","","facility","both","","","","138.23","138.23","","","","","","","","","","","","","Gross Charge Type: Main Acute Price List"
"SCREW, CORTEX SELF TAPPING 4.5X38MM","GastChSup101881","CDM","278","RC","C1713","HCPCS","","","facility","both","","","","138.23","138.23","","","","","","","","","","","","","Gross Charge Type: Main Acute Price List"
"SCREW, CORTEX SELF TAPPING 4.5X38MM","GyscChSup101881","CDM","278","RC","C1713","HCPCS","","","facility","both","","","","138.23","138.23","","","","","","","","","","","","","Gross Charge Type: Main Acute Price List"
"SCREW, CORTEX SELF TAPPING 4.5X40MM","EplbChSup101883","CDM","278","RC","C1713","HCPCS","","","facility","both","","","","138.23","138.23","","","","","","","","","","","","","Gross Charge Type: Main Acute Price List"
"SCREW, CORTEX SELF TAPPING 4.5X46MM","OperChSup104551","CDM","278","RC","C1713","HCPCS","","","facility","both","","","","138.23","138.23","","","","","","","","","","","","","Gross Charge Type: Main Acute Price List"
"SCREW, CORTEX SELF TAPPING 4.5X46MM","Wilm54104551","CDM","278","RC","C1713","HCPCS","","","facility","both","","","","138.23","138.23","","","","","","","","","","","","","Gross Charge Type: Main Acute Price List"
"SCREW, CORTEX SELF TAPPING 4.5X54MM","GyscChSup105394","CDM","278","RC","C1713","HCPCS","","","facility","both","","","","138.23","138.23","","","","","","","","","","","","","Gross Charge Type: Main Acute Price List"
"SCREW, CORTEX SELF TAPPING 4.5X90MM","OperWmSup121767","CDM","278","RC","C1713","HCPCS","","","facility","both","","","","241.95","241.95","","","","","","","","","","","","","Gross Charge Type: Main Acute Price List"
"SCREW, CORTEX SELF TAPPING COARSE PITCH 2.0X12MM","GyscChSup34772","CDM","278","RC","","","","","facility","both","","","","468.14","468.14","","","","","","","","","","","","","Gross Charge Type: Main Acute Price List"
"SCREW, CORTEX SELF TAPPING COARSE PITCH 2.0X12MM","ScorChSup34772","CDM","278","RC","","","","","facility","both","","","","468.14","468.14","","","","","","","","","","","","","Gross Charge Type: Main Acute Price List"
"SCREW, CORTEX SELF TAPPING SS 1.3X10MM","GastChSup76428","CDM","278","RC","C1713","HCPCS","","","facility","both","","","","413.55","413.55","","","","","","","","","","","","","Gross Charge Type: Main Acute Price List"
"SCREW, CORTEX SELF- TAPPING 2.7X38MM","CcthChSup54368","CDM","278","RC","C1713","HCPCS","","","facility","both","","","","235.6","235.6","","","","","","","","","","","","","Gross Charge Type: Main Acute Price List"
"SCREW, CORTEX SELF-TAP 3.5X56MM","OperChSup114116","CDM","278","RC","C1713","HCPCS","","","facility","both","","","","124.93","124.93","","","","","","","","","","","","","Gross Charge Type: Main Acute Price List"
"SCREW, CORTEX SELF-TAP 3.5X56MM","OperWmSup114116","CDM","278","RC","C1713","HCPCS","","","facility","both","","","","124.93","124.93","","","","","","","","","","","","","Gross Charge Type: Main Acute Price List"
"SCREW, CORTEX SELF-TAP LP 3.5X10MM","ScanWmSup62584","CDM","278","RC","C1713","HCPCS","","","facility","both","","","","228.22","228.22","","","","","","","","","","","","","Gross Charge Type: Main Acute Price List"
"SCREW, CORTEX SELF-TAP LP 3.5X16MM","OperChSup61651","CDM","278","RC","C1713","HCPCS","","","facility","both","","","","228.22","228.22","","","","","","","","","","","","","Gross Charge Type: Main Acute Price List"
"SCREW, CORTEX SELF-TAP LP 3.5X22MM","AngiWmSup61686","CDM","278","RC","C1713","HCPCS","","","facility","both","","","","228.22","228.22","","","","","","","","","","","","","Gross Charge Type: Main Acute Price List"
"SCREW, CORTEX SELF-TAP LP 3.5X34MM","EplbChSup66194","CDM","278","RC","C1713","HCPCS","","","facility","both","","","","228.22","228.22","","","","","","","","","","","","","Gross Charge Type: Main Acute Price List"
"SCREW, CORTEX SELF-TAP LP 3.5X42MM","ScanWmSup61048","CDM","278","RC","C1713","HCPCS","","","facility","both","","","","228.22","228.22","","","","","","","","","","","","","Gross Charge Type: Main Acute Price List"
"SCREW, CORTEX SELF-TAP LP 3.5X42MM","ScorWmSup61048","CDM","278","RC","C1713","HCPCS","","","facility","both","","","","228.22","228.22","","","","","","","","","","","","","Gross Charge Type: Main Acute Price List"
"SCREW, CORTEX SELF-TAP LP 3.5X46MM","PacuChSup60957","CDM","278","RC","C1713","HCPCS","","","facility","both","","","","214.59","214.59","","","","","","","","","","","","","Gross Charge Type: Main Acute Price List"
"SCREW, CORTEX SELF-TAP LP 3.5X55MM","CspuChSup113332","CDM","278","RC","C1713","HCPCS","","","facility","both","","","","214.59","214.59","","","","","","","","","","","","","Gross Charge Type: Main Acute Price List"
"SCREW, CORTEX SELF-TAP LP 3.5X70MM","AngiWmSup73858","CDM","278","RC","C1713","HCPCS","","","facility","both","","","","228.22","228.22","","","","","","","","","","","","","Gross Charge Type: Main Acute Price List"
"SCREW, CORTEX SELF-TAP LP 3.5X75MM","ScanChSup73859","CDM","278","RC","C1713","HCPCS","","","facility","both","","","","228.22","228.22","","","","","","","","","","","","","Gross Charge Type: Main Acute Price List"
"SCREW, CORTEX SELF-TAP LP 3.5X80MM","ScpuChSup73860","CDM","278","RC","C1713","HCPCS","","","facility","both","","","","228.22","228.22","","","","","","","","","","","","","Gross Charge Type: Main Acute Price List"
"SCREW, CORTEX SELF-TAP LP 3.5X90MM","CLDRChSup73862","CDM","278","RC","C1713","HCPCS","","","facility","both","","","","228.22","228.22","","","","","","","","","","","","","Gross Charge Type: Main Acute Price List"
"SCREW, CORTEX SELF-TAP LP 3.5X90MM","DelrChSup73862","CDM","278","RC","C1713","HCPCS","","","facility","both","","","","228.22","228.22","","","","","","","","","","","","","Gross Charge Type: Main Acute Price List"
"SCREW, CORTEX SELF-TAP RECESS 1.5 X 9MM","EplbChSup52705","CDM","278","RC","C1713","HCPCS","","","facility","both","","","","270.16","270.16","","","","","","","","","","","","","Gross Charge Type: Main Acute Price List"
"SCREW, CORTEX SELF-TAP RECESS 1.5 X 9MM","ScanChSup52705","CDM","278","RC","C1713","HCPCS","","","facility","both","","","","270.16","270.16","","","","","","","","","","","","","Gross Charge Type: Main Acute Price List"
"SCREW, CORTEX SELF-TAP RECESS 1.5X6MM","DelrChSup68041","CDM","278","RC","C1713","HCPCS","","","facility","both","","","","254.03","254.03","","","","","","","","","","","","","Gross Charge Type: Main Acute Price List"
"SCREW, CORTEX SELF-TAP RECESS 2.0X10MM","GyscChSup63362","CDM","278","RC","C1713","HCPCS","","","facility","both","","","","270.16","270.16","","","","","","","","","","","","","Gross Charge Type: Main Acute Price List"
"SCREW, CORTEX SELF-TAP RECESS 2.0X8MM","PacuChSup63361","CDM","278","RC","C1713","HCPCS","","","facility","both","","","","270.16","270.16","","","","","","","","","","","","","Gross Charge Type: Main Acute Price List"
"SCREW, CORTEX SELF-TAP RECESS 2.0X9MM","CLDRChSup66473","CDM","278","RC","C1713","HCPCS","","","facility","both","","","","254.03","254.03","","","","","","","","","","","","","Gross Charge Type: Main Acute Price List"
"SCREW, CORTEX SELF-TAP RECESS 2.0X9MM","ScorChSup66473","CDM","278","RC","C1713","HCPCS","","","facility","both","","","","254.03","254.03","","","","","","","","","","","","","Gross Charge Type: Main Acute Price List"
"SCREW, CORTEX SELF-TAP RECESS 2.0X9MM","ScpuChSup66473","CDM","278","RC","C1713","HCPCS","","","facility","both","","","","254.03","254.03","","","","","","","","","","","","","Gross Charge Type: Main Acute Price List"
"SCREW, CORTEX SELF-TAP RECESS","PacuWmSup108417","CDM","278","RC","C1713","HCPCS","","","facility","both","","","","254.03","254.03","","","","","","","","","","","","","Gross Charge Type: Main Acute Price List"
"SCREW, CORTEX SELF-TAP STARDRIVE 3.5X30MM","CspuChSup116420","CDM","278","RC","C1713","HCPCS","","","facility","both","","","","135.88","135.88","","","","","","","","","","","","","Gross Charge Type: Main Acute Price List"
"SCREW, CORTEX SELF-TAP STARDRIVE 3.5X80MM","AngiChSup108756","CDM","278","RC","C1713","HCPCS","","","facility","both","","","","135.88","135.88","","","","","","","","","","","","","Gross Charge Type: Main Acute Price List"
"SCREW, CORTEX SELF-TAP TI 4.5X46MM","ScpuWmSup45891","CDM","278","RC","C1713","HCPCS","","","facility","both","","","","112.44","112.44","","","","","","","","","","","","","Gross Charge Type: Main Acute Price List"
"SCREW, CORTEX SELF-TAP W/T8 2.7X32MM","GyscChSup44165","CDM","278","RC","C1713","HCPCS","","","facility","both","","","","219.9","219.9","","","","","","","","","","","","","Gross Charge Type: Main Acute Price List"
"SCREW, CORTEX SELF-TAP W/T8 STARDRIVE RECESS 2.4X34MM","ScorChSup63755","CDM","278","RC","C1713","HCPCS","","","facility","both","","","","320.42","320.42","","","","","","","","","","","","","Gross Charge Type: Main Acute Price List"
"SCREW, CORTEX SELF-TAP W/T8 STARDRIVE RECESS 2.4X70MM","GastWmSup112505","CDM","278","RC","C1713","HCPCS","","","facility","both","","","","380.12","380.12","","","","","","","","","","","","","Gross Charge Type: Main Acute Price List"
"SCREW, CORTEX SELF-TAP W/T8 STARDRIVE RECESS 2.4X80MM","PacuChSup112506","CDM","278","RC","C1713","HCPCS","","","facility","both","","","","357.42","357.42","","","","","","","","","","","","","Gross Charge Type: Main Acute Price List"
"SCREW, CORTEX SELF-TAP X/T8 STARDRIVE RECESS 2.4X90MM","AngiWmSup112346","CDM","278","RC","C1713","HCPCS","","","facility","both","","","","395.83","395.83","","","","","","","","","","","","","Gross Charge Type: Main Acute Price List"
"SCREW, CORTEX SELF-TAPPING 2.7X45MM","ScorChSup54369","CDM","278","RC","C1713","HCPCS","","","facility","both","","","","235.6","235.6","","","","","","","","","","","","","Gross Charge Type: Main Acute Price List"
"SCREW, CORTEX SELF-TAPPING 2.7X75MM","ScanWmSup112143","CDM","278","RC","C1713","HCPCS","","","facility","both","","","","314.15","314.15","","","","","","","","","","","","","Gross Charge Type: Main Acute Price List"
"SCREW, CORTEX SELF-TAPPING 2.7X85MM","PacuChSup113216","CDM","278","RC","C1713","HCPCS","","","facility","both","","","","342.42","342.42","","","","","","","","","","","","","Gross Charge Type: Main Acute Price List"
"SCREW, CORTEX SELF-TAPPING 3.5X95MM","AnesWmSup67500","CDM","278","RC","C1713","HCPCS","","","facility","both","","","","132.93","132.93","","","","","","","","","","","","","Gross Charge Type: Main Acute Price List"
"SCREW, CORTEX SELF-TAPPING TI 3.5X20MM","CcthChSup75202","CDM","278","RC","C1713","HCPCS","","","facility","both","","","","144.75","144.75","","","","","","","","","","","","","Gross Charge Type: Main Acute Price List"
"SCREW, CORTEX SLF-TPNG T8 SRARDRIVE RECESS 2.7X38MM","ScanChSup54371","CDM","278","RC","C1713","HCPCS","","","facility","both","","","","219.9","219.9","","","","","","","","","","","","","Gross Charge Type: Main Acute Price List"
"SCREW, CORTEX SLF-TPNG T8 STARDRIVE RECESS 2.4X11MM","GastWmSup54363","CDM","278","RC","C1713","HCPCS","","","facility","both","","","","320.42","320.42","","","","","","","","","","","","","Gross Charge Type: Main Acute Price List"
"SCREW, CORTEX SLF-TPNG T8 STARDRIVE RECESS 2.4X32MM","PacuChSup54364","CDM","278","RC","C1713","HCPCS","","","facility","both","","","","320.42","320.42","","","","","","","","","","","","","Gross Charge Type: Main Acute Price List"
"SCREW, CORTEX SLF-TPNG T8 STARDRIVE RECESS 2.7X36MM","ScanChSup54370","CDM","278","RC","C1713","HCPCS","","","facility","both","","","","219.9","219.9","","","","","","","","","","","","","Gross Charge Type: Main Acute Price List"
"SCREW, CORTEX SLF-TPNG T8 STARDRIVE RECESS 2.7X40MM","ScanWmSup54372","CDM","278","RC","C1713","HCPCS","","","facility","both","","","","219.9","219.9","","","","","","","","","","","","","Gross Charge Type: Main Acute Price List"
"SCREW, CORTEX ST 2.7X14MM","Wilm5425414","CDM","278","RC","C1713","HCPCS","","","facility","both","","","","235.6","235.6","","","","","","","","","","","","","Gross Charge Type: Main Acute Price List"
"SCREW, CORTEX ST 2.7X16MM","EplbChSup25415","CDM","278","RC","C1713","HCPCS","","","facility","both","","","","235.6","235.6","","","","","","","","","","","","","Gross Charge Type: Main Acute Price List"
"SCREW, CORTEX ST 2.7X18MM","PacuChSup9651","CDM","278","RC","C1713","HCPCS","","","facility","both","","","","235.6","235.6","","","","","","","","","","","","","Gross Charge Type: Main Acute Price List"
"SCREW, CORTEX ST 2.7X20MM","GyscChSup9652","CDM","278","RC","C1713","HCPCS","","","facility","both","","","","235.6","235.6","","","","","","","","","","","","","Gross Charge Type: Main Acute Price List"
"SCREW, CORTEX TI 3.5X34MM","AngiWmSup61465","CDM","278","RC","C1713","HCPCS","","","facility","both","","","","205","205","","","","","","","","","","","","","Gross Charge Type: Main Acute Price List"
"SCREW, CORTEX TI 3.5X38MM","ScorChSup59376","CDM","278","RC","C1713","HCPCS","","","facility","both","","","","205","205","","","","","","","","","","","","","Gross Charge Type: Main Acute Price List"
"SCREW, CORTEX TI 3.5X44MM","PacuWmSup59527","CDM","278","RC","C1713","HCPCS","","","facility","both","","","","205","205","","","","","","","","","","","","","Gross Charge Type: Main Acute Price List"
"SCREW, CORTEX TI 3.5X48MM","CspuChSup59528","CDM","278","RC","C1713","HCPCS","","","facility","both","","","","205","205","","","","","","","","","","","","","Gross Charge Type: Main Acute Price List"
"SCREW, CORTEX TI 3.5X48MM","ScorChSup59528","CDM","278","RC","C1713","HCPCS","","","facility","both","","","","205","205","","","","","","","","","","","","","Gross Charge Type: Main Acute Price List"
"SCREW, CORTEX TI 3.5X65MM","ScanChSup63341","CDM","278","RC","C1713","HCPCS","","","facility","both","","","","205","205","","","","","","","","","","","","","Gross Charge Type: Main Acute Price List"
"SCREW, CORTEX TI 3.5X65MM","ScorChSup63341","CDM","278","RC","C1713","HCPCS","","","facility","both","","","","205","205","","","","","","","","","","","","","Gross Charge Type: Main Acute Price List"
"SCREW, CORTEX TI 3.5X70MM","CspuChSup66573","CDM","278","RC","C1713","HCPCS","","","facility","both","","","","205","205","","","","","","","","","","","","","Gross Charge Type: Main Acute Price List"
"SCREW, CORTEX TI 3.5X70MM","ScanChSup66573","CDM","278","RC","C1713","HCPCS","","","facility","both","","","","205","205","","","","","","","","","","","","","Gross Charge Type: Main Acute Price List"
"SCREW, CORTEX TI 3.5X85MM","Chrs5464302","CDM","278","RC","C1713","HCPCS","","","facility","both","","","","205","205","","","","","","","","","","","","","Gross Charge Type: Main Acute Price List"
"SCREW, CORTEX TI 3.5X85MM","EplbChSup64302","CDM","278","RC","C1713","HCPCS","","","facility","both","","","","205","205","","","","","","","","","","","","","Gross Charge Type: Main Acute Price List"
"SCREW, CORTEX TI 4.5X75MM","EplbChSup59420","CDM","278","RC","C1713","HCPCS","","","facility","both","","","","219.86","219.86","","","","","","","","","","","","","Gross Charge Type: Main Acute Price List"
"SCREW, CORTEX TI 4.5X75MM","OperWmSup59420","CDM","278","RC","C1713","HCPCS","","","facility","both","","","","219.86","219.86","","","","","","","","","","","","","Gross Charge Type: Main Acute Price List"
"SCREW, CORTEX TI 4.5X80MM","ScorWmSup59421","CDM","278","RC","C1713","HCPCS","","","facility","both","","","","233.82","233.82","","","","","","","","","","","","","Gross Charge Type: Main Acute Price List"
"SCREW, CORTEX TI 4.5X90MM","ScorWmSup78416","CDM","278","RC","C1713","HCPCS","","","facility","both","","","","219.86","219.86","","","","","","","","","","","","","Gross Charge Type: Main Acute Price List"
"SCREW, CORTEX TI 4.5X95MM","DelrChSup109773","CDM","278","RC","C1713","HCPCS","","","facility","both","","","","233.82","233.82","","","","","","","","","","","","","Gross Charge Type: Main Acute Price List"
"SCREW, CORTEX TI SELF TAPPING 3.5X36MM","CspuChSup120066","CDM","278","RC","C1713","HCPCS","","","facility","both","","","","153.94","153.94","","","","","","","","","","","","","Gross Charge Type: Main Acute Price List"
"SCREW, CORTEX TI SELF TAPPING 3.5X40MM","AnesWmSup120067","CDM","278","RC","C1713","HCPCS","","","facility","both","","","","153.94","153.94","","","","","","","","","","","","","Gross Charge Type: Main Acute Price List"
"SCREW, CORTEX TI SELF TAPPING 3.5X40MM","ScorChSup120067","CDM","278","RC","C1713","HCPCS","","","facility","both","","","","153.94","153.94","","","","","","","","","","","","","Gross Charge Type: Main Acute Price List"
"SCREW, CORTEX TI SELF TAPPING 3.5X45MM","AnesChSup120068","CDM","278","RC","C1713","HCPCS","","","facility","both","","","","153.94","153.94","","","","","","","","","","","","","Gross Charge Type: Main Acute Price List"
"SCREW, CORTEX TI SELF TAPPING 3.5X50MM","EplbChSup120069","CDM","278","RC","C1713","HCPCS","","","facility","both","","","","153.94","153.94","","","","","","","","","","","","","Gross Charge Type: Main Acute Price List"
"SCREW, CORTEX TI SELF TAPPING 3.5X50MM","GyscChSup120069","CDM","278","RC","C1713","HCPCS","","","facility","both","","","","153.94","153.94","","","","","","","","","","","","","Gross Charge Type: Main Acute Price List"
"SCREW, CORTEX TI SELF-TAPPING 3.5X34MM","OperWmSup120566","CDM","278","RC","C1713","HCPCS","","","facility","both","","","","145.38","145.38","","","","","","","","","","","","","Gross Charge Type: Main Acute Price List"
"SCREW, CORTICAL 1.6X16","ScorChSup114854","CDM","278","RC","C1713","HCPCS","","","facility","both","","","","598.82","598.82","","","","","","","","","","","","","Gross Charge Type: Main Acute Price List"
"SCREW, CORTICAL 2.0 X10MM","ScpuChSup112284","CDM","278","RC","C1713","HCPCS","","","facility","both","","","","692.71","692.71","","","","","","","","","","","","","Gross Charge Type: Main Acute Price List"
"SCREW, CORTICAL 2.0X12MM","CspuChSup109328","CDM","278","RC","C1713","HCPCS","","","facility","both","","","","692.71","692.71","","","","","","","","","","","","","Gross Charge Type: Main Acute Price List"
"SCREW, CORTICAL 2.4X 14MM","GyscChSup110779","CDM","278","RC","C1713","HCPCS","","","facility","both","","","","736.7","736.7","","","","","","","","","","","","","Gross Charge Type: Main Acute Price List"
"SCREW, CORTICAL 2.4X18MM","ScanWmSup32354","CDM","278","RC","","","","","facility","both","","","","1045","1045","","","","","","","","","","","","","Gross Charge Type: Main Acute Price List"
"SCREW, CORTICAL 2.4X30MM","ScorChSup112731","CDM","278","RC","C1713","HCPCS","","","facility","both","","","","692.71","692.71","","","","","","","","","","","","","Gross Charge Type: Main Acute Price List"
"SCREW, CORTICAL 2.4X36MM","AnesWmSup115008","CDM","278","RC","C1713","HCPCS","","","facility","both","","","","736.7","736.7","","","","","","","","","","","","","Gross Charge Type: Main Acute Price List"
"SCREW, CORTICAL 2.4X8MM","OperChSup109774","CDM","278","RC","C1713","HCPCS","","","facility","both","","","","692.71","692.71","","","","","","","","","","","","","Gross Charge Type: Main Acute Price List"
"SCREW, CORTICAL 2.7MM X 18MM","CspuChSup119160","CDM","278","RC","C1713","HCPCS","","","facility","both","","","","800.77","800.77","","","","","","","","","","","","","Gross Charge Type: Main Acute Price List"
"SCREW, CORTICAL 2.7MM X 22MM","AngiChSup118399","CDM","278","RC","C1713","HCPCS","","","facility","both","","","","739.16","739.16","","","","","","","","","","","","","Gross Charge Type: Main Acute Price List"
"SCREW, CORTICAL 2.7MM X 26MM","AnesWmSup118401","CDM","278","RC","C1713","HCPCS","","","facility","both","","","","739.16","739.16","","","","","","","","","","","","","Gross Charge Type: Main Acute Price List"
"SCREW, CORTICAL 2.7MM X 28MM","PacuChSup118402","CDM","278","RC","C1713","HCPCS","","","facility","both","","","","739.16","739.16","","","","","","","","","","","","","Gross Charge Type: Main Acute Price List"
"SCREW, CORTICAL 2.7MM X 32MM","GastWmSup118404","CDM","278","RC","C1713","HCPCS","","","facility","both","","","","739.16","739.16","","","","","","","","","","","","","Gross Charge Type: Main Acute Price List"
"SCREW, CORTICAL 2.7X12MM 106125","CLDRChSup106125","CDM","278","RC","C1713","HCPCS","","","facility","both","","","","614.99","614.99","","","","","","","","","","","","","Gross Charge Type: Main Acute Price List"
"SCREW, CORTICAL 2.7X24MM","EplbChSup77636","CDM","278","RC","C1713","HCPCS","","","facility","both","","","","578.27","578.27","","","","","","","","","","","","","Gross Charge Type: Main Acute Price List"
"SCREW, CORTICAL 2.7X24MM","PacuChSup69474","CDM","278","RC","C1713","HCPCS","","","facility","both","","","","282.36","282.36","","","","","","","","","","","","","Gross Charge Type: Main Acute Price List"
"SCREW, CORTICAL 2.7X28MM","AngiChSup77638","CDM","278","RC","C1713","HCPCS","","","facility","both","","","","614.99","614.99","","","","","","","","","","","","","Gross Charge Type: Main Acute Price List"
"SCREW, CORTICAL 2.7X34MM","DelrChSup77639","CDM","278","RC","C1713","HCPCS","","","facility","both","","","","578.27","578.27","","","","","","","","","","","","","Gross Charge Type: Main Acute Price List"
"SCREW, CORTICAL 2.7X34MM","OperWmSup77639","CDM","278","RC","C1713","HCPCS","","","facility","both","","","","578.27","578.27","","","","","","","","","","","","","Gross Charge Type: Main Acute Price List"
"SCREW, CORTICAL 2.7X34MM","ScorWmSup77639","CDM","278","RC","C1713","HCPCS","","","facility","both","","","","578.27","578.27","","","","","","","","","","","","","Gross Charge Type: Main Acute Price List"
"SCREW, CORTICAL 3.5 X 30MM","Chrs3138352","CDM","278","RC","C1713","HCPCS","","","facility","both","","","","162.99","162.99","","","","","","","","","","","","","Gross Charge Type: Main Acute Price List"
"SCREW, CORTICAL 3.5 X 30MM","ScanChSup38352","CDM","278","RC","C1713","HCPCS","","","facility","both","","","","162.99","162.99","","","","","","","","","","","","","Gross Charge Type: Main Acute Price List"
"SCREW, CORTICAL 3.5MMX26MM","AngiWmSup40599","CDM","278","RC","C1713","HCPCS","","","facility","both","","","","162.99","162.99","","","","","","","","","","","","","Gross Charge Type: Main Acute Price List"
"SCREW, CORTICAL 3.5MMX28MM","ScpuWmSup40600","CDM","278","RC","C1713","HCPCS","","","facility","both","","","","162.99","162.99","","","","","","","","","","","","","Gross Charge Type: Main Acute Price List"
"SCREW, CORTICAL 3.5X10MM - 27283","CcthChSup27283","CDM","278","RC","C1713","HCPCS","","","facility","both","","","","320.58","320.58","","","","","","","","","","","","","Gross Charge Type: Main Acute Price List"
"SCREW, CORTICAL 3.5X10MM - 27283","Wilm5427283","CDM","278","RC","C1713","HCPCS","","","facility","both","","","","320.58","320.58","","","","","","","","","","","","","Gross Charge Type: Main Acute Price List"
"SCREW, CORTICAL 3.5X12MM - 26621","GastWmSup26621","CDM","278","RC","C1713","HCPCS","","","facility","both","","","","702.21","702.21","","","","","","","","","","","","","Gross Charge Type: Main Acute Price List"
"SCREW, CORTICAL 3.5X12MM - 26621","PacuWmSup26621","CDM","278","RC","C1713","HCPCS","","","facility","both","","","","702.21","702.21","","","","","","","","","","","","","Gross Charge Type: Main Acute Price List"
"SCREW, CORTICAL 3.5X12MM - 26621","ScorWmSup26621","CDM","278","RC","C1713","HCPCS","","","facility","both","","","","702.21","702.21","","","","","","","","","","","","","Gross Charge Type: Main Acute Price List"
"SCREW, CORTICAL 3.5X15MM","CspuChSup59749","CDM","278","RC","C1713","HCPCS","","","facility","both","","","","702.21","702.21","","","","","","","","","","","","","Gross Charge Type: Main Acute Price List"
"SCREW, CORTICAL 3.5X18MM","AngiChSup108866","CDM","278","RC","C1713","HCPCS","","","facility","both","","","","282.36","282.36","","","","","","","","","","","","","Gross Charge Type: Main Acute Price List"
"SCREW, CORTICAL 3.5X20MM 108092","EplbChSup108092","CDM","278","RC","C1713","HCPCS","","","facility","both","","","","376.48","376.48","","","","","","","","","","","","","Gross Charge Type: Main Acute Price List"
"SCREW, CORTICAL 3.5X20MM 108092","GastWmSup108092","CDM","278","RC","C1713","HCPCS","","","facility","both","","","","376.48","376.48","","","","","","","","","","","","","Gross Charge Type: Main Acute Price List"
"SCREW, CORTICAL 3.5X20MM STRL","CspuChSup79828","CDM","278","RC","C1713","HCPCS","","","facility","both","","","","608.15","608.15","","","","","","","","","","","","","Gross Charge Type: Main Acute Price List"
"SCREW, CORTICAL 3.5X20MM","Chrs5461846","CDM","278","RC","C1713","HCPCS","","","facility","both","","","","205","205","","","","","","","","","","","","","Gross Charge Type: Main Acute Price List"
"SCREW, CORTICAL 3.5X22MM 77181","OperChSup77181","CDM","278","RC","C1713","HCPCS","","","facility","both","","","","400.38","400.38","","","","","","","","","","","","","Gross Charge Type: Main Acute Price List"
"SCREW, CORTICAL 3.5X22MM 77181","ScpuChSup77181","CDM","278","RC","C1713","HCPCS","","","facility","both","","","","400.38","400.38","","","","","","","","","","","","","Gross Charge Type: Main Acute Price List"
"SCREW, CORTICAL 3.5X26MM","CLDRChSup76964","CDM","278","RC","C1713","HCPCS","","","facility","both","","","","400.38","400.38","","","","","","","","","","","","","Gross Charge Type: Main Acute Price List"
"SCREW, CORTICAL 3.5X26MM","PacuChSup76964","CDM","278","RC","C1713","HCPCS","","","facility","both","","","","400.38","400.38","","","","","","","","","","","","","Gross Charge Type: Main Acute Price List"
"SCREW, CORTICAL 3.5X26MM","ScpuWmSup61848","CDM","278","RC","C1713","HCPCS","","","facility","both","","","","205","205","","","","","","","","","","","","","Gross Charge Type: Main Acute Price List"
"SCREW, CORTICAL 3.5X28MM","ScanChSup78701","CDM","278","RC","C1713","HCPCS","","","facility","both","","","","400.38","400.38","","","","","","","","","","","","","Gross Charge Type: Main Acute Price List"
"SCREW, CORTICAL 3.5X30MM","ScpuChSup76965","CDM","278","RC","C1713","HCPCS","","","facility","both","","","","400.38","400.38","","","","","","","","","","","","","Gross Charge Type: Main Acute Price List"
"SCREW, CORTICAL 3.5X34MM-57797","AngiWmSup57797","CDM","278","RC","C1713","HCPCS","","","facility","both","","","","162.99","162.99","","","","","","","","","","","","","Gross Charge Type: Main Acute Price List"
"SCREW, CORTICAL 3.5X35MM 108572","AngiWmSup108572","CDM","278","RC","C1713","HCPCS","","","facility","both","","","","400.38","400.38","","","","","","","","","","","","","Gross Charge Type: Main Acute Price List"
"SCREW, CORTICAL 3.5X45MM 110137","ScanChSup110137","CDM","278","RC","C1713","HCPCS","","","facility","both","","","","400.38","400.38","","","","","","","","","","","","","Gross Charge Type: Main Acute Price List"
"SCREW, CORTICAL 3.5X52","ScorChSup119769","CDM","278","RC","C1713","HCPCS","","","facility","both","","","","376.48","376.48","","","","","","","","","","","","","Gross Charge Type: Main Acute Price List"
"SCREW, CORTICAL 3.5X52","ScpuChSup119769","CDM","278","RC","C1713","HCPCS","","","facility","both","","","","376.48","376.48","","","","","","","","","","","","","Gross Charge Type: Main Acute Price List"
"SCREW, CORTICAL 3.5X56","OperWmSup118389","CDM","278","RC","C1713","HCPCS","","","facility","both","","","","400.38","400.38","","","","","","","","","","","","","Gross Charge Type: Main Acute Price List"
"SCREW, CORTICAL 4 DIAMX46MM LNG STRL","ScanChSup43326","CDM","278","RC","C1713","HCPCS","","","facility","both","","","","1661.89","1661.89","","","","","","","","","","","","","Gross Charge Type: Main Acute Price List"
"SCREW, CORTICAL 4 DIAMX60MM LNG STRL","AngiWmSup43329","CDM","278","RC","C1713","HCPCS","","","facility","both","","","","1661.89","1661.89","","","","","","","","","","","","","Gross Charge Type: Main Acute Price List"
"SCREW, CORTICAL 4.5X28 COMPT","CcthChSup110043","CDM","278","RC","C1713","HCPCS","","","facility","both","","","","689.89","689.89","","","","","","","","","","","","","Gross Charge Type: Main Acute Price List"
"SCREW, CORTICAL 4.5X34MM","Wilm316653","CDM","278","RC","C1713","HCPCS","","","facility","both","","","","239.26","239.26","","","","","","","","","","","","","Gross Charge Type: Main Acute Price List"
"SCREW, CORTICAL 4.5X36MM - COMPT","PacuChSup109353","CDM","278","RC","C1713","HCPCS","","","facility","both","","","","648.7","648.7","","","","","","","","","","","","","Gross Charge Type: Main Acute Price List"
"SCREW, CORTICAL 4.5X36MM","PacuChSup6654","CDM","278","RC","C1713","HCPCS","","","facility","both","","","","239.26","239.26","","","","","","","","","","","","","Gross Charge Type: Main Acute Price List"
"SCREW, CORTICAL 4.5X36MM","ScpuChSup6654","CDM","278","RC","C1713","HCPCS","","","facility","both","","","","239.26","239.26","","","","","","","","","","","","","Gross Charge Type: Main Acute Price List"
"SCREW, CORTICAL 4.5X38MM - 6655","GastChSup6655","CDM","278","RC","C1713","HCPCS","","","facility","both","","","","239.26","239.26","","","","","","","","","","","","","Gross Charge Type: Main Acute Price List"
"SCREW, CORTICAL 4.5X40MM","GyscChSup113931","CDM","278","RC","C1713","HCPCS","","","facility","both","","","","609.71","609.71","","","","","","","","","","","","","Gross Charge Type: Main Acute Price List"
"SCREW, CORTICAL 4.5X42MM","CspuChSup59997","CDM","278","RC","C1713","HCPCS","","","facility","both","","","","233.82","233.82","","","","","","","","","","","","","Gross Charge Type: Main Acute Price List"
"SCREW, CORTICAL 4.5X55MM","EplbChSup60002","CDM","278","RC","C1713","HCPCS","","","facility","both","","","","233.82","233.82","","","","","","","","","","","","","Gross Charge Type: Main Acute Price List"
"SCREW, CORTICAL 4.5X55MM","ScorWmSup60002","CDM","278","RC","C1713","HCPCS","","","facility","both","","","","233.82","233.82","","","","","","","","","","","","","Gross Charge Type: Main Acute Price List"
"SCREW, CORTICAL 4.5X80MM","OperWmSup121149","CDM","278","RC","C1713","HCPCS","","","facility","both","","","","470.59","470.59","","","","","","","","","","","","","Gross Charge Type: Main Acute Price List"
"SCREW, CORTICAL 5.5X36MM - COMPT","GastWmSup109350","CDM","278","RC","C1713","HCPCS","","","facility","both","","","","689.89","689.89","","","","","","","","","","","","","Gross Charge Type: Main Acute Price List"
"SCREW, CORTICAL 5.5X45MM ORTHOLOC","PacuWmSup118324","CDM","278","RC","C1713","HCPCS","","","facility","both","","","","609.18","609.18","","","","","","","","","","","","","Gross Charge Type: Main Acute Price List"
"SCREW, CORTICAL 5.5X55MM","GastWmSup115529","CDM","278","RC","C1713","HCPCS","","","facility","both","","","","609.71","609.71","","","","","","","","","","","","","Gross Charge Type: Main Acute Price List"
"SCREW, CORTICAL CAPTURED 5.0 X 34MM","OperChSup10180725","CDM","278","RC","C1713","HCPCS","","","facility","both","","","","1540.3","1540.3","","","","","","","","","","","","","Gross Charge Type: Main Acute Price List"
"SCREW, CORTICAL DOUBLE LEAD LOCK 3.5X26MM","OperWmSup119067","CDM","278","RC","C1713","HCPCS","","","facility","both","","","","1788.27","1788.27","","","","","","","","","","","","","Gross Charge Type: Main Acute Price List"
"SCREW, CORTICAL FIX 4.35X35MM","AngiChSup120062","CDM","278","RC","C1713","HCPCS","","","facility","both","","","","5762.99","5762.99","","","","","","","","","","","","","Gross Charge Type: Main Acute Price List"
"SCREW, CORTICAL FIX FEN VIPER 5.5 TI 5X55MM","AnesWmSup112674","CDM","278","RC","C1713","HCPCS","","","facility","both","","","","6128.94","6128.94","","","","","","","","","","","","","Gross Charge Type: Main Acute Price List"
"SCREW, CORTICAL FIX FEN VIPER 5.5 TI 5X55MM","OperWmSup112674","CDM","278","RC","C1713","HCPCS","","","facility","both","","","","6128.94","6128.94","","","","","","","","","","","","","Gross Charge Type: Main Acute Price List"
"SCREW, CORTICAL FIX FEN VIPER 5.5 TI 6X40MM","OperChSup71910","CDM","278","RC","C1713","HCPCS","","","facility","both","","","","5762.99","5762.99","","","","","","","","","","","","","Gross Charge Type: Main Acute Price List"
"SCREW, CORTICAL FIX FEN VIPER 5.5 TI 7X50MM","GyscChSup71868","CDM","278","RC","C1713","HCPCS","","","facility","both","","","","6128.94","6128.94","","","","","","","","","","","","","Gross Charge Type: Main Acute Price List"
"SCREW, CORTICAL FIX FEN VIPER 5.5 TI 7X55MM","DelrChSup72920","CDM","278","RC","","","","","facility","both","","","","6128.94","6128.94","","","","","","","","","","","","","Gross Charge Type: Main Acute Price List"
"SCREW, CORTICAL FIX FEN VIPER 5.5 TI 8X55MM","ScanChSup71862","CDM","278","RC","C1713","HCPCS","","","facility","both","","","","6128.94","6128.94","","","","","","","","","","","","","Gross Charge Type: Main Acute Price List"
"SCREW, CORTICAL FIX FEN VIPER 6X45MM","CLDRChSup71621","CDM","278","RC","C1713","HCPCS","","","facility","both","","","","6128.94","6128.94","","","","","","","","","","","","","Gross Charge Type: Main Acute Price List"
"SCREW, CORTICAL FIX FEN VIPER 7X40MM","Chrs5471890","CDM","278","RC","","","","","facility","both","","","","6128.94","6128.94","","","","","","","","","","","","","Gross Charge Type: Main Acute Price List"
"SCREW, CORTICAL FIX FEN VIPER 7X45MM","ScanChSup71639","CDM","278","RC","C1713","HCPCS","","","facility","both","","","","6128.94","6128.94","","","","","","","","","","","","","Gross Charge Type: Main Acute Price List"
"SCREW, CORTICAL FIX FEN VIPER 8X40MM","GastWmSup71640","CDM","278","RC","C1713","HCPCS","","","facility","both","","","","6128.94","6128.94","","","","","","","","","","","","","Gross Charge Type: Main Acute Price List"
"SCREW, CORTICAL FIX FEN VIPER 8X45MM","AngiWmSup71642","CDM","278","RC","C1713","HCPCS","","","facility","both","","","","6128.94","6128.94","","","","","","","","","","","","","Gross Charge Type: Main Acute Price List"
"SCREW, CORTICAL FIX FEN VIPER 8X45MM","ScanChSup71642","CDM","278","RC","C1713","HCPCS","","","facility","both","","","","6128.94","6128.94","","","","","","","","","","","","","Gross Charge Type: Main Acute Price List"
"SCREW, CORTICAL FIX FEN VIPER 8X50MM","GyscChSup71641","CDM","278","RC","C1713","HCPCS","","","facility","both","","","","6128.94","6128.94","","","","","","","","","","","","","Gross Charge Type: Main Acute Price List"
"SCREW, CORTICAL FIX FEN VIPER 8X50MM","OperChSup71641","CDM","278","RC","C1713","HCPCS","","","facility","both","","","","6128.94","6128.94","","","","","","","","","","","","","Gross Charge Type: Main Acute Price List"
"SCREW, CORTICAL FIX FEN VIPER MIS 9X50MM","GastWmSup76332","CDM","278","RC","","","","","facility","both","","","","6128.94","6128.94","","","","","","","","","","","","","Gross Charge Type: Main Acute Price List"
"SCREW, CORTICAL FIX FEN VIPER MIS 9X50MM","ScpuChSup76332","CDM","278","RC","","","","","facility","both","","","","6128.94","6128.94","","","","","","","","","","","","","Gross Charge Type: Main Acute Price List"
"SCREW, CORTICAL FIX FEN VIPER MIS TI 9X35MM","PacuWmSup80077","CDM","278","RC","","","","","facility","both","","","","5762.99","5762.99","","","","","","","","","","","","","Gross Charge Type: Main Acute Price List"
"SCREW, CORTICAL FIX FEN VIPER MIS TI 9X35MM","ScanWmSup80077","CDM","278","RC","","","","","facility","both","","","","5762.99","5762.99","","","","","","","","","","","","","Gross Charge Type: Main Acute Price List"
"SCREW, CORTICAL FULL 3.5X34MM","AngiChSup118262","CDM","278","RC","C1713","HCPCS","","","facility","both","","","","734.91","734.91","","","","","","","","","","","","","Gross Charge Type: Main Acute Price List"
"SCREW, CORTICAL FULL 3.5X36MM","CcthChSup118263","CDM","278","RC","C1713","HCPCS","","","facility","both","","","","781.58","781.58","","","","","","","","","","","","","Gross Charge Type: Main Acute Price List"
"SCREW, CORTICAL FULL 3.5X36MM","ScanWmSup118263","CDM","278","RC","C1713","HCPCS","","","facility","both","","","","781.58","781.58","","","","","","","","","","","","","Gross Charge Type: Main Acute Price List"
"SCREW, CORTICAL FULLY-THREADED 3.5X18MM","GyscChSup69434","CDM","278","RC","C1713","HCPCS","","","facility","both","","","","831.56","831.56","","","","","","","","","","","","","Gross Charge Type: Main Acute Price List"
"SCREW, CORTICAL FULLY-THREADED 3.5X24MM","OperChSup79802","CDM","278","RC","C1713","HCPCS","","","facility","both","","","","831.56","831.56","","","","","","","","","","","","","Gross Charge Type: Main Acute Price List"
"SCREW, CORTICAL FULLY-THREADED 3.5X28MM","GastWmSup78732","CDM","278","RC","C1713","HCPCS","","","facility","both","","","","831.56","831.56","","","","","","","","","","","","","Gross Charge Type: Main Acute Price List"
"SCREW, CORTICAL FULLY-THREADED 3.5X28MM","PacuChSup78732","CDM","278","RC","C1713","HCPCS","","","facility","both","","","","831.56","831.56","","","","","","","","","","","","","Gross Charge Type: Main Acute Price List"
"SCREW, CORTICAL FULLY-THREADED 3.5X50MM","EplbChSup117303","CDM","278","RC","C1713","HCPCS","","","facility","both","","","","781.91","781.91","","","","","","","","","","","","","Gross Charge Type: Main Acute Price List"
"SCREW, CORTICAL HEX  3.2X16MM","Wilm5440125","CDM","278","RC","C1713","HCPCS","","","facility","both","","","","615.97","615.97","","","","","","","","","","","","","Gross Charge Type: Main Acute Price List"
"SCREW, CORTICAL HEX 2.7X14MM","EplbChSup107664","CDM","278","RC","C1713","HCPCS","","","facility","both","","","","579.19","579.19","","","","","","","","","","","","","Gross Charge Type: Main Acute Price List"
"SCREW, CORTICAL HEX 2.7X14MM","ScorChSup107664","CDM","278","RC","C1713","HCPCS","","","facility","both","","","","579.19","579.19","","","","","","","","","","","","","Gross Charge Type: Main Acute Price List"
"SCREW, CORTICAL HEX 2.7X16MM","AnesWmSup107665","CDM","278","RC","C1713","HCPCS","","","facility","both","","","","579.19","579.19","","","","","","","","","","","","","Gross Charge Type: Main Acute Price List"
"SCREW, CORTICAL HEX 2.7X16MM","ScpuChSup107665","CDM","278","RC","C1713","HCPCS","","","facility","both","","","","579.19","579.19","","","","","","","","","","","","","Gross Charge Type: Main Acute Price List"
"SCREW, CORTICAL HEX 2.7X18MM","AngiChSup107666","CDM","278","RC","C1713","HCPCS","","","facility","both","","","","579.19","579.19","","","","","","","","","","","","","Gross Charge Type: Main Acute Price List"
"SCREW, CORTICAL HEX 2.7X18MM","OperWmSup107666","CDM","278","RC","C1713","HCPCS","","","facility","both","","","","579.19","579.19","","","","","","","","","","","","","Gross Charge Type: Main Acute Price List"
"SCREW, CORTICAL HEX 3.2X12MM","Wilm5440387","CDM","278","RC","C1713","HCPCS","","","facility","both","","","","615.97","615.97","","","","","","","","","","","","","Gross Charge Type: Main Acute Price List"
"SCREW, CORTICAL HEX 3.2X13MM","PacuChSup50775","CDM","278","RC","C1713","HCPCS","","","facility","both","","","","615.97","615.97","","","","","","","","","","","","","Gross Charge Type: Main Acute Price List"
"SCREW, CORTICAL HEX 3.2X14MM","EplbChSup39979","CDM","278","RC","C1713","HCPCS","","","facility","both","","","","615.97","615.97","","","","","","","","","","","","","Gross Charge Type: Main Acute Price List"
"SCREW, CORTICAL HEX 3.2X14MM","ScanChSup39979","CDM","278","RC","C1713","HCPCS","","","facility","both","","","","615.97","615.97","","","","","","","","","","","","","Gross Charge Type: Main Acute Price List"
"SCREW, CORTICAL HEX 3.2X26MM","AngiChSup61147","CDM","278","RC","C1713","HCPCS","","","facility","both","","","","615.97","615.97","","","","","","","","","","","","","Gross Charge Type: Main Acute Price List"
"SCREW, CORTICAL HEX 3.2X26MM","ScorChSup61147","CDM","278","RC","C1713","HCPCS","","","facility","both","","","","615.97","615.97","","","","","","","","","","","","","Gross Charge Type: Main Acute Price List"
"SCREW, CORTICAL HEX 3.2X32MM","AngiChSup120179","CDM","278","RC","C1713","HCPCS","","","facility","both","","","","579.19","579.19","","","","","","","","","","","","","Gross Charge Type: Main Acute Price List"
"SCREW, CORTICAL LOCKING 2.7X34MM","AngiWmSup69033","CDM","278","RC","C1713","HCPCS","","","facility","both","","","","1187.35","1187.35","","","","","","","","","","","","","Gross Charge Type: Main Acute Price List"
"SCREW, CORTICAL LOCKING 2.7X34MM","DelrChSup69033","CDM","278","RC","C1713","HCPCS","","","facility","both","","","","1187.35","1187.35","","","","","","","","","","","","","Gross Charge Type: Main Acute Price List"
"SCREW, CORTICAL LOCKING 2.7X34MM","ScpuWmSup69033","CDM","278","RC","C1713","HCPCS","","","facility","both","","","","1187.35","1187.35","","","","","","","","","","","","","Gross Charge Type: Main Acute Price List"
"SCREW, CORTICAL LOCKING 3.2 X 28MM","GastChSup70017","CDM","278","RC","C1713","HCPCS","","","facility","both","","","","666.07","666.07","","","","","","","","","","","","","Gross Charge Type: Main Acute Price List"
"SCREW, CORTICAL LOCKING 3.2X26","ScanChSup64716","CDM","278","RC","C1713","HCPCS","","","facility","both","","","","708.37","708.37","","","","","","","","","","","","","Gross Charge Type: Main Acute Price List"
"SCREW, CORTICAL LOCKING 3.5MMX28MM","PacuChSup117160","CDM","278","RC","C1713","HCPCS","","","facility","both","","","","1788.27","1788.27","","","","","","","","","","","","","Gross Charge Type: Main Acute Price List"
"SCREW, CORTICAL LOCKING 3.5MMX30MM","OperWmSup119969","CDM","278","RC","C1713","HCPCS","","","facility","both","","","","1788.27","1788.27","","","","","","","","","","","","","Gross Charge Type: Main Acute Price List"
"SCREW, CORTICAL LOCKING 3.5MMX32MM","ScorWmSup119968","CDM","278","RC","C1713","HCPCS","","","facility","both","","","","1788.27","1788.27","","","","","","","","","","","","","Gross Charge Type: Main Acute Price List"
"SCREW, CORTICAL LOCKING 3.5MMX32MM","ScpuWmSup119968","CDM","278","RC","C1713","HCPCS","","","facility","both","","","","1788.27","1788.27","","","","","","","","","","","","","Gross Charge Type: Main Acute Price List"
"SCREW, CORTICAL LOCKING 3.5X28MM 112398","ScpuWmSup112398","CDM","278","RC","C1713","HCPCS","","","facility","both","","","","591.34","591.34","","","","","","","","","","","","","Gross Charge Type: Main Acute Price List"
"SCREW, CORTICAL LOCKING LP HEAD 3.2X30MM","GastWmSup59514","CDM","278","RC","","","","","facility","both","","","","708.37","708.37","","","","","","","","","","","","","Gross Charge Type: Main Acute Price List"
"SCREW, CORTICAL LOCKING LP HEAD 3.2X30MM","OperWmSup59514","CDM","278","RC","","","","","facility","both","","","","708.37","708.37","","","","","","","","","","","","","Gross Charge Type: Main Acute Price List"
"SCREW, CORTICAL LOW PROF  TM SS 3.5X55MM","AngiWmSup44095","CDM","278","RC","C1713","HCPCS","","","facility","both","","","","220.26","220.26","","","","","","","","","","","","","Gross Charge Type: Main Acute Price List"
"SCREW, CORTICAL LOW PROF  TM SS 3.5X60MM","GastChSup44096","CDM","278","RC","C1713","HCPCS","","","facility","both","","","","234.25","234.25","","","","","","","","","","","","","Gross Charge Type: Main Acute Price List"
"SCREW, CORTICAL LOW PROFILE  TM SS 3.5X10MM","AngiWmSup44080","CDM","278","RC","C1713","HCPCS","","","facility","both","","","","234.25","234.25","","","","","","","","","","","","","Gross Charge Type: Main Acute Price List"
"SCREW, CORTICAL LOW PROFILE  TM SS 3.5X14MM","CspuChSup44082","CDM","278","RC","C1713","HCPCS","","","facility","both","","","","234.25","234.25","","","","","","","","","","","","","Gross Charge Type: Main Acute Price List"
"SCREW, CORTICAL LOW PROFILE  TM SS 3.5X14MM","ScorWmSup44082","CDM","278","RC","C1713","HCPCS","","","facility","both","","","","234.25","234.25","","","","","","","","","","","","","Gross Charge Type: Main Acute Price List"
"SCREW, CORTICAL LOW PROFILE  TM SS 3.5X24MM","OperChSup44087","CDM","278","RC","C1713","HCPCS","","","facility","both","","","","220.26","220.26","","","","","","","","","","","","","Gross Charge Type: Main Acute Price List"
"SCREW, CORTICAL LOW PROFILE  TM SS 3.5X24MM","OperWmSup44087","CDM","278","RC","C1713","HCPCS","","","facility","both","","","","220.26","220.26","","","","","","","","","","","","","Gross Charge Type: Main Acute Price List"
"SCREW, CORTICAL LOW PROFILE  TM SS 3.5X30MM","GyscChSup44090","CDM","278","RC","C1713","HCPCS","","","facility","both","","","","220.26","220.26","","","","","","","","","","","","","Gross Charge Type: Main Acute Price List"
"SCREW, CORTICAL LOW PROFILE  TM SS 3.5X40MM","ScorWmSup44092","CDM","278","RC","C1713","HCPCS","","","facility","both","","","","220.26","220.26","","","","","","","","","","","","","Gross Charge Type: Main Acute Price List"
"SCREW, CORTICAL LOW PROFILE 2.4X12MM","AngiWmSup75068","CDM","278","RC","C1713","HCPCS","","","facility","both","","","","692.71","692.71","","","","","","","","","","","","","Gross Charge Type: Main Acute Price List"
"SCREW, CORTICAL LOW PROFILE 2.4X12MM","CspuChSup75068","CDM","278","RC","C1713","HCPCS","","","facility","both","","","","692.71","692.71","","","","","","","","","","","","","Gross Charge Type: Main Acute Price List"
"SCREW, CORTICAL LOW PROFILE 2.4X12MM","PacuChSup75068","CDM","278","RC","C1713","HCPCS","","","facility","both","","","","692.71","692.71","","","","","","","","","","","","","Gross Charge Type: Main Acute Price List"
"SCREW, CORTICAL LOW PROFILE 2.4X14MM","AngiWmSup69258","CDM","278","RC","C1713","HCPCS","","","facility","both","","","","692.71","692.71","","","","","","","","","","","","","Gross Charge Type: Main Acute Price List"
"SCREW, CORTICAL LOW PROFILE 2.4X18MM","GyscChSup70562","CDM","278","RC","C1713","HCPCS","","","facility","both","","","","692.71","692.71","","","","","","","","","","","","","Gross Charge Type: Main Acute Price List"
"SCREW, CORTICAL LOW PROFILE 2.4X8MM","AnesWmSup71918","CDM","278","RC","C1713","HCPCS","","","facility","both","","","","692.71","692.71","","","","","","","","","","","","","Gross Charge Type: Main Acute Price List"
"SCREW, CORTICAL LOW PROFILE 2.4X8MM","Wilm5471918","CDM","278","RC","C1713","HCPCS","","","facility","both","","","","692.71","692.71","","","","","","","","","","","","","Gross Charge Type: Main Acute Price List"
"SCREW, CORTICAL LOW PROFILE TI 3.0X22MM","ScorWmSup59746","CDM","278","RC","C1713","HCPCS","","","facility","both","","","","736.7","736.7","","","","","","","","","","","","","Gross Charge Type: Main Acute Price List"
"SCREW, CORTICAL LOW PROFILE TM SS 3.5X34MM","ScpuWmSup72846","CDM","278","RC","C1713","HCPCS","","","facility","both","","","","220.26","220.26","","","","","","","","","","","","","Gross Charge Type: Main Acute Price List"
"SCREW, CORTICAL LOW PROFILE TM SS 3.5X36MM","GyscChSup68777","CDM","278","RC","C1713","HCPCS","","","facility","both","","","","220.26","220.26","","","","","","","","","","","","","Gross Charge Type: Main Acute Price List"
"SCREW, CORTICAL LOW PROFILE TM SS 3.5X70MM","AnesWmSup112976","CDM","278","RC","C1713","HCPCS","","","facility","both","","","","234.25","234.25","","","","","","","","","","","","","Gross Charge Type: Main Acute Price List"
"SCREW, CORTICAL LOW PROFILE TM SS 3.5X70MM","AngiChSup112976","CDM","278","RC","C1713","HCPCS","","","facility","both","","","","234.25","234.25","","","","","","","","","","","","","Gross Charge Type: Main Acute Price List"
"SCREW, CORTICAL LOW PROFILE TM SS 3.5X70MM","OperWmSup112976","CDM","278","RC","C1713","HCPCS","","","facility","both","","","","234.25","234.25","","","","","","","","","","","","","Gross Charge Type: Main Acute Price List"
"SCREW, CORTICAL LOW PROFILE TM SS 3.5X80MM","PacuChSup119535","CDM","278","RC","C1713","HCPCS","","","facility","both","","","","234.25","234.25","","","","","","","","","","","","","Gross Charge Type: Main Acute Price List"
"SCREW, CORTICAL LP 2.7X22MM","ScorWmSup69150","CDM","278","RC","C1713","HCPCS","","","facility","both","","","","300.3","300.3","","","","","","","","","","","","","Gross Charge Type: Main Acute Price List"
"SCREW, CORTICAL LP 2.7X36MM","AngiChSup70847","CDM","278","RC","C1713","HCPCS","","","facility","both","","","","299.81","299.81","","","","","","","","","","","","","Gross Charge Type: Main Acute Price List"
"SCREW, CORTICAL LP 2.7X36MM","AngiWmSup70847","CDM","278","RC","C1713","HCPCS","","","facility","both","","","","299.81","299.81","","","","","","","","","","","","","Gross Charge Type: Main Acute Price List"
"SCREW, CORTICAL LP 2.7X44MM","GyscChSup114848","CDM","278","RC","C1713","HCPCS","","","facility","both","","","","244.97","244.97","","","","","","","","","","","","","Gross Charge Type: Main Acute Price List"
"SCREW, CORTICAL LP 2.7X52MM","EplbChSup118310","CDM","278","RC","C1713","HCPCS","","","facility","both","","","","282.23","282.23","","","","","","","","","","","","","Gross Charge Type: Main Acute Price List"
"SCREW, CORTICAL LP 2.7X58MM","CspuChSup118080","CDM","278","RC","C1713","HCPCS","","","facility","both","","","","282.36","282.36","","","","","","","","","","","","","Gross Charge Type: Main Acute Price List"
"SCREW, CORTICAL LP 2.7X60MM","EplbChSup118223","CDM","278","RC","C1713","HCPCS","","","facility","both","","","","282.23","282.23","","","","","","","","","","","","","Gross Charge Type: Main Acute Price List"
"SCREW, CORTICAL LP TI 3.0X12MM","OperWmSup76941","CDM","278","RC","C1713","HCPCS","","","facility","both","","","","692.71","692.71","","","","","","","","","","","","","Gross Charge Type: Main Acute Price List"
"SCREW, CORTICAL LP TI 3.0X20MM","GastWmSup65099","CDM","278","RC","C1713","HCPCS","","","facility","both","","","","736.7","736.7","","","","","","","","","","","","","Gross Charge Type: Main Acute Price List"
"SCREW, CORTICAL LP TI 3.0X20MM","ScanChSup65099","CDM","278","RC","C1713","HCPCS","","","facility","both","","","","736.7","736.7","","","","","","","","","","","","","Gross Charge Type: Main Acute Price List"
"SCREW, CORTICAL LP TI 3X30MM","ScorChSup65309","CDM","278","RC","C1713","HCPCS","","","facility","both","","","","736.7","736.7","","","","","","","","","","","","","Gross Charge Type: Main Acute Price List"
"SCREW, CORTICAL NON-LOCKING 3.5 12MM","CcthChSup119796","CDM","278","RC","C1713","HCPCS","","","facility","both","","","","440.19","440.19","","","","","","","","","","","","","Gross Charge Type: Main Acute Price List"
"SCREW, CORTICAL NON-LOCKING 3.5 14MM","AnesChSup119797","CDM","278","RC","C1713","HCPCS","","","facility","both","","","","440.19","440.19","","","","","","","","","","","","","Gross Charge Type: Main Acute Price List"
"SCREW, CORTICAL NON-LOCKING EVOLVE EPS 3.5X34MM","ScanWmSup58095","CDM","278","RC","C1713","HCPCS","","","facility","both","","","","597.5","597.5","","","","","","","","","","","","","Gross Charge Type: Main Acute Price List"
"SCREW, CORTICAL NON-LOCKING EVOLVE EPS 3.5X38MM","CspuChSup58097","CDM","278","RC","C1713","HCPCS","","","facility","both","","","","561.82","561.82","","","","","","","","","","","","","Gross Charge Type: Main Acute Price List"
"SCREW, CORTICAL NON-LOCKING EVOLVE EPS 3.5X38MM","OperChSup58097","CDM","278","RC","C1713","HCPCS","","","facility","both","","","","561.82","561.82","","","","","","","","","","","","","Gross Charge Type: Main Acute Price List"
"SCREW, CORTICAL NON-LOCKING EVOLVE EPS 3.5X40MM","PacuChSup58098","CDM","278","RC","C1713","HCPCS","","","facility","both","","","","561.82","561.82","","","","","","","","","","","","","Gross Charge Type: Main Acute Price List"
"SCREW, CORTICAL NON-LOCKING EVOLVE EPS 3.5X45MM","ScanChSup58099","CDM","278","RC","C1713","HCPCS","","","facility","both","","","","597.5","597.5","","","","","","","","","","","","","Gross Charge Type: Main Acute Price List"
"SCREW, CORTICAL NON-LOCKING EVOLVE EPS 3.5X45MM","ScpuWmSup58099","CDM","278","RC","C1713","HCPCS","","","facility","both","","","","597.5","597.5","","","","","","","","","","","","","Gross Charge Type: Main Acute Price List"
"SCREW, CORTICAL NON-LOCKING EVOLVE EPS 3.5X50MM","ScorWmSup58100","CDM","278","RC","C1713","HCPCS","","","facility","both","","","","597.5","597.5","","","","","","","","","","","","","Gross Charge Type: Main Acute Price List"
"SCREW, CORTICAL NON-LOCKING EVOLVE EPS 3.5X60MM","PacuWmSup58102","CDM","278","RC","C1713","HCPCS","","","facility","both","","","","597.5","597.5","","","","","","","","","","","","","Gross Charge Type: Main Acute Price List"
"SCREW, CORTICAL NON-LOCKING TI 3.5X22MM","ScpuChSup65537","CDM","278","RC","C1713","HCPCS","","","facility","both","","","","300.3","300.3","","","","","","","","","","","","","Gross Charge Type: Main Acute Price List"
"SCREW, CORTICAL NON-LOCKING TI 3.5X45MM","GyscChSup64943","CDM","278","RC","C1713","HCPCS","","","facility","both","","","","282.36","282.36","","","","","","","","","","","","","Gross Charge Type: Main Acute Price List"
"SCREW, CORTICAL PERIARTICULAR 3.5X28MM","CcthChSup39832","CDM","278","RC","C1713","HCPCS","","","facility","both","","","","141.75","141.75","","","","","","","","","","","","","Gross Charge Type: Main Acute Price List"
"SCREW, CORTICAL POLYAXIAL LOCK 3.5X10MM","Wilm5458063","CDM","278","RC","C1713","HCPCS","","","facility","both","","","","1281.22","1281.22","","","","","","","","","","","","","Gross Charge Type: Main Acute Price List"
"SCREW, CORTICAL POLYAXIAL LOCK 3.5X12MM","AngiWmSup58064","CDM","278","RC","C1713","HCPCS","","","facility","both","","","","1239.48","1239.48","","","","","","","","","","","","","Gross Charge Type: Main Acute Price List"
"SCREW, CORTICAL POLYAXIAL LOCK 3.5X14MM","OperChSup58065","CDM","278","RC","C1713","HCPCS","","","facility","both","","","","1281.22","1281.22","","","","","","","","","","","","","Gross Charge Type: Main Acute Price List"
"SCREW, CORTICAL POLYAXIAL LOCK 3.5X16MM","ScanWmSup58066","CDM","278","RC","C1713","HCPCS","","","facility","both","","","","1281.22","1281.22","","","","","","","","","","","","","Gross Charge Type: Main Acute Price List"
"SCREW, CORTICAL POLYAXIAL LOCK 3.5X18MM","OperChSup58067","CDM","278","RC","C1713","HCPCS","","","facility","both","","","","1239.48","1239.48","","","","","","","","","","","","","Gross Charge Type: Main Acute Price List"
"SCREW, CORTICAL POLYAXIAL LOCK 3.5X20MM","PacuChSup58068","CDM","278","RC","C1713","HCPCS","","","facility","both","","","","1281.22","1281.22","","","","","","","","","","","","","Gross Charge Type: Main Acute Price List"
"SCREW, CORTICAL POLYAXIAL LOCK 3.5X22MM","GyscChSup58069","CDM","278","RC","C1713","HCPCS","","","facility","both","","","","1281.22","1281.22","","","","","","","","","","","","","Gross Charge Type: Main Acute Price List"
"SCREW, CORTICAL POLYAXIAL LOCK 3.5X38MM","ScanWmSup58077","CDM","278","RC","C1713","HCPCS","","","facility","both","","","","1239.48","1239.48","","","","","","","","","","","","","Gross Charge Type: Main Acute Price List"
"SCREW, CORTICAL POLYAXIAL LOCK 3.5X50MM","CspuChSup58080","CDM","278","RC","C1713","HCPCS","","","facility","both","","","","1318.18","1318.18","","","","","","","","","","","","","Gross Charge Type: Main Acute Price List"
"SCREW, CORTICAL POLYAXIAL LOCK 3.5X55MM","CcthChSup58081","CDM","278","RC","C1713","HCPCS","","","facility","both","","","","1281.22","1281.22","","","","","","","","","","","","","Gross Charge Type: Main Acute Price List"
"SCREW, CORTICAL POLYAXIAL LOCK 3.5X60MM","GastWmSup58082","CDM","278","RC","C1713","HCPCS","","","facility","both","","","","1281.22","1281.22","","","","","","","","","","","","","Gross Charge Type: Main Acute Price List"
"SCREW, CORTICAL POLYAXIAL LOCKING 2.7X20MM","PacuChSup58108","CDM","278","RC","C1713","HCPCS","","","facility","both","","","","1318.18","1318.18","","","","","","","","","","","","","Gross Charge Type: Main Acute Price List"
"SCREW, CORTICAL POLYAXIAL LOCKING 2.7X22MM","GastWmSup58109","CDM","278","RC","C1713","HCPCS","","","facility","both","","","","1204.73","1204.73","","","","","","","","","","","","","Gross Charge Type: Main Acute Price List"
"SCREW, CORTICAL POLYAXIAL LOCKING 2.7X26MM","GastWmSup58111","CDM","278","RC","C1713","HCPCS","","","facility","both","","","","1239.48","1239.48","","","","","","","","","","","","","Gross Charge Type: Main Acute Price List"
"SCREW, CORTICAL POLYAXIAL LOCKING 2.7X26MM","OperWmSup58111","CDM","278","RC","C1713","HCPCS","","","facility","both","","","","1239.48","1239.48","","","","","","","","","","","","","Gross Charge Type: Main Acute Price List"
"SCREW, CORTICAL POLYAXIAL LOCKING 2.7X30MM","GastWmSup58113","CDM","278","RC","C1713","HCPCS","","","facility","both","","","","1318.18","1318.18","","","","","","","","","","","","","Gross Charge Type: Main Acute Price List"
"SCREW, CORTICAL POLYAXIAL LOCKING 2.7X30MM","ScanChSup58113","CDM","278","RC","C1713","HCPCS","","","facility","both","","","","1318.18","1318.18","","","","","","","","","","","","","Gross Charge Type: Main Acute Price List"
"SCREW, CORTICAL POLYAXIAL LOCKING 2.7X34MM","GyscChSup58115","CDM","278","RC","C1713","HCPCS","","","facility","both","","","","1204.73","1204.73","","","","","","","","","","","","","Gross Charge Type: Main Acute Price List"
"SCREW, CORTICAL POLYAXIAL LOCKING 2.7X36MM","GyscChSup58116","CDM","278","RC","C1713","HCPCS","","","facility","both","","","","1239.48","1239.48","","","","","","","","","","","","","Gross Charge Type: Main Acute Price List"
"SCREW, CORTICAL SELF-TAP 3.5X 60MM","EplbChSup57753","CDM","278","RC","C1713","HCPCS","","","facility","both","","","","162.99","162.99","","","","","","","","","","","","","Gross Charge Type: Main Acute Price List"
"SCREW, CORTICAL SELF-TAP 3.5X120MM","ScpuWmSup60274","CDM","278","RC","C1713","HCPCS","","","facility","both","","","","150.05","150.05","","","","","","","","","","","","","Gross Charge Type: Main Acute Price List"
"SCREW, CORTICAL SELF-TAP 3.5X22MM","CcthChSup47993","CDM","278","RC","C1713","HCPCS","","","facility","both","","","","162.99","162.99","","","","","","","","","","","","","Gross Charge Type: Main Acute Price List"
"SCREW, CORTICAL SELF-TAP 3.5X24MM","AngiWmSup46446","CDM","278","RC","C1713","HCPCS","","","facility","both","","","","162.99","162.99","","","","","","","","","","","","","Gross Charge Type: Main Acute Price List"
"SCREW, CORTICAL SELF-TAP 3.5X44MM","AngiWmSup60656","CDM","278","RC","C1713","HCPCS","","","facility","both","","","","162.99","162.99","","","","","","","","","","","","","Gross Charge Type: Main Acute Price List"
"SCREW, CORTICAL SELF-TAP 3.5X48MM","ScpuWmSup60657","CDM","278","RC","C1713","HCPCS","","","facility","both","","","","162.99","162.99","","","","","","","","","","","","","Gross Charge Type: Main Acute Price List"
"SCREW, CORTICAL SELF-TAP 3.5X50MM","Chrs5460510","CDM","278","RC","C1713","HCPCS","","","facility","both","","","","162.99","162.99","","","","","","","","","","","","","Gross Charge Type: Main Acute Price List"
"SCREW, CORTICAL SELF-TAP 3.5X70MM","ScanWmSup60658","CDM","278","RC","C1713","HCPCS","","","facility","both","","","","153.26","153.26","","","","","","","","","","","","","Gross Charge Type: Main Acute Price List"
"SCREW, CORTICAL SELF-TAP 3.5X70MM","ScpuWmSup60658","CDM","278","RC","C1713","HCPCS","","","facility","both","","","","153.26","153.26","","","","","","","","","","","","","Gross Charge Type: Main Acute Price List"
"SCREW, CORTICAL SELF-TAP 3.5X75MM","OperWmSup60659","CDM","278","RC","C1713","HCPCS","","","facility","both","","","","150.05","150.05","","","","","","","","","","","","","Gross Charge Type: Main Acute Price List"
"SCREW, CORTICAL SELF-TAP 3.5X80MM","GastWmSup60273","CDM","278","RC","C1713","HCPCS","","","facility","both","","","","141.1","141.1","","","","","","","","","","","","","Gross Charge Type: Main Acute Price List"
"SCREW, CORTICAL SELF-TAP 3.5X95MM","AngiWmSup60662","CDM","278","RC","C1713","HCPCS","","","facility","both","","","","150.05","150.05","","","","","","","","","","","","","Gross Charge Type: Main Acute Price List"
"SCREW, CORTICAL SELF-TAP 4.5X100MM","OperChSup60676","CDM","278","RC","C1713","HCPCS","","","facility","both","","","","216.62","216.62","","","","","","","","","","","","","Gross Charge Type: Main Acute Price List"
"SCREW, CORTICAL SELF-TAP 4.5X22MM","PacuWmSup46366","CDM","278","RC","C1713","HCPCS","","","facility","both","","","","170.29","170.29","","","","","","","","","","","","","Gross Charge Type: Main Acute Price List"
"SCREW, CORTICAL SELF-TAP 4.5X38MM","GastChSup46370","CDM","278","RC","C1713","HCPCS","","","facility","both","","","","170.29","170.29","","","","","","","","","","","","","Gross Charge Type: Main Acute Price List"
"SCREW, CORTICAL SELF-TAP 4.5X46MM","PacuChSup60670","CDM","278","RC","C1713","HCPCS","","","facility","both","","","","170.29","170.29","","","","","","","","","","","","","Gross Charge Type: Main Acute Price List"
"SCREW, CORTICAL SELF-TAP 4.5X54MM","OperWmSup114777","CDM","278","RC","C1713","HCPCS","","","facility","both","","","","160.04","160.04","","","","","","","","","","","","","Gross Charge Type: Main Acute Price List"
"SCREW, CORTICAL SELF-TAP 4.5X60MM","ScpuWmSup60672","CDM","278","RC","C1713","HCPCS","","","facility","both","","","","170.29","170.29","","","","","","","","","","","","","Gross Charge Type: Main Acute Price List"
"SCREW, CORTICAL SELF-TAP 4.5X65MM","GyscChSup60673","CDM","278","RC","C1713","HCPCS","","","facility","both","","","","170.29","170.29","","","","","","","","","","","","","Gross Charge Type: Main Acute Price List"
"SCREW, CORTICAL SELF-TAP 4.5X65MM","ScanWmSup60673","CDM","278","RC","C1713","HCPCS","","","facility","both","","","","170.29","170.29","","","","","","","","","","","","","Gross Charge Type: Main Acute Price List"
"SCREW, CORTICAL SELF-TAP 4.5X95MM","CspuChSup60675","CDM","278","RC","C1713","HCPCS","","","facility","both","","","","170.29","170.29","","","","","","","","","","","","","Gross Charge Type: Main Acute Price List"
"SCREW, CORTICAL SELF-TAP SS 2.7X24MM","ScpuWmSup46469","CDM","278","RC","C1713","HCPCS","","","facility","both","","","","165.57","165.57","","","","","","","","","","","","","Gross Charge Type: Main Acute Price List"
"SCREW, CORTICAL SELF-TAP SS 2.7X26MM","ScanWmSup46470","CDM","278","RC","C1713","HCPCS","","","facility","both","","","","165.57","165.57","","","","","","","","","","","","","Gross Charge Type: Main Acute Price List"
"SCREW, CORTICAL SELFTAP 6.5X85MM","ScorWmSup39255","CDM","278","RC","C1713","HCPCS","","","facility","both","","","","181.1","181.1","","","","","","","","","","","","","Gross Charge Type: Main Acute Price List"
"SCREW, CORTICAL TI 3.5X50MM","ScorWmSup63498","CDM","278","RC","C1713","HCPCS","","","facility","both","","","","205","205","","","","","","","","","","","","","Gross Charge Type: Main Acute Price List"
"SCREW, CORTICAL TI-DBLE LEAD 5X100MM","ScpuChSup69498","CDM","278","RC","C1713","HCPCS","","","facility","both","","","","813.83","813.83","","","","","","","","","","","","","Gross Charge Type: Main Acute Price List"
"SCREW, CORTICAL TI-DBLE LEAD 5X20MM","Chrs5461640","CDM","278","RC","C1713","HCPCS","","","facility","both","","","","1395.86","1395.86","","","","","","","","","","","","","Gross Charge Type: Main Acute Price List"
"SCREW, CORTICAL TI-DBLE LEAD 5X24MM","ScorChSup61641","CDM","278","RC","C1713","HCPCS","","","facility","both","","","","1395.86","1395.86","","","","","","","","","","","","","Gross Charge Type: Main Acute Price List"
"SCREW, CORTICAL TI-DBLE LEAD 5X28MM","GastWmSup64622","CDM","278","RC","C1713","HCPCS","","","facility","both","","","","1395.86","1395.86","","","","","","","","","","","","","Gross Charge Type: Main Acute Price List"
"SCREW, CORTICAL TI-DBLE LEAD 5X30MM","AngiWmSup61561","CDM","278","RC","C1713","HCPCS","","","facility","both","","","","865.5","865.5","","","","","","","","","","","","","Gross Charge Type: Main Acute Price List"
"SCREW, CORTICAL TI-DBLE LEAD 5X32MM","GastWmSup74643","CDM","278","RC","C1713","HCPCS","","","facility","both","","","","865.5","865.5","","","","","","","","","","","","","Gross Charge Type: Main Acute Price List"
"SCREW, CORTICAL TI-DBLE LEAD 5X32MM","ScanWmSup74643","CDM","278","RC","C1713","HCPCS","","","facility","both","","","","865.5","865.5","","","","","","","","","","","","","Gross Charge Type: Main Acute Price List"
"SCREW, CORTICAL TI-DBLE LEAD 5X34MM","AngiWmSup64623","CDM","278","RC","C1713","HCPCS","","","facility","both","","","","1395.86","1395.86","","","","","","","","","","","","","Gross Charge Type: Main Acute Price List"
"SCREW, CORTICAL TI-DBLE LEAD 5X40MM","OperChSup61642","CDM","278","RC","C1713","HCPCS","","","facility","both","","","","1395.86","1395.86","","","","","","","","","","","","","Gross Charge Type: Main Acute Price List"
"SCREW, CORTICAL TI-DBLE LEAD 5X50MM","CcthChSup61639","CDM","278","RC","C1713","HCPCS","","","facility","both","","","","813.83","813.83","","","","","","","","","","","","","Gross Charge Type: Main Acute Price List"
"SCREW, CORTICAL TI-DBLE LEAD 5X56MM","Chrs5461562","CDM","278","RC","C1713","HCPCS","","","facility","both","","","","813.83","813.83","","","","","","","","","","","","","Gross Charge Type: Main Acute Price List"
"SCREW, CORTICAL TI-DBLE LEAD 5X60MM","EplbChSup72331","CDM","278","RC","C1713","HCPCS","","","facility","both","","","","813.83","813.83","","","","","","","","","","","","","Gross Charge Type: Main Acute Price List"
"SCREW, CORTICAL TI-DBLE LEAD 5X60MM","GastChSup72331","CDM","278","RC","C1713","HCPCS","","","facility","both","","","","813.83","813.83","","","","","","","","","","","","","Gross Charge Type: Main Acute Price List"
"SCREW, CORTICAL TI-DBLE LEAD 5X80MM","GastChSup66407","CDM","278","RC","C1713","HCPCS","","","facility","both","","","","1484.5","1484.5","","","","","","","","","","","","","Gross Charge Type: Main Acute Price List"
"SCREW, CORTICAL TI-DOUBLE LEAD  5X70MM","PacuWmSup69046","CDM","278","RC","C1713","HCPCS","","","facility","both","","","","813.83","813.83","","","","","","","","","","","","","Gross Charge Type: Main Acute Price List"
"SCREW, CORTICAL TRIMED 2.3 10MM","GastWmSup55628","CDM","278","RC","","","","","facility","both","","","","550.24","550.24","","","","","","","","","","","","","Gross Charge Type: Main Acute Price List"
"SCREW, CORTICAL TRIMED 2.3 12MM","CspuChSup55629","CDM","278","RC","","","","","facility","both","","","","615.97","615.97","","","","","","","","","","","","","Gross Charge Type: Main Acute Price List"
"SCREW, CORTICAL TRIMED 2.3 14MM","OperChSup55630","CDM","278","RC","C1713","HCPCS","","","facility","both","","","","615.97","615.97","","","","","","","","","","","","","Gross Charge Type: Main Acute Price List"
"SCREW, CORTICAL TRIMED 2.3 14MM","ScorChSup55630","CDM","278","RC","C1713","HCPCS","","","facility","both","","","","615.97","615.97","","","","","","","","","","","","","Gross Charge Type: Main Acute Price List"
"SCREW, CORTICAL TRIMED 2.3 18MM","OperWmSup55632","CDM","278","RC","C1713","HCPCS","","","facility","both","","","","550.24","550.24","","","","","","","","","","","","","Gross Charge Type: Main Acute Price List"
"SCREW, CORTICAL TRIMED 2.3 22MM","CcthChSup55634","CDM","278","RC","C1713","HCPCS","","","facility","both","","","","615.97","615.97","","","","","","","","","","","","","Gross Charge Type: Main Acute Price List"
"SCREW, CORTICAL TRIMED 2.3 24MM","ScanChSup55635","CDM","278","RC","C1713","HCPCS","","","facility","both","","","","615.97","615.97","","","","","","","","","","","","","Gross Charge Type: Main Acute Price List"
"SCREW, CORTICAL TRIMED 2.3 30MM","CspuChSup55638","CDM","278","RC","","","","","facility","both","","","","550.24","550.24","","","","","","","","","","","","","Gross Charge Type: Main Acute Price List"
"SCREW, CORTICAL TRIMED 2.3 30MM","ScorChSup55638","CDM","278","RC","","","","","facility","both","","","","550.24","550.24","","","","","","","","","","","","","Gross Charge Type: Main Acute Price List"
"SCREW, CORTICAL TRIMED 2.3 30MM","ScpuChSup55638","CDM","278","RC","","","","","facility","both","","","","550.24","550.24","","","","","","","","","","","","","Gross Charge Type: Main Acute Price List"
"SCREW, CORTICAL VIPER 5.5 TI FIX 4.35X40MM","CcthChSup57770","CDM","278","RC","C1713","HCPCS","","","facility","both","","","","6128.94","6128.94","","","","","","","","","","","","","Gross Charge Type: Main Acute Price List"
"SCREW, CORTICAL VIPER 5.5 TI FIX 4.35X45MM","AngiWmSup57771","CDM","278","RC","C1713","HCPCS","","","facility","both","","","","6128.94","6128.94","","","","","","","","","","","","","Gross Charge Type: Main Acute Price List"
"SCREW, CSS+ CANNULATED 4.5X40MM ST","CspuChSup117861","CDM","278","RC","C1713","HCPCS","","","facility","both","","","","2896.44","2896.44","","","","","","","","","","","","","Gross Charge Type: Main Acute Price List"
"SCREW, CSS+ CANNULATED 4.5X42MM LT","GastWmSup117859","CDM","278","RC","C1713","HCPCS","","","facility","both","","","","2896.44","2896.44","","","","","","","","","","","","","Gross Charge Type: Main Acute Price List"
"SCREW, CSS+ CANNULATED 4.5X44MM LT","AnesWmSup119318","CDM","278","RC","C1713","HCPCS","","","facility","both","","","","3080.37","3080.37","","","","","","","","","","","","","Gross Charge Type: Main Acute Price List"
"SCREW, CSS+ CANNULATED 4.5X60MM LT","AnesChSup119321","CDM","278","RC","C1713","HCPCS","","","facility","both","","","","2896.44","2896.44","","","","","","","","","","","","","Gross Charge Type: Main Acute Price List"
"SCREW, CSS+ CANNULATED 4.5X60MM LT","DelrChSup119321","CDM","278","RC","C1713","HCPCS","","","facility","both","","","","2896.44","2896.44","","","","","","","","","","","","","Gross Charge Type: Main Acute Price List"
"SCREW, CSS+ CANNULATED 5.5X75MM","PacuChSup118384","CDM","278","RC","C1713","HCPCS","","","facility","both","","","","3080.37","3080.37","","","","","","","","","","","","","Gross Charge Type: Main Acute Price List"
"SCREW, CSS+ CANNULATED 6.5X80MM ST","AngiChSup117806","CDM","278","RC","C1713","HCPCS","","","facility","both","","","","2896.44","2896.44","","","","","","","","","","","","","Gross Charge Type: Main Acute Price List"
"SCREW, CSS+ CANNULATED 6.5X80MM ST","GastChSup117806","CDM","278","RC","C1713","HCPCS","","","facility","both","","","","2896.44","2896.44","","","","","","","","","","","","","Gross Charge Type: Main Acute Price List"
"SCREW, CSS+ CANNULATED 6.5X80MM ST","ScpuChSup117806","CDM","278","RC","C1713","HCPCS","","","facility","both","","","","2896.44","2896.44","","","","","","","","","","","","","Gross Charge Type: Main Acute Price List"
"SCREW, CSS+ CANNULATED ST 4.5X85MM","AnesChSup118978","CDM","278","RC","C1713","HCPCS","","","facility","both","","","","2896.44","2896.44","","","","","","","","","","","","","Gross Charge Type: Main Acute Price List"
"SCREW, DARCO HEADED 4.0X40 SHORT","AngiWmSup106709","CDM","278","RC","C1713","HCPCS","","","facility","both","","","","1540.66","1540.66","","","","","","","","","","","","","Gross Charge Type: Main Acute Price List"
"SCREW, DARCO HEADED 4.0X40 SHORT","GyscChSup106709","CDM","278","RC","C1713","HCPCS","","","facility","both","","","","1540.66","1540.66","","","","","","","","","","","","","Gross Charge Type: Main Acute Price List"
"SCREW, DARCO HEADED 4.0X40 SHORT","PacuWmSup106709","CDM","278","RC","C1713","HCPCS","","","facility","both","","","","1540.66","1540.66","","","","","","","","","","","","","Gross Charge Type: Main Acute Price List"
"SCREW, DARCO HEADLESS 7.0X16X65","CLDRChSup65130","CDM","278","RC","C1713","HCPCS","","","facility","both","","","","4569.85","4569.85","","","","","","","","","","","","","Gross Charge Type: Main Acute Price List"
"SCREW, DARCO HEADLESS 7.0X16X80","PacuChSup80033","CDM","278","RC","C1713","HCPCS","","","facility","both","","","","4569.85","4569.85","","","","","","","","","","","","","Gross Charge Type: Main Acute Price List"
"SCREW, DART FIRE EDGE 3MM 50MM","ScanChSup119530","CDM","278","RC","C1713","HCPCS","","","facility","both","","","","1615.95","1615.95","","","","","","","","","","","","","Gross Charge Type: Main Acute Price List"
"SCREW, DART FIRE EDGE CANNULATED 2.5X24MM","AngiChSup119879","CDM","278","RC","C1713","HCPCS","","","facility","both","","","","1749.17","1749.17","","","","","","","","","","","","","Gross Charge Type: Main Acute Price List"
"SCREW, DART FIRE EDGE CANNULATED 2.5X26MM","PacuWmSup117829","CDM","278","RC","C1713","HCPCS","","","facility","both","","","","1749.17","1749.17","","","","","","","","","","","","","Gross Charge Type: Main Acute Price List"
"SCREW, DART FIRE EDGE CANNULATED 2.5X40MM","PacuWmSup119880","CDM","278","RC","C1713","HCPCS","","","facility","both","","","","1749.17","1749.17","","","","","","","","","","","","","Gross Charge Type: Main Acute Price List"
"SCREW, DART FIRE EDGE CANNULATED FULL 4MM 28MM","AngiChSup120413","CDM","278","RC","C1713","HCPCS","","","facility","both","","","","2747.24","2747.24","","","","","","","","","","","","","Gross Charge Type: Main Acute Price List"
"SCREW, DART FIRE EDGE CANNULATED FULL 4MM 28MM","CcthChSup120413","CDM","278","RC","C1713","HCPCS","","","facility","both","","","","2747.24","2747.24","","","","","","","","","","","","","Gross Charge Type: Main Acute Price List"
"SCREW, DART FIRE EDGE CANNULATED FULL 4MM 32MM","OperChSup121059","CDM","278","RC","C1713","HCPCS","","","facility","both","","","","2583.21","2583.21","","","","","","","","","","","","","Gross Charge Type: Main Acute Price List"
"SCREW, DART FIRE EDGE CANNULATED FULL 4MM 36MM","OperWmSup119975","CDM","278","RC","C1713","HCPCS","","","facility","both","","","","3496.88","3496.88","","","","","","","","","","","","","Gross Charge Type: Main Acute Price List"
"SCREW, DART FIRE EDGE CANNULATED FULL 4MM 36MM","PacuChSup119975","CDM","278","RC","C1713","HCPCS","","","facility","both","","","","3496.88","3496.88","","","","","","","","","","","","","Gross Charge Type: Main Acute Price List"
"SCREW, DART FIRE EDGE CANNULATED FULL 4MM 36MM","PacuWmSup119975","CDM","278","RC","C1713","HCPCS","","","facility","both","","","","3496.88","3496.88","","","","","","","","","","","","","Gross Charge Type: Main Acute Price List"
"SCREW, DART FIRE EDGE CANNULATED SHORT 4MM X 46MM","PacuWmSup118590","CDM","278","RC","C1713","HCPCS","","","facility","both","","","","2154.61","2154.61","","","","","","","","","","","","","Gross Charge Type: Main Acute Price List"
"SCREW, DART FIRE EDGE COMPRESSION 2.5MMX14MM","AnesWmSup118580","CDM","278","RC","C1713","HCPCS","","","facility","both","","","","1349.52","1349.52","","","","","","","","","","","","","Gross Charge Type: Main Acute Price List"
"SCREW, DART FIRE EDGE COMPRESSION 2.5MMX16MM","OperWmSup118581","CDM","278","RC","C1713","HCPCS","","","facility","both","","","","1435.22","1435.22","","","","","","","","","","","","","Gross Charge Type: Main Acute Price List"
"SCREW, DART-FIRE CANNULATED 3MMX38MM","AngiWmSup119860","CDM","278","RC","C1713","HCPCS","","","facility","both","","","","2061.93","2061.93","","","","","","","","","","","","","Gross Charge Type: Main Acute Price List"
"SCREW, DART-FIRE CANNULATED 3MMX38MM","ScanWmSup119860","CDM","278","RC","C1713","HCPCS","","","facility","both","","","","2061.93","2061.93","","","","","","","","","","","","","Gross Charge Type: Main Acute Price List"
"SCREW, DART-FIRE CANNULATED 3MMX40MM","ScanWmSup119145","CDM","278","RC","C1713","HCPCS","","","facility","both","","","","2192.87","2192.87","","","","","","","","","","","","","Gross Charge Type: Main Acute Price List"
"SCREW, DART-FIRE CANNULATED 3MMX50MM","AnesChSup119861","CDM","278","RC","C1713","HCPCS","","","facility","both","","","","2061.93","2061.93","","","","","","","","","","","","","Gross Charge Type: Main Acute Price List"
"SCREW, DART-FIRE CANNULATED 3MMX50MM","GastChSup119861","CDM","278","RC","C1713","HCPCS","","","facility","both","","","","2061.93","2061.93","","","","","","","","","","","","","Gross Charge Type: Main Acute Price List"
"SCREW, DART-FIRE COMP 2.0 L 13MM","ScorWmSup121287","CDM","278","RC","C1713","HCPCS","","","facility","both","","","","2287.16","2287.16","","","","","","","","","","","","","Gross Charge Type: Main Acute Price List"
"SCREW, DARTFIRE 2.0X16","CspuChSup107749","CDM","278","RC","C1713","HCPCS","","","facility","both","","","","1071.51","1071.51","","","","","","","","","","","","","Gross Charge Type: Main Acute Price List"
"SCREW, DARTFIRE EDGE CANNULATED 2.5X18MM","ScorChSup119567","CDM","278","RC","C1713","HCPCS","","","facility","both","","","","1349.52","1349.52","","","","","","","","","","","","","Gross Charge Type: Main Acute Price List"
"SCREW, DARTFIRE EDGE CANNULATED 3 30MM","AnesWmSup119925","CDM","278","RC","C1713","HCPCS","","","facility","both","","","","2061.93","2061.93","","","","","","","","","","","","","Gross Charge Type: Main Acute Price List"
"SCREW, DARTFIRE EDGE CANNULATED 3.5X30MM","DelrChSup118464","CDM","278","RC","C1713","HCPCS","","","facility","both","","","","2310.99","2310.99","","","","","","","","","","","","","Gross Charge Type: Main Acute Price List"
"SCREW, DARTFIRE EDGE CANNULATED 3.5X30MM","ScpuWmSup118464","CDM","278","RC","C1713","HCPCS","","","facility","both","","","","2310.99","2310.99","","","","","","","","","","","","","Gross Charge Type: Main Acute Price List"
"SCREW, DARTFIRE EDGE CANNULATED 3X18MM","ScorChSup119569","CDM","278","RC","C1713","HCPCS","","","facility","both","","","","1615.95","1615.95","","","","","","","","","","","","","Gross Charge Type: Main Acute Price List"
"SCREW, DARTFIRE EDGE CANNULATED FULL 3MM 34MM","GastWmSup117765","CDM","278","RC","C1713","HCPCS","","","facility","both","","","","2192.87","2192.87","","","","","","","","","","","","","Gross Charge Type: Main Acute Price List"
"SCREW, DARTFIRE EDGE CANNULATED FULL 3MM 44MM","EplbChSup118456","CDM","278","RC","C1713","HCPCS","","","facility","both","","","","2061.93","2061.93","","","","","","","","","","","","","Gross Charge Type: Main Acute Price List"
"SCREW, DARTFIRE EDGE CANNULATED FULL 3MM 44MM","GyscChSup118456","CDM","278","RC","C1713","HCPCS","","","facility","both","","","","2061.93","2061.93","","","","","","","","","","","","","Gross Charge Type: Main Acute Price List"
"SCREW, DARTFIRE EDGE CANNULATED FULL 3MM X 16MM","OperWmSup121522","CDM","278","RC","C1713","HCPCS","","","facility","both","","","","2193.39","2193.39","","","","","","","","","","","","","Gross Charge Type: Main Acute Price List"
"SCREW, DISTAL RADIUS CORTEX SELF-TAP 2.4X22MM","AngiWmSup31370","CDM","278","RC","C1713","HCPCS","","","facility","both","","","","320.42","320.42","","","","","","","","","","","","","Gross Charge Type: Main Acute Price List"
"SCREW, DISTAL RADIUS CORTEX SELF-TAP 2.4X22MM","Wilm5431370","CDM","278","RC","C1713","HCPCS","","","facility","both","","","","320.42","320.42","","","","","","","","","","","","","Gross Charge Type: Main Acute Price List"
"SCREW, DISTAL RADIUS CORTEX SELF-TAP 2.4X24MM","ScanChSup31371","CDM","278","RC","C1713","HCPCS","","","facility","both","","","","320.42","320.42","","","","","","","","","","","","","Gross Charge Type: Main Acute Price List"
"SCREW, DISTAL RADIUS CORTEX SELF-TAP 2.4X6MM","PacuWmSup31363","CDM","278","RC","","","","","facility","both","","","","320.42","320.42","","","","","","","","","","","","","Gross Charge Type: Main Acute Price List"
"SCREW, DISTAL RADIUS CORTEX SELF-TAP 2.4X6MM","ScorWmSup31363","CDM","278","RC","","","","","facility","both","","","","320.42","320.42","","","","","","","","","","","","","Gross Charge Type: Main Acute Price List"
"SCREW, DISTAL RADIUS CORTEX SELF-TAP 2.7X10MM","Wilm5431375","CDM","278","RC","C1713","HCPCS","","","facility","both","","","","219.9","219.9","","","","","","","","","","","","","Gross Charge Type: Main Acute Price List"
"SCREW, DISTAL RADIUS CORTEX SELF-TAP 2.7X12MM","CspuChSup31376","CDM","278","RC","C1713","HCPCS","","","facility","both","","","","219.9","219.9","","","","","","","","","","","","","Gross Charge Type: Main Acute Price List"
"SCREW, DISTAL RADIUS CORTEX SELF-TAP 2.7X22MM","Wilm5431381","CDM","278","RC","C1713","HCPCS","","","facility","both","","","","219.9","219.9","","","","","","","","","","","","","Gross Charge Type: Main Acute Price List"
"SCREW, DISTAL RADIUS CORTEX SELF-TAP 2.7X28MM","GastChSup31384","CDM","278","RC","C1713","HCPCS","","","facility","both","","","","219.9","219.9","","","","","","","","","","","","","Gross Charge Type: Main Acute Price List"
"SCREW, DISTAL RADIUS LOCKING SELF-TAP 2.4X12MM","ScpuChSup31356","CDM","278","RC","C1713","HCPCS","","","facility","both","","","","669.13","669.13","","","","","","","","","","","","","Gross Charge Type: Main Acute Price List"
"SCREW, DISTAL RADIUS LOCKING SELF-TAP 2.4X14MM","ScanWmSup29809","CDM","278","RC","C1713","HCPCS","","","facility","both","","","","669.13","669.13","","","","","","","","","","","","","Gross Charge Type: Main Acute Price List"
"SCREW, DISTAL RADIUS LOCKING SELF-TAP 2.4X20MM","EplbChSup29812","CDM","278","RC","C1713","HCPCS","","","facility","both","","","","669.13","669.13","","","","","","","","","","","","","Gross Charge Type: Main Acute Price List"
"SCREW, DISTAL RADIUS LOCKING SELF-TAP 2.4X22MM","ScorWmSup31358","CDM","278","RC","C1713","HCPCS","","","facility","both","","","","669.13","669.13","","","","","","","","","","","","","Gross Charge Type: Main Acute Price List"
"SCREW, DISTAL RADIUS LOCKING SELF-TAP 2.4X24MM","OperChSup31359","CDM","278","RC","C1713","HCPCS","","","facility","both","","","","669.13","669.13","","","","","","","","","","","","","Gross Charge Type: Main Acute Price List"
"SCREW, DISTAL RADIUS LOCKING SELF-TAP 2.4X24MM","PacuChSup31359","CDM","278","RC","C1713","HCPCS","","","facility","both","","","","669.13","669.13","","","","","","","","","","","","","Gross Charge Type: Main Acute Price List"
"SCREW, DISTAL RADIUS LOCKING SELF-TAP 2.4X26MM","ScorChSup31360","CDM","278","RC","","","","","facility","both","","","","669.13","669.13","","","","","","","","","","","","","Gross Charge Type: Main Acute Price List"
"SCREW, DISTAL RADIUS LOCKING SELF-TAP 2.4X30MM","Wilm5431362","CDM","278","RC","","","","","facility","both","","","","669.13","669.13","","","","","","","","","","","","","Gross Charge Type: Main Acute Price List"
"SCREW, DISTAL RADIUS LOCKING SELF-TAP 2.4X6MM","GastChSup31353","CDM","278","RC","C1713","HCPCS","","","facility","both","","","","669.13","669.13","","","","","","","","","","","","","Gross Charge Type: Main Acute Price List"
"SCREW, DRILL FREE 2.0X12MM","ScanChSup113956","CDM","278","RC","C1713","HCPCS","","","facility","both","","","","651.14","651.14","","","","","","","","","","","","","Gross Charge Type: Main Acute Price List"
"SCREW, DRILL FREE MAXDRIVE 2.0X6MM STRL","GastWmSup110610","CDM","278","RC","C1713","HCPCS","","","facility","both","","","","934.65","934.65","","","","","","","","","","","","","Gross Charge Type: Main Acute Price List"
"SCREW, EAGLE/SWIFT OVERSIZE 12MM","ScpuWmSup41636","CDM","278","RC","","","","","facility","both","","","","752.95","752.95","","","","","","","","","","","","","Gross Charge Type: Main Acute Price List"
"SCREW, EMERGENCY 1.8 X 7MM MAXDRIVE CMF LEVEL ONE","ScorChSup121580","CDM","278","RC","C1713","HCPCS","","","facility","both","","","","408.55","408.55","","","","","","","","","","","","","Gross Charge Type: Main Acute Price List"
"SCREW, EMERGENCY 1.8X9MM","AngiWmSup113178","CDM","278","RC","C1713","HCPCS","","","facility","both","","","","295.66","295.66","","","","","","","","","","","","","Gross Charge Type: Main Acute Price List"
"SCREW, EMERGENCY BONE 2.7X12MM","AngiWmSup25365","CDM","278","RC","","","","","facility","both","","","","255.83","255.83","","","","","","","","","","","","","Gross Charge Type: Main Acute Price List"
"SCREW, EMERGENCY BONE 2.7X12MM","Chrs5425365","CDM","278","RC","","","","","facility","both","","","","255.83","255.83","","","","","","","","","","","","","Gross Charge Type: Main Acute Price List"
"SCREW, EMERGENCY BONE 2.7X8MM","CcthChSup25363","CDM","278","RC","","","","","facility","both","","","","263.51","263.51","","","","","","","","","","","","","Gross Charge Type: Main Acute Price List"
"SCREW, EMERGENCY BONE 2.7X8MM","CspuChSup25363","CDM","278","RC","","","","","facility","both","","","","263.51","263.51","","","","","","","","","","","","","Gross Charge Type: Main Acute Price List"
"SCREW, EMERGENCY BONE 2.7X8MM","ScorWmSup25363","CDM","278","RC","","","","","facility","both","","","","263.51","263.51","","","","","","","","","","","","","Gross Charge Type: Main Acute Price List"
"SCREW, EMERGENCY HT 2.3X13MM","AngiWmSup118361","CDM","278","RC","C1713","HCPCS","","","facility","both","","","","167.97","167.97","","","","","","","","","","","","","Gross Charge Type: Main Acute Price List"
"SCREW, EMERGENCY HT 2.3X15MM","DelrChSup118362","CDM","278","RC","C1713","HCPCS","","","facility","both","","","","178.63","178.63","","","","","","","","","","","","","Gross Charge Type: Main Acute Price List"
"SCREW, EMERGENCY HT 2.3X9MM","CspuChSup113631","CDM","278","RC","C1713","HCPCS","","","facility","both","","","","178.63","178.63","","","","","","","","","","","","","Gross Charge Type: Main Acute Price List"
"SCREW, EMERGENCY HT X-DRIVE  2.3 X 7MM","OperWmSup121360","CDM","278","RC","C1713","HCPCS","","","facility","both","","","","215.59","215.59","","","","","","","","","","","","","Gross Charge Type: Main Acute Price List"
"SCREW, EMERGENCY LP SELF-TAP TI 5MM","ScorWmSup49266","CDM","278","RC","C1713","HCPCS","","","facility","both","","","","319.77","319.77","","","","","","","","","","","","","Gross Charge Type: Main Acute Price List"
"SCREW, EMERGENCY MIDFACE 1.9X5","CcthChSup25090","CDM","278","RC","C1713","HCPCS","","","facility","both","","","","327.36","327.36","","","","","","","","","","","","","Gross Charge Type: Main Acute Price List"
"SCREW, EMERGENCY MIDFACE 1.9X5","GastChSup25090","CDM","278","RC","C1713","HCPCS","","","facility","both","","","","327.36","327.36","","","","","","","","","","","","","Gross Charge Type: Main Acute Price List"
"SCREW, EMERGENCY X DRIVE1.8X4MM","ScanChSup56795","CDM","278","RC","C1713","HCPCS","","","facility","both","","","","278.01","278.01","","","","","","","","","","","","","Gross Charge Type: Main Acute Price List"
"SCREW, EVEREST 5.5X35MM","ScanWmSup119956","CDM","278","RC","C1713","HCPCS","","","facility","both","","","","3621.93","3621.93","","","","","","","","","","","","","Gross Charge Type: Main Acute Price List"
"SCREW, EVEREST 5.5X35MM","ScpuChSup119956","CDM","278","RC","C1713","HCPCS","","","facility","both","","","","3621.93","3621.93","","","","","","","","","","","","","Gross Charge Type: Main Acute Price List"
"SCREW, EVEREST 6.5X4MM","OperChSup111153","CDM","278","RC","C1713","HCPCS","","","facility","both","","","","5543.76","5543.76","","","","","","","","","","","","","Gross Charge Type: Main Acute Price List"
"SCREW, EVEREST 8.5X70MM POLYAXIAL","ScanChSup116175","CDM","278","RC","C1713","HCPCS","","","facility","both","","","","3475.17","3475.17","","","","","","","","","","","","","Gross Charge Type: Main Acute Price List"
"SCREW, EVEREST FENESTRATED 5.5X35MM","OperChSup120766","CDM","278","RC","C1713","HCPCS","","","facility","both","","","","4633.56","4633.56","","","","","","","","","","","","","Gross Charge Type: Main Acute Price List"
"SCREW, EVEREST FENESTRATED 5.5X35MM","ScorWmSup120766","CDM","278","RC","C1713","HCPCS","","","facility","both","","","","4633.56","4633.56","","","","","","","","","","","","","Gross Charge Type: Main Acute Price List"
"SCREW, EVOLVE EPS CORTICAL NON-LOCKING 2.7X50MM","OperWmSup118329","CDM","278","RC","C1713","HCPCS","","","facility","both","","","","762.13","762.13","","","","","","","","","","","","","Gross Charge Type: Main Acute Price List"
"SCREW, EVOLVE EPS CORTICAL NON-LOCKING 2.7X50MM","PacuWmSup118329","CDM","278","RC","C1713","HCPCS","","","facility","both","","","","762.13","762.13","","","","","","","","","","","","","Gross Charge Type: Main Acute Price List"
"SCREW, EVOLVE TRIAD NON LOCKING 2.0X12MM","AngiChSup63801","CDM","278","RC","C1713","HCPCS","","","facility","both","","","","915.13","915.13","","","","","","","","","","","","","Gross Charge Type: Main Acute Price List"
"SCREW, EVOLVE TRIAD NON LOCKING 2.0X16MM","ScanWmSup63799","CDM","278","RC","C1713","HCPCS","","","facility","both","","","","915.13","915.13","","","","","","","","","","","","","Gross Charge Type: Main Acute Price List"
"SCREW, EXPANSION 4.35X14MM","GyscChSup92490","CDM","278","RC","","","","","facility","both","","","","579.19","579.19","","","","","","","","","","","","","Gross Charge Type: Main Acute Price List"
"SCREW, EXPANSION 4.35X16MM","Wilm54200745","CDM","278","RC","","","","","facility","both","","","","579.19","579.19","","","","","","","","","","","","","Gross Charge Type: Main Acute Price List"
"SCREW, EXPEDIUM FENESTRATED CORTICAL FIX 5.0X45MM","GastChSup78413","CDM","278","RC","C1713","HCPCS","","","facility","both","","","","6128.94","6128.94","","","","","","","","","","","","","Gross Charge Type: Main Acute Price List"
"SCREW, EXPEDIUM VERSE 5.5 TI  5.0X25MM","AngiWmSup75495","CDM","278","RC","C1713","HCPCS","","","facility","both","","","","6128.94","6128.94","","","","","","","","","","","","","Gross Charge Type: Main Acute Price List"
"SCREW, EXPEDIUM VERSE 5.5 TI  5.0X25MM","DelrChSup75495","CDM","278","RC","C1713","HCPCS","","","facility","both","","","","6128.94","6128.94","","","","","","","","","","","","","Gross Charge Type: Main Acute Price List"
"SCREW, EXPEDIUM VERSE 5.5 TI 4.35X45MM","Chrs5471037","CDM","278","RC","C1713","HCPCS","","","facility","both","","","","6128.94","6128.94","","","","","","","","","","","","","Gross Charge Type: Main Acute Price List"
"SCREW, EXPEDIUM VERSE 5.5 TI 4.35X45MM","CspuChSup71037","CDM","278","RC","C1713","HCPCS","","","facility","both","","","","6128.94","6128.94","","","","","","","","","","","","","Gross Charge Type: Main Acute Price List"
"SCREW, EXPEDIUM VERSE 5.5 TI 5.0X35MM","ScpuWmSup69485","CDM","278","RC","C1713","HCPCS","","","facility","both","","","","6128.94","6128.94","","","","","","","","","","","","","Gross Charge Type: Main Acute Price List"
"SCREW, EXPEDIUM VERSE 5.5 TI 5.0X50MM","DelrChSup71620","CDM","278","RC","C1713","HCPCS","","","facility","both","","","","6128.94","6128.94","","","","","","","","","","","","","Gross Charge Type: Main Acute Price List"
"SCREW, EXPEDIUM VERSE 5.5 TI 6.0X30MM","CLDRChSup69053","CDM","278","RC","C1713","HCPCS","","","facility","both","","","","6128.94","6128.94","","","","","","","","","","","","","Gross Charge Type: Main Acute Price List"
"SCREW, EXPEDIUM VERSE 5.5 TI 6.0X35MM","PacuWmSup72354","CDM","278","RC","","","","","facility","both","","","","6128.94","6128.94","","","","","","","","","","","","","Gross Charge Type: Main Acute Price List"
"SCREW, EXPEDIUM VERSE 5.5 TI 6.0X55MM","AnesWmSup75725","CDM","278","RC","C1713","HCPCS","","","facility","both","","","","5006.89","5006.89","","","","","","","","","","","","","Gross Charge Type: Main Acute Price List"
"SCREW, EXPEDIUM VERSE 5.5 TI 6.0X55MM","AngiWmSup75725","CDM","278","RC","C1713","HCPCS","","","facility","both","","","","5006.89","5006.89","","","","","","","","","","","","","Gross Charge Type: Main Acute Price List"
"SCREW, EXPEDIUM VERSE 5.5 TI 6.0X55MM","ScanChSup75725","CDM","278","RC","C1713","HCPCS","","","facility","both","","","","5006.89","5006.89","","","","","","","","","","","","","Gross Charge Type: Main Acute Price List"
"SCREW, EXPEDIUM VERSE 5.5 TI 7.0X50MM","OperWmSup69042","CDM","278","RC","C1713","HCPCS","","","facility","both","","","","6128.94","6128.94","","","","","","","","","","","","","Gross Charge Type: Main Acute Price List"
"SCREW, EXPEDIUM VERSE 5.5 TI 7.0X50MM","ScorChSup69042","CDM","278","RC","C1713","HCPCS","","","facility","both","","","","6128.94","6128.94","","","","","","","","","","","","","Gross Charge Type: Main Acute Price List"
"SCREW, EXPEDIUM VERSE 5.5 TI 7.0X55MM","GastChSup75727","CDM","278","RC","","","","","facility","both","","","","5006.89","5006.89","","","","","","","","","","","","","Gross Charge Type: Main Acute Price List"
"SCREW, EXPEDIUM VERSE 5.5 TI 7.0X55MM","ScanChSup75727","CDM","278","RC","","","","","facility","both","","","","5006.89","5006.89","","","","","","","","","","","","","Gross Charge Type: Main Acute Price List"
"SCREW, EXPEDIUM VERSE 5.5 TI 7X60MM","AngiChSup111916","CDM","278","RC","C1713","HCPCS","","","facility","both","","","","5762.99","5762.99","","","","","","","","","","","","","Gross Charge Type: Main Acute Price List"
"SCREW, EXPEDIUM VERSE 5.5 TI 8.0X55 MM","OperWmSup75682","CDM","278","RC","C1713","HCPCS","","","facility","both","","","","6128.94","6128.94","","","","","","","","","","","","","Gross Charge Type: Main Acute Price List"
"SCREW, EXPEDIUM VERSE 5.5 TI 8.0X55 MM","ScorWmSup75682","CDM","278","RC","C1713","HCPCS","","","facility","both","","","","6128.94","6128.94","","","","","","","","","","","","","Gross Charge Type: Main Acute Price List"
"SCREW, EXPEDIUM VERSE 5.5 TI 8.0X65MM","AnesChSup106549","CDM","278","RC","C1713","HCPCS","","","facility","both","","","","6128.94","6128.94","","","","","","","","","","","","","Gross Charge Type: Main Acute Price List"
"SCREW, EXPEDIUM VERSE 5.5 TI 8.0X70MM","AnesWmSup110611","CDM","278","RC","C1713","HCPCS","","","facility","both","","","","5762.99","5762.99","","","","","","","","","","","","","Gross Charge Type: Main Acute Price List"
"SCREW, EXPEDIUM VERSE 5.5 TI 8.0X70MM","ScanChSup110611","CDM","278","RC","C1713","HCPCS","","","facility","both","","","","5762.99","5762.99","","","","","","","","","","","","","Gross Charge Type: Main Acute Price List"
"SCREW, EXPEDIUM VERSE 5.5 TI 8.0X90MM","GastWmSup106247","CDM","278","RC","","","","","facility","both","","","","5762.99","5762.99","","","","","","","","","","","","","Gross Charge Type: Main Acute Price List"
"SCREW, EXPEDIUM VERSE 5.5 TI 8.0X90MM","PacuWmSup106247","CDM","278","RC","","","","","facility","both","","","","5762.99","5762.99","","","","","","","","","","","","","Gross Charge Type: Main Acute Price List"
"SCREW, EXPEDIUM VERSE CFX FENESTRATED 5.0X55MM","PacuChSup107729","CDM","278","RC","C1713","HCPCS","","","facility","both","","","","6128.94","6128.94","","","","","","","","","","","","","Gross Charge Type: Main Acute Price List"
"SCREW, EXPEDIUM VERSE CFX FENESTRATED 6.0X35MM","AnesWmSup80083","CDM","278","RC","C1713","HCPCS","","","facility","both","","","","6128.94","6128.94","","","","","","","","","","","","","Gross Charge Type: Main Acute Price List"
"SCREW, EXPEDIUM VERSE CFX FENESTRATED 6.0X50MM","ScpuChSup78783","CDM","278","RC","C1713","HCPCS","","","facility","both","","","","6128.94","6128.94","","","","","","","","","","","","","Gross Charge Type: Main Acute Price List"
"SCREW, EXPEDIUM VERSE CFX FENESTRATED 6.0X50MM","ScpuWmSup78783","CDM","278","RC","C1713","HCPCS","","","facility","both","","","","6128.94","6128.94","","","","","","","","","","","","","Gross Charge Type: Main Acute Price List"
"SCREW, EXPEDIUM VERSE CFX FENESTRATED 7.0X35MM","AnesChSup106246","CDM","278","RC","C1713","HCPCS","","","facility","both","","","","6128.94","6128.94","","","","","","","","","","","","","Gross Charge Type: Main Acute Price List"
"SCREW, EXPEDIUM VERSE CFX FENESTRATED 7.0X35MM","CcthChSup106246","CDM","278","RC","C1713","HCPCS","","","facility","both","","","","6128.94","6128.94","","","","","","","","","","","","","Gross Charge Type: Main Acute Price List"
"SCREW, EXPEDIUM VERSE CFX FENESTRATED 7.0X35MM","PacuWmSup106246","CDM","278","RC","C1713","HCPCS","","","facility","both","","","","6128.94","6128.94","","","","","","","","","","","","","Gross Charge Type: Main Acute Price List"
"SCREW, EXPEDIUM VERSE CORTICAL FIX 4.35X50MM","CcthChSup111696","CDM","278","RC","C1713","HCPCS","","","facility","both","","","","6128.94","6128.94","","","","","","","","","","","","","Gross Charge Type: Main Acute Price List"
"SCREW, EXPEDIUM VERSE CORTICAL FIX POLYAXIAL 5.0X30MM","GyscChSup77518","CDM","278","RC","C1713","HCPCS","","","facility","both","","","","6128.94","6128.94","","","","","","","","","","","","","Gross Charge Type: Main Acute Price List"
"SCREW, EXPEDIUM VERSE CORTICAL FIX POLYAXIAL 6.0X30MM","ScorWmSup77519","CDM","278","RC","C1713","HCPCS","","","facility","both","","","","6128.94","6128.94","","","","","","","","","","","","","Gross Charge Type: Main Acute Price List"
"SCREW, EXPEDIUM VERSE CORTICAL FIX POLYAXIAL 6.0X30MM","ScpuChSup77519","CDM","278","RC","C1713","HCPCS","","","facility","both","","","","6128.94","6128.94","","","","","","","","","","","","","Gross Charge Type: Main Acute Price List"
"SCREW, EXPEDIUM VERSE FENESTRATED CORTICAL 5.0X40MM","OperWmSup79170","CDM","278","RC","C1713","HCPCS","","","facility","both","","","","6128.94","6128.94","","","","","","","","","","","","","Gross Charge Type: Main Acute Price List"
"SCREW, EXPEDIUM VERSE FENESTRATED CORTICAL FIX 8.0X75MM","ScorChSup117786","CDM","278","RC","C1713","HCPCS","","","facility","both","","","","5762.99","5762.99","","","","","","","","","","","","","Gross Charge Type: Main Acute Price List"
"SCREW, EXTRACTION F/ADVANCED TIBIAL NAIL NON-STERILE","AngiWmSup119771","CDM","278","RC","C1713","HCPCS","","","facility","both","","","","4226.45","4226.45","","","","","","","","","","","","","Gross Charge Type: Main Acute Price List"
"SCREW, EXTRACTION F/ADVANCED TIBIAL NAIL NON-STERILE","OperWmSup119771","CDM","278","RC","C1713","HCPCS","","","facility","both","","","","4226.45","4226.45","","","","","","","","","","","","","Gross Charge Type: Main Acute Price List"
"SCREW, FAR CORTICAL LOCKING 2.7MMX14MM","OperWmSup108761","CDM","278","RC","C1713","HCPCS","","","facility","both","","","","1201.15","1201.15","","","","","","","","","","","","","Gross Charge Type: Main Acute Price List"
"SCREW, FAR CORTICAL LOCKING 2.7X16MM","ScorWmSup107895","CDM","278","RC","C1713","HCPCS","","","facility","both","","","","1201.15","1201.15","","","","","","","","","","","","","Gross Charge Type: Main Acute Price List"
"SCREW, FAR CORTICAL LOCKING 2.7X16MM","ScpuWmSup107895","CDM","278","RC","C1713","HCPCS","","","facility","both","","","","1201.15","1201.15","","","","","","","","","","","","","Gross Charge Type: Main Acute Price List"
"SCREW, FAR CORTICAL LOCKING 2.7X22MM","AnesChSup118000","CDM","278","RC","C1713","HCPCS","","","facility","both","","","","1129.43","1129.43","","","","","","","","","","","","","Gross Charge Type: Main Acute Price List"
"SCREW, FAR CORTICAL LOCKING 2.7X22MM","EplbChSup118000","CDM","278","RC","C1713","HCPCS","","","facility","both","","","","1129.43","1129.43","","","","","","","","","","","","","Gross Charge Type: Main Acute Price List"
"SCREW, FAR CORTICAL LOCKING 2.7X8MM","AnesWmSup112024","CDM","278","RC","C1713","HCPCS","","","facility","both","","","","1129.43","1129.43","","","","","","","","","","","","","Gross Charge Type: Main Acute Price List"
"SCREW, FENESTRATED 8.5X45MM RELINE MAS","CspuChSup110878","CDM","278","RC","C1713","HCPCS","","","facility","both","","","","6371.14","6371.14","","","","","","","","","","","","","Gross Charge Type: Main Acute Price List"
"SCREW, FENESTRATED EXPEDIUM VERSE CFX 8.0X35MM","ScanChSup78934","CDM","278","RC","C1713","HCPCS","","","facility","both","","","","6128.94","6128.94","","","","","","","","","","","","","Gross Charge Type: Main Acute Price List"
"SCREW, FENESTRATED EXPEDIUM VERSE CFX 8.0X80MM","PacuChSup114245","CDM","278","RC","C1713","HCPCS","","","facility","both","","","","5416.58","5416.58","","","","","","","","","","","","","Gross Charge Type: Main Acute Price List"
"SCREW, FENESTRATED EXPEDIUM VERSE CFX 8.0X80MM","PacuWmSup114245","CDM","278","RC","C1713","HCPCS","","","facility","both","","","","5416.58","5416.58","","","","","","","","","","","","","Gross Charge Type: Main Acute Price List"
"SCREW, FENESTRATED EXPEDIUM VERSE CFX 8.0X80MM","ScanWmSup114245","CDM","278","RC","C1713","HCPCS","","","facility","both","","","","5416.58","5416.58","","","","","","","","","","","","","Gross Charge Type: Main Acute Price List"
"SCREW, FENESTRATED FAVORED ANGLE POLYAXIAL 5X50MM","ScOrWmSup10193803","CDM","278","RC","C1713","HCPCS","","","facility","both","","","","6538.99","6538.99","","","","","","","","","","","","","Gross Charge Type: Main Acute Price List"
"SCREW, FENESTRATED RELINE MAS 7.5X40MM","PacuChSup109634","CDM","278","RC","C1713","HCPCS","","","facility","both","","","","6775.72","6775.72","","","","","","","","","","","","","Gross Charge Type: Main Acute Price List"
"SCREW, FIXATION HEADED 48MM","AngiWmSup19635","CDM","278","RC","C1713","HCPCS","","","facility","both","","","","619.74","619.74","","","","","","","","","","","","","Gross Charge Type: Main Acute Price List"
"SCREW, FIXATION TRIM-IT W/PIN TIPPED DRILL 2.7MM","AngiWmSup28096","CDM","278","RC","C1713","HCPCS","","","facility","both","","","","1262.75","1262.75","","","","","","","","","","","","","Gross Charge Type: Main Acute Price List"
"SCREW, FIXOS LONG THREADED 7.0 X 85MM","AngiChSup112794","CDM","278","RC","C1713","HCPCS","","","facility","both","","","","4046.21","4046.21","","","","","","","","","","","","","Gross Charge Type: Main Acute Price List"
"SCREW, FRAGMENT HEXALOBE 2.5X22MM","OperChSup75958","CDM","278","RC","C1713","HCPCS","","","facility","both","","","","1411.79","1411.79","","","","","","","","","","","","","Gross Charge Type: Main Acute Price List"
"SCREW, FULL THREAD LENGTH SZ 4MM 36MM","ScanChSup119783","CDM","278","RC","C1713","HCPCS","","","facility","both","","","","3226.12","3226.12","","","","","","","","","","","","","Gross Charge Type: Main Acute Price List"
"SCREW, FULL THREAD LENGTH SZ 4MM X 32MM","ScorWmSup121589","CDM","278","RC","C1713","HCPCS","","","facility","both","","","","3555.01","3555.01","","","","","","","","","","","","","Gross Charge Type: Main Acute Price List"
"SCREW, FULLY THREADED 2.0X10MM","GastWmSup110163","CDM","278","RC","C1713","HCPCS","","","facility","both","","","","458.14","458.14","","","","","","","","","","","","","Gross Charge Type: Main Acute Price List"
"SCREW, FULLY THREADED 2.0X10MM","OperWmSup110163","CDM","278","RC","C1713","HCPCS","","","facility","both","","","","458.14","458.14","","","","","","","","","","","","","Gross Charge Type: Main Acute Price List"
"SCREW, FULLY THREADED 2.0X11MM","GyscChSup66221","CDM","278","RC","C1713","HCPCS","","","facility","both","","","","458.14","458.14","","","","","","","","","","","","","Gross Charge Type: Main Acute Price List"
"SCREW, FULLY THREADED 5.0X25MM","GastChSup112380","CDM","278","RC","C1713","HCPCS","","","facility","both","","","","1783.92","1783.92","","","","","","","","","","","","","Gross Charge Type: Main Acute Price List"
"SCREW, FULLY THREADED 7.3MM - 31835","CcthChSup31835","CDM","278","RC","C1713","HCPCS","","","facility","both","","","","1355.44","1355.44","","","","","","","","","","","","","Gross Charge Type: Main Acute Price List"
"SCREW, FULLY THREADED 7.3MM - 31837","CspuChSup31837","CDM","278","RC","C1713","HCPCS","","","facility","both","","","","1355.44","1355.44","","","","","","","","","","","","","Gross Charge Type: Main Acute Price List"
"SCREW, GAMMA 4 LAG 10.5X75MM","GyscChSup118559","CDM","278","RC","C1713","HCPCS","","","facility","both","","","","3203.06","3203.06","","","","","","","","","","","","","Gross Charge Type: Main Acute Price List"
"SCREW, GAMMA4 LAG 10.5X105MM","AnesChSup115458","CDM","278","RC","C1713","HCPCS","","","facility","both","","","","2894.74","2894.74","","","","","","","","","","","","","Gross Charge Type: Main Acute Price List"
"SCREW, HA COATED VARIABLE ANGLE 35MM","CcthChSup55311","CDM","278","RC","C1713","HCPCS","","","facility","both","","","","1447.99","1447.99","","","","","","","","","","","","","Gross Charge Type: Main Acute Price List"
"SCREW, HA COATED VARIABLE ANGLE 35MM","GastWmSup55311","CDM","278","RC","C1713","HCPCS","","","facility","both","","","","1447.99","1447.99","","","","","","","","","","","","","Gross Charge Type: Main Acute Price List"
"SCREW, HA COATED VARIABLE ANGLE 35MM","GyscChSup55311","CDM","278","RC","C1713","HCPCS","","","facility","both","","","","1447.99","1447.99","","","","","","","","","","","","","Gross Charge Type: Main Acute Price List"
"SCREW, HALO 5.5X30MM","OperChSup113926","CDM","278","RC","C1713","HCPCS","","","facility","both","","","","1360.95","1360.95","","","","","","","","","","","","","Gross Charge Type: Main Acute Price List"
"SCREW, HAND LOCKING ALPS1.5X20MM","AngiWmSup56524","CDM","278","RC","C1713","HCPCS","","","facility","both","","","","284.97","284.97","","","","","","","","","","","","","Gross Charge Type: Main Acute Price List"
"SCREW, HAND LOCKING ALPS1.5X20MM","OperWmSup56524","CDM","278","RC","C1713","HCPCS","","","facility","both","","","","284.97","284.97","","","","","","","","","","","","","Gross Charge Type: Main Acute Price List"
"SCREW, HAND NON-LOCKING ALPS 1.5X15MM","OperChSup56534","CDM","278","RC","C1713","HCPCS","","","facility","both","","","","284.97","284.97","","","","","","","","","","","","","Gross Charge Type: Main Acute Price List"
"SCREW, HAND NON-LOCKING ALPS 1.5X15MM","ScorWmSup56534","CDM","278","RC","C1713","HCPCS","","","facility","both","","","","284.97","284.97","","","","","","","","","","","","","Gross Charge Type: Main Acute Price List"
"SCREW, HEADED 2.0X 20MM","GyscChSup72065","CDM","278","RC","C1713","HCPCS","","","facility","both","","","","938.3","938.3","","","","","","","","","","","","","Gross Charge Type: Main Acute Price List"
"SCREW, HEADED 2.0X 20MM","Wilm5472065","CDM","278","RC","C1713","HCPCS","","","facility","both","","","","938.3","938.3","","","","","","","","","","","","","Gross Charge Type: Main Acute Price List"
"SCREW, HEADED 2.0X12MM","OperChSup106218","CDM","278","RC","C1713","HCPCS","","","facility","both","","","","1139.55","1139.55","","","","","","","","","","","","","Gross Charge Type: Main Acute Price List"
"SCREW, HEADED 2.5X20MM","PacuChSup72063","CDM","278","RC","C1713","HCPCS","","","facility","both","","","","984.63","984.63","","","","","","","","","","","","","Gross Charge Type: Main Acute Price List"
"SCREW, HEADED 3.0X30MM","AngiChSup115132","CDM","278","RC","C1713","HCPCS","","","facility","both","","","","1234.66","1234.66","","","","","","","","","","","","","Gross Charge Type: Main Acute Price List"
"SCREW, HEADED 4.0MMX34MM","ScpuWmSup80148","CDM","272","RC","C1713","HCPCS","","","facility","both","","","","1401.65","1401.65","","","","","","","","","","","","","Gross Charge Type: Main Acute Price List"
"SCREW, HEADED 4.0X36MM CANN COMPT","ScpuChSup112357","CDM","278","RC","C1713","HCPCS","","","facility","both","","","","1401.65","1401.65","","","","","","","","","","","","","Gross Charge Type: Main Acute Price List"
"SCREW, HEADED CANN/PARTIAL 4.0X40MM","ScorWmSup67327","CDM","278","RC","C1713","HCPCS","","","facility","both","","","","1401.65","1401.65","","","","","","","","","","","","","Gross Charge Type: Main Acute Price List"
"SCREW, HEADED CANN/PARTIAL 4.0X60MM","AngiWmSup115412","CDM","278","RC","C1713","HCPCS","","","facility","both","","","","1401.05","1401.05","","","","","","","","","","","","","Gross Charge Type: Main Acute Price List"
"SCREW, HEADED CANN/PARTIAL 4.0X60MM","ScanChSup115412","CDM","278","RC","C1713","HCPCS","","","facility","both","","","","1401.05","1401.05","","","","","","","","","","","","","Gross Charge Type: Main Acute Price List"
"SCREW, HEADED COMPRESSION 3.5X30MM","GastWmSup78318","CDM","278","RC","C1713","HCPCS","","","facility","both","","","","944.16","944.16","","","","","","","","","","","","","Gross Charge Type: Main Acute Price List"
"SCREW, HEADED HEX PERSONA REVISION 3.5MM 48MM LENGTH","AngiChSup117757","CDM","278","RC","C1713","HCPCS","","","facility","both","","","","1478.34","1478.34","","","","","","","","","","","","","Gross Charge Type: Main Acute Price List"
"SCREW, HEADED HEX PERSONA REVISION 3.5MM 48MM LENGTH","ScanChSup117757","CDM","278","RC","C1713","HCPCS","","","facility","both","","","","1478.34","1478.34","","","","","","","","","","","","","Gross Charge Type: Main Acute Price List"
"SCREW, HEADED HEX PERSONA REVISION 3.5MM 48MM LENGTH","ScpuWmSup117757","CDM","278","RC","C1713","HCPCS","","","facility","both","","","","1478.34","1478.34","","","","","","","","","","","","","Gross Charge Type: Main Acute Price List"
"SCREW, HEADLESS  5.0 X 65MM","ScorWmSup10190151","CDM","278","RC","C1713","HCPCS","","","facility","both","","","","3972.74","3972.74","","","","","","","","","","","","","Gross Charge Type: Main Acute Price List"
"SCREW, HEADLESS 2.0X18MM","ScorWmSup112683","CDM","278","RC","C1713","HCPCS","","","facility","both","","","","1715","1715","","","","","","","","","","","","","Gross Charge Type: Main Acute Price List"
"SCREW, HEADLESS 3.0MM X 26MM","GyscChSup113519","CDM","278","RC","C1713","HCPCS","","","facility","both","","","","1476.95","1476.95","","","","","","","","","","","","","Gross Charge Type: Main Acute Price List"
"SCREW, HEADLESS 3.0X28","EplbChSup114593","CDM","278","RC","C1713","HCPCS","","","facility","both","","","","1388.17","1388.17","","","","","","","","","","","","","Gross Charge Type: Main Acute Price List"
"SCREW, HEADLESS 3.0X30MM","ScanWmSup79227","CDM","272","RC","C1713","HCPCS","","","facility","both","","","","1570.74","1570.74","","","","","","","","","","","","","Gross Charge Type: Main Acute Price List"
"SCREW, HEADLESS 5.0X50","ScorWmSup121827","CDM","278","RC","C1713","HCPCS","","","facility","both","","","","3972.74","3972.74","","","","","","","","","","","","","Gross Charge Type: Main Acute Price List"
"SCREW, HEADLESS 5.0X80MM","OperChSup10189970","CDM","278","RC","C1713","HCPCS","","","facility","both","","","","3972.74","3972.74","","","","","","","","","","","","","Gross Charge Type: Main Acute Price List"
"SCREW, HEADLESS 5.5 X 35","OperWmSup10195306","CDM","278","RC","C1713","HCPCS","","","facility","both","","","","5308.56","5308.56","","","","","","","","","","","","","Gross Charge Type: Main Acute Price List"
"SCREW, HEADLESS CANN 2.0X12MM","GastChSup55787","CDM","278","RC","","","","","facility","both","","","","1650.13","1650.13","","","","","","","","","","","","","Gross Charge Type: Main Acute Price List"
"SCREW, HEADLESS CANN 2.0X18MM","CspuChSup55790","CDM","278","RC","","","","","facility","both","","","","1650.13","1650.13","","","","","","","","","","","","","Gross Charge Type: Main Acute Price List"
"SCREW, HEADLESS CANN 2.4X12MM","AngiWmSup55804","CDM","278","RC","","","","","facility","both","","","","1650.13","1650.13","","","","","","","","","","","","","Gross Charge Type: Main Acute Price List"
"SCREW, HEADLESS CANN 2.4X16MM","OperWmSup55806","CDM","278","RC","C1713","HCPCS","","","facility","both","","","","1754.91","1754.91","","","","","","","","","","","","","Gross Charge Type: Main Acute Price List"
"SCREW, HEADLESS CANN 2.4X18MM","OperWmSup55807","CDM","278","RC","","","","","facility","both","","","","1650.13","1650.13","","","","","","","","","","","","","Gross Charge Type: Main Acute Price List"
"SCREW, HEADLESS CANN 3.0X16MM","CcthChSup55667","CDM","278","RC","","","","","facility","both","","","","1650.13","1650.13","","","","","","","","","","","","","Gross Charge Type: Main Acute Price List"
"SCREW, HEADLESS CANN 3.0X16MM","GyscChSup55667","CDM","278","RC","","","","","facility","both","","","","1650.13","1650.13","","","","","","","","","","","","","Gross Charge Type: Main Acute Price List"
"SCREW, HEADLESS CANN 3.0X30MM","PacuChSup55674","CDM","278","RC","","","","","facility","both","","","","1650.13","1650.13","","","","","","","","","","","","","Gross Charge Type: Main Acute Price List"
"SCREW, HEADLESS CANN 3.0X30MM","ScpuChSup55674","CDM","278","RC","","","","","facility","both","","","","1650.13","1650.13","","","","","","","","","","","","","Gross Charge Type: Main Acute Price List"
"SCREW, HEADLESS CANN 3.0X40MM","ScanWmSup55679","CDM","278","RC","","","","","facility","both","","","","1650.13","1650.13","","","","","","","","","","","","","Gross Charge Type: Main Acute Price List"
"SCREW, HEADLESS CANN 3.0X40MM","ScorWmSup55679","CDM","278","RC","","","","","facility","both","","","","1650.13","1650.13","","","","","","","","","","","","","Gross Charge Type: Main Acute Price List"
"SCREW, HEADLESS CANN 4.0X26MM","GastChSup55680","CDM","278","RC","","","","","facility","both","","","","1650.13","1650.13","","","","","","","","","","","","","Gross Charge Type: Main Acute Price List"
"SCREW, HEADLESS CANN 4.0X26MM","ScanChSup55680","CDM","278","RC","","","","","facility","both","","","","1650.13","1650.13","","","","","","","","","","","","","Gross Charge Type: Main Acute Price List"
"SCREW, HEADLESS CANN 4.0X30MM","GyscChSup55682","CDM","278","RC","","","","","facility","both","","","","1650.13","1650.13","","","","","","","","","","","","","Gross Charge Type: Main Acute Price List"
"SCREW, HEADLESS CANN 4.0X30MM","ScpuChSup55682","CDM","278","RC","","","","","facility","both","","","","1650.13","1650.13","","","","","","","","","","","","","Gross Charge Type: Main Acute Price List"
"SCREW, HEADLESS CANN 4.0X36MM","ScpuChSup55685","CDM","278","RC","","","","","facility","both","","","","1650.13","1650.13","","","","","","","","","","","","","Gross Charge Type: Main Acute Price List"
"SCREW, HEADLESS CANN 5.5X50MM","PacuChSup107673","CDM","278","RC","C1713","HCPCS","","","facility","both","","","","3036.72","3036.72","","","","","","","","","","","","","Gross Charge Type: Main Acute Price List"
"SCREW, HEADLESS CANN THD 6.5X100MM 16MM THREAD","AngiWmSup116190","CDM","278","RC","C1713","HCPCS","","","facility","both","","","","4536.84","4536.84","","","","","","","","","","","","","Gross Charge Type: Main Acute Price List"
"SCREW, HEADLESS CANN THD 6.5X100MM 16MM THREAD","EplbChSup116190","CDM","278","RC","C1713","HCPCS","","","facility","both","","","","4536.84","4536.84","","","","","","","","","","","","","Gross Charge Type: Main Acute Price List"
"SCREW, HEADLESS CANN THD 6.5X50MM","PacuWmSup76443","CDM","278","RC","C1713","HCPCS","","","facility","both","","","","4536.84","4536.84","","","","","","","","","","","","","Gross Charge Type: Main Acute Price List"
"SCREW, HEADLESS CANN THD 6.5X50MM","ScanChSup76443","CDM","278","RC","C1713","HCPCS","","","facility","both","","","","4536.84","4536.84","","","","","","","","","","","","","Gross Charge Type: Main Acute Price List"
"SCREW, HEADLESS CANN THD 6.5X55MM","EplbChSup106863","CDM","278","RC","C1713","HCPCS","","","facility","both","","","","4536.84","4536.84","","","","","","","","","","","","","Gross Charge Type: Main Acute Price List"
"SCREW, HEADLESS CANNULATED 2.7MMX22MM","PacuChSup117129","CDM","278","RC","C1713","HCPCS","","","facility","both","","","","3446.21","3446.21","","","","","","","","","","","","","Gross Charge Type: Main Acute Price List"
"SCREW, HEADLESS CANNULATED 2.7MMX24MM","AnesWmSup117130","CDM","278","RC","C1713","HCPCS","","","facility","both","","","","3446.21","3446.21","","","","","","","","","","","","","Gross Charge Type: Main Acute Price List"
"SCREW, HEADLESS CANNULATED 2.7MMX24MM","ScorWmSup117130","CDM","278","RC","C1713","HCPCS","","","facility","both","","","","3446.21","3446.21","","","","","","","","","","","","","Gross Charge Type: Main Acute Price List"
"SCREW, HEADLESS CANNULATED 2.7MMX30MM","ScanChSup117133","CDM","278","RC","C1713","HCPCS","","","facility","both","","","","3446.21","3446.21","","","","","","","","","","","","","Gross Charge Type: Main Acute Price List"
"SCREW, HEADLESS CANNULATED 2.7MMX32MM","EplbChSup117134","CDM","278","RC","C1713","HCPCS","","","facility","both","","","","3446.21","3446.21","","","","","","","","","","","","","Gross Charge Type: Main Acute Price List"
"SCREW, HEADLESS CANNULATED 2.7MMX32MM","ScanWmSup117134","CDM","278","RC","C1713","HCPCS","","","facility","both","","","","3446.21","3446.21","","","","","","","","","","","","","Gross Charge Type: Main Acute Price List"
"SCREW, HEADLESS CANNULATED 2.7MMX34MM","ScanChSup117135","CDM","278","RC","C1713","HCPCS","","","facility","both","","","","3446.21","3446.21","","","","","","","","","","","","","Gross Charge Type: Main Acute Price List"
"SCREW, HEADLESS CANNULATED 2.7MMX34MM","ScpuChSup117135","CDM","278","RC","C1713","HCPCS","","","facility","both","","","","3446.21","3446.21","","","","","","","","","","","","","Gross Charge Type: Main Acute Price List"
"SCREW, HEADLESS COMPRESSION 5X38MM","GastChSup114704","CDM","278","RC","C1713","HCPCS","","","facility","both","","","","2216.28","2216.28","","","","","","","","","","","","","Gross Charge Type: Main Acute Price List"
"SCREW, HEADLESS COMPRESSION 5X38MM","GastWmSup114704","CDM","278","RC","C1713","HCPCS","","","facility","both","","","","2216.28","2216.28","","","","","","","","","","","","","Gross Charge Type: Main Acute Price List"
"SCREW, HEADLESS COMPRESSION 5X38MM","OperChSup114704","CDM","278","RC","C1713","HCPCS","","","facility","both","","","","2216.28","2216.28","","","","","","","","","","","","","Gross Charge Type: Main Acute Price List"
"SCREW, HEADLESS COMPRESSION 5X44MM","DelrChSup118586","CDM","278","RC","C1713","HCPCS","","","facility","both","","","","2358.02","2358.02","","","","","","","","","","","","","Gross Charge Type: Main Acute Price List"
"SCREW, HEADLESS COMPRESSION DART-FIRE 2.5X16MM","ScpuWmSup78108","CDM","278","RC","C1713","HCPCS","","","facility","both","","","","1476.95","1476.95","","","","","","","","","","","","","Gross Charge Type: Main Acute Price List"
"SCREW, HEADLESS COMPRESSION DART-FIRE 2.5X18MM","AngiWmSup78109","CDM","278","RC","C1713","HCPCS","","","facility","both","","","","1476.95","1476.95","","","","","","","","","","","","","Gross Charge Type: Main Acute Price List"
"SCREW, HEADLESS COMPRESSION IT CANN ST 4.5MMX26MM","AnesChSup106818","CDM","278","RC","C1713","HCPCS","","","facility","both","","","","2410.03","2410.03","","","","","","","","","","","","","Gross Charge Type: Main Acute Price List"
"SCREW, HEADLESS COMPRESSION TI CAN LT 2.5X22MM","CcthChSup114504","CDM","278","RC","C1713","HCPCS","","","facility","both","","","","2706","2706","","","","","","","","","","","","","Gross Charge Type: Main Acute Price List"
"SCREW, HEADLESS COMPRESSION TI CANN 4.0X40MM","GastWmSup111111","CDM","278","RC","C1713","HCPCS","","","facility","both","","","","2563.07","2563.07","","","","","","","","","","","","","Gross Charge Type: Main Acute Price List"
"SCREW, HEADLESS COMPRESSION TI CANN 4.0X40MM","PacuWmSup111111","CDM","278","RC","C1713","HCPCS","","","facility","both","","","","2563.07","2563.07","","","","","","","","","","","","","Gross Charge Type: Main Acute Price List"
"SCREW, HEADLESS COMPRESSION TI CANN 7.5X75MM","ScanChSup117761","CDM","278","RC","C1713","HCPCS","","","facility","both","","","","4318.59","4318.59","","","","","","","","","","","","","Gross Charge Type: Main Acute Price List"
"SCREW, HEADLESS COMPRESSION TI CANN 7.5X85MM","OperWmSup117760","CDM","278","RC","C1713","HCPCS","","","facility","both","","","","4318.59","4318.59","","","","","","","","","","","","","Gross Charge Type: Main Acute Price List"
"SCREW, HEADLESS COMPRESSION TI CANN 7.5X85MM","ScpuWmSup117760","CDM","278","RC","C1713","HCPCS","","","facility","both","","","","4318.59","4318.59","","","","","","","","","","","","","Gross Charge Type: Main Acute Price List"
"SCREW, HEADLESS COMPRESSION TI CANN LONG THREAD 22 X 54MM","GastWmSup112865","CDM","278","RC","C1713","HCPCS","","","facility","both","","","","2409.01","2409.01","","","","","","","","","","","","","Gross Charge Type: Main Acute Price List"
"SCREW, HEADLESS COMPRESSION TI CANN LT 2.5X20MM","AngiChSup113549","CDM","278","RC","C1713","HCPCS","","","facility","both","","","","2410.03","2410.03","","","","","","","","","","","","","Gross Charge Type: Main Acute Price List"
"SCREW, HEADLESS COMPRESSION TI CANN LT 2.5X40MM","CspuChSup113834","CDM","278","RC","C1713","HCPCS","","","facility","both","","","","2563.07","2563.07","","","","","","","","","","","","","Gross Charge Type: Main Acute Price List"
"SCREW, HEADLESS COMPRESSION TI CANN LT 2.5X48MM","OperChSup10180578","CDM","278","RC","C1713","HCPCS","","","facility","both","","","","3775.28","3775.28","","","","","","","","","","","","","Gross Charge Type: Main Acute Price List"
"SCREW, HEADLESS COMPRESSION TI CANN LT 3.0X20MM","ScorWmSup121253","CDM","278","RC","C1713","HCPCS","","","facility","both","","","","2410.03","2410.03","","","","","","","","","","","","","Gross Charge Type: Main Acute Price List"
"SCREW, HEADLESS COMPRESSION TI CANN LT 3.0X34MM","ScorWmSup121533","CDM","272","RC","","","","","facility","both","","","","2563.67","2563.67","","","","","","","","","","","","","Gross Charge Type: Main Acute Price List"
"SCREW, HEADLESS COMPRESSION TI CANN LT 3.5X24MM","CcthChSup114676","CDM","278","RC","C1713","HCPCS","","","facility","both","","","","2260.78","2260.78","","","","","","","","","","","","","Gross Charge Type: Main Acute Price List"
"SCREW, HEADLESS COMPRESSION TI CANN LT 3.5X36MM","CcthChSup113807","CDM","278","RC","C1713","HCPCS","","","facility","both","","","","2563.07","2563.07","","","","","","","","","","","","","Gross Charge Type: Main Acute Price List"
"SCREW, HEADLESS COMPRESSION TI CANN LT 3.5X36MM","ScpuWmSup113807","CDM","278","RC","C1713","HCPCS","","","facility","both","","","","2563.07","2563.07","","","","","","","","","","","","","Gross Charge Type: Main Acute Price List"
"SCREW, HEADLESS COMPRESSION TI CANN LT 3.5X38MM","PacuWmSup112026","CDM","278","RC","C1713","HCPCS","","","facility","both","","","","2563.07","2563.07","","","","","","","","","","","","","Gross Charge Type: Main Acute Price List"
"SCREW, HEADLESS COMPRESSION TI CANN LT 3.5X50MM","OperChSup108246","CDM","278","RC","C1713","HCPCS","","","facility","both","","","","2563.07","2563.07","","","","","","","","","","","","","Gross Charge Type: Main Acute Price List"
"SCREW, HEADLESS COMPRESSION TI CANN LT 30MM","CcthChSup113357","CDM","278","RC","C1713","HCPCS","","","facility","both","","","","2563.07","2563.07","","","","","","","","","","","","","Gross Charge Type: Main Acute Price List"
"SCREW, HEADLESS COMPRESSION TI CANN LT 5.5MMX48MM","OperWmSup118012","CDM","278","RC","C1713","HCPCS","","","facility","both","","","","4318.59","4318.59","","","","","","","","","","","","","Gross Charge Type: Main Acute Price List"
"SCREW, HEADLESS COMPRESSION TI CANN LT 5.5X100MM","CcthChSup114120","CDM","278","RC","C1713","HCPCS","","","facility","both","","","","4059.01","4059.01","","","","","","","","","","","","","Gross Charge Type: Main Acute Price List"
"SCREW, HEADLESS COMPRESSION TI CANN LT 5.5X55MM","OperChSup10192096","CDM","278","RC","C1713","HCPCS","","","facility","both","","","","4290.73","4290.73","","","","","","","","","","","","","Gross Charge Type: Main Acute Price List"
"SCREW, HEADLESS COMPRESSION TI CANN LT 5.5X65MM","AnesChSup117940","CDM","278","RC","C1713","HCPCS","","","facility","both","","","","4318.59","4318.59","","","","","","","","","","","","","Gross Charge Type: Main Acute Price List"
"SCREW, HEADLESS COMPRESSION TI CANN LT 5.5X75MM","AngiChSup113829","CDM","278","RC","C1713","HCPCS","","","facility","both","","","","4060.74","4060.74","","","","","","","","","","","","","Gross Charge Type: Main Acute Price List"
"SCREW, HEADLESS COMPRESSION TI CANN LT 5.5X75MM","AngiWmSup113829","CDM","278","RC","C1713","HCPCS","","","facility","both","","","","4060.74","4060.74","","","","","","","","","","","","","Gross Charge Type: Main Acute Price List"
"SCREW, HEADLESS COMPRESSION TI CANN LT 5.5X85MM","AngiWmSup109729","CDM","278","RC","C1713","HCPCS","","","facility","both","","","","4318.59","4318.59","","","","","","","","","","","","","Gross Charge Type: Main Acute Price List"
"SCREW, HEADLESS COMPRESSION TI CANN LT 6.5X110MM","OperChSup10180762","CDM","278","RC","C1713","HCPCS","","","facility","both","","","","4319.61","4319.61","","","","","","","","","","","","","Gross Charge Type: Main Acute Price List"
"SCREW, HEADLESS COMPRESSION TI CANN LT 6.5X65MM","OperWmSup107436","CDM","278","RC","C1713","HCPCS","","","facility","both","","","","4060.74","4060.74","","","","","","","","","","","","","Gross Charge Type: Main Acute Price List"
"SCREW, HEADLESS COMPRESSION TI CANN LT 7.5X60MM","OperChSup119768","CDM","278","RC","C1713","HCPCS","","","facility","both","","","","4060.74","4060.74","","","","","","","","","","","","","Gross Charge Type: Main Acute Price List"
"SCREW, HEADLESS COMPRESSION TI CANN LT 7.5X70MM","CcthChSup119767","CDM","278","RC","C1713","HCPCS","","","facility","both","","","","4060.74","4060.74","","","","","","","","","","","","","Gross Charge Type: Main Acute Price List"
"SCREW, HEADLESS COMPRESSION TI CANN ST 2.0X16MM","GastWmSup109000","CDM","278","RC","C1713","HCPCS","","","facility","both","","","","2563.07","2563.07","","","","","","","","","","","","","Gross Charge Type: Main Acute Price List"
"SCREW, HEADLESS COMPRESSION TI CANN ST 2.0X16MM","ScpuWmSup109000","CDM","278","RC","C1713","HCPCS","","","facility","both","","","","2563.07","2563.07","","","","","","","","","","","","","Gross Charge Type: Main Acute Price List"
"SCREW, HEADLESS COMPRESSION TI CANN ST 2.0X18MM","ScpuChSup109001","CDM","278","RC","C1713","HCPCS","","","facility","both","","","","2563.07","2563.07","","","","","","","","","","","","","Gross Charge Type: Main Acute Price List"
"SCREW, HEADLESS COMPRESSION TI CANN ST 2.0X22MM","CcthChSup114507","CDM","278","RC","C1713","HCPCS","","","facility","both","","","","2409.01","2409.01","","","","","","","","","","","","","Gross Charge Type: Main Acute Price List"
"SCREW, HEADLESS COMPRESSION TI CANN ST 2.0X22MM","DelrChSup114507","CDM","278","RC","C1713","HCPCS","","","facility","both","","","","2409.01","2409.01","","","","","","","","","","","","","Gross Charge Type: Main Acute Price List"
"SCREW, HEADLESS COMPRESSION TI CANN ST 2.0X24MM","GyscChSup107676","CDM","278","RC","C1713","HCPCS","","","facility","both","","","","2563.07","2563.07","","","","","","","","","","","","","Gross Charge Type: Main Acute Price List"
"SCREW, HEADLESS COMPRESSION TI CANN ST 2.5MMX26MM LT","CspuChSup106845","CDM","278","RC","C1713","HCPCS","","","facility","both","","","","2410.03","2410.03","","","","","","","","","","","","","Gross Charge Type: Main Acute Price List"
"SCREW, HEADLESS COMPRESSION TI CANN ST 2.5MMX26MM LT","GastChSup106845","CDM","278","RC","C1713","HCPCS","","","facility","both","","","","2410.03","2410.03","","","","","","","","","","","","","Gross Charge Type: Main Acute Price List"
"SCREW, HEADLESS COMPRESSION TI CANN ST 2.5MMX26MM LT","ScorChSup106845","CDM","278","RC","C1713","HCPCS","","","facility","both","","","","2410.03","2410.03","","","","","","","","","","","","","Gross Charge Type: Main Acute Price List"
"SCREW, HEADLESS COMPRESSION TI CANN ST 2.5MMX32MM","AngiWmSup109169","CDM","278","RC","C1713","HCPCS","","","facility","both","","","","2410.03","2410.03","","","","","","","","","","","","","Gross Charge Type: Main Acute Price List"
"SCREW, HEADLESS COMPRESSION TI CANN ST 2.5X24MM","PacuChSup116161","CDM","278","RC","C1713","HCPCS","","","facility","both","","","","2563.07","2563.07","","","","","","","","","","","","","Gross Charge Type: Main Acute Price List"
"SCREW, HEADLESS COMPRESSION TI CANN ST 2.5X30MM","ScorChSup108322","CDM","278","RC","C1713","HCPCS","","","facility","both","","","","2410.03","2410.03","","","","","","","","","","","","","Gross Charge Type: Main Acute Price List"
"SCREW, HEADLESS COMPRESSION TI CANN ST 2.5X30MM","ScpuWmSup108322","CDM","278","RC","C1713","HCPCS","","","facility","both","","","","2410.03","2410.03","","","","","","","","","","","","","Gross Charge Type: Main Acute Price List"
"SCREW, HEADLESS COMPRESSION TI CANN ST 2.5X34MM","OperChSup10190618","CDM","278","RC","C1713","HCPCS","","","facility","both","","","","2563.67","2563.67","","","","","","","","","","","","","Gross Charge Type: Main Acute Price List"
"SCREW, HEADLESS COMPRESSION TI CANN ST 2.5X36MM","ScorWmSup10180577","CDM","278","RC","C1713","HCPCS","","","facility","both","","","","2563.67","2563.67","","","","","","","","","","","","","Gross Charge Type: Main Acute Price List"
"SCREW, HEADLESS COMPRESSION TI CANN ST 3.0MMX18MM","AnesWmSup109547","CDM","272","RC","C1713","HCPCS","","","facility","both","","","","2563.07","2563.07","","","","","","","","","","","","","Gross Charge Type: Main Acute Price List"
"SCREW, HEADLESS COMPRESSION TI CANN ST 3.0MMX40MM","DelrChSup109258","CDM","278","RC","C1713","HCPCS","","","facility","both","","","","2563.07","2563.07","","","","","","","","","","","","","Gross Charge Type: Main Acute Price List"
"SCREW, HEADLESS COMPRESSION TI CANN ST 3.0X14MM","AngiChSup110648","CDM","278","RC","C1713","HCPCS","","","facility","both","","","","2410.03","2410.03","","","","","","","","","","","","","Gross Charge Type: Main Acute Price List"
"SCREW, HEADLESS COMPRESSION TI CANN ST 3.0X14MM","CcthChSup110648","CDM","278","RC","C1713","HCPCS","","","facility","both","","","","2410.03","2410.03","","","","","","","","","","","","","Gross Charge Type: Main Acute Price List"
"SCREW, HEADLESS COMPRESSION TI CANN ST 3.5MMX24MM","PacuWmSup109548","CDM","278","RC","C1713","HCPCS","","","facility","both","","","","2410.03","2410.03","","","","","","","","","","","","","Gross Charge Type: Main Acute Price List"
"SCREW, HEADLESS COMPRESSION TI CANN ST 3.5X34MM","AngiWmSup111052","CDM","278","RC","C1713","HCPCS","","","facility","both","","","","2563.07","2563.07","","","","","","","","","","","","","Gross Charge Type: Main Acute Price List"
"SCREW, HEADLESS COMPRESSION TI CANN ST 3.5X38MM","CcthChSup110458","CDM","278","RC","C1713","HCPCS","","","facility","both","","","","2410.03","2410.03","","","","","","","","","","","","","Gross Charge Type: Main Acute Price List"
"SCREW, HEADLESS COMPRESSION TI CANN ST 3.5X46MM","OperWmSup107214","CDM","278","RC","C1713","HCPCS","","","facility","both","","","","2563.07","2563.07","","","","","","","","","","","","","Gross Charge Type: Main Acute Price List"
"SCREW, HEADLESS COMPRESSION TI CANN ST 3.5X48MM","ScorChSup107215","CDM","278","RC","C1713","HCPCS","","","facility","both","","","","2563.07","2563.07","","","","","","","","","","","","","Gross Charge Type: Main Acute Price List"
"SCREW, HEADLESS COMPRESSION TI CANN ST 3.5X50MM","GastWmSup107216","CDM","278","RC","C1713","HCPCS","","","facility","both","","","","2563.07","2563.07","","","","","","","","","","","","","Gross Charge Type: Main Acute Price List"
"SCREW, HEADLESS COMPRESSION TI CANN ST 4.0MMX34MM LT","ScpuChSup106513","CDM","278","RC","C1713","HCPCS","","","facility","both","","","","2563.07","2563.07","","","","","","","","","","","","","Gross Charge Type: Main Acute Price List"
"SCREW, HEADLESS COMPRESSION TI CANN ST 4.0MMX36MM LT","AngiChSup113531","CDM","278","RC","C1713","HCPCS","","","facility","both","","","","2410.03","2410.03","","","","","","","","","","","","","Gross Charge Type: Main Acute Price List"
"SCREW, HEADLESS COMPRESSION TI CANN ST 4.0MMX36MM LT","AngiWmSup113531","CDM","278","RC","C1713","HCPCS","","","facility","both","","","","2410.03","2410.03","","","","","","","","","","","","","Gross Charge Type: Main Acute Price List"
"SCREW, HEADLESS COMPRESSION TI CANN ST 4.0MMX36MM LT","GyscChSup113531","CDM","278","RC","C1713","HCPCS","","","facility","both","","","","2410.03","2410.03","","","","","","","","","","","","","Gross Charge Type: Main Acute Price List"
"SCREW, HEADLESS COMPRESSION TI CANN ST 4.0MMX48MM LT 111002","ScorChSup111002","CDM","278","RC","C1713","HCPCS","","","facility","both","","","","2563.07","2563.07","","","","","","","","","","","","","Gross Charge Type: Main Acute Price List"
"SCREW, HEADLESS COMPRESSION TI CANN ST 4.0X32MM","ScorWmSup10180739","CDM","278","RC","C1713","HCPCS","","","facility","both","","","","2563.67","2563.67","","","","","","","","","","","","","Gross Charge Type: Main Acute Price List"
"SCREW, HEADLESS COMPRESSION TI CANN ST 4.0X36MM","ScpuChSup110300","CDM","278","RC","C1713","HCPCS","","","facility","both","","","","2410.03","2410.03","","","","","","","","","","","","","Gross Charge Type: Main Acute Price List"
"SCREW, HEADLESS COMPRESSION TI CANN ST 4.0X42MM LT","AnesChSup112675","CDM","278","RC","C1713","HCPCS","","","facility","both","","","","2563.07","2563.07","","","","","","","","","","","","","Gross Charge Type: Main Acute Price List"
"SCREW, HEADLESS COMPRESSION TI CANN ST 4.0X44MM LT","OperWmSup112676","CDM","278","RC","C1713","HCPCS","","","facility","both","","","","2563.07","2563.07","","","","","","","","","","","","","Gross Charge Type: Main Acute Price List"
"SCREW, HEADLESS COMPRESSION TI CANN ST 4.0X44MM","EplbChSup116162","CDM","278","RC","C1713","HCPCS","","","facility","both","","","","2563.07","2563.07","","","","","","","","","","","","","Gross Charge Type: Main Acute Price List"
"SCREW, HEADLESS COMPRESSION TI CANN ST 4.0X44MM","ScpuChSup116162","CDM","278","RC","C1713","HCPCS","","","facility","both","","","","2563.07","2563.07","","","","","","","","","","","","","Gross Charge Type: Main Acute Price List"
"SCREW, HEADLESS COMPRESSION TI CANN ST 4.0X48MM","ScorWmSup113417","CDM","278","RC","C1713","HCPCS","","","facility","both","","","","2563.07","2563.07","","","","","","","","","","","","","Gross Charge Type: Main Acute Price List"
"SCREW, HEADLESS COMPRESSION TI CANN ST 4.0X52MM","AngiWmSup115011","CDM","278","RC","C1713","HCPCS","","","facility","both","","","","2409.01","2409.01","","","","","","","","","","","","","Gross Charge Type: Main Acute Price List"
"SCREW, HEADLESS COMPRESSION TI CANN ST 4.0X54MM","ScanWmSup113532","CDM","278","RC","C1713","HCPCS","","","facility","both","","","","2563.07","2563.07","","","","","","","","","","","","","Gross Charge Type: Main Acute Price List"
"SCREW, HEADLESS COMPRESSION TI CANN ST 4.0X54MM","ScorWmSup113532","CDM","278","RC","C1713","HCPCS","","","facility","both","","","","2563.07","2563.07","","","","","","","","","","","","","Gross Charge Type: Main Acute Price List"
"SCREW, HEADLESS COMPRESSION TI CANN ST 4.0X56MM","GastWmSup115028","CDM","278","RC","C1713","HCPCS","","","facility","both","","","","2265.17","2265.17","","","","","","","","","","","","","Gross Charge Type: Main Acute Price List"
"SCREW, HEADLESS COMPRESSION TI CANN ST 4.0X58MM","EplbChSup112867","CDM","278","RC","C1713","HCPCS","","","facility","both","","","","2265.17","2265.17","","","","","","","","","","","","","Gross Charge Type: Main Acute Price List"
"SCREW, HEADLESS COMPRESSION TI CANN ST 4.5MMX42MM LT","AnesChSup106919","CDM","278","RC","C1713","HCPCS","","","facility","both","","","","2410.03","2410.03","","","","","","","","","","","","","Gross Charge Type: Main Acute Price List"
"SCREW, HEADLESS COMPRESSION TI CANN ST 4.5MMX42MM LT","PacuWmSup106919","CDM","278","RC","C1713","HCPCS","","","facility","both","","","","2410.03","2410.03","","","","","","","","","","","","","Gross Charge Type: Main Acute Price List"
"SCREW, HEADLESS COMPRESSION TI CANN ST 4.5MMX42MM","CspuChSup106816","CDM","278","RC","C1713","HCPCS","","","facility","both","","","","2563.07","2563.07","","","","","","","","","","","","","Gross Charge Type: Main Acute Price List"
"SCREW, HEADLESS COMPRESSION TI CANN ST 4.5MMX42MM","DelrChSup106816","CDM","278","RC","C1713","HCPCS","","","facility","both","","","","2563.07","2563.07","","","","","","","","","","","","","Gross Charge Type: Main Acute Price List"
"SCREW, HEADLESS COMPRESSION TI CANN ST 4.5MMX44MM","ScpuWmSup106784","CDM","278","RC","C1713","HCPCS","","","facility","both","","","","2563.07","2563.07","","","","","","","","","","","","","Gross Charge Type: Main Acute Price List"
"SCREW, HEADLESS COMPRESSION TI CANN ST 4.5MMX46MM LT","DelrChSup106786","CDM","278","RC","C1713","HCPCS","","","facility","both","","","","2563.07","2563.07","","","","","","","","","","","","","Gross Charge Type: Main Acute Price List"
"SCREW, HEADLESS COMPRESSION TI CANN ST 4.5MMX46MM LT","GyscChSup106786","CDM","278","RC","C1713","HCPCS","","","facility","both","","","","2563.07","2563.07","","","","","","","","","","","","","Gross Charge Type: Main Acute Price List"
"SCREW, HEADLESS COMPRESSION TI CANN ST 4.5MMX50MM LT","GastWmSup106787","CDM","278","RC","C1713","HCPCS","","","facility","both","","","","2563.07","2563.07","","","","","","","","","","","","","Gross Charge Type: Main Acute Price List"
"SCREW, HEADLESS COMPRESSION TI CANN ST 4.5MMX55MM LT","AngiChSup106539","CDM","278","RC","C1713","HCPCS","","","facility","both","","","","2563.07","2563.07","","","","","","","","","","","","","Gross Charge Type: Main Acute Price List"
"SCREW, HEADLESS COMPRESSION TI CANN ST 4.5MMX55MM LT","CcthChSup106539","CDM","278","RC","C1713","HCPCS","","","facility","both","","","","2563.07","2563.07","","","","","","","","","","","","","Gross Charge Type: Main Acute Price List"
"SCREW, HEADLESS COMPRESSION TI CANN ST 4.5MMX55MM LT","CspuChSup106539","CDM","278","RC","C1713","HCPCS","","","facility","both","","","","2563.07","2563.07","","","","","","","","","","","","","Gross Charge Type: Main Acute Price List"
"SCREW, HEADLESS COMPRESSION TI CANN ST 4.5MMX55MM LT","PacuChSup106539","CDM","278","RC","C1713","HCPCS","","","facility","both","","","","2563.07","2563.07","","","","","","","","","","","","","Gross Charge Type: Main Acute Price List"
"SCREW, HEADLESS COMPRESSION TI CANN ST 4.5MMX60MM LT","ScorChSup106712","CDM","278","RC","C1713","HCPCS","","","facility","both","","","","2563.07","2563.07","","","","","","","","","","","","","Gross Charge Type: Main Acute Price List"
"SCREW, HEADLESS COMPRESSION TI CANN ST 4.5MMX65MM LT","CspuChSup106540","CDM","278","RC","C1713","HCPCS","","","facility","both","","","","2563.07","2563.07","","","","","","","","","","","","","Gross Charge Type: Main Acute Price List"
"SCREW, HEADLESS COMPRESSION TI CANN ST 4.5MMX80MM LT","AngiWmSup106713","CDM","278","RC","C1713","HCPCS","","","facility","both","","","","2563.07","2563.07","","","","","","","","","","","","","Gross Charge Type: Main Acute Price List"
"SCREW, HEADLESS COMPRESSION TI CANN ST 4.5MMX80MM LT","CspuChSup106713","CDM","278","RC","C1713","HCPCS","","","facility","both","","","","2563.07","2563.07","","","","","","","","","","","","","Gross Charge Type: Main Acute Price List"
"SCREW, HEADLESS COMPRESSION TI CANN ST 4.5X22MM","ScorChSup121537","CDM","278","RC","C1713","HCPCS","","","facility","both","","","","2563.67","2563.67","","","","","","","","","","","","","Gross Charge Type: Main Acute Price List"
"SCREW, HEADLESS COMPRESSION TI CANN ST 4.5X36MM","AngiWmSup108183","CDM","278","RC","C1713","HCPCS","","","facility","both","","","","2410.03","2410.03","","","","","","","","","","","","","Gross Charge Type: Main Acute Price List"
"SCREW, HEADLESS COMPRESSION TI CANN ST 4.5X48MM","ScorWmSup106794","CDM","278","RC","C1713","HCPCS","","","facility","both","","","","2563.07","2563.07","","","","","","","","","","","","","Gross Charge Type: Main Acute Price List"
"SCREW, HEADLESS COMPRESSION TI CANN ST 4.5X60MM","GastWmSup107217","CDM","278","RC","C1713","HCPCS","","","facility","both","","","","2563.07","2563.07","","","","","","","","","","","","","Gross Charge Type: Main Acute Price List"
"SCREW, HEADLESS COMPRESSION TI CANN ST 4.5X60MM","OperWmSup107217","CDM","278","RC","C1713","HCPCS","","","facility","both","","","","2563.07","2563.07","","","","","","","","","","","","","Gross Charge Type: Main Acute Price List"
"SCREW, HEADLESS COMPRESSION TI CANN ST 4.5X65MM","OperWmSup107471","CDM","278","RC","C1713","HCPCS","","","facility","both","","","","2563.07","2563.07","","","","","","","","","","","","","Gross Charge Type: Main Acute Price List"
"SCREW, HEADLESS COMPRESSION TI CANN ST 4.5X70MM","CspuChSup107544","CDM","278","RC","C1713","HCPCS","","","facility","both","","","","2563.07","2563.07","","","","","","","","","","","","","Gross Charge Type: Main Acute Price List"
"SCREW, HEADLESS COMPRESSION TI CANN ST 4.5X70MM","GyscChSup107544","CDM","278","RC","C1713","HCPCS","","","facility","both","","","","2563.07","2563.07","","","","","","","","","","","","","Gross Charge Type: Main Acute Price List"
"SCREW, HEADLESS COMPRESSION TI CANN ST 4.5X75MM","PacuChSup109769","CDM","278","RC","C1713","HCPCS","","","facility","both","","","","2563.07","2563.07","","","","","","","","","","","","","Gross Charge Type: Main Acute Price List"
"SCREW, HEADLESS COMPRESSION TI CANN ST 4.5X80MM","GastWmSup120064","CDM","278","RC","C1713","HCPCS","","","facility","both","","","","2563.07","2563.07","","","","","","","","","","","","","Gross Charge Type: Main Acute Price List"
"SCREW, HEADLESS COMPRESSION TI CANN ST 5.5X42MM","CspuChSup114099","CDM","278","RC","C1713","HCPCS","","","facility","both","","","","3816.65","3816.65","","","","","","","","","","","","","Gross Charge Type: Main Acute Price List"
"SCREW, HEADLESS COMPRESSION TI CANN ST 5.5X42MM","GyscChSup114099","CDM","278","RC","C1713","HCPCS","","","facility","both","","","","3816.65","3816.65","","","","","","","","","","","","","Gross Charge Type: Main Acute Price List"
"SCREW, HEADLESS COMPRESSION TI CANN ST 5.5X60MM","AngiWmSup107218","CDM","278","RC","C1713","HCPCS","","","facility","both","","","","4318.59","4318.59","","","","","","","","","","","","","Gross Charge Type: Main Acute Price List"
"SCREW, HEADLESS COMPRESSION TI CANN ST 5.5X75MM","GyscChSup113830","CDM","278","RC","C1713","HCPCS","","","facility","both","","","","4060.74","4060.74","","","","","","","","","","","","","Gross Charge Type: Main Acute Price List"
"SCREW, HEADLESS COMPRESSION TI CANN ST 5.5X75MM","OperChSup113830","CDM","278","RC","C1713","HCPCS","","","facility","both","","","","4060.74","4060.74","","","","","","","","","","","","","Gross Charge Type: Main Acute Price List"
"SCREW, HEADLESS COMPRESSION TI CANN ST 5.5X75MM","ScanWmSup113830","CDM","278","RC","C1713","HCPCS","","","facility","both","","","","4060.74","4060.74","","","","","","","","","","","","","Gross Charge Type: Main Acute Price List"
"SCREW, HEADLESS COMPRESSION TI CANN ST 5.5X80MM","CcthChSup109790","CDM","278","RC","C1713","HCPCS","","","facility","both","","","","4318.59","4318.59","","","","","","","","","","","","","Gross Charge Type: Main Acute Price List"
"SCREW, HEADLESS COMPRESSION TI CANN ST 6.5X50MM","ScpuWmSup109777","CDM","278","RC","C1713","HCPCS","","","facility","both","","","","4060.74","4060.74","","","","","","","","","","","","","Gross Charge Type: Main Acute Price List"
"SCREW, HEADLESS COMPRESSION TI CANN ST 6.5X85MM","ScanWmSup108208","CDM","278","RC","C1713","HCPCS","","","facility","both","","","","4318.59","4318.59","","","","","","","","","","","","","Gross Charge Type: Main Acute Price List"
"SCREW, HEADLESS LONG THREAD 7.0X65MM","ScpuWmSup118393","CDM","278","RC","C1713","HCPCS","","","facility","both","","","","4046.21","4046.21","","","","","","","","","","","","","Gross Charge Type: Main Acute Price List"
"SCREW, HEADLESS LONG THREAD 7.0X75MM","GastWmSup117783","CDM","278","RC","C1713","HCPCS","","","facility","both","","","","3804.61","3804.61","","","","","","","","","","","","","Gross Charge Type: Main Acute Price List"
"SCREW, HEADLESS LONG THREAD 7.0X75MM","ScorChSup117783","CDM","278","RC","C1713","HCPCS","","","facility","both","","","","3804.61","3804.61","","","","","","","","","","","","","Gross Charge Type: Main Acute Price List"
"SCREW, HEADLESS MINI 2.5X30MM","AnesChSup115320","CDM","278","RC","C1713","HCPCS","","","facility","both","","","","2152.26","2152.26","","","","","","","","","","","","","Gross Charge Type: Main Acute Price List"
"SCREW, HEADLESS MINI 2.5X30MM","CspuChSup115320","CDM","278","RC","C1713","HCPCS","","","facility","both","","","","2152.26","2152.26","","","","","","","","","","","","","Gross Charge Type: Main Acute Price List"
"SCREW, HEADLESS STD COMP FT 4.0X34MM","GastChSup70565","CDM","278","RC","C1713","HCPCS","","","facility","both","","","","2198.62","2198.62","","","","","","","","","","","","","Gross Charge Type: Main Acute Price List"
"SCREW, HEADLESS STD COMP FT 4.0X34MM","GastWmSup70565","CDM","278","RC","C1713","HCPCS","","","facility","both","","","","2198.62","2198.62","","","","","","","","","","","","","Gross Charge Type: Main Acute Price List"
"SCREW, HEADLESS STD COMP FT CANN TI 4.0X44MM","AngiWmSup77579","CDM","278","RC","C1713","HCPCS","","","facility","both","","","","2338.23","2338.23","","","","","","","","","","","","","Gross Charge Type: Main Acute Price List"
"SCREW, HEADLESS STD COMP FT CANN TI 4.0X48MM","ScpuWmSup107847","CDM","278","RC","C1713","HCPCS","","","facility","both","","","","2198.62","2198.62","","","","","","","","","","","","","Gross Charge Type: Main Acute Price List"
"SCREW, HEADLESS STD COMP FT CANN TI 4.0X50MM","OperWmSup77580","CDM","278","RC","C1713","HCPCS","","","facility","both","","","","2338.23","2338.23","","","","","","","","","","","","","Gross Charge Type: Main Acute Price List"
"SCREW, HELIX T 4.5X13MM FIXED SELF TAP","GyscChSup119668","CDM","278","RC","C1713","HCPCS","","","facility","both","","","","723.99","723.99","","","","","","","","","","","","","Gross Charge Type: Main Acute Price List"
"SCREW, HEX COMP NON-LOCKING 3.5X35MM","Chrs5457378","CDM","278","RC","C1713","HCPCS","","","facility","both","","","","461.98","461.98","","","","","","","","","","","","","Gross Charge Type: Main Acute Price List"
"SCREW, HEX FIXED 3.5X25MM","EplbChSup57380","CDM","278","RC","C1713","HCPCS","","","facility","both","","","","461.98","461.98","","","","","","","","","","","","","Gross Charge Type: Main Acute Price List"
"SCREW, HEXALOBE NON-LOCKING 3.5X22MM","PacuChSup77737","CDM","278","RC","C1713","HCPCS","","","facility","both","","","","509.69","509.69","","","","","","","","","","","","","Gross Charge Type: Main Acute Price List"
"SCREW, HEXALOBE NON-LOCKING 3.5X26MM","OperWmSup107547","CDM","278","RC","C1713","HCPCS","","","facility","both","","","","532.86","532.86","","","","","","","","","","","","","Gross Charge Type: Main Acute Price List"
"SCREW, HTO IBALANCE ANCHOR 6.5X26MM","PacuChSup75706","CDM","278","RC","C1713","HCPCS","","","facility","both","","","","1669.59","1669.59","","","","","","","","","","","","","Gross Charge Type: Main Acute Price List"
"SCREW, HTX 2.0X9MM","AngiChSup106551","CDM","278","RC","C1713","HCPCS","","","facility","both","","","","178.63","178.63","","","","","","","","","","","","","Gross Charge Type: Main Acute Price List"
"SCREW, HTX 2.0X9MM","OperWmSup106551","CDM","278","RC","C1713","HCPCS","","","facility","both","","","","178.63","178.63","","","","","","","","","","","","","Gross Charge Type: Main Acute Price List"
"SCREW, HUMERAL CANCELLOUS LOCKING 4.0X44","OperChSup56471","CDM","278","RC","C1713","HCPCS","","","facility","both","","","","748.71","748.71","","","","","","","","","","","","","Gross Charge Type: Main Acute Price List"
"SCREW, HUMERAL CANCELLOUS LOCKING 4.0X54MM","EplbChSup68804","CDM","278","RC","C1713","HCPCS","","","facility","both","","","","704.01","704.01","","","","","","","","","","","","","Gross Charge Type: Main Acute Price List"
"SCREW, HUMERAL CORTICAL LOCKING 3.5X22MM","CcthChSup65538","CDM","278","RC","C1713","HCPCS","","","facility","both","","","","748.71","748.71","","","","","","","","","","","","","Gross Charge Type: Main Acute Price List"
"SCREW, HUMERAL CORTICAL LOCKING 3.5X24MM","PacuChSup57325","CDM","278","RC","","","","","facility","both","","","","704.01","704.01","","","","","","","","","","","","","Gross Charge Type: Main Acute Price List"
"SCREW, HUMERAL CORTICAL LOCKING 3.5X24MM","ScpuChSup57325","CDM","278","RC","","","","","facility","both","","","","704.01","704.01","","","","","","","","","","","","","Gross Charge Type: Main Acute Price List"
"SCREW, HUMERAL CORTICAL LOCKING 3.5X26MM","ScpuChSup61297","CDM","278","RC","C1713","HCPCS","","","facility","both","","","","748.71","748.71","","","","","","","","","","","","","Gross Charge Type: Main Acute Price List"
"SCREW, HUMERAL CORTICAL LOCKING 3.5X30MM","PacuWmSup56469","CDM","278","RC","C1713","HCPCS","","","facility","both","","","","748.71","748.71","","","","","","","","","","","","","Gross Charge Type: Main Acute Price List"
"SCREW, HUMERAL CORTICAL LOCKING 3.5X30MM","ScanChSup56469","CDM","278","RC","C1713","HCPCS","","","facility","both","","","","748.71","748.71","","","","","","","","","","","","","Gross Charge Type: Main Acute Price List"
"SCREW, HUMERAL CORTICAL LOCKING 3.5X30MM","ScpuWmSup56469","CDM","278","RC","C1713","HCPCS","","","facility","both","","","","748.71","748.71","","","","","","","","","","","","","Gross Charge Type: Main Acute Price List"
"SCREW, IM NAIL W/T25 STARDIVE 5.0X58MM","ScorChSup61018","CDM","278","RC","C1713","HCPCS","","","facility","both","","","","939.34","939.34","","","","","","","","","","","","","Gross Charge Type: Main Acute Price List"
"SCREW, IM NAIL W/T25 STARDRIVE 5.0X36MM STRL","ScpuChSup43144","CDM","278","RC","C1713","HCPCS","","","facility","both","","","","998.99","998.99","","","","","","","","","","","","","Gross Charge Type: Main Acute Price List"
"SCREW, IM NAIL W/T25 STARDRIVE 5.0X40MM STRL","ScanChSup40383","CDM","278","RC","C1713","HCPCS","","","facility","both","","","","998.99","998.99","","","","","","","","","","","","","Gross Charge Type: Main Acute Price List"
"SCREW, IM NAIL W/T25 STARDRIVE 5.0X62MM STRL","ScanChSup77537","CDM","278","RC","C1713","HCPCS","","","facility","both","","","","1214.05","1214.05","","","","","","","","","","","","","Gross Charge Type: Main Acute Price List"
"SCREW, IM NAIL W/T25 STARDRIVE 5.0X68MM STRL 77947","CcthChSup77947","CDM","278","RC","C1713","HCPCS","","","facility","both","","","","1214.05","1214.05","","","","","","","","","","","","","Gross Charge Type: Main Acute Price List"
"SCREW, IM NAIL W/T25 STARDRIVE 5.0X68MM STRL 77947","GastWmSup77947","CDM","278","RC","C1713","HCPCS","","","facility","both","","","","1214.05","1214.05","","","","","","","","","","","","","Gross Charge Type: Main Acute Price List"
"SCREW, IM NAIL W/T25 STARDRIVE 5.0X68MM STRL","AngiWmSup53844","CDM","278","RC","C1713","HCPCS","","","facility","both","","","","939.34","939.34","","","","","","","","","","","","","Gross Charge Type: Main Acute Price List"
"SCREW, IMN LOCKING 5X47.5MM","GastWmSup79962","CDM","278","RC","C1713","HCPCS","","","facility","both","","","","1173.07","1173.07","","","","","","","","","","","","","Gross Charge Type: Main Acute Price List"
"SCREW, INFINITY 4.5X32MM","CspuChSup114671","CDM","278","RC","C1713","HCPCS","","","facility","both","","","","3875.99","3875.99","","","","","","","","","","","","","Gross Charge Type: Main Acute Price List"
"SCREW, INFINITY OCCIPITAL 5.0X8MM","ScanWmSup119763","CDM","278","RC","C1713","HCPCS","","","facility","both","","","","1375.59","1375.59","","","","","","","","","","","","","Gross Charge Type: Main Acute Price List"
"SCREW, INJECTION 3.5X42MM","GyscChSup77933","CDM","278","RC","C1713","HCPCS","","","facility","both","","","","1447.99","1447.99","","","","","","","","","","","","","Gross Charge Type: Main Acute Price List"
"SCREW, INJECTION 3.5X45MM","ScorChSup77934","CDM","278","RC","C1713","HCPCS","","","facility","both","","","","1447.99","1447.99","","","","","","","","","","","","","Gross Charge Type: Main Acute Price List"
"SCREW, INJECTION 3.5X51MM","ScpuChSup107810","CDM","278","RC","C1713","HCPCS","","","facility","both","","","","1303.19","1303.19","","","","","","","","","","","","","Gross Charge Type: Main Acute Price List"
"SCREW, INTERFERENCE BIOCOM TAPERED 6X23M","PacuChSup58551","CDM","278","RC","C1713","HCPCS","","","facility","both","","","","1969.89","1969.89","","","","","","","","","","","","","Gross Charge Type: Main Acute Price List"
"SCREW, INTERFERENCE BIOCOMPOSITE 8X23MM","GastChSup39600","CDM","278","RC","C1713","HCPCS","","","facility","both","","","","1569.5","1569.5","","","","","","","","","","","","","Gross Charge Type: Main Acute Price List"
"SCREW, INTERLOCKING OSTEOBRIDGE 5X34MM","ScorWmSup77081","CDM","278","RC","C1713","HCPCS","","","facility","both","","","","1635.79","1635.79","","","","","","","","","","","","","Gross Charge Type: Main Acute Price List"
"SCREW, KREULOCK TITANIUM 2.4MM X 10MM","GastChSup110664","CDM","278","RC","C1713","HCPCS","","","facility","both","","","","1852.26","1852.26","","","","","","","","","","","","","Gross Charge Type: Main Acute Price List"
"SCREW, KREULOCK TITANIUM 2.4MM X 10MM","PacuWmSup110664","CDM","278","RC","C1713","HCPCS","","","facility","both","","","","1852.26","1852.26","","","","","","","","","","","","","Gross Charge Type: Main Acute Price List"
"SCREW, KREULOCK TITANIUM 2.4MM X 12MM","OperWmSup110650","CDM","278","RC","C1713","HCPCS","","","facility","both","","","","1852.26","1852.26","","","","","","","","","","","","","Gross Charge Type: Main Acute Price List"
"SCREW, KREULOCK TITANIUM 2.7MM X 12MM","DelrChSup110714","CDM","278","RC","C1713","HCPCS","","","facility","both","","","","1969.89","1969.89","","","","","","","","","","","","","Gross Charge Type: Main Acute Price List"
"SCREW, KREULOCK TITANIUM 2.7MM X 16MM","PacuChSup110716","CDM","278","RC","C1713","HCPCS","","","facility","both","","","","1969.89","1969.89","","","","","","","","","","","","","Gross Charge Type: Main Acute Price List"
"SCREW, KREULOCK TITANIUM 2.7MM X 18MM","EplbChSup110717","CDM","278","RC","C1713","HCPCS","","","facility","both","","","","1969.89","1969.89","","","","","","","","","","","","","Gross Charge Type: Main Acute Price List"
"SCREW, KREULOCK TITANIUM 2.7MM X 20MM","PacuChSup110718","CDM","278","RC","C1713","HCPCS","","","facility","both","","","","1852.26","1852.26","","","","","","","","","","","","","Gross Charge Type: Main Acute Price List"
"SCREW, KREULOCK TITANIUM 3.0MM X 10MM","ScanWmSup110665","CDM","278","RC","C1713","HCPCS","","","facility","both","","","","1969.89","1969.89","","","","","","","","","","","","","Gross Charge Type: Main Acute Price List"
"SCREW, KREULOCK TITANIUM 3.0MM X 12MM","ScpuWmSup110666","CDM","278","RC","C1713","HCPCS","","","facility","both","","","","1969.89","1969.89","","","","","","","","","","","","","Gross Charge Type: Main Acute Price List"
"SCREW, KREULOCK TITANIUM 3.0MM X 14MM","OperWmSup110667","CDM","278","RC","C1713","HCPCS","","","facility","both","","","","1969.89","1969.89","","","","","","","","","","","","","Gross Charge Type: Main Acute Price List"
"SCREW, KREULOCK TITANIUM 3.0MM X 16MM","DelrChSup110668","CDM","278","RC","C1713","HCPCS","","","facility","both","","","","1969.89","1969.89","","","","","","","","","","","","","Gross Charge Type: Main Acute Price List"
"SCREW, KREULOCK TITANIUM 3.0MM X 16MM","GastWmSup110668","CDM","278","RC","C1713","HCPCS","","","facility","both","","","","1969.89","1969.89","","","","","","","","","","","","","Gross Charge Type: Main Acute Price List"
"SCREW, KREULOCK TITANIUM 3.0MM X 18MM","GastWmSup110669","CDM","278","RC","C1713","HCPCS","","","facility","both","","","","1969.89","1969.89","","","","","","","","","","","","","Gross Charge Type: Main Acute Price List"
"SCREW, KREULOCK TITANIUM 3.0MM X 18MM","GyscChSup110669","CDM","278","RC","C1713","HCPCS","","","facility","both","","","","1969.89","1969.89","","","","","","","","","","","","","Gross Charge Type: Main Acute Price List"
"SCREW, KREULOCK TITANIUM 3.0MM X 22MM","PacuWmSup110671","CDM","278","RC","C1713","HCPCS","","","facility","both","","","","1852.26","1852.26","","","","","","","","","","","","","Gross Charge Type: Main Acute Price List"
"SCREW, KREULOCK TITANIUM 3.0MM X 32MM","AnesChSup110676","CDM","278","RC","C1713","HCPCS","","","facility","both","","","","1852.26","1852.26","","","","","","","","","","","","","Gross Charge Type: Main Acute Price List"
"SCREW, KREULOCK TITANIUM 3.0MM X 32MM","OperChSup110676","CDM","278","RC","C1713","HCPCS","","","facility","both","","","","1852.26","1852.26","","","","","","","","","","","","","Gross Charge Type: Main Acute Price List"
"SCREW, KREULOCK TITANIUM 3.0MM X 34MM","GastWmSup110677","CDM","278","RC","C1713","HCPCS","","","facility","both","","","","1852.26","1852.26","","","","","","","","","","","","","Gross Charge Type: Main Acute Price List"
"SCREW, KREULOCK TITANIUM 3.5MM X 12MM 110740","OperWmSup110740","CDM","278","RC","C1713","HCPCS","","","facility","both","","","","1969.89","1969.89","","","","","","","","","","","","","Gross Charge Type: Main Acute Price List"
"SCREW, KREULOCK TITANIUM 3.5MM X 12MM","DelrChSup110698","CDM","278","RC","C1713","HCPCS","","","facility","both","","","","1969.89","1969.89","","","","","","","","","","","","","Gross Charge Type: Main Acute Price List"
"SCREW, KREULOCK TITANIUM 3.5MM X 12MM","GyscChSup110698","CDM","278","RC","C1713","HCPCS","","","facility","both","","","","1969.89","1969.89","","","","","","","","","","","","","Gross Charge Type: Main Acute Price List"
"SCREW, KREULOCK TITANIUM 3.5MM X 12MM","ScanChSup110698","CDM","278","RC","C1713","HCPCS","","","facility","both","","","","1969.89","1969.89","","","","","","","","","","","","","Gross Charge Type: Main Acute Price List"
"SCREW, KREULOCK TITANIUM 3.5MM X 12MM","ScpuWmSup110698","CDM","278","RC","C1713","HCPCS","","","facility","both","","","","1969.89","1969.89","","","","","","","","","","","","","Gross Charge Type: Main Acute Price List"
"SCREW, KREULOCK TITANIUM 3.5MM X 14MM","CcthChSup110699","CDM","278","RC","C1713","HCPCS","","","facility","both","","","","1969.89","1969.89","","","","","","","","","","","","","Gross Charge Type: Main Acute Price List"
"SCREW, KREULOCK TITANIUM 3.5MM X 16MM 110742","ScorWmSup110742","CDM","278","RC","C1713","HCPCS","","","facility","both","","","","1852.26","1852.26","","","","","","","","","","","","","Gross Charge Type: Main Acute Price List"
"SCREW, KREULOCK TITANIUM 3.5MM X 16MM","DelrChSup110700","CDM","278","RC","C1713","HCPCS","","","facility","both","","","","1969.89","1969.89","","","","","","","","","","","","","Gross Charge Type: Main Acute Price List"
"SCREW, KREULOCK TITANIUM 3.5MM X 18MM 110743","GyscChSup110743","CDM","278","RC","C1713","HCPCS","","","facility","both","","","","1852.26","1852.26","","","","","","","","","","","","","Gross Charge Type: Main Acute Price List"
"SCREW, KREULOCK TITANIUM 3.5MM X 18MM 110743","PacuWmSup110743","CDM","278","RC","C1713","HCPCS","","","facility","both","","","","1852.26","1852.26","","","","","","","","","","","","","Gross Charge Type: Main Acute Price List"
"SCREW, KREULOCK TITANIUM 3.5MM X 28MM","CspuChSup110706","CDM","278","RC","C1713","HCPCS","","","facility","both","","","","1969.89","1969.89","","","","","","","","","","","","","Gross Charge Type: Main Acute Price List"
"SCREW, KREULOCK TITANIUM 3.5MM X 32MM","ScanChSup110708","CDM","278","RC","C1713","HCPCS","","","facility","both","","","","1969.89","1969.89","","","","","","","","","","","","","Gross Charge Type: Main Acute Price List"
"SCREW, KREULOCK TITANIUM 3.5MM X 38MM","ScpuWmSup110711","CDM","278","RC","C1713","HCPCS","","","facility","both","","","","1852.26","1852.26","","","","","","","","","","","","","Gross Charge Type: Main Acute Price List"
"SCREW, LAG 10.5X90MM GAMMA4","ScpuWmSup114826","CDM","278","RC","C1713","HCPCS","","","facility","both","","","","2894.74","2894.74","","","","","","","","","","","","","Gross Charge Type: Main Acute Price List"
"SCREW, LAG 10.5X95MM","OperChSup115100","CDM","278","RC","C1713","HCPCS","","","facility","both","","","","2894.74","2894.74","","","","","","","","","","","","","Gross Charge Type: Main Acute Price List"
"SCREW, LAG 2.7X12MM","ScorWmSup118135","CDM","278","RC","C1713","HCPCS","","","facility","both","","","","1201.15","1201.15","","","","","","","","","","","","","Gross Charge Type: Main Acute Price List"
"SCREW, LAG 3.2X20MM","PacuWmSup77618","CDM","278","RC","C1713","HCPCS","","","facility","both","","","","666.07","666.07","","","","","","","","","","","","","Gross Charge Type: Main Acute Price List"
"SCREW, LAG 34MM","CcthChSup46494","CDM","278","RC","C1713","HCPCS","","","facility","both","","","","2757.14","2757.14","","","","","","","","","","","","","Gross Charge Type: Main Acute Price List"
"SCREW, LAG 38MM","Chrs5422298","CDM","278","RC","","","","","facility","both","","","","965.55","965.55","","","","","","","","","","","","","Gross Charge Type: Main Acute Price List"
"SCREW, LAG 38MM","GyscChSup22298","CDM","278","RC","","","","","facility","both","","","","965.55","965.55","","","","","","","","","","","","","Gross Charge Type: Main Acute Price List"
"SCREW, LAG 38MM","ScanWmSup22298","CDM","278","RC","","","","","facility","both","","","","965.55","965.55","","","","","","","","","","","","","Gross Charge Type: Main Acute Price List"
"SCREW, LAG 4.1X50MM","CspuChSup113657","CDM","278","RC","C1713","HCPCS","","","facility","both","","","","1567.99","1567.99","","","","","","","","","","","","","Gross Charge Type: Main Acute Price List"
"SCREW, LAG CP 4.1X40MM","ScanChSup114785","CDM","278","RC","C1713","HCPCS","","","facility","both","","","","1473.75","1473.75","","","","","","","","","","","","","Gross Charge Type: Main Acute Price List"
"SCREW, LAG CROSSCHECK ORTHOLOC 3DI 3.5X22MM","CspuChSup77679","CDM","278","RC","C1713","HCPCS","","","facility","both","","","","1476.95","1476.95","","","","","","","","","","","","","Gross Charge Type: Main Acute Price List"
"SCREW, LAG CROSSCHECK ORTHOLOC 3DI 3.5X26MM","ScanChSup78507","CDM","278","RC","C1713","HCPCS","","","facility","both","","","","1570.74","1570.74","","","","","","","","","","","","","Gross Charge Type: Main Acute Price List"
"SCREW, LAG CROSSCHECK ORTHOLOC 3DI 3.5X30MM","AnesChSup77523","CDM","278","RC","C1713","HCPCS","","","facility","both","","","","1476.95","1476.95","","","","","","","","","","","","","Gross Charge Type: Main Acute Price List"
"SCREW, LAG CROSSCHECK ORTHOLOC 3DI 3.5X30MM","AngiChSup77523","CDM","278","RC","C1713","HCPCS","","","facility","both","","","","1476.95","1476.95","","","","","","","","","","","","","Gross Charge Type: Main Acute Price List"
"SCREW, LAG CROSSCHECK ORTHOLOC 3DI 3.5X30MM","ScorWmSup77523","CDM","278","RC","C1713","HCPCS","","","facility","both","","","","1476.95","1476.95","","","","","","","","","","","","","Gross Charge Type: Main Acute Price List"
"SCREW, LAG CROSSCHECK ORTHOLOC 3DI 3.5X34MM","ScorWmSup78974","CDM","278","RC","C1713","HCPCS","","","facility","both","","","","1570.74","1570.74","","","","","","","","","","","","","Gross Charge Type: Main Acute Price List"
"SCREW, LAG DHS 110MM STRL","ScanWmSup119296","CDM","278","RC","C1713","HCPCS","","","facility","both","","","","2141.58","2141.58","","","","","","","","","","","","","Gross Charge Type: Main Acute Price List"
"SCREW, LAG DHS 70MM","ScpuWmSup84001","CDM","278","RC","C1713","HCPCS","","","facility","both","","","","1875.73","1875.73","","","","","","","","","","","","","Gross Charge Type: Main Acute Price List"
"SCREW, LAG DHS 85MM STRL","OperChSup114121","CDM","278","RC","C1713","HCPCS","","","facility","both","","","","2140.66","2140.66","","","","","","","","","","","","","Gross Charge Type: Main Acute Price List"
"SCREW, LAG DHS 85MM STRL","ScpuWmSup114121","CDM","278","RC","C1713","HCPCS","","","facility","both","","","","2140.66","2140.66","","","","","","","","","","","","","Gross Charge Type: Main Acute Price List"
"SCREW, LAG DHS 90MM STRL","OperWmSup73475","CDM","278","RC","C1713","HCPCS","","","facility","both","","","","2277.57","2277.57","","","","","","","","","","","","","Gross Charge Type: Main Acute Price List"
"SCREW, LAG DHS 90MM","GastWmSup84004","CDM","278","RC","C1713","HCPCS","","","facility","both","","","","1994.84","1994.84","","","","","","","","","","","","","Gross Charge Type: Main Acute Price List"
"SCREW, LAG DHS 95MM STRL","ScanChSup115093","CDM","278","RC","C1713","HCPCS","","","facility","both","","","","2140.66","2140.66","","","","","","","","","","","","","Gross Charge Type: Main Acute Price List"
"SCREW, LAG T2 RECON 6.5 X 95 MM","CspuChSup43933","CDM","278","RC","C1713","HCPCS","","","facility","both","","","","1254.73","1254.73","","","","","","","","","","","","","Gross Charge Type: Main Acute Price List"
"SCREW, LAG T2 RECON 6.5X85MM","PacuWmSup33817","CDM","278","RC","C1713","HCPCS","","","facility","both","","","","1254.73","1254.73","","","","","","","","","","","","","Gross Charge Type: Main Acute Price List"
"SCREW, LAG TI 10.5X100MM","AngiWmSup26331","CDM","278","RC","C1713","HCPCS","","","facility","both","","","","2680.74","2680.74","","","","","","","","","","","","","Gross Charge Type: Main Acute Price List"
"SCREW, LAG TI 10.5X100MM","ScorChSup26331","CDM","278","RC","C1713","HCPCS","","","facility","both","","","","2680.74","2680.74","","","","","","","","","","","","","Gross Charge Type: Main Acute Price List"
"SCREW, LAG TI 10.5X105MM","ScpuWmSup26332","CDM","278","RC","C1713","HCPCS","","","facility","both","","","","2850.97","2850.97","","","","","","","","","","","","","Gross Charge Type: Main Acute Price List"
"SCREW, LAG TI 10.5X80MM","OperChSup26327","CDM","278","RC","","","","","facility","both","","","","2850.97","2850.97","","","","","","","","","","","","","Gross Charge Type: Main Acute Price List"
"SCREW, LAG TI 10.5X80MM","ScpuChSup26327","CDM","278","RC","","","","","facility","both","","","","2850.97","2850.97","","","","","","","","","","","","","Gross Charge Type: Main Acute Price List"
"SCREW, LAG TI 10.5X85MM","GastChSup26328","CDM","278","RC","C1713","HCPCS","","","facility","both","","","","2850.97","2850.97","","","","","","","","","","","","","Gross Charge Type: Main Acute Price List"
"SCREW, LAG TI 10.5X90MM","CspuChSup26329","CDM","278","RC","C1713","HCPCS","","","facility","both","","","","2850.97","2850.97","","","","","","","","","","","","","Gross Charge Type: Main Acute Price List"
"SCREW, LAG TI 10.5X95MM","ScorChSup26330","CDM","278","RC","C1713","HCPCS","","","facility","both","","","","2850.97","2850.97","","","","","","","","","","","","","Gross Charge Type: Main Acute Price List"
"SCREW, LAPIPLASTY 2.7MM LONG","GastWmSup111649","CDM","278","RC","C1713","HCPCS","","","facility","both","","","","7500.58","7500.58","","","","","","","","","","","","","Gross Charge Type: Main Acute Price List"
"SCREW, LAPIPLASTY HEADLESS 4.0MM","ScanChSup114143","CDM","278","RC","C1713","HCPCS","","","facility","both","","","","6128.94","6128.94","","","","","","","","","","","","","Gross Charge Type: Main Acute Price List"
"SCREW, LAPIPLASTY INTERFRA 3.0MM","AnesChSup114096","CDM","278","RC","C1713","HCPCS","","","facility","both","","","","5760.53","5760.53","","","","","","","","","","","","","Gross Charge Type: Main Acute Price List"
"SCREW, LAPIPLASTY INTERFRA 3.0MM","GastWmSup114096","CDM","278","RC","C1713","HCPCS","","","facility","both","","","","5760.53","5760.53","","","","","","","","","","","","","Gross Charge Type: Main Acute Price List"
"SCREW, LEGACY 6.5X30MM","EplbChSup27158","CDM","278","RC","C1713","HCPCS","","","facility","both","","","","4003.83","4003.83","","","","","","","","","","","","","Gross Charge Type: Main Acute Price List"
"SCREW, LEGACY 6.5X30MM","OperWmSup27158","CDM","278","RC","C1713","HCPCS","","","facility","both","","","","4003.83","4003.83","","","","","","","","","","","","","Gross Charge Type: Main Acute Price List"
"SCREW, LEGACY 6.5X30MM","PacuWmSup27158","CDM","278","RC","C1713","HCPCS","","","facility","both","","","","4003.83","4003.83","","","","","","","","","","","","","Gross Charge Type: Main Acute Price List"
"SCREW, LEGACY 6.5X35MM","OperWmSup26822","CDM","278","RC","C1713","HCPCS","","","facility","both","","","","3764.77","3764.77","","","","","","","","","","","","","Gross Charge Type: Main Acute Price List"
"SCREW, LEGACY 6.5X40MM","GyscChSup26821","CDM","278","RC","C1713","HCPCS","","","facility","both","","","","4003.83","4003.83","","","","","","","","","","","","","Gross Charge Type: Main Acute Price List"
"SCREW, LEGACY 6.5X50MM","GastChSup27391","CDM","278","RC","C1713","HCPCS","","","facility","both","","","","4003.83","4003.83","","","","","","","","","","","","","Gross Charge Type: Main Acute Price List"
"SCREW, LEGACY 7.5X35MM","Chrs5427390","CDM","278","RC","C1713","HCPCS","","","facility","both","","","","3764.77","3764.77","","","","","","","","","","","","","Gross Charge Type: Main Acute Price List"
"SCREW, LEGACY 8.5X40MM","Chrs3132826","CDM","278","RC","","","","","facility","both","","","","4003.83","4003.83","","","","","","","","","","","","","Gross Charge Type: Main Acute Price List"
"SCREW, LEGACY 8.5X40MM","ScorChSup32826","CDM","278","RC","","","","","facility","both","","","","4003.83","4003.83","","","","","","","","","","","","","Gross Charge Type: Main Acute Price List"
"SCREW, LEGACY MULTIAXIAL 5.5X50MM","GastChSup28720","CDM","278","RC","","","","","facility","both","","","","4003.83","4003.83","","","","","","","","","","","","","Gross Charge Type: Main Acute Price List"
"SCREW, LEGACY MULTIAXIAL TI 5.5X45MM","CspuChSup27824","CDM","278","RC","","","","","facility","both","","","","3764.77","3764.77","","","","","","","","","","","","","Gross Charge Type: Main Acute Price List"
"SCREW, LEGACY SET","ScpuChSup26823","CDM","278","RC","C1713","HCPCS","","","facility","both","","","","307.99","307.99","","","","","","","","","","","","","Gross Charge Type: Main Acute Price List"
"SCREW, LO-PRO TI 3.5X70MM","OperChSup121714","CDM","278","RC","C1713","HCPCS","","","facility","both","","","","400.48","400.48","","","","","","","","","","","","","Gross Charge Type: Main Acute Price List"
"SCREW, LO-PRO TI 3.5X70MM","ScorChSup121714","CDM","278","RC","C1713","HCPCS","","","facility","both","","","","400.48","400.48","","","","","","","","","","","","","Gross Charge Type: Main Acute Price List"
"SCREW, LOCK CLOSED TULIP","PacuWmSup109556","CDM","278","RC","C1713","HCPCS","","","facility","both","","","","307.99","307.99","","","","","","","","","","","","","Gross Charge Type: Main Acute Price List"
"SCREW, LOCK ENDCAP X-CORE2 MINI","OperWmSup74564","CDM","278","RC","","","","","facility","both","","","","1524.54","1524.54","","","","","","","","","","","","","Gross Charge Type: Main Acute Price List"
"SCREW, LOCK ENDCAP X-CORE2 MINI","ScanWmSup74564","CDM","278","RC","","","","","facility","both","","","","1524.54","1524.54","","","","","","","","","","","","","Gross Charge Type: Main Acute Price List"
"SCREW, LOCK SCREW TI STRL 3.5X14MM","AngiWmSup43287","CDM","278","RC","C1713","HCPCS","","","facility","both","","","","2006.92","2006.92","","","","","","","","","","","","","Gross Charge Type: Main Acute Price List"
"SCREW, LOCK SCREW TI STRL 3.5X18MM","PacuWmSup43289","CDM","278","RC","C1713","HCPCS","","","facility","both","","","","2084.41","2084.41","","","","","","","","","","","","","Gross Charge Type: Main Acute Price List"
"SCREW, LOCK SCREW TI STRL 3.5X24MM","GyscChSup43292","CDM","278","RC","C1713","HCPCS","","","facility","both","","","","2006.92","2006.92","","","","","","","","","","","","","Gross Charge Type: Main Acute Price List"
"SCREW, LOCK SCREW TI STRL 3.5X30MM","CcthChSup43295","CDM","278","RC","C1713","HCPCS","","","facility","both","","","","2084.41","2084.41","","","","","","","","","","","","","Gross Charge Type: Main Acute Price List"
"SCREW, LOCK SCREW TI STRL 3.5X30MM","ScorWmSup43295","CDM","278","RC","C1713","HCPCS","","","facility","both","","","","2084.41","2084.41","","","","","","","","","","","","","Gross Charge Type: Main Acute Price List"
"SCREW, LOCK SCREW TI STRL 3.5X36MM","ScorChSup43298","CDM","278","RC","C1713","HCPCS","","","facility","both","","","","2084.41","2084.41","","","","","","","","","","","","","Gross Charge Type: Main Acute Price List"
"SCREW, LOCK SCREW TI STRL 3.5X44MM","ScorWmSup43301","CDM","278","RC","C1713","HCPCS","","","facility","both","","","","2084.41","2084.41","","","","","","","","","","","","","Gross Charge Type: Main Acute Price List"
"SCREW, LOCK SCREW VARI TI 3.5X28MM","CcthChSup43313","CDM","278","RC","C1713","HCPCS","","","facility","both","","","","2046","2046","","","","","","","","","","","","","Gross Charge Type: Main Acute Price List"
"SCREW, LOCK SCREW VARI TI 3.5X28MM","EplbChSup43313","CDM","278","RC","C1713","HCPCS","","","facility","both","","","","2046","2046","","","","","","","","","","","","","Gross Charge Type: Main Acute Price List"
"SCREW, LOCK SCREW VARI TI 3.5X38MM","ScanChSup43318","CDM","278","RC","C1713","HCPCS","","","facility","both","","","","2046","2046","","","","","","","","","","","","","Gross Charge Type: Main Acute Price List"
"SCREW, LOCKING  5X50MM","CcthChSup79779","CDM","278","RC","C1713","HCPCS","","","facility","both","","","","1173.07","1173.07","","","","","","","","","","","","","Gross Charge Type: Main Acute Price List"
"SCREW, LOCKING  TI T25 STARDRIVE 4.0X 0MM IM NAIL STRL","ScpuWmSup53769","CDM","278","RC","C1713","HCPCS","","","facility","both","","","","1291.14","1291.14","","","","","","","","","","","","","Gross Charge Type: Main Acute Price List"
"SCREW, LOCKING 1.3X11MM","PacuChSup115307","CDM","278","RC","C1713","HCPCS","","","facility","both","","","","546.94","546.94","","","","","","","","","","","","","Gross Charge Type: Main Acute Price List"
"SCREW, LOCKING 1.3X12MM","CspuChSup115308","CDM","278","RC","C1713","HCPCS","","","facility","both","","","","546.94","546.94","","","","","","","","","","","","","Gross Charge Type: Main Acute Price List"
"SCREW, LOCKING 1.3X12MM","ScorChSup115308","CDM","278","RC","C1713","HCPCS","","","facility","both","","","","546.94","546.94","","","","","","","","","","","","","Gross Charge Type: Main Acute Price List"
"SCREW, LOCKING 1.3X13MM","EplbChSup115309","CDM","278","RC","C1713","HCPCS","","","facility","both","","","","546.94","546.94","","","","","","","","","","","","","Gross Charge Type: Main Acute Price List"
"SCREW, LOCKING 1.3X13MM","OperChSup115309","CDM","278","RC","C1713","HCPCS","","","facility","both","","","","546.94","546.94","","","","","","","","","","","","","Gross Charge Type: Main Acute Price List"
"SCREW, LOCKING 1.3X14MM","AnesChSup115310","CDM","278","RC","C1713","HCPCS","","","facility","both","","","","546.94","546.94","","","","","","","","","","","","","Gross Charge Type: Main Acute Price List"
"SCREW, LOCKING 2.0X10MM COMPT","ScanWmSup113006","CDM","278","RC","C1713","HCPCS","","","facility","both","","","","2061.93","2061.93","","","","","","","","","","","","","Gross Charge Type: Main Acute Price List"
"SCREW, LOCKING 2.0X10MM","AngiChSup117996","CDM","278","RC","C1713","HCPCS","","","facility","both","","","","1093.48","1093.48","","","","","","","","","","","","","Gross Charge Type: Main Acute Price List"
"SCREW, LOCKING 2.0X22MM","OperChSup122001","CDM","278","RC","C1713","HCPCS","","","facility","both","","","","1093.74","1093.74","","","","","","","","","","","","","Gross Charge Type: Main Acute Price List"
"SCREW, LOCKING 2.0X24MM","AngiWmSup114633","CDM","278","RC","C1713","HCPCS","","","facility","both","","","","966.38","966.38","","","","","","","","","","","","","Gross Charge Type: Main Acute Price List"
"SCREW, LOCKING 2.0X5MM","ScanWmSup26968","CDM","278","RC","","","","","facility","both","","","","461.2","461.2","","","","","","","","","","","","","Gross Charge Type: Main Acute Price List"
"SCREW, LOCKING 2.0X7MM","PacuChSup40229","CDM","278","RC","C1713","HCPCS","","","facility","both","","","","617.36","617.36","","","","","","","","","","","","","Gross Charge Type: Main Acute Price List"
"SCREW, LOCKING 2.0X7MM","Wilm5440229","CDM","278","RC","C1713","HCPCS","","","facility","both","","","","617.36","617.36","","","","","","","","","","","","","Gross Charge Type: Main Acute Price List"
"SCREW, LOCKING 2.7 X 14 MM","CcthChSup57697","CDM","278","RC","C1713","HCPCS","","","facility","both","","","","1256.59","1256.59","","","","","","","","","","","","","Gross Charge Type: Main Acute Price List"
"SCREW, LOCKING 2.7 X 38 MM","GastWmSup49245","CDM","278","RC","C1713","HCPCS","","","facility","both","","","","635.09","635.09","","","","","","","","","","","","","Gross Charge Type: Main Acute Price List"
"SCREW, LOCKING 2.7MMX24MM","ScorWmSup109337","CDM","278","RC","C1713","HCPCS","","","facility","both","","","","554.38","554.38","","","","","","","","","","","","","Gross Charge Type: Main Acute Price List"
"SCREW, LOCKING 2.7X 50MM","CspuChSup40357","CDM","278","RC","C1713","HCPCS","","","facility","both","","","","658.37","658.37","","","","","","","","","","","","","Gross Charge Type: Main Acute Price List"
"SCREW, LOCKING 2.7X10MM 106123","OperClSup106123","CDM","278","RC","C1713","HCPCS","","","facility","both","","","","1130.68","1130.68","","","","","","","","","","","","","Gross Charge Type: Main Acute Price List"
"SCREW, LOCKING 2.7X10MM 106123","ScorWmSup106123","CDM","278","RC","C1713","HCPCS","","","facility","both","","","","1130.68","1130.68","","","","","","","","","","","","","Gross Charge Type: Main Acute Price List"
"SCREW, LOCKING 2.7X10MM 107897","CcthChSup107897","CDM","278","RC","C1713","HCPCS","","","facility","both","","","","554.38","554.38","","","","","","","","","","","","","Gross Charge Type: Main Acute Price List"
"SCREW, LOCKING 2.7X10MM 77397","OperChSup77397","CDM","278","RC","C1713","HCPCS","","","facility","both","","","","1256.59","1256.59","","","","","","","","","","","","","Gross Charge Type: Main Acute Price List"
"SCREW, LOCKING 2.7X14MM 107667","ScanWmSup107667","CDM","278","RC","C1713","HCPCS","","","facility","both","","","","666.07","666.07","","","","","","","","","","","","","Gross Charge Type: Main Acute Price List"
"SCREW, LOCKING 2.7X14MM 107853","CcthChSup107853","CDM","278","RC","C1713","HCPCS","","","facility","both","","","","554.38","554.38","","","","","","","","","","","","","Gross Charge Type: Main Acute Price List"
"SCREW, LOCKING 2.7X14MM 107853","ScorWmSup107853","CDM","278","RC","C1713","HCPCS","","","facility","both","","","","554.38","554.38","","","","","","","","","","","","","Gross Charge Type: Main Acute Price List"
"SCREW, LOCKING 2.7X16MM","ScanChSup77817","CDM","278","RC","C1713","HCPCS","","","facility","both","","","","1256.59","1256.59","","","","","","","","","","","","","Gross Charge Type: Main Acute Price List"
"SCREW, LOCKING 2.7X18MM 107668","ScanChSup107668","CDM","278","RC","C1713","HCPCS","","","facility","both","","","","666.07","666.07","","","","","","","","","","","","","Gross Charge Type: Main Acute Price List"
"SCREW, LOCKING 2.7X18MM 107854","AnesChSup107854","CDM","278","RC","C1713","HCPCS","","","facility","both","","","","554.38","554.38","","","","","","","","","","","","","Gross Charge Type: Main Acute Price List"
"SCREW, LOCKING 2.7X24MM 107310","DelrChSup107310","CDM","278","RC","C1713","HCPCS","","","facility","both","","","","1130.68","1130.68","","","","","","","","","","","","","Gross Charge Type: Main Acute Price List"
"SCREW, LOCKING 2.7X24MM 112838","ScanChSup112838","CDM","278","RC","C1713","HCPCS","","","facility","both","","","","1629.86","1629.86","","","","","","","","","","","","","Gross Charge Type: Main Acute Price List"
"SCREW, LOCKING 2.7X26MM 113052","ScpuChSup113052","CDM","278","RC","C1713","HCPCS","","","facility","both","","","","521.28","521.28","","","","","","","","","","","","","Gross Charge Type: Main Acute Price List"
"SCREW, LOCKING 2.7X26MM","OperWmSup68963","CDM","278","RC","C1713","HCPCS","","","facility","both","","","","1187.35","1187.35","","","","","","","","","","","","","Gross Charge Type: Main Acute Price List"
"SCREW, LOCKING 2.7X30MM 113054","AnesWmSup113054","CDM","278","RC","C1713","HCPCS","","","facility","both","","","","521.28","521.28","","","","","","","","","","","","","Gross Charge Type: Main Acute Price List"
"SCREW, LOCKING 2.7X30MM 113054","CcthChSup113054","CDM","278","RC","C1713","HCPCS","","","facility","both","","","","521.28","521.28","","","","","","","","","","","","","Gross Charge Type: Main Acute Price List"
"SCREW, LOCKING 2.7X44MM","AngiWmSup34140","CDM","278","RC","C1713","HCPCS","","","facility","both","","","","635.09","635.09","","","","","","","","","","","","","Gross Charge Type: Main Acute Price List"
"SCREW, LOCKING 2.7X44MM","GastWmSup34140","CDM","278","RC","C1713","HCPCS","","","facility","both","","","","635.09","635.09","","","","","","","","","","","","","Gross Charge Type: Main Acute Price List"
"SCREW, LOCKING 2.7X48MM","ScorChSup110992","CDM","278","RC","C1713","HCPCS","","","facility","both","","","","635.09","635.09","","","","","","","","","","","","","Gross Charge Type: Main Acute Price List"
"SCREW, LOCKING 2.7X50MM T8","OperChSup10180706","CDM","278","RC","C1713","HCPCS","","","facility","both","","","","1267.05","1267.05","","","","","","","","","","","","","Gross Charge Type: Main Acute Price List"
"SCREW, LOCKING 2.7X60MM","AngiChSup112507","CDM","278","RC","C1713","HCPCS","","","facility","both","","","","635.09","635.09","","","","","","","","","","","","","Gross Charge Type: Main Acute Price List"
"SCREW, LOCKING 3.0MM X 20MM  MINI BUNION","AnesWmSup119838","CDM","278","RC","C1713","HCPCS","","","facility","both","","","","1020.98","1020.98","","","","","","","","","","","","","Gross Charge Type: Main Acute Price List"
"SCREW, LOCKING 3.0MM X 20MM  MINI BUNION","AngiWmSup119838","CDM","278","RC","C1713","HCPCS","","","facility","both","","","","1020.98","1020.98","","","","","","","","","","","","","Gross Charge Type: Main Acute Price List"
"SCREW, LOCKING 3.2X14MM","CcthChSup64341","CDM","278","RC","C1713","HCPCS","","","facility","both","","","","708.37","708.37","","","","","","","","","","","","","Gross Charge Type: Main Acute Price List"
"SCREW, LOCKING 3.2X14MM","CspuChSup64341","CDM","278","RC","C1713","HCPCS","","","facility","both","","","","708.37","708.37","","","","","","","","","","","","","Gross Charge Type: Main Acute Price List"
"SCREW, LOCKING 3.5X12MM","GastChSup19799","CDM","278","RC","C1713","HCPCS","","","facility","both","","","","719.39","719.39","","","","","","","","","","","","","Gross Charge Type: Main Acute Price List"
"SCREW, LOCKING 3.5X14MM","CcthChSup57967","CDM","278","RC","C1713","HCPCS","","","facility","both","","","","722.83","722.83","","","","","","","","","","","","","Gross Charge Type: Main Acute Price List"
"SCREW, LOCKING 3.5X14MM","OperChSup66643","CDM","278","RC","C1713","HCPCS","","","facility","both","","","","1256.59","1256.59","","","","","","","","","","","","","Gross Charge Type: Main Acute Price List"
"SCREW, LOCKING 3.5X14MM","PacuChSup70980","CDM","278","RC","C1713","HCPCS","","","facility","both","","","","1130.68","1130.68","","","","","","","","","","","","","Gross Charge Type: Main Acute Price List"
"SCREW, LOCKING 3.5X16MM","EplbChSup66644","CDM","278","RC","C1713","HCPCS","","","facility","both","","","","1256.59","1256.59","","","","","","","","","","","","","Gross Charge Type: Main Acute Price List"
"SCREW, LOCKING 3.5X16MM","EplbChSup70981","CDM","278","RC","C1713","HCPCS","","","facility","both","","","","1130.68","1130.68","","","","","","","","","","","","","Gross Charge Type: Main Acute Price List"
"SCREW, LOCKING 3.5X16MM","GastChSup68962","CDM","278","RC","C1713","HCPCS","","","facility","both","","","","1187.35","1187.35","","","","","","","","","","","","","Gross Charge Type: Main Acute Price List"
"SCREW, LOCKING 3.5X16MM","OperClSup70981","CDM","278","RC","C1713","HCPCS","","","facility","both","","","","1130.68","1130.68","","","","","","","","","","","","","Gross Charge Type: Main Acute Price List"
"SCREW, LOCKING 3.5X18MM","CspuChSup57968","CDM","278","RC","C1713","HCPCS","","","facility","both","","","","722.83","722.83","","","","","","","","","","","","","Gross Charge Type: Main Acute Price List"
"SCREW, LOCKING 3.5X20MM","AngiWmSup19800","CDM","278","RC","C1713","HCPCS","","","facility","both","","","","719.39","719.39","","","","","","","","","","","","","Gross Charge Type: Main Acute Price List"
"SCREW, LOCKING 3.5X20MM","GastWmSup19800","CDM","278","RC","C1713","HCPCS","","","facility","both","","","","719.39","719.39","","","","","","","","","","","","","Gross Charge Type: Main Acute Price List"
"SCREW, LOCKING 3.5X24MM","ScorWmSup19605","CDM","278","RC","C1713","HCPCS","","","facility","both","","","","719.39","719.39","","","","","","","","","","","","","Gross Charge Type: Main Acute Price List"
"SCREW, LOCKING 3.5X24MM","Wilm5419605","CDM","278","RC","C1713","HCPCS","","","facility","both","","","","719.39","719.39","","","","","","","","","","","","","Gross Charge Type: Main Acute Price List"
"SCREW, LOCKING 3.5X25MM","AnesChSup106639","CDM","278","RC","C1713","HCPCS","","","facility","both","","","","1544.65","1544.65","","","","","","","","","","","","","Gross Charge Type: Main Acute Price List"
"SCREW, LOCKING 3.5X26MM 61041","ScorChSup61041","CDM","278","RC","C1713","HCPCS","","","facility","both","","","","1256.59","1256.59","","","","","","","","","","","","","Gross Charge Type: Main Acute Price List"
"SCREW, LOCKING 3.5X26MM","OperWmSup19606","CDM","278","RC","C1713","HCPCS","","","facility","both","","","","719.39","719.39","","","","","","","","","","","","","Gross Charge Type: Main Acute Price List"
"SCREW, LOCKING 3.5X26MM","PacuWmSup73811","CDM","278","RC","C1713","HCPCS","","","facility","both","","","","1130.68","1130.68","","","","","","","","","","","","","Gross Charge Type: Main Acute Price List"
"SCREW, LOCKING 3.5X28MM - 19607","GyscChSup19607","CDM","278","RC","C1713","HCPCS","","","facility","both","","","","719.39","719.39","","","","","","","","","","","","","Gross Charge Type: Main Acute Price List"
"SCREW, LOCKING 3.5X28MM 79282","AngiChSup79282","CDM","278","RC","C1713","HCPCS","","","facility","both","","","","1256.59","1256.59","","","","","","","","","","","","","Gross Charge Type: Main Acute Price List"
"SCREW, LOCKING 3.5X34MM 111042","PacuChSup111042","CDM","278","RC","C1713","HCPCS","","","facility","both","","","","1130.68","1130.68","","","","","","","","","","","","","Gross Charge Type: Main Acute Price List"
"SCREW, LOCKING 3.5X36MM 79396","AnesChSup79396","CDM","278","RC","C1713","HCPCS","","","facility","both","","","","1130.68","1130.68","","","","","","","","","","","","","Gross Charge Type: Main Acute Price List"
"SCREW, LOCKING 3.5X36MM T15","ScorWmSup121240","CDM","278","RC","C1713","HCPCS","","","facility","both","","","","1375.48","1375.48","","","","","","","","","","","","","Gross Charge Type: Main Acute Price List"
"SCREW, LOCKING 3.5X38MM - 19804","ScorWmSup19804","CDM","278","RC","C1713","HCPCS","","","facility","both","","","","719.39","719.39","","","","","","","","","","","","","Gross Charge Type: Main Acute Price List"
"SCREW, LOCKING 3.5X38MM","GyscChSup106409","CDM","278","RC","C1713","HCPCS","","","facility","both","","","","1130.68","1130.68","","","","","","","","","","","","","Gross Charge Type: Main Acute Price List"
"SCREW, LOCKING 3.5X40MM","AnesWmSup109267","CDM","278","RC","C1713","HCPCS","","","facility","both","","","","1130.68","1130.68","","","","","","","","","","","","","Gross Charge Type: Main Acute Price List"
"SCREW, LOCKING 3.5X42MM","GyscChSup32595","CDM","278","RC","C1713","HCPCS","","","facility","both","","","","719.39","719.39","","","","","","","","","","","","","Gross Charge Type: Main Acute Price List"
"SCREW, LOCKING 3.5X48MM","GastChSup32596","CDM","278","RC","C1713","HCPCS","","","facility","both","","","","719.39","719.39","","","","","","","","","","","","","Gross Charge Type: Main Acute Price List"
"SCREW, LOCKING 3.5X48MM","ScanWmSup32596","CDM","278","RC","C1713","HCPCS","","","facility","both","","","","719.39","719.39","","","","","","","","","","","","","Gross Charge Type: Main Acute Price List"
"SCREW, LOCKING 3.5X50MM 111762","PacuWmSup111762","CDM","278","RC","C1713","HCPCS","","","facility","both","","","","1130.68","1130.68","","","","","","","","","","","","","Gross Charge Type: Main Acute Price List"
"SCREW, LOCKING 3.5X50MM","OperChSup19608","CDM","278","RC","C1713","HCPCS","","","facility","both","","","","719.39","719.39","","","","","","","","","","","","","Gross Charge Type: Main Acute Price List"
"SCREW, LOCKING 3.5X60MM","EplbChSup19616","CDM","278","RC","C1713","HCPCS","","","facility","both","","","","719.39","719.39","","","","","","","","","","","","","Gross Charge Type: Main Acute Price List"
"SCREW, LOCKING 3.5X65 LOCKING","DelrChSup113812","CDM","278","RC","C1713","HCPCS","","","facility","both","","","","1063.17","1063.17","","","","","","","","","","","","","Gross Charge Type: Main Acute Price List"
"SCREW, LOCKING 3.5X65MM","ScorChSup121327","CDM","278","RC","C1713","HCPCS","","","facility","both","","","","1375.47","1375.47","","","","","","","","","","","","","Gross Charge Type: Main Acute Price List"
"SCREW, LOCKING 3.5X70MM T15","ScorWmSup121420","CDM","278","RC","C1713","HCPCS","","","facility","both","","","","1375.79","1375.79","","","","","","","","","","","","","Gross Charge Type: Main Acute Price List"
"SCREW, LOCKING 3.5X70MM","EplbChSup73810","CDM","278","RC","C1713","HCPCS","","","facility","both","","","","1130.68","1130.68","","","","","","","","","","","","","Gross Charge Type: Main Acute Price List"
"SCREW, LOCKING 3.5X80MM","Wilm5430556","CDM","278","RC","C1713","HCPCS","","","facility","both","","","","676.44","676.44","","","","","","","","","","","","","Gross Charge Type: Main Acute Price List"
"SCREW, LOCKING 3.5X8MM 111640","AngiWmSup111640","CDM","278","RC","C1713","HCPCS","","","facility","both","","","","1130.68","1130.68","","","","","","","","","","","","","Gross Charge Type: Main Acute Price List"
"SCREW, LOCKING 3DI 2.7X22MM","PacuWmSup63538","CDM","278","RC","C1713","HCPCS","","","facility","both","","","","1256.59","1256.59","","","","","","","","","","","","","Gross Charge Type: Main Acute Price List"
"SCREW, LOCKING 3DI 2.7X24MM","PacuWmSup115364","CDM","278","RC","C1713","HCPCS","","","facility","both","","","","1181.05","1181.05","","","","","","","","","","","","","Gross Charge Type: Main Acute Price List"
"SCREW, LOCKING 3DI 2.7X30MM","OperChSup79658","CDM","278","RC","C1713","HCPCS","","","facility","both","","","","1256.59","1256.59","","","","","","","","","","","","","Gross Charge Type: Main Acute Price List"
"SCREW, LOCKING 3DI 3.5X18MM","CcthChSup61942","CDM","278","RC","C1713","HCPCS","","","facility","both","","","","1256.59","1256.59","","","","","","","","","","","","","Gross Charge Type: Main Acute Price List"
"SCREW, LOCKING 3DI 3.5X20MM","OperWmSup61941","CDM","278","RC","C1713","HCPCS","","","facility","both","","","","1256.59","1256.59","","","","","","","","","","","","","Gross Charge Type: Main Acute Price List"
"SCREW, LOCKING 3DI 3.5X20MM","PacuChSup61941","CDM","278","RC","C1713","HCPCS","","","facility","both","","","","1256.59","1256.59","","","","","","","","","","","","","Gross Charge Type: Main Acute Price List"
"SCREW, LOCKING 3DI 3.5X30MM","CLDRChSup65074","CDM","278","RC","C1713","HCPCS","","","facility","both","","","","1256.59","1256.59","","","","","","","","","","","","","Gross Charge Type: Main Acute Price List"
"SCREW, LOCKING 3DI 3.5X36MM","ScorWmSup78949","CDM","278","RC","C1713","HCPCS","","","facility","both","","","","1256.59","1256.59","","","","","","","","","","","","","Gross Charge Type: Main Acute Price List"
"SCREW, LOCKING 3DI 3.5X42MM","AngiWmSup115407","CDM","278","RC","C1713","HCPCS","","","facility","both","","","","1181.05","1181.05","","","","","","","","","","","","","Gross Charge Type: Main Acute Price List"
"SCREW, LOCKING 3DI 3.5X42MM","OperChSup115407","CDM","278","RC","C1713","HCPCS","","","facility","both","","","","1181.05","1181.05","","","","","","","","","","","","","Gross Charge Type: Main Acute Price List"
"SCREW, LOCKING 3DI 3.5X46MM","AngiChSup115408","CDM","278","RC","C1713","HCPCS","","","facility","both","","","","1181.05","1181.05","","","","","","","","","","","","","Gross Charge Type: Main Acute Price List"
"SCREW, LOCKING 4.0X18MM","Wilm3164006","CDM","278","RC","C1713","HCPCS","","","facility","both","","","","992.96","992.96","","","","","","","","","","","","","Gross Charge Type: Main Acute Price List"
"SCREW, LOCKING 4.0X20MM T20","ScorChSup10189965","CDM","278","RC","C1713","HCPCS","","","facility","both","","","","1341.73","1341.73","","","","","","","","","","","","","Gross Charge Type: Main Acute Price List"
"SCREW, LOCKING 4.0X26MM","AngiWmSup24666","CDM","278","RC","","","","","facility","both","","","","816.78","816.78","","","","","","","","","","","","","Gross Charge Type: Main Acute Price List"
"SCREW, LOCKING 4.0X26MM","GastWmSup65328","CDM","278","RC","C1713","HCPCS","","","facility","both","","","","992.96","992.96","","","","","","","","","","","","","Gross Charge Type: Main Acute Price List"
"SCREW, LOCKING 4.0X26MM","PacuChSup24666","CDM","278","RC","","","","","facility","both","","","","816.78","816.78","","","","","","","","","","","","","Gross Charge Type: Main Acute Price List"
"SCREW, LOCKING 4.0X32MM T20","OperChSup121230","CDM","278","RC","C1713","HCPCS","","","facility","both","","","","1268.44","1268.44","","","","","","","","","","","","","Gross Charge Type: Main Acute Price List"
"SCREW, LOCKING 4.0X34MM - 24668","ScanChSup24668","CDM","278","RC","","","","","facility","both","","","","816.78","816.78","","","","","","","","","","","","","Gross Charge Type: Main Acute Price List"
"SCREW, LOCKING 4.0X34MM","CcthChSup61469","CDM","278","RC","C1713","HCPCS","","","facility","both","","","","992.96","992.96","","","","","","","","","","","","","Gross Charge Type: Main Acute Price List"
"SCREW, LOCKING 4.0X34MM","Chrs5461469","CDM","278","RC","C1713","HCPCS","","","facility","both","","","","992.96","992.96","","","","","","","","","","","","","Gross Charge Type: Main Acute Price List"
"SCREW, LOCKING 4.0X34MM","CspuChSup61469","CDM","278","RC","C1713","HCPCS","","","facility","both","","","","992.96","992.96","","","","","","","","","","","","","Gross Charge Type: Main Acute Price List"
"SCREW, LOCKING 4.0X36MM","ScorWmSup63545","CDM","278","RC","C1713","HCPCS","","","facility","both","","","","992.96","992.96","","","","","","","","","","","","","Gross Charge Type: Main Acute Price List"
"SCREW, LOCKING 4.0X36MM","Wilm3163545","CDM","278","RC","C1713","HCPCS","","","facility","both","","","","992.96","992.96","","","","","","","","","","","","","Gross Charge Type: Main Acute Price List"
"SCREW, LOCKING 4.0X38MM 63732","CLDRChSup63732","CDM","278","RC","C1713","HCPCS","","","facility","both","","","","992.96","992.96","","","","","","","","","","","","","Gross Charge Type: Main Acute Price List"
"SCREW, LOCKING 4.0X38MM","CcthChSup24669","CDM","278","RC","","","","","facility","both","","","","768.01","768.01","","","","","","","","","","","","","Gross Charge Type: Main Acute Price List"
"SCREW, LOCKING 4.0X38MM","GastChSup24669","CDM","278","RC","","","","","facility","both","","","","768.01","768.01","","","","","","","","","","","","","Gross Charge Type: Main Acute Price List"
"SCREW, LOCKING 4.0X40MM","CspuChSup63544","CDM","278","RC","C1713","HCPCS","","","facility","both","","","","992.96","992.96","","","","","","","","","","","","","Gross Charge Type: Main Acute Price List"
"SCREW, LOCKING 4.0X40MM","PacuChSup63544","CDM","278","RC","C1713","HCPCS","","","facility","both","","","","992.96","992.96","","","","","","","","","","","","","Gross Charge Type: Main Acute Price List"
"SCREW, LOCKING 4.0X40MM","ScpuWmSup63544","CDM","278","RC","C1713","HCPCS","","","facility","both","","","","992.96","992.96","","","","","","","","","","","","","Gross Charge Type: Main Acute Price List"
"SCREW, LOCKING 4.0X42MM","Chrs5461851","CDM","278","RC","C1713","HCPCS","","","facility","both","","","","992.96","992.96","","","","","","","","","","","","","Gross Charge Type: Main Acute Price List"
"SCREW, LOCKING 4.0X50MM","EplbChSup61853","CDM","278","RC","C1713","HCPCS","","","facility","both","","","","992.96","992.96","","","","","","","","","","","","","Gross Charge Type: Main Acute Price List"
"SCREW, LOCKING 4.0X55MM T20","OperChSup10180794","CDM","278","RC","C1713","HCPCS","","","facility","both","","","","1349.3","1349.3","","","","","","","","","","","","","Gross Charge Type: Main Acute Price List"
"SCREW, LOCKING 4.0X60MM","GastWmSup59379","CDM","278","RC","C1713","HCPCS","","","facility","both","","","","992.96","992.96","","","","","","","","","","","","","Gross Charge Type: Main Acute Price List"
"SCREW, LOCKING 4.0X65MM","ScorWmSup59378","CDM","278","RC","C1713","HCPCS","","","facility","both","","","","992.96","992.96","","","","","","","","","","","","","Gross Charge Type: Main Acute Price List"
"SCREW, LOCKING 4.0X70MM","ScpuChSup59383","CDM","278","RC","C1713","HCPCS","","","facility","both","","","","992.96","992.96","","","","","","","","","","","","","Gross Charge Type: Main Acute Price List"
"SCREW, LOCKING 4.5  24MM","OperChSup64080","CDM","278","RC","C1713","HCPCS","","","facility","both","","","","1301.24","1301.24","","","","","","","","","","","","","Gross Charge Type: Main Acute Price List"
"SCREW, LOCKING 4.5  24MM","PacuChSup64080","CDM","278","RC","C1713","HCPCS","","","facility","both","","","","1301.24","1301.24","","","","","","","","","","","","","Gross Charge Type: Main Acute Price List"
"SCREW, LOCKING 4.5  24MM","ScorWmSup64080","CDM","278","RC","C1713","HCPCS","","","facility","both","","","","1301.24","1301.24","","","","","","","","","","","","","Gross Charge Type: Main Acute Price List"
"SCREW, LOCKING 4.5X 38MM","PacuChSup64085","CDM","278","RC","C1713","HCPCS","","","facility","both","","","","1301.24","1301.24","","","","","","","","","","","","","Gross Charge Type: Main Acute Price List"
"SCREW, LOCKING 4.5X 38MM","ScpuWmSup64085","CDM","278","RC","C1713","HCPCS","","","facility","both","","","","1301.24","1301.24","","","","","","","","","","","","","Gross Charge Type: Main Acute Price List"
"SCREW, LOCKING 4.5X32MM","ScanWmSup64082","CDM","278","RC","C1713","HCPCS","","","facility","both","","","","1301.24","1301.24","","","","","","","","","","","","","Gross Charge Type: Main Acute Price List"
"SCREW, LOCKING 4.5X34MM","EplbChSup64083","CDM","278","RC","C1713","HCPCS","","","facility","both","","","","1301.24","1301.24","","","","","","","","","","","","","Gross Charge Type: Main Acute Price List"
"SCREW, LOCKING 4.5X36MM","ScanChSup64084","CDM","278","RC","C1713","HCPCS","","","facility","both","","","","1223.55","1223.55","","","","","","","","","","","","","Gross Charge Type: Main Acute Price List"
"SCREW, LOCKING 4X42MM","EplbChSup57993","CDM","278","RC","C1713","HCPCS","","","facility","both","","","","748.71","748.71","","","","","","","","","","","","","Gross Charge Type: Main Acute Price List"
"SCREW, LOCKING 5.0X 20MM","ScpuChSup60000","CDM","278","RC","C1713","HCPCS","","","facility","both","","","","984.86","984.86","","","","","","","","","","","","","Gross Charge Type: Main Acute Price List"
"SCREW, LOCKING 5.0X 20MM","Wilm5460000","CDM","278","RC","C1713","HCPCS","","","facility","both","","","","984.86","984.86","","","","","","","","","","","","","Gross Charge Type: Main Acute Price List"
"SCREW, LOCKING 5.0X110MM STRL","AngiWmSup115816","CDM","278","RC","C1713","HCPCS","","","facility","both","","","","2016.06","2016.06","","","","","","","","","","","","","Gross Charge Type: Main Acute Price List"
"SCREW, LOCKING 5.0X18MM","ScanWmSup26074","CDM","278","RC","C1713","HCPCS","","","facility","both","","","","782.78","782.78","","","","","","","","","","","","","Gross Charge Type: Main Acute Price List"
"SCREW, LOCKING 5.0X20MM","GastChSup26075","CDM","278","RC","","","","","facility","both","","","","782.78","782.78","","","","","","","","","","","","","Gross Charge Type: Main Acute Price List"
"SCREW, LOCKING 5.0X20MM","GastWmSup26075","CDM","278","RC","","","","","facility","both","","","","782.78","782.78","","","","","","","","","","","","","Gross Charge Type: Main Acute Price List"
"SCREW, LOCKING 5.0X20MM","OperWmSup26075","CDM","278","RC","","","","","facility","both","","","","782.78","782.78","","","","","","","","","","","","","Gross Charge Type: Main Acute Price List"
"SCREW, LOCKING 5.0X26MM 59411","GyscChSup59411","CDM","278","RC","C1713","HCPCS","","","facility","both","","","","984.86","984.86","","","","","","","","","","","","","Gross Charge Type: Main Acute Price List"
"SCREW, LOCKING 5.0X26MM 59411","ScorWmSup59411","CDM","278","RC","C1713","HCPCS","","","facility","both","","","","984.86","984.86","","","","","","","","","","","","","Gross Charge Type: Main Acute Price List"
"SCREW, LOCKING 5.0X26MM STRL","GyscChSup114319","CDM","278","RC","C1713","HCPCS","","","facility","both","","","","2015.2","2015.2","","","","","","","","","","","","","Gross Charge Type: Main Acute Price List"
"SCREW, LOCKING 5.0X28MM 107323","ScpuChSup107323","CDM","278","RC","C1713","HCPCS","","","facility","both","","","","984.86","984.86","","","","","","","","","","","","","Gross Charge Type: Main Acute Price List"
"SCREW, LOCKING 5.0X28MM 110155","AnesWmSup110155","CDM","278","RC","C1713","HCPCS","","","facility","both","","","","1350.46","1350.46","","","","","","","","","","","","","Gross Charge Type: Main Acute Price List"
"SCREW, LOCKING 5.0X28MM","GyscChSup26077","CDM","278","RC","C1713","HCPCS","","","facility","both","","","","832.49","832.49","","","","","","","","","","","","","Gross Charge Type: Main Acute Price List"
"SCREW, LOCKING 5.0X30MM 110227","AngiWmSup110227","CDM","278","RC","C1713","HCPCS","","","facility","both","","","","1350.46","1350.46","","","","","","","","","","","","","Gross Charge Type: Main Acute Price List"
"SCREW, LOCKING 5.0X30MM 110227","CcthChSup110227","CDM","278","RC","C1713","HCPCS","","","facility","both","","","","1350.46","1350.46","","","","","","","","","","","","","Gross Charge Type: Main Acute Price List"
"SCREW, LOCKING 5.0X30MM STRL","GastWmSup111854","CDM","278","RC","C1713","HCPCS","","","facility","both","","","","2144.09","2144.09","","","","","","","","","","","","","Gross Charge Type: Main Acute Price List"
"SCREW, LOCKING 5.0X32MM STRL","OperWmSup111276","CDM","278","RC","C1713","HCPCS","","","facility","both","","","","2144.09","2144.09","","","","","","","","","","","","","Gross Charge Type: Main Acute Price List"
"SCREW, LOCKING 5.0X32MM","PacuChSup110228","CDM","278","RC","C1713","HCPCS","","","facility","both","","","","1350.46","1350.46","","","","","","","","","","","","","Gross Charge Type: Main Acute Price List"
"SCREW, LOCKING 5.0X34MM","PacuChSup61839","CDM","278","RC","C1713","HCPCS","","","facility","both","","","","984.86","984.86","","","","","","","","","","","","","Gross Charge Type: Main Acute Price List"
"SCREW, LOCKING 5.0X35MM 106638","OperChSup106638","CDM","278","RC","C1713","HCPCS","","","facility","both","","","","1544.65","1544.65","","","","","","","","","","","","","Gross Charge Type: Main Acute Price List"
"SCREW, LOCKING 5.0X36MM 109885","ScanWmSup109885","CDM","278","RC","C1713","HCPCS","","","facility","both","","","","1350.46","1350.46","","","","","","","","","","","","","Gross Charge Type: Main Acute Price List"
"SCREW, LOCKING 5.0X38MM - 25453","ScanWmSup25453","CDM","278","RC","C1713","HCPCS","","","facility","both","","","","832.49","832.49","","","","","","","","","","","","","Gross Charge Type: Main Acute Price List"
"SCREW, LOCKING 5.0X38MM 109915","CspuChSup109915","CDM","278","RC","C1713","HCPCS","","","facility","both","","","","1769.57","1769.57","","","","","","","","","","","","","Gross Charge Type: Main Acute Price List"
"SCREW, LOCKING 5.0X40MM 109916","CcthChSup109916","CDM","278","RC","C1713","HCPCS","","","facility","both","","","","1769.57","1769.57","","","","","","","","","","","","","Gross Charge Type: Main Acute Price List"
"SCREW, LOCKING 5.0X40MM","ScpuChSup59412","CDM","278","RC","C1713","HCPCS","","","facility","both","","","","1047.4","1047.4","","","","","","","","","","","","","Gross Charge Type: Main Acute Price List"
"SCREW, LOCKING 5.0X42MM - 26079","OperChSup26079","CDM","278","RC","C1713","HCPCS","","","facility","both","","","","832.49","832.49","","","","","","","","","","","","","Gross Charge Type: Main Acute Price List"
"SCREW, LOCKING 5.0X44MM - 24357","ScpuWmSup24357","CDM","278","RC","","","","","facility","both","","","","832.49","832.49","","","","","","","","","","","","","Gross Charge Type: Main Acute Price List"
"SCREW, LOCKING 5.0X50MM - 26081","ScanWmSup26081","CDM","278","RC","","","","","facility","both","","","","832.49","832.49","","","","","","","","","","","","","Gross Charge Type: Main Acute Price List"
"SCREW, LOCKING 5.0X50MM STRL","CcthChSup111833","CDM","278","RC","C1713","HCPCS","","","facility","both","","","","2144.09","2144.09","","","","","","","","","","","","","Gross Charge Type: Main Acute Price List"
"SCREW, LOCKING 5.0X52MM STRL","DelrChSup111834","CDM","278","RC","C1713","HCPCS","","","facility","both","","","","2144.09","2144.09","","","","","","","","","","","","","Gross Charge Type: Main Acute Price List"
"SCREW, LOCKING 5.0X52MM STRL","GyscChSup111834","CDM","278","RC","C1713","HCPCS","","","facility","both","","","","2144.09","2144.09","","","","","","","","","","","","","Gross Charge Type: Main Acute Price List"
"SCREW, LOCKING 5.0X52MM STRL","ScpuWmSup111834","CDM","278","RC","C1713","HCPCS","","","facility","both","","","","2144.09","2144.09","","","","","","","","","","","","","Gross Charge Type: Main Acute Price List"
"SCREW, LOCKING 5.0X52MM","GyscChSup110229","CDM","278","RC","C1713","HCPCS","","","facility","both","","","","1350.46","1350.46","","","","","","","","","","","","","Gross Charge Type: Main Acute Price List"
"SCREW, LOCKING 5.0X52MM","ScanChSup110229","CDM","278","RC","C1713","HCPCS","","","facility","both","","","","1350.46","1350.46","","","","","","","","","","","","","Gross Charge Type: Main Acute Price List"
"SCREW, LOCKING 5.0X54MM","OperChSup109918","CDM","278","RC","C1713","HCPCS","","","facility","both","","","","1769.57","1769.57","","","","","","","","","","","","","Gross Charge Type: Main Acute Price List"
"SCREW, LOCKING 5.0X58MM STRL","GyscChSup113672","CDM","278","RC","C1713","HCPCS","","","facility","both","","","","2144.09","2144.09","","","","","","","","","","","","","Gross Charge Type: Main Acute Price List"
"SCREW, LOCKING 5.0X58MM","AngiWmSup109886","CDM","278","RC","C1713","HCPCS","","","facility","both","","","","1350.46","1350.46","","","","","","","","","","","","","Gross Charge Type: Main Acute Price List"
"SCREW, LOCKING 5.0X58MM","ScorWmSup109886","CDM","278","RC","C1713","HCPCS","","","facility","both","","","","1350.46","1350.46","","","","","","","","","","","","","Gross Charge Type: Main Acute Price List"
"SCREW, LOCKING 5.0X60MM STRL","GyscChSup112203","CDM","278","RC","C1713","HCPCS","","","facility","both","","","","2144.09","2144.09","","","","","","","","","","","","","Gross Charge Type: Main Acute Price List"
"SCREW, LOCKING 5.0X60MM STRL","ScpuChSup112203","CDM","278","RC","C1713","HCPCS","","","facility","both","","","","2144.09","2144.09","","","","","","","","","","","","","Gross Charge Type: Main Acute Price List"
"SCREW, LOCKING 5.0X60MM","AnesWmSup24890","CDM","278","RC","","","","","facility","both","","","","832.49","832.49","","","","","","","","","","","","","Gross Charge Type: Main Acute Price List"
"SCREW, LOCKING 5.0X60MM","PacuWmSup24890","CDM","278","RC","","","","","facility","both","","","","832.49","832.49","","","","","","","","","","","","","Gross Charge Type: Main Acute Price List"
"SCREW, LOCKING 5.0X65MM 59414","ScpuChSup59414","CDM","278","RC","C1713","HCPCS","","","facility","both","","","","1047.4","1047.4","","","","","","","","","","","","","Gross Charge Type: Main Acute Price List"
"SCREW, LOCKING 5.0X68MM STRL","DelrChSup113033","CDM","278","RC","C1713","HCPCS","","","facility","both","","","","2144.09","2144.09","","","","","","","","","","","","","Gross Charge Type: Main Acute Price List"
"SCREW, LOCKING 5.0X68MM STRL","GastChSup113033","CDM","278","RC","C1713","HCPCS","","","facility","both","","","","2144.09","2144.09","","","","","","","","","","","","","Gross Charge Type: Main Acute Price List"
"SCREW, LOCKING 5.0X70MM STRL","AnesWmSup111835","CDM","278","RC","C1713","HCPCS","","","facility","both","","","","2144.09","2144.09","","","","","","","","","","","","","Gross Charge Type: Main Acute Price List"
"SCREW, LOCKING 5.0X72MM","GastChSup110231","CDM","278","RC","C1713","HCPCS","","","facility","both","","","","1350.46","1350.46","","","","","","","","","","","","","Gross Charge Type: Main Acute Price List"
"SCREW, LOCKING 5.0X72MM","GyscChSup110231","CDM","278","RC","C1713","HCPCS","","","facility","both","","","","1350.46","1350.46","","","","","","","","","","","","","Gross Charge Type: Main Acute Price List"
"SCREW, LOCKING 5.0X74MM","ScanChSup110017","CDM","278","RC","C1713","HCPCS","","","facility","both","","","","1269.83","1269.83","","","","","","","","","","","","","Gross Charge Type: Main Acute Price List"
"SCREW, LOCKING 5.0X75MM","Chrs5459415","CDM","278","RC","C1713","HCPCS","","","facility","both","","","","1047.4","1047.4","","","","","","","","","","","","","Gross Charge Type: Main Acute Price List"
"SCREW, LOCKING 5.0X75MM","GyscChSup59415","CDM","278","RC","C1713","HCPCS","","","facility","both","","","","1047.4","1047.4","","","","","","","","","","","","","Gross Charge Type: Main Acute Price List"
"SCREW, LOCKING 5.0X75MM","ScanChSup59415","CDM","278","RC","C1713","HCPCS","","","facility","both","","","","1047.4","1047.4","","","","","","","","","","","","","Gross Charge Type: Main Acute Price List"
"SCREW, LOCKING 5.0X76MM STRL","GastChSup113155","CDM","278","RC","C1713","HCPCS","","","facility","both","","","","2144.09","2144.09","","","","","","","","","","","","","Gross Charge Type: Main Acute Price List"
"SCREW, LOCKING 5.0X76MM","AngiChSup109887","CDM","278","RC","C1713","HCPCS","","","facility","both","","","","1269.83","1269.83","","","","","","","","","","","","","Gross Charge Type: Main Acute Price List"
"SCREW, LOCKING 5.0X78MM","CspuChSup110232","CDM","278","RC","C1713","HCPCS","","","facility","both","","","","1350.46","1350.46","","","","","","","","","","","","","Gross Charge Type: Main Acute Price List"
"SCREW, LOCKING 5.0X84MM","GastWmSup110018","CDM","278","RC","C1713","HCPCS","","","facility","both","","","","1350.46","1350.46","","","","","","","","","","","","","Gross Charge Type: Main Acute Price List"
"SCREW, LOCKING 5.0X86MM STRL","EplbChSup113551","CDM","278","RC","C1713","HCPCS","","","facility","both","","","","2144.09","2144.09","","","","","","","","","","","","","Gross Charge Type: Main Acute Price List"
"SCREW, LOCKING 5.0X86MM STRL","ScpuWmSup113551","CDM","278","RC","C1713","HCPCS","","","facility","both","","","","2144.09","2144.09","","","","","","","","","","","","","Gross Charge Type: Main Acute Price List"
"SCREW, LOCKING 5.5 X 36MM ORTHOLOC 3DI PLATING","AnesWmSup115782","CDM","278","RC","C1713","HCPCS","","","facility","both","","","","1539.93","1539.93","","","","","","","","","","","","","Gross Charge Type: Main Acute Price List"
"SCREW, LOCKING 5.5 X 36MM ORTHOLOC 3DI PLATING","EplbChSup115782","CDM","278","RC","C1713","HCPCS","","","facility","both","","","","1539.93","1539.93","","","","","","","","","","","","","Gross Charge Type: Main Acute Price List"
"SCREW, LOCKING 5.5 X 40MM COMPT","GastWmSup112777","CDM","278","RC","C1713","HCPCS","","","facility","both","","","","1539.93","1539.93","","","","","","","","","","","","","Gross Charge Type: Main Acute Price List"
"SCREW, LOCKING 5.5X34MM ORTHOLOC 3DI PLATING","CspuChSup118321","CDM","278","RC","C1713","HCPCS","","","facility","both","","","","1447.38","1447.38","","","","","","","","","","","","","Gross Charge Type: Main Acute Price List"
"SCREW, LOCKING 5.5X38MM","GastChSup115527","CDM","278","RC","C1713","HCPCS","","","facility","both","","","","1360.95","1360.95","","","","","","","","","","","","","Gross Charge Type: Main Acute Price List"
"SCREW, LOCKING 5X42MM STRL","GastWmSup111966","CDM","278","RC","C1713","HCPCS","","","facility","both","","","","2144.09","2144.09","","","","","","","","","","","","","Gross Charge Type: Main Acute Price List"
"SCREW, LOCKING 5X45MM","DelrChSup79655","CDM","278","RC","C1713","HCPCS","","","facility","both","","","","1173.07","1173.07","","","","","","","","","","","","","Gross Charge Type: Main Acute Price List"
"SCREW, LOCKING 5X46MM","GastChSup110110","CDM","278","RC","C1713","HCPCS","","","facility","both","","","","1269.83","1269.83","","","","","","","","","","","","","Gross Charge Type: Main Acute Price List"
"SCREW, LOCKING 5X48MM STRL","ScanChSup112126","CDM","278","RC","C1713","HCPCS","","","facility","both","","","","2144.09","2144.09","","","","","","","","","","","","","Gross Charge Type: Main Acute Price List"
"SCREW, LOCKING 5X52.5MM","ScorWmSup79654","CDM","278","RC","C1713","HCPCS","","","facility","both","","","","1173.07","1173.07","","","","","","","","","","","","","Gross Charge Type: Main Acute Price List"
"SCREW, LOCKING 5X55MM","CspuChSup79656","CDM","278","RC","C1713","HCPCS","","","facility","both","","","","1173.07","1173.07","","","","","","","","","","","","","Gross Charge Type: Main Acute Price List"
"SCREW, LOCKING 5X55MM","ScanChSup79656","CDM","278","RC","C1713","HCPCS","","","facility","both","","","","1173.07","1173.07","","","","","","","","","","","","","Gross Charge Type: Main Acute Price List"
"SCREW, LOCKING 5X55MM","ScpuChSup79656","CDM","278","RC","C1713","HCPCS","","","facility","both","","","","1173.07","1173.07","","","","","","","","","","","","","Gross Charge Type: Main Acute Price List"
"SCREW, LOCKING 5X57.5MM","ScorWmSup106738","CDM","278","RC","C1713","HCPCS","","","facility","both","","","","1173.07","1173.07","","","","","","","","","","","","","Gross Charge Type: Main Acute Price List"
"SCREW, LOCKING 5X60MM 106262","DelrChSup106262","CDM","278","RC","C1713","HCPCS","","","facility","both","","","","1173.07","1173.07","","","","","","","","","","","","","Gross Charge Type: Main Acute Price List"
"SCREW, LOCKING 5X65MM","DelrChSup79945","CDM","278","RC","C1713","HCPCS","","","facility","both","","","","1173.07","1173.07","","","","","","","","","","","","","Gross Charge Type: Main Acute Price List"
"SCREW, LOCKING 5X65MM","ScpuChSup79945","CDM","278","RC","C1713","HCPCS","","","facility","both","","","","1173.07","1173.07","","","","","","","","","","","","","Gross Charge Type: Main Acute Price List"
"SCREW, LOCKING 5X70MM","ScpuChSup110031","CDM","278","RC","C1713","HCPCS","","","facility","both","","","","1350.46","1350.46","","","","","","","","","","","","","Gross Charge Type: Main Acute Price List"
"SCREW, LOCKING 5X80MM STRL","PacuChSup113076","CDM","278","RC","C1713","HCPCS","","","facility","both","","","","2144.09","2144.09","","","","","","","","","","","","","Gross Charge Type: Main Acute Price List"
"SCREW, LOCKING 5X88MM","ScpuChSup110033","CDM","278","RC","C1713","HCPCS","","","facility","both","","","","1269.83","1269.83","","","","","","","","","","","","","Gross Charge Type: Main Acute Price List"
"SCREW, LOCKING 5X90MM","ScorChSup110049","CDM","278","RC","C1713","HCPCS","","","facility","both","","","","1269.83","1269.83","","","","","","","","","","","","","Gross Charge Type: Main Acute Price List"
"SCREW, LOCKING 5X90MM","ScpuChSup110049","CDM","278","RC","C1713","HCPCS","","","facility","both","","","","1269.83","1269.83","","","","","","","","","","","","","Gross Charge Type: Main Acute Price List"
"SCREW, LOCKING ANCHORAGE 3X16MM","PacuWmSup56356","CDM","278","RC","C1713","HCPCS","","","facility","both","","","","1129.45","1129.45","","","","","","","","","","","","","Gross Charge Type: Main Acute Price List"
"SCREW, LOCKING CANC 4.0X32MM","CLDRChSup72544","CDM","278","RC","C1713","HCPCS","","","facility","both","","","","748.71","748.71","","","","","","","","","","","","","Gross Charge Type: Main Acute Price List"
"SCREW, LOCKING CANC 4.0X32MM","CcthChSup72544","CDM","278","RC","C1713","HCPCS","","","facility","both","","","","748.71","748.71","","","","","","","","","","","","","Gross Charge Type: Main Acute Price List"
"SCREW, LOCKING CANC 4.0X34MM","ScpuChSup61298","CDM","278","RC","C1713","HCPCS","","","facility","both","","","","704.01","704.01","","","","","","","","","","","","","Gross Charge Type: Main Acute Price List"
"SCREW, LOCKING CANC 4.0X38MM 70974","CcthChSup70974","CDM","278","RC","C1713","HCPCS","","","facility","both","","","","748.71","748.71","","","","","","","","","","","","","Gross Charge Type: Main Acute Price List"
"SCREW, LOCKING CANC 4.0X38MM 70974","Wilm5470974","CDM","278","RC","C1713","HCPCS","","","facility","both","","","","748.71","748.71","","","","","","","","","","","","","Gross Charge Type: Main Acute Price List"
"SCREW, LOCKING CANC TI 4.0X24MM","AngiWmSup71844","CDM","278","RC","","","","","facility","both","","","","704.01","704.01","","","","","","","","","","","","","Gross Charge Type: Main Acute Price List"
"SCREW, LOCKING CANC TI 4.0X24MM","PacuChSup71844","CDM","278","RC","","","","","facility","both","","","","704.01","704.01","","","","","","","","","","","","","Gross Charge Type: Main Acute Price List"
"SCREW, LOCKING CANC TI 4.0X26MM","AngiWmSup65132","CDM","278","RC","C1713","HCPCS","","","facility","both","","","","704.01","704.01","","","","","","","","","","","","","Gross Charge Type: Main Acute Price List"
"SCREW, LOCKING CANN VA 5.0X25MM","OperWmSup50178","CDM","278","RC","C1713","HCPCS","","","facility","both","","","","1472.43","1472.43","","","","","","","","","","","","","Gross Charge Type: Main Acute Price List"
"SCREW, LOCKING CANN VA 5.0X35MM","OperChSup50180","CDM","278","RC","C1713","HCPCS","","","facility","both","","","","1472.43","1472.43","","","","","","","","","","","","","Gross Charge Type: Main Acute Price List"
"SCREW, LOCKING CANN VA 5.0X40MM","CspuChSup50181","CDM","278","RC","C1713","HCPCS","","","facility","both","","","","1472.43","1472.43","","","","","","","","","","","","","Gross Charge Type: Main Acute Price List"
"SCREW, LOCKING CANN VA 5.0X50MM","CcthChSup50183","CDM","278","RC","C1713","HCPCS","","","facility","both","","","","1472.43","1472.43","","","","","","","","","","","","","Gross Charge Type: Main Acute Price List"
"SCREW, LOCKING CANN VA 5.0X55MM","CcthChSup50184","CDM","278","RC","C1713","HCPCS","","","facility","both","","","","1565.94","1565.94","","","","","","","","","","","","","Gross Charge Type: Main Acute Price List"
"SCREW, LOCKING CANN VA 5.0X55MM","ScpuChSup50184","CDM","278","RC","C1713","HCPCS","","","facility","both","","","","1565.94","1565.94","","","","","","","","","","","","","Gross Charge Type: Main Acute Price List"
"SCREW, LOCKING CANN VA 5.0X70MM","EplbChSup49391","CDM","278","RC","C1713","HCPCS","","","facility","both","","","","1472.43","1472.43","","","","","","","","","","","","","Gross Charge Type: Main Acute Price List"
"SCREW, LOCKING CANN VA 5.0X75MM","Wilm5449389","CDM","278","RC","C1713","HCPCS","","","facility","both","","","","1472.43","1472.43","","","","","","","","","","","","","Gross Charge Type: Main Acute Price List"
"SCREW, LOCKING CANN VA 5.0X80MM","GyscChSup49390","CDM","278","RC","C1713","HCPCS","","","facility","both","","","","1472.43","1472.43","","","","","","","","","","","","","Gross Charge Type: Main Acute Price List"
"SCREW, LOCKING CANN VA 5.0X85MM","CspuChSup50187","CDM","278","RC","C1713","HCPCS","","","facility","both","","","","1472.43","1472.43","","","","","","","","","","","","","Gross Charge Type: Main Acute Price List"
"SCREW, LOCKING CANNULATED 3.7X34MM","PacuWmSup40364","CDM","278","RC","C1713","HCPCS","","","facility","both","","","","901.8","901.8","","","","","","","","","","","","","Gross Charge Type: Main Acute Price List"
"SCREW, LOCKING CANNULATED 3.7X38MM","EplbChSup40365","CDM","278","RC","C1713","HCPCS","","","facility","both","","","","901.8","901.8","","","","","","","","","","","","","Gross Charge Type: Main Acute Price List"
"SCREW, LOCKING CANNULATED VA 5.0 X 90MM","ScpuChSup53832","CDM","278","RC","C1713","HCPCS","","","facility","both","","","","1472.43","1472.43","","","","","","","","","","","","","Gross Charge Type: Main Acute Price List"
"SCREW, LOCKING CORTICAL 3.2X18MM","GastChSup64693","CDM","278","RC","C1713","HCPCS","","","facility","both","","","","666.07","666.07","","","","","","","","","","","","","Gross Charge Type: Main Acute Price List"
"SCREW, LOCKING CORTICAL 3.5X24MM","DelrChSup113179","CDM","278","RC","C1713","HCPCS","","","facility","both","","","","591.34","591.34","","","","","","","","","","","","","Gross Charge Type: Main Acute Price List"
"SCREW, LOCKING CORTICAL 3.5X24MM","ScpuChSup113179","CDM","278","RC","C1713","HCPCS","","","facility","both","","","","591.34","591.34","","","","","","","","","","","","","Gross Charge Type: Main Acute Price List"
"SCREW, LOCKING CORTICAL 5.5X45MM","AngiChSup65213","CDM","278","RC","C1713","HCPCS","","","facility","both","","","","470.59","470.59","","","","","","","","","","","","","Gross Charge Type: Main Acute Price List"
"SCREW, LOCKING CORTICAL 5.5X50MM","AngiChSup65214","CDM","278","RC","C1713","HCPCS","","","facility","both","","","","500.47","500.47","","","","","","","","","","","","","Gross Charge Type: Main Acute Price List"
"SCREW, LOCKING CORTICAL 5.5X50MM","CspuChSup65214","CDM","278","RC","C1713","HCPCS","","","facility","both","","","","500.47","500.47","","","","","","","","","","","","","Gross Charge Type: Main Acute Price List"
"SCREW, LOCKING CROSS PIN 2.0X10MM","ScpuChSup25348","CDM","278","RC","C1713","HCPCS","","","facility","both","","","","517.28","517.28","","","","","","","","","","","","","Gross Charge Type: Main Acute Price List"
"SCREW, LOCKING CROSS PIN 2.0X8MM","AngiWmSup25265","CDM","278","RC","","","","","facility","both","","","","517.28","517.28","","","","","","","","","","","","","Gross Charge Type: Main Acute Price List"
"SCREW, LOCKING CROSS PIN 2.3X12MM - 25359","OperWmSup25359","CDM","278","RC","C1713","HCPCS","","","facility","both","","","","531.85","531.85","","","","","","","","","","","","","Gross Charge Type: Main Acute Price List"
"SCREW, LOCKING DOUBLE LEAD 2.7X12MM","ScanChSup67066","CDM","278","RC","C1713","HCPCS","","","facility","both","","","","1629.86","1629.86","","","","","","","","","","","","","Gross Charge Type: Main Acute Price List"
"SCREW, LOCKING DOUBLE LEAD 2.7X16MM 79506","AngiWmSup79506","CDM","278","RC","C1713","HCPCS","","","facility","both","","","","1629.86","1629.86","","","","","","","","","","","","","Gross Charge Type: Main Acute Price List"
"SCREW, LOCKING DOUBLE LEAD 2.7X16MM","EplbChSup67065","CDM","278","RC","C1713","HCPCS","","","facility","both","","","","1629.86","1629.86","","","","","","","","","","","","","Gross Charge Type: Main Acute Price List"
"SCREW, LOCKING DOUBLE-LEAD 2.7X18MM","GastChSup68532","CDM","278","RC","C1713","HCPCS","","","facility","both","","","","1629.86","1629.86","","","","","","","","","","","","","Gross Charge Type: Main Acute Price List"
"SCREW, LOCKING DOUBLE-LEAD 2.7X20MM","EplbChSup68533","CDM","278","RC","C1713","HCPCS","","","facility","both","","","","1629.86","1629.86","","","","","","","","","","","","","Gross Charge Type: Main Acute Price List"
"SCREW, LOCKING DOUBLE-LEAD 2.7X20MM","OperChSup68533","CDM","278","RC","C1713","HCPCS","","","facility","both","","","","1629.86","1629.86","","","","","","","","","","","","","Gross Charge Type: Main Acute Price List"
"SCREW, LOCKING DOUBLE-LEAD 2.7X20MM","ScpuWmSup68533","CDM","278","RC","C1713","HCPCS","","","facility","both","","","","1629.86","1629.86","","","","","","","","","","","","","Gross Charge Type: Main Acute Price List"
"SCREW, LOCKING DOUBLE-LEAD 2.7X22MM","DelrChSup74169","CDM","278","RC","C1713","HCPCS","","","facility","both","","","","1629.86","1629.86","","","","","","","","","","","","","Gross Charge Type: Main Acute Price List"
"SCREW, LOCKING DOUBLE-LEAD 2.7X22MM","OperChSup74169","CDM","278","RC","C1713","HCPCS","","","facility","both","","","","1629.86","1629.86","","","","","","","","","","","","","Gross Charge Type: Main Acute Price List"
"SCREW, LOCKING DOUBLE-LEAD 3.5X12MM","ScpuChSup68441","CDM","278","RC","C1713","HCPCS","","","facility","both","","","","1629.86","1629.86","","","","","","","","","","","","","Gross Charge Type: Main Acute Price List"
"SCREW, LOCKING DOUBLE-LEAD 3.5X12MM","Wilm5468441","CDM","278","RC","C1713","HCPCS","","","facility","both","","","","1629.86","1629.86","","","","","","","","","","","","","Gross Charge Type: Main Acute Price List"
"SCREW, LOCKING EVOS MINI 2.7X40MM","ScpuChSup73178","CDM","278","RC","C1713","HCPCS","","","facility","both","","","","558.12","558.12","","","","","","","","","","","","","Gross Charge Type: Main Acute Price List"
"SCREW, LOCKING EVOS T8 S-T 2.7X9MM","EplbChSup106650","CDM","278","RC","C1713","HCPCS","","","facility","both","","","","542.11","542.11","","","","","","","","","","","","","Gross Charge Type: Main Acute Price List"
"SCREW, LOCKING FOR IM NAIL 4.0X18MM","PacuChSup119023","CDM","278","RC","C1713","HCPCS","","","facility","both","","","","2016.06","2016.06","","","","","","","","","","","","","Gross Charge Type: Main Acute Price List"
"SCREW, LOCKING FOR IM NAIL 4.0X38MM","OperChSup10196037","CDM","278","RC","C1713","HCPCS","","","facility","both","","","","1547.83","1547.83","","","","","","","","","","","","","Gross Charge Type: Main Acute Price List"
"SCREW, LOCKING FOR IM NAIL 4X22MM","AnesWmSup118332","CDM","278","RC","C1713","HCPCS","","","facility","both","","","","2144.09","2144.09","","","","","","","","","","","","","Gross Charge Type: Main Acute Price List"
"SCREW, LOCKING FOR IM NAIL 4X30MM","AngiWmSup112022","CDM","278","RC","C1713","HCPCS","","","facility","both","","","","2144.09","2144.09","","","","","","","","","","","","","Gross Charge Type: Main Acute Price List"
"SCREW, LOCKING FOR IM NAIL 4X38MM","AnesChSup118307","CDM","278","RC","C1713","HCPCS","","","facility","both","","","","1894.87","1894.87","","","","","","","","","","","","","Gross Charge Type: Main Acute Price List"
"SCREW, LOCKING FOR IM NAIL 4X38MM","AnesWmSup118307","CDM","278","RC","C1713","HCPCS","","","facility","both","","","","1894.87","1894.87","","","","","","","","","","","","","Gross Charge Type: Main Acute Price List"
"SCREW, LOCKING FOR IM NAIL 4X38MM","DelrChSup118307","CDM","278","RC","C1713","HCPCS","","","facility","both","","","","1894.87","1894.87","","","","","","","","","","","","","Gross Charge Type: Main Acute Price List"
"SCREW, LOCKING FOR IM NAIL 4X38MM","PacuWmSup118307","CDM","278","RC","C1713","HCPCS","","","facility","both","","","","1894.87","1894.87","","","","","","","","","","","","","Gross Charge Type: Main Acute Price List"
"SCREW, LOCKING FT 2.4X10MM","PacuChSup70821","CDM","278","RC","C1713","HCPCS","","","facility","both","","","","1015.37","1015.37","","","","","","","","","","","","","Gross Charge Type: Main Acute Price List"
"SCREW, LOCKING FT 2.4X13MM","ScpuWmSup109217","CDM","278","RC","C1713","HCPCS","","","facility","both","","","","1028.18","1028.18","","","","","","","","","","","","","Gross Charge Type: Main Acute Price List"
"SCREW, LOCKING FT 2.4X14MM","PacuChSup73458","CDM","278","RC","C1713","HCPCS","","","facility","both","","","","1015.37","1015.37","","","","","","","","","","","","","Gross Charge Type: Main Acute Price List"
"SCREW, LOCKING FT 2.4X18MM","Wilm5470822","CDM","278","RC","C1713","HCPCS","","","facility","both","","","","1015.37","1015.37","","","","","","","","","","","","","Gross Charge Type: Main Acute Price List"
"SCREW, LOCKING FT 2.4X22MM","OperChSup78753","CDM","278","RC","C1713","HCPCS","","","facility","both","","","","1015.37","1015.37","","","","","","","","","","","","","Gross Charge Type: Main Acute Price List"
"SCREW, LOCKING FT 2.4X24MM","GastWmSup79999","CDM","278","RC","C1713","HCPCS","","","facility","both","","","","1015.37","1015.37","","","","","","","","","","","","","Gross Charge Type: Main Acute Price List"
"SCREW, LOCKING FT 2.4X26MM","OperWmSup78752","CDM","278","RC","C1713","HCPCS","","","facility","both","","","","1015.37","1015.37","","","","","","","","","","","","","Gross Charge Type: Main Acute Price List"
"SCREW, LOCKING FT 2.7X10MM","GastChSup77399","CDM","278","RC","C1713","HCPCS","","","facility","both","","","","1015.37","1015.37","","","","","","","","","","","","","Gross Charge Type: Main Acute Price List"
"SCREW, LOCKING FT 2.7X10MM","PacuWmSup77399","CDM","278","RC","C1713","HCPCS","","","facility","both","","","","1015.37","1015.37","","","","","","","","","","","","","Gross Charge Type: Main Acute Price List"
"SCREW, LOCKING FT 2.7X12MM","Chrs5471949","CDM","278","RC","C1713","HCPCS","","","facility","both","","","","1015.37","1015.37","","","","","","","","","","","","","Gross Charge Type: Main Acute Price List"
"SCREW, LOCKING FT 2.7X13MM","GyscChSup110012","CDM","278","RC","C1713","HCPCS","","","facility","both","","","","1093.48","1093.48","","","","","","","","","","","","","Gross Charge Type: Main Acute Price List"
"SCREW, LOCKING FT 2.7X22MM","ScorWmSup70806","CDM","278","RC","C1713","HCPCS","","","facility","both","","","","1015.37","1015.37","","","","","","","","","","","","","Gross Charge Type: Main Acute Price List"
"SCREW, LOCKING FT 2.7X30MM","Chrs5472185","CDM","278","RC","C1713","HCPCS","","","facility","both","","","","1015.37","1015.37","","","","","","","","","","","","","Gross Charge Type: Main Acute Price List"
"SCREW, LOCKING FT 2.7X30MM","PacuChSup72185","CDM","278","RC","C1713","HCPCS","","","facility","both","","","","1015.37","1015.37","","","","","","","","","","","","","Gross Charge Type: Main Acute Price List"
"SCREW, LOCKING FT 2.7X32MM","AnesWmSup76208","CDM","278","RC","C1713","HCPCS","","","facility","both","","","","1015.37","1015.37","","","","","","","","","","","","","Gross Charge Type: Main Acute Price List"
"SCREW, LOCKING FT 2.7X32MM","GastWmSup76208","CDM","278","RC","C1713","HCPCS","","","facility","both","","","","1015.37","1015.37","","","","","","","","","","","","","Gross Charge Type: Main Acute Price List"
"SCREW, LOCKING FT 2.7X32MM","GyscChSup76208","CDM","278","RC","C1713","HCPCS","","","facility","both","","","","1015.37","1015.37","","","","","","","","","","","","","Gross Charge Type: Main Acute Price List"
"SCREW, LOCKING FT 2.7X34MM","PacuChSup76207","CDM","278","RC","C1713","HCPCS","","","facility","both","","","","1015.37","1015.37","","","","","","","","","","","","","Gross Charge Type: Main Acute Price List"
"SCREW, LOCKING FT 2.7X38MM","ScanWmSup108236","CDM","278","RC","C1713","HCPCS","","","facility","both","","","","1015.37","1015.37","","","","","","","","","","","","","Gross Charge Type: Main Acute Price List"
"SCREW, LOCKING FT 2.7X40MM 108224","AnesChSup108224","CDM","278","RC","C1713","HCPCS","","","facility","both","","","","1015.37","1015.37","","","","","","","","","","","","","Gross Charge Type: Main Acute Price List"
"SCREW, LOCKING FT 2.7X48MM","OperChSup109309","CDM","278","RC","C1713","HCPCS","","","facility","both","","","","954.74","954.74","","","","","","","","","","","","","Gross Charge Type: Main Acute Price List"
"SCREW, LOCKING FT 2.7X48MM","PacuWmSup109309","CDM","278","RC","C1713","HCPCS","","","facility","both","","","","954.74","954.74","","","","","","","","","","","","","Gross Charge Type: Main Acute Price List"
"SCREW, LOCKING FT 2.7X48MM","ScpuWmSup109309","CDM","278","RC","C1713","HCPCS","","","facility","both","","","","954.74","954.74","","","","","","","","","","","","","Gross Charge Type: Main Acute Price List"
"SCREW, LOCKING FT 2.7X70MM","EplbChSup120138","CDM","278","RC","C1713","HCPCS","","","facility","both","","","","1093.49","1093.49","","","","","","","","","","","","","Gross Charge Type: Main Acute Price List"
"SCREW, LOCKING FT 2.7X70MM","ScorChSup120138","CDM","278","RC","C1713","HCPCS","","","facility","both","","","","1093.49","1093.49","","","","","","","","","","","","","Gross Charge Type: Main Acute Price List"
"SCREW, LOCKING FT 2.7X9MM","ScorChSup107948","CDM","278","RC","C1713","HCPCS","","","facility","both","","","","1093.48","1093.48","","","","","","","","","","","","","Gross Charge Type: Main Acute Price List"
"SCREW, LOCKING FT T8 2.7X16MM","ScanWmSup71550","CDM","278","RC","C1713","HCPCS","","","facility","both","","","","1015.37","1015.37","","","","","","","","","","","","","Gross Charge Type: Main Acute Price List"
"SCREW, LOCKING FULLY THREADED 3.5X46MM","ScorWmSup121699","CDM","278","RC","C1713","HCPCS","","","facility","both","","","","1130.95","1130.95","","","","","","","","","","","","","Gross Charge Type: Main Acute Price List"
"SCREW, LOCKING FULLY THREADED 5X27,5MM","ScanWmSup66808","CDM","278","RC","C1713","HCPCS","","","facility","both","","","","972.74","972.74","","","","","","","","","","","","","Gross Charge Type: Main Acute Price List"
"SCREW, LOCKING FULLY THREADED 5X30MM","OperChSup22689","CDM","278","RC","C1713","HCPCS","","","facility","both","","","","972.74","972.74","","","","","","","","","","","","","Gross Charge Type: Main Acute Price List"
"SCREW, LOCKING FULLY THREADED 5X35MM","OperClSup22686","CDM","278","RC","C1713","HCPCS","","","facility","both","","","","972.74","972.74","","","","","","","","","","","","","Gross Charge Type: Main Acute Price List"
"SCREW, LOCKING FULLY THREADED 5X42MM","OperClSup58430","CDM","278","RC","C1713","HCPCS","","","facility","both","","","","972.74","972.74","","","","","","","","","","","","","Gross Charge Type: Main Acute Price List"
"SCREW, LOCKING LOW PROFILE 2.4X22MM","CcthChSup65736","CDM","278","RC","C1713","HCPCS","","","facility","both","","","","786.84","786.84","","","","","","","","","","","","","Gross Charge Type: Main Acute Price List"
"SCREW, LOCKING LOW PROFILE 2.4X22MM","ScanWmSup65736","CDM","278","RC","C1713","HCPCS","","","facility","both","","","","786.84","786.84","","","","","","","","","","","","","Gross Charge Type: Main Acute Price List"
"SCREW, LOCKING LOW PROFILE 3.5X14MM","ScpuWmSup41897","CDM","278","RC","C1713","HCPCS","","","facility","both","","","","941.2","941.2","","","","","","","","","","","","","Gross Charge Type: Main Acute Price List"
"SCREW, LOCKING LOW PROFILE 3.5X16MM","EplbChSup41898","CDM","278","RC","","","","","facility","both","","","","941.2","941.2","","","","","","","","","","","","","Gross Charge Type: Main Acute Price List"
"SCREW, LOCKING LOW PROFILE 3.5X16MM","ScpuWmSup41898","CDM","278","RC","","","","","facility","both","","","","941.2","941.2","","","","","","","","","","","","","Gross Charge Type: Main Acute Price List"
"SCREW, LOCKING LOW PROFILE 4.5X20MM","ScorWmSup120208","CDM","278","RC","C1713","HCPCS","","","facility","both","","","","1223.55","1223.55","","","","","","","","","","","","","Gross Charge Type: Main Acute Price List"
"SCREW, LOCKING LOW PROFILE 4.5X28MM","ScpuChSup65215","CDM","278","RC","C1713","HCPCS","","","facility","both","","","","1301.24","1301.24","","","","","","","","","","","","","Gross Charge Type: Main Acute Price List"
"SCREW, LOCKING LOW PROFILE 4.5X46MM","ScorWmSup120456","CDM","278","RC","C1713","HCPCS","","","facility","both","","","","1301.24","1301.24","","","","","","","","","","","","","Gross Charge Type: Main Acute Price List"
"SCREW, LOCKING LOW PROFILE 4.5X65MM","ScorChSup121141","CDM","278","RC","C1713","HCPCS","","","facility","both","","","","1223.55","1223.55","","","","","","","","","","","","","Gross Charge Type: Main Acute Price List"
"SCREW, LOCKING LOW PROFILE SS 3.5X28MM","ScanWmSup72289","CDM","278","RC","C1713","HCPCS","","","facility","both","","","","722.83","722.83","","","","","","","","","","","","","Gross Charge Type: Main Acute Price List"
"SCREW, LOCKING LP SS 2.7X10MM","PacuWmSup49635","CDM","278","RC","C1713","HCPCS","","","facility","both","","","","722.83","722.83","","","","","","","","","","","","","Gross Charge Type: Main Acute Price List"
"SCREW, LOCKING LP SS 2.7X14MM","CcthChSup49637","CDM","278","RC","C1713","HCPCS","","","facility","both","","","","722.83","722.83","","","","","","","","","","","","","Gross Charge Type: Main Acute Price List"
"SCREW, LOCKING LP SS 2.7X16MM","CcthChSup49638","CDM","278","RC","C1713","HCPCS","","","facility","both","","","","768.74","768.74","","","","","","","","","","","","","Gross Charge Type: Main Acute Price List"
"SCREW, LOCKING LP SS 2.7X16MM","Chrs5449638","CDM","278","RC","C1713","HCPCS","","","facility","both","","","","768.74","768.74","","","","","","","","","","","","","Gross Charge Type: Main Acute Price List"
"SCREW, LOCKING LP SS 2.7X16MM","ScorChSup49638","CDM","278","RC","C1713","HCPCS","","","facility","both","","","","768.74","768.74","","","","","","","","","","","","","Gross Charge Type: Main Acute Price List"
"SCREW, LOCKING LP SS 2.7X22MM","ScpuWmSup49641","CDM","278","RC","C1713","HCPCS","","","facility","both","","","","722.83","722.83","","","","","","","","","","","","","Gross Charge Type: Main Acute Price List"
"SCREW, LOCKING LP SS 2.7X42MM","CcthChSup113935","CDM","278","RC","C1713","HCPCS","","","facility","both","","","","626.04","626.04","","","","","","","","","","","","","Gross Charge Type: Main Acute Price List"
"SCREW, LOCKING LP SS 2.7X42MM","ScpuWmSup113935","CDM","278","RC","C1713","HCPCS","","","facility","both","","","","626.04","626.04","","","","","","","","","","","","","Gross Charge Type: Main Acute Price List"
"SCREW, LOCKING LP TI 3.0X28MM","OperChSup64367","CDM","278","RC","C1713","HCPCS","","","facility","both","","","","941.2","941.2","","","","","","","","","","","","","Gross Charge Type: Main Acute Price List"
"SCREW, LOCKING MEDULLARY 5.0X60MM XL25","PacuWmSup110152","CDM","278","RC","C1713","HCPCS","","","facility","both","","","","1269.83","1269.83","","","","","","","","","","","","","Gross Charge Type: Main Acute Price List"
"SCREW, LOCKING MIDFACE 1.7X5MM","ScpuChSup25083","CDM","278","RC","","","","","facility","both","","","","361.22","361.22","","","","","","","","","","","","","Gross Charge Type: Main Acute Price List"
"SCREW, LOCKING RECESS 45MM","PacuWmSup20393","CDM","278","RC","C1713","HCPCS","","","facility","both","","","","719.39","719.39","","","","","","","","","","","","","Gross Charge Type: Main Acute Price List"
"SCREW, LOCKING RECON 2.7X24MM","CLDRChSup70075","CDM","278","RC","C1713","HCPCS","","","facility","both","","","","928.68","928.68","","","","","","","","","","","","","Gross Charge Type: Main Acute Price List"
"SCREW, LOCKING RECON 2.7X24MM","CspuChSup70075","CDM","278","RC","C1713","HCPCS","","","facility","both","","","","928.68","928.68","","","","","","","","","","","","","Gross Charge Type: Main Acute Price List"
"SCREW, LOCKING RECON 2.7X24MM","EplbChSup70075","CDM","278","RC","C1713","HCPCS","","","facility","both","","","","928.68","928.68","","","","","","","","","","","","","Gross Charge Type: Main Acute Price List"
"SCREW, LOCKING RECON 2.7X32MM","CcthChSup75844","CDM","278","RC","","","","","facility","both","","","","987.66","987.66","","","","","","","","","","","","","Gross Charge Type: Main Acute Price List"
"SCREW, LOCKING RECON 2.7X32MM","ScorChSup75844","CDM","278","RC","","","","","facility","both","","","","987.66","987.66","","","","","","","","","","","","","Gross Charge Type: Main Acute Price List"
"SCREW, LOCKING RECON 3.2X30MM","ScpuChSup74911","CDM","278","RC","C1713","HCPCS","","","facility","both","","","","987.66","987.66","","","","","","","","","","","","","Gross Charge Type: Main Acute Price List"
"SCREW, LOCKING RECON 3.5X22MM","AngiWmSup78953","CDM","278","RC","","","","","facility","both","","","","987.66","987.66","","","","","","","","","","","","","Gross Charge Type: Main Acute Price List"
"SCREW, LOCKING RECON 4.2X22MM","GastChSup108317","CDM","278","RC","C1713","HCPCS","","","facility","both","","","","928.68","928.68","","","","","","","","","","","","","Gross Charge Type: Main Acute Price List"
"SCREW, LOCKING RECON 4.2X30MM","OperWmSup79597","CDM","278","RC","","","","","facility","both","","","","928.68","928.68","","","","","","","","","","","","","Gross Charge Type: Main Acute Price List"
"SCREW, LOCKING RECON 4.2X32MM","PacuChSup106231","CDM","278","RC","C1713","HCPCS","","","facility","both","","","","928.68","928.68","","","","","","","","","","","","","Gross Charge Type: Main Acute Price List"
"SCREW, LOCKING RECON 4.2X36MM","PacuWmSup79599","CDM","278","RC","","","","","facility","both","","","","928.68","928.68","","","","","","","","","","","","","Gross Charge Type: Main Acute Price List"
"SCREW, LOCKING RECON 4.2X36MM","ScorChSup79599","CDM","278","RC","","","","","facility","both","","","","928.68","928.68","","","","","","","","","","","","","Gross Charge Type: Main Acute Price List"
"SCREW, LOCKING RECON 4.2X40MM","EplbChSup106705","CDM","278","RC","C1713","HCPCS","","","facility","both","","","","928.68","928.68","","","","","","","","","","","","","Gross Charge Type: Main Acute Price List"
"SCREW, LOCKING SELF TAPPING 5.0X32","Chrs5425830","CDM","278","RC","C1713","HCPCS","","","facility","both","","","","832.49","832.49","","","","","","","","","","","","","Gross Charge Type: Main Acute Price List"
"SCREW, LOCKING SELF TAPPING 5.0X32","EplbChSup25830","CDM","278","RC","C1713","HCPCS","","","facility","both","","","","832.49","832.49","","","","","","","","","","","","","Gross Charge Type: Main Acute Price List"
"SCREW, LOCKING SELF TAPPING 5.0X32","GyscChSup25830","CDM","278","RC","C1713","HCPCS","","","facility","both","","","","832.49","832.49","","","","","","","","","","","","","Gross Charge Type: Main Acute Price List"
"SCREW, LOCKING SELF TAPPING 5.0X32","OperChSup25830","CDM","278","RC","C1713","HCPCS","","","facility","both","","","","832.49","832.49","","","","","","","","","","","","","Gross Charge Type: Main Acute Price List"
"SCREW, LOCKING SELF TAPPING STAR DRIVE RECESS 3.5MM - 31777","Chrs3131777","CDM","278","RC","C1713","HCPCS","","","facility","both","","","","676.44","676.44","","","","","","","","","","","","","Gross Charge Type: Main Acute Price List"
"SCREW, LOCKING SELF TAPPING STAR DRIVE RECESS 3.5MM - 31777","OperWmSup31777","CDM","278","RC","C1713","HCPCS","","","facility","both","","","","676.44","676.44","","","","","","","","","","","","","Gross Charge Type: Main Acute Price List"
"SCREW, LOCKING SELF TAPPING VA 2.4X40MM","OperWmSup76898","CDM","278","RC","C1713","HCPCS","","","facility","both","","","","643.77","643.77","","","","","","","","","","","","","Gross Charge Type: Main Acute Price List"
"SCREW, LOCKING SELF TAPPING VA 2.4X44MM","OperChSup69712","CDM","278","RC","C1713","HCPCS","","","facility","both","","","","643.77","643.77","","","","","","","","","","","","","Gross Charge Type: Main Acute Price List"
"SCREW, LOCKING SELF TAPPING VA 2.4X50MM","AngiChSup69713","CDM","278","RC","C1713","HCPCS","","","facility","both","","","","643.77","643.77","","","","","","","","","","","","","Gross Charge Type: Main Acute Price List"
"SCREW, LOCKING SELF TAPPING VA 2.4X50MM","DelrChSup69713","CDM","278","RC","C1713","HCPCS","","","facility","both","","","","643.77","643.77","","","","","","","","","","","","","Gross Charge Type: Main Acute Price List"
"SCREW, LOCKING SELF TAPPING VA 2.4X50MM","ScanWmSup69713","CDM","278","RC","C1713","HCPCS","","","facility","both","","","","643.77","643.77","","","","","","","","","","","","","Gross Charge Type: Main Acute Price List"
"SCREW, LOCKING SELF-TAP RECESS 2.0X18MM","PacuChSup43671","CDM","278","RC","C1713","HCPCS","","","facility","both","","","","617.36","617.36","","","","","","","","","","","","","Gross Charge Type: Main Acute Price List"
"SCREW, LOCKING SELF-TAP RECESS 2.0X18MM","ScpuWmSup43671","CDM","278","RC","C1713","HCPCS","","","facility","both","","","","617.36","617.36","","","","","","","","","","","","","Gross Charge Type: Main Acute Price List"
"SCREW, LOCKING SELF-TAP RECESS 2.0X20MM","GastChSup43672","CDM","278","RC","C1713","HCPCS","","","facility","both","","","","617.36","617.36","","","","","","","","","","","","","Gross Charge Type: Main Acute Price List"
"SCREW, LOCKING SELF-TAP RECESS 2.0X20MM","ScorWmSup43672","CDM","278","RC","C1713","HCPCS","","","facility","both","","","","617.36","617.36","","","","","","","","","","","","","Gross Charge Type: Main Acute Price List"
"SCREW, LOCKING SELF-TAP RECESS 2.0X30MM","ScorWmSup65491","CDM","278","RC","C1713","HCPCS","","","facility","both","","","","656.57","656.57","","","","","","","","","","","","","Gross Charge Type: Main Acute Price List"
"SCREW, LOCKING SELF-TAP RECESS 2.4X13MM","GastWmSup44166","CDM","278","RC","C1713","HCPCS","","","facility","both","","","","629.18","629.18","","","","","","","","","","","","","Gross Charge Type: Main Acute Price List"
"SCREW, LOCKING SELF-TAP RECESS 2.4X13MM","ScpuChSup44166","CDM","278","RC","C1713","HCPCS","","","facility","both","","","","629.18","629.18","","","","","","","","","","","","","Gross Charge Type: Main Acute Price List"
"SCREW, LOCKING SELF-TAP RECESS 2.4X7MM","GastWmSup44169","CDM","278","RC","C1713","HCPCS","","","facility","both","","","","629.18","629.18","","","","","","","","","","","","","Gross Charge Type: Main Acute Price List"
"SCREW, LOCKING SELF-TAP RECESS 2.4X7MM","ScpuChSup44169","CDM","278","RC","C1713","HCPCS","","","facility","both","","","","629.18","629.18","","","","","","","","","","","","","Gross Charge Type: Main Acute Price List"
"SCREW, LOCKING SELF-TAP RECESS 3.5X44MM","AngiWmSup43761","CDM","278","RC","C1713","HCPCS","","","facility","both","","","","719.39","719.39","","","","","","","","","","","","","Gross Charge Type: Main Acute Price List"
"SCREW, LOCKING SELF-TAP RECESS 3.5X56MM","Chrs5442576","CDM","278","RC","C1713","HCPCS","","","facility","both","","","","719.39","719.39","","","","","","","","","","","","","Gross Charge Type: Main Acute Price List"
"SCREW, LOCKING SELF-TAP RECESS 3.5X58MM","CspuChSup42577","CDM","278","RC","C1713","HCPCS","","","facility","both","","","","719.39","719.39","","","","","","","","","","","","","Gross Charge Type: Main Acute Price List"
"SCREW, LOCKING SELF-TAP T8 STARDRIVE 2.7X12MM","AngiWmSup39608","CDM","278","RC","C1713","HCPCS","","","facility","both","","","","675.42","675.42","","","","","","","","","","","","","Gross Charge Type: Main Acute Price List"
"SCREW, LOCKING SELF-TAP T8 STARDRIVE 2.7X12MM","GastWmSup39608","CDM","278","RC","C1713","HCPCS","","","facility","both","","","","675.42","675.42","","","","","","","","","","","","","Gross Charge Type: Main Acute Price List"
"SCREW, LOCKING SELF-TAP VA 5.0X20MM","ScanChSup61770","CDM","278","RC","C1713","HCPCS","","","facility","both","","","","1089.47","1089.47","","","","","","","","","","","","","Gross Charge Type: Main Acute Price List"
"SCREW, LOCKING SELF-TAP VA 5.0X20MM","ScorChSup61770","CDM","278","RC","C1713","HCPCS","","","facility","both","","","","1089.47","1089.47","","","","","","","","","","","","","Gross Charge Type: Main Acute Price List"
"SCREW, LOCKING SELF-TAP VA 5.0X46MM","ScorWmSup62979","CDM","278","RC","C1713","HCPCS","","","facility","both","","","","1089.47","1089.47","","","","","","","","","","","","","Gross Charge Type: Main Acute Price List"
"SCREW, LOCKING SELF-TAP VA 5.0X48MM","GastChSup49392","CDM","278","RC","C1713","HCPCS","","","facility","both","","","","1089.47","1089.47","","","","","","","","","","","","","Gross Charge Type: Main Acute Price List"
"SCREW, LOCKING SELF-TAP VA 5.0X48MM","PacuWmSup49392","CDM","278","RC","C1713","HCPCS","","","facility","both","","","","1089.47","1089.47","","","","","","","","","","","","","Gross Charge Type: Main Acute Price List"
"SCREW, LOCKING SELF-TAP VA STARDRIVE 3.5X10MM","ScorWmSup58714","CDM","278","RC","C1713","HCPCS","","","facility","both","","","","962.03","962.03","","","","","","","","","","","","","Gross Charge Type: Main Acute Price List"
"SCREW, LOCKING SELF-TAP VA STARDRIVE 3.5X18MM","ScorWmSup58718","CDM","278","RC","C1713","HCPCS","","","facility","both","","","","962.03","962.03","","","","","","","","","","","","","Gross Charge Type: Main Acute Price List"
"SCREW, LOCKING SELF-TAP VA STARDRIVE 3.5X20MM","ScanChSup58719","CDM","278","RC","C1713","HCPCS","","","facility","both","","","","962.03","962.03","","","","","","","","","","","","","Gross Charge Type: Main Acute Price List"
"SCREW, LOCKING SELF-TAP VA STARDRIVE 3.5X22MM","ScanChSup58720","CDM","278","RC","C1713","HCPCS","","","facility","both","","","","962.03","962.03","","","","","","","","","","","","","Gross Charge Type: Main Acute Price List"
"SCREW, LOCKING SELF-TAP VA STARDRIVE 3.5X26MM","OperChSup58722","CDM","278","RC","C1713","HCPCS","","","facility","both","","","","962.03","962.03","","","","","","","","","","","","","Gross Charge Type: Main Acute Price List"
"SCREW, LOCKING SELF-TAP VA STARDRIVE 3.5X30MM","GastWmSup58723","CDM","278","RC","C1713","HCPCS","","","facility","both","","","","962.03","962.03","","","","","","","","","","","","","Gross Charge Type: Main Acute Price List"
"SCREW, LOCKING SELF-TAP VA STARDRIVE 3.5X32MM","GastChSup58724","CDM","278","RC","C1713","HCPCS","","","facility","both","","","","962.03","962.03","","","","","","","","","","","","","Gross Charge Type: Main Acute Price List"
"SCREW, LOCKING SELF-TAP VA STARDRIVE 3.5X32MM","GyscChSup58724","CDM","278","RC","C1713","HCPCS","","","facility","both","","","","962.03","962.03","","","","","","","","","","","","","Gross Charge Type: Main Acute Price List"
"SCREW, LOCKING SELF-TAP VA STARDRIVE 3.5X40MM","GyscChSup58727","CDM","278","RC","C1713","HCPCS","","","facility","both","","","","962.03","962.03","","","","","","","","","","","","","Gross Charge Type: Main Acute Price List"
"SCREW, LOCKING SELF-TAP VA STARDRIVE 3.5X46MM","ScorWmSup58730","CDM","278","RC","C1713","HCPCS","","","facility","both","","","","962.03","962.03","","","","","","","","","","","","","Gross Charge Type: Main Acute Price List"
"SCREW, LOCKING SELF-TAP VA STARDRIVE 3.5X46MM","ScpuChSup58730","CDM","278","RC","C1713","HCPCS","","","facility","both","","","","962.03","962.03","","","","","","","","","","","","","Gross Charge Type: Main Acute Price List"
"SCREW, LOCKING SELF-TAP VA STARDRIVE 3.5X48MM","OperWmSup58731","CDM","278","RC","C1713","HCPCS","","","facility","both","","","","962.03","962.03","","","","","","","","","","","","","Gross Charge Type: Main Acute Price List"
"SCREW, LOCKING SELF-TAP VA STARDRIVE 3.5X48MM","Wilm5458731","CDM","278","RC","C1713","HCPCS","","","facility","both","","","","962.03","962.03","","","","","","","","","","","","","Gross Charge Type: Main Acute Price List"
"SCREW, LOCKING SELF-TAP VA STARDRIVE 3.5X54MM","Wilm5458734","CDM","278","RC","C1713","HCPCS","","","facility","both","","","","962.03","962.03","","","","","","","","","","","","","Gross Charge Type: Main Acute Price List"
"SCREW, LOCKING SHOULDER SYSTEM 25MM","OperChSup10190657","CDM","278","RC","C1713","HCPCS","","","facility","both","","","","1648.12","1648.12","","","","","","","","","","","","","Gross Charge Type: Main Acute Price List"
"SCREW, LOCKING SLF-TPNG T8 STARDRIVE RECESS 2.7X8MM","GyscChSup54367","CDM","278","RC","C1713","HCPCS","","","facility","both","","","","635.09","635.09","","","","","","","","","","","","","Gross Charge Type: Main Acute Price List"
"SCREW, LOCKING STARDRIVE RECESS SELF TAP 2.7X55MM","AngiWmSup38467","CDM","278","RC","C1713","HCPCS","","","facility","both","","","","635.09","635.09","","","","","","","","","","","","","Gross Charge Type: Main Acute Price List"
"SCREW, LOCKING STARDRIVE TI W/25 4.0X56MM","EplbChSup73973","CDM","278","RC","C1713","HCPCS","","","facility","both","","","","939.34","939.34","","","","","","","","","","","","","Gross Charge Type: Main Acute Price List"
"SCREW, LOCKING T2 ALPHA 5X27.5MM","ScanChSup108582","CDM","278","RC","C1713","HCPCS","","","facility","both","","","","1173.07","1173.07","","","","","","","","","","","","","Gross Charge Type: Main Acute Price List"
"SCREW, LOCKING T2 ALPHA 5X30MM","ScanWmSup80002","CDM","278","RC","C1713","HCPCS","","","facility","both","","","","1173.07","1173.07","","","","","","","","","","","","","Gross Charge Type: Main Acute Price List"
"SCREW, LOCKING T2 ALPHA 5X35MM","AngiChSup79849","CDM","278","RC","C1713","HCPCS","","","facility","both","","","","1173.07","1173.07","","","","","","","","","","","","","Gross Charge Type: Main Acute Price List"
"SCREW, LOCKING T2 ALPHA 5X35MM","ScorChSup79849","CDM","278","RC","C1713","HCPCS","","","facility","both","","","","1173.07","1173.07","","","","","","","","","","","","","Gross Charge Type: Main Acute Price List"
"SCREW, LOCKING T2 ALPHA 5X35MM","ScorWmSup79849","CDM","278","RC","C1713","HCPCS","","","facility","both","","","","1173.07","1173.07","","","","","","","","","","","","","Gross Charge Type: Main Acute Price List"
"SCREW, LOCKING T2 ALPHA 5X42.5MM","CLDRChSup79850","CDM","278","RC","C1713","HCPCS","","","facility","both","","","","1173.07","1173.07","","","","","","","","","","","","","Gross Charge Type: Main Acute Price List"
"SCREW, LOCKING T2 ALPHA 5X42.5MM","DelrChSup79850","CDM","278","RC","C1713","HCPCS","","","facility","both","","","","1173.07","1173.07","","","","","","","","","","","","","Gross Charge Type: Main Acute Price List"
"SCREW, LOCKING T2 ALPHA 5X80MM","GastWmSup106380","CDM","278","RC","C1713","HCPCS","","","facility","both","","","","1173.07","1173.07","","","","","","","","","","","","","Gross Charge Type: Main Acute Price List"
"SCREW, LOCKING T2 ALPHA 5X85MM","GastChSup106421","CDM","278","RC","C1713","HCPCS","","","facility","both","","","","1173.07","1173.07","","","","","","","","","","","","","Gross Charge Type: Main Acute Price List"
"SCREW, LOCKING T2 ALPHA 5X85MM","ScpuChSup106421","CDM","278","RC","C1713","HCPCS","","","facility","both","","","","1173.07","1173.07","","","","","","","","","","","","","Gross Charge Type: Main Acute Price List"
"SCREW, LOCKING T8 FULL THREAD 2.4MM/L34MM","ScorWmSup115767","CDM","278","RC","C1713","HCPCS","","","facility","both","","","","1015.37","1015.37","","","","","","","","","","","","","Gross Charge Type: Main Acute Price List"
"SCREW, LOCKING TI  5.0X46MM","EplbChSup48883","CDM","278","RC","C1713","HCPCS","","","facility","both","","","","939.34","939.34","","","","","","","","","","","","","Gross Charge Type: Main Acute Price List"
"SCREW, LOCKING TI  T25 STARDRIVE 5.0 X 60MM IM NAIL STRL","CspuChSup53776","CDM","278","RC","C1713","HCPCS","","","facility","both","","","","939.34","939.34","","","","","","","","","","","","","Gross Charge Type: Main Acute Price List"
"SCREW, LOCKING TI 2.0X10MM","ScorWmSup106197","CDM","278","RC","C1713","HCPCS","","","facility","both","","","","1262.75","1262.75","","","","","","","","","","","","","Gross Charge Type: Main Acute Price List"
"SCREW, LOCKING TI 2.0X8MM","GyscChSup109143","CDM","278","RC","C1713","HCPCS","","","facility","both","","","","1187.35","1187.35","","","","","","","","","","","","","Gross Charge Type: Main Acute Price List"
"SCREW, LOCKING TI 2.4X14MM 80331","CLDRChSup80331","CDM","278","RC","C1713","HCPCS","","","facility","both","","","","1291.6","1291.6","","","","","","","","","","","","","Gross Charge Type: Main Acute Price List"
"SCREW, LOCKING TI 2.4X16MM 78587","CcthChSup78587","CDM","278","RC","C1713","HCPCS","","","facility","both","","","","1308.98","1308.98","","","","","","","","","","","","","Gross Charge Type: Main Acute Price List"
"SCREW, LOCKING TI 2.4X20MM","DelrChSup114404","CDM","278","RC","C1713","HCPCS","","","facility","both","","","","1115.98","1115.98","","","","","","","","","","","","","Gross Charge Type: Main Acute Price List"
"SCREW, LOCKING TI 5.0X34MM","OperWmSup43810","CDM","278","RC","C1713","HCPCS","","","facility","both","","","","998.99","998.99","","","","","","","","","","","","","Gross Charge Type: Main Acute Price List"
"SCREW, LOCKING TI 5.0X54MM","Wilm5443809","CDM","278","RC","C1713","HCPCS","","","facility","both","","","","939.34","939.34","","","","","","","","","","","","","Gross Charge Type: Main Acute Price List"
"SCREW, LOCKING TI SELF-TAPPING 3.5X26MM","PacuChSup66228","CDM","278","RC","C1713","HCPCS","","","facility","both","","","","1008.41","1008.41","","","","","","","","","","","","","Gross Charge Type: Main Acute Price List"
"SCREW, LOCKING TI SELF-TAPPING 3.5X28MM STRL","PacuWmSup113154","CDM","278","RC","C1713","HCPCS","","","facility","both","","","","1008.41","1008.41","","","","","","","","","","","","","Gross Charge Type: Main Acute Price List"
"SCREW, LOCKING TI SELF-TAPPING 3.5X42MM STRL","ScorChSup77827","CDM","278","RC","C1713","HCPCS","","","facility","both","","","","1008.41","1008.41","","","","","","","","","","","","","Gross Charge Type: Main Acute Price List"
"SCREW, LOCKING TI SELF-TAPPING 3.5X50MM","GastChSup120070","CDM","278","RC","C1713","HCPCS","","","facility","both","","","","797.94","797.94","","","","","","","","","","","","","Gross Charge Type: Main Acute Price List"
"SCREW, LOCKING TI SELF-TAPPING 3.5X60MM","GyscChSup120071","CDM","278","RC","C1713","HCPCS","","","facility","both","","","","797.94","797.94","","","","","","","","","","","","","Gross Charge Type: Main Acute Price List"
"SCREW, LOCKING TI SELF-TAPPING 3.5X60MM","PacuWmSup120071","CDM","278","RC","C1713","HCPCS","","","facility","both","","","","797.94","797.94","","","","","","","","","","","","","Gross Charge Type: Main Acute Price List"
"SCREW, LOCKING TI W/T 25 STARDRIVE 4.0X54MM STRL","ScanWmSup78904","CDM","278","RC","C1713","HCPCS","","","facility","both","","","","1214.05","1214.05","","","","","","","","","","","","","Gross Charge Type: Main Acute Price List"
"SCREW, LOCKING TI W/T 25 STARDRIVE 4.0X54MM STRL","ScpuWmSup78904","CDM","278","RC","C1713","HCPCS","","","facility","both","","","","1214.05","1214.05","","","","","","","","","","","","","Gross Charge Type: Main Acute Price List"
"SCREW, LOCKING TI W/T 25 STARDRIVE 6.0X56MM","GastChSup79091","CDM","278","RC","C1713","HCPCS","","","facility","both","","","","939.34","939.34","","","","","","","","","","","","","Gross Charge Type: Main Acute Price List"
"SCREW, LOCKING TI W/T 25 STARDRIVE 6.0X56MM","ScorChSup79091","CDM","278","RC","C1713","HCPCS","","","facility","both","","","","939.34","939.34","","","","","","","","","","","","","Gross Charge Type: Main Acute Price List"
"SCREW, LOCKING TI W/T25 STARDRIVE 4.0X46MM STRL","CspuChSup116157","CDM","278","RC","C1713","HCPCS","","","facility","both","","","","1214.05","1214.05","","","","","","","","","","","","","Gross Charge Type: Main Acute Price List"
"SCREW, LOCKING TI W/T25 STARDRIVE 5X78MM","ScanChSup64624","CDM","278","RC","C1713","HCPCS","","","facility","both","","","","939.34","939.34","","","","","","","","","","","","","Gross Charge Type: Main Acute Price List"
"SCREW, LOCKING TI W/T25 STARDRIVE RECESS 4.0MMX34MM","PacuChSup63640","CDM","278","RC","C1713","HCPCS","","","facility","both","","","","939.34","939.34","","","","","","","","","","","","","Gross Charge Type: Main Acute Price List"
"SCREW, LOCKING TI W/T25 STARDRIVE RECESS 4.0MMX58MM","Chrs5463642","CDM","278","RC","C1713","HCPCS","","","facility","both","","","","939.34","939.34","","","","","","","","","","","","","Gross Charge Type: Main Acute Price List"
"SCREW, LOCKING TI W/T25 STARDRIVE RECESS 4.0MMX58MM","EplbChSup63642","CDM","278","RC","C1713","HCPCS","","","facility","both","","","","939.34","939.34","","","","","","","","","","","","","Gross Charge Type: Main Acute Price List"
"SCREW, LOCKING TI WT25 STARDRIVE 6.0X100MM STRL","ScorWmSup114118","CDM","278","RC","C1713","HCPCS","","","facility","both","","","","1141.08","1141.08","","","","","","","","","","","","","Gross Charge Type: Main Acute Price List"
"SCREW, LOCKING TI WT25 STARDRIVE 6.0X100MM STRL","ScpuChSup114118","CDM","278","RC","C1713","HCPCS","","","facility","both","","","","1141.08","1141.08","","","","","","","","","","","","","Gross Charge Type: Main Acute Price List"
"SCREW, LOCKING TI","ScanWmSup35682","CDM","278","RC","C1713","HCPCS","","","facility","both","","","","498.94","498.94","","","","","","","","","","","","","Gross Charge Type: Main Acute Price List"
"SCREW, LOCKING TI","ScorWmSup35682","CDM","278","RC","C1713","HCPCS","","","facility","both","","","","498.94","498.94","","","","","","","","","","","","","Gross Charge Type: Main Acute Price List"
"SCREW, LOCKING VA 2.7 MM","GastChSup48872","CDM","278","RC","C1713","HCPCS","","","facility","both","","","","810.49","810.49","","","","","","","","","","","","","Gross Charge Type: Main Acute Price List"
"SCREW, LOCKING VA 5.0X22MM","ScanChSup58713","CDM","278","RC","","","","","facility","both","","","","1089.47","1089.47","","","","","","","","","","","","","Gross Charge Type: Main Acute Price List"
"SCREW, LOCKING VA 5.0X24MM","GastWmSup58712","CDM","278","RC","","","","","facility","both","","","","1089.47","1089.47","","","","","","","","","","","","","Gross Charge Type: Main Acute Price List"
"SCREW, LOCKING VA 5.0X24MM","OperChSup58712","CDM","278","RC","","","","","facility","both","","","","1089.47","1089.47","","","","","","","","","","","","","Gross Charge Type: Main Acute Price List"
"SCREW, LOCKING VARIABLE ANGLE 2.4X12MM","PacuChSup41917","CDM","278","RC","C1713","HCPCS","","","facility","both","","","","684.65","684.65","","","","","","","","","","","","","Gross Charge Type: Main Acute Price List"
"SCREW, LOCKING VARIABLE ANGLE 2.4X18MM","CspuChSup40351","CDM","278","RC","C1713","HCPCS","","","facility","both","","","","684.65","684.65","","","","","","","","","","","","","Gross Charge Type: Main Acute Price List"
"SCREW, LOCKING VARIABLE ANGLE 2.4X18MM","OperWmSup40351","CDM","278","RC","C1713","HCPCS","","","facility","both","","","","684.65","684.65","","","","","","","","","","","","","Gross Charge Type: Main Acute Price List"
"SCREW, LOCKING VARIABLE ANGLE 2.4X22MM","ScpuChSup41155","CDM","278","RC","C1713","HCPCS","","","facility","both","","","","684.65","684.65","","","","","","","","","","","","","Gross Charge Type: Main Acute Price List"
"SCREW, LOCKING VARIABLE ANGLE 2.4X24MM","ScpuChSup41157","CDM","278","RC","C1713","HCPCS","","","facility","both","","","","684.65","684.65","","","","","","","","","","","","","Gross Charge Type: Main Acute Price List"
"SCREW, LOCKING VARIABLE ANGLE SELF-TAP 3.5 X 28MM","ScorWmSup53552","CDM","278","RC","C1713","HCPCS","","","facility","both","","","","962.03","962.03","","","","","","","","","","","","","Gross Charge Type: Main Acute Price List"
"SCREW, LOCKING VARIABLE ANGLE SELF-TAP 3.5X 56MM","GastChSup53554","CDM","278","RC","C1713","HCPCS","","","facility","both","","","","962.03","962.03","","","","","","","","","","","","","Gross Charge Type: Main Acute Price List"
"SCREW, LOCKING VARIABLE ANGLE SELF-TAP 3.5X 60MM","CcthChSup53555","CDM","278","RC","C1713","HCPCS","","","facility","both","","","","962.03","962.03","","","","","","","","","","","","","Gross Charge Type: Main Acute Price List"
"SCREW, LOCKING VARIABLE ANGLE SELF-TAP 3.5X 60MM","Chrs5453555","CDM","278","RC","C1713","HCPCS","","","facility","both","","","","962.03","962.03","","","","","","","","","","","","","Gross Charge Type: Main Acute Price List"
"SCREW, LOCKING VARIABLE ANGLE SELF-TAP 3.5X 60MM","ScanChSup53555","CDM","278","RC","C1713","HCPCS","","","facility","both","","","","962.03","962.03","","","","","","","","","","","","","Gross Charge Type: Main Acute Price List"
"SCREW, LOCKING VARIABLE ANGLE SELF-TAP 3.5X 65 MM","ScpuChSup53556","CDM","278","RC","C1713","HCPCS","","","facility","both","","","","962.03","962.03","","","","","","","","","","","","","Gross Charge Type: Main Acute Price List"
"SCREW, LOCKING X-DRIVE 2.0X12MM","EplbChSup106344","CDM","278","RC","C1713","HCPCS","","","facility","both","","","","369.59","369.59","","","","","","","","","","","","","Gross Charge Type: Main Acute Price List"
"SCREW, LOCKING X-DRIVE 2.0X16MM","ScorChSup106782","CDM","278","RC","C1713","HCPCS","","","facility","both","","","","369.59","369.59","","","","","","","","","","","","","Gross Charge Type: Main Acute Price List"
"SCREW, LOCKING X-DRIVE 2.0X16MM","ScpuWmSup106782","CDM","278","RC","C1713","HCPCS","","","facility","both","","","","369.59","369.59","","","","","","","","","","","","","Gross Charge Type: Main Acute Price List"
"SCREW, LOCKING X-DRIVE 2.0X6MM","AngiChSup113857","CDM","278","RC","C1713","HCPCS","","","facility","both","","","","302.57","302.57","","","","","","","","","","","","","Gross Charge Type: Main Acute Price List"
"SCREW, LOCKING X-DRIVE 2.0X6MM","GyscChSup113857","CDM","278","RC","C1713","HCPCS","","","facility","both","","","","302.57","302.57","","","","","","","","","","","","","Gross Charge Type: Main Acute Price List"
"SCREW, LOCKING X-DRIVE 2.0X8MM","ScpuChSup106211","CDM","278","RC","C1713","HCPCS","","","facility","both","","","","369.59","369.59","","","","","","","","","","","","","Gross Charge Type: Main Acute Price List"
"SCREW, LOCKING X-DRIVE 2.3X12MM","DelrChSup106597","CDM","278","RC","C1713","HCPCS","","","facility","both","","","","356.25","356.25","","","","","","","","","","","","","Gross Charge Type: Main Acute Price List"
"SCREW, LOCKING X-DRIVE 2.3X12MM","ScanWmSup106597","CDM","278","RC","C1713","HCPCS","","","facility","both","","","","356.25","356.25","","","","","","","","","","","","","Gross Charge Type: Main Acute Price List"
"SCREW, LOCKING X-DRIVE 2.3X16MM","PacuWmSup112888","CDM","278","RC","C1713","HCPCS","","","facility","both","","","","443.5","443.5","","","","","","","","","","","","","Gross Charge Type: Main Acute Price List"
"SCREW, LOCKING X-DRIVE 2.3X18MM","GastChSup113152","CDM","278","RC","C1713","HCPCS","","","facility","both","","","","417.02","417.02","","","","","","","","","","","","","Gross Charge Type: Main Acute Price List"
"SCREW, LOCKING X-DRIVE 2.3X18MM","OperWmSup113152","CDM","278","RC","C1713","HCPCS","","","facility","both","","","","417.02","417.02","","","","","","","","","","","","","Gross Charge Type: Main Acute Price List"
"SCREW, LOCKING, FT T8 2.7X15MM","ScpuChSup109302","CDM","278","RC","C1713","HCPCS","","","facility","both","","","","1093.48","1093.48","","","","","","","","","","","","","Gross Charge Type: Main Acute Price List"
"SCREW, LOCKING, RECON 3.5X28MM","EplbChSup77748","CDM","278","RC","","","","","facility","both","","","","987.66","987.66","","","","","","","","","","","","","Gross Charge Type: Main Acute Price List"
"SCREW, LOCKING, RECON 3.5X36MM","ScanChSup77747","CDM","278","RC","","","","","facility","both","","","","928.68","928.68","","","","","","","","","","","","","Gross Charge Type: Main Acute Price List"
"SCREW, LOND HEAD 25MM 5MM DIAMETER","CcthChSup113968","CDM","278","RC","C1713","HCPCS","","","facility","both","","","","952.67","952.67","","","","","","","","","","","","","Gross Charge Type: Main Acute Price List"
"SCREW, LOW PRO CORTICAL 3.5X20MM ORTHOLOC","OperChSup10180527","CDM","278","RC","C1713","HCPCS","","","facility","both","","","","739.34","739.34","","","","","","","","","","","","","Gross Charge Type: Main Acute Price List"
"SCREW, LOW PROFILE CANCELLOUS TI 4.0X50MM","GastWmSup118431","CDM","278","RC","C1713","HCPCS","","","facility","both","","","","400.38","400.38","","","","","","","","","","","","","Gross Charge Type: Main Acute Price List"
"SCREW, LOW PROFILE CANCELLOUS TI 4.0X60MM","OperChSup120951","CDM","278","RC","C1713","HCPCS","","","facility","both","","","","376.48","376.48","","","","","","","","","","","","","Gross Charge Type: Main Acute Price List"
"SCREW, LOW PROFILE CORTEX 2.4MM X 24MM","CspuChSup119163","CDM","278","RC","C1713","HCPCS","","","facility","both","","","","692.71","692.71","","","","","","","","","","","","","Gross Charge Type: Main Acute Price List"
"SCREW, LOW PROFILE LOCKING 4.0X18MM","GyscChSup120073","CDM","278","RC","C1713","HCPCS","","","facility","both","","","","2537.32","2537.32","","","","","","","","","","","","","Gross Charge Type: Main Acute Price List"
"SCREW, LOW PROFILE LOCKING 4.0X20MM","AnesChSup120074","CDM","278","RC","C1713","HCPCS","","","facility","both","","","","2537.32","2537.32","","","","","","","","","","","","","Gross Charge Type: Main Acute Price List"
"SCREW, LOW PROFILE LOCKING 4.0X20MM","OperChSup120074","CDM","278","RC","C1713","HCPCS","","","facility","both","","","","2537.32","2537.32","","","","","","","","","","","","","Gross Charge Type: Main Acute Price List"
"SCREW, LOW PROFILE LOCKING 4.0X24MM","CcthChSup119300","CDM","278","RC","C1713","HCPCS","","","facility","both","","","","2537.32","2537.32","","","","","","","","","","","","","Gross Charge Type: Main Acute Price List"
"SCREW, LOW PROFILE LOCKING 4.0X28MM STRL","GyscChSup113724","CDM","278","RC","C1713","HCPCS","","","facility","both","","","","2537.32","2537.32","","","","","","","","","","","","","Gross Charge Type: Main Acute Price List"
"SCREW, LOW PROFILE LOCKING 4.0X30MM STRL","AngiChSup115135","CDM","278","RC","C1713","HCPCS","","","facility","both","","","","2384.81","2384.81","","","","","","","","","","","","","Gross Charge Type: Main Acute Price List"
"SCREW, LOW PROFILE LOCKING 4.0X34MM","PacuWmSup115214","CDM","278","RC","C1713","HCPCS","","","facility","both","","","","2242.41","2242.41","","","","","","","","","","","","","Gross Charge Type: Main Acute Price List"
"SCREW, LOW PROFILE LOCKING 4.0X44MM STRL","ScpuWmSup113861","CDM","278","RC","C1713","HCPCS","","","facility","both","","","","2077.27","2077.27","","","","","","","","","","","","","Gross Charge Type: Main Acute Price List"
"SCREW, LOW PROFILE LOCKING 5.0X26MM STRL","AnesChSup113471","CDM","278","RC","C1713","HCPCS","","","facility","both","","","","2537.32","2537.32","","","","","","","","","","","","","Gross Charge Type: Main Acute Price List"
"SCREW, LOW PROFILE LOCKING 5.0X26MM STRL","AnesWmSup113471","CDM","278","RC","C1713","HCPCS","","","facility","both","","","","2537.32","2537.32","","","","","","","","","","","","","Gross Charge Type: Main Acute Price List"
"SCREW, LOW PROFILE LOCKING 5.0X28MM STRL","AnesWmSup113360","CDM","278","RC","C1713","HCPCS","","","facility","both","","","","2537.32","2537.32","","","","","","","","","","","","","Gross Charge Type: Main Acute Price List"
"SCREW, LOW PROFILE LOCKING 5.0X28MM","CspuChSup110187","CDM","278","RC","C1713","HCPCS","","","facility","both","","","","1552.01","1552.01","","","","","","","","","","","","","Gross Charge Type: Main Acute Price List"
"SCREW, LOW PROFILE LOCKING 5.0X30MM STRL","PacuChSup112991","CDM","278","RC","C1713","HCPCS","","","facility","both","","","","2537.32","2537.32","","","","","","","","","","","","","Gross Charge Type: Main Acute Price List"
"SCREW, LOW PROFILE LOCKING 5.0X32MM STRL","AngiChSup112992","CDM","278","RC","C1713","HCPCS","","","facility","both","","","","2537.32","2537.32","","","","","","","","","","","","","Gross Charge Type: Main Acute Price List"
"SCREW, LOW PROFILE LOCKING 5.0X34MM STRL","OperWmSup113269","CDM","278","RC","C1713","HCPCS","","","facility","both","","","","2537.32","2537.32","","","","","","","","","","","","","Gross Charge Type: Main Acute Price List"
"SCREW, LOW PROFILE LOCKING 5.0X36MM STRL","ScorWmSup112958","CDM","278","RC","C1713","HCPCS","","","facility","both","","","","2537.32","2537.32","","","","","","","","","","","","","Gross Charge Type: Main Acute Price List"
"SCREW, LOW PROFILE LOCKING 5.0X40MM","GastChSup110193","CDM","278","RC","C1713","HCPCS","","","facility","both","","","","1650.56","1650.56","","","","","","","","","","","","","Gross Charge Type: Main Acute Price List"
"SCREW, LOW PROFILE LOCKING 5.0X40MM","ScpuChSup110193","CDM","278","RC","C1713","HCPCS","","","facility","both","","","","1650.56","1650.56","","","","","","","","","","","","","Gross Charge Type: Main Acute Price List"
"SCREW, LOW PROFILE LOCKING 5.0X44MM STRL","CcthChSup112996","CDM","278","RC","C1713","HCPCS","","","facility","both","","","","2537.32","2537.32","","","","","","","","","","","","","Gross Charge Type: Main Acute Price List"
"SCREW, LOW PROFILE LOCKING 5.0X44MM","GastChSup110194","CDM","278","RC","C1713","HCPCS","","","facility","both","","","","1650.56","1650.56","","","","","","","","","","","","","Gross Charge Type: Main Acute Price List"
"SCREW, LOW PROFILE LOCKING 5.0X44MM","ScanWmSup110194","CDM","278","RC","C1713","HCPCS","","","facility","both","","","","1650.56","1650.56","","","","","","","","","","","","","Gross Charge Type: Main Acute Price List"
"SCREW, LOW PROFILE LOCKING 5.0X48MM STRL","AnesChSup113447","CDM","278","RC","C1713","HCPCS","","","facility","both","","","","2537.32","2537.32","","","","","","","","","","","","","Gross Charge Type: Main Acute Price List"
"SCREW, LOW PROFILE LOCKING 5.0X48MM","GyscChSup110196","CDM","278","RC","C1713","HCPCS","","","facility","both","","","","1552.01","1552.01","","","","","","","","","","","","","Gross Charge Type: Main Acute Price List"
"SCREW, LOW PROFILE LOCKING 5.0X50MM","GastChSup110197","CDM","278","RC","C1713","HCPCS","","","facility","both","","","","1650.56","1650.56","","","","","","","","","","","","","Gross Charge Type: Main Acute Price List"
"SCREW, LOW PROFILE LOCKING 5.0X50MM","ScanWmSup110197","CDM","278","RC","C1713","HCPCS","","","facility","both","","","","1650.56","1650.56","","","","","","","","","","","","","Gross Charge Type: Main Acute Price List"
"SCREW, LOW PROFILE LOCKING 5.0X52MM STRL","GastWmSup113669","CDM","278","RC","C1713","HCPCS","","","facility","both","","","","2537.32","2537.32","","","","","","","","","","","","","Gross Charge Type: Main Acute Price List"
"SCREW, LOW PROFILE LOCKING 5.0X52MM","EplbChSup110198","CDM","278","RC","C1713","HCPCS","","","facility","both","","","","1552.01","1552.01","","","","","","","","","","","","","Gross Charge Type: Main Acute Price List"
"SCREW, LOW PROFILE LOCKING 5.0X54MM","ScanWmSup110199","CDM","278","RC","C1713","HCPCS","","","facility","both","","","","1552.01","1552.01","","","","","","","","","","","","","Gross Charge Type: Main Acute Price List"
"SCREW, LOW PROFILE LOCKING 5.0X56MM STRL","GyscChSup112993","CDM","278","RC","C1713","HCPCS","","","facility","both","","","","2537.32","2537.32","","","","","","","","","","","","","Gross Charge Type: Main Acute Price List"
"SCREW, LOW PROFILE LOCKING 5.0X56MM","EplbChSup110200","CDM","278","RC","C1713","HCPCS","","","facility","both","","","","1552.01","1552.01","","","","","","","","","","","","","Gross Charge Type: Main Acute Price List"
"SCREW, LOW PROFILE LOCKING 5.0X58MM","EplbChSup110201","CDM","278","RC","C1713","HCPCS","","","facility","both","","","","1552.01","1552.01","","","","","","","","","","","","","Gross Charge Type: Main Acute Price List"
"SCREW, LOW PROFILE LOCKING 5.0X60MM","GastWmSup110202","CDM","278","RC","C1713","HCPCS","","","facility","both","","","","1552.01","1552.01","","","","","","","","","","","","","Gross Charge Type: Main Acute Price List"
"SCREW, LOW PROFILE LOCKING 5.0X62MM STRL","ScanWmSup114100","CDM","278","RC","C1713","HCPCS","","","facility","both","","","","2384.81","2384.81","","","","","","","","","","","","","Gross Charge Type: Main Acute Price List"
"SCREW, LOW PROFILE LOCKING 5.0X62MM","GastChSup110203","CDM","278","RC","C1713","HCPCS","","","facility","both","","","","1552.01","1552.01","","","","","","","","","","","","","Gross Charge Type: Main Acute Price List"
"SCREW, LOW PROFILE LOCKING 5.0X66MM STRL","ScpuChSup113203","CDM","278","RC","C1713","HCPCS","","","facility","both","","","","2537.32","2537.32","","","","","","","","","","","","","Gross Charge Type: Main Acute Price List"
"SCREW, LOW PROFILE LOCKING 5.0X68MM STRL","DelrChSup113340","CDM","278","RC","C1713","HCPCS","","","facility","both","","","","2537.32","2537.32","","","","","","","","","","","","","Gross Charge Type: Main Acute Price List"
"SCREW, LOW PROFILE LOCKING 5.0X68MM STRL","PacuWmSup113340","CDM","278","RC","C1713","HCPCS","","","facility","both","","","","2537.32","2537.32","","","","","","","","","","","","","Gross Charge Type: Main Acute Price List"
"SCREW, LOW PROFILE LOCKING 5.0X70MM STRL","EplbChSup113310","CDM","278","RC","C1713","HCPCS","","","facility","both","","","","2537.32","2537.32","","","","","","","","","","","","","Gross Charge Type: Main Acute Price List"
"SCREW, LOW PROFILE LOCKING 5.0X72MM","OperWmSup110208","CDM","278","RC","C1713","HCPCS","","","facility","both","","","","1650.56","1650.56","","","","","","","","","","","","","Gross Charge Type: Main Acute Price List"
"SCREW, LOW PROFILE LOCKING 5.0X72MM","ScanWmSup110208","CDM","278","RC","C1713","HCPCS","","","facility","both","","","","1650.56","1650.56","","","","","","","","","","","","","Gross Charge Type: Main Acute Price List"
"SCREW, LOW PROFILE LOCKING 5.0X72MM","ScorWmSup110208","CDM","278","RC","C1713","HCPCS","","","facility","both","","","","1650.56","1650.56","","","","","","","","","","","","","Gross Charge Type: Main Acute Price List"
"SCREW, LOW PROFILE LOCKING 5.0X72MM","ScpuWmSup110208","CDM","278","RC","C1713","HCPCS","","","facility","both","","","","1650.56","1650.56","","","","","","","","","","","","","Gross Charge Type: Main Acute Price List"
"SCREW, LOW PROFILE LOCKING 5.0X74MM STRL","GyscChSup112994","CDM","278","RC","C1713","HCPCS","","","facility","both","","","","2537.32","2537.32","","","","","","","","","","","","","Gross Charge Type: Main Acute Price List"
"SCREW, LOW PROFILE LOCKING 5.0X74MM STRL","OperWmSup112994","CDM","278","RC","C1713","HCPCS","","","facility","both","","","","2537.32","2537.32","","","","","","","","","","","","","Gross Charge Type: Main Acute Price List"
"SCREW, LOW PROFILE LOCKING 5.0X74MM","GastWmSup110209","CDM","278","RC","C1713","HCPCS","","","facility","both","","","","1650.56","1650.56","","","","","","","","","","","","","Gross Charge Type: Main Acute Price List"
"SCREW, LOW PROFILE LOCKING 5.0X76MM STRL","GastChSup113416","CDM","278","RC","C1713","HCPCS","","","facility","both","","","","2537.32","2537.32","","","","","","","","","","","","","Gross Charge Type: Main Acute Price List"
"SCREW, LOW PROFILE LOCKING 5.0X78MM","GastWmSup110211","CDM","278","RC","C1713","HCPCS","","","facility","both","","","","1552.01","1552.01","","","","","","","","","","","","","Gross Charge Type: Main Acute Price List"
"SCREW, LOW PROFILE LOCKING 5.0X84MM STRL","ScanWmSup113897","CDM","278","RC","C1713","HCPCS","","","facility","both","","","","2209.18","2209.18","","","","","","","","","","","","","Gross Charge Type: Main Acute Price List"
"SCREW, LOW PROFILE LOCKING 5.0X84MM","ScanChSup110214","CDM","278","RC","C1713","HCPCS","","","facility","both","","","","1552.01","1552.01","","","","","","","","","","","","","Gross Charge Type: Main Acute Price List"
"SCREW, LOW PROFILE LOCKING 5.0X84MM","ScorChSup110214","CDM","278","RC","C1713","HCPCS","","","facility","both","","","","1552.01","1552.01","","","","","","","","","","","","","Gross Charge Type: Main Acute Price List"
"SCREW, LOW PROFILE LOCKING 5.0X86MM STRL","PacuWmSup113898","CDM","278","RC","C1713","HCPCS","","","facility","both","","","","2209.18","2209.18","","","","","","","","","","","","","Gross Charge Type: Main Acute Price List"
"SCREW, LOW PROFILE LOCKING 5.0X86MM","OperChSup110215","CDM","278","RC","C1713","HCPCS","","","facility","both","","","","1552.01","1552.01","","","","","","","","","","","","","Gross Charge Type: Main Acute Price List"
"SCREW, LOW PROFILE LOCKING 5.0X90MM STRL","AngiChSup115092","CDM","278","RC","C1713","HCPCS","","","facility","both","","","","2384.81","2384.81","","","","","","","","","","","","","Gross Charge Type: Main Acute Price List"
"SCREW, LOW PROFILE LOCKING 5.0X90MM STRL","ScpuChSup115092","CDM","278","RC","C1713","HCPCS","","","facility","both","","","","2384.81","2384.81","","","","","","","","","","","","","Gross Charge Type: Main Acute Price List"
"SCREW, LOW PROFILE LOCKING 5.0X90MM STRL","ScpuWmSup115092","CDM","278","RC","C1713","HCPCS","","","facility","both","","","","2384.81","2384.81","","","","","","","","","","","","","Gross Charge Type: Main Acute Price List"
"SCREW, LOW PROFILE TI 3.5X10MM","AngiWmSup112460","CDM","278","RC","C1713","HCPCS","","","facility","both","","","","400.38","400.38","","","","","","","","","","","","","Gross Charge Type: Main Acute Price List"
"SCREW, LOW PROFILE TI 3.5X14MM","Chrs3141880","CDM","278","RC","C1713","HCPCS","","","facility","both","","","","400.38","400.38","","","","","","","","","","","","","Gross Charge Type: Main Acute Price List"
"SCREW, LOW PROFILE TI 3.5X14MM","GyscChSup41880","CDM","278","RC","C1713","HCPCS","","","facility","both","","","","400.38","400.38","","","","","","","","","","","","","Gross Charge Type: Main Acute Price List"
"SCREW, LOW PROFILE TI 3.5X14MM","ScanChSup41880","CDM","278","RC","C1713","HCPCS","","","facility","both","","","","400.38","400.38","","","","","","","","","","","","","Gross Charge Type: Main Acute Price List"
"SCREW, LOW PROFILE TI 3.5X20MM","OperChSup41883","CDM","278","RC","C1713","HCPCS","","","facility","both","","","","400.38","400.38","","","","","","","","","","","","","Gross Charge Type: Main Acute Price List"
"SCREW, LOW PROFILE TI 3.5X28MM","PacuChSup39935","CDM","278","RC","C1713","HCPCS","","","facility","both","","","","400.38","400.38","","","","","","","","","","","","","Gross Charge Type: Main Acute Price List"
"SCREW, LOW PROFILE TI 3.5X28MM","ScanChSup39935","CDM","278","RC","C1713","HCPCS","","","facility","both","","","","400.38","400.38","","","","","","","","","","","","","Gross Charge Type: Main Acute Price List"
"SCREW, LOW PROFILE TI 3.5X32MM","PacuChSup41890","CDM","278","RC","C1713","HCPCS","","","facility","both","","","","400.38","400.38","","","","","","","","","","","","","Gross Charge Type: Main Acute Price List"
"SCREW, LOW PROFILE TI 3.5X42MM","Chrs3141895","CDM","278","RC","C1713","HCPCS","","","facility","both","","","","400.38","400.38","","","","","","","","","","","","","Gross Charge Type: Main Acute Price List"
"SCREW, LOW PROFILE TI 3.5X46MM","PacuWmSup113944","CDM","278","RC","C1713","HCPCS","","","facility","both","","","","347.37","347.37","","","","","","","","","","","","","Gross Charge Type: Main Acute Price List"
"SCREW, LOW PROFILE TI 3.5X48MM","OperWmSup72092","CDM","278","RC","C1713","HCPCS","","","facility","both","","","","376.48","376.48","","","","","","","","","","","","","Gross Charge Type: Main Acute Price List"
"SCREW, LOW PROFILE TI 3.5X58MM","AnesWmSup112462","CDM","278","RC","C1713","HCPCS","","","facility","both","","","","376.48","376.48","","","","","","","","","","","","","Gross Charge Type: Main Acute Price List"
"SCREW, LOW PROFILE TI 3.5X60MM","ScanWmSup118150","CDM","278","RC","C1713","HCPCS","","","facility","both","","","","400.38","400.38","","","","","","","","","","","","","Gross Charge Type: Main Acute Price List"
"SCREW, LOW PROFILE TI 4.0X20MM","ScorChSup73342","CDM","278","RC","C1713","HCPCS","","","facility","both","","","","400.38","400.38","","","","","","","","","","","","","Gross Charge Type: Main Acute Price List"
"SCREW, LOW PROFILE TI 4.0X24MM","CcthChSup71164","CDM","278","RC","C1713","HCPCS","","","facility","both","","","","376.48","376.48","","","","","","","","","","","","","Gross Charge Type: Main Acute Price List"
"SCREW, LOW PROFILE TI 4.0X24MM","ScanWmSup71164","CDM","278","RC","C1713","HCPCS","","","facility","both","","","","376.48","376.48","","","","","","","","","","","","","Gross Charge Type: Main Acute Price List"
"SCREW, LOW PROFILE TI 4.0X34MM","CcthChSup74763","CDM","278","RC","C1713","HCPCS","","","facility","both","","","","376.48","376.48","","","","","","","","","","","","","Gross Charge Type: Main Acute Price List"
"SCREW, LOW PROFILE TI 4.0X42MM","OperChSup112891","CDM","278","RC","C1713","HCPCS","","","facility","both","","","","376.48","376.48","","","","","","","","","","","","","Gross Charge Type: Main Acute Price List"
"SCREW, LOW PROFILE TI 4.0X44MM","GastWmSup67893","CDM","278","RC","C1713","HCPCS","","","facility","both","","","","376.48","376.48","","","","","","","","","","","","","Gross Charge Type: Main Acute Price List"
"SCREW, LOW PROFILE TI 4.5X32MM","GyscChSup65378","CDM","278","RC","C1713","HCPCS","","","facility","both","","","","500.47","500.47","","","","","","","","","","","","","Gross Charge Type: Main Acute Price List"
"SCREW, LOW-PROFILE SELF-TAPPING 3.5X40MM","ScorWmSup114781","CDM","278","RC","C1713","HCPCS","","","facility","both","","","","198.59","198.59","","","","","","","","","","","","","Gross Charge Type: Main Acute Price List"
"SCREW, LOW-PROFILE SELF-TAPPING 3.5X55MM","EplbChSup114782","CDM","278","RC","C1713","HCPCS","","","facility","both","","","","198.59","198.59","","","","","","","","","","","","","Gross Charge Type: Main Acute Price List"
"SCREW, LOW-PROFILE SELF-TAPPING 3.5X55MM","ScanChSup114782","CDM","278","RC","C1713","HCPCS","","","facility","both","","","","198.59","198.59","","","","","","","","","","","","","Gross Charge Type: Main Acute Price List"
"SCREW, LOW-PROFILE SELF-TAPPING 3.5X55MM","ScorChSup114782","CDM","278","RC","C1713","HCPCS","","","facility","both","","","","198.59","198.59","","","","","","","","","","","","","Gross Charge Type: Main Acute Price List"
"SCREW, LP PARTIALLY THREADED 4.5X40MM","PacuChSup68959","CDM","278","RC","C1713","HCPCS","","","facility","both","","","","1169.12","1169.12","","","","","","","","","","","","","Gross Charge Type: Main Acute Price List"
"SCREW, MATRIX NEURO TI SELF-DRILLING 3MM","CspuChSup74443","CDM","278","RC","C1713","HCPCS","","","facility","both","","","","246.38","246.38","","","","","","","","","","","","","Gross Charge Type: Main Acute Price List"
"SCREW, MATRIX NEURO TI SELF-DRILLING 3MM","GyscChSup74443","CDM","278","RC","C1713","HCPCS","","","facility","both","","","","246.38","246.38","","","","","","","","","","","","","Gross Charge Type: Main Acute Price List"
"SCREW, MATRIX NEURO TI SELF-DRILLING 4MM","CspuChSup74442","CDM","278","RC","C1713","HCPCS","","","facility","both","","","","246.38","246.38","","","","","","","","","","","","","Gross Charge Type: Main Acute Price List"
"SCREW, MATRIX NEURO TI SELF-DRILLING 5MM","PacuWmSup74441","CDM","278","RC","C1713","HCPCS","","","facility","both","","","","246.38","246.38","","","","","","","","","","","","","Gross Charge Type: Main Acute Price List"
"SCREW, MATRIX SELF DRILLING 1.5 X 4 MM","AngiWmSup48886","CDM","278","RC","C1713","HCPCS","","","facility","both","","","","363.17","363.17","","","","","","","","","","","","","Gross Charge Type: Main Acute Price List"
"SCREW, MATRIX TI 4.0X40MM THREAD LENGTH","CspuChSup45999","CDM","278","RC","","","","","facility","both","","","","2063.52","2063.52","","","","","","","","","","","","","Gross Charge Type: Main Acute Price List"
"SCREW, MATRIX TI 5.0X35MM THREAD LENGTH","GastWmSup46004","CDM","278","RC","","","","","facility","both","","","","2063.52","2063.52","","","","","","","","","","","","","Gross Charge Type: Main Acute Price List"
"SCREW, MATRIX TI 5.0X35MM THREAD LENGTH","ScpuChSup46004","CDM","278","RC","","","","","facility","both","","","","2063.52","2063.52","","","","","","","","","","","","","Gross Charge Type: Main Acute Price List"
"SCREW, MATRIX TI 5.0X40MM THREAD LENGTH","OperWmSup46005","CDM","278","RC","C1713","HCPCS","","","facility","both","","","","2063.52","2063.52","","","","","","","","","","","","","Gross Charge Type: Main Acute Price List"
"SCREW, MATRIX TI 5.0X50MM THREAD LENGTH","CcthChSup46007","CDM","278","RC","C1713","HCPCS","","","facility","both","","","","2063.52","2063.52","","","","","","","","","","","","","Gross Charge Type: Main Acute Price List"
"SCREW, MATRIX TI 5.0X50MM THREAD LENGTH","GastChSup46007","CDM","278","RC","C1713","HCPCS","","","facility","both","","","","2063.52","2063.52","","","","","","","","","","","","","Gross Charge Type: Main Acute Price List"
"SCREW, MATRIX TI 5.0X50MM THREAD LENGTH","PacuWmSup46007","CDM","278","RC","C1713","HCPCS","","","facility","both","","","","2063.52","2063.52","","","","","","","","","","","","","Gross Charge Type: Main Acute Price List"
"SCREW, MATRIX TI 5.0X50MM THREAD LENGTH","ScorWmSup46007","CDM","278","RC","C1713","HCPCS","","","facility","both","","","","2063.52","2063.52","","","","","","","","","","","","","Gross Charge Type: Main Acute Price List"
"SCREW, MATRIX TI 6.0X25MM THREAD LENGTH","ScpuWmSup46010","CDM","278","RC","","","","","facility","both","","","","1940.3","1940.3","","","","","","","","","","","","","Gross Charge Type: Main Acute Price List"
"SCREW, MATRIX TI 6.0X35MM THREAD LENGTH","ScpuWmSup46012","CDM","278","RC","C1713","HCPCS","","","facility","both","","","","1940.3","1940.3","","","","","","","","","","","","","Gross Charge Type: Main Acute Price List"
"SCREW, MATRIX TI 6.0X40MM THREAD LENGTH","CcthChSup46013","CDM","278","RC","C1713","HCPCS","","","facility","both","","","","2063.52","2063.52","","","","","","","","","","","","","Gross Charge Type: Main Acute Price List"
"SCREW, MATRIX TI 6.0X60MM THREAD LENGTH","Wilm5446017","CDM","278","RC","","","","","facility","both","","","","1940.3","1940.3","","","","","","","","","","","","","Gross Charge Type: Main Acute Price List"
"SCREW, MATRIX TI 7.0X50MM THREAD LENGTH","GyscChSup46024","CDM","278","RC","C1713","HCPCS","","","facility","both","","","","2063.52","2063.52","","","","","","","","","","","","","Gross Charge Type: Main Acute Price List"
"SCREW, MATRIX TI 7.0X55MM THREAD LENGTH","GastChSup46025","CDM","278","RC","C1713","HCPCS","","","facility","both","","","","2063.52","2063.52","","","","","","","","","","","","","Gross Charge Type: Main Acute Price List"
"SCREW, MATRIX TI 8.0X35MM THREAD LENGTH","GastWmSup46033","CDM","278","RC","C1713","HCPCS","","","facility","both","","","","2063.52","2063.52","","","","","","","","","","","","","Gross Charge Type: Main Acute Price List"
"SCREW, MATRIX TI 8.0X40MM THREAD LENGTH","GastChSup46034","CDM","278","RC","C1713","HCPCS","","","facility","both","","","","2063.52","2063.52","","","","","","","","","","","","","Gross Charge Type: Main Acute Price List"
"SCREW, MATRIX TI 8.0X45MM THREAD LENGTH","CcthChSup46035","CDM","278","RC","C1713","HCPCS","","","facility","both","","","","2063.52","2063.52","","","","","","","","","","","","","Gross Charge Type: Main Acute Price List"
"SCREW, MATRIX TI 8.0X55MM THREAD LENGTH","GastWmSup46037","CDM","278","RC","C1713","HCPCS","","","facility","both","","","","2063.52","2063.52","","","","","","","","","","","","","Gross Charge Type: Main Acute Price List"
"SCREW, MATRIX TI 8.0X55MM THREAD LENGTH","GyscChSup46037","CDM","278","RC","C1713","HCPCS","","","facility","both","","","","2063.52","2063.52","","","","","","","","","","","","","Gross Charge Type: Main Acute Price List"
"SCREW, MATRIX TI 8.0X55MM THREAD LENGTH","ScorChSup46037","CDM","278","RC","C1713","HCPCS","","","facility","both","","","","2063.52","2063.52","","","","","","","","","","","","","Gross Charge Type: Main Acute Price List"
"SCREW, MATRIX TI 8.0X60MM THREAD LENGTH","GyscChSup46038","CDM","278","RC","C1713","HCPCS","","","facility","both","","","","2063.52","2063.52","","","","","","","","","","","","","Gross Charge Type: Main Acute Price List"
"SCREW, MATRIX TI 8.0X60MM THREAD LENGTH","Wilm5446038","CDM","278","RC","C1713","HCPCS","","","facility","both","","","","2063.52","2063.52","","","","","","","","","","","","","Gross Charge Type: Main Acute Price List"
"SCREW, MATRIX TI 9.0X40MM THREAD LENGTH","GyscChSup46045","CDM","278","RC","C1713","HCPCS","","","facility","both","","","","2063.52","2063.52","","","","","","","","","","","","","Gross Charge Type: Main Acute Price List"
"SCREW, MATRIX TI 9.0X45MM THREAD LENGTH","GyscChSup46046","CDM","278","RC","","","","","facility","both","","","","2063.52","2063.52","","","","","","","","","","","","","Gross Charge Type: Main Acute Price List"
"SCREW, MATRIX TI 9.0X45MM THREAD LENGTH","ScorWmSup46046","CDM","278","RC","","","","","facility","both","","","","2063.52","2063.52","","","","","","","","","","","","","Gross Charge Type: Main Acute Price List"
"SCREW, MATRIX TI 9.0X50MM THREAD LENGTH","ScanWmSup46047","CDM","278","RC","C1713","HCPCS","","","facility","both","","","","2063.52","2063.52","","","","","","","","","","","","","Gross Charge Type: Main Acute Price List"
"SCREW, MATRIX TI SELF-TAPPING 2.0 X 8MM","GyscChSup56431","CDM","278","RC","C1713","HCPCS","","","facility","both","","","","278.54","278.54","","","","","","","","","","","","","Gross Charge Type: Main Acute Price List"
"SCREW, MATRIX TI SELF-TAPPING 2.0 X 8MM","ScanWmSup56431","CDM","278","RC","C1713","HCPCS","","","facility","both","","","","278.54","278.54","","","","","","","","","","","","","Gross Charge Type: Main Acute Price List"
"SCREW, MATRIX TI SELF-TAPPING 2.0MM X 6MM","CspuChSup56418","CDM","278","RC","C1713","HCPCS","","","facility","both","","","","502.02","502.02","","","","","","","","","","","","","Gross Charge Type: Main Acute Price List"
"SCREW, MATRIX TI SELF-TAPPING 2.0MM X 6MM","GastChSup56418","CDM","278","RC","C1713","HCPCS","","","facility","both","","","","502.02","502.02","","","","","","","","","","","","","Gross Charge Type: Main Acute Price List"
"SCREW, MATRIX TI SELF-TAPPING 2.0MMX14MM","AnesChSup118246","CDM","278","RC","C1713","HCPCS","","","facility","both","","","","471.84","471.84","","","","","","","","","","","","","Gross Charge Type: Main Acute Price List"
"SCREW, MATRIX TI SELF-TAPPING 2.0MMX18MM","AnesChSup119773","CDM","278","RC","C1713","HCPCS","","","facility","both","","","","502.02","502.02","","","","","","","","","","","","","Gross Charge Type: Main Acute Price List"
"SCREW, MATRIX TI SELF-TAPPING 2.4 MM X 6 MM","GastChSup56419","CDM","278","RC","","","","","facility","both","","","","720.69","720.69","","","","","","","","","","","","","Gross Charge Type: Main Acute Price List"
"SCREW, MATRIX TI SELF-TAPPING 2.4 MM X 6 MM","ScpuWmSup56419","CDM","278","RC","","","","","facility","both","","","","720.69","720.69","","","","","","","","","","","","","Gross Charge Type: Main Acute Price List"
"SCREW, MATRIX TI SELF-TAPPING 2.4MMX14MM","GastChSup118247","CDM","278","RC","C1713","HCPCS","","","facility","both","","","","636.92","636.92","","","","","","","","","","","","","Gross Charge Type: Main Acute Price List"
"SCREW, MATRIX TI SELF-TAPPING 2.4X5MM","AngiWmSup111948","CDM","278","RC","C1713","HCPCS","","","facility","both","","","","720.69","720.69","","","","","","","","","","","","","Gross Charge Type: Main Acute Price List"
"SCREW, MATRIX TI SELF-TAPPING 2.4X5MM","PacuWmSup111948","CDM","278","RC","C1713","HCPCS","","","facility","both","","","","720.69","720.69","","","","","","","","","","","","","Gross Charge Type: Main Acute Price List"
"SCREW, MATRIX TI SELF-TAPPING LOCKING 2.0MMX14MM","ScorWmSup118248","CDM","278","RC","C1713","HCPCS","","","facility","both","","","","827.46","827.46","","","","","","","","","","","","","Gross Charge Type: Main Acute Price List"
"SCREW, MATRIXMAND LOCKING SELF-TAPPING 2.4X8MM","ScpuWmSup118114","CDM","278","RC","C1713","HCPCS","","","facility","both","","","","720.69","720.69","","","","","","","","","","","","","Gross Charge Type: Main Acute Price List"
"SCREW, MATRIXRIB LOCK SELF-DRILL 2.7MMX11MM","GastChSup108124","CDM","278","RC","C1713","HCPCS","","","facility","both","","","","2488.53","2488.53","","","","","","","","","","","","","Gross Charge Type: Main Acute Price List"
"SCREW, MATRIXRIB LOCK SELF-DRILL 2.7MMX11MM","ScorWmSup108124","CDM","278","RC","C1713","HCPCS","","","facility","both","","","","2488.53","2488.53","","","","","","","","","","","","","Gross Charge Type: Main Acute Price List"
"SCREW, MATRIXRIB LOCK SELF-DRILL 2.7MMX12MM","PacuChSup108125","CDM","278","RC","C1713","HCPCS","","","facility","both","","","","2488.53","2488.53","","","","","","","","","","","","","Gross Charge Type: Main Acute Price List"
"SCREW, MATRIXRIB LOCK SELF-DRILL 2.7MMX13MM","ScorChSup108126","CDM","278","RC","C1713","HCPCS","","","facility","both","","","","2166.19","2166.19","","","","","","","","","","","","","Gross Charge Type: Main Acute Price List"
"SCREW, MATRIXRIB LOCK SELF-DRILL 2.7MMX13MM","ScpuChSup108126","CDM","278","RC","C1713","HCPCS","","","facility","both","","","","2166.19","2166.19","","","","","","","","","","","","","Gross Charge Type: Main Acute Price List"
"SCREW, MATRIXRIB LOCK SELF-DRILL 2.7MMX14MM","CspuChSup108127","CDM","278","RC","C1713","HCPCS","","","facility","both","","","","2073.52","2073.52","","","","","","","","","","","","","Gross Charge Type: Main Acute Price List"
"SCREW, MATRIXRIB LOCK SELF-DRILL 2.7MMX8MM","GastWmSup108121","CDM","278","RC","C1713","HCPCS","","","facility","both","","","","2488.53","2488.53","","","","","","","","","","","","","Gross Charge Type: Main Acute Price List"
"SCREW, MATRIXRIB LOCK SELF-DRILL 2.7MMX8MM","ScpuChSup108121","CDM","278","RC","C1713","HCPCS","","","facility","both","","","","2488.53","2488.53","","","","","","","","","","","","","Gross Charge Type: Main Acute Price List"
"SCREW, MATRIXRIB LOCK SELF-DRILL 2.7MMX9MM","AngiWmSup108122","CDM","278","RC","C1713","HCPCS","","","facility","both","","","","2488.53","2488.53","","","","","","","","","","","","","Gross Charge Type: Main Acute Price List"
"SCREW, MATRIXRIB LOCK SELF-TAP TI 2.9X12","EplbChSup52099","CDM","278","RC","","","","","facility","both","","","","803.92","803.92","","","","","","","","","","","","","Gross Charge Type: Main Acute Price List"
"SCREW, MATRIXRIB LOCK SELF-TAP TI 2.9X12","ScpuWmSup52099","CDM","278","RC","","","","","facility","both","","","","803.92","803.92","","","","","","","","","","","","","Gross Charge Type: Main Acute Price List"
"SCREW, MATRIXRIB LOCK SELF-TAP TI 2.9X14","Chrs5452100","CDM","278","RC","","","","","facility","both","","","","803.92","803.92","","","","","","","","","","","","","Gross Charge Type: Main Acute Price List"
"SCREW, MATRIXRIB LOCKING 2.9X18MM","AngiChSup110277","CDM","278","RC","C1713","HCPCS","","","facility","both","","","","803.92","803.92","","","","","","","","","","","","","Gross Charge Type: Main Acute Price List"
"SCREW, MATRIXRIB LOCKING 2.9X20MM","PacuWmSup110278","CDM","278","RC","C1713","HCPCS","","","facility","both","","","","1430.61","1430.61","","","","","","","","","","","","","Gross Charge Type: Main Acute Price List"
"SCREW, MATRIXRIB NON-LOCKING SELF-DRILL 2.7X10MM","AngiChSup112750","CDM","278","RC","C1713","HCPCS","","","facility","both","","","","2488.53","2488.53","","","","","","","","","","","","","Gross Charge Type: Main Acute Price List"
"SCREW, MATRIXRIB NON-LOCKING SELF-DRILL 2.7X10MM","AngiWmSup112750","CDM","278","RC","C1713","HCPCS","","","facility","both","","","","2488.53","2488.53","","","","","","","","","","","","","Gross Charge Type: Main Acute Price List"
"SCREW, MATRIXRIB NON-LOCKING SELF-DRILL 2.7X12MM","ScanChSup113743","CDM","278","RC","C1713","HCPCS","","","facility","both","","","","2205.18","2205.18","","","","","","","","","","","","","Gross Charge Type: Main Acute Price List"
"SCREW, MAXDRIVE 2.0X13MM","CcthChSup111028","CDM","278","RC","C1713","HCPCS","","","facility","both","","","","336.75","336.75","","","","","","","","","","","","","Gross Charge Type: Main Acute Price List"
"SCREW, MAXDRIVE 2.0X13MM","EplbChSup111028","CDM","278","RC","C1713","HCPCS","","","facility","both","","","","336.75","336.75","","","","","","","","","","","","","Gross Charge Type: Main Acute Price List"
"SCREW, MAXDRIVE 2.0X15MM","EplbChSup111056","CDM","278","RC","C1713","HCPCS","","","facility","both","","","","357.56","357.56","","","","","","","","","","","","","Gross Charge Type: Main Acute Price List"
"SCREW, MAXDRIVE 2.0X15MM","OperChSup111056","CDM","278","RC","C1713","HCPCS","","","facility","both","","","","357.56","357.56","","","","","","","","","","","","","Gross Charge Type: Main Acute Price List"
"SCREW, MAXDRIVE 2.0X15MM","ScorChSup111056","CDM","278","RC","C1713","HCPCS","","","facility","both","","","","357.56","357.56","","","","","","","","","","","","","Gross Charge Type: Main Acute Price List"
"SCREW, MAXDRIVE 2.0X15MM","ScorWmSup111056","CDM","278","RC","C1713","HCPCS","","","facility","both","","","","357.56","357.56","","","","","","","","","","","","","Gross Charge Type: Main Acute Price List"
"SCREW, MAXDRIVE 2.0X5MM","EplbChSup111029","CDM","278","RC","C1713","HCPCS","","","facility","both","","","","336.75","336.75","","","","","","","","","","","","","Gross Charge Type: Main Acute Price List"
"SCREW, MAXDRIVE 2.0X7MM 113643","DelrChSup113643","CDM","278","RC","C1713","HCPCS","","","facility","both","","","","366.29","366.29","","","","","","","","","","","","","Gross Charge Type: Main Acute Price List"
"SCREW, MAXDRIVE 2.0X7MM","AnesChSup111054","CDM","278","RC","C1713","HCPCS","","","facility","both","","","","358.13","358.13","","","","","","","","","","","","","Gross Charge Type: Main Acute Price List"
"SCREW, MAXDRIVE DRILL FREE EMERGENCY 1.8X5MM","GastChSup112277","CDM","278","RC","C1713","HCPCS","","","facility","both","","","","384.06","384.06","","","","","","","","","","","","","Gross Charge Type: Main Acute Price List"
"SCREW, MAXDRIVE LEVEL 1 2.3 X13MM","AngiChSup114508","CDM","278","RC","C1713","HCPCS","","","facility","both","","","","262.51","262.51","","","","","","","","","","","","","Gross Charge Type: Main Acute Price List"
"SCREW, MAXDRIVE TI L1 MMF 2.0X8MM THD TTL 10MM","PacuWmSup113921","CDM","278","RC","C1713","HCPCS","","","facility","both","","","","767.28","767.28","","","","","","","","","","","","","Gross Charge Type: Main Acute Price List"
"SCREW, MAXDRIVE TI L1 MMF 2.0X8MM THD TTL 10MM","ScanWmSup113921","CDM","278","RC","C1713","HCPCS","","","facility","both","","","","767.28","767.28","","","","","","","","","","","","","Gross Charge Type: Main Acute Price List"
"SCREW, MAXDRIVE TLTS 2.0X13MM","OperWmSup111213","CDM","278","RC","C1713","HCPCS","","","facility","both","","","","763.32","763.32","","","","","","","","","","","","","Gross Charge Type: Main Acute Price List"
"SCREW, MAXDRIVE TLTS 2.0X15MM","ScpuWmSup111237","CDM","278","RC","C1713","HCPCS","","","facility","both","","","","763.32","763.32","","","","","","","","","","","","","Gross Charge Type: Main Acute Price List"
"SCREW, MAXDRIVE TLTS 2.0X5MM","AnesWmSup111211","CDM","278","RC","C1713","HCPCS","","","facility","both","","","","811.79","811.79","","","","","","","","","","","","","Gross Charge Type: Main Acute Price List"
"SCREW, MAXDRIVE TLTS 2.0X5MM","CcthChSup111211","CDM","278","RC","C1713","HCPCS","","","facility","both","","","","811.79","811.79","","","","","","","","","","","","","Gross Charge Type: Main Acute Price List"
"SCREW, MAXDRIVE TLTS 2.0X5MM","GyscChSup111211","CDM","278","RC","C1713","HCPCS","","","facility","both","","","","811.79","811.79","","","","","","","","","","","","","Gross Charge Type: Main Acute Price List"
"SCREW, MAXDRIVE TLTS 2.0X5MM","ScorChSup111211","CDM","278","RC","C1713","HCPCS","","","facility","both","","","","811.79","811.79","","","","","","","","","","","","","Gross Charge Type: Main Acute Price List"
"SCREW, MAXDRIVE TLTS 2.0X7MM","OperChSup111212","CDM","278","RC","C1713","HCPCS","","","facility","both","","","","811.79","811.79","","","","","","","","","","","","","Gross Charge Type: Main Acute Price List"
"SCREW, MAXDRIVE TLTS 2.0X7MM","ScpuWmSup111212","CDM","278","RC","C1713","HCPCS","","","facility","both","","","","811.79","811.79","","","","","","","","","","","","","Gross Charge Type: Main Acute Price List"
"SCREW, MAXDRIVE TLTS 2.0X9MM","CspuChSup111236","CDM","278","RC","C1713","HCPCS","","","facility","both","","","","811.79","811.79","","","","","","","","","","","","","Gross Charge Type: Main Acute Price List"
"SCREW, MAXLOCK EXTRM LOCKING 3.5X40MM","EplbChSup117740","CDM","278","RC","C1713","HCPCS","","","facility","both","","","","1007.8","1007.8","","","","","","","","","","","","","Gross Charge Type: Main Acute Price List"
"SCREW, MAXLOCK EXTRM LOCKING 3.5X40MM","ScorChSup117740","CDM","278","RC","C1713","HCPCS","","","facility","both","","","","1007.8","1007.8","","","","","","","","","","","","","Gross Charge Type: Main Acute Price List"
"SCREW, METAPHYSEAL 2.7X12MM","ScorWmSup69525","CDM","278","RC","C1713","HCPCS","","","facility","both","","","","260.74","260.74","","","","","","","","","","","","","Gross Charge Type: Main Acute Price List"
"SCREW, METAPHYSEAL 2.7X32MM","ScanWmSup114627","CDM","278","RC","C1713","HCPCS","","","facility","both","","","","230.43","230.43","","","","","","","","","","","","","Gross Charge Type: Main Acute Price List"
"SCREW, METAPHYSEAL 2.7X42MM","ScpuChSup59605","CDM","278","RC","C1713","HCPCS","","","facility","both","","","","260.74","260.74","","","","","","","","","","","","","Gross Charge Type: Main Acute Price List"
"SCREW, METAPHYSEAL 2.7X54MM","CcthChSup61549","CDM","278","RC","C1713","HCPCS","","","facility","both","","","","260.74","260.74","","","","","","","","","","","","","Gross Charge Type: Main Acute Price List"
"SCREW, METAPHYSEAL 2.7X62MM","OperChSup77187","CDM","278","RC","C1713","HCPCS","","","facility","both","","","","245.17","245.17","","","","","","","","","","","","","Gross Charge Type: Main Acute Price List"
"SCREW, METAPHYSEAL 2.7X70MM","GastChSup61550","CDM","278","RC","C1713","HCPCS","","","facility","both","","","","260.74","260.74","","","","","","","","","","","","","Gross Charge Type: Main Acute Price List"
"SCREW, METAPHYSEAL 2.7X70MM","OperChSup61550","CDM","278","RC","C1713","HCPCS","","","facility","both","","","","260.74","260.74","","","","","","","","","","","","","Gross Charge Type: Main Acute Price List"
"SCREW, METAPHYSEAL SELF-TAP 2.7X26MM","Chrs5462583","CDM","278","RC","C1713","HCPCS","","","facility","both","","","","260.74","260.74","","","","","","","","","","","","","Gross Charge Type: Main Acute Price List"
"SCREW, METAPHYSEAL SELF-TAP 2.7X26MM","ScanWmSup62583","CDM","278","RC","C1713","HCPCS","","","facility","both","","","","260.74","260.74","","","","","","","","","","","","","Gross Charge Type: Main Acute Price List"
"SCREW, METAPHYSEAL SELF-TAP W/T8 STARDRIVE 2.7X18MM","AngiWmSup60277","CDM","278","RC","C1713","HCPCS","","","facility","both","","","","260.74","260.74","","","","","","","","","","","","","Gross Charge Type: Main Acute Price List"
"SCREW, METAPHYSEAL SELF-TAP W/T8 STARDRIVE 2.7X18MM","OperChSup60277","CDM","278","RC","C1713","HCPCS","","","facility","both","","","","260.74","260.74","","","","","","","","","","","","","Gross Charge Type: Main Acute Price List"
"SCREW, MICRO ACUTRAK 2 BONE 26.0MM","EplbChSup63053","CDM","278","RC","C1713","HCPCS","","","facility","both","","","","3046.57","3046.57","","","","","","","","","","","","","Gross Charge Type: Main Acute Price List"
"SCREW, MICRO ACUTRAK2 20MM","GyscChSup60195","CDM","278","RC","C1713","HCPCS","","","facility","both","","","","3046.57","3046.57","","","","","","","","","","","","","Gross Charge Type: Main Acute Price List"
"SCREW, MICRO ACUTRAK2 20MM","ScorWmSup60195","CDM","278","RC","C1713","HCPCS","","","facility","both","","","","3046.57","3046.57","","","","","","","","","","","","","Gross Charge Type: Main Acute Price List"
"SCREW, MIS 7.5 45MM","ScorWmSup118371","CDM","278","RC","C1713","HCPCS","","","facility","both","","","","4619.8","4619.8","","","","","","","","","","","","","Gross Charge Type: Main Acute Price List"
"SCREW, MMF SELF DRILLING 2.0X8MM","GastWmSup33091","CDM","278","RC","C1713","HCPCS","","","facility","both","","","","709.97","709.97","","","","","","","","","","","","","Gross Charge Type: Main Acute Price List"
"SCREW, MMF SELF DRILLING 2.0X8MM","OperWmSup33091","CDM","278","RC","C1713","HCPCS","","","facility","both","","","","709.97","709.97","","","","","","","","","","","","","Gross Charge Type: Main Acute Price List"
"SCREW, MOUNTAINEER FA 12MM","EplbChSup33504","CDM","278","RC","","","","","facility","both","","","","3562.05","3562.05","","","","","","","","","","","","","Gross Charge Type: Main Acute Price List"
"SCREW, MOUNTAINEER OC 5.25X14MM","AnesChSup107523","CDM","278","RC","","","","","facility","both","","","","1100.47","1100.47","","","","","","","","","","","","","Gross Charge Type: Main Acute Price List"
"SCREW, MOUNTAINEER OC 5.25X14MM","ScpuChSup107523","CDM","278","RC","","","","","facility","both","","","","1100.47","1100.47","","","","","","","","","","","","","Gross Charge Type: Main Acute Price List"
"SCREW, MP EMERGENCY 2.3X6MM","OperWmSup121221","CDM","278","RC","C1713","HCPCS","","","facility","both","","","","704.98","704.98","","","","","","","","","","","","","Gross Charge Type: Main Acute Price List"
"SCREW, MP SELF-TAPPING 2.0X12MM","OperChSup10180583","CDM","278","RC","C1713","HCPCS","","","facility","both","","","","617.42","617.42","","","","","","","","","","","","","Gross Charge Type: Main Acute Price List"
"SCREW, MULTI-THREAD COMPRESSION TI 3.5X20MM","ScorWmSup10190746","CDM","278","RC","C1713","HCPCS","","","facility","both","","","","1072.05","1072.05","","","","","","","","","","","","","Gross Charge Type: Main Acute Price List"
"SCREW, MULTIAX 4.75 SOLERA COCR TI 4.0X25MM","OperWmSup46085","CDM","278","RC","C1713","HCPCS","","","facility","both","","","","3764.77","3764.77","","","","","","","","","","","","","Gross Charge Type: Main Acute Price List"
"SCREW, MULTIAX 4.75 SOLERA COCR TI 4.0X30MM","ScanWmSup46086","CDM","278","RC","C1713","HCPCS","","","facility","both","","","","4003.83","4003.83","","","","","","","","","","","","","Gross Charge Type: Main Acute Price List"
"SCREW, MULTIAX 4.75 SOLERA COCR TI 4.0X30MM","ScorWmSup46086","CDM","278","RC","C1713","HCPCS","","","facility","both","","","","4003.83","4003.83","","","","","","","","","","","","","Gross Charge Type: Main Acute Price List"
"SCREW, MULTIAX 4.75 SOLERA COCR TI 4.0X40MM","ScanChSup46088","CDM","278","RC","","","","","facility","both","","","","4003.83","4003.83","","","","","","","","","","","","","Gross Charge Type: Main Acute Price List"
"SCREW, MULTIAX 4.75 SOLERA COCR TI 4.5X25MM","GastWmSup46093","CDM","278","RC","","","","","facility","both","","","","3764.77","3764.77","","","","","","","","","","","","","Gross Charge Type: Main Acute Price List"
"SCREW, MULTIAX 4.75 SOLERA COCR TI 4.5X30MM","CcthChSup46094","CDM","278","RC","","","","","facility","both","","","","3764.77","3764.77","","","","","","","","","","","","","Gross Charge Type: Main Acute Price List"
"SCREW, MULTIAX 4.75 SOLERA COCR TI 5.0X30MM","EplbChSup46102","CDM","278","RC","","","","","facility","both","","","","3764.77","3764.77","","","","","","","","","","","","","Gross Charge Type: Main Acute Price List"
"SCREW, MULTIAX 4.75 SOLERA COCR TI 5.5X25MM","Wilm5446109","CDM","278","RC","","","","","facility","both","","","","3764.77","3764.77","","","","","","","","","","","","","Gross Charge Type: Main Acute Price List"
"SCREW, MULTIAX 4.75 SOLERA COCR TI 5.5X50MM","Chrs5446114","CDM","278","RC","","","","","facility","both","","","","3764.77","3764.77","","","","","","","","","","","","","Gross Charge Type: Main Acute Price List"
"SCREW, MULTIAX 4.75 SOLERA COCR TI 5.5X50MM","EplbChSup46114","CDM","278","RC","","","","","facility","both","","","","3764.77","3764.77","","","","","","","","","","","","","Gross Charge Type: Main Acute Price List"
"SCREW, MULTIAX 4.75 SOLERA COCR TI 6.5X25MM","EplbChSup46127","CDM","278","RC","","","","","facility","both","","","","3764.77","3764.77","","","","","","","","","","","","","Gross Charge Type: Main Acute Price List"
"SCREW, MULTIAX 4.75 SOLERA COCR TI 6.5X55MM","CcthChSup46133","CDM","278","RC","","","","","facility","both","","","","3764.77","3764.77","","","","","","","","","","","","","Gross Charge Type: Main Acute Price List"
"SCREW, MULTIAX 4.75 SOLERA COCR TI 6.5X55MM","GastChSup46133","CDM","278","RC","","","","","facility","both","","","","3764.77","3764.77","","","","","","","","","","","","","Gross Charge Type: Main Acute Price List"
"SCREW, MULTIAX 4.75 SOLERA COCR TI 7.5X25MM","PacuChSup46140","CDM","278","RC","","","","","facility","both","","","","3764.77","3764.77","","","","","","","","","","","","","Gross Charge Type: Main Acute Price List"
"SCREW, MULTIAX 4.75 SOLERA COCR TI 7.5X35MM","PacuChSup46142","CDM","278","RC","","","","","facility","both","","","","3764.77","3764.77","","","","","","","","","","","","","Gross Charge Type: Main Acute Price List"
"SCREW, MULTIAX 4.75 SOLERA COCR TI 8.5X35MM","EplbChSup46153","CDM","278","RC","","","","","facility","both","","","","4003.83","4003.83","","","","","","","","","","","","","Gross Charge Type: Main Acute Price List"
"SCREW, MULTIAX 4.75 SOLERA COCR TI 8.5X40MM","PacuChSup46154","CDM","278","RC","C1713","HCPCS","","","facility","both","","","","4003.83","4003.83","","","","","","","","","","","","","Gross Charge Type: Main Acute Price List"
"SCREW, MULTIAX 4.75 SOLERA COCR TI 8.5X50MM","ScpuChSup46156","CDM","278","RC","C1713","HCPCS","","","facility","both","","","","4003.83","4003.83","","","","","","","","","","","","","Gross Charge Type: Main Acute Price List"
"SCREW, MULTIAX 4.75 SOLERA COCR TI 9.5X45MM","ScpuWmSup46166","CDM","278","RC","C1713","HCPCS","","","facility","both","","","","4003.83","4003.83","","","","","","","","","","","","","Gross Charge Type: Main Acute Price List"
"SCREW, MULTIAX 4.75 SOLERA COCR TI 9.5X50MM","PacuChSup46167","CDM","278","RC","C1713","HCPCS","","","facility","both","","","","4003.83","4003.83","","","","","","","","","","","","","Gross Charge Type: Main Acute Price List"
"SCREW, MULTIAX 4.75 SOLERA COCR TI 9.5X50MM","Wilm5446167","CDM","278","RC","C1713","HCPCS","","","facility","both","","","","4003.83","4003.83","","","","","","","","","","","","","Gross Charge Type: Main Acute Price List"
"SCREW, MULTIAX 4.75 SOLERA COCR TI 9.5X60MM","ScanChSup46169","CDM","278","RC","","","","","facility","both","","","","4003.83","4003.83","","","","","","","","","","","","","Gross Charge Type: Main Acute Price List"
"SCREW, MULTIAXIAL  INFINITY PARTIALLY THREADED 3.5X22MM","OperChSup77278","CDM","278","RC","","","","","facility","both","","","","4126.77","4126.77","","","","","","","","","","","","","Gross Charge Type: Main Acute Price List"
"SCREW, MULTIAXIAL 4.75 SOLERA COCR 6.5X55MM","CspuChSup106469","CDM","278","RC","C1713","HCPCS","","","facility","both","","","","5790.5","5790.5","","","","","","","","","","","","","Gross Charge Type: Main Acute Price List"
"SCREW, MULTIAXIAL 4.75 SOLERA COCR TI 9.5X100MM","ScorChSup114267","CDM","278","RC","C1713","HCPCS","","","facility","both","","","","3763.16","3763.16","","","","","","","","","","","","","Gross Charge Type: Main Acute Price List"
"SCREW, MULTIAXIAL 4.75 SOLERA COCR TI 9.5X80MM","ScorChSup70141","CDM","278","RC","C1713","HCPCS","","","facility","both","","","","3764.77","3764.77","","","","","","","","","","","","","Gross Charge Type: Main Acute Price List"
"SCREW, MULTIAXIAL 4.75 SOLERA COCR TI 9.5X90MM","AngiChSup106835","CDM","278","RC","","","","","facility","both","","","","3764.77","3764.77","","","","","","","","","","","","","Gross Charge Type: Main Acute Price List"
"SCREW, MULTIAXIAL 5.5/60 SOLERA COCR MAS 5.5X50MM","DelrChSup77595","CDM","278","RC","","","","","facility","both","","","","3764.77","3764.77","","","","","","","","","","","","","Gross Charge Type: Main Acute Price List"
"SCREW, MULTIAXIAL 5.5/60 SOLERA COCR MAS 5.5X55MM","CcthChSup77596","CDM","278","RC","","","","","facility","both","","","","3764.77","3764.77","","","","","","","","","","","","","Gross Charge Type: Main Acute Price List"
"SCREW, MULTIAXIAL CANN CORTICAL CANCELLOUS 6.5X35MM","ScpuWmSup107751","CDM","278","RC","","","","","facility","both","","","","6023.63","6023.63","","","","","","","","","","","","","Gross Charge Type: Main Acute Price List"
"SCREW, MULTIAXIAL INFINITY 3.5X10MM STRL","OperChSup80182","CDM","278","RC","","","","","facility","both","","","","4388.82","4388.82","","","","","","","","","","","","","Gross Charge Type: Main Acute Price List"
"SCREW, MULTIAXIAL INFINITY 3.5X12MM","AnesChSup77882","CDM","278","RC","C1713","HCPCS","","","facility","both","","","","4388.82","4388.82","","","","","","","","","","","","","Gross Charge Type: Main Acute Price List"
"SCREW, MULTIAXIAL INFINITY 3.5X12MM","ScorWmSup77882","CDM","278","RC","C1713","HCPCS","","","facility","both","","","","4388.82","4388.82","","","","","","","","","","","","","Gross Charge Type: Main Acute Price List"
"SCREW, MULTIAXIAL INFINITY 3.5X14MM STRL","CspuChSup77842","CDM","278","RC","C1713","HCPCS","","","facility","both","","","","4140.7","4140.7","","","","","","","","","","","","","Gross Charge Type: Main Acute Price List"
"SCREW, MULTIAXIAL INFINITY 3.5X14MM STRL","ScpuWmSup77842","CDM","278","RC","C1713","HCPCS","","","facility","both","","","","4140.7","4140.7","","","","","","","","","","","","","Gross Charge Type: Main Acute Price List"
"SCREW, MULTIAXIAL INFINITY 3.5X18MM","CspuChSup78114","CDM","278","RC","C1713","HCPCS","","","facility","both","","","","4388.82","4388.82","","","","","","","","","","","","","Gross Charge Type: Main Acute Price List"
"SCREW, MULTIAXIAL INFINITY 3.5X24","ScanChSup76987","CDM","278","RC","C1713","HCPCS","","","facility","both","","","","4388.82","4388.82","","","","","","","","","","","","","Gross Charge Type: Main Acute Price List"
"SCREW, MULTIAXIAL INFINITY 3.5X30MM - COMPT","PacuWmSup109747","CDM","278","RC","C1713","HCPCS","","","facility","both","","","","4388.82","4388.82","","","","","","","","","","","","","Gross Charge Type: Main Acute Price List"
"SCREW, MULTIAXIAL INFINITY 3.5X30MM - COMPT","ScpuWmSup109747","CDM","278","RC","C1713","HCPCS","","","facility","both","","","","4388.82","4388.82","","","","","","","","","","","","","Gross Charge Type: Main Acute Price List"
"SCREW, MULTIAXIAL INFINITY 4.0X14MM","ScanChSup77918","CDM","278","RC","C1713","HCPCS","","","facility","both","","","","4388.82","4388.82","","","","","","","","","","","","","Gross Charge Type: Main Acute Price List"
"SCREW, MULTIAXIAL INFINITY 4.0X14MM","ScanWmSup77918","CDM","278","RC","C1713","HCPCS","","","facility","both","","","","4388.82","4388.82","","","","","","","","","","","","","Gross Charge Type: Main Acute Price List"
"SCREW, MULTIAXIAL INFINITY 4.0X16MM","OperWmSup78342","CDM","272","RC","","","","","facility","both","","","","3838.62","3838.62","","","","","","","","","","","","","Gross Charge Type: Main Acute Price List"
"SCREW, MULTIAXIAL INFINITY 4.0X18MM","ScanWmSup77917","CDM","278","RC","C1713","HCPCS","","","facility","both","","","","4388.82","4388.82","","","","","","","","","","","","","Gross Charge Type: Main Acute Price List"
"SCREW, MULTIAXIAL INFINITY 4.0X30MM","AngiChSup107683","CDM","278","RC","","","","","facility","both","","","","4388.82","4388.82","","","","","","","","","","","","","Gross Charge Type: Main Acute Price List"
"SCREW, MULTIAXIAL INFINITY 4.5X22MM","PacuWmSup106628","CDM","278","RC","","","","","facility","both","","","","3314.95","3314.95","","","","","","","","","","","","","Gross Charge Type: Main Acute Price List"
"SCREW, MULTIAXIAL INFINITY 4.5X22MM","ScorWmSup106628","CDM","278","RC","","","","","facility","both","","","","3314.95","3314.95","","","","","","","","","","","","","Gross Charge Type: Main Acute Price List"
"SCREW, MULTIAXIAL INFINITY 4.5X30MM","AnesWmSup106630","CDM","278","RC","","","","","facility","both","","","","3314.95","3314.95","","","","","","","","","","","","","Gross Charge Type: Main Acute Price List"
"SCREW, MULTIAXIAL INFINITY 4.5X30MM","PacuChSup106630","CDM","278","RC","","","","","facility","both","","","","3314.95","3314.95","","","","","","","","","","","","","Gross Charge Type: Main Acute Price List"
"SCREW, MULTIAXIAL LEGACY 6.5X60MM","GastChSup72395","CDM","278","RC","","","","","facility","both","","","","3764.77","3764.77","","","","","","","","","","","","","Gross Charge Type: Main Acute Price List"
"SCREW, MULTIAXIAL LEGACY 7.5X55MM","PacuChSup72864","CDM","278","RC","","","","","facility","both","","","","3764.77","3764.77","","","","","","","","","","","","","Gross Charge Type: Main Acute Price List"
"SCREW, MULTIAXIAL LEGACY 7.5X60MM COMPT","CcthChSup110266","CDM","278","RC","C1713","HCPCS","","","facility","both","","","","3764.77","3764.77","","","","","","","","","","","","","Gross Charge Type: Main Acute Price List"
"SCREW, MULTIAXIAL LEGACY 7.5X60MM COMPT","GastWmSup110266","CDM","278","RC","C1713","HCPCS","","","facility","both","","","","3764.77","3764.77","","","","","","","","","","","","","Gross Charge Type: Main Acute Price List"
"SCREW, MULTIAXIAL LEGACY TI 7.5X50MM","EplbChSup60240","CDM","278","RC","C1713","HCPCS","","","facility","both","","","","4003.83","4003.83","","","","","","","","","","","","","Gross Charge Type: Main Acute Price List"
"SCREW, MULTIAXIAL LEGACY TI 7.5X50MM","GastWmSup60240","CDM","278","RC","C1713","HCPCS","","","facility","both","","","","4003.83","4003.83","","","","","","","","","","","","","Gross Charge Type: Main Acute Price List"
"SCREW, MULTIAXIAL VERTEX SELECT TI 3.5X12MM","GastWmSup36310","CDM","278","RC","","","","","facility","both","","","","4126.77","4126.77","","","","","","","","","","","","","Gross Charge Type: Main Acute Price List"
"SCREW, MULTIAXIAL VUEPOINT II 3.5MMX14MM","ScanWmSup60342","CDM","278","RC","C1713","HCPCS","","","facility","both","","","","3695.84","3695.84","","","","","","","","","","","","","Gross Charge Type: Main Acute Price List"
"SCREW, MULTIAXIAL VUEPOINT II 3.5MMX16MM","GastChSup60343","CDM","278","RC","C1713","HCPCS","","","facility","both","","","","3695.84","3695.84","","","","","","","","","","","","","Gross Charge Type: Main Acute Price List"
"SCREW, MULTIAXIAL VUEPOINT II 3.5MMX18MM","AnesWmSup60344","CDM","278","RC","C1713","HCPCS","","","facility","both","","","","3475.17","3475.17","","","","","","","","","","","","","Gross Charge Type: Main Acute Price List"
"SCREW, MULTIAXIAL VUEPOINT II 3.5MMX26MM","GastWmSup60348","CDM","278","RC","","","","","facility","both","","","","3475.17","3475.17","","","","","","","","","","","","","Gross Charge Type: Main Acute Price List"
"SCREW, MULTIAXIAL VUEPOINT II 3.5MMX26MM","Wilm5460348","CDM","278","RC","","","","","facility","both","","","","3475.17","3475.17","","","","","","","","","","","","","Gross Charge Type: Main Acute Price List"
"SCREW, MULTIAXIAL VUEPOINT II 3.5MMX28MM","ScorChSup60349","CDM","278","RC","","","","","facility","both","","","","3475.17","3475.17","","","","","","","","","","","","","Gross Charge Type: Main Acute Price List"
"SCREW, MULTILOC TI 4.5X30MM STRL","CspuChSup70938","CDM","278","RC","C1713","HCPCS","","","facility","both","","","","1803.2","1803.2","","","","","","","","","","","","","Gross Charge Type: Main Acute Price List"
"SCREW, MULTILOC TI 4.5X30MM STRL","DelrChSup70938","CDM","278","RC","C1713","HCPCS","","","facility","both","","","","1803.2","1803.2","","","","","","","","","","","","","Gross Charge Type: Main Acute Price List"
"SCREW, MULTILOC TI 4.5X42MM","CLDRChSup66654","CDM","278","RC","C1713","HCPCS","","","facility","both","","","","1803.2","1803.2","","","","","","","","","","","","","Gross Charge Type: Main Acute Price List"
"SCREW, MULTILOC TI 4.5X42MM","CspuChSup69203","CDM","272","RC","C1713","HCPCS","","","facility","both","","","","1426.73","1426.73","","","","","","","","","","","","","Gross Charge Type: Main Acute Price List"
"SCREW, MULTILOC TI 4.5X42MM","ScpuWmSup66654","CDM","278","RC","C1713","HCPCS","","","facility","both","","","","1803.2","1803.2","","","","","","","","","","","","","Gross Charge Type: Main Acute Price List"
"SCREW, MULTILOC TI 4.5X48MM","CspuChSup66655","CDM","278","RC","C1713","HCPCS","","","facility","both","","","","1803.2","1803.2","","","","","","","","","","","","","Gross Charge Type: Main Acute Price List"
"SCREW, MULTIUSE 3.5X21MM","AngiWmSup78915","CDM","278","RC","C1713","HCPCS","","","facility","both","","","","554.38","554.38","","","","","","","","","","","","","Gross Charge Type: Main Acute Price List"
"SCREW, MULTIUSE 3.5X36MM","OperWmSup76967","CDM","278","RC","C1713","HCPCS","","","facility","both","","","","554.38","554.38","","","","","","","","","","","","","Gross Charge Type: Main Acute Price List"
"SCREW, MULTIUSE 3.5X39MM","AnesWmSup76968","CDM","278","RC","C1713","HCPCS","","","facility","both","","","","554.38","554.38","","","","","","","","","","","","","Gross Charge Type: Main Acute Price List"
"SCREW, MULTIUSE 3.5X45MM","AngiChSup77932","CDM","278","RC","C1713","HCPCS","","","facility","both","","","","554.38","554.38","","","","","","","","","","","","","Gross Charge Type: Main Acute Price List"
"SCREW, MULTIUSE 3.5X48MM","AngiWmSup79005","CDM","278","RC","C1713","HCPCS","","","facility","both","","","","554.38","554.38","","","","","","","","","","","","","Gross Charge Type: Main Acute Price List"
"SCREW, MULTIUSE 3.5X54MM","EplbChSup113787","CDM","278","RC","C1713","HCPCS","","","facility","both","","","","554.38","554.38","","","","","","","","","","","","","Gross Charge Type: Main Acute Price List"
"SCREW, MUTLTIAXIAL INFINITY 3.5X16MM","CcthChSup78888","CDM","278","RC","","","","","facility","both","","","","4388.82","4388.82","","","","","","","","","","","","","Gross Charge Type: Main Acute Price List"
"SCREW, NANOPLASTY 3D BUNION CORRECTION SYSTEM BIOCORTICAL PACK","OperWmSup10180758","CDM","278","RC","C1713","HCPCS","","","facility","both","","","","4559.29","4559.29","","","","","","","","","","","","","Gross Charge Type: Main Acute Price List"
"SCREW, NON LOCKING 2.0 X 14","ScorChSup118196","CDM","278","RC","C1713","HCPCS","","","facility","both","","","","591.34","591.34","","","","","","","","","","","","","Gross Charge Type: Main Acute Price List"
"SCREW, NON LOCKING 2.0X10MM","EplbChSup106198","CDM","278","RC","C1713","HCPCS","","","facility","both","","","","591.34","591.34","","","","","","","","","","","","","Gross Charge Type: Main Acute Price List"
"SCREW, NON LOCKING 2.0X10MM","OperChSup106198","CDM","278","RC","C1713","HCPCS","","","facility","both","","","","591.34","591.34","","","","","","","","","","","","","Gross Charge Type: Main Acute Price List"
"SCREW, NON LOCKING 2.7 X .08MM","AnesWmSup112344","CDM","278","RC","C1713","HCPCS","","","facility","both","","","","521.28","521.28","","","","","","","","","","","","","Gross Charge Type: Main Acute Price List"
"SCREW, NON LOCKING 2.7X12MM","CcthChSup107857","CDM","278","RC","C1713","HCPCS","","","facility","both","","","","554.38","554.38","","","","","","","","","","","","","Gross Charge Type: Main Acute Price List"
"SCREW, NON LOCKING 2.7X12MM","OperWmSup107857","CDM","278","RC","C1713","HCPCS","","","facility","both","","","","554.38","554.38","","","","","","","","","","","","","Gross Charge Type: Main Acute Price List"
"SCREW, NON LOCKING 2.7X12MM","ScanChSup107857","CDM","278","RC","C1713","HCPCS","","","facility","both","","","","554.38","554.38","","","","","","","","","","","","","Gross Charge Type: Main Acute Price List"
"SCREW, NON LOCKING 2.7X22MM","ScanChSup107859","CDM","278","RC","C1713","HCPCS","","","facility","both","","","","554.38","554.38","","","","","","","","","","","","","Gross Charge Type: Main Acute Price List"
"SCREW, NON LOCKING 2.7X22MM","ScanWmSup107859","CDM","278","RC","C1713","HCPCS","","","facility","both","","","","554.38","554.38","","","","","","","","","","","","","Gross Charge Type: Main Acute Price List"
"SCREW, NON LOCKING 3DI 2.4X16MM","GyscChSup107033","CDM","278","RC","C1713","HCPCS","","","facility","both","","","","640.62","640.62","","","","","","","","","","","","","Gross Charge Type: Main Acute Price List"
"SCREW, NON LOCKING 4.5 X 38MM COMPT","AnesWmSup112784","CDM","278","RC","C1713","HCPCS","","","facility","both","","","","648.7","648.7","","","","","","","","","","","","","Gross Charge Type: Main Acute Price List"
"SCREW, NON LOCKING 4.5 X 38MM COMPT","CcthChSup112784","CDM","278","RC","C1713","HCPCS","","","facility","both","","","","648.7","648.7","","","","","","","","","","","","","Gross Charge Type: Main Acute Price List"
"SCREW, NON LOCKING 4.5MM-24MM","PacuWmSup115369","CDM","278","RC","C1713","HCPCS","","","facility","both","","","","496.2","496.2","","","","","","","","","","","","","Gross Charge Type: Main Acute Price List"
"SCREW, NON LOCKING 5.0X28MM","PacuWmSup117946","CDM","278","RC","C1713","HCPCS","","","facility","both","","","","689.89","689.89","","","","","","","","","","","","","Gross Charge Type: Main Acute Price List"
"SCREW, NON LOCKING 5.5X30MM","ScpuChSup115204","CDM","278","RC","C1713","HCPCS","","","facility","both","","","","648.42","648.42","","","","","","","","","","","","","Gross Charge Type: Main Acute Price List"
"SCREW, NON LOCKING GEMINUS 3.5X16MM TITANIUM BLUE DISTAL","DelrChSup115706","CDM","278","RC","C1713","HCPCS","","","facility","both","","","","717.9","717.9","","","","","","","","","","","","","Gross Charge Type: Main Acute Price List"
"SCREW, NON LOCKING GEMINUS 3.5X16MM TITANIUM BLUE DISTAL","GastWmSup115706","CDM","278","RC","C1713","HCPCS","","","facility","both","","","","717.9","717.9","","","","","","","","","","","","","Gross Charge Type: Main Acute Price List"
"SCREW, NON-LOCK ANCHORAGE 3.0X12MM","CcthChSup50325","CDM","278","RC","C1713","HCPCS","","","facility","both","","","","765.78","765.78","","","","","","","","","","","","","Gross Charge Type: Main Acute Price List"
"SCREW, NON-LOCK ANCHORAGE 3.0X14MM","Chrs5450326","CDM","278","RC","C1713","HCPCS","","","facility","both","","","","780.56","780.56","","","","","","","","","","","","","Gross Charge Type: Main Acute Price List"
"SCREW, NON-LOCK ANCHORAGE 3.0X18MM","EplbChSup50328","CDM","278","RC","C1713","HCPCS","","","facility","both","","","","780.56","780.56","","","","","","","","","","","","","Gross Charge Type: Main Acute Price List"
"SCREW, NON-LOCK ANCHORAGE 3.0X24MM","PacuWmSup50331","CDM","278","RC","C1713","HCPCS","","","facility","both","","","","765.78","765.78","","","","","","","","","","","","","Gross Charge Type: Main Acute Price List"
"SCREW, NON-LOCK ANCHORAGE 3.0X26MM","OperChSup50332","CDM","278","RC","C1713","HCPCS","","","facility","both","","","","765.78","765.78","","","","","","","","","","","","","Gross Charge Type: Main Acute Price List"
"SCREW, NON-LOCK ANCHORAGE 3.5X14MM","Chrs5450317","CDM","278","RC","C1713","HCPCS","","","facility","both","","","","720.06","720.06","","","","","","","","","","","","","Gross Charge Type: Main Acute Price List"
"SCREW, NON-LOCK ANCHORAGE 3.5X18MM","GastWmSup50318","CDM","278","RC","C1713","HCPCS","","","facility","both","","","","720.06","720.06","","","","","","","","","","","","","Gross Charge Type: Main Acute Price List"
"SCREW, NON-LOCK ANCHORAGE 3.5X18MM","Wilm5450318","CDM","278","RC","C1713","HCPCS","","","facility","both","","","","720.06","720.06","","","","","","","","","","","","","Gross Charge Type: Main Acute Price List"
"SCREW, NON-LOCK ANCHORAGE 3.5X30MM","OperChSup50324","CDM","278","RC","C1713","HCPCS","","","facility","both","","","","720.06","720.06","","","","","","","","","","","","","Gross Charge Type: Main Acute Price List"
"SCREW, NON-LOCK ANCHORAGE 3.5X36MM","CcthChSup56383","CDM","278","RC","C1713","HCPCS","","","facility","both","","","","720.06","720.06","","","","","","","","","","","","","Gross Charge Type: Main Acute Price List"
"SCREW, NON-LOCKING  2.7X28MM","ScorChSup78506","CDM","278","RC","C1713","HCPCS","","","facility","both","","","","640.62","640.62","","","","","","","","","","","","","Gross Charge Type: Main Acute Price List"
"SCREW, NON-LOCKING  2.7X65MM","PacuWmSup109219","CDM","278","RC","C1713","HCPCS","","","facility","both","","","","638.15","638.15","","","","","","","","","","","","","Gross Charge Type: Main Acute Price List"
"SCREW, NON-LOCKING 2.0X14MM","GastChSup63800","CDM","278","RC","C1713","HCPCS","","","facility","both","","","","915.13","915.13","","","","","","","","","","","","","Gross Charge Type: Main Acute Price List"
"SCREW, NON-LOCKING 2.0X14MM","ScanChSup63800","CDM","278","RC","C1713","HCPCS","","","facility","both","","","","915.13","915.13","","","","","","","","","","","","","Gross Charge Type: Main Acute Price List"
"SCREW, NON-LOCKING 2.0X20MM COMPT","GastChSup113008","CDM","278","RC","C1713","HCPCS","","","facility","both","","","","631.32","631.32","","","","","","","","","","","","","Gross Charge Type: Main Acute Price List"
"SCREW, NON-LOCKING 2.7X08MM 13401","ScanWmSup113401","CDM","278","RC","C1713","HCPCS","","","facility","both","","","","521.28","521.28","","","","","","","","","","","","","Gross Charge Type: Main Acute Price List"
"SCREW, NON-LOCKING 2.7X10MM 108601","AngiWmSup108601","CDM","278","RC","C1713","HCPCS","","","facility","both","","","","554.38","554.38","","","","","","","","","","","","","Gross Charge Type: Main Acute Price List"
"SCREW, NON-LOCKING 2.7X10MM 80145","OperChSup80145","CDM","278","RC","C1713","HCPCS","","","facility","both","","","","640.62","640.62","","","","","","","","","","","","","Gross Charge Type: Main Acute Price List"
"SCREW, NON-LOCKING 2.7X11MM","AngiWmSup107919","CDM","278","RC","C1713","HCPCS","","","facility","both","","","","554.38","554.38","","","","","","","","","","","","","Gross Charge Type: Main Acute Price List"
"SCREW, NON-LOCKING 2.7X12MM 80146","DelrChSup80146","CDM","278","RC","C1713","HCPCS","","","facility","both","","","","640.62","640.62","","","","","","","","","","","","","Gross Charge Type: Main Acute Price List"
"SCREW, NON-LOCKING 2.7X12MM","ScanChSup64972","CDM","278","RC","C1713","HCPCS","","","facility","both","","","","640.62","640.62","","","","","","","","","","","","","Gross Charge Type: Main Acute Price List"
"SCREW, NON-LOCKING 2.7X13MM","GastChSup109138","CDM","278","RC","C1713","HCPCS","","","facility","both","","","","554.38","554.38","","","","","","","","","","","","","Gross Charge Type: Main Acute Price List"
"SCREW, NON-LOCKING 2.7X14MM 79225","AnesChSup79225","CDM","278","RC","C1713","HCPCS","","","facility","both","","","","640.62","640.62","","","","","","","","","","","","","Gross Charge Type: Main Acute Price List"
"SCREW, NON-LOCKING 2.7X16MM","GastChSup66510","CDM","278","RC","C1713","HCPCS","","","facility","both","","","","561.82","561.82","","","","","","","","","","","","","Gross Charge Type: Main Acute Price List"
"SCREW, NON-LOCKING 2.7X18MM 107717","AngiChSup107717","CDM","278","RC","C1713","HCPCS","","","facility","both","","","","554.38","554.38","","","","","","","","","","","","","Gross Charge Type: Main Acute Price List"
"SCREW, NON-LOCKING 2.7X18MM 79660","CspuChSup79660","CDM","278","RC","C1713","HCPCS","","","facility","both","","","","640.62","640.62","","","","","","","","","","","","","Gross Charge Type: Main Acute Price List"
"SCREW, NON-LOCKING 2.7X18MM 79660","PacuWmSup79660","CDM","278","RC","C1713","HCPCS","","","facility","both","","","","640.62","640.62","","","","","","","","","","","","","Gross Charge Type: Main Acute Price List"
"SCREW, NON-LOCKING 2.7X20MM 77841","ScpuWmSup77841","CDM","278","RC","C1713","HCPCS","","","facility","both","","","","640.62","640.62","","","","","","","","","","","","","Gross Charge Type: Main Acute Price List"
"SCREW, NON-LOCKING 2.7X20MM","AngiWmSup74497","CDM","278","RC","C1713","HCPCS","","","facility","both","","","","592.57","592.57","","","","","","","","","","","","","Gross Charge Type: Main Acute Price List"
"SCREW, NON-LOCKING 2.7X24MM","ScanChSup78975","CDM","278","RC","C1713","HCPCS","","","facility","both","","","","640.62","640.62","","","","","","","","","","","","","Gross Charge Type: Main Acute Price List"
"SCREW, NON-LOCKING 2.7X26MM -COMPT","AnesChSup118335","CDM","278","RC","C1713","HCPCS","","","facility","both","","","","810.87","810.87","","","","","","","","","","","","","Gross Charge Type: Main Acute Price List"
"SCREW, NON-LOCKING 2.7X26MM 80131","PacuChSup80131","CDM","278","RC","C1713","HCPCS","","","facility","both","","","","602.36","602.36","","","","","","","","","","","","","Gross Charge Type: Main Acute Price List"
"SCREW, NON-LOCKING 2.7X26MM 80131","ScpuWmSup80131","CDM","278","RC","C1713","HCPCS","","","facility","both","","","","602.36","602.36","","","","","","","","","","","","","Gross Charge Type: Main Acute Price List"
"SCREW, NON-LOCKING 2.7X26MM","ScorChSup72393","CDM","278","RC","C1713","HCPCS","","","facility","both","","","","592.57","592.57","","","","","","","","","","","","","Gross Charge Type: Main Acute Price List"
"SCREW, NON-LOCKING 2.7X28MM 107901","AngiChSup107901","CDM","278","RC","C1713","HCPCS","","","facility","both","","","","554.38","554.38","","","","","","","","","","","","","Gross Charge Type: Main Acute Price List"
"SCREW, NON-LOCKING 2.7X30MM 78976","ScpuWmSup78976","CDM","278","RC","C1713","HCPCS","","","facility","both","","","","640.62","640.62","","","","","","","","","","","","","Gross Charge Type: Main Acute Price List"
"SCREW, NON-LOCKING 2.7X32MM","ScorChSup77641","CDM","278","RC","C1713","HCPCS","","","facility","both","","","","592.57","592.57","","","","","","","","","","","","","Gross Charge Type: Main Acute Price List"
"SCREW, NON-LOCKING 2.7X34MM","AngiWmSup71136","CDM","278","RC","","","","","facility","both","","","","561.82","561.82","","","","","","","","","","","","","Gross Charge Type: Main Acute Price List"
"SCREW, NON-LOCKING 2.7X34MM","ScpuChSup73886","CDM","278","RC","C1713","HCPCS","","","facility","both","","","","592.57","592.57","","","","","","","","","","","","","Gross Charge Type: Main Acute Price List"
"SCREW, NON-LOCKING 2.7X38MM","AnesChSup73883","CDM","278","RC","C1713","HCPCS","","","facility","both","","","","592.57","592.57","","","","","","","","","","","","","Gross Charge Type: Main Acute Price List"
"SCREW, NON-LOCKING 2.7X38MM","GastWmSup73883","CDM","278","RC","C1713","HCPCS","","","facility","both","","","","592.57","592.57","","","","","","","","","","","","","Gross Charge Type: Main Acute Price List"
"SCREW, NON-LOCKING 2.7X40MM","CcthChSup73887","CDM","278","RC","C1713","HCPCS","","","facility","both","","","","592.57","592.57","","","","","","","","","","","","","Gross Charge Type: Main Acute Price List"
"SCREW, NON-LOCKING 2.7X44MM","DelrChSup113469","CDM","278","RC","C1713","HCPCS","","","facility","both","","","","638.15","638.15","","","","","","","","","","","","","Gross Charge Type: Main Acute Price List"
"SCREW, NON-LOCKING 2.7X45MM - COMPT","AngiChSup63812","CDM","278","RC","C1713","HCPCS","","","facility","both","","","","597.5","597.5","","","","","","","","","","","","","Gross Charge Type: Main Acute Price List"
"SCREW, NON-LOCKING 2.7X45MM - COMPT","DelrChSup63812","CDM","278","RC","C1713","HCPCS","","","facility","both","","","","597.5","597.5","","","","","","","","","","","","","Gross Charge Type: Main Acute Price List"
"SCREW, NON-LOCKING 2.7X45MM","AngiChSup73888","CDM","278","RC","C1713","HCPCS","","","facility","both","","","","592.57","592.57","","","","","","","","","","","","","Gross Charge Type: Main Acute Price List"
"SCREW, NON-LOCKING 2.7X50MM -COMPT","GastChSup118336","CDM","278","RC","C1713","HCPCS","","","facility","both","","","","810.87","810.87","","","","","","","","","","","","","Gross Charge Type: Main Acute Price List"
"SCREW, NON-LOCKING 2.7X50MM -COMPT","GastWmSup118336","CDM","278","RC","C1713","HCPCS","","","facility","both","","","","810.87","810.87","","","","","","","","","","","","","Gross Charge Type: Main Acute Price List"
"SCREW, NON-LOCKING 2.7X70MM","AngiWmSup108228","CDM","278","RC","C1713","HCPCS","","","facility","both","","","","592.57","592.57","","","","","","","","","","","","","Gross Charge Type: Main Acute Price List"
"SCREW, NON-LOCKING 3.5 X 32","ScanChSup38353","CDM","278","RC","C1713","HCPCS","","","facility","both","","","","162.99","162.99","","","","","","","","","","","","","Gross Charge Type: Main Acute Price List"
"SCREW, NON-LOCKING 3.5X10MM 77840","ScpuWmSup77840","CDM","278","RC","C1713","HCPCS","","","facility","both","","","","640.62","640.62","","","","","","","","","","","","","Gross Charge Type: Main Acute Price List"
"SCREW, NON-LOCKING 3.5X10MM","CcthChSup73778","CDM","278","RC","C1713","HCPCS","","","facility","both","","","","614.99","614.99","","","","","","","","","","","","","Gross Charge Type: Main Acute Price List"
"SCREW, NON-LOCKING 3.5X10MM","OperWmSup73778","CDM","278","RC","C1713","HCPCS","","","facility","both","","","","614.99","614.99","","","","","","","","","","","","","Gross Charge Type: Main Acute Price List"
"SCREW, NON-LOCKING 3.5X12MM","EplbChSup73779","CDM","278","RC","C1713","HCPCS","","","facility","both","","","","614.99","614.99","","","","","","","","","","","","","Gross Charge Type: Main Acute Price List"
"SCREW, NON-LOCKING 3.5X12MM","PacuChSup73779","CDM","278","RC","C1713","HCPCS","","","facility","both","","","","614.99","614.99","","","","","","","","","","","","","Gross Charge Type: Main Acute Price List"
"SCREW, NON-LOCKING 3.5X14MM","ScpuChSup73627","CDM","278","RC","C1713","HCPCS","","","facility","both","","","","614.99","614.99","","","","","","","","","","","","","Gross Charge Type: Main Acute Price List"
"SCREW, NON-LOCKING 3.5X16MM 77838","CcthChSup77838","CDM","278","RC","C1713","HCPCS","","","facility","both","","","","640.62","640.62","","","","","","","","","","","","","Gross Charge Type: Main Acute Price List"
"SCREW, NON-LOCKING 3.5X16MM 77838","OperWmSup77838","CDM","278","RC","C1713","HCPCS","","","facility","both","","","","640.62","640.62","","","","","","","","","","","","","Gross Charge Type: Main Acute Price List"
"SCREW, NON-LOCKING 3.5X16MM","ScpuChSup73576","CDM","278","RC","C1713","HCPCS","","","facility","both","","","","614.99","614.99","","","","","","","","","","","","","Gross Charge Type: Main Acute Price List"
"SCREW, NON-LOCKING 3.5X20MM","DelrChSup73781","CDM","278","RC","C1713","HCPCS","","","facility","both","","","","614.99","614.99","","","","","","","","","","","","","Gross Charge Type: Main Acute Price List"
"SCREW, NON-LOCKING 3.5X20MM","OperClSup73781","CDM","278","RC","C1713","HCPCS","","","facility","both","","","","614.99","614.99","","","","","","","","","","","","","Gross Charge Type: Main Acute Price List"
"SCREW, NON-LOCKING 3.5X24MM","GastWmSup73812","CDM","278","RC","C1713","HCPCS","","","facility","both","","","","614.99","614.99","","","","","","","","","","","","","Gross Charge Type: Main Acute Price List"
"SCREW, NON-LOCKING 3.5X28MM","CLDRChSup73809","CDM","278","RC","C1713","HCPCS","","","facility","both","","","","614.99","614.99","","","","","","","","","","","","","Gross Charge Type: Main Acute Price List"
"SCREW, NON-LOCKING 3.5X34MM","OperChSup79397","CDM","278","RC","C1713","HCPCS","","","facility","both","","","","614.99","614.99","","","","","","","","","","","","","Gross Charge Type: Main Acute Price List"
"SCREW, NON-LOCKING 3.5X42MM","AnesChSup106801","CDM","278","RC","C1713","HCPCS","","","facility","both","","","","640.62","640.62","","","","","","","","","","","","","Gross Charge Type: Main Acute Price List"
"SCREW, NON-LOCKING 3.5X46MM","CLDRChSup79750","CDM","278","RC","C1713","HCPCS","","","facility","both","","","","614.99","614.99","","","","","","","","","","","","","Gross Charge Type: Main Acute Price List"
"SCREW, NON-LOCKING 3.5X46MM","DelrChSup79750","CDM","278","RC","C1713","HCPCS","","","facility","both","","","","614.99","614.99","","","","","","","","","","","","","Gross Charge Type: Main Acute Price List"
"SCREW, NON-LOCKING 3.5X46MM","GastWmSup79750","CDM","278","RC","C1713","HCPCS","","","facility","both","","","","614.99","614.99","","","","","","","","","","","","","Gross Charge Type: Main Acute Price List"
"SCREW, NON-LOCKING 3.5X46MM","GyscChSup79750","CDM","278","RC","C1713","HCPCS","","","facility","both","","","","614.99","614.99","","","","","","","","","","","","","Gross Charge Type: Main Acute Price List"
"SCREW, NON-LOCKING 3.5X48MM","OperWmSup78363","CDM","278","RC","C1713","HCPCS","","","facility","both","","","","614.99","614.99","","","","","","","","","","","","","Gross Charge Type: Main Acute Price List"
"SCREW, NON-LOCKING 3.5X50MM","AnesWmSup73783","CDM","278","RC","C1713","HCPCS","","","facility","both","","","","614.99","614.99","","","","","","","","","","","","","Gross Charge Type: Main Acute Price List"
"SCREW, NON-LOCKING 3.5X55MM 79819","AngiChSup79819","CDM","278","RC","C1713","HCPCS","","","facility","both","","","","614.99","614.99","","","","","","","","","","","","","Gross Charge Type: Main Acute Price List"
"SCREW, NON-LOCKING 3.5X55MM","PacuChSup76884","CDM","278","RC","C1713","HCPCS","","","facility","both","","","","614.99","614.99","","","","","","","","","","","","","Gross Charge Type: Main Acute Price List"
"SCREW, NON-LOCKING 3.5X55MM","PacuWmSup76884","CDM","278","RC","C1713","HCPCS","","","facility","both","","","","614.99","614.99","","","","","","","","","","","","","Gross Charge Type: Main Acute Price List"
"SCREW, NON-LOCKING 3.5X65MM","ScanChSup116208","CDM","278","RC","C1713","HCPCS","","","facility","both","","","","614.99","614.99","","","","","","","","","","","","","Gross Charge Type: Main Acute Price List"
"SCREW, NON-LOCKING 3DI 2.4X10MM","ScpuWmSup78590","CDM","278","RC","C1713","HCPCS","","","facility","both","","","","591.34","591.34","","","","","","","","","","","","","Gross Charge Type: Main Acute Price List"
"SCREW, NON-LOCKING 3DI 3.5X26MM","ScanChSup61949","CDM","278","RC","C1713","HCPCS","","","facility","both","","","","640.62","640.62","","","","","","","","","","","","","Gross Charge Type: Main Acute Price List"
"SCREW, NON-LOCKING 3DI 3.5X28MM","AngiWmSup61950","CDM","278","RC","C1713","HCPCS","","","facility","both","","","","640.62","640.62","","","","","","","","","","","","","Gross Charge Type: Main Acute Price List"
"SCREW, NON-LOCKING 4.2X20MM","CspuChSup106706","CDM","278","RC","C1713","HCPCS","","","facility","both","","","","719.01","719.01","","","","","","","","","","","","","Gross Charge Type: Main Acute Price List"
"SCREW, NON-LOCKING 5.5X30MM","AnesChSup114638","CDM","278","RC","C1713","HCPCS","","","facility","both","","","","408.28","408.28","","","","","","","","","","","","","Gross Charge Type: Main Acute Price List"
"SCREW, NON-LOCKING 5.5X30MM","EplbChSup114638","CDM","278","RC","C1713","HCPCS","","","facility","both","","","","408.28","408.28","","","","","","","","","","","","","Gross Charge Type: Main Acute Price List"
"SCREW, NON-LOCKING 5.5X30MM","OperWmSup114638","CDM","278","RC","C1713","HCPCS","","","facility","both","","","","408.28","408.28","","","","","","","","","","","","","Gross Charge Type: Main Acute Price List"
"SCREW, NON-LOCKING CORTEX 2.0 X26MM","PacuChSup113719","CDM","278","RC","C1713","HCPCS","","","facility","both","","","","631.32","631.32","","","","","","","","","","","","","Gross Charge Type: Main Acute Price List"
"SCREW, NON-LOCKING FT  2.4X20MM","DelrChSup76453","CDM","278","RC","C1713","HCPCS","","","facility","both","","","","592.57","592.57","","","","","","","","","","","","","Gross Charge Type: Main Acute Price List"
"SCREW, NON-LOCKING FT  2.4X20MM","GastWmSup76453","CDM","278","RC","C1713","HCPCS","","","facility","both","","","","592.57","592.57","","","","","","","","","","","","","Gross Charge Type: Main Acute Price List"
"SCREW, NON-LOCKING FT 2.4X11MM","ScorWmSup117792","CDM","278","RC","C1713","HCPCS","","","facility","both","","","","600.04","600.04","","","","","","","","","","","","","Gross Charge Type: Main Acute Price List"
"SCREW, NON-LOCKING FT 2.4X12MM","GastChSup72888","CDM","278","RC","C1713","HCPCS","","","facility","both","","","","592.57","592.57","","","","","","","","","","","","","Gross Charge Type: Main Acute Price List"
"SCREW, NON-LOCKING FT 2.4X12MM","PacuChSup72888","CDM","278","RC","C1713","HCPCS","","","facility","both","","","","592.57","592.57","","","","","","","","","","","","","Gross Charge Type: Main Acute Price List"
"SCREW, NON-LOCKING FT 2.4X14MM","CLDRChSup73456","CDM","278","RC","C1713","HCPCS","","","facility","both","","","","592.57","592.57","","","","","","","","","","","","","Gross Charge Type: Main Acute Price List"
"SCREW, NON-LOCKING FT 2.4X16MM","ScanChSup73457","CDM","278","RC","C1713","HCPCS","","","facility","both","","","","592.57","592.57","","","","","","","","","","","","","Gross Charge Type: Main Acute Price List"
"SCREW, NON-LOCKING FT 2.4X26MM","EplbChSup76455","CDM","278","RC","C1713","HCPCS","","","facility","both","","","","592.57","592.57","","","","","","","","","","","","","Gross Charge Type: Main Acute Price List"
"SCREW, NON-LOCKING FT 2.4X28","ScorChSup106885","CDM","278","RC","C1713","HCPCS","","","facility","both","","","","592.57","592.57","","","","","","","","","","","","","Gross Charge Type: Main Acute Price List"
"SCREW, NON-LOCKING FT 2.4X34MM","DelrChSup112716","CDM","278","RC","C1713","HCPCS","","","facility","both","","","","111.64","111.64","","","","","","","","","","","","","Gross Charge Type: Main Acute Price List"
"SCREW, NON-LOCKING FT 2.4X36","OperChSup106886","CDM","278","RC","C1713","HCPCS","","","facility","both","","","","592.57","592.57","","","","","","","","","","","","","Gross Charge Type: Main Acute Price List"
"SCREW, NON-LOCKING FT 2.4X8MM","ScanChSup117791","CDM","278","RC","C1713","HCPCS","","","facility","both","","","","557.19","557.19","","","","","","","","","","","","","Gross Charge Type: Main Acute Price List"
"SCREW, NON-LOCKING FT 2.7X13MM","AngiChSup109301","CDM","278","RC","C1713","HCPCS","","","facility","both","","","","592.57","592.57","","","","","","","","","","","","","Gross Charge Type: Main Acute Price List"
"SCREW, NON-LOCKING FT 2.7X16MM","GyscChSup72889","CDM","278","RC","C1713","HCPCS","","","facility","both","","","","592.57","592.57","","","","","","","","","","","","","Gross Charge Type: Main Acute Price List"
"SCREW, NON-LOCKING FT 2.7X18MM","ScanChSup76397","CDM","278","RC","C1713","HCPCS","","","facility","both","","","","592.57","592.57","","","","","","","","","","","","","Gross Charge Type: Main Acute Price List"
"SCREW, NON-LOCKING FT 2.7X6MM","ScorChSup109815","CDM","278","RC","C1713","HCPCS","","","facility","both","","","","600.04","600.04","","","","","","","","","","","","","Gross Charge Type: Main Acute Price List"
"SCREW, NON-LOCKING LOW PROFILE 4.5X36MM","ScpuWmSup67755","CDM","278","RC","C1713","HCPCS","","","facility","both","","","","500.47","500.47","","","","","","","","","","","","","Gross Charge Type: Main Acute Price List"
"SCREW, NON-LOCKING LOW PROFILE 4.5X38MM","CcthChSup66774","CDM","278","RC","C1713","HCPCS","","","facility","both","","","","500.47","500.47","","","","","","","","","","","","","Gross Charge Type: Main Acute Price List"
"SCREW, NON-LOCKING LOW PROFILE 4.5X46MM","ScpuWmSup66777","CDM","278","RC","C1713","HCPCS","","","facility","both","","","","470.59","470.59","","","","","","","","","","","","","Gross Charge Type: Main Acute Price List"
"SCREW, NON-LOCKING METAGLENE 4.5X18MM","ScorWmSup58604","CDM","278","RC","C1713","HCPCS","","","facility","both","","","","760.73","760.73","","","","","","","","","","","","","Gross Charge Type: Main Acute Price List"
"SCREW, NON-LOCKING MINI T8 2.7X24MM","AngiChSup118910","CDM","278","RC","C1713","HCPCS","","","facility","both","","","","781.91","781.91","","","","","","","","","","","","","Gross Charge Type: Main Acute Price List"
"SCREW, NON-LOCKING MINI T8 2.7X24MM","CspuChSup118910","CDM","278","RC","C1713","HCPCS","","","facility","both","","","","781.91","781.91","","","","","","","","","","","","","Gross Charge Type: Main Acute Price List"
"SCREW, NON-LOCKING MINI T8 2.7X24MM","OperWmSup118910","CDM","278","RC","C1713","HCPCS","","","facility","both","","","","781.91","781.91","","","","","","","","","","","","","Gross Charge Type: Main Acute Price List"
"SCREW, NON-LOCKING MINI T8 2.7X36MM","OperChSup118728","CDM","278","RC","C1713","HCPCS","","","facility","both","","","","781.91","781.91","","","","","","","","","","","","","Gross Charge Type: Main Acute Price List"
"SCREW, NON-LOCKING MINI T8 2.7X36MM","PacuChSup118728","CDM","278","RC","C1713","HCPCS","","","facility","both","","","","781.91","781.91","","","","","","","","","","","","","Gross Charge Type: Main Acute Price List"
"SCREW, NON-LOCKING MINI T8 2.7X40MM","DelrChSup118729","CDM","278","RC","C1713","HCPCS","","","facility","both","","","","781.91","781.91","","","","","","","","","","","","","Gross Charge Type: Main Acute Price List"
"SCREW, NON-LOCKING RECON 2.7X18MM","ScpuChSup74128","CDM","278","RC","C1713","HCPCS","","","facility","both","","","","764.67","764.67","","","","","","","","","","","","","Gross Charge Type: Main Acute Price List"
"SCREW, NON-LOCKING RECON 2.7X22MM","GastChSup73864","CDM","272","RC","C1713","HCPCS","","","facility","both","","","","764.67","764.67","","","","","","","","","","","","","Gross Charge Type: Main Acute Price List"
"SCREW, NON-LOCKING RECON 3.5X14MM","ScorChSup111827","CDM","278","RC","C1713","HCPCS","","","facility","both","","","","719.01","719.01","","","","","","","","","","","","","Gross Charge Type: Main Acute Price List"
"SCREW, NON-LOCKING RECON 3.5X24MM","DelrChSup72840","CDM","278","RC","C1713","HCPCS","","","facility","both","","","","764.67","764.67","","","","","","","","","","","","","Gross Charge Type: Main Acute Price List"
"SCREW, NON-LOCKING RECON 3.5X30MM","ScorWmSup72841","CDM","278","RC","C1713","HCPCS","","","facility","both","","","","764.67","764.67","","","","","","","","","","","","","Gross Charge Type: Main Acute Price List"
"SCREW, NON-LOCKING RECON 3.5X40MM","ScorWmSup76934","CDM","278","RC","","","","","facility","both","","","","719.01","719.01","","","","","","","","","","","","","Gross Charge Type: Main Acute Price List"
"SCREW, NON-LOCKING X-DRIVE 2.0X10MM","CLDRChSup79632","CDM","278","RC","C1713","HCPCS","","","facility","both","","","","178.63","178.63","","","","","","","","","","","","","Gross Charge Type: Main Acute Price List"
"SCREW, NON-LOCKING X-DRIVE 2.0X10MM","GastWmSup79632","CDM","278","RC","C1713","HCPCS","","","facility","both","","","","178.63","178.63","","","","","","","","","","","","","Gross Charge Type: Main Acute Price List"
"SCREW, NON-LOCKING X-DRIVE 2.0X8MM","ScorWmSup79633","CDM","278","RC","C1713","HCPCS","","","facility","both","","","","178.63","178.63","","","","","","","","","","","","","Gross Charge Type: Main Acute Price List"
"SCREW, NON-LOCKING X-DRIVE 2.3X16","DelrChSup107016","CDM","278","RC","C1713","HCPCS","","","facility","both","","","","190.95","190.95","","","","","","","","","","","","","Gross Charge Type: Main Acute Price List"
"SCREW, NON-LOCKING X-DRIVE 2.3X18","AngiChSup107017","CDM","278","RC","C1713","HCPCS","","","facility","both","","","","179.55","179.55","","","","","","","","","","","","","Gross Charge Type: Main Acute Price List"
"SCREW, NON-LOCKING X-DRIVE 2.3X18","ScorChSup107017","CDM","278","RC","C1713","HCPCS","","","facility","both","","","","179.55","179.55","","","","","","","","","","","","","Gross Charge Type: Main Acute Price List"
"SCREW, NON-LOCKING X-DRIVE 2.3X6MM","EplbChSup79773","CDM","278","RC","C1713","HCPCS","","","facility","both","","","","190.95","190.95","","","","","","","","","","","","","Gross Charge Type: Main Acute Price List"
"SCREW, NON-LOCKING X-DRIVE 2.3X6MM","GastWmSup79773","CDM","278","RC","C1713","HCPCS","","","facility","both","","","","190.95","190.95","","","","","","","","","","","","","Gross Charge Type: Main Acute Price List"
"SCREW, NON-LOCKING X-DRIVE 2.3X8MM","OperChSup79634","CDM","278","RC","C1713","HCPCS","","","facility","both","","","","190.95","190.95","","","","","","","","","","","","","Gross Charge Type: Main Acute Price List"
"SCREW, NON-LOCKING X-DRIVE 2.3X8MM","OperWmSup79634","CDM","278","RC","C1713","HCPCS","","","facility","both","","","","190.95","190.95","","","","","","","","","","","","","Gross Charge Type: Main Acute Price List"
"SCREW, NON-LOCKING X-DRIVE 2.7X10MM MAGENTA","AngiWmSup79808","CDM","278","RC","C1713","HCPCS","","","facility","both","","","","215.59","215.59","","","","","","","","","","","","","Gross Charge Type: Main Acute Price List"
"SCREW, NON-LOCKING X-DRIVE 2.7X12MM","EplbChSup107236","CDM","278","RC","C1713","HCPCS","","","facility","both","","","","215.59","215.59","","","","","","","","","","","","","Gross Charge Type: Main Acute Price List"
"SCREW, NON-LOCKING, 4.0 X 26MM","ScorChSup119229","CDM","278","RC","C1713","HCPCS","","","facility","both","","","","781.91","781.91","","","","","","","","","","","","","Gross Charge Type: Main Acute Price List"
"SCREW, NON-LOCKING, 4.5 X 48MM","ScpuChSup119236","CDM","278","RC","C1713","HCPCS","","","facility","both","","","","955.67","955.67","","","","","","","","","","","","","Gross Charge Type: Main Acute Price List"
"SCREW, NON-LOCKING, 4.5 X 52MM","GastChSup119237","CDM","278","RC","C1713","HCPCS","","","facility","both","","","","955.67","955.67","","","","","","","","","","","","","Gross Charge Type: Main Acute Price List"
"SCREW, NON-LOCKING, 4.5 X 52MM","OperChSup119237","CDM","278","RC","C1713","HCPCS","","","facility","both","","","","955.67","955.67","","","","","","","","","","","","","Gross Charge Type: Main Acute Price List"
"SCREW, NON-LOCKING, 4.5 X 54MM","AnesWmSup119238","CDM","278","RC","C1713","HCPCS","","","facility","both","","","","955.67","955.67","","","","","","","","","","","","","Gross Charge Type: Main Acute Price List"
"SCREW, NON-LOCKING, 4.5 X 58MM","PacuWmSup119239","CDM","278","RC","C1713","HCPCS","","","facility","both","","","","955.67","955.67","","","","","","","","","","","","","Gross Charge Type: Main Acute Price List"
"SCREW, NONLOCKING 3.5X26","OperChSup118166","CDM","278","RC","C1713","HCPCS","","","facility","both","","","","1164.19","1164.19","","","","","","","","","","","","","Gross Charge Type: Main Acute Price List"
"SCREW, NONLOCKING 3.5X30","GastChSup118165","CDM","278","RC","C1713","HCPCS","","","facility","both","","","","1164.19","1164.19","","","","","","","","","","","","","Gross Charge Type: Main Acute Price List"
"SCREW, NONLOCKING 3.5X30","OperChSup118165","CDM","278","RC","C1713","HCPCS","","","facility","both","","","","1164.19","1164.19","","","","","","","","","","","","","Gross Charge Type: Main Acute Price List"
"SCREW, NONLOCKING 3.5X40MM","OperWmSup61045","CDM","278","RC","C1713","HCPCS","","","facility","both","","","","640.62","640.62","","","","","","","","","","","","","Gross Charge Type: Main Acute Price List"
"SCREW, NONLOCKING 3.5X40MM","PacuChSup61045","CDM","278","RC","C1713","HCPCS","","","facility","both","","","","640.62","640.62","","","","","","","","","","","","","Gross Charge Type: Main Acute Price List"
"SCREW, NUT TITANIUM","PacuChSup118785","CDM","278","RC","C1713","HCPCS","","","facility","both","","","","1509.14","1509.14","","","","","","","","","","","","","Gross Charge Type: Main Acute Price List"
"SCREW, NUT TITANIUM","ScorChSup118785","CDM","278","RC","C1713","HCPCS","","","facility","both","","","","1509.14","1509.14","","","","","","","","","","","","","Gross Charge Type: Main Acute Price List"
"SCREW, OASYS BIASED ANGLE 4.0X20MM","AnesWmSup46821","CDM","278","RC","","","","","facility","both","","","","3475.17","3475.17","","","","","","","","","","","","","Gross Charge Type: Main Acute Price List"
"SCREW, OASYS POLY NON BIASED DIA 4.0X18MM","PacuWmSup46872","CDM","278","RC","","","","","facility","both","","","","3695.84","3695.84","","","","","","","","","","","","","Gross Charge Type: Main Acute Price List"
"SCREW, OASYS POLY NON BIASED DIA 4.5X24MM","AnesWmSup46875","CDM","278","RC","","","","","facility","both","","","","3475.17","3475.17","","","","","","","","","","","","","Gross Charge Type: Main Acute Price List"
"SCREW, OCCIPITAL 4.5X14MM","AngiWmSup107521","CDM","278","RC","C1713","HCPCS","","","facility","both","","","","1100.47","1100.47","","","","","","","","","","","","","Gross Charge Type: Main Acute Price List"
"SCREW, OCCIPITAL 4.5X14MM","ScorChSup107521","CDM","278","RC","C1713","HCPCS","","","facility","both","","","","1100.47","1100.47","","","","","","","","","","","","","Gross Charge Type: Main Acute Price List"
"SCREW, OCT 4.5X6MM","DelrChSup72125","CDM","278","RC","C1713","HCPCS","","","facility","both","","","","1100.47","1100.47","","","","","","","","","","","","","Gross Charge Type: Main Acute Price List"
"SCREW, OMNIMAX 2.0X9MM","AngiChSup74569","CDM","278","RC","C1713","HCPCS","","","facility","both","","","","615.97","615.97","","","","","","","","","","","","","Gross Charge Type: Main Acute Price List"
"SCREW, OMNIMAX 2.0X9MM","OperChSup74569","CDM","278","RC","C1713","HCPCS","","","facility","both","","","","615.97","615.97","","","","","","","","","","","","","Gross Charge Type: Main Acute Price List"
"SCREW, OMNIMAX 2.0X9MM","ScorWmSup74569","CDM","278","RC","C1713","HCPCS","","","facility","both","","","","615.97","615.97","","","","","","","","","","","","","Gross Charge Type: Main Acute Price List"
"SCREW, OMNIMAX 7MM","PacuWmSup73160","CDM","278","RC","C1713","HCPCS","","","facility","both","","","","579.19","579.19","","","","","","","","","","","","","Gross Charge Type: Main Acute Price List"
"SCREW, ONEDRIVE DRILL FREE 1.5X7MM","AnesChSup112947","CDM","278","RC","C1713","HCPCS","","","facility","both","","","","384.06","384.06","","","","","","","","","","","","","Gross Charge Type: Main Acute Price List"
"SCREW, ONEDRIVE EMERGENCY 1.8X5MM","PacuWmSup113645","CDM","278","RC","C1713","HCPCS","","","facility","both","","","","456.35","456.35","","","","","","","","","","","","","Gross Charge Type: Main Acute Price List"
"SCREW, OP LOCKING 5.5X60MM COMPT","ScanWmSup110421","CDM","278","RC","C1713","HCPCS","","","facility","both","","","","1494.32","1494.32","","","","","","","","","","","","","Gross Charge Type: Main Acute Price List"
"SCREW, ORTHOLOC 2 CHAMFERED 5.5X35MM","GastChSup106707","CDM","278","RC","C1713","HCPCS","","","facility","both","","","","5264.88","5264.88","","","","","","","","","","","","","Gross Charge Type: Main Acute Price List"
"SCREW, ORTHOLOC 3DI 2.7X10MM","ScanChSup117857","CDM","278","RC","C1713","HCPCS","","","facility","both","","","","1181.56","1181.56","","","","","","","","","","","","","Gross Charge Type: Main Acute Price List"
"SCREW, OSTEOPENIC 4.0X45MM COMPT","ScanChSup110420","CDM","278","RC","C1713","HCPCS","","","facility","both","","","","799.29","799.29","","","","","","","","","","","","","Gross Charge Type: Main Acute Price List"
"SCREW, PEEK DELTA 11X28MM","ScpuChSup71521","CDM","278","RC","C1713","HCPCS","","","facility","both","","","","1669.59","1669.59","","","","","","","","","","","","","Gross Charge Type: Main Acute Price List"
"SCREW, PEEK DELTA 7X28MM","AnesWmSup106578","CDM","278","RC","C1713","HCPCS","","","facility","both","","","","1163.14","1163.14","","","","","","","","","","","","","Gross Charge Type: Main Acute Price List"
"SCREW, PEEK DELTA 7X28MM","PacuWmSup106578","CDM","278","RC","C1713","HCPCS","","","facility","both","","","","1163.14","1163.14","","","","","","","","","","","","","Gross Charge Type: Main Acute Price List"
"SCREW, PEEK DELTA 9X28MM","CcthChSup64892","CDM","278","RC","C1713","HCPCS","","","facility","both","","","","1569.9","1569.9","","","","","","","","","","","","","Gross Charge Type: Main Acute Price List"
"SCREW, PEEK DELTA 9X28MM","EplbChSup64892","CDM","278","RC","C1713","HCPCS","","","facility","both","","","","1569.9","1569.9","","","","","","","","","","","","","Gross Charge Type: Main Acute Price List"
"SCREW, PEEK INTERFERENCE  W/DISP SHTH 10X23MM","ScanChSup106577","CDM","278","RC","C1713","HCPCS","","","facility","both","","","","1237","1237","","","","","","","","","","","","","Gross Charge Type: Main Acute Price List"
"SCREW, PEEK INTERFERENCE  W/DISP SHTH 10X23MM","ScpuChSup106577","CDM","278","RC","C1713","HCPCS","","","facility","both","","","","1237","1237","","","","","","","","","","","","","Gross Charge Type: Main Acute Price List"
"SCREW, PEEK INTERFERENCE W/DISP SHTH 9X23MM","AngiWmSup106576","CDM","278","RC","C1713","HCPCS","","","facility","both","","","","1237","1237","","","","","","","","","","","","","Gross Charge Type: Main Acute Price List"
"SCREW, PEG 3.5X18MM","ScpuWmSup27648","CDM","278","RC","C1713","HCPCS","","","facility","both","","","","320.58","320.58","","","","","","","","","","","","","Gross Charge Type: Main Acute Price List"
"SCREW, PELVIC CORTEX 3.5X40MM","GyscChSup30885","CDM","278","RC","C1713","HCPCS","","","facility","both","","","","162.46","162.46","","","","","","","","","","","","","Gross Charge Type: Main Acute Price List"
"SCREW, PELVIC CORTEX 3.5X65MM","GastWmSup30890","CDM","278","RC","C1713","HCPCS","","","facility","both","","","","172.78","172.78","","","","","","","","","","","","","Gross Charge Type: Main Acute Price List"
"SCREW, PELVIC CORTEX 3.5X70MM","OperWmSup30891","CDM","278","RC","C1713","HCPCS","","","facility","both","","","","172.78","172.78","","","","","","","","","","","","","Gross Charge Type: Main Acute Price List"
"SCREW, PELVIC CORTEX 3.5X70MM","PacuWmSup30891","CDM","278","RC","C1713","HCPCS","","","facility","both","","","","172.78","172.78","","","","","","","","","","","","","Gross Charge Type: Main Acute Price List"
"SCREW, PERI LOCKING 2.4MM X 16MM","EplbChSup39801","CDM","278","RC","C1713","HCPCS","","","facility","both","","","","417.75","417.75","","","","","","","","","","","","","Gross Charge Type: Main Acute Price List"
"SCREW, PERIPROSTHETIC OPTILINK SELF-TAPPING VA LOCKING 5.0X14MM","GyscChSup112197","CDM","278","RC","C1713","HCPCS","","","facility","both","","","","1699.35","1699.35","","","","","","","","","","","","","Gross Charge Type: Main Acute Price List"
"SCREW, PERIPROSTHETIC OPTILINK SELF-TAPPING VA LOCKING 5.0X16MM","ScanChSup112198","CDM","278","RC","C1713","HCPCS","","","facility","both","","","","1699.35","1699.35","","","","","","","","","","","","","Gross Charge Type: Main Acute Price List"
"SCREW, PEROPROSTHETIC VA LOCKING 5.0X14MM","EplbChSup53686","CDM","278","RC","C1713","HCPCS","","","facility","both","","","","1764.58","1764.58","","","","","","","","","","","","","Gross Charge Type: Main Acute Price List"
"SCREW, PLATE 2.7X12MM","ScorWmSup121845","CDM","278","RC","C1713","HCPCS","","","facility","both","","","","739.34","739.34","","","","","","","","","","","","","Gross Charge Type: Main Acute Price List"
"SCREW, PLATE BRIGADE 5.5X20.0MM","GastWmSup107316","CDM","278","RC","C1713","HCPCS","","","facility","both","","","","1447.99","1447.99","","","","","","","","","","","","","Gross Charge Type: Main Acute Price List"
"SCREW, PLATE BRIGADE 5.5X20.0MM","ScpuChSup107316","CDM","278","RC","C1713","HCPCS","","","facility","both","","","","1447.99","1447.99","","","","","","","","","","","","","Gross Charge Type: Main Acute Price List"
"SCREW, PLATE BRIGADE 5.5X22.5MM","AnesWmSup108560","CDM","278","RC","C1713","HCPCS","","","facility","both","","","","1447.99","1447.99","","","","","","","","","","","","","Gross Charge Type: Main Acute Price List"
"SCREW, PLATE ORTHOLOC DI SZ 2.7 16MM","ScorWmSup120410","CDM","278","RC","C1713","HCPCS","","","facility","both","","","","1332.15","1332.15","","","","","","","","","","","","","Gross Charge Type: Main Acute Price List"
"SCREW, POLY ILIAC RELINE MAS 9.5X80MM","AngiWmSup106043","CDM","278","RC","C1713","HCPCS","","","facility","both","","","","6159.74","6159.74","","","","","","","","","","","","","Gross Charge Type: Main Acute Price List"
"SCREW, POLY ILIAC RELINE MAS 9.5X80MM","PacuWmSup106043","CDM","278","RC","C1713","HCPCS","","","facility","both","","","","6159.74","6159.74","","","","","","","","","","","","","Gross Charge Type: Main Acute Price List"
"SCREW, POLY REDUCTION CANN SYMPHONY CFX 5.5X28MM","AnesWmSup113348","CDM","278","RC","C1713","HCPCS","","","facility","both","","","","5762.99","5762.99","","","","","","","","","","","","","Gross Charge Type: Main Acute Price List"
"SCREW, POLY REDUCTION CANN SYMPHONY CFX 5.5X28MM","AngiChSup113348","CDM","278","RC","C1713","HCPCS","","","facility","both","","","","5762.99","5762.99","","","","","","","","","","","","","Gross Charge Type: Main Acute Price List"
"SCREW, POLY REDUCTION CANN SYMPHONY CFX 5.5X28MM","DelrChSup113348","CDM","278","RC","C1713","HCPCS","","","facility","both","","","","5762.99","5762.99","","","","","","","","","","","","","Gross Charge Type: Main Acute Price List"
"SCREW, POLY REDUCTION CANN SYMPHONY CFX 5.5X30MM","PacuChSup107591","CDM","278","RC","","","","","facility","both","","","","5762.99","5762.99","","","","","","","","","","","","","Gross Charge Type: Main Acute Price List"
"SCREW, POLY SYMPHONY 3.5X24MM","PacuChSup106928","CDM","278","RC","C1713","HCPCS","","","facility","both","","","","3788.24","3788.24","","","","","","","","","","","","","Gross Charge Type: Main Acute Price List"
"SCREW, POLY SYMPHONY 3.5X26MM","GyscChSup106875","CDM","278","RC","C1713","HCPCS","","","facility","both","","","","3788.24","3788.24","","","","","","","","","","","","","Gross Charge Type: Main Acute Price List"
"SCREW, POLY SYMPHONY 3.5X26MM","OperChSup106875","CDM","278","RC","C1713","HCPCS","","","facility","both","","","","3788.24","3788.24","","","","","","","","","","","","","Gross Charge Type: Main Acute Price List"
"SCREW, POLY SYMPHONY 3.5X26MM","ScanWmSup106875","CDM","278","RC","C1713","HCPCS","","","facility","both","","","","3788.24","3788.24","","","","","","","","","","","","","Gross Charge Type: Main Acute Price List"
"SCREW, POLY SYMPHONY 3.5X28MM","CspuChSup107141","CDM","278","RC","C1713","HCPCS","","","facility","both","","","","3788.24","3788.24","","","","","","","","","","","","","Gross Charge Type: Main Acute Price List"
"SCREW, POLY SYMPHONY 4.0X14MM","ScpuWmSup106459","CDM","278","RC","C1713","HCPCS","","","facility","both","","","","3788.24","3788.24","","","","","","","","","","","","","Gross Charge Type: Main Acute Price List"
"SCREW, POLY SYMPHONY 4.0X32MM","GastChSup106930","CDM","278","RC","C1713","HCPCS","","","facility","both","","","","3788.24","3788.24","","","","","","","","","","","","","Gross Charge Type: Main Acute Price List"
"SCREW, POLY SYMPHONY 4.0X38MM","EplbChSup115790","CDM","278","RC","C1713","HCPCS","","","facility","both","","","","3788.24","3788.24","","","","","","","","","","","","","Gross Charge Type: Main Acute Price List"
"SCREW, POLY SYMPHONY CFX  4.5X24MM","AnesWmSup109246","CDM","278","RC","C1713","HCPCS","","","facility","both","","","","6128.94","6128.94","","","","","","","","","","","","","Gross Charge Type: Main Acute Price List"
"SCREW, POLY SYMPHONY CFX  4.5X24MM","PacuWmSup109246","CDM","278","RC","C1713","HCPCS","","","facility","both","","","","6128.94","6128.94","","","","","","","","","","","","","Gross Charge Type: Main Acute Price List"
"SCREW, POLY SYMPHONY CFX  4.5X32MM","ScorWmSup111252","CDM","278","RC","C1713","HCPCS","","","facility","both","","","","5762.99","5762.99","","","","","","","","","","","","","Gross Charge Type: Main Acute Price List"
"SCREW, POLY SYMPHONY CFX 3.5X16MM","ScpuChSup106164","CDM","278","RC","C1713","HCPCS","","","facility","both","","","","3788.24","3788.24","","","","","","","","","","","","","Gross Charge Type: Main Acute Price List"
"SCREW, POLY SYMPHONY CFX 3.5X18MM","CcthChSup106165","CDM","278","RC","C1713","HCPCS","","","facility","both","","","","3788.24","3788.24","","","","","","","","","","","","","Gross Charge Type: Main Acute Price List"
"SCREW, POLY SYMPHONY CFX 3.5X18MM","ScorChSup106165","CDM","278","RC","C1713","HCPCS","","","facility","both","","","","3788.24","3788.24","","","","","","","","","","","","","Gross Charge Type: Main Acute Price List"
"SCREW, POLY SYMPHONY CFX 4.5X26MM","EplbChSup106808","CDM","278","RC","C1713","HCPCS","","","facility","both","","","","6128.94","6128.94","","","","","","","","","","","","","Gross Charge Type: Main Acute Price List"
"SCREW, POLY SYMPHONY CFX 4.5X26MM","GastChSup106808","CDM","278","RC","C1713","HCPCS","","","facility","both","","","","6128.94","6128.94","","","","","","","","","","","","","Gross Charge Type: Main Acute Price List"
"SCREW, POLY SYMPHONY CFX 4.5X28MM 111839","ScpuWmSup111839","CDM","278","RC","C1713","HCPCS","","","facility","both","","","","3562.05","3562.05","","","","","","","","","","","","","Gross Charge Type: Main Acute Price List"
"SCREW, POLY SYMPHONY CFX 4.5X30MM","EplbChSup106400","CDM","278","RC","C1713","HCPCS","","","facility","both","","","","6128.94","6128.94","","","","","","","","","","","","","Gross Charge Type: Main Acute Price List"
"SCREW, POLY SYMPHONY CFX 4.5X30MM","GastWmSup106400","CDM","278","RC","C1713","HCPCS","","","facility","both","","","","6128.94","6128.94","","","","","","","","","","","","","Gross Charge Type: Main Acute Price List"
"SCREW, POLY SYMPHONY CFX 4.5X30MM","ScanWmSup106400","CDM","278","RC","C1713","HCPCS","","","facility","both","","","","6128.94","6128.94","","","","","","","","","","","","","Gross Charge Type: Main Acute Price List"
"SCREW, POLY SYMPHONY CFX 4.5X34MM","ScorChSup106401","CDM","278","RC","C1713","HCPCS","","","facility","both","","","","6128.94","6128.94","","","","","","","","","","","","","Gross Charge Type: Main Acute Price List"
"SCREW, POLY SYMPHONY CFX 4.5X36MM 111842","CspuChSup111842","CDM","278","RC","C1713","HCPCS","","","facility","both","","","","3562.05","3562.05","","","","","","","","","","","","","Gross Charge Type: Main Acute Price List"
"SCREW, POLY SYMPHONY CFX 4.5X36MM","AngiChSup111681","CDM","278","RC","C1713","HCPCS","","","facility","both","","","","6128.94","6128.94","","","","","","","","","","","","","Gross Charge Type: Main Acute Price List"
"SCREW, POLY SYMPHONY CFX 4.5X36MM","CcthChSup111681","CDM","278","RC","C1713","HCPCS","","","facility","both","","","","6128.94","6128.94","","","","","","","","","","","","","Gross Charge Type: Main Acute Price List"
"SCREW, POLY SYMPHONY CFX 4.5X38MM","ScanChSup113045","CDM","278","RC","C1713","HCPCS","","","facility","both","","","","6128.94","6128.94","","","","","","","","","","","","","Gross Charge Type: Main Acute Price List"
"SCREW, POLY SYMPHONY CFX 5.0X24MM","EplbChSup106166","CDM","278","RC","C1713","HCPCS","","","facility","both","","","","6128.94","6128.94","","","","","","","","","","","","","Gross Charge Type: Main Acute Price List"
"SCREW, POLY SYMPHONY CFX 5.0X24MM","ScorWmSup106166","CDM","278","RC","C1713","HCPCS","","","facility","both","","","","6128.94","6128.94","","","","","","","","","","","","","Gross Charge Type: Main Acute Price List"
"SCREW, POLY SYMPHONY CFX 5.0X26MM","CspuChSup106771","CDM","278","RC","C1713","HCPCS","","","facility","both","","","","6128.94","6128.94","","","","","","","","","","","","","Gross Charge Type: Main Acute Price List"
"SCREW, POLY SYMPHONY CFX 5.0X26MM","EplbChSup106771","CDM","278","RC","C1713","HCPCS","","","facility","both","","","","6128.94","6128.94","","","","","","","","","","","","","Gross Charge Type: Main Acute Price List"
"SCREW, POLY SYMPHONY CFX 5.0X32MM","EplbChSup113044","CDM","278","RC","C1713","HCPCS","","","facility","both","","","","6128.94","6128.94","","","","","","","","","","","","","Gross Charge Type: Main Acute Price List"
"SCREW, POLY SYMPHONY CFX 5.5X24MM","ScpuWmSup109315","CDM","278","RC","C1713","HCPCS","","","facility","both","","","","6128.94","6128.94","","","","","","","","","","","","","Gross Charge Type: Main Acute Price List"
"SCREW, POLY SYMPHONY CFX 5.5X26MM","PacuWmSup106524","CDM","278","RC","C1713","HCPCS","","","facility","both","","","","6128.94","6128.94","","","","","","","","","","","","","Gross Charge Type: Main Acute Price List"
"SCREW, POLY SYMPHONY CFX 5.5X26MM","ScpuChSup106524","CDM","278","RC","C1713","HCPCS","","","facility","both","","","","6128.94","6128.94","","","","","","","","","","","","","Gross Charge Type: Main Acute Price List"
"SCREW, POLY SYMPHONY CFX 5.5X28MM","ScorChSup106167","CDM","278","RC","C1713","HCPCS","","","facility","both","","","","6128.94","6128.94","","","","","","","","","","","","","Gross Charge Type: Main Acute Price List"
"SCREW, POLY SYMPHONY CFX 5.5X30MM","GastWmSup106168","CDM","278","RC","C1713","HCPCS","","","facility","both","","","","6128.94","6128.94","","","","","","","","","","","","","Gross Charge Type: Main Acute Price List"
"SCREW, POLY SYMPHONY CFX 5.5X34MM","ScpuChSup111682","CDM","278","RC","C1713","HCPCS","","","facility","both","","","","6128.94","6128.94","","","","","","","","","","","","","Gross Charge Type: Main Acute Price List"
"SCREW, POLYAX LOCKING MINI T8 2.7X22MM","OperChSup118908","CDM","278","RC","C1713","HCPCS","","","facility","both","","","","1013.59","1013.59","","","","","","","","","","","","","Gross Charge Type: Main Acute Price List"
"SCREW, POLYAXAIL VIPER SAI TI 8X70MM","ScanWmSup66692","CDM","278","RC","","","","","facility","both","","","","6128.94","6128.94","","","","","","","","","","","","","Gross Charge Type: Main Acute Price List"
"SCREW, POLYAXIAL 3.5 SYMPHONY 3.5X30MM","GyscChSup106621","CDM","278","RC","","","","","facility","both","","","","2861.32","2861.32","","","","","","","","","","","","","Gross Charge Type: Main Acute Price List"
"SCREW, POLYAXIAL 4.0 ROD 4.5X10MM","ScanWmSup119892","CDM","278","RC","C1713","HCPCS","","","facility","both","","","","3562.05","3562.05","","","","","","","","","","","","","Gross Charge Type: Main Acute Price List"
"SCREW, POLYAXIAL 4.0 SYMPHONY 3.5X14MM","AnesWmSup106230","CDM","278","RC","C1713","HCPCS","","","facility","both","","","","3788.24","3788.24","","","","","","","","","","","","","Gross Charge Type: Main Acute Price List"
"SCREW, POLYAXIAL 4.0 SYMPHONY 3.5X14MM","OperWmSup106230","CDM","278","RC","C1713","HCPCS","","","facility","both","","","","3788.24","3788.24","","","","","","","","","","","","","Gross Charge Type: Main Acute Price List"
"SCREW, POLYAXIAL 4.0 SYMPHONY 3.5X30MM","DelrChSup107051","CDM","278","RC","C1713","HCPCS","","","facility","both","","","","3788.24","3788.24","","","","","","","","","","","","","Gross Charge Type: Main Acute Price List"
"SCREW, POLYAXIAL 4.0 SYMPHONY 3.5X30MM","GyscChSup107051","CDM","278","RC","C1713","HCPCS","","","facility","both","","","","3788.24","3788.24","","","","","","","","","","","","","Gross Charge Type: Main Acute Price List"
"SCREW, POLYAXIAL 4.0 SYMPHONY 3.5X34MM","AnesWmSup113910","CDM","278","RC","C1713","HCPCS","","","facility","both","","","","3298.32","3298.32","","","","","","","","","","","","","Gross Charge Type: Main Acute Price List"
"SCREW, POLYAXIAL 4.0 SYMPHONY 4.0X10MM","ScanChSup107225","CDM","278","RC","C1713","HCPCS","","","facility","both","","","","3788.24","3788.24","","","","","","","","","","","","","Gross Charge Type: Main Acute Price List"
"SCREW, POLYAXIAL 4S RMM 5.0X30MM","ScpuChSup78385","CDM","278","RC","C1713","HCPCS","","","facility","both","","","","4619.8","4619.8","","","","","","","","","","","","","Gross Charge Type: Main Acute Price List"
"SCREW, POLYAXIAL 4S RMM 5.0X45MM","GastWmSup110096","CDM","278","RC","C1713","HCPCS","","","facility","both","","","","4343.96","4343.96","","","","","","","","","","","","","Gross Charge Type: Main Acute Price List"
"SCREW, POLYAXIAL 4S RMM 5.0X45MM","ScorWmSup110096","CDM","278","RC","C1713","HCPCS","","","facility","both","","","","4343.96","4343.96","","","","","","","","","","","","","Gross Charge Type: Main Acute Price List"
"SCREW, POLYAXIAL 4S RMM 5.0X45MM","ScpuChSup110096","CDM","278","RC","C1713","HCPCS","","","facility","both","","","","4343.96","4343.96","","","","","","","","","","","","","Gross Charge Type: Main Acute Price List"
"SCREW, POLYAXIAL 4S RMM 5.5X45MM","GyscChSup76173","CDM","278","RC","","","","","facility","both","","","","4619.8","4619.8","","","","","","","","","","","","","Gross Charge Type: Main Acute Price List"
"SCREW, POLYAXIAL 4S RMM 5.5X45MM","OperWmSup76173","CDM","278","RC","","","","","facility","both","","","","4619.8","4619.8","","","","","","","","","","","","","Gross Charge Type: Main Acute Price List"
"SCREW, POLYAXIAL 4S RMM 6.5X35MM","GastChSup76707","CDM","278","RC","C1713","HCPCS","","","facility","both","","","","4619.8","4619.8","","","","","","","","","","","","","Gross Charge Type: Main Acute Price List"
"SCREW, POLYAXIAL 4S RMM 6.5X35MM","ScanChSup76707","CDM","278","RC","C1713","HCPCS","","","facility","both","","","","4619.8","4619.8","","","","","","","","","","","","","Gross Charge Type: Main Acute Price List"
"SCREW, POLYAXIAL 4S RMM 6.5X50MM","ScanChSup79025","CDM","278","RC","C1713","HCPCS","","","facility","both","","","","4619.8","4619.8","","","","","","","","","","","","","Gross Charge Type: Main Acute Price List"
"SCREW, POLYAXIAL 4S RMM 7.5X40MM","PacuWmSup78842","CDM","278","RC","C1713","HCPCS","","","facility","both","","","","4619.8","4619.8","","","","","","","","","","","","","Gross Charge Type: Main Acute Price List"
"SCREW, POLYAXIAL EVEREST 6.5X45MM","OperWmSup78321","CDM","278","RC","C1713","HCPCS","","","facility","both","","","","2861.09","2861.09","","","","","","","","","","","","","Gross Charge Type: Main Acute Price List"
"SCREW, POLYAXIAL EVEREST 6.5X45MM","ScpuWmSup78321","CDM","278","RC","C1713","HCPCS","","","facility","both","","","","2861.09","2861.09","","","","","","","","","","","","","Gross Charge Type: Main Acute Price List"
"SCREW, POLYAXIAL EVEREST 6.5X50MM","OperWmSup78248","CDM","278","RC","C1889","HCPCS","","","facility","both","","","","2861.09","2861.09","","","","","","","","","","","","","Gross Charge Type: Main Acute Price List"
"SCREW, POLYAXIAL EVEREST 7.5X40MM","AnesWmSup78299","CDM","278","RC","C1713","HCPCS","","","facility","both","","","","2861.09","2861.09","","","","","","","","","","","","","Gross Charge Type: Main Acute Price List"
"SCREW, POLYAXIAL EVEREST 7.5X80MM","CcthChSup78690","CDM","278","RC","","","","","facility","both","","","","3695.84","3695.84","","","","","","","","","","","","","Gross Charge Type: Main Acute Price List"
"SCREW, POLYAXIAL EVEREST 8.5X45MM","PacuWmSup78624","CDM","278","RC","","","","","facility","both","","","","3475.17","3475.17","","","","","","","","","","","","","Gross Charge Type: Main Acute Price List"
"SCREW, POLYAXIAL EVEREST 8.5X55MM","OperChSup107808","CDM","278","RC","","","","","facility","both","","","","3475.17","3475.17","","","","","","","","","","","","","Gross Charge Type: Main Acute Price List"
"SCREW, POLYAXIAL EVEREST 9.5X70MM","PacuWmSup107361","CDM","278","RC","","","","","facility","both","","","","3475.17","3475.17","","","","","","","","","","","","","Gross Charge Type: Main Acute Price List"
"SCREW, POLYAXIAL LOCKING 2.5MM x 20MM","ScorChSup10193019","CDM","278","RC","C1713","HCPCS","","","facility","both","","","","1016.16","1016.16","","","","","","","","","","","","","Gross Charge Type: Main Acute Price List"
"SCREW, POLYAXIAL LOCKING 2.7X16MM","PacuWmSup118915","CDM","278","RC","C1713","HCPCS","","","facility","both","","","","1077.96","1077.96","","","","","","","","","","","","","Gross Charge Type: Main Acute Price List"
"SCREW, POLYAXIAL LOCKING 3.5X14MM","ScorWmSup118814","CDM","278","RC","C1713","HCPCS","","","facility","both","","","","1077.96","1077.96","","","","","","","","","","","","","Gross Charge Type: Main Acute Price List"
"SCREW, POLYAXIAL LOCKING 3.5X16MM","AnesChSup118815","CDM","278","RC","C1713","HCPCS","","","facility","both","","","","1077.96","1077.96","","","","","","","","","","","","","Gross Charge Type: Main Acute Price List"
"SCREW, POLYAXIAL LOCKING 3.5X20MM","PacuChSup118718","CDM","278","RC","C1713","HCPCS","","","facility","both","","","","1013.59","1013.59","","","","","","","","","","","","","Gross Charge Type: Main Acute Price List"
"SCREW, POLYAXIAL LOCKING 3.5X22MM","AnesChSup118719","CDM","278","RC","C1713","HCPCS","","","facility","both","","","","1013.59","1013.59","","","","","","","","","","","","","Gross Charge Type: Main Acute Price List"
"SCREW, POLYAXIAL LOCKING 3.5X22MM","ScpuChSup118719","CDM","278","RC","C1713","HCPCS","","","facility","both","","","","1013.59","1013.59","","","","","","","","","","","","","Gross Charge Type: Main Acute Price List"
"SCREW, POLYAXIAL LOCKING 3.5X36MM","ScorChSup118723","CDM","278","RC","C1713","HCPCS","","","facility","both","","","","1013.59","1013.59","","","","","","","","","","","","","Gross Charge Type: Main Acute Price List"
"SCREW, POLYAXIAL LOCKING 3.5X36MM","ScpuWmSup118723","CDM","278","RC","C1713","HCPCS","","","facility","both","","","","1013.59","1013.59","","","","","","","","","","","","","Gross Charge Type: Main Acute Price List"
"SCREW, POLYAXIAL LOCKING 3.5X44MM","ScorChSup118725","CDM","278","RC","C1713","HCPCS","","","facility","both","","","","1013.59","1013.59","","","","","","","","","","","","","Gross Charge Type: Main Acute Price List"
"SCREW, POLYAXIAL LOCKING CANNNULATED 2.5MM 14MM","CcthChSup119803","CDM","278","RC","C1713","HCPCS","","","facility","both","","","","741.37","741.37","","","","","","","","","","","","","Gross Charge Type: Main Acute Price List"
"SCREW, POLYAXIAL MAS  RELINE 9.5X45MM","CspuChSup67832","CDM","278","RC","C1713","HCPCS","","","facility","both","","","","6159.74","6159.74","","","","","","","","","","","","","Gross Charge Type: Main Acute Price List"
"SCREW, POLYAXIAL MAS  RELINE 9.5X45MM","EplbChSup67832","CDM","278","RC","C1713","HCPCS","","","facility","both","","","","6159.74","6159.74","","","","","","","","","","","","","Gross Charge Type: Main Acute Price List"
"SCREW, POLYAXIAL MAS  RELINE 9.5X45MM","ScorWmSup67832","CDM","278","RC","C1713","HCPCS","","","facility","both","","","","6159.74","6159.74","","","","","","","","","","","","","Gross Charge Type: Main Acute Price List"
"SCREW, POLYAXIAL MAS  RELINE 9.5X45MM","ScpuWmSup67832","CDM","278","RC","C1713","HCPCS","","","facility","both","","","","6159.74","6159.74","","","","","","","","","","","","","Gross Charge Type: Main Acute Price List"
"SCREW, POLYAXIAL MAS RELINE  9.5X35MM","AnesWmSup75853","CDM","278","RC","C1713","HCPCS","","","facility","both","","","","4768.47","4768.47","","","","","","","","","","","","","Gross Charge Type: Main Acute Price List"
"SCREW, POLYAXIAL MAS RELINE  9.5X35MM","PacuWmSup75853","CDM","278","RC","C1713","HCPCS","","","facility","both","","","","4768.47","4768.47","","","","","","","","","","","","","Gross Charge Type: Main Acute Price List"
"SCREW, POLYAXIAL MAS RELINE  9.5X35MM","ScpuWmSup75853","CDM","278","RC","C1713","HCPCS","","","facility","both","","","","4768.47","4768.47","","","","","","","","","","","","","Gross Charge Type: Main Acute Price List"
"SCREW, POLYAXIAL MAS RELINE 2C 4.5X45MM","DelrChSup66123","CDM","278","RC","C1713","HCPCS","","","facility","both","","","","6159.74","6159.74","","","","","","","","","","","","","Gross Charge Type: Main Acute Price List"
"SCREW, POLYAXIAL MAS RELINE 2C 4.5X45MM","OperWmSup66123","CDM","278","RC","C1713","HCPCS","","","facility","both","","","","6159.74","6159.74","","","","","","","","","","","","","Gross Charge Type: Main Acute Price List"
"SCREW, POLYAXIAL NON LOCKING 3.5X10MM","GastChSup115233","CDM","278","RC","C1713","HCPCS","","","facility","both","","","","925.45","925.45","","","","","","","","","","","","","Gross Charge Type: Main Acute Price List"
"SCREW, POLYAXIAL RELINE 2S 5.5X40MM","GyscChSup67378","CDM","278","RC","","","","","facility","both","","","","3294","3294","","","","","","","","","","","","","Gross Charge Type: Main Acute Price List"
"SCREW, POLYAXIAL RELINE 2S 6.5X40MM","Chrs5466535","CDM","278","RC","","","","","facility","both","","","","3294","3294","","","","","","","","","","","","","Gross Charge Type: Main Acute Price List"
"SCREW, POLYAXIAL VIPER SAI TI 9X80MM","CspuChSup66530","CDM","278","RC","C1713","HCPCS","","","facility","both","","","","6128.94","6128.94","","","","","","","","","","","","","Gross Charge Type: Main Acute Price List"
"SCREW, POLYAXIAL VIPER SAI TI 9X80MM","ScorWmSup66530","CDM","278","RC","C1713","HCPCS","","","facility","both","","","","6128.94","6128.94","","","","","","","","","","","","","Gross Charge Type: Main Acute Price List"
"SCREW, POLYAXIAL XIA CT 4.5X30MM","AngiWmSup76562","CDM","278","RC","","","","","facility","both","","","","5212.76","5212.76","","","","","","","","","","","","","Gross Charge Type: Main Acute Price List"
"SCREW, POLYAXIAL XIA CT 5.5X35MM","EplbChSup67707","CDM","278","RC","C1713","HCPCS","","","facility","both","","","","5212.76","5212.76","","","","","","","","","","","","","Gross Charge Type: Main Acute Price List"
"SCREW, PRIME VIPER 5X50MM","ScanChSup115457","CDM","278","RC","C1713","HCPCS","","","facility","both","","","","5760.53","5760.53","","","","","","","","","","","","","Gross Charge Type: Main Acute Price List"
"SCREW, PROSTEP HV 3.0MMX20MM","AnesChSup120176","CDM","278","RC","C1713","HCPCS","","","facility","both","","","","2415.24","2415.24","","","","","","","","","","","","","Gross Charge Type: Main Acute Price List"
"SCREW, PROSTEP MICA 3X34MM COMPT","OperWmSup110068","CDM","278","RC","C1713","HCPCS","","","facility","both","","","","3430.98","3430.98","","","","","","","","","","","","","Gross Charge Type: Main Acute Price List"
"SCREW, PROSTEP MICA 3X34MM COMPT","ScanChSup110068","CDM","278","RC","C1713","HCPCS","","","facility","both","","","","3430.98","3430.98","","","","","","","","","","","","","Gross Charge Type: Main Acute Price List"
"SCREW, PROSTEP MICA 3X40MM COMPT","PacuWmSup110070","CDM","278","RC","C1713","HCPCS","","","facility","both","","","","3430.98","3430.98","","","","","","","","","","","","","Gross Charge Type: Main Acute Price List"
"SCREW, PROSTEP MICA 3X40MM COMPT","ScanChSup110070","CDM","278","RC","C1713","HCPCS","","","facility","both","","","","3430.98","3430.98","","","","","","","","","","","","","Gross Charge Type: Main Acute Price List"
"SCREW, PROSTEP MICA 3X40MM COMPT","ScorWmSup110070","CDM","278","RC","C1713","HCPCS","","","facility","both","","","","3430.98","3430.98","","","","","","","","","","","","","Gross Charge Type: Main Acute Price List"
"SCREW, PROSTEP MICA 3X48MM","ScorWmSup120235","CDM","278","RC","C1713","HCPCS","","","facility","both","","","","3226.12","3226.12","","","","","","","","","","","","","Gross Charge Type: Main Acute Price List"
"SCREW, PROSTEP MICA 4.0X38MM COMPT","CcthChSup112432","CDM","278","RC","C1713","HCPCS","","","facility","both","","","","3430.98","3430.98","","","","","","","","","","","","","Gross Charge Type: Main Acute Price List"
"SCREW, PROSTEP MICA 4.0X38MM COMPT","CspuChSup112432","CDM","278","RC","C1713","HCPCS","","","facility","both","","","","3430.98","3430.98","","","","","","","","","","","","","Gross Charge Type: Main Acute Price List"
"SCREW, PROSTEP MICA 4.0X38MM COMPT","ScpuChSup112432","CDM","278","RC","C1713","HCPCS","","","facility","both","","","","3430.98","3430.98","","","","","","","","","","","","","Gross Charge Type: Main Acute Price List"
"SCREW, PROSTEP MICA 4MMX40MM COMPT","ScanWmSup111863","CDM","278","RC","C1713","HCPCS","","","facility","both","","","","3430.98","3430.98","","","","","","","","","","","","","Gross Charge Type: Main Acute Price List"
"SCREW, PROSTEP MICA 4X46MM COMPT","PacuWmSup110071","CDM","278","RC","C1713","HCPCS","","","facility","both","","","","3430.98","3430.98","","","","","","","","","","","","","Gross Charge Type: Main Acute Price List"
"SCREW, PROSTEP MICA 4X52MM COMPT","OperChSup110072","CDM","278","RC","C1713","HCPCS","","","facility","both","","","","3430.98","3430.98","","","","","","","","","","","","","Gross Charge Type: Main Acute Price List"
"SCREW, PROSTEP MICA 4X54MM","GyscChSup119904","CDM","278","RC","C1713","HCPCS","","","facility","both","","","","3430.98","3430.98","","","","","","","","","","","","","Gross Charge Type: Main Acute Price List"
"SCREW, PROSTEP MICA 4X54MM","ScorWmSup119904","CDM","278","RC","C1713","HCPCS","","","facility","both","","","","3430.98","3430.98","","","","","","","","","","","","","Gross Charge Type: Main Acute Price List"
"SCREW, PROSTEP MICA SZ 3MM 20MM","ScpuWmSup119784","CDM","278","RC","C1713","HCPCS","","","facility","both","","","","3226.12","3226.12","","","","","","","","","","","","","Gross Charge Type: Main Acute Price List"
"SCREW, QUICKFIX 3.0X13MM","ScorChSup77400","CDM","278","RC","C1713","HCPCS","","","facility","both","","","","1505.91","1505.91","","","","","","","","","","","","","Gross Charge Type: Main Acute Price List"
"SCREW, QUICKFIX CANN TI 4.0X18MM","CspuChSup118334","CDM","278","RC","C1713","HCPCS","","","facility","both","","","","1035.31","1035.31","","","","","","","","","","","","","Gross Charge Type: Main Acute Price List"
"SCREW, QUICKFIX CANN TI 4.0X18MM","GastWmSup118334","CDM","278","RC","C1713","HCPCS","","","facility","both","","","","1035.31","1035.31","","","","","","","","","","","","","Gross Charge Type: Main Acute Price List"
"SCREW, QUICKFIX CANN TI PT 2.4X12MM","AnesWmSup112180","CDM","278","RC","C1713","HCPCS","","","facility","both","","","","911.08","911.08","","","","","","","","","","","","","Gross Charge Type: Main Acute Price List"
"SCREW, RECON 6.5X100MM","AnesWmSup113774","CDM","278","RC","C1713","HCPCS","","","facility","both","","","","1608.06","1608.06","","","","","","","","","","","","","Gross Charge Type: Main Acute Price List"
"SCREW, RECON 6.5X110MM","AnesWmSup114779","CDM","278","RC","C1713","HCPCS","","","facility","both","","","","1511.4","1511.4","","","","","","","","","","","","","Gross Charge Type: Main Acute Price List"
"SCREW, RECON 6.5X110MM","GastChSup114779","CDM","278","RC","C1713","HCPCS","","","facility","both","","","","1511.4","1511.4","","","","","","","","","","","","","Gross Charge Type: Main Acute Price List"
"SCREW, RECON 6.5X110MM","PacuWmSup114779","CDM","278","RC","C1713","HCPCS","","","facility","both","","","","1511.4","1511.4","","","","","","","","","","","","","Gross Charge Type: Main Acute Price List"
"SCREW, RECON 6.5X110MM","ScorChSup114779","CDM","278","RC","C1713","HCPCS","","","facility","both","","","","1511.4","1511.4","","","","","","","","","","","","","Gross Charge Type: Main Acute Price List"
"SCREW, RECON 6.5X90MM","GyscChSup113449","CDM","278","RC","C1713","HCPCS","","","facility","both","","","","1608.06","1608.06","","","","","","","","","","","","","Gross Charge Type: Main Acute Price List"
"SCREW, RECON 6.5X90MM","ScpuChSup113449","CDM","278","RC","C1713","HCPCS","","","facility","both","","","","1608.06","1608.06","","","","","","","","","","","","","Gross Charge Type: Main Acute Price List"
"SCREW, RECON EVANS LOCKING 2.7X20MM","ScpuChSup72758","CDM","278","RC","C1713","HCPCS","","","facility","both","","","","987.66","987.66","","","","","","","","","","","","","Gross Charge Type: Main Acute Price List"
"SCREW, RECON TI T25 STARDRIVE 6.5X100MM ST","PacuWmSup75428","CDM","278","RC","C1713","HCPCS","","","facility","both","","","","1252.45","1252.45","","","","","","","","","","","","","Gross Charge Type: Main Acute Price List"
"SCREW, RECON TI T25 STARDRIVE 6.5X105MM ST","CspuChSup75429","CDM","278","RC","C1713","HCPCS","","","facility","both","","","","1252.45","1252.45","","","","","","","","","","","","","Gross Charge Type: Main Acute Price List"
"SCREW, RECON TI T25 STARDRIVE 6.5X110MM","EplbChSup76141","CDM","278","RC","C1713","HCPCS","","","facility","both","","","","1252.45","1252.45","","","","","","","","","","","","","Gross Charge Type: Main Acute Price List"
"SCREW, RECON TI T25 STARDRIVE 6.5X90MM STRL","OperWmSup53767","CDM","278","RC","C1713","HCPCS","","","facility","both","","","","1252.45","1252.45","","","","","","","","","","","","","Gross Charge Type: Main Acute Price List"
"SCREW, RELINE 6.5X45MM","ScorWmSup66954","CDM","278","RC","","","","","facility","both","","","","3294","3294","","","","","","","","","","","","","Gross Charge Type: Main Acute Price List"
"SCREW, RELINE 6.5X50MM","CLDRChSup66953","CDM","278","RC","","","","","facility","both","","","","3475.17","3475.17","","","","","","","","","","","","","Gross Charge Type: Main Acute Price List"
"SCREW, RELINE MAS 10.5 X 40MM","AngiChSup118203","CDM","278","RC","C1713","HCPCS","","","facility","both","","","","6159.74","6159.74","","","","","","","","","","","","","Gross Charge Type: Main Acute Price List"
"SCREW, RELINE MAS 5.5X35MM","CspuChSup65684","CDM","278","RC","C1713","HCPCS","","","facility","both","","","","6159.74","6159.74","","","","","","","","","","","","","Gross Charge Type: Main Acute Price List"
"SCREW, RELINE MAS 5.5X45MM REDUX","OperWmSup10180504","CDM","278","RC","C1713","HCPCS","","","facility","both","","","","7294.86","7294.86","","","","","","","","","","","","","Gross Charge Type: Main Acute Price List"
"SCREW, RELINE MAS 5.5X45MM","CspuChSup65686","CDM","278","RC","C1713","HCPCS","","","facility","both","","","","6159.74","6159.74","","","","","","","","","","","","","Gross Charge Type: Main Acute Price List"
"SCREW, RELINE MAS 5.5X50MM","PacuChSup65916","CDM","278","RC","C1713","HCPCS","","","facility","both","","","","6159.74","6159.74","","","","","","","","","","","","","Gross Charge Type: Main Acute Price List"
"SCREW, RELINE MAS 5.5X55MM","EplbChSup65994","CDM","278","RC","C1713","HCPCS","","","facility","both","","","","6159.74","6159.74","","","","","","","","","","","","","Gross Charge Type: Main Acute Price List"
"SCREW, RELINE MAS 5.5X55MM","OperChSup65994","CDM","278","RC","C1713","HCPCS","","","facility","both","","","","6159.74","6159.74","","","","","","","","","","","","","Gross Charge Type: Main Acute Price List"
"SCREW, RELINE MAS 5.5X55MM","PacuChSup65994","CDM","278","RC","C1713","HCPCS","","","facility","both","","","","6159.74","6159.74","","","","","","","","","","","","","Gross Charge Type: Main Acute Price List"
"SCREW, RELINE MAS 5.5X55MM","ScanWmSup65994","CDM","278","RC","C1713","HCPCS","","","facility","both","","","","6159.74","6159.74","","","","","","","","","","","","","Gross Charge Type: Main Acute Price List"
"SCREW, RELINE MAS 6.5X35MM","CcthChSup65752","CDM","278","RC","C1713","HCPCS","","","facility","both","","","","6159.74","6159.74","","","","","","","","","","","","","Gross Charge Type: Main Acute Price List"
"SCREW, RELINE MAS 6.5X40MM","ScanChSup65689","CDM","278","RC","C1713","HCPCS","","","facility","both","","","","6159.74","6159.74","","","","","","","","","","","","","Gross Charge Type: Main Acute Price List"
"SCREW, RELINE MAS 6.5X45MM","ScorWmSup65696","CDM","278","RC","C1713","HCPCS","","","facility","both","","","","6159.74","6159.74","","","","","","","","","","","","","Gross Charge Type: Main Acute Price List"
"SCREW, RELINE MAS 6.5X60MM","ScorChSup66151","CDM","278","RC","C1713","HCPCS","","","facility","both","","","","5791.95","5791.95","","","","","","","","","","","","","Gross Charge Type: Main Acute Price List"
"SCREW, RELINE MAS 7.5X30MM","ScorChSup66303","CDM","278","RC","C1713","HCPCS","","","facility","both","","","","6159.74","6159.74","","","","","","","","","","","","","Gross Charge Type: Main Acute Price List"
"SCREW, RELINE MAS 7.5X40MM","CspuChSup66302","CDM","278","RC","C1713","HCPCS","","","facility","both","","","","6159.74","6159.74","","","","","","","","","","","","","Gross Charge Type: Main Acute Price List"
"SCREW, RELINE MAS 7.5X40MM","ScanWmSup66302","CDM","278","RC","C1713","HCPCS","","","facility","both","","","","6159.74","6159.74","","","","","","","","","","","","","Gross Charge Type: Main Acute Price List"
"SCREW, RELINE MAS 7.5X60MM","ScorWmSup66124","CDM","278","RC","C1713","HCPCS","","","facility","both","","","","6159.74","6159.74","","","","","","","","","","","","","Gross Charge Type: Main Acute Price List"
"SCREW, RELINE MAS 7.5X70MM","DelrChSup75459","CDM","278","RC","","","","","facility","both","","","","5791.95","5791.95","","","","","","","","","","","","","Gross Charge Type: Main Acute Price List"
"SCREW, RELINE MAS 7.5X70MM","ScorWmSup75459","CDM","278","RC","","","","","facility","both","","","","5791.95","5791.95","","","","","","","","","","","","","Gross Charge Type: Main Acute Price List"
"SCREW, RELINE MAS 8.5X100MM","PacuChSup73277","CDM","278","RC","C1713","HCPCS","","","facility","both","","","","6159.74","6159.74","","","","","","","","","","","","","Gross Charge Type: Main Acute Price List"
"SCREW, RELINE MAS 8.5X30MM","OperWmSup76724","CDM","278","RC","","","","","facility","both","","","","6159.74","6159.74","","","","","","","","","","","","","Gross Charge Type: Main Acute Price List"
"SCREW, RELINE MAS FEN 5.5X40MM","CcthChSup115519","CDM","278","RC","C1713","HCPCS","","","facility","both","","","","5988.18","5988.18","","","","","","","","","","","","","Gross Charge Type: Main Acute Price List"
"SCREW, RELINE MAS POLYAXIAL 4.5X50MM","ScorWmSup68484","CDM","278","RC","C1713","HCPCS","","","facility","both","","","","6159.74","6159.74","","","","","","","","","","","","","Gross Charge Type: Main Acute Price List"
"SCREW, RELINE MAS POLYAXIAL 5.5X4.5MM","GastWmSup108809","CDM","278","RC","C1713","HCPCS","","","facility","both","","","","6775.72","6775.72","","","","","","","","","","","","","Gross Charge Type: Main Acute Price List"
"SCREW, RELINE MAS POLYAXIAL 7.5X50MM","AnesChSup108083","CDM","278","RC","C1713","HCPCS","","","facility","both","","","","6775.72","6775.72","","","","","","","","","","","","","Gross Charge Type: Main Acute Price List"
"SCREW, RELINE MAS POLYAXIAL 7.5X50MM","GyscChSup108083","CDM","278","RC","C1713","HCPCS","","","facility","both","","","","6775.72","6775.72","","","","","","","","","","","","","Gross Charge Type: Main Acute Price List"
"SCREW, RELINE MAS-T 2C MONO 6.5X45MM","EplbChSup72095","CDM","278","RC","","","","","facility","both","","","","5791.95","5791.95","","","","","","","","","","","","","Gross Charge Type: Main Acute Price List"
"SCREW, RELINE-O POLY TRACTION 4.0X40MM","PacuWmSup72964","CDM","278","RC","C1713","HCPCS","","","facility","both","","","","4304.97","4304.97","","","","","","","","","","","","","Gross Charge Type: Main Acute Price List"
"SCREW, RELINE-O POLY TRACTION 4.5X35MM","EplbChSup74854","CDM","278","RC","C1713","HCPCS","","","facility","both","","","","4054.37","4054.37","","","","","","","","","","","","","Gross Charge Type: Main Acute Price List"
"SCREW, RELINE-O POLY TRACTION 4.5X40MM","PacuWmSup79384","CDM","278","RC","C1713","HCPCS","","","facility","both","","","","4304.97","4304.97","","","","","","","","","","","","","Gross Charge Type: Main Acute Price List"
"SCREW, RELINE-O POLY TRACTION 4.5X40MM","ScpuWmSup79384","CDM","278","RC","C1713","HCPCS","","","facility","both","","","","4304.97","4304.97","","","","","","","","","","","","","Gross Charge Type: Main Acute Price List"
"SCREW, RELINE-O POLY TRACTION 4.5X45MM","GastWmSup73098","CDM","278","RC","","","","","facility","both","","","","4311.82","4311.82","","","","","","","","","","","","","Gross Charge Type: Main Acute Price List"
"SCREW, RELINE-O POLY TRACTION 5.5X35MM","ScpuWmSup72098","CDM","278","RC","C1713","HCPCS","","","facility","both","","","","4311.82","4311.82","","","","","","","","","","","","","Gross Charge Type: Main Acute Price List"
"SCREW, RELINE-O POLY TRACTION 5.5X45MM","OperChSup74468","CDM","278","RC","C1713","HCPCS","","","facility","both","","","","4311.82","4311.82","","","","","","","","","","","","","Gross Charge Type: Main Acute Price List"
"SCREW, RELINE-O POLY TRACTION 5.5X45MM","ScpuChSup74468","CDM","278","RC","C1713","HCPCS","","","facility","both","","","","4311.82","4311.82","","","","","","","","","","","","","Gross Charge Type: Main Acute Price List"
"SCREW, RELINE-O POLY TRACTION 5.5X50MM","ScpuChSup73100","CDM","278","RC","C1713","HCPCS","","","facility","both","","","","4054.37","4054.37","","","","","","","","","","","","","Gross Charge Type: Main Acute Price List"
"SCREW, RELINE-O POLY TRACTION 5.5X55MM","PacuChSup80016","CDM","278","RC","","","","","facility","both","","","","4054.37","4054.37","","","","","","","","","","","","","Gross Charge Type: Main Acute Price List"
"SCREW, RELINE-O POLY TRACTION 6.5X30MM","CspuChSup76250","CDM","278","RC","","","","","facility","both","","","","4311.82","4311.82","","","","","","","","","","","","","Gross Charge Type: Main Acute Price List"
"SCREW, RELINE-O POLY TRACTION 6.5X30MM","ScpuChSup76250","CDM","278","RC","","","","","facility","both","","","","4311.82","4311.82","","","","","","","","","","","","","Gross Charge Type: Main Acute Price List"
"SCREW, RELINE-O POLY TRACTION 6.5X50MM","AngiWmSup74469","CDM","278","RC","C1713","HCPCS","","","facility","both","","","","4311.82","4311.82","","","","","","","","","","","","","Gross Charge Type: Main Acute Price List"
"SCREW, RELINE-O POLY TRACTION 7.5X30MM","EplbChSup76249","CDM","278","RC","","","","","facility","both","","","","4311.82","4311.82","","","","","","","","","","","","","Gross Charge Type: Main Acute Price List"
"SCREW, RELINE-O POLY TRACTION 7.5X45MM","ScorWmSup72101","CDM","278","RC","C1713","HCPCS","","","facility","both","","","","4311.82","4311.82","","","","","","","","","","","","","Gross Charge Type: Main Acute Price List"
"SCREW, RELINE-O POLY TRACTION 8.5X40MM","OperChSup74856","CDM","278","RC","","","","","facility","both","","","","4054.37","4054.37","","","","","","","","","","","","","Gross Charge Type: Main Acute Price List"
"SCREW, RELINE-O POLY TRACTION 8.5X40MM","ScanWmSup74856","CDM","278","RC","","","","","facility","both","","","","4054.37","4054.37","","","","","","","","","","","","","Gross Charge Type: Main Acute Price List"
"SCREW, RELINE-O POLY TRACTION 8.5X45MM","PacuWmSup107181","CDM","278","RC","C1713","HCPCS","","","facility","both","","","","4054.37","4054.37","","","","","","","","","","","","","Gross Charge Type: Main Acute Price List"
"SCREW, RELINE-O POLY TRACTION 8.5X50MM","ScanWmSup107182","CDM","278","RC","C1713","HCPCS","","","facility","both","","","","4054.37","4054.37","","","","","","","","","","","","","Gross Charge Type: Main Acute Price List"
"SCREW, RETAINER PRODISC-C 3.5X14MM","ScpuWmSup37819","CDM","278","RC","","","","","facility","both","","","","668.98","668.98","","","","","","","","","","","","","Gross Charge Type: Main Acute Price List"
"SCREW, RETAINER PRODISC-C 3.5X16MM","ScpuWmSup37820","CDM","278","RC","","","","","facility","both","","","","668.98","668.98","","","","","","","","","","","","","Gross Charge Type: Main Acute Price List"
"SCREW, REUNION RSA CENTER 6.5X28MM","GastChSup73107","CDM","278","RC","C1713","HCPCS","","","facility","both","","","","615.97","615.97","","","","","","","","","","","","","Gross Charge Type: Main Acute Price List"
"SCREW, REUNION RSA CENTER 6.5X28MM","PacuWmSup73107","CDM","278","RC","C1713","HCPCS","","","facility","both","","","","615.97","615.97","","","","","","","","","","","","","Gross Charge Type: Main Acute Price List"
"SCREW, REUNION RSA CENTER 6.5X28MM","ScorChSup73107","CDM","278","RC","C1713","HCPCS","","","facility","both","","","","615.97","615.97","","","","","","","","","","","","","Gross Charge Type: Main Acute Price List"
"SCREW, REUNION RSA CENTER 6.5X28MM","ScpuWmSup73107","CDM","278","RC","C1713","HCPCS","","","facility","both","","","","615.97","615.97","","","","","","","","","","","","","Gross Charge Type: Main Acute Price List"
"SCREW, REUNION RSA CENTER 6.5X36MM","GastChSup75039","CDM","278","RC","C1713","HCPCS","","","facility","both","","","","615.97","615.97","","","","","","","","","","","","","Gross Charge Type: Main Acute Price List"
"SCREW, REUNION RSA PERIPHERAL 4.5X36MM","CLDRChSup75040","CDM","278","RC","C1713","HCPCS","","","facility","both","","","","615.97","615.97","","","","","","","","","","","","","Gross Charge Type: Main Acute Price List"
"SCREW, RMM POLY 6.5X35MM","OperChSup119359","CDM","278","RC","C1713","HCPCS","","","facility","both","","","","3317.34","3317.34","","","","","","","","","","","","","Gross Charge Type: Main Acute Price List"
"SCREW, RSS 4.5X35MM POLYAXIAL 2S","OperChSup120302","CDM","278","RC","C1713","HCPCS","","","facility","both","","","","3317.34","3317.34","","","","","","","","","","","","","Gross Charge Type: Main Acute Price List"
"SCREW, RX SYMPHONY 3.5X22MM","ScanChSup117823","CDM","278","RC","C1713","HCPCS","","","facility","both","","","","6128.94","6128.94","","","","","","","","","","","","","Gross Charge Type: Main Acute Price List"
"SCREW, RX SYMPHONY 3.5X24MM","CcthChSup117824","CDM","278","RC","C1713","HCPCS","","","facility","both","","","","6128.94","6128.94","","","","","","","","","","","","","Gross Charge Type: Main Acute Price List"
"SCREW, RX SYMPHONY 4.0X24MM","AngiChSup117826","CDM","278","RC","C1713","HCPCS","","","facility","both","","","","6128.94","6128.94","","","","","","","","","","","","","Gross Charge Type: Main Acute Price List"
"SCREW, RX SYMPHONY 4.0X30MM","OperWmSup117825","CDM","278","RC","C1713","HCPCS","","","facility","both","","","","6128.94","6128.94","","","","","","","","","","","","","Gross Charge Type: Main Acute Price List"
"SCREW, RX SYMPHONY 4.0X30MM","ScanWmSup117825","CDM","278","RC","C1713","HCPCS","","","facility","both","","","","6128.94","6128.94","","","","","","","","","","","","","Gross Charge Type: Main Acute Price List"
"SCREW, SAI VIPER 10X100MM","ScanChSup65350","CDM","278","RC","C1713","HCPCS","","","facility","both","","","","5781.56","5781.56","","","","","","","","","","","","","Gross Charge Type: Main Acute Price List"
"SCREW, SCHANZ 4.0/2.5MM SELF-DRILLING FOR RAMUS THREAD LENGTH 10MM","OperChSup115397","CDM","278","RC","C1713","HCPCS","","","facility","both","","","","2395.27","2395.27","","","","","","","","","","","","","Gross Charge Type: Main Acute Price List"
"SCREW, SCHANZ 4.0X100MM","ScanWmSup6620","CDM","278","RC","C1713","HCPCS","","","facility","both","","","","479.54","479.54","","","","","","","","","","","","","Gross Charge Type: Main Acute Price List"
"SCREW, SCHANZ 4.0X150MM","CspuChSup20501","CDM","278","RC","C1713","HCPCS","","","facility","both","","","","958.15","958.15","","","","","","","","","","","","","Gross Charge Type: Main Acute Price List"
"SCREW, SCHANZ 4.0X150MM","ScanChSup20501","CDM","278","RC","C1713","HCPCS","","","facility","both","","","","958.15","958.15","","","","","","","","","","","","","Gross Charge Type: Main Acute Price List"
"SCREW, SCHANZ 4.0X3.0X20MM","GastChSup203931","CDM","278","RC","C1713","HCPCS","","","facility","both","","","","958.15","958.15","","","","","","","","","","","","","Gross Charge Type: Main Acute Price List"
"SCREW, SCHANZ 5.0X175MM 35MM THRD BLUNTED POINT","ScorWmSup113792","CDM","278","RC","C1713","HCPCS","","","facility","both","","","","1285.35","1285.35","","","","","","","","","","","","","Gross Charge Type: Main Acute Price List"
"SCREW, SCHANZ 5.0X30MM BLUNTED POINT","AnesWmSup112384","CDM","278","RC","C1713","HCPCS","","","facility","both","","","","1952.14","1952.14","","","","","","","","","","","","","Gross Charge Type: Main Acute Price List"
"SCREW, SCHANZ 5.0X35MM BLUNTED POINT","PacuChSup112385","CDM","278","RC","C1713","HCPCS","","","facility","both","","","","1952.14","1952.14","","","","","","","","","","","","","Gross Charge Type: Main Acute Price List"
"SCREW, SCHANZ 5.0X70MM BLUNTED POINT","AnesChSup113002","CDM","278","RC","C1713","HCPCS","","","facility","both","","","","1952.14","1952.14","","","","","","","","","","","","","Gross Charge Type: Main Acute Price List"
"SCREW, SCHANZ 5.0X85MM BLUNTED POINT","ScorWmSup113072","CDM","278","RC","C1713","HCPCS","","","facility","both","","","","1952.14","1952.14","","","","","","","","","","","","","Gross Charge Type: Main Acute Price List"
"SCREW, SCHANZ 5.2/50MM","GastWmSup21609","CDM","278","RC","C1713","HCPCS","","","facility","both","","","","2455.59","2455.59","","","","","","","","","","","","","Gross Charge Type: Main Acute Price List"
"SCREW, SCHANZ 5.2/50MM","ScorWmSup21609","CDM","278","RC","C1713","HCPCS","","","facility","both","","","","2455.59","2455.59","","","","","","","","","","","","","Gross Charge Type: Main Acute Price List"
"SCREW, SCHANZ 5.2X45MM","OperWmSup21608","CDM","278","RC","C1713","HCPCS","","","facility","both","","","","2455.59","2455.59","","","","","","","","","","","","","Gross Charge Type: Main Acute Price List"
"SCREW, SCHANZ 5.2X45MM","ScanWmSup21608","CDM","278","RC","C1713","HCPCS","","","facility","both","","","","2455.59","2455.59","","","","","","","","","","","","","Gross Charge Type: Main Acute Price List"
"SCREW, SCHANZ 5.2X45MM","ScpuChSup21608","CDM","278","RC","C1713","HCPCS","","","facility","both","","","","2455.59","2455.59","","","","","","","","","","","","","Gross Charge Type: Main Acute Price List"
"SCREW, SCHANZ 5.2X55MM","OperChSup21610","CDM","272","RC","C1713","HCPCS","","","facility","both","","","","2308.96","2308.96","","","","","","","","","","","","","Gross Charge Type: Main Acute Price List"
"SCREW, SCHANZ 5.2X55MM","ScanChSup21610","CDM","272","RC","C1713","HCPCS","","","facility","both","","","","2308.96","2308.96","","","","","","","","","","","","","Gross Charge Type: Main Acute Price List"
"SCREW, SCHANZ 6.2X45MM","Chrs5421379","CDM","278","RC","","","","","facility","both","","","","2455.59","2455.59","","","","","","","","","","","","","Gross Charge Type: Main Acute Price List"
"SCREW, SCHANZ 6.2X45MM","ScorChSup21379","CDM","278","RC","","","","","facility","both","","","","2455.59","2455.59","","","","","","","","","","","","","Gross Charge Type: Main Acute Price List"
"SCREW, SCHANZ 6.2X45MM","ScorWmSup21379","CDM","278","RC","","","","","facility","both","","","","2455.59","2455.59","","","","","","","","","","","","","Gross Charge Type: Main Acute Price List"
"SCREW, SCHANZ 6.2X50MM","CcthChSup21613","CDM","278","RC","","","","","facility","both","","","","2455.59","2455.59","","","","","","","","","","","","","Gross Charge Type: Main Acute Price List"
"SCREW, SCHANZ 6.2X50MM","Chrs5421613","CDM","278","RC","","","","","facility","both","","","","2455.59","2455.59","","","","","","","","","","","","","Gross Charge Type: Main Acute Price List"
"SCREW, SCHANZ 7.0X45MM","Chrs5421617","CDM","278","RC","","","","","facility","both","","","","2308.96","2308.96","","","","","","","","","","","","","Gross Charge Type: Main Acute Price List"
"SCREW, SCHANZ 7.0X50MM","ScanChSup21618","CDM","278","RC","","","","","facility","both","","","","2188.59","2188.59","","","","","","","","","","","","","Gross Charge Type: Main Acute Price List"
"SCREW, SCHANZ BLUNTED 5.0X250MM STRL","CspuChSup113896","CDM","278","RC","C1713","HCPCS","","","facility","both","","","","1699.68","1699.68","","","","","","","","","","","","","Gross Charge Type: Main Acute Price List"
"SCREW, SCHANZ BLUNTED 5.0X250MM STRL","EplbChSup113896","CDM","278","RC","C1713","HCPCS","","","facility","both","","","","1699.68","1699.68","","","","","","","","","","","","","Gross Charge Type: Main Acute Price List"
"SCREW, SCHANZ BLUNTED TROCAR POINT 5.0X250 HA COATING STRL","ScpuWmSup109636","CDM","278","RC","C1713","HCPCS","","","facility","both","","","","1215.75","1215.75","","","","","","","","","","","","","Gross Charge Type: Main Acute Price List"
"SCREW, SCHANZ SELF DRILLING 4.0X80MM","ScanChSup106213","CDM","278","RC","C1713","HCPCS","","","facility","both","","","","900.94","900.94","","","","","","","","","","","","","Gross Charge Type: Main Acute Price List"
"SCREW, SCHANZ SELF DRILLING 5.0X150MM HA STRL","AngiWmSup63489","CDM","278","RC","C1713","HCPCS","","","facility","both","","","","1719.16","1719.16","","","","","","","","","","","","","Gross Charge Type: Main Acute Price List"
"SCREW, SCHANZ SELF DRILLING 5.0X250MM","AngiWmSup109307","CDM","278","RC","C1713","HCPCS","","","facility","both","","","","950.76","950.76","","","","","","","","","","","","","Gross Charge Type: Main Acute Price List"
"SCREW, SCHANZ SELF DRILLING 5.0X250MM","OperWmSup109307","CDM","278","RC","C1713","HCPCS","","","facility","both","","","","950.76","950.76","","","","","","","","","","","","","Gross Charge Type: Main Acute Price List"
"SCREW, SCHANZ SELF-DRILLING 5.0X100MM","GastChSup113617","CDM","278","RC","C1713","HCPCS","","","facility","both","","","","893.99","893.99","","","","","","","","","","","","","Gross Charge Type: Main Acute Price List"
"SCREW, SCHANZ SELF-DRILLING 6.0X250MM","ScanChSup114416","CDM","278","RC","C1713","HCPCS","","","facility","both","","","","896.59","896.59","","","","","","","","","","","","","Gross Charge Type: Main Acute Price List"
"SCREW, SCHANZ SPADE POINT 6.0X160MM","GyscChSup54458","CDM","278","RC","C1713","HCPCS","","","facility","both","","","","469.15","469.15","","","","","","","","","","","","","Gross Charge Type: Main Acute Price List"
"SCREW, SCHANZ SPADE POINT 6.0X160MM","OperWmSup54458","CDM","278","RC","C1713","HCPCS","","","facility","both","","","","469.15","469.15","","","","","","","","","","","","","Gross Charge Type: Main Acute Price List"
"SCREW, SCHANZ SPADE POINT 6.0X160MM","ScanWmSup54458","CDM","278","RC","C1713","HCPCS","","","facility","both","","","","469.15","469.15","","","","","","","","","","","","","Gross Charge Type: Main Acute Price List"
"SCREW, SELF DRILLING 12MM","ScpuChSup32956","CDM","278","RC","","","","","facility","both","","","","752.95","752.95","","","","","","","","","","","","","Gross Charge Type: Main Acute Price List"
"SCREW, SELF DRILLING HT 2.0X7MM","AnesChSup79830","CDM","278","RC","C1713","HCPCS","","","facility","both","","","","172.47","172.47","","","","","","","","","","","","","Gross Charge Type: Main Acute Price List"
"SCREW, SELF DRILLING HT 2.0X7MM","AnesWmSup79830","CDM","278","RC","C1713","HCPCS","","","facility","both","","","","172.47","172.47","","","","","","","","","","","","","Gross Charge Type: Main Acute Price List"
"SCREW, SELF DRILLING UPPERFACE 1.7X4","ScanWmSup25086","CDM","278","RC","C1713","HCPCS","","","facility","both","","","","242.74","242.74","","","","","","","","","","","","","Gross Charge Type: Main Acute Price List"
"SCREW, SELF DRILLING UPPERFACE","GastChSup25087","CDM","278","RC","C1713","HCPCS","","","facility","both","","","","334.49","334.49","","","","","","","","","","","","","Gross Charge Type: Main Acute Price List"
"SCREW, SELF DRILLING X DRIVE 1.5X4MM","EplbChSup56793","CDM","278","RC","C1713","HCPCS","","","facility","both","","","","295.66","295.66","","","","","","","","","","","","","Gross Charge Type: Main Acute Price List"
"SCREW, SELF DRILLING X DRIVE 1.5X5MM","ScpuChSup78889","CDM","278","RC","C1713","HCPCS","","","facility","both","","","","278.01","278.01","","","","","","","","","","","","","Gross Charge Type: Main Acute Price List"
"SCREW, SELF START VARIABLE OZARK  4.0X16MM","PacuChSup78615","CDM","278","RC","C1713","HCPCS","","","facility","both","","","","923.96","923.96","","","","","","","","","","","","","Gross Charge Type: Main Acute Price List"
"SCREW, SELF START VARIABLE OZARK  4.0X16MM","ScanWmSup78615","CDM","278","RC","C1713","HCPCS","","","facility","both","","","","923.96","923.96","","","","","","","","","","","","","Gross Charge Type: Main Acute Price List"
"SCREW, SELF TAPPING 1.0MM CORTEX 14MM","OperChSup10180753","CDM","278","RC","C1713","HCPCS","","","facility","both","","","","421.06","421.06","","","","","","","","","","","","","Gross Charge Type: Main Acute Price List"
"SCREW, SELF TAPPING CONSTRAINED 12MM","ScpuWmSup120154","CDM","278","RC","C1713","HCPCS","","","facility","both","","","","828.25","828.25","","","","","","","","","","","","","Gross Charge Type: Main Acute Price List"
"SCREW, SELF TAPPING FIXED 16MM","ScorChSup121437","CDM","278","RC","C1713","HCPCS","","","facility","both","","","","731.64","731.64","","","","","","","","","","","","","Gross Charge Type: Main Acute Price List"
"SCREW, SELF TAPPING MIDFACE 1.7X8","ScorChSup25079","CDM","278","RC","","","","","facility","both","","","","297.88","297.88","","","","","","","","","","","","","Gross Charge Type: Main Acute Price List"
"SCREW, SELF TAPPING UPPERFACE 1.2X4","OperChSup25062","CDM","278","RC","","","","","facility","both","","","","350.19","350.19","","","","","","","","","","","","","Gross Charge Type: Main Acute Price List"
"SCREW, SELF TAPPING UPPERFACE 1.2X8","ScanWmSup25066","CDM","278","RC","","","","","facility","both","","","","350.19","350.19","","","","","","","","","","","","","Gross Charge Type: Main Acute Price List"
"SCREW, SELF TAPPING VARIABLE OZARK 4.5X12MM","PacuWmSup107233","CDM","278","RC","","","","","facility","both","","","","868.79","868.79","","","","","","","","","","","","","Gross Charge Type: Main Acute Price List"
"SCREW, SELF-DRILL   2.0X5MM","CLDRChSup79548","CDM","278","RC","C1713","HCPCS","","","facility","both","","","","252.55","252.55","","","","","","","","","","","","","Gross Charge Type: Main Acute Price List"
"SCREW, SELF-DRILL 2.0X7MM","CspuChSup106550","CDM","278","RC","C1713","HCPCS","","","facility","both","","","","252.55","252.55","","","","","","","","","","","","","Gross Charge Type: Main Acute Price List"
"SCREW, SELF-DRILLING 10MM","PacuWmSup46911","CDM","278","RC","","","","","facility","both","","","","752.95","752.95","","","","","","","","","","","","","Gross Charge Type: Main Acute Price List"
"SCREW, SELF-DRILLING 14MM","GastChSup36198","CDM","278","RC","","","","","facility","both","","","","752.95","752.95","","","","","","","","","","","","","Gross Charge Type: Main Acute Price List"
"SCREW, SELF-DRILLING IMF 2.0X7MM BLUE","CspuChSup79771","CDM","278","RC","C1713","HCPCS","","","facility","both","","","","400.38","400.38","","","","","","","","","","","","","Gross Charge Type: Main Acute Price List"
"SCREW, SELF-DRILLING IMF 2.0X8MM -5PACK","ScorWmSup111950","CDM","278","RC","C1713","HCPCS","","","facility","both","","","","799.29","799.29","","","","","","","","","","","","","Gross Charge Type: Main Acute Price List"
"SCREW, SELF-DRILLING IMF 2.0X8MM","ScorChSup34725","CDM","278","RC","","","","","facility","both","","","","850.05","850.05","","","","","","","","","","","","","Gross Charge Type: Main Acute Price List"
"SCREW, SELF-DRILLING IMF 2.0X9MM BLUE","ScpuWmSup79772","CDM","278","RC","C1713","HCPCS","","","facility","both","","","","400.38","400.38","","","","","","","","","","","","","Gross Charge Type: Main Acute Price List"
"SCREW, SELF-DRILLING IMF 2.0X9MM","AnesWmSup106452","CDM","278","RC","C1713","HCPCS","","","facility","both","","","","535.9","535.9","","","","","","","","","","","","","Gross Charge Type: Main Acute Price List"
"SCREW, SELF-STARTING FIXED OZARK  4.0X14MM","AngiChSup78599","CDM","278","RC","C1713","HCPCS","","","facility","both","","","","923.96","923.96","","","","","","","","","","","","","Gross Charge Type: Main Acute Price List"
"SCREW, SELF-TAP DIVERGENCE L 25MM","GyscChSup71060","CDM","278","RC","C1713","HCPCS","","","facility","both","","","","1462.95","1462.95","","","","","","","","","","","","","Gross Charge Type: Main Acute Price List"
"SCREW, SELF-TAP DIVERGENCE L 25MM","OperChSup71060","CDM","278","RC","C1713","HCPCS","","","facility","both","","","","1462.95","1462.95","","","","","","","","","","","","","Gross Charge Type: Main Acute Price List"
"SCREW, SELF-TAP DIVERGENCE L 25MM","ScpuWmSup71060","CDM","278","RC","C1713","HCPCS","","","facility","both","","","","1462.95","1462.95","","","","","","","","","","","","","Gross Charge Type: Main Acute Price List"
"SCREW, SELF-TAPPING CORTEX 1.3X11MM","PacuChSup115302","CDM","278","RC","C1713","HCPCS","","","facility","both","","","","221.44","221.44","","","","","","","","","","","","","Gross Charge Type: Main Acute Price List"
"SCREW, SELF-TAPPING CORTEX 1.3X12MM","AnesChSup115303","CDM","278","RC","C1713","HCPCS","","","facility","both","","","","208.23","208.23","","","","","","","","","","","","","Gross Charge Type: Main Acute Price List"
"SCREW, SELF-TAPPING CORTEX 1.3X13MM","DelrChSup115304","CDM","278","RC","C1713","HCPCS","","","facility","both","","","","221.44","221.44","","","","","","","","","","","","","Gross Charge Type: Main Acute Price List"
"SCREW, SELF-TAPPING CORTEX 1.3X13MM","ScorWmSup115304","CDM","278","RC","C1713","HCPCS","","","facility","both","","","","221.44","221.44","","","","","","","","","","","","","Gross Charge Type: Main Acute Price List"
"SCREW, SELF-TAPPING CORTEX 1.3X15MM","GyscChSup115306","CDM","278","RC","C1713","HCPCS","","","facility","both","","","","208.23","208.23","","","","","","","","","","","","","Gross Charge Type: Main Acute Price List"
"SCREW, SELF-TAPPING CORTEX 1.3X15MM","ScanChSup115306","CDM","278","RC","C1713","HCPCS","","","facility","both","","","","208.23","208.23","","","","","","","","","","","","","Gross Charge Type: Main Acute Price List"
"SCREW, SELF-TAPPING GOLD 1.5X11MM","AngiChSup115650","CDM","278","RC","C1713","HCPCS","","","facility","both","","","","228.68","228.68","","","","","","","","","","","","","Gross Charge Type: Main Acute Price List"
"SCREW, SELF-TAPPING GOLD 1.5X11MM","GyscChSup115650","CDM","278","RC","C1713","HCPCS","","","facility","both","","","","228.68","228.68","","","","","","","","","","","","","Gross Charge Type: Main Acute Price List"
"SCREW, SELF-TAPPING GOLD 1.5X11MM","OperChSup115650","CDM","278","RC","C1713","HCPCS","","","facility","both","","","","228.68","228.68","","","","","","","","","","","","","Gross Charge Type: Main Acute Price List"
"SCREW, SELF-TAPPING GOLD 1.5X5MM 112952","AnesWmSup112952","CDM","278","RC","C1713","HCPCS","","","facility","both","","","","243.31","243.31","","","","","","","","","","","","","Gross Charge Type: Main Acute Price List"
"SCREW, SELF-TAPPING GOLD 1.5X7MM","OperChSup107143","CDM","278","RC","C1713","HCPCS","","","facility","both","","","","243.31","243.31","","","","","","","","","","","","","Gross Charge Type: Main Acute Price List"
"SCREW, SELF-TAPPING GOLD 1.5X8MM","AngiChSup114207","CDM","278","RC","C1713","HCPCS","","","facility","both","","","","228.79","228.79","","","","","","","","","","","","","Gross Charge Type: Main Acute Price List"
"SCREW, SELF-TAPPING GOLD 1.5X8MM","PacuWmSup114207","CDM","278","RC","C1713","HCPCS","","","facility","both","","","","228.79","228.79","","","","","","","","","","","","","Gross Charge Type: Main Acute Price List"
"SCREW, SELF-TAPPING GOLD 1.5X9MM","CcthChSup108379","CDM","278","RC","C1713","HCPCS","","","facility","both","","","","243.31","243.31","","","","","","","","","","","","","Gross Charge Type: Main Acute Price List"
"SCREW, SELF-TAPPING MATRIX 4MMX1.85MM","OperWmSup10193807","CDM","278","RC","C1713","HCPCS","","","facility","both","","","","648.82","648.82","","","","","","","","","","","","","Gross Charge Type: Main Acute Price List"
"SCREW, SELF-TAPPING TI LOCKING W/ STARDRIVE 5.0X36MM STRL","GyscChSup107468","CDM","278","RC","C1713","HCPCS","","","facility","both","","","","1127.78","1127.78","","","","","","","","","","","","","Gross Charge Type: Main Acute Price List"
"SCREW, SELF-TAPPING TI LOCKING W/STARDRIVE 5.0X30MM STRL","DelrChSup115648","CDM","278","RC","C1713","HCPCS","","","facility","both","","","","996.7","996.7","","","","","","","","","","","","","Gross Charge Type: Main Acute Price List"
"SCREW, SELF-TAPPING TI LOCKING W/STARDRIVE 5.0X34MM STRL","GastWmSup108841","CDM","278","RC","C1713","HCPCS","","","facility","both","","","","1127.78","1127.78","","","","","","","","","","","","","Gross Charge Type: Main Acute Price List"
"SCREW, SELF-TAPPING TI LOCKING W/STARDRIVE 5.0X38MM STRL","ScorWmSup106821","CDM","278","RC","C1713","HCPCS","","","facility","both","","","","1127.78","1127.78","","","","","","","","","","","","","Gross Charge Type: Main Acute Price List"
"SCREW, SELF-TAPPING TI LOCKING W/STARDRIVE 5.0X40MM STRL","AngiChSup107427","CDM","278","RC","C1713","HCPCS","","","facility","both","","","","1127.78","1127.78","","","","","","","","","","","","","Gross Charge Type: Main Acute Price List"
"SCREW, SELF-TAPPING TI LOCKING W/T25 STARDRIVE 5.0X50MM","AnesWmSup114140","CDM","278","RC","C1713","HCPCS","","","facility","both","","","","1059.99","1059.99","","","","","","","","","","","","","Gross Charge Type: Main Acute Price List"
"SCREW, SELF-TAPPING TI LOCKING W/T25 STARDRIVE 5.0X50MM","ScpuWmSup114140","CDM","278","RC","C1713","HCPCS","","","facility","both","","","","1059.99","1059.99","","","","","","","","","","","","","Gross Charge Type: Main Acute Price List"
"SCREW, SELF-TAPPING VA LOCKING 1.5X4MM","CspuChSup116395","CDM","278","RC","C1713","HCPCS","","","facility","both","","","","632.13","632.13","","","","","","","","","","","","","Gross Charge Type: Main Acute Price List"
"SCREW, SELF-TAPPING VA LOCKING 2.0X12MM","ScanWmSup112188","CDM","278","RC","C1713","HCPCS","","","facility","both","","","","700.55","700.55","","","","","","","","","","","","","Gross Charge Type: Main Acute Price List"
"SCREW, SELF-TAPPING VA LOCKING 2.0X15MM","CcthChSup112191","CDM","278","RC","C1713","HCPCS","","","facility","both","","","","700.55","700.55","","","","","","","","","","","","","Gross Charge Type: Main Acute Price List"
"SCREW, SELF-TAPPING VA LOCKING 2.0X15MM","OperChSup112191","CDM","278","RC","C1713","HCPCS","","","facility","both","","","","700.55","700.55","","","","","","","","","","","","","Gross Charge Type: Main Acute Price List"
"SCREW, SELF-TAPPING VA LOCKING 2.0X20MM","PacuChSup118046","CDM","278","RC","C1713","HCPCS","","","facility","both","","","","658.72","658.72","","","","","","","","","","","","","Gross Charge Type: Main Acute Price List"
"SCREW, SERRATO 6.5X45MM","ScorWmSup10180524","CDM","278","RC","C1713","HCPCS","","","facility","both","","","","3622.79","3622.79","","","","","","","","","","","","","Gross Charge Type: Main Acute Price List"
"SCREW, SERRATO 6.5X55MM","AnesChSup118886","CDM","278","RC","C1713","HCPCS","","","facility","both","","","","3405.67","3405.67","","","","","","","","","","","","","Gross Charge Type: Main Acute Price List"
"SCREW, SERRATO POLYAXIAL 7.5X50MM","ScpuChSup113175","CDM","278","RC","C1713","HCPCS","","","facility","both","","","","5543.76","5543.76","","","","","","","","","","","","","Gross Charge Type: Main Acute Price List"
"SCREW, SET 108218","AngiChSup108218","CDM","278","RC","C1713","HCPCS","","","facility","both","","","","461.98","461.98","","","","","","","","","","","","","Gross Charge Type: Main Acute Price List"
"SCREW, SET CORE","AngiWmSup108421","CDM","278","RC","C1713","HCPCS","","","facility","both","","","","318.56","318.56","","","","","","","","","","","","","Gross Charge Type: Main Acute Price List"
"SCREW, SET CORPECTOMY CAGE 12X14MM, 22MM-28MM 0 DEGREE","PacuWmSup119526","CDM","278","RC","C1713","HCPCS","","","facility","both","","","","49318.56","49318.56","","","","","","","","","","","","","Gross Charge Type: Main Acute Price List"
"SCREW, SET CORPECTOMY CAGE 12X14MM, 32MM-46MM 0 DEGREE","DelrChSup119525","CDM","278","RC","C1713","HCPCS","","","facility","both","","","","49318.56","49318.56","","","","","","","","","","","","","Gross Charge Type: Main Acute Price List"
"SCREW, SET DIAH SEG LOCK","CspuChSup31014","CDM","278","RC","","","","","facility","both","","","","1176.51","1176.51","","","","","","","","","","","","","Gross Charge Type: Main Acute Price List"
"SCREW, SET DIAH SEG LOCK","GastWmSup31014","CDM","278","RC","","","","","facility","both","","","","1176.51","1176.51","","","","","","","","","","","","","Gross Charge Type: Main Acute Price List"
"SCREW, SET DIAH SEG LOCK","OperChSup31014","CDM","278","RC","","","","","facility","both","","","","1176.51","1176.51","","","","","","","","","","","","","Gross Charge Type: Main Acute Price List"
"SCREW, SET FA","ScorChSup32540","CDM","278","RC","C1713","HCPCS","","","facility","both","","","","585.18","585.18","","","","","","","","","","","","","Gross Charge Type: Main Acute Price List"
"SCREW, SET M6 VERTEX","Wilm5435476","CDM","278","RC","C1713","HCPCS","","","facility","both","","","","289.6","289.6","","","","","","","","","","","","","Gross Charge Type: Main Acute Price List"
"SCREW, SET MOD 5.5MM WITH LID","ScpuWmSup115883","CDM","278","RC","C1713","HCPCS","","","facility","both","","","","741.37","741.37","","","","","","","","","","","","","Gross Charge Type: Main Acute Price List"
"SCREW, SET OCT 4.5X25MM","CcthChSup32542","CDM","278","RC","C1713","HCPCS","","","facility","both","","","","550.24","550.24","","","","","","","","","","","","","Gross Charge Type: Main Acute Price List"
"SCREW, SET PF 08","GastWmSup110517","CDM","278","RC","C1713","HCPCS","","","facility","both","","","","1087.03","1087.03","","","","","","","","","","","","","Gross Charge Type: Main Acute Price List"
"SCREW, SET SPINAL TITANIUM GRADE 4 BREAKOFF F/4.5MM ROD CD HORIZON SOLERA","CcthChSup119153","CDM","278","RC","C1713","HCPCS","","","facility","both","","","","1227.89","1227.89","","","","","","","","","","","","","Gross Charge Type: Main Acute Price List"
"SCREW, SET SYMPHONY OCT SYSTEM STRL","EplbChSup118267","CDM","278","RC","C1713","HCPCS","","","facility","both","","","","550","550","","","","","","","","","","","","","Gross Charge Type: Main Acute Price List"
"SCREW, SET TI 8X17.5MM","ScorChSup26338","CDM","278","RC","C1713","HCPCS","","","facility","both","","","","1021.9","1021.9","","","","","","","","","","","","","Gross Charge Type: Main Acute Price List"
"SCREW, SET TI STD 1/4-32","EplbChSup65089","CDM","278","RC","C1713","HCPCS","","","facility","both","","","","307.99","307.99","","","","","","","","","","","","","Gross Charge Type: Main Acute Price List"
"SCREW, SET TI STD 1/4-32","GyscChSup65089","CDM","278","RC","C1713","HCPCS","","","facility","both","","","","307.99","307.99","","","","","","","","","","","","","Gross Charge Type: Main Acute Price List"
"SCREW, SET VOYAGER COMPT","ScpuWmSup109519","CDM","278","RC","C1713","HCPCS","","","facility","both","","","","461.98","461.98","","","","","","","","","","","","","Gross Charge Type: Main Acute Price List"
"SCREW, SFS LOCKING 3.0X14MM","AngiChSup29826","CDM","278","RC","C1713","HCPCS","","","facility","both","","","","814.06","814.06","","","","","","","","","","","","","Gross Charge Type: Main Acute Price List"
"SCREW, SFS LOCKING 3.0X16MM","EplbChSup29827","CDM","278","RC","C1713","HCPCS","","","facility","both","","","","865.75","865.75","","","","","","","","","","","","","Gross Charge Type: Main Acute Price List"
"SCREW, SFS LOCKING 3.0X18MM","EplbChSup77719","CDM","278","RC","C1713","HCPCS","","","facility","both","","","","670.21","670.21","","","","","","","","","","","","","Gross Charge Type: Main Acute Price List"
"SCREW, SFS LOCKING 3.0X18MM","ScpuChSup77719","CDM","278","RC","C1713","HCPCS","","","facility","both","","","","670.21","670.21","","","","","","","","","","","","","Gross Charge Type: Main Acute Price List"
"SCREW, SHAFT 3.5 X 24MM","ScorChSup49241","CDM","278","RC","C1713","HCPCS","","","facility","both","","","","3562.05","3562.05","","","","","","","","","","","","","Gross Charge Type: Main Acute Price List"
"SCREW, SHAFT 3.5 X 24MM","ScpuWmSup49241","CDM","278","RC","C1713","HCPCS","","","facility","both","","","","3562.05","3562.05","","","","","","","","","","","","","Gross Charge Type: Main Acute Price List"
"SCREW, SHORT THREAD FIXOS 7.0X45MM","AnesChSup109779","CDM","278","RC","C1713","HCPCS","","","facility","both","","","","4046.21","4046.21","","","","","","","","","","","","","Gross Charge Type: Main Acute Price List"
"SCREW, SHORT THREAD FIXOS 7.0X45MM","GastWmSup109779","CDM","278","RC","C1713","HCPCS","","","facility","both","","","","4046.21","4046.21","","","","","","","","","","","","","Gross Charge Type: Main Acute Price List"
"SCREW, SHORT THREAD FIXOS 7.0X70MM","EplbChSup110351","CDM","278","RC","C1713","HCPCS","","","facility","both","","","","4046.21","4046.21","","","","","","","","","","","","","Gross Charge Type: Main Acute Price List"
"SCREW, SHORT THREAD FIXOS 7.0X80MM","EplbChSup109781","CDM","278","RC","C1713","HCPCS","","","facility","both","","","","4046.21","4046.21","","","","","","","","","","","","","Gross Charge Type: Main Acute Price List"
"SCREW, SHORT THREAD FIXOS 7.0X80MM","PacuWmSup109781","CDM","278","RC","C1713","HCPCS","","","facility","both","","","","4046.21","4046.21","","","","","","","","","","","","","Gross Charge Type: Main Acute Price List"
"SCREW, SHORT THREAD FIXOS 7.0X85MM","CcthChSup110510","CDM","278","RC","C1713","HCPCS","","","facility","both","","","","4046.21","4046.21","","","","","","","","","","","","","Gross Charge Type: Main Acute Price List"
"SCREW, SIZER ECLIPSE CAGE","CspuChSup107268","CDM","278","RC","C1713","HCPCS","","","facility","both","","","","677.57","677.57","","","","","","","","","","","","","Gross Charge Type: Main Acute Price List"
"SCREW, SKYLINE CONSTRAINED 14MM - 31429","OperWmSup31429","CDM","278","RC","","","","","facility","both","","","","723.99","723.99","","","","","","","","","","","","","Gross Charge Type: Main Acute Price List"
"SCREW, SMARTLOCK HMMF 2.0X8MM","ScorWmSup53465","CDM","278","RC","C1713","HCPCS","","","facility","both","","","","807.29","807.29","","","","","","","","","","","","","Gross Charge Type: Main Acute Price List"
"SCREW, SMYPHONY 5X20MM","AngiWmSup111255","CDM","278","RC","C1713","HCPCS","","","facility","both","","","","5762.99","5762.99","","","","","","","","","","","","","Gross Charge Type: Main Acute Price List"
"SCREW, SMYPHONY 5X20MM","ScpuChSup111255","CDM","278","RC","C1713","HCPCS","","","facility","both","","","","5762.99","5762.99","","","","","","","","","","","","","Gross Charge Type: Main Acute Price List"
"SCREW, SNAP OFF DIAM. 2 LG.14","EplbChSup57368","CDM","278","RC","","","","","facility","both","","","","2435.32","2435.32","","","","","","","","","","","","","Gross Charge Type: Main Acute Price List"
"SCREW, SNAP-OFF 2.0X12MM","AngiChSup115823","CDM","278","RC","C1713","HCPCS","","","facility","both","","","","2435.32","2435.32","","","","","","","","","","","","","Gross Charge Type: Main Acute Price List"
"SCREW, SNAP-OFF QUICKFIX TI 2.0X11MM","ScorWmSup59981","CDM","278","RC","C1713","HCPCS","","","facility","both","","","","1601.53","1601.53","","","","","","","","","","","","","Gross Charge Type: Main Acute Price List"
"SCREW, SNAP-OFF QUICKFIX TI 2.0X11MM","Wilm5459981","CDM","278","RC","C1713","HCPCS","","","facility","both","","","","1601.53","1601.53","","","","","","","","","","","","","Gross Charge Type: Main Acute Price List"
"SCREW, SOLERA ATS 8.5X70MM","AngiWmSup115395","CDM","278","RC","C1713","HCPCS","","","facility","both","","","","3538.47","3538.47","","","","","","","","","","","","","Gross Charge Type: Main Acute Price List"
"SCREW, SOLERA CROSSLINK FIXED 34MM","CcthChSup114141","CDM","278","RC","C1713","HCPCS","","","facility","both","","","","2865.79","2865.79","","","","","","","","","","","","","Gross Charge Type: Main Acute Price List"
"SCREW, SOLERA VOYAGER 7.5X30MM","EplbChSup108335","CDM","278","RC","","","","","facility","both","","","","6023.63","6023.63","","","","","","","","","","","","","Gross Charge Type: Main Acute Price List"
"SCREW, SPINAL MONTEREY AL 5.0MMX20MM","OperWmSup10194565","CDM","278","RC","C1713","HCPCS","","","facility","both","","","","693.5","693.5","","","","","","","","","","","","","Gross Charge Type: Main Acute Price List"
"SCREW, SPINAL RELINE C 4.5X14MM","OperChSup10196028","CDM","278","RC","C1713","HCPCS","","","facility","both","","","","4137.64","4137.64","","","","","","","","","","","","","Gross Charge Type: Main Acute Price List"
"SCREW, SPINAL RELINE MAS 10.5X50MM","OperWmSup10196677","CDM","278","RC","C1713","HCPCS","","","facility","both","","","","6333.48","6333.48","","","","","","","","","","","","","Gross Charge Type: Main Acute Price List"
"SCREW, SPINAL RELINE MAS MIDLINE 5.5X50MM","AngiWmSup116375","CDM","278","RC","C1713","HCPCS","","","facility","both","","","","4619.8","4619.8","","","","","","","","","","","","","Gross Charge Type: Main Acute Price List"
"SCREW, SPINAL SI LOK LAG 12MMX45MM","OperChSup10194754","CDM","278","RC","C1713","HCPCS","","","facility","both","","","","14600","14600","","","","","","","","","","","","","Gross Charge Type: Main Acute Price List"
"SCREW, STANDARD ACUTRAK2 30MM NONSTRL","PacuWmSup61622","CDM","278","RC","C1713","HCPCS","","","facility","both","","","","3046.57","3046.57","","","","","","","","","","","","","Gross Charge Type: Main Acute Price List"
"SCREW, STANDARD ACUTRAK2 30MM NONSTRL","ScorWmSup61622","CDM","278","RC","C1713","HCPCS","","","facility","both","","","","3046.57","3046.57","","","","","","","","","","","","","Gross Charge Type: Main Acute Price List"
"SCREW, STANDARD ACUTRAK2 34MM NONSTRL","CspuChSup61623","CDM","278","RC","C1713","HCPCS","","","facility","both","","","","3046.57","3046.57","","","","","","","","","","","","","Gross Charge Type: Main Acute Price List"
"SCREW, STANDARD ACUTRAK2 34MM NONSTRL","ScpuChSup61623","CDM","278","RC","C1713","HCPCS","","","facility","both","","","","3046.57","3046.57","","","","","","","","","","","","","Gross Charge Type: Main Acute Price List"
"SCREW, STARDRIVE VA LOCKING  5.0 X65MM","ScanWmSup57692","CDM","278","RC","C1713","HCPCS","","","facility","both","","","","1089.47","1089.47","","","","","","","","","","","","","Gross Charge Type: Main Acute Price List"
"SCREW, STARDRIVE VA LOCKING SELF-TAP 5.0 X 85MM","AngiWmSup53696","CDM","278","RC","C1713","HCPCS","","","facility","both","","","","1089.47","1089.47","","","","","","","","","","","","","Gross Charge Type: Main Acute Price List"
"SCREW, STARDRIVE VA LOCKING SELF-TAP 5.0 X 85MM","EplbChSup53696","CDM","278","RC","C1713","HCPCS","","","facility","both","","","","1089.47","1089.47","","","","","","","","","","","","","Gross Charge Type: Main Acute Price List"
"SCREW, STARDRIVE VA LOCKING SELF-TAP 5.0 X 85MM","ScorChSup53696","CDM","278","RC","C1713","HCPCS","","","facility","both","","","","1089.47","1089.47","","","","","","","","","","","","","Gross Charge Type: Main Acute Price List"
"SCREW, STYLET EVEREST 75MM","CcthChSup112221","CDM","272","RC","C1713","HCPCS","","","facility","both","","","","231.68","231.68","","","","","","","","","","","","","Gross Charge Type: Main Acute Price List"
"SCREW, SYMPHONY 4.0X36MM","ScorChSup111254","CDM","278","RC","C1713","HCPCS","","","facility","both","","","","3788.24","3788.24","","","","","","","","","","","","","Gross Charge Type: Main Acute Price List"
"SCREW, SYMPHONY POLYAXIAL CANNULATED REDUCTION 4.0MM ROD 3.5X14MM","ScanWmSup120167","CDM","278","RC","C1713","HCPCS","","","facility","both","","","","5762.99","5762.99","","","","","","","","","","","","","Gross Charge Type: Main Acute Price List"
"SCREW, SYMPHONY POLYAXIAL CANNULATED REDUCTION 4.0MM ROD 3.5X16MM","CcthChSup120166","CDM","278","RC","C1713","HCPCS","","","facility","both","","","","5762.99","5762.99","","","","","","","","","","","","","Gross Charge Type: Main Acute Price List"
"SCREW, SYMPHONY POLYAXIAL CANNULATED REDUCTION 4.0MM ROD 3.5X16MM","OperWmSup120166","CDM","278","RC","C1713","HCPCS","","","facility","both","","","","5762.99","5762.99","","","","","","","","","","","","","Gross Charge Type: Main Acute Price List"
"SCREW, SYMPHONY POLYAXIAL CANNULATED REDUCTION 4.0MM ROD 3.5X16MM","ScanChSup120166","CDM","278","RC","C1713","HCPCS","","","facility","both","","","","5762.99","5762.99","","","","","","","","","","","","","Gross Charge Type: Main Acute Price List"
"SCREW, SYMPHONY POLYAXIAL OCT 4.0 4.5X14MM","GyscChSup114813","CDM","278","RC","C1713","HCPCS","","","facility","both","","","","3560.53","3560.53","","","","","","","","","","","","","Gross Charge Type: Main Acute Price List"
"SCREW, SYMPHONY RX 5.5X28MM","ScanWmSup113364","CDM","278","RC","C1713","HCPCS","","","facility","both","","","","6128.94","6128.94","","","","","","","","","","","","","Gross Charge Type: Main Acute Price List"
"SCREW, SYNFIX EVOLUTION 25MM STRL","PacuChSup71613","CDM","278","RC","","","","","facility","both","","","","2648.68","2648.68","","","","","","","","","","","","","Gross Charge Type: Main Acute Price List"
"SCREW, SYNFIX EVOLUTION FINE TIP 20MM STRL","ScpuWmSup69095","CDM","278","RC","C1713","HCPCS","","","facility","both","","","","1324.34","1324.34","","","","","","","","","","","","","Gross Charge Type: Main Acute Price List"
"SCREW, T2 CONDYLE 5X40MM","PacuChSup22993","CDM","278","RC","","","","","facility","both","","","","1068.47","1068.47","","","","","","","","","","","","","Gross Charge Type: Main Acute Price List"
"SCREW, T2 CONDYLE 5X45MM","ScpuChSup22994","CDM","278","RC","C1713","HCPCS","","","facility","both","","","","1007.91","1007.91","","","","","","","","","","","","","Gross Charge Type: Main Acute Price List"
"SCREW, T2 CONDYLE 5X60MM","ScanChSup22997","CDM","278","RC","C1713","HCPCS","","","facility","both","","","","1004.68","1004.68","","","","","","","","","","","","","Gross Charge Type: Main Acute Price List"
"SCREW, T2 CONDYLE 5X65MM","PacuChSup22998","CDM","278","RC","","","","","facility","both","","","","1068.47","1068.47","","","","","","","","","","","","","Gross Charge Type: Main Acute Price List"
"SCREW, T2 CONDYLE 5X70MM","OperWmSup22999","CDM","278","RC","C1713","HCPCS","","","facility","both","","","","1068.47","1068.47","","","","","","","","","","","","","Gross Charge Type: Main Acute Price List"
"SCREW, T2 CONDYLE 5X75MM","GastWmSup23000","CDM","278","RC","C1713","HCPCS","","","facility","both","","","","1068.47","1068.47","","","","","","","","","","","","","Gross Charge Type: Main Acute Price List"
"SCREW, T2 CONDYLE 5X80MM","CspuChSup23001","CDM","278","RC","C1713","HCPCS","","","facility","both","","","","1004.68","1004.68","","","","","","","","","","","","","Gross Charge Type: Main Acute Price List"
"SCREW, T2 CONDYLE 5X80MM","ScanChSup23001","CDM","278","RC","C1713","HCPCS","","","facility","both","","","","1004.68","1004.68","","","","","","","","","","","","","Gross Charge Type: Main Acute Price List"
"SCREW, T2 CONDYLE 5X85MM","EplbChSup23002","CDM","278","RC","","","","","facility","both","","","","1068.47","1068.47","","","","","","","","","","","","","Gross Charge Type: Main Acute Price List"
"SCREW, T2 F/T LOCKING 4X24MM","GyscChSup23012","CDM","278","RC","C1713","HCPCS","","","facility","both","","","","988.27","988.27","","","","","","","","","","","","","Gross Charge Type: Main Acute Price List"
"SCREW, T2 F/T LOCKING 4X24MM","OperChSup23012","CDM","278","RC","C1713","HCPCS","","","facility","both","","","","988.27","988.27","","","","","","","","","","","","","Gross Charge Type: Main Acute Price List"
"SCREW, T2 F/T LOCKING 4X28MM","GyscChSup23015","CDM","278","RC","","","","","facility","both","","","","996.03","996.03","","","","","","","","","","","","","Gross Charge Type: Main Acute Price List"
"SCREW, T2 F/T LOCKING 4X30MM","GastWmSup23016","CDM","278","RC","","","","","facility","both","","","","996.03","996.03","","","","","","","","","","","","","Gross Charge Type: Main Acute Price List"
"SCREW, T2 F/T LOCKING 4X36MM","Chrs5423020","CDM","278","RC","","","","","facility","both","","","","936.56","936.56","","","","","","","","","","","","","Gross Charge Type: Main Acute Price List"
"SCREW, T2 F/T LOCKING 5X100MM","AnesChSup23058","CDM","278","RC","C1713","HCPCS","","","facility","both","","","","866.98","866.98","","","","","","","","","","","","","Gross Charge Type: Main Acute Price List"
"SCREW, T2 F/T LOCKING 5X50MM","GastChSup23031","CDM","278","RC","C1713","HCPCS","","","facility","both","","","","914.66","914.66","","","","","","","","","","","","","Gross Charge Type: Main Acute Price List"
"SCREW, T2 F/T LOCKING 5X55MM","CcthChSup23032","CDM","278","RC","C1713","HCPCS","","","facility","both","","","","914.66","914.66","","","","","","","","","","","","","Gross Charge Type: Main Acute Price List"
"SCREW, T2 F/T LOCKING 5X65MM","Chrs5423034","CDM","278","RC","C1713","HCPCS","","","facility","both","","","","972.74","972.74","","","","","","","","","","","","","Gross Charge Type: Main Acute Price List"
"SCREW, T2 F/T LOCKING 5X70MM","EplbChSup23035","CDM","278","RC","C1713","HCPCS","","","facility","both","","","","914.66","914.66","","","","","","","","","","","","","Gross Charge Type: Main Acute Price List"
"SCREW, T2 F/T LOCKING 5X70MM","ScorWmSup23035","CDM","278","RC","C1713","HCPCS","","","facility","both","","","","914.66","914.66","","","","","","","","","","","","","Gross Charge Type: Main Acute Price List"
"SCREW, T2 F/T LOCKING 5X80MM","CspuChSup23037","CDM","278","RC","C1713","HCPCS","","","facility","both","","","","972.74","972.74","","","","","","","","","","","","","Gross Charge Type: Main Acute Price List"
"SCREW, T2 F/T LOCKING 5X85MM","PacuChSup23038","CDM","278","RC","","","","","facility","both","","","","914.66","914.66","","","","","","","","","","","","","Gross Charge Type: Main Acute Price List"
"SCREW, T2 F/T LOCKING 5X90MM","OperWmSup23039","CDM","278","RC","","","","","facility","both","","","","914.66","914.66","","","","","","","","","","","","","Gross Charge Type: Main Acute Price List"
"SCREW, T2 F/T LOCKING 5X95MM","ScanWmSup23057","CDM","278","RC","C1713","HCPCS","","","facility","both","","","","914.66","914.66","","","","","","","","","","","","","Gross Charge Type: Main Acute Price List"
"SCREW, T2 RECON LAG  6.5X100MM","ScpuWmSup43803","CDM","278","RC","C1713","HCPCS","","","facility","both","","","","1254.73","1254.73","","","","","","","","","","","","","Gross Charge Type: Main Acute Price List"
"SCREW, T2 RECON LAG S 6.5X105MM","ScanChSup43804","CDM","278","RC","C1713","HCPCS","","","facility","both","","","","1254.73","1254.73","","","","","","","","","","","","","Gross Charge Type: Main Acute Price List"
"SCREW, T8 STARDRIVE VA LOCKING SELF-TAP 2.7X 30MM","Chrs5453571","CDM","278","RC","C1713","HCPCS","","","facility","both","","","","810.49","810.49","","","","","","","","","","","","","Gross Charge Type: Main Acute Price List"
"SCREW, T8 STARDRIVE VA LOCKING SELF-TAP 2.7X 30MM","ScanChSup53571","CDM","278","RC","C1713","HCPCS","","","facility","both","","","","810.49","810.49","","","","","","","","","","","","","Gross Charge Type: Main Acute Price List"
"SCREW, T8 STARDRIVE VA LOCKING SELF-TAP 2.7X14MM","Chrs5453564","CDM","278","RC","C1713","HCPCS","","","facility","both","","","","810.49","810.49","","","","","","","","","","","","","Gross Charge Type: Main Acute Price List"
"SCREW, T8 STARDRIVE VA LOCKING SELF-TAP 2.7X18MM","GastWmSup53566","CDM","278","RC","C1713","HCPCS","","","facility","both","","","","810.49","810.49","","","","","","","","","","","","","Gross Charge Type: Main Acute Price List"
"SCREW, T8 STARDRIVE VA LOCKING SELF-TAP 2.7X20MM","AngiWmSup53567","CDM","278","RC","C1713","HCPCS","","","facility","both","","","","810.49","810.49","","","","","","","","","","","","","Gross Charge Type: Main Acute Price List"
"SCREW, T8 STARDRIVE VA LOCKING SELF-TAP 2.7X20MM","CspuChSup53567","CDM","278","RC","C1713","HCPCS","","","facility","both","","","","810.49","810.49","","","","","","","","","","","","","Gross Charge Type: Main Acute Price List"
"SCREW, T8 STARDRIVE VA LOCKING SELF-TAP 2.7X20MM","EplbChSup53567","CDM","278","RC","C1713","HCPCS","","","facility","both","","","","810.49","810.49","","","","","","","","","","","","","Gross Charge Type: Main Acute Price List"
"SCREW, T8 STARDRIVE VA LOCKING SELF-TAP 2.7X24MM","CcthChSup53568","CDM","278","RC","C1713","HCPCS","","","facility","both","","","","810.49","810.49","","","","","","","","","","","","","Gross Charge Type: Main Acute Price List"
"SCREW, T8 STARDRIVE VA LOCKING SELF-TAP 2.7X24MM","GastWmSup53568","CDM","278","RC","C1713","HCPCS","","","facility","both","","","","810.49","810.49","","","","","","","","","","","","","Gross Charge Type: Main Acute Price List"
"SCREW, T8 STARDRIVE VA LOCKING SELF-TAP 2.7X24MM","PacuChSup53568","CDM","278","RC","C1713","HCPCS","","","facility","both","","","","810.49","810.49","","","","","","","","","","","","","Gross Charge Type: Main Acute Price List"
"SCREW, T8 STARDRIVE VA LOCKING SELF-TAP 2.7X26MM","ScpuWmSup53569","CDM","278","RC","C1713","HCPCS","","","facility","both","","","","810.49","810.49","","","","","","","","","","","","","Gross Charge Type: Main Acute Price List"
"SCREW, T8 STARDRIVE VA LOCKING SELF-TAP 2.7X28MM","ScorWmSup53570","CDM","278","RC","C1713","HCPCS","","","facility","both","","","","810.49","810.49","","","","","","","","","","","","","Gross Charge Type: Main Acute Price List"
"SCREW, T8 STARDRIVE VA LOCKING SELF-TAP 2.7X34MM","ScorChSup53573","CDM","278","RC","C1713","HCPCS","","","facility","both","","","","810.49","810.49","","","","","","","","","","","","","Gross Charge Type: Main Acute Price List"
"SCREW, T8 STARDRIVE VA LOCKING SELF-TAP 2.7X40MM","PacuWmSup53576","CDM","278","RC","C1713","HCPCS","","","facility","both","","","","810.49","810.49","","","","","","","","","","","","","Gross Charge Type: Main Acute Price List"
"SCREW, T8 STARDRIVE VA LOCKING SELF-TAP 2.7X44MM","PacuChSup53578","CDM","278","RC","C1713","HCPCS","","","facility","both","","","","810.49","810.49","","","","","","","","","","","","","Gross Charge Type: Main Acute Price List"
"SCREW, T8 STARDRIVE VA LOCKING SELF-TAP 2.7X50MM","GyscChSup53580","CDM","278","RC","C1713","HCPCS","","","facility","both","","","","810.49","810.49","","","","","","","","","","","","","Gross Charge Type: Main Acute Price List"
"SCREW, T8 STARDRIVE VA LOCKING SELF-TAP 2.7X60MM","CcthChSup53583","CDM","278","RC","C1713","HCPCS","","","facility","both","","","","810.49","810.49","","","","","","","","","","","","","Gross Charge Type: Main Acute Price List"
"SCREW, TCS 13MM","AngiChSup118205","CDM","278","RC","C1713","HCPCS","","","facility","both","","","","666.07","666.07","","","","","","","","","","","","","Gross Charge Type: Main Acute Price List"
"SCREW, TCS 13MM","ScpuChSup118205","CDM","278","RC","C1713","HCPCS","","","facility","both","","","","666.07","666.07","","","","","","","","","","","","","Gross Charge Type: Main Acute Price List"
"SCREW, TENODESIS BIOCOMPOSITE 5.5X15MM","OperWmSup43773","CDM","278","RC","C1713","HCPCS","","","facility","both","","","","2302.21","2302.21","","","","","","","","","","","","","Gross Charge Type: Main Acute Price List"
"SCREW, TENODESIS BIOCOMPOSITE 5.5X15MM","ScorWmSup43773","CDM","278","RC","C1713","HCPCS","","","facility","both","","","","2302.21","2302.21","","","","","","","","","","","","","Gross Charge Type: Main Acute Price List"
"SCREW, TFNA 130MM STRL","PacuWmSup114867","CDM","278","RC","C1713","HCPCS","","","facility","both","","","","3387.13","3387.13","","","","","","","","","","","","","Gross Charge Type: Main Acute Price List"
"SCREW, TFNA FENESTRATED 110MM STRL","OperWmSup79142","CDM","278","RC","C1713","HCPCS","","","facility","both","","","","3832.59","3832.59","","","","","","","","","","","","","Gross Charge Type: Main Acute Price List"
"SCREW, TFNA FENESTRATED 120MM STRL","OperChSup109159","CDM","278","RC","C1713","HCPCS","","","facility","both","","","","3603.75","3603.75","","","","","","","","","","","","","Gross Charge Type: Main Acute Price List"
"SCREW, TFNA FENESTRATED 75MM STRL","ScanChSup110106","CDM","278","RC","C1713","HCPCS","","","facility","both","","","","3832.59","3832.59","","","","","","","","","","","","","Gross Charge Type: Main Acute Price List"
"SCREW, TFNA FENESTRATED 80MM STRL","PacuWmSup75193","CDM","278","RC","C1713","HCPCS","","","facility","both","","","","3832.59","3832.59","","","","","","","","","","","","","Gross Charge Type: Main Acute Price List"
"SCREW, TFNA FENESTRATED 85MM STRL","AnesChSup75456","CDM","278","RC","C1713","HCPCS","","","facility","both","","","","3832.59","3832.59","","","","","","","","","","","","","Gross Charge Type: Main Acute Price List"
"SCREW, TFNA FENESTRATED 85MM STRL","GastChSup75456","CDM","278","RC","C1713","HCPCS","","","facility","both","","","","3832.59","3832.59","","","","","","","","","","","","","Gross Charge Type: Main Acute Price List"
"SCREW, TFNA FENESTRATED 90MM STRL","GyscChSup75424","CDM","278","RC","C1713","HCPCS","","","facility","both","","","","3832.59","3832.59","","","","","","","","","","","","","Gross Charge Type: Main Acute Price List"
"SCREW, TFNA FENESTRATED 90MM STRL","ScpuWmSup75424","CDM","278","RC","C1713","HCPCS","","","facility","both","","","","3832.59","3832.59","","","","","","","","","","","","","Gross Charge Type: Main Acute Price List"
"SCREW, TI 5.2X50MM","ScpuWmSup21666","CDM","278","RC","","","","","facility","both","","","","3041.47","3041.47","","","","","","","","","","","","","Gross Charge Type: Main Acute Price List"
"SCREW, TI ANGULAR STABLE LOCKING 4.0X26MM STRL","AnesWmSup78488","CDM","278","RC","C1713","HCPCS","","","facility","both","","","","1149.06","1149.06","","","","","","","","","","","","","Gross Charge Type: Main Acute Price List"
"SCREW, TI ANGULAR STABLE LOCKING 5.0X 42","AnesWmSup76895","CDM","278","RC","C1713","HCPCS","","","facility","both","","","","1190.94","1190.94","","","","","","","","","","","","","Gross Charge Type: Main Acute Price List"
"SCREW, TI ANGULAR STABLE LOCKING 5.0X36MM","PacuChSup78491","CDM","278","RC","C1713","HCPCS","","","facility","both","","","","1149.06","1149.06","","","","","","","","","","","","","Gross Charge Type: Main Acute Price List"
"SCREW, TI ANGULAR STABLE LOCKING 5.0X46MM","ScanWmSup80118","CDM","278","RC","C1713","HCPCS","","","facility","both","","","","1149.06","1149.06","","","","","","","","","","","","","Gross Charge Type: Main Acute Price List"
"SCREW, TI ANGULAR STABLE LOCKING 5.0X58MM","GastChSup109331","CDM","278","RC","C1713","HCPCS","","","facility","both","","","","1149.06","1149.06","","","","","","","","","","","","","Gross Charge Type: Main Acute Price List"
"SCREW, TI ANGULAR STABLE LOCKING 5.0X64MM","PacuChSup75700","CDM","278","RC","C1713","HCPCS","","","facility","both","","","","1149.06","1149.06","","","","","","","","","","","","","Gross Charge Type: Main Acute Price List"
"SCREW, TI ANGULAR STABLE LOCKING 5.0X70MM","GastWmSup75701","CDM","278","RC","C1713","HCPCS","","","facility","both","","","","1149.06","1149.06","","","","","","","","","","","","","Gross Charge Type: Main Acute Price List"
"SCREW, TI ANGULAR STABLE LOCKING 5.0X70MM","ScpuWmSup75701","CDM","278","RC","C1713","HCPCS","","","facility","both","","","","1149.06","1149.06","","","","","","","","","","","","","Gross Charge Type: Main Acute Price List"
"SCREW, TI LOCK  2.0 X 14MM","GyscChSup115476","CDM","278","RC","C1713","HCPCS","","","facility","both","","","","1186.84","1186.84","","","","","","","","","","","","","Gross Charge Type: Main Acute Price List"
"SCREW, TI LOCKING 3.5X20MM","AngiWmSup106941","CDM","278","RC","C1713","HCPCS","","","facility","both","","","","1181.56","1181.56","","","","","","","","","","","","","Gross Charge Type: Main Acute Price List"
"SCREW, TI LOCKING 3.5X24MM","ScanChSup106942","CDM","278","RC","C1713","HCPCS","","","facility","both","","","","1181.56","1181.56","","","","","","","","","","","","","Gross Charge Type: Main Acute Price List"
"SCREW, TI LOCKING PLATE 3.5X22MM","ScanWmSup79289","CDM","278","RC","C1713","HCPCS","","","facility","both","","","","1181.56","1181.56","","","","","","","","","","","","","Gross Charge Type: Main Acute Price List"
"SCREW, TI LOCKING PLATE 3.5X26MM","CLDRChSup79291","CDM","278","RC","C1713","HCPCS","","","facility","both","","","","1181.56","1181.56","","","","","","","","","","","","","Gross Charge Type: Main Acute Price List"
"SCREW, TI MULITLOC 4.5X28MM","Chrs5466994","CDM","278","RC","C1713","HCPCS","","","facility","both","","","","1803.2","1803.2","","","","","","","","","","","","","Gross Charge Type: Main Acute Price List"
"SCREW, TI MULTILOC 4.5 X 40MM","CLDRChSup69454","CDM","278","RC","C1713","HCPCS","","","facility","both","","","","1426.73","1426.73","","","","","","","","","","","","","Gross Charge Type: Main Acute Price List"
"SCREW, TI MULTILOC 4.5 X 44MM","PacuChSup69452","CDM","278","RC","C1713","HCPCS","","","facility","both","","","","1426.73","1426.73","","","","","","","","","","","","","Gross Charge Type: Main Acute Price List"
"SCREW, TI MULTILOC 4.5X26MM STRL","GastChSup78986","CDM","278","RC","C1713","HCPCS","","","facility","both","","","","1803.2","1803.2","","","","","","","","","","","","","Gross Charge Type: Main Acute Price List"
"SCREW, TI MULTILOC 4.5X26MM STRL","ScorWmSup78986","CDM","278","RC","C1713","HCPCS","","","facility","both","","","","1803.2","1803.2","","","","","","","","","","","","","Gross Charge Type: Main Acute Price List"
"SCREW, TI MULTILOC 4.5X32MM","GyscChSup66910","CDM","278","RC","C1713","HCPCS","","","facility","both","","","","1803.2","1803.2","","","","","","","","","","","","","Gross Charge Type: Main Acute Price List"
"SCREW, TI MULTILOC 4.5X32MM","ScorChSup72052","CDM","278","RC","C1713","HCPCS","","","facility","both","","","","1517.32","1517.32","","","","","","","","","","","","","Gross Charge Type: Main Acute Price List"
"SCREW, TI MULTILOC 4.5X44MM","PacuChSup66201","CDM","278","RC","C1713","HCPCS","","","facility","both","","","","1803.2","1803.2","","","","","","","","","","","","","Gross Charge Type: Main Acute Price List"
"SCREW, TI MULTILOC 4.5X46MM","Chrs5466553","CDM","278","RC","C1713","HCPCS","","","facility","both","","","","1803.2","1803.2","","","","","","","","","","","","","Gross Charge Type: Main Acute Price List"
"SCREW, TI MULTILOC 4.5X46MM","ScanChSup66553","CDM","278","RC","C1713","HCPCS","","","facility","both","","","","1803.2","1803.2","","","","","","","","","","","","","Gross Charge Type: Main Acute Price List"
"SCREW, TI MULTILOC 4.5X50MM STRL","AngiWmSup80029","CDM","278","RC","C1713","HCPCS","","","facility","both","","","","1803.2","1803.2","","","","","","","","","","","","","Gross Charge Type: Main Acute Price List"
"SCREW, TI MULTILOC 4.5X50MM","ScorChSup72245","CDM","278","RC","C1713","HCPCS","","","facility","both","","","","1352.35","1352.35","","","","","","","","","","","","","Gross Charge Type: Main Acute Price List"
"SCREW, TI MULTILOC 4.5X52MM STRL","ScanWmSup114841","CDM","278","RC","C1713","HCPCS","","","facility","both","","","","1694.82","1694.82","","","","","","","","","","","","","Gross Charge Type: Main Acute Price List"
"SCREW, TI MULTILOC 4.5X5MM STRL","AnesChSup107303","CDM","278","RC","C1713","HCPCS","","","facility","both","","","","1231.78","1231.78","","","","","","","","","","","","","Gross Charge Type: Main Acute Price List"
"SCREW, TI MUTILOC 4.5X60MM STRL","PacuChSup109892","CDM","278","RC","C1713","HCPCS","","","facility","both","","","","1803.2","1803.2","","","","","","","","","","","","","Gross Charge Type: Main Acute Price List"
"SCREW, TI NON-LOCKING 3.5X32MM","ScpuChSup106940","CDM","278","RC","C1713","HCPCS","","","facility","both","","","","602.36","602.36","","","","","","","","","","","","","Gross Charge Type: Main Acute Price List"
"SCREW, TI NON-LOCKING 3.5X36MM","PacuWmSup106939","CDM","278","RC","C1713","HCPCS","","","facility","both","","","","602.36","602.36","","","","","","","","","","","","","Gross Charge Type: Main Acute Price List"
"SCREW, TI NS RED BO SET REDUCTION 5.5X6.0MM","DelrChSup106484","CDM","278","RC","","","","","facility","both","","","","289.6","289.6","","","","","","","","","","","","","Gross Charge Type: Main Acute Price List"
"SCREW, TIBIAL 5MM  WEDGE SZ 3 4","ScanWmSup118585","CDM","278","RC","C1713","HCPCS","","","facility","both","","","","8223.25","8223.25","","","","","","","","","","","","","Gross Charge Type: Main Acute Price List"
"SCREW, TITANIUM CANNULATED ASNIS III  5.0X60MM","OperWmSup115484","CDM","278","RC","C1713","HCPCS","","","facility","both","","","","974.11","974.11","","","","","","","","","","","","","Gross Charge Type: Main Acute Price List"
"SCREW, TRACTION POLY RELINE-O 6.5X35MM","GyscChSup71174","CDM","278","RC","","","","","facility","both","","","","4311.82","4311.82","","","","","","","","","","","","","Gross Charge Type: Main Acute Price List"
"SCREW, TRACTION POLY RELINE-O 7.5X35MM","CLDRChSup72190","CDM","278","RC","","","","","facility","both","","","","4054.37","4054.37","","","","","","","","","","","","","Gross Charge Type: Main Acute Price List"
"SCREW, TULIP RELINE MAS MOD","AnesChSup77548","CDM","278","RC","C1713","HCPCS","","","facility","both","","","","3079.87","3079.87","","","","","","","","","","","","","Gross Charge Type: Main Acute Price List"
"SCREW, UNIVERS REVERS MOD GLENIOD PERIPHERAL NON-LOCKING 4.5X48MM","AnesChSup108862","CDM","278","RC","C1713","HCPCS","","","facility","both","","","","739.16","739.16","","","","","","","","","","","","","Gross Charge Type: Main Acute Price List"
"SCREW, UNIVERS REVERS MOD GLENOID PERIPHERAL LOCKING 5.5X36MM","AnesChSup109010","CDM","278","RC","C1713","HCPCS","","","facility","both","","","","739.16","739.16","","","","","","","","","","","","","Gross Charge Type: Main Acute Price List"
"SCREW, UNIVERS REVERS MOD GLENOID PERIPHERAL LOCKING 5.5X44MM","AnesChSup109696","CDM","278","RC","C1713","HCPCS","","","facility","both","","","","739.16","739.16","","","","","","","","","","","","","Gross Charge Type: Main Acute Price List"
"SCREW, UNIVERS REVERS MOD GLENOID PERIPHERAL LOCKING 5.5X44MM","AnesWmSup109696","CDM","278","RC","C1713","HCPCS","","","facility","both","","","","739.16","739.16","","","","","","","","","","","","","Gross Charge Type: Main Acute Price List"
"SCREW, UNIVERS REVERS MOD GLENOID PERIPHERAL LOCKING 5.5X44MM","GastWmSup109696","CDM","278","RC","C1713","HCPCS","","","facility","both","","","","739.16","739.16","","","","","","","","","","","","","Gross Charge Type: Main Acute Price List"
"SCREW, UNIVERS REVERS MOD GLENOID PERIPHERAL NON-LOCKING 4.5X16MM","PacuChSup112320","CDM","278","RC","C1713","HCPCS","","","facility","both","","","","695.03","695.03","","","","","","","","","","","","","Gross Charge Type: Main Acute Price List"
"SCREW, UNIVERS REVERS MOD GLENOID PERIPHERAL NON-LOCKING 4.5X40MM","CcthChSup77835","CDM","278","RC","C1713","HCPCS","","","facility","both","","","","739.16","739.16","","","","","","","","","","","","","Gross Charge Type: Main Acute Price List"
"SCREW, UNIVERS REVERS MOD GLENOID PERIPHERAL NON-LOCKING 4.5X40MM","CspuChSup77835","CDM","278","RC","C1713","HCPCS","","","facility","both","","","","739.16","739.16","","","","","","","","","","","","","Gross Charge Type: Main Acute Price List"
"SCREW, UNIVERS REVERS MOD GLENOID PERIPHERAL","AnesChSup107659","CDM","278","RC","C1713","HCPCS","","","facility","both","","","","695.03","695.03","","","","","","","","","","","","","Gross Charge Type: Main Acute Price List"
"SCREW, VA ANGLE LOCKING 5.0X28MM","GastChSup57999","CDM","278","RC","","","","","facility","both","","","","1089.47","1089.47","","","","","","","","","","","","","Gross Charge Type: Main Acute Price List"
"SCREW, VA LOCKING 1.5X12MM","ScorChSup117893","CDM","278","RC","C1713","HCPCS","","","facility","both","","","","632.13","632.13","","","","","","","","","","","","","Gross Charge Type: Main Acute Price List"
"SCREW, VA LOCKING 1.5X14MM","ScanChSup117894","CDM","278","RC","C1713","HCPCS","","","facility","both","","","","632.13","632.13","","","","","","","","","","","","","Gross Charge Type: Main Acute Price List"
"SCREW, VA LOCKING 1.5X18MM","PacuChSup117896","CDM","278","RC","C1713","HCPCS","","","facility","both","","","","632.13","632.13","","","","","","","","","","","","","Gross Charge Type: Main Acute Price List"
"SCREW, VA LOCKING 1.6X10MM","CspuChSup111689","CDM","278","RC","C1713","HCPCS","","","facility","both","","","","880.96","880.96","","","","","","","","","","","","","Gross Charge Type: Main Acute Price List"
"SCREW, VA LOCKING 1.6X10MM","GastChSup111689","CDM","278","RC","C1713","HCPCS","","","facility","both","","","","880.96","880.96","","","","","","","","","","","","","Gross Charge Type: Main Acute Price List"
"SCREW, VA LOCKING 1.6X12MM","ScorWmSup111690","CDM","278","RC","C1713","HCPCS","","","facility","both","","","","880.96","880.96","","","","","","","","","","","","","Gross Charge Type: Main Acute Price List"
"SCREW, VA LOCKING 2.0 X12MM","CspuChSup112285","CDM","278","RC","C1713","HCPCS","","","facility","both","","","","880.96","880.96","","","","","","","","","","","","","Gross Charge Type: Main Acute Price List"
"SCREW, VA LOCKING 2.0X10MM","OperChSup109829","CDM","278","RC","C1713","HCPCS","","","facility","both","","","","880.96","880.96","","","","","","","","","","","","","Gross Charge Type: Main Acute Price List"
"SCREW, VA LOCKING 2.0X10MM","ScanWmSup109829","CDM","278","RC","C1713","HCPCS","","","facility","both","","","","880.96","880.96","","","","","","","","","","","","","Gross Charge Type: Main Acute Price List"
"SCREW, VA LOCKING 2.4X22MM","OperChSup121506","CDM","278","RC","C1713","HCPCS","","","facility","both","","","","937.11","937.11","","","","","","","","","","","","","Gross Charge Type: Main Acute Price List"
"SCREW, VA LOCKING 2.4X6MM","AnesWmSup115744","CDM","278","RC","C1713","HCPCS","","","facility","both","","","","828.01","828.01","","","","","","","","","","","","","Gross Charge Type: Main Acute Price List"
"SCREW, VA LOCKING 2.7MM X 20MM","PacuWmSup119170","CDM","278","RC","C1713","HCPCS","","","facility","both","","","","1301.24","1301.24","","","","","","","","","","","","","Gross Charge Type: Main Acute Price List"
"SCREW, VA LOCKING 2.7MM X 22MM","AngiChSup119138","CDM","278","RC","C1713","HCPCS","","","facility","both","","","","1301.24","1301.24","","","","","","","","","","","","","Gross Charge Type: Main Acute Price List"
"SCREW, VA LOCKING 2.7MM X 38MM","ScorWmSup10180743","CDM","278","RC","C1713","HCPCS","","","facility","both","","","","1301.55","1301.55","","","","","","","","","","","","","Gross Charge Type: Main Acute Price List"
"SCREW, VA LOCKING 2.7MMX14MM","ScorChSup118408","CDM","278","RC","C1713","HCPCS","","","facility","both","","","","1201.15","1201.15","","","","","","","","","","","","","Gross Charge Type: Main Acute Price List"
"SCREW, VA LOCKING 8MM","AnesWmSup112374","CDM","278","RC","C1713","HCPCS","","","facility","both","","","","700.55","700.55","","","","","","","","","","","","","Gross Charge Type: Main Acute Price List"
"SCREW, VA LOCKING OPTILINK CANNULATED 5.0X45MM","EplbChSup113078","CDM","278","RC","C1713","HCPCS","","","facility","both","","","","1611.58","1611.58","","","","","","","","","","","","","Gross Charge Type: Main Acute Price List"
"SCREW, VA LOCKING OPTILINK CANNULATED 5.0X75MM","OperChSup112988","CDM","278","RC","C1713","HCPCS","","","facility","both","","","","1611.58","1611.58","","","","","","","","","","","","","Gross Charge Type: Main Acute Price List"
"SCREW, VA LOCKING OPTILINK CANNULATED 5.0X75MM","PacuWmSup112988","CDM","278","RC","C1713","HCPCS","","","facility","both","","","","1611.58","1611.58","","","","","","","","","","","","","Gross Charge Type: Main Acute Price List"
"SCREW, VA LOCKING OPTILINK CANNULATED 5.0X80MM","CcthChSup112989","CDM","278","RC","C1713","HCPCS","","","facility","both","","","","1611.58","1611.58","","","","","","","","","","","","","Gross Charge Type: Main Acute Price List"
"SCREW, VA LOCKING OPTILINK CANNULATED 5.0X90MM","CspuChSup115956","CDM","278","RC","C1713","HCPCS","","","facility","both","","","","1611.58","1611.58","","","","","","","","","","","","","Gross Charge Type: Main Acute Price List"
"SCREW, VA LOCKING OPTILINK SELF-TAPPING 5.0X16MM","ScpuChSup115328","CDM","278","RC","C1713","HCPCS","","","facility","both","","","","1158.3","1158.3","","","","","","","","","","","","","Gross Charge Type: Main Acute Price List"
"SCREW, VA LOCKING OPTILINK SELF-TAPPING 5.0X18MM","ScpuChSup115329","CDM","278","RC","C1713","HCPCS","","","facility","both","","","","1089.14","1089.14","","","","","","","","","","","","","Gross Charge Type: Main Acute Price List"
"SCREW, VA LOCKING OPTILINK SELF-TAPPING 5.0X20MM","CcthChSup112987","CDM","278","RC","C1713","HCPCS","","","facility","both","","","","1190.24","1190.24","","","","","","","","","","","","","Gross Charge Type: Main Acute Price List"
"SCREW, VA LOCKING OPTILINK SELF-TAPPING 5.0X24MM","GyscChSup112333","CDM","278","RC","C1713","HCPCS","","","facility","both","","","","1190.24","1190.24","","","","","","","","","","","","","Gross Charge Type: Main Acute Price List"
"SCREW, VA LOCKING OPTILINK SELF-TAPPING 5.0X24MM","OperWmSup112333","CDM","278","RC","C1713","HCPCS","","","facility","both","","","","1190.24","1190.24","","","","","","","","","","","","","Gross Charge Type: Main Acute Price List"
"SCREW, VA LOCKING OPTILINK SELF-TAPPING 5.0X28MM","AnesWmSup113825","CDM","278","RC","C1713","HCPCS","","","facility","both","","","","1036.32","1036.32","","","","","","","","","","","","","Gross Charge Type: Main Acute Price List"
"SCREW, VA LOCKING OPTILINK SELF-TAPPING 5.0X30MM","EplbChSup112531","CDM","278","RC","C1713","HCPCS","","","facility","both","","","","1190.24","1190.24","","","","","","","","","","","","","Gross Charge Type: Main Acute Price List"
"SCREW, VA LOCKING OPTILINK SELF-TAPPING 5.0X32MM 113739","DelrChSup113739","CDM","278","RC","C1713","HCPCS","","","facility","both","","","","1119.18","1119.18","","","","","","","","","","","","","Gross Charge Type: Main Acute Price List"
"SCREW, VA LOCKING OPTILINK SELF-TAPPING 5.0X38MM 112485","AnesWmSup112485","CDM","278","RC","C1713","HCPCS","","","facility","both","","","","1190.24","1190.24","","","","","","","","","","","","","Gross Charge Type: Main Acute Price List"
"SCREW, VA LOCKING OPTILINK SELF-TAPPING 5.0X38MM","AnesChSup112193","CDM","278","RC","C1713","HCPCS","","","facility","both","","","","1190.24","1190.24","","","","","","","","","","","","","Gross Charge Type: Main Acute Price List"
"SCREW, VA LOCKING OPTILINK SELF-TAPPING 5.0X40MM","AnesChSup112194","CDM","278","RC","C1713","HCPCS","","","facility","both","","","","1190.24","1190.24","","","","","","","","","","","","","Gross Charge Type: Main Acute Price List"
"SCREW, VA LOCKING OPTILINK SELF-TAPPING 5.0X40MM","AngiChSup112194","CDM","278","RC","C1713","HCPCS","","","facility","both","","","","1190.24","1190.24","","","","","","","","","","","","","Gross Charge Type: Main Acute Price List"
"SCREW, VA LOCKING OPTILINK SELF-TAPPING 5.0X40MM","CcthChSup112194","CDM","278","RC","C1713","HCPCS","","","facility","both","","","","1190.24","1190.24","","","","","","","","","","","","","Gross Charge Type: Main Acute Price List"
"SCREW, VA LOCKING OPTILINK SELF-TAPPING 5.0X48MM","OperChSup112196","CDM","278","RC","C1713","HCPCS","","","facility","both","","","","1190.24","1190.24","","","","","","","","","","","","","Gross Charge Type: Main Acute Price List"
"SCREW, VA LOCKING OPTILINK SELF-TAPPING 5.0X55MM","AngiChSup112752","CDM","278","RC","C1713","HCPCS","","","facility","both","","","","1190.24","1190.24","","","","","","","","","","","","","Gross Charge Type: Main Acute Price List"
"SCREW, VA LOCKING OPTILINK SELF-TAPPING 5X105MM STRL","EplbChSup113621","CDM","278","RC","C1713","HCPCS","","","facility","both","","","","1520.29","1520.29","","","","","","","","","","","","","Gross Charge Type: Main Acute Price List"
"SCREW, VA LOCKING OPTILINK SELF-TAPPING 5X105MM STRL","GastChSup113621","CDM","278","RC","C1713","HCPCS","","","facility","both","","","","1520.29","1520.29","","","","","","","","","","","","","Gross Charge Type: Main Acute Price List"
"SCREW, VA LOCKING OPTILINK SELF-TAPPING 5X105MM STRL","ScorChSup113621","CDM","278","RC","C1713","HCPCS","","","facility","both","","","","1520.29","1520.29","","","","","","","","","","","","","Gross Charge Type: Main Acute Price List"
"SCREW, VA LOCKING OPTILINK SELF-TAPPING 5X60MM","GyscChSup111128","CDM","278","RC","C1713","HCPCS","","","facility","both","","","","1190.24","1190.24","","","","","","","","","","","","","Gross Charge Type: Main Acute Price List"
"SCREW, VA LOCKING OPTILINK SELF-TAPPING 5X60MM","ScanWmSup111128","CDM","278","RC","C1713","HCPCS","","","facility","both","","","","1190.24","1190.24","","","","","","","","","","","","","Gross Charge Type: Main Acute Price List"
"SCREW, VA LOCKING OPTILINK SELF-TAPPING 5X75MM","ScpuWmSup110877","CDM","278","RC","C1713","HCPCS","","","facility","both","","","","1190.24","1190.24","","","","","","","","","","","","","Gross Charge Type: Main Acute Price List"
"SCREW, VA LOCKING OPTILINK SELF-TAPPING 5X80MM","ScanWmSup110526","CDM","278","RC","C1713","HCPCS","","","facility","both","","","","1190.24","1190.24","","","","","","","","","","","","","Gross Charge Type: Main Acute Price List"
"SCREW, VA LOCKING OPTILINK SELF-TAPPING 5X85MM STRL","AnesChSup110048","CDM","278","RC","C1713","HCPCS","","","facility","both","","","","1190.24","1190.24","","","","","","","","","","","","","Gross Charge Type: Main Acute Price List"
"SCREW, VA LOCKING OPTILINK SELF-TAPPING 5X90MM STRL","GastWmSup110047","CDM","278","RC","C1713","HCPCS","","","facility","both","","","","1190.24","1190.24","","","","","","","","","","","","","Gross Charge Type: Main Acute Price List"
"SCREW, VA LOCKING OPTILINK SELF-TAPPING 5X90MM STRL","ScanChSup110047","CDM","278","RC","C1713","HCPCS","","","facility","both","","","","1190.24","1190.24","","","","","","","","","","","","","Gross Charge Type: Main Acute Price List"
"SCREW, VA LOCKING OPTILINK SELF-TAPPING 5X90MM STRL","ScanWmSup110047","CDM","278","RC","C1713","HCPCS","","","facility","both","","","","1190.24","1190.24","","","","","","","","","","","","","Gross Charge Type: Main Acute Price List"
"SCREW, VA LOCKING OPTILINK SELP-TAPPING 5.0X42MM","ScpuWmSup113099","CDM","278","RC","C1713","HCPCS","","","facility","both","","","","1190.24","1190.24","","","","","","","","","","","","","Gross Charge Type: Main Acute Price List"
"SCREW, VALOR 5.0X45MM","CspuChSup62890","CDM","278","RC","C1713","HCPCS","","","facility","both","","","","2032.71","2032.71","","","","","","","","","","","","","Gross Charge Type: Main Acute Price List"
"SCREW, VALOR 5.0X45MM","PacuWmSup62890","CDM","278","RC","C1713","HCPCS","","","facility","both","","","","2032.71","2032.71","","","","","","","","","","","","","Gross Charge Type: Main Acute Price List"
"SCREW, VALOR 5.0X70MM","AnesChSup120081","CDM","278","RC","C1713","HCPCS","","","facility","both","","","","1897.2","1897.2","","","","","","","","","","","","","Gross Charge Type: Main Acute Price List"
"SCREW, VALOR 5.0X70MM","EplbChSup120081","CDM","278","RC","C1713","HCPCS","","","facility","both","","","","1897.2","1897.2","","","","","","","","","","","","","Gross Charge Type: Main Acute Price List"
"SCREW, VALOR 5.0X70MM","ScanChSup120081","CDM","278","RC","C1713","HCPCS","","","facility","both","","","","1897.2","1897.2","","","","","","","","","","","","","Gross Charge Type: Main Acute Price List"
"SCREW, VALOR 5.0X75MM","DelrChSup66695","CDM","278","RC","C1713","HCPCS","","","facility","both","","","","2032.71","2032.71","","","","","","","","","","","","","Gross Charge Type: Main Acute Price List"
"SCREW, VARIABLE  5.5X25MM","PacuWmSup67927","CDM","278","RC","C1713","HCPCS","","","facility","both","","","","1231.94","1231.94","","","","","","","","","","","","","Gross Charge Type: Main Acute Price List"
"SCREW, VARIABLE 5.5X50MM","ScanChSup67962","CDM","278","RC","","","","","facility","both","","","","1158.39","1158.39","","","","","","","","","","","","","Gross Charge Type: Main Acute Price List"
"SCREW, VARIABLE 5.5X55MM","OperChSup68424","CDM","278","RC","","","","","facility","both","","","","1158.39","1158.39","","","","","","","","","","","","","Gross Charge Type: Main Acute Price List"
"SCREW, VARIABLE ANGLE LOCKING 3.0X22MM","CspuChSup109048","CDM","278","RC","C1713","HCPCS","","","facility","both","","","","1169.12","1169.12","","","","","","","","","","","","","Gross Charge Type: Main Acute Price List"
"SCREW, VARIABLE ANGLE LOCKING SELFTAPPING 2.7MM X36MM T8","OperChSup10195049","CDM","278","RC","C1713","HCPCS","","","facility","both","","","","848.84","848.84","","","","","","","","","","","","","Gross Charge Type: Main Acute Price List"
"SCREW, VARIABLE ANGLED LOCKING 2.4X12MM","ScpuWmSup75340","CDM","278","RC","C1713","HCPCS","","","facility","both","","","","880.96","880.96","","","","","","","","","","","","","Gross Charge Type: Main Acute Price List"
"SCREW, VARIABLE ANGLED LOCKING 2.4X20MM","CLDRChSup77645","CDM","278","RC","C1713","HCPCS","","","facility","both","","","","880.96","880.96","","","","","","","","","","","","","Gross Charge Type: Main Acute Price List"
"SCREW, VARIABLE ANGLED LOCKING 3.0X10MM","OperChSup75109","CDM","278","RC","C1713","HCPCS","","","facility","both","","","","1099.31","1099.31","","","","","","","","","","","","","Gross Charge Type: Main Acute Price List"
"SCREW, VARIABLE ANGLED LOCKING 3.0X10MM","OperWmSup75109","CDM","278","RC","C1713","HCPCS","","","facility","both","","","","1099.31","1099.31","","","","","","","","","","","","","Gross Charge Type: Main Acute Price List"
"SCREW, VARIABLE ANGLED LOCKING 3.0X14MM","PacuChSup75504","CDM","278","RC","C1713","HCPCS","","","facility","both","","","","1099.31","1099.31","","","","","","","","","","","","","Gross Charge Type: Main Acute Price List"
"SCREW, VARIABLE ANGLED LOCKING 3.0X18MM","ScorWmSup75443","CDM","278","RC","C1713","HCPCS","","","facility","both","","","","1099.31","1099.31","","","","","","","","","","","","","Gross Charge Type: Main Acute Price List"
"SCREW, VARIABLE ANGLED LOCKING 3.0X40MM","CcthChSup112304","CDM","278","RC","C1713","HCPCS","","","facility","both","","","","1099.31","1099.31","","","","","","","","","","","","","Gross Charge Type: Main Acute Price List"
"SCREW, VARIABLE ANGLED LOCKING 3.0X40MM","ScpuChSup112304","CDM","278","RC","C1713","HCPCS","","","facility","both","","","","1099.31","1099.31","","","","","","","","","","","","","Gross Charge Type: Main Acute Price List"
"SCREW, VARIABLE COROENT XLF 6.5X40MM","CLDRChSup73422","CDM","278","RC","","","","","facility","both","","","","1158.39","1158.39","","","","","","","","","","","","","Gross Charge Type: Main Acute Price List"
"SCREW, VARIABLE COROENT XLF 6.5X40MM","CspuChSup73422","CDM","278","RC","","","","","facility","both","","","","1158.39","1158.39","","","","","","","","","","","","","Gross Charge Type: Main Acute Price List"
"SCREW, VARIABLE COROENT XLF 6.5X40MM","OperWmSup73422","CDM","278","RC","","","","","facility","both","","","","1158.39","1158.39","","","","","","","","","","","","","Gross Charge Type: Main Acute Price List"
"SCREW, VARIABLE XL-F 5.5X35MM","ScorChSup71609","CDM","278","RC","C1713","HCPCS","","","facility","both","","","","1231.94","1231.94","","","","","","","","","","","","","Gross Charge Type: Main Acute Price List"
"SCREW, VARIABLE XL-F 5.5X40MM","CcthChSup40110","CDM","278","RC","C1713","HCPCS","","","facility","both","","","","1231.94","1231.94","","","","","","","","","","","","","Gross Charge Type: Main Acute Price List"
"SCREW, VERTEX OCCIPITAL 8MM","OperWmSup115688","CDM","278","RC","C1713","HCPCS","","","facility","both","","","","1292.9","1292.9","","","","","","","","","","","","","Gross Charge Type: Main Acute Price List"
"SCREW, VIPER PRIME 7.5X35MM","AnesWmSup112880","CDM","278","RC","C1713","HCPCS","","","facility","both","","","","5762.99","5762.99","","","","","","","","","","","","","Gross Charge Type: Main Acute Price List"
"SCREW, VIPER PRIME 7.5X45MM","CspuChSup111920","CDM","278","RC","C1713","HCPCS","","","facility","both","","","","6128.94","6128.94","","","","","","","","","","","","","Gross Charge Type: Main Acute Price List"
"SCREW, VIPER PRIME FENESTRATED 5X40","EplbChSup113398","CDM","278","RC","C1713","HCPCS","","","facility","both","","","","6128.94","6128.94","","","","","","","","","","","","","Gross Charge Type: Main Acute Price List"
"SCREW, VIPER PRIME FENESTRATED 5X45","ScpuWmSup109411","CDM","278","RC","C1713","HCPCS","","","facility","both","","","","6128.94","6128.94","","","","","","","","","","","","","Gross Charge Type: Main Acute Price List"
"SCREW, VIPER PRIME FENESTRATED 6X40MM","AnesWmSup110158","CDM","278","RC","C1713","HCPCS","","","facility","both","","","","6128.94","6128.94","","","","","","","","","","","","","Gross Charge Type: Main Acute Price List"
"SCREW, VIPER PRIME FENESTRATED 6X40MM","GyscChSup110158","CDM","278","RC","C1713","HCPCS","","","facility","both","","","","6128.94","6128.94","","","","","","","","","","","","","Gross Charge Type: Main Acute Price List"
"SCREW, VIPER PRIME FENESTRATED 6X45","ScpuWmSup109410","CDM","278","RC","C1713","HCPCS","","","facility","both","","","","6128.94","6128.94","","","","","","","","","","","","","Gross Charge Type: Main Acute Price List"
"SCREW, VIPER PRIME FENESTRATED 7X40","AnesWmSup109409","CDM","278","RC","C1713","HCPCS","","","facility","both","","","","6128.94","6128.94","","","","","","","","","","","","","Gross Charge Type: Main Acute Price List"
"SCREW, VIPER PRIME FENESTRATED 7X40","GastWmSup109409","CDM","278","RC","C1713","HCPCS","","","facility","both","","","","6128.94","6128.94","","","","","","","","","","","","","Gross Charge Type: Main Acute Price List"
"SCREW, VIPER PRIME FENESTRATED 7X45MM","ScorChSup109770","CDM","278","RC","C1713","HCPCS","","","facility","both","","","","6128.94","6128.94","","","","","","","","","","","","","Gross Charge Type: Main Acute Price List"
"SCREW, VIPER PRIME FENESTRATED 7X50","GastChSup109679","CDM","278","RC","C1713","HCPCS","","","facility","both","","","","6128.94","6128.94","","","","","","","","","","","","","Gross Charge Type: Main Acute Price List"
"SCREW, VIPER PRIME FENESTRATED 7X50","PacuChSup109679","CDM","278","RC","C1713","HCPCS","","","facility","both","","","","6128.94","6128.94","","","","","","","","","","","","","Gross Charge Type: Main Acute Price List"
"SCREW, VIPER PRIME X-TAB TI 7X35MM","CspuChSup107510","CDM","278","RC","","","","","facility","both","","","","5762.99","5762.99","","","","","","","","","","","","","Gross Charge Type: Main Acute Price List"
"SCREW, VIPER PRIME X-TAB TI 7X40MM","AngiChSup107511","CDM","278","RC","C1713","HCPCS","","","facility","both","","","","5762.99","5762.99","","","","","","","","","","","","","Gross Charge Type: Main Acute Price List"
"SCREW, VIPER PRIME X-TAB TI 7X40MM","CspuChSup107511","CDM","278","RC","C1713","HCPCS","","","facility","both","","","","5762.99","5762.99","","","","","","","","","","","","","Gross Charge Type: Main Acute Price List"
"SCREW, VIPER PRIME X-TAB TI 7X40MM","GyscChSup107511","CDM","278","RC","C1713","HCPCS","","","facility","both","","","","5762.99","5762.99","","","","","","","","","","","","","Gross Charge Type: Main Acute Price List"
"SCREW, VIPER PRIME X-TAB TI 7X40MM","ScpuWmSup107511","CDM","278","RC","C1713","HCPCS","","","facility","both","","","","5762.99","5762.99","","","","","","","","","","","","","Gross Charge Type: Main Acute Price List"
"SCREW, VIPER SAI 10X80MM","ScorChSup77511","CDM","278","RC","","","","","facility","both","","","","6128.94","6128.94","","","","","","","","","","","","","Gross Charge Type: Main Acute Price List"
"SCREW, VIPER SAI 10X90MM","ScpuWmSup69235","CDM","278","RC","","","","","facility","both","","","","6128.94","6128.94","","","","","","","","","","","","","Gross Charge Type: Main Acute Price List"
"SCREW, VIPER SAI 9X70MM","CLDRChSup72456","CDM","278","RC","","","","","facility","both","","","","6128.94","6128.94","","","","","","","","","","","","","Gross Charge Type: Main Acute Price List"
"SCREW, VOYAGER 5.5X40MM","PacuChSup109235","CDM","278","RC","C1713","HCPCS","","","facility","both","","","","6023.63","6023.63","","","","","","","","","","","","","Gross Charge Type: Main Acute Price List"
"SCREW, VOYAGER 5.5X40MM","ScanChSup109235","CDM","278","RC","C1713","HCPCS","","","facility","both","","","","6023.63","6023.63","","","","","","","","","","","","","Gross Charge Type: Main Acute Price List"
"SCREW, VOYAGER ATS 7.5X40MM","GastWmSup108241","CDM","278","RC","C1713","HCPCS","","","facility","both","","","","6406.13","6406.13","","","","","","","","","","","","","Gross Charge Type: Main Acute Price List"
"SCREW, VST OZARK 4.5X16MM","OperWmSup78901","CDM","278","RC","C1713","HCPCS","","","facility","both","","","","923.96","923.96","","","","","","","","","","","","","Gross Charge Type: Main Acute Price List"
"SCREW, VUEPOINT 4.5X26MM","AnesChSup113836","CDM","278","RC","C1713","HCPCS","","","facility","both","","","","3475.17","3475.17","","","","","","","","","","","","","Gross Charge Type: Main Acute Price List"
"SCREW, VUEPOINT 4.5X26MM","ScorChSup113836","CDM","278","RC","C1713","HCPCS","","","facility","both","","","","3475.17","3475.17","","","","","","","","","","","","","Gross Charge Type: Main Acute Price List"
"SCREW, VUEPOINT II 4.0X12MM","PacuChSup115030","CDM","278","RC","C1713","HCPCS","","","facility","both","","","","3266.28","3266.28","","","","","","","","","","","","","Gross Charge Type: Main Acute Price List"
"SCREW, VUEPOINT II 4.0X14MM","GyscChSup115031","CDM","278","RC","C1713","HCPCS","","","facility","both","","","","3266.28","3266.28","","","","","","","","","","","","","Gross Charge Type: Main Acute Price List"
"SCREW, WEDGE 10MMX5MM SZ 4 LEGION WEDGE","GastWmSup118583","CDM","278","RC","C1713","HCPCS","","","facility","both","","","","10656.34","10656.34","","","","","","","","","","","","","Gross Charge Type: Main Acute Price List"
"SCREW, WORKHORSE 3.5X24MM","OperWmSup118442","CDM","278","RC","C1713","HCPCS","","","facility","both","","","","1303.19","1303.19","","","","","","","","","","","","","Gross Charge Type: Main Acute Price List"
"SCREW, WORKHORSE 3.5X24MM","ScorWmSup118442","CDM","278","RC","C1713","HCPCS","","","facility","both","","","","1303.19","1303.19","","","","","","","","","","","","","Gross Charge Type: Main Acute Price List"
"SCREW, WORKHORSE 3.5X95MM","PacuWmSup119900","CDM","278","RC","C1713","HCPCS","","","facility","both","","","","1303.19","1303.19","","","","","","","","","","","","","Gross Charge Type: Main Acute Price List"
"SCREW, X-DRIVE 2.0X15MM","EplbChSup110307","CDM","278","RC","C1713","HCPCS","","","facility","both","","","","178.63","178.63","","","","","","","","","","","","","Gross Charge Type: Main Acute Price List"
"SCREW, X-DRIVE 2.0X15MM","ScanChSup110307","CDM","278","RC","C1713","HCPCS","","","facility","both","","","","178.63","178.63","","","","","","","","","","","","","Gross Charge Type: Main Acute Price List"
"SCREW, X-DRIVE 2.0X15MM","ScpuWmSup110307","CDM","278","RC","C1713","HCPCS","","","facility","both","","","","178.63","178.63","","","","","","","","","","","","","Gross Charge Type: Main Acute Price List"
"SCREW, X-DRV EMERGENCY 2.7X8MM","OperChSup79965","CDM","278","RC","C1713","HCPCS","","","facility","both","","","","215.59","215.59","","","","","","","","","","","","","Gross Charge Type: Main Acute Price List"
"SCREW, XIA3 TI PA 6.5X45MM","AnesWmSup57005","CDM","278","RC","","","","","facility","both","","","","3475.17","3475.17","","","","","","","","","","","","","Gross Charge Type: Main Acute Price List"
"SCREW, ZEVO VAR 4.0X 15MM","GastWmSup66231","CDM","278","RC","","","","","facility","both","","","","637.11","637.11","","","","","","","","","","","","","Gross Charge Type: Main Acute Price List"
"SCREW, ZEVO VAR 4.0X 15MM","ScorWmSup66231","CDM","278","RC","","","","","facility","both","","","","637.11","637.11","","","","","","","","","","","","","Gross Charge Type: Main Acute Price List"
"SCREW, ZEVO VARIABLE 3.5X13","ScorWmSup65804","CDM","278","RC","C1713","HCPCS","","","facility","both","","","","677.57","677.57","","","","","","","","","","","","","Gross Charge Type: Main Acute Price List"
"SCREW, ZEVO VARIABLE 3.5X15MM","GastWmSup65886","CDM","278","RC","C1713","HCPCS","","","facility","both","","","","677.57","677.57","","","","","","","","","","","","","Gross Charge Type: Main Acute Price List"
"SCREW, ZEVO VARIABLE 3.5X15MM","ScorChSup65886","CDM","278","RC","C1713","HCPCS","","","facility","both","","","","677.57","677.57","","","","","","","","","","","","","Gross Charge Type: Main Acute Price List"
"SCREW, ZEVO VARIABLE 3.5X17MM","ScanChSup65887","CDM","278","RC","C1713","HCPCS","","","facility","both","","","","637.11","637.11","","","","","","","","","","","","","Gross Charge Type: Main Acute Price List"
"SCREW,. CONSTRAINED 12MM","PacuWmSup38337","CDM","278","RC","C1713","HCPCS","","","facility","both","","","","752.95","752.95","","","","","","","","","","","","","Gross Charge Type: Main Acute Price List"
"SCREW,BONE 4.0MM VOLT CANCELLOUS FT 26MM T15","ScorChSup10195648","CDM","278","RC","C1713","HCPCS","","","facility","both","","","","883.48","883.48","","","","","","","","","","","","","Gross Charge Type: Main Acute Price List"
"SCREW,CANCELLOUS TI FULL THREAD 6.0X85MM","Wilm5459397","CDM","278","RC","C1713","HCPCS","","","facility","both","","","","262.64","262.64","","","","","","","","","","","","","Gross Charge Type: Main Acute Price List"
"SCREW,CANN ASNIS III PART THRD TI 4X42 NON ST","ScorChSup73759","CDM","278","RC","C1713","HCPCS","","","facility","both","","","","1003.05","1003.05","","","","","","","","","","","","","Gross Charge Type: Main Acute Price List"
"SCREW,CANN LOW PROF SS LNG THREAD 4.0X35","CspuChSup60951","CDM","278","RC","C1713","HCPCS","","","facility","both","","","","981.34","981.34","","","","","","","","","","","","","Gross Charge Type: Main Acute Price List"
"SCREW,CANN LOW PROF SS LNG THREAD 4.0X35","OperChSup60951","CDM","278","RC","C1713","HCPCS","","","facility","both","","","","981.34","981.34","","","","","","","","","","","","","Gross Charge Type: Main Acute Price List"
"SCREW,CANN LOW PROF SS LNG THREAD 4.0X40","CcthChSup60952","CDM","278","RC","C1713","HCPCS","","","facility","both","","","","1101.06","1101.06","","","","","","","","","","","","","Gross Charge Type: Main Acute Price List"
"SCREW,CANN TI SI FUSION RIALTO NAV 12X40MM","DelrChSup70238","CDM","278","RC","C1713","HCPCS","","","facility","both","","","","19947.71","19947.71","","","","","","","","","","","","","Gross Charge Type: Main Acute Price List"
"SCREW,CANNULATED FULLY THREADED 3.75X35MM","PacuChSup73233","CDM","278","RC","C1713","HCPCS","","","facility","both","","","","1257.43","1257.43","","","","","","","","","","","","","Gross Charge Type: Main Acute Price List"
"SCREW,CANNULATED FULLY THREADED 3.75X36MM","ScanWmSup64833","CDM","278","RC","C1713","HCPCS","","","facility","both","","","","1261.49","1261.49","","","","","","","","","","","","","Gross Charge Type: Main Acute Price List"
"SCREW,CANNULATED FULLY THREADED 6.5X130","DelrChSup68965","CDM","278","RC","C1713","HCPCS","","","facility","both","","","","1363.77","1363.77","","","","","","","","","","","","","Gross Charge Type: Main Acute Price List"
"SCREW,CERVICAL SPINE LOCKING TI 3.0X16 ST","GastWmSup73097","CDM","278","RC","C1713","HCPCS","","","facility","both","","","","1847.92","1847.92","","","","","","","","","","","","","Gross Charge Type: Main Acute Price List"
"SCREW,CERVICAL SPINE LOCKING TI 3.0X16 ST","OperChSup73097","CDM","278","RC","C1713","HCPCS","","","facility","both","","","","1847.92","1847.92","","","","","","","","","","","","","Gross Charge Type: Main Acute Price List"
"SCREW,COMP LOCKING 3.5 HEX 4.75X20MM","ScanChSup56478","CDM","278","RC","C1713","HCPCS","","","facility","both","","","","461.98","461.98","","","","","","","","","","","","","Gross Charge Type: Main Acute Price List"
"SCREW,COMPRESS HEADLESS MICRO CMP 2.5X14","ScanChSup63311","CDM","278","RC","C1713","HCPCS","","","facility","both","","","","2338.23","2338.23","","","","","","","","","","","","","Gross Charge Type: Main Acute Price List"
"SCREW,COMPRESS HEADLESS MINI FT 3.5X28MM","AnesWmSup70566","CDM","278","RC","C1713","HCPCS","","","facility","both","","","","2198.62","2198.62","","","","","","","","","","","","","Gross Charge Type: Main Acute Price List"
"SCREW,COMPRESS HEADLESS MINI FT 3.5X28MM","GastChSup70566","CDM","278","RC","C1713","HCPCS","","","facility","both","","","","2198.62","2198.62","","","","","","","","","","","","","Gross Charge Type: Main Acute Price List"
"SCREW,COMPRESSION HEADL MINI FT 3.5X20MM","ScorWmSup68229","CDM","278","RC","C1713","HCPCS","","","facility","both","","","","2338.23","2338.23","","","","","","","","","","","","","Gross Charge Type: Main Acute Price List"
"SCREW,COMPRESSION HEADLESS COMPRESS 4.0X28","PacuChSup76664","CDM","278","RC","C1713","HCPCS","","","facility","both","","","","2393.92","2393.92","","","","","","","","","","","","","Gross Charge Type: Main Acute Price List"
"SCREW,COMPRESSION HEADLESS LG THD 2.4X40","GastChSup74875","CDM","278","RC","C1713","HCPCS","","","facility","both","","","","1701.97","1701.97","","","","","","","","","","","","","Gross Charge Type: Main Acute Price List"
"SCREW,COMPRESSION HEADLESS LG THD 2.4X40","ScorChSup74875","CDM","278","RC","C1713","HCPCS","","","facility","both","","","","1701.97","1701.97","","","","","","","","","","","","","Gross Charge Type: Main Acute Price List"
"SCREW,COMPRESSION HEADLESS LNG THRD 3.0X26","ScanWmSup64327","CDM","278","RC","C1713","HCPCS","","","facility","both","","","","1699.36","1699.36","","","","","","","","","","","","","Gross Charge Type: Main Acute Price List"
"SCREW,COMPRESSION HEADLESS MICRO 2.5X18MM","EplbChSup64837","CDM","278","RC","C1713","HCPCS","","","facility","both","","","","2338.23","2338.23","","","","","","","","","","","","","Gross Charge Type: Main Acute Price List"
"SCREW,COMPRESSION HEADLESS MICRO 2.5X26M","AngiChSup76904","CDM","278","RC","C1713","HCPCS","","","facility","both","","","","2338.23","2338.23","","","","","","","","","","","","","Gross Charge Type: Main Acute Price List"
"SCREW,COMPRESSION HEADLESS MINI 2.5X14MM","GyscChSup63347","CDM","278","RC","C1776","HCPCS","","","facility","both","","","","2338.23","2338.23","","","","","","","","","","","","","Gross Charge Type: Main Acute Price List"
"SCREW,COMPRESSION HEADLESS MINI 2.5X14MM","ScanChSup63347","CDM","278","RC","C1776","HCPCS","","","facility","both","","","","2338.23","2338.23","","","","","","","","","","","","","Gross Charge Type: Main Acute Price List"
"SCREW,COMPRESSION HEADLESS SHT THR 2.4X36","DelrChSup75354","CDM","278","RC","C1713","HCPCS","","","facility","both","","","","1701.97","1701.97","","","","","","","","","","","","","Gross Charge Type: Main Acute Price List"
"SCREW,COMPRESSION HEADLESS SHT THR 2.4X40","PacuChSup74133","CDM","278","RC","C1713","HCPCS","","","facility","both","","","","1701.97","1701.97","","","","","","","","","","","","","Gross Charge Type: Main Acute Price List"
"SCREW,CORTEX 2.0 SF-DRL STARDRV 6MM","ScanWmSup75936","CDM","278","RC","C1713","HCPCS","","","facility","both","","","","369.59","369.59","","","","","","","","","","","","","Gross Charge Type: Main Acute Price List"
"SCREW,CORTEX PELVIC SELF TAP - 31772","GastChSup31772","CDM","278","RC","C1713","HCPCS","","","facility","both","","","","172.78","172.78","","","","","","","","","","","","","Gross Charge Type: Main Acute Price List"
"SCREW,CORTEX PELVIC SELF TAP - 31773","Chrs3131773","CDM","278","RC","C1713","HCPCS","","","facility","both","","","","172.78","172.78","","","","","","","","","","","","","Gross Charge Type: Main Acute Price List"
"SCREW,CORTEX PELVIC SELF TAP - 31774","CspuChSup31774","CDM","278","RC","C1713","HCPCS","","","facility","both","","","","172.78","172.78","","","","","","","","","","","","","Gross Charge Type: Main Acute Price List"
"SCREW,CORTEX PELVIC SELF TAP - 31774","GastChSup31774","CDM","278","RC","C1713","HCPCS","","","facility","both","","","","172.78","172.78","","","","","","","","","","","","","Gross Charge Type: Main Acute Price List"
"SCREW,CORTEX PELVIC SELF TAP - 31775","GastWmSup31775","CDM","278","RC","C1713","HCPCS","","","facility","both","","","","172.78","172.78","","","","","","","","","","","","","Gross Charge Type: Main Acute Price List"
"SCREW,CORTEX SELF TAPPING TI - 31861","AngiWmSup31861","CDM","278","RC","C1713","HCPCS","","","facility","both","","","","194.95","194.95","","","","","","","","","","","","","Gross Charge Type: Main Acute Price List"
"SCREW,CORTEX SELF TAPPING TI - 31861","Wilm5431861","CDM","278","RC","C1713","HCPCS","","","facility","both","","","","194.95","194.95","","","","","","","","","","","","","Gross Charge Type: Main Acute Price List"
"SCREW,CORTEX SELF-TAP STARDR REC 2.0X13","GastChSup61570","CDM","278","RC","C1713","HCPCS","","","facility","both","","","","270.16","270.16","","","","","","","","","","","","","Gross Charge Type: Main Acute Price List"
"SCREW,CORTEX SELF-TAP STARDRIVE 3.5X20MM","EplbChSup62831","CDM","278","RC","C1713","HCPCS","","","facility","both","","","","144.51","144.51","","","","","","","","","","","","","Gross Charge Type: Main Acute Price List"
"SCREW,CORTEX SELF-TAP STARDRIVE 3.5X20MM","ScanWmSup62831","CDM","278","RC","C1713","HCPCS","","","facility","both","","","","144.51","144.51","","","","","","","","","","","","","Gross Charge Type: Main Acute Price List"
"SCREW,CORTEX SELF-TAP STARDRIVE 3.5X22MM","GastChSup63982","CDM","278","RC","C1713","HCPCS","","","facility","both","","","","144.51","144.51","","","","","","","","","","","","","Gross Charge Type: Main Acute Price List"
"SCREW,CORTEX SELF-TAP STARDRIVE 3.5X22MM","Wilm3163982","CDM","278","RC","C1713","HCPCS","","","facility","both","","","","144.51","144.51","","","","","","","","","","","","","Gross Charge Type: Main Acute Price List"
"SCREW,CORTEX SELF-TAP STARDRIVE 3.5X28MM","GastChSup63984","CDM","278","RC","C1713","HCPCS","","","facility","both","","","","135.88","135.88","","","","","","","","","","","","","Gross Charge Type: Main Acute Price List"
"SCREW,CORTEX SELF-TAP STARDRIVE REC 2.0X30","CspuChSup66584","CDM","278","RC","C1713","HCPCS","","","facility","both","","","","270.16","270.16","","","","","","","","","","","","","Gross Charge Type: Main Acute Price List"
"SCREW,CORTEX SELF-TAP STARDRIVE REC 2.0X30","GastChSup66584","CDM","278","RC","C1713","HCPCS","","","facility","both","","","","270.16","270.16","","","","","","","","","","","","","Gross Charge Type: Main Acute Price List"
"SCREW,CORTEX SELF-TAP T15 STARDR 3.5X14","Wilm5461067","CDM","278","RC","C1713","HCPCS","","","facility","both","","","","135.88","135.88","","","","","","","","","","","","","Gross Charge Type: Main Acute Price List"
"SCREW,CORTEX SELF-TAP T6 STARDRIVE RECEC 2.0X12","AngiWmSup69458","CDM","278","RC","C1713","HCPCS","","","facility","both","","","","270.16","270.16","","","","","","","","","","","","","Gross Charge Type: Main Acute Price List"
"SCREW,CORTEX SELF-TAP T6 STARDRIVE RECEC 2.0X12","ScorWmSup69458","CDM","278","RC","C1713","HCPCS","","","facility","both","","","","270.16","270.16","","","","","","","","","","","","","Gross Charge Type: Main Acute Price List"
"SCREW,CORTEX SELF-TAP T6 STARDRIVE RECEC 2.0X12","ScpuWmSup69458","CDM","278","RC","C1713","HCPCS","","","facility","both","","","","270.16","270.16","","","","","","","","","","","","","Gross Charge Type: Main Acute Price List"
"SCREW,CORTEX SELF-TAP T8 STARDR REC 2.4X42","EplbChSup75000","CDM","278","RC","C1713","HCPCS","","","facility","both","","","","301.3","301.3","","","","","","","","","","","","","Gross Charge Type: Main Acute Price List"
"SCREW,CORTEX SELF-TAP T8 STARDRIVE REC 2.4X38","ScanChSup69678","CDM","278","RC","C1713","HCPCS","","","facility","both","","","","320.42","320.42","","","","","","","","","","","","","Gross Charge Type: Main Acute Price List"
"SCREW,CORTEX SELF-TAPE STARDRIVE 3.5X55M","PacuChSup61225","CDM","278","RC","C1713","HCPCS","","","facility","both","","","","144.51","144.51","","","","","","","","","","","","","Gross Charge Type: Main Acute Price List"
"SCREW,CORTEX SELF-TAPE STARDRIVE 3.5X55M","ScpuWmSup61225","CDM","278","RC","C1713","HCPCS","","","facility","both","","","","144.51","144.51","","","","","","","","","","","","","Gross Charge Type: Main Acute Price List"
"SCREW,CORTEX SF-TAP  T6 STARD REC 2.0X11","ScorChSup60495","CDM","278","RC","C1713","HCPCS","","","facility","both","","","","270.16","270.16","","","","","","","","","","","","","Gross Charge Type: Main Acute Price List"
"SCREW,CORTEX SF-TAP  T6 STARD REC 2.0X14","PacuChSup60496","CDM","278","RC","C1713","HCPCS","","","facility","both","","","","270.16","270.16","","","","","","","","","","","","","Gross Charge Type: Main Acute Price List"
"SCREW,CORTEX SF-TAP  T6 STARD REC 2.0X14","ScanWmSup60496","CDM","278","RC","C1713","HCPCS","","","facility","both","","","","270.16","270.16","","","","","","","","","","","","","Gross Charge Type: Main Acute Price List"
"SCREW,CORTEX SLF-TPNG T8 STARDR RECESS 2.7X50","AnesChSup73474","CDM","278","RC","C1713","HCPCS","","","facility","both","","","","219.9","219.9","","","","","","","","","","","","","Gross Charge Type: Main Acute Price List"
"SCREW,CORTEX SLF-TPNG T8 STARDR RECESS 2.7X50","PacuWmSup73474","CDM","278","RC","C1713","HCPCS","","","facility","both","","","","219.9","219.9","","","","","","","","","","","","","Gross Charge Type: Main Acute Price List"
"SCREW,CORTIC NON-LOC EVOLVE EPS 3.5X12MM","GastWmSup58084","CDM","278","RC","C1713","HCPCS","","","facility","both","","","","561.82","561.82","","","","","","","","","","","","","Gross Charge Type: Main Acute Price List"
"SCREW,CORTIC NON-LOC EVOLVE EPS 3.5X16MM","EplbChSup58086","CDM","278","RC","C1713","HCPCS","","","facility","both","","","","561.82","561.82","","","","","","","","","","","","","Gross Charge Type: Main Acute Price List"
"SCREW,CORTIC NON-LOC EVOLVE EPS 3.5X18MM","GyscChSup58087","CDM","278","RC","C1713","HCPCS","","","facility","both","","","","597.5","597.5","","","","","","","","","","","","","Gross Charge Type: Main Acute Price List"
"SCREW,CORTIC NON-LOC EVOLVE EPS 3.5X18MM","ScpuChSup58087","CDM","278","RC","C1713","HCPCS","","","facility","both","","","","597.5","597.5","","","","","","","","","","","","","Gross Charge Type: Main Acute Price List"
"SCREW,CORTIC NON-LOC EVOLVE EPS 3.5X20MM","GyscChSup58088","CDM","278","RC","C1713","HCPCS","","","facility","both","","","","597.5","597.5","","","","","","","","","","","","","Gross Charge Type: Main Acute Price List"
"SCREW,CORTIC NON-LOC EVOLVE EPS 3.5X22MM","ScanChSup58089","CDM","278","RC","C1713","HCPCS","","","facility","both","","","","597.5","597.5","","","","","","","","","","","","","Gross Charge Type: Main Acute Price List"
"SCREW,CORTIC NON-LOC EVOLVE EPS 3.5X30MM","GyscChSup58093","CDM","278","RC","C1713","HCPCS","","","facility","both","","","","597.5","597.5","","","","","","","","","","","","","Gross Charge Type: Main Acute Price List"
"SCREW,CORTIC NON-LOC EVOLVE EPS 3.5X32MM","EplbChSup58094","CDM","278","RC","C1713","HCPCS","","","facility","both","","","","597.5","597.5","","","","","","","","","","","","","Gross Charge Type: Main Acute Price List"
"SCREW,CORTICAL 2.7X14","PacuChSup68978","CDM","278","RC","C1713","HCPCS","","","facility","both","","","","300.3","300.3","","","","","","","","","","","","","Gross Charge Type: Main Acute Price List"
"SCREW,CORTICAL FIX FEN VIPER 5.5 TI 5X30","Chrs5471908","CDM","278","RC","","","","","facility","both","","","","5762.99","5762.99","","","","","","","","","","","","","Gross Charge Type: Main Acute Price List"
"SCREW,CORTICAL FIX FEN VIPER 5.5 TI 5X30","GastChSup71908","CDM","278","RC","","","","","facility","both","","","","5762.99","5762.99","","","","","","","","","","","","","Gross Charge Type: Main Acute Price List"
"SCREW,CORTICAL FIX FEN VIPER 5.5 TI 5X50","OperWmSup72093","CDM","278","RC","","","","","facility","both","","","","6128.94","6128.94","","","","","","","","","","","","","Gross Charge Type: Main Acute Price List"
"SCREW,CORTICAL FIX FEN VIPER 5.5 TI 5X50","ScpuWmSup72093","CDM","278","RC","","","","","facility","both","","","","6128.94","6128.94","","","","","","","","","","","","","Gross Charge Type: Main Acute Price List"
"SCREW,CORTICAL FIX FEN VIPER 5.5 TI 8X35MM","OperChSup71861","CDM","278","RC","C1713","HCPCS","","","facility","both","","","","6128.94","6128.94","","","","","","","","","","","","","Gross Charge Type: Main Acute Price List"
"SCREW,CORTICAL LOW PROFILE TM SS 3.5X48MM","GyscChSup71036","CDM","278","RC","C1713","HCPCS","","","facility","both","","","","234.25","234.25","","","","","","","","","","","","","Gross Charge Type: Main Acute Price List"
"SCREW,CORTICAL LOW PROFILE TM SS 3.5X56MM","GastWmSup77743","CDM","278","RC","C1713","HCPCS","","","facility","both","","","","234.25","234.25","","","","","","","","","","","","","Gross Charge Type: Main Acute Price List"
"SCREW,EXPEDIUM VERSE CFX FENESTRA 8.0X45","CLDRChSup76872","CDM","278","RC","C1713","HCPCS","","","facility","both","","","","6128.94","6128.94","","","","","","","","","","","","","Gross Charge Type: Main Acute Price List"
"SCREW,EXPEDIUM VERSE CFX FENESTRA 8.0X50","PacuChSup76871","CDM","278","RC","C1713","HCPCS","","","facility","both","","","","6128.94","6128.94","","","","","","","","","","","","","Gross Charge Type: Main Acute Price List"
"SCREW,EXPEDIUM VERSE CFX FENESTRA 8.0X50","PacuWmSup76871","CDM","278","RC","C1713","HCPCS","","","facility","both","","","","6128.94","6128.94","","","","","","","","","","","","","Gross Charge Type: Main Acute Price List"
"SCREW,GLENOID PERIPH NON-LOCK 4.5X36","PacuWmSup76996","CDM","278","RC","C1713","HCPCS","","","facility","both","","","","739.16","739.16","","","","","","","","","","","","","Gross Charge Type: Main Acute Price List"
"SCREW,HEADLESS COMPRESSION MICRO 2.5X16MM","ScorWmSup63161","CDM","278","RC","C1713","HCPCS","","","facility","both","","","","2338.23","2338.23","","","","","","","","","","","","","Gross Charge Type: Main Acute Price List"
"SCREW,HEADLESS STD COMP FT CANN TI 4.0X32","CcthChSup76100","CDM","278","RC","C1713","HCPCS","","","facility","both","","","","2338.23","2338.23","","","","","","","","","","","","","Gross Charge Type: Main Acute Price List"
"SCREW,HEADLESS STD COMP FT CANN TI 4.0X36","ScanWmSup76101","CDM","278","RC","C1713","HCPCS","","","facility","both","","","","2198.62","2198.62","","","","","","","","","","","","","Gross Charge Type: Main Acute Price List"
"SCREW,HEADLESS STD COMP FT CANN TI 4.0X40","OperChSup75418","CDM","278","RC","C1713","HCPCS","","","facility","both","","","","2338.23","2338.23","","","","","","","","","","","","","Gross Charge Type: Main Acute Price List"
"SCREW,HEADLESS STD COMP FT CANN TI 4.0X42M","EplbChSup65902","CDM","278","RC","C1713","HCPCS","","","facility","both","","","","2338.23","2338.23","","","","","","","","","","","","","Gross Charge Type: Main Acute Price List"
"SCREW,IM NAIL T25 STARDRIVE 5.0X58MM STRL","CLDRChSup70250","CDM","278","RC","C1713","HCPCS","","","facility","both","","","","1214.05","1214.05","","","","","","","","","","","","","Gross Charge Type: Main Acute Price List"
"SCREW,IM NAIL T25 STARDRIVE 5.0X58MM STRL","ScorWmSup70250","CDM","278","RC","C1713","HCPCS","","","facility","both","","","","1214.05","1214.05","","","","","","","","","","","","","Gross Charge Type: Main Acute Price List"
"SCREW,IM NAIL W/T25 STARDRIVE 5.0X44 STR","GastWmSup61814","CDM","278","RC","C1713","HCPCS","","","facility","both","","","","1214.05","1214.05","","","","","","","","","","","","","Gross Charge Type: Main Acute Price List"
"SCREW,IM NAIL W/T25 STARDRIVE 5.0X44 STR","ScpuChSup61814","CDM","278","RC","C1713","HCPCS","","","facility","both","","","","1214.05","1214.05","","","","","","","","","","","","","Gross Charge Type: Main Acute Price List"
"SCREW,LOCK SELF-TAP REC T4 STARDRIVE 1.5X14","OperChSup64607","CDM","278","RC","C1713","HCPCS","","","facility","both","","","","593.73","593.73","","","","","","","","","","","","","Gross Charge Type: Main Acute Price List"
"SCREW,LOCK SELF-TAP REC T4 STARDRIVE 1.5X14","PacuChSup64607","CDM","278","RC","C1713","HCPCS","","","facility","both","","","","593.73","593.73","","","","","","","","","","","","","Gross Charge Type: Main Acute Price List"
"SCREW,LOCK SELF-TAP VA STARDRIVE 3.5X85M","PacuChSup58739","CDM","278","RC","C1713","HCPCS","","","facility","both","","","","962.03","962.03","","","","","","","","","","","","","Gross Charge Type: Main Acute Price List"
"SCREW,LOCK TI T 25 STARDR 4.0X20MM STRL","PacuWmSup64934","CDM","278","RC","C1713","HCPCS","","","facility","both","","","","1291.14","1291.14","","","","","","","","","","","","","Gross Charge Type: Main Acute Price List"
"SCREW,LOCK TI T 25 STARDRIVE 4.0X48MM STRL","ScanChSup66913","CDM","278","RC","C1713","HCPCS","","","facility","both","","","","1214.05","1214.05","","","","","","","","","","","","","Gross Charge Type: Main Acute Price List"
"SCREW,LOCK TI T 25 STARDRIVE 4.0X48MM STRL","ScpuWmSup66913","CDM","278","RC","C1713","HCPCS","","","facility","both","","","","1214.05","1214.05","","","","","","","","","","","","","Gross Charge Type: Main Acute Price List"
"SCREW,LOCK TI T25 STARDRIVE 4.0X26MM STR","OperWmSup59714","CDM","278","RC","C1713","HCPCS","","","facility","both","","","","1214.05","1214.05","","","","","","","","","","","","","Gross Charge Type: Main Acute Price List"
"SCREW,LOCK TI T25 STARDRIVE 4.0X26MM STR","PacuChSup59714","CDM","278","RC","C1713","HCPCS","","","facility","both","","","","1214.05","1214.05","","","","","","","","","","","","","Gross Charge Type: Main Acute Price List"
"SCREW,LOCK TI W/T 25 STARDRIVE 4.0X22MM","PacuChSup71027","CDM","278","RC","C1713","HCPCS","","","facility","both","","","","939.34","939.34","","","","","","","","","","","","","Gross Charge Type: Main Acute Price List"
"SCREW,LOCK VARIABLE ANG 2.4X8M - 41918","AngiWmSup41918","CDM","278","RC","C1713","HCPCS","","","facility","both","","","","684.65","684.65","","","","","","","","","","","","","Gross Charge Type: Main Acute Price List"
"SCREW,LOCK VARIABLE ANG 2.4X8M - 41919","PacuChSup41919","CDM","278","RC","C1713","HCPCS","","","facility","both","","","","684.65","684.65","","","","","","","","","","","","","Gross Charge Type: Main Acute Price List"
"SCREW,LOCK VARIABLE ANG 2.4X8M - 41920","ScanChSup41920","CDM","278","RC","C1713","HCPCS","","","facility","both","","","","643.77","643.77","","","","","","","","","","","","","Gross Charge Type: Main Acute Price List"
"SCREW,LOCK VARIABLE ANG 2.4X8M - 41921","PacuWmSup41921","CDM","278","RC","C1713","HCPCS","","","facility","both","","","","643.77","643.77","","","","","","","","","","","","","Gross Charge Type: Main Acute Price List"
"SCREW,LOCKING CROSS-PIN SELF-TAP 2.3X6MM","EplbChSup64314","CDM","278","RC","C1713","HCPCS","","","facility","both","","","","527.88","527.88","","","","","","","","","","","","","Gross Charge Type: Main Acute Price List"
"SCREW,LOCKING CROSS-PIN SELF-TAP 2.3X6MM","GastChSup64314","CDM","278","RC","C1713","HCPCS","","","facility","both","","","","527.88","527.88","","","","","","","","","","","","","Gross Charge Type: Main Acute Price List"
"SCREW,LOCKING TI W 25 STARDRIVE 4.0X24MM","AngiChSup70886","CDM","278","RC","C1713","HCPCS","","","facility","both","","","","939.34","939.34","","","","","","","","","","","","","Gross Charge Type: Main Acute Price List"
"SCREW,LOCKING TI W 25 STARDRIVE 4.0X24MM","PacuChSup70886","CDM","278","RC","C1713","HCPCS","","","facility","both","","","","939.34","939.34","","","","","","","","","","","","","Gross Charge Type: Main Acute Price List"
"SCREW,LOCKING TI W/T 25 STARDRIVE 4.0X48MM","ScpuWmSup64931","CDM","278","RC","C1713","HCPCS","","","facility","both","","","","939.34","939.34","","","","","","","","","","","","","Gross Charge Type: Main Acute Price List"
"SCREW,LOCKING TI W/T 25 STARDRIVE 6.0X60","ScpuChSup67419","CDM","278","RC","C1713","HCPCS","","","facility","both","","","","939.34","939.34","","","","","","","","","","","","","Gross Charge Type: Main Acute Price List"
"SCREW,LOCKING TI W/T25 STARDRIVE 4.0X60","CLDRChSup73528","CDM","278","RC","C1713","HCPCS","","","facility","both","","","","998.99","998.99","","","","","","","","","","","","","Gross Charge Type: Main Acute Price List"
"SCREW,LOCKING TI W/T25 STARDRIVE 4.0X70M","OperChSup64472","CDM","278","RC","C1713","HCPCS","","","facility","both","","","","939.34","939.34","","","","","","","","","","","","","Gross Charge Type: Main Acute Price List"
"SCREW,LOCKING W/T25 STARDIVE TI 4.0X42MM","ScanWmSup62962","CDM","278","RC","C1713","HCPCS","","","facility","both","","","","939.34","939.34","","","","","","","","","","","","","Gross Charge Type: Main Acute Price List"
"SCREW,LOCKING W/T25 STARDRIVE TI 4.0X44MM","AngiWmSup68817","CDM","278","RC","C1713","HCPCS","","","facility","both","","","","998.99","998.99","","","","","","","","","","","","","Gross Charge Type: Main Acute Price List"
"SCREW,LOCKING W/T25 STARDRIVE TI 4.0X44MM","PacuChSup68817","CDM","278","RC","C1713","HCPCS","","","facility","both","","","","998.99","998.99","","","","","","","","","","","","","Gross Charge Type: Main Acute Price List"
"SCREW,LOCKING W/T25 STARDRIVE TI 4.0X44MM","ScanWmSup68817","CDM","278","RC","C1713","HCPCS","","","facility","both","","","","998.99","998.99","","","","","","","","","","","","","Gross Charge Type: Main Acute Price List"
"SCREW,LOCKING W/T25 STARDRIVE TI 4.0X46MM","ScanChSup69810","CDM","278","RC","C1713","HCPCS","","","facility","both","","","","939.34","939.34","","","","","","","","","","","","","Gross Charge Type: Main Acute Price List"
"SCREW,METAPHY SF-TAP T8 STAR REC 2.7X32","GastChSup61812","CDM","278","RC","C1713","HCPCS","","","facility","both","","","","260.74","260.74","","","","","","","","","","","","","Gross Charge Type: Main Acute Price List"
"SCREW,METAPHYSEAL SELF-TAP RECESS 2.7X66","Chrs5462916","CDM","278","RC","C1713","HCPCS","","","facility","both","","","","260.74","260.74","","","","","","","","","","","","","Gross Charge Type: Main Acute Price List"
"SCREW,MULTIAX 4.75 SOLERA COCR TI CA 6.5X45","PacuChSup74742","CDM","278","RC","","","","","facility","both","","","","6023.63","6023.63","","","","","","","","","","","","","Gross Charge Type: Main Acute Price List"
"SCREW,NON-LOCKING T8 FULL THREAD 2.7X22MM","PacuWmSup76379","CDM","278","RC","C1713","HCPCS","","","facility","both","","","","592.57","592.57","","","","","","","","","","","","","Gross Charge Type: Main Acute Price List"
"SCREW,NON-LOCKING T8 FULL THREAD 2.7X22MM","ScpuWmSup76379","CDM","278","RC","C1713","HCPCS","","","facility","both","","","","592.57","592.57","","","","","","","","","","","","","Gross Charge Type: Main Acute Price List"
"SCREW,NON-LOCKING T8 FULL THREAD 2.7X24MM","CcthChSup73304","CDM","278","RC","C1713","HCPCS","","","facility","both","","","","592.57","592.57","","","","","","","","","","","","","Gross Charge Type: Main Acute Price List"
"SCREW,NON-LOCKING T8 FULL THREAD 2.7X24MM","GastWmSup73304","CDM","278","RC","C1713","HCPCS","","","facility","both","","","","592.57","592.57","","","","","","","","","","","","","Gross Charge Type: Main Acute Price List"
"SCREW,NON-LOCKING T8 FULL THREAD 2.7X24MM","ScorWmSup73304","CDM","278","RC","C1713","HCPCS","","","facility","both","","","","592.57","592.57","","","","","","","","","","","","","Gross Charge Type: Main Acute Price List"
"SCREW,PERIPROSTHETIC SELF-TAP LOCK 5.0X20","CcthChSup67385","CDM","278","RC","C1713","HCPCS","","","facility","both","","","","1141.48","1141.48","","","","","","","","","","","","","Gross Charge Type: Main Acute Price List"
"SCREW,PERIPROSTHETIC SELF-TAP LOCK 5.0X20","GastWmSup67385","CDM","278","RC","C1713","HCPCS","","","facility","both","","","","1141.48","1141.48","","","","","","","","","","","","","Gross Charge Type: Main Acute Price List"
"SCREW,PERIPROSTHETIC SELF-TAP LOCK 5.0X20","ScanWmSup67385","CDM","278","RC","C1713","HCPCS","","","facility","both","","","","1141.48","1141.48","","","","","","","","","","","","","Gross Charge Type: Main Acute Price List"
"SCREW,PERIPROSTHETIC VA LOC SELF-TAP 5.0X12","GastChSup65059","CDM","278","RC","C1713","HCPCS","","","facility","both","","","","1653.7","1653.7","","","","","","","","","","","","","Gross Charge Type: Main Acute Price List"
"SCREW,PERIPROSTHETIC VA LOC SELF-TAP 5.0X12","OperChSup65059","CDM","278","RC","C1713","HCPCS","","","facility","both","","","","1653.7","1653.7","","","","","","","","","","","","","Gross Charge Type: Main Acute Price List"
"SCREW,PERIPROSTHETIC VA LOCKING 5.0X10MM","CspuChSup60871","CDM","278","RC","C1713","HCPCS","","","facility","both","","","","1554.96","1554.96","","","","","","","","","","","","","Gross Charge Type: Main Acute Price List"
"SCREW,POLYAXIAL MAS RELINE ILIAC 9.5X100","AngiWmSup73660","CDM","278","RC","","","","","facility","both","","","","5791.95","5791.95","","","","","","","","","","","","","Gross Charge Type: Main Acute Price List"
"SCREW,REDUCTION HEAD FOR TI MATRIX SCREW","CcthChSup71175","CDM","278","RC","C1713","HCPCS","","","facility","both","","","","1601.53","1601.53","","","","","","","","","","","","","Gross Charge Type: Main Acute Price List"
"SCREW,RETAINER PRODISC-CENTINEL 3.5X14MM","GastChSup73447","CDM","278","RC","","","","","facility","both","","","","1250.06","1250.06","","","","","","","","","","","","","Gross Charge Type: Main Acute Price List"
"SCREW,RETAINER PRODISC-CENTINEL 3.5X14MM","ScorChSup73447","CDM","278","RC","","","","","facility","both","","","","1250.06","1250.06","","","","","","","","","","","","","Gross Charge Type: Main Acute Price List"
"SCREW,SCHANZ SELF DRILL HA STRL 5.0X175","PacuWmSup67963","CDM","278","RC","C1713","HCPCS","","","facility","both","","","","1719.16","1719.16","","","","","","","","","","","","","Gross Charge Type: Main Acute Price List"
"SCREW,SELF-TAPPING TI LOCK STARDRIVE 3.5X36","EplbChSup66651","CDM","278","RC","C1713","HCPCS","","","facility","both","","","","1008.41","1008.41","","","","","","","","","","","","","Gross Charge Type: Main Acute Price List"
"SCREW,SELF-TAPPING TI LOCK STARDRIVE 3.5X36","ScanWmSup66651","CDM","278","RC","C1713","HCPCS","","","facility","both","","","","1008.41","1008.41","","","","","","","","","","","","","Gross Charge Type: Main Acute Price List"
"SCREW,SELF-TAPPING TI LOCK TARDRIVE 3.5X34","ScorChSup66911","CDM","278","RC","C1713","HCPCS","","","facility","both","","","","1008.41","1008.41","","","","","","","","","","","","","Gross Charge Type: Main Acute Price List"
"SCREW,SELF-TAPPING TI LOCK TARDRIVE 3.5X34","Wilm3166911","CDM","278","RC","C1713","HCPCS","","","facility","both","","","","1008.41","1008.41","","","","","","","","","","","","","Gross Charge Type: Main Acute Price List"
"SCREW,T4 STARDRIVE LOCKING SELF-TAP 1.5X9","OperWmSup67924","CDM","278","RC","C1713","HCPCS","","","facility","both","","","","593.73","593.73","","","","","","","","","","","","","Gross Charge Type: Main Acute Price List"
"SCREW,TI ANGULAR STABLE LOCKING 5.0X52MM","ScpuChSup75048","CDM","278","RC","C1713","HCPCS","","","facility","both","","","","1149.06","1149.06","","","","","","","","","","","","","Gross Charge Type: Main Acute Price List"
"SCREW,UNIV REV MOD GLEN PERI NONLOCK 5.5X20","ScpuWmSup76949","CDM","278","RC","C1713","HCPCS","","","facility","both","","","","739.16","739.16","","","","","","","","","","","","","Gross Charge Type: Main Acute Price List"
"SCREW,UNIV REV MOD GLEN PERIP NONLOC 4.5X24","ScpuChSup76947","CDM","278","RC","C1713","HCPCS","","","facility","both","","","","739.16","739.16","","","","","","","","","","","","","Gross Charge Type: Main Acute Price List"
"SCREW,UNIV REV MOD GLEN PERIP NONLOCK 4.5X32","EplbChSup76948","CDM","278","RC","C1713","HCPCS","","","facility","both","","","","739.16","739.16","","","","","","","","","","","","","Gross Charge Type: Main Acute Price List"
"SCREW,UNIV REV MOD GLENOID CENTRAL 25","ScorWmSup76955","CDM","278","RC","C1713","HCPCS","","","facility","both","","","","5851.75","5851.75","","","","","","","","","","","","","Gross Charge Type: Main Acute Price List"
"SCREW,UNIV REV MOD GLENOID PER NONLK 4.5X20","CLDRChSup76679","CDM","278","RC","C1713","HCPCS","","","facility","both","","","","739.16","739.16","","","","","","","","","","","","","Gross Charge Type: Main Acute Price List"
"SCREW,UNIV REVERS MOD GLENOID PERIP LK 5.5X24","ScorWmSup76633","CDM","278","RC","C1713","HCPCS","","","facility","both","","","","739.16","739.16","","","","","","","","","","","","","Gross Charge Type: Main Acute Price List"
"SCREW,UNIVERS REVERS CENTR NON-LOCK 6.5X30","GastChSup70789","CDM","278","RC","C1713","HCPCS","","","facility","both","","","","984.63","984.63","","","","","","","","","","","","","Gross Charge Type: Main Acute Price List"
"SCREW,UNIVERS REVERS MOD GLENOID CENTRAL 20MM","GyscChSup76632","CDM","278","RC","C1713","HCPCS","","","facility","both","","","","5851.75","5851.75","","","","","","","","","","","","","Gross Charge Type: Main Acute Price List"
"SCREW,VA LK SF-TAP T8 STARDI REC 2.7X48","CspuChSup58707","CDM","278","RC","C1713","HCPCS","","","facility","both","","","","810.49","810.49","","","","","","","","","","","","","Gross Charge Type: Main Acute Price List"
"SCREW,VA LK SF-TAP T8 STARDI REC 2.7X48","Wilm5458707","CDM","278","RC","C1713","HCPCS","","","facility","both","","","","810.49","810.49","","","","","","","","","","","","","Gross Charge Type: Main Acute Price List"
"SCREW,VA LK SF-TAP T8 STARDI REC 2.7X52","GyscChSup58708","CDM","278","RC","C1713","HCPCS","","","facility","both","","","","810.49","810.49","","","","","","","","","","","","","Gross Charge Type: Main Acute Price List"
"SCREW. ACUTRAK 2 4.7X26MM","AngiWmSup58310","CDM","278","RC","C1713","HCPCS","","","facility","both","","","","3075.53","3075.53","","","","","","","","","","","","","Gross Charge Type: Main Acute Price List"
"SCREW. ACUTRAK 2 4.7X26MM","ScanWmSup58310","CDM","278","RC","C1713","HCPCS","","","facility","both","","","","3075.53","3075.53","","","","","","","","","","","","","Gross Charge Type: Main Acute Price List"
"SCREW. ATLANTIC VISION ELITE SELF-DRILL FIX 4.5X13MM","GyscChSup50113","CDM","278","RC","C1713","HCPCS","","","facility","both","","","","637.11","637.11","","","","","","","","","","","","","Gross Charge Type: Main Acute Price List"
"SCREW. ATLANTIC VISION ELITE SELF-TAP VAR 4.0X14MM","EplbChSup50086","CDM","278","RC","","","","","facility","both","","","","637.11","637.11","","","","","","","","","","","","","Gross Charge Type: Main Acute Price List"
"SCREW. ATLANTIC VISION ELITE SELF-TAP VAR 4.0X14MM","GyscChSup50086","CDM","278","RC","","","","","facility","both","","","","637.11","637.11","","","","","","","","","","","","","Gross Charge Type: Main Acute Price List"
"SCREW. ATLANTIC VISION ELITE SELF-TAP VAR 4.0X14MM","ScanChSup50086","CDM","278","RC","","","","","facility","both","","","","637.11","637.11","","","","","","","","","","","","","Gross Charge Type: Main Acute Price List"
"SCREW. CORTICAL SELF-TAP 3.5X10MM","ScanChSup47994","CDM","278","RC","C1713","HCPCS","","","facility","both","","","","153.26","153.26","","","","","","","","","","","","","Gross Charge Type: Main Acute Price List"
"SCREW. LOCKING 5.0X66MM STRL","AngiWmSup112738","CDM","278","RC","C1713","HCPCS","","","facility","both","","","","2144.09","2144.09","","","","","","","","","","","","","Gross Charge Type: Main Acute Price List"
"SCREW. SCHANZ SELF DRILLING 4.0X40X125MM","Chrs5454459","CDM","278","RC","C1713","HCPCS","","","facility","both","","","","958.15","958.15","","","","","","","","","","","","","Gross Charge Type: Main Acute Price List"
"SCREW., VA ANGLE LOCKING 5.0X30MM","EplbChSup58000","CDM","278","RC","","","","","facility","both","","","","1089.47","1089.47","","","","","","","","","","","","","Gross Charge Type: Main Acute Price List"
"SCREW., VA ANGLE LOCKING 5.0X30MM","PacuWmSup58000","CDM","278","RC","","","","","facility","both","","","","1089.47","1089.47","","","","","","","","","","","","","Gross Charge Type: Main Acute Price List"
"SCREWDRIVER, CANNULATED T20 AO FITTING","ScanChSup115022","CDM","272","RC","","","","","facility","both","","","","1640.22","1640.22","","","","","","","","","","","","","Gross Charge Type: Main Acute Price List"
"SCREWED, TIBIAL AUGMENTATION GMK REVISION 10MM SZ 4","ScorChSup118199","CDM","278","RC","C1713","HCPCS","","","facility","both","","","","10150.4","10150.4","","","","","","","","","","","","","Gross Charge Type: Main Acute Price List"
"SCREWS, 16MM SD","GastWmSup119266","CDM","278","RC","C1713","HCPCS","","","facility","both","","","","828.25","828.25","","","","","","","","","","","","","Gross Charge Type: Main Acute Price List"
"SCREWS, 18MM SD","AngiChSup111019","CDM","278","RC","C1713","HCPCS","","","facility","both","","","","752.95","752.95","","","","","","","","","","","","","Gross Charge Type: Main Acute Price List"
"SCREWS, 3.5X20MM SMYPHONY RX","CspuChSup116634","CDM","278","RC","C1713","HCPCS","","","facility","both","","","","5762.99","5762.99","","","","","","","","","","","","","Gross Charge Type: Main Acute Price List"
"SCREWS, 3.5X20MM SMYPHONY RX","PacuWmSup116634","CDM","278","RC","C1713","HCPCS","","","facility","both","","","","5762.99","5762.99","","","","","","","","","","","","","Gross Charge Type: Main Acute Price List"
"SCREWS, 4X13MM HELIX T","PacuChSup112801","CDM","278","RC","C1713","HCPCS","","","facility","both","","","","923.96","923.96","","","","","","","","","","","","","Gross Charge Type: Main Acute Price List"
"SCREWS, 4X13MM","AngiWmSup112953","CDM","278","RC","C1713","HCPCS","","","facility","both","","","","868.79","868.79","","","","","","","","","","","","","Gross Charge Type: Main Acute Price List"
"SCREWS, 4X13MM","ScorWmSup112953","CDM","278","RC","C1713","HCPCS","","","facility","both","","","","868.79","868.79","","","","","","","","","","","","","Gross Charge Type: Main Acute Price List"
"SCREWS, 5.5X22MM SYMPHONY","OperWmSup116335","CDM","278","RC","C1713","HCPCS","","","facility","both","","","","6128.94","6128.94","","","","","","","","","","","","","Gross Charge Type: Main Acute Price List"
"SCREWS, 9X50 VIPER","CspuChSup118890","CDM","278","RC","C1713","HCPCS","","","facility","both","","","","5762.99","5762.99","","","","","","","","","","","","","Gross Charge Type: Main Acute Price List"
"SCREWS, 9X50 VIPER","OperChSup118890","CDM","278","RC","C1713","HCPCS","","","facility","both","","","","5762.99","5762.99","","","","","","","","","","","","","Gross Charge Type: Main Acute Price List"
"SCREWS, MULTIPOINT 16MM","OperChSup115259","CDM","278","RC","C1713","HCPCS","","","facility","both","","","","1360.95","1360.95","","","","","","","","","","","","","Gross Charge Type: Main Acute Price List"
"SCREWS, POLYAXIAL YUKON 3.5X12MM","AngiChSup78694","CDM","278","RC","C1713","HCPCS","","","facility","both","","","","3695.84","3695.84","","","","","","","","","","","","","Gross Charge Type: Main Acute Price List"
"SCREWS, POLYAXIAL YUKON 3.5X12MM","CspuChSup78694","CDM","278","RC","C1713","HCPCS","","","facility","both","","","","3695.84","3695.84","","","","","","","","","","","","","Gross Charge Type: Main Acute Price List"
"SCREWS, SYMPHONY 5.5X20MM","AnesChSup117963","CDM","278","RC","C1713","HCPCS","","","facility","both","","","","6128.94","6128.94","","","","","","","","","","","","","Gross Charge Type: Main Acute Price List"
"SCREWS, SYMPHONY 5.5X20MM","PacuWmSup117963","CDM","278","RC","C1713","HCPCS","","","facility","both","","","","6128.94","6128.94","","","","","","","","","","","","","Gross Charge Type: Main Acute Price List"
"SCREWS, YUKON 4.5X24MM","AngiWmSup112271","CDM","278","RC","C1713","HCPCS","","","facility","both","","","","3475.17","3475.17","","","","","","","","","","","","","Gross Charge Type: Main Acute Price List"
"SCREWSNAP, DART-FIRE EDGE SNAP OFF 2.0MMX11MM","GastWmSup119408","CDM","272","RC","","","","","facility","both","","","","2286.62","2286.62","","","","","","","","","","","","","Gross Charge Type: Main Acute Price List"
"SCREWSNAP, DART-FIRE EDGE SNAP OFF 2.0MMX11MM","ScorChSup119408","CDM","272","RC","","","","","facility","both","","","","2286.62","2286.62","","","","","","","","","","","","","Gross Charge Type: Main Acute Price List"
"SEAL, CANNULA 8.5-13MM","ScanWmSup54039","CDM","272","RC","","","","","facility","both","","","","231.68","231.68","","","","","","","","","","","","","Gross Charge Type: Main Acute Price List"
"SEAL, PORT BIOPSY ADJUST","OperWmSup23526","CDM","270","RC","","","","","facility","both","","","","113.96","113.96","","","","","","","","","","","","","Gross Charge Type: Main Acute Price List"
"SEAL, PORT BIOPSY ADJUST","Wilm5423526","CDM","270","RC","","","","","facility","both","","","","113.96","113.96","","","","","","","","","","","","","Gross Charge Type: Main Acute Price List"
"SEALANT, ARTISS TISSEEL VH S/D FROZEN 10ML","GastWmSup39994","CDM","636","RC","C9250","HCPCS","00338-8503-02","NDC","facility","both","1","EA","","3990.9","3990.9","","","","","","","","","","","","","Gross Charge Type: Main Acute Price List | NDC EA = 1.0000 ML"
"SEALANT, BIOSENTRY TRACT SYSTEM","Ccsb4765425","CDM","272","RC","C2615","HCPCS","","","facility","both","","","","2037.38","2037.38","","","","","","","","","","","","","Gross Charge Type: Main Acute Price List"
"SEALANT, BIOSENTRY TRACT SYSTEM","GyscChSup65425","CDM","272","RC","C2615","HCPCS","","","facility","both","","","","2037.38","2037.38","","","","","","","","","","","","","Gross Charge Type: Main Acute Price List"
"SEALANT, BIOSENTRY TRACT SYSTEM","Hccc4765425","CDM","272","RC","C2615","HCPCS","","","facility","both","","","","2037.38","2037.38","","","","","","","","","","","","","Gross Charge Type: Main Acute Price List"
"SEALANT, BIOSENTRY TRACT SYSTEM","MiddUS65425","CDM","272","RC","C2615","HCPCS","","","facility","both","","","","2037.38","2037.38","","","","","","","","","","","","","Gross Charge Type: Main Acute Price List"
"SEALANT, COSEAL 4.0ML","GastChSup20606","CDM","270","RC","","","","","facility","both","","","","3591.8","3591.8","","","","","","","","","","","","","Gross Charge Type: Main Acute Price List"
"SEAMGUARD, BIOABSORBABLE STAPLE FOR EC60","CcthChSup29955","CDM","270","RC","","","","","facility","both","","","","1059.99","1059.99","","","","","","","","","","","","","Gross Charge Type: Main Acute Price List"
"SEAMGUARD, BIOSBSORBABLE STAPLE PURPLE FOR TRI60","EplbChSup79258","CDM","278","RC","C1781","HCPCS","","","facility","both","","","","968.7","968.7","","","","","","","","","","","","","Gross Charge Type: Main Acute Price List"
"SEAMGUARD, BIOSBSORBABLE STAPLE PURPLE FOR TRI60","ScpuWmSup79258","CDM","278","RC","C1781","HCPCS","","","facility","both","","","","968.7","968.7","","","","","","","","","","","","","Gross Charge Type: Main Acute Price List"
"SECURESTRAP, LAP 25 TACKER","ScanChSup46482","CDM","270","RC","","","","","facility","both","","","","3098.29","3098.29","","","","","","","","","","","","","Gross Charge Type: Main Acute Price List"
"SECURMARK FOR EVIVA 13","CcsmMR41172","CDM","272","RC","","","","","facility","both","","","","307.99","307.99","","","","","","","","","","","","","Gross Charge Type: Main Acute Price List"
"SECURMARK FOR EVIVA 13","S107US41172","CDM","272","RC","","","","","facility","both","","","","307.99","307.99","","","","","","","","","","","","","Gross Charge Type: Main Acute Price List"
"SECURMARK FOR EVIVA 13","Wilm3841172","CDM","272","RC","","","","","facility","both","","","","307.99","307.99","","","","","","","","","","","","","Gross Charge Type: Main Acute Price List"
"SECURMARK FOR EVIVA 2S-13","Ccbc4141173","CDM","272","RC","","","","","facility","both","","","","307.99","307.99","","","","","","","","","","","","","Gross Charge Type: Main Acute Price List"
"SECURMARK FOR EVIVA 2S-13","CcspMR41173","CDM","272","RC","","","","","facility","both","","","","307.99","307.99","","","","","","","","","","","","","Gross Charge Type: Main Acute Price List"
"SECURMARK FOR EVIVA 2S-13","ChrsCT41173","CDM","272","RC","","","","","facility","both","","","","307.99","307.99","","","","","","","","","","","","","Gross Charge Type: Main Acute Price List"
"SEL CATH,ART,2ND ORD,THOR/BRACH GLB","IrraCh9018","CDM","361","RC","36216","HCPCS","","","facility","both","","","","4148.57","4148.57","","","","","","","","","","","","","Gross Charge Type: Main Acute Price List"
"SEL CATH,ART,ADTL 2,3,> ORD,ABD/PEL/LE","AngiWm9030","CDM","361","RC","36248","HCPCS","","","facility","both","","","","432.6","432.6","","","","","","","","","","","","","Gross Charge Type: Main Acute Price List"
"SENSOR, BIS - PEDIATRIC","ScorWmSup19729","CDM","270","RC","","","","","facility","both","","","","106.73","106.73","","","","","","","","","","","","","Gross Charge Type: Main Acute Price List"
"SENSOR, CARDIOMEMS IMPLANTABLE","ScanChSup61459","CDM","278","RC","C2624","HCPCS","","","facility","both","","","","129354.52","129354.52","","","","","","","","","","","","","Gross Charge Type: Main Acute Price List"
"SENSOR, CDI SHUNT 510H","Wilm54212358","CDM","270","RC","","","","","facility","both","","","","673.93","673.93","","","","","","","","","","","","","Gross Charge Type: Main Acute Price List"
"SENSOR, FLOTRAC PRESSURE LINE 84IN","EplbChSup60299","CDM","272","RC","","","","","facility","both","","","","2155.91","2155.91","","","","","","","","","","","","","Gross Charge Type: Main Acute Price List"
"SENSOR, FLOTRAC PRESSURE LINE 84IN","ScanWmSup60299","CDM","272","RC","","","","","facility","both","","","","2155.91","2155.91","","","","","","","","","","","","","Gross Charge Type: Main Acute Price List"
"SENSOR, INVOS CEREBRAL/SOMATIC OXIMETRY ADULT","DelrChSup115262","CDM","272","RC","","","","","facility","both","","","","493.9","493.9","","","","","","","","","","","","","Gross Charge Type: Main Acute Price List"
"SENSOR, NEONATAL/ADULT","CcicUS19983","CDM","270","RC","","","","","facility","both","","","","108.11","108.11","","","","","","","","","","","","","Gross Charge Type: Main Acute Price List"
"SENSOR,VAGINAL","HgsrHg42363","CDM","270","RC","","","","","facility","both","","","","233.3","233.3","","","","","","","","","","","","","Gross Charge Type: Main Acute Price List"
"SEPARATOR, INDIGO 6 .055 175CM","PacuChSup65083","CDM","272","RC","","","","","facility","both","","","","6255.31","6255.31","","","","","","","","","","","","","Gross Charge Type: Main Acute Price List"
"SEPARATOR, INDIGO 8 .068 150CM","AngiChSup65082","CDM","272","RC","","","","","facility","both","","","","3925.35","3925.35","","","","","","","","","","","","","Gross Charge Type: Main Acute Price List"
"SEPERATOR, 4MAX .035 175CM","CspuChSup50749","CDM","272","RC","C1757","HCPCS","","","facility","both","","","","17260.01","17260.01","","","","","","","","","","","","","Gross Charge Type: Main Acute Price List"
"SEPERATOR, INDIGO TORQUE 7 190CM","PacuChSup109686","CDM","272","RC","","","","","facility","both","","","","10348.36","10348.36","","","","","","","","","","","","","Gross Charge Type: Main Acute Price List"
"SEPERATOR, TORQUE 8 115CM","OperWmSup64587","CDM","270","RC","","","","","facility","both","","","","10888.87","10888.87","","","","","","","","","","","","","Gross Charge Type: Main Acute Price List"
"SEPERATOR, TORQUE 8 115CM","ScorChSup64587","CDM","270","RC","","","","","facility","both","","","","10888.87","10888.87","","","","","","","","","","","","","Gross Charge Type: Main Acute Price List"
"SEPERATOR, TORQUE 8 115CM","ScorWmSup64587","CDM","270","RC","","","","","facility","both","","","","10888.87","10888.87","","","","","","","","","","","","","Gross Charge Type: Main Acute Price List"
"SET DILATOR SZ 8FR 12FR 16FR 20FR","ScpuWmSup72858","CDM","272","RC","C1769","HCPCS","","","facility","both","","","","572.85","572.85","","","","","","","","","","","","","Gross Charge Type: Main Acute Price List"
"SET SCREW, STANDARD INFINITY COMPT","ScorChSup110118","CDM","278","RC","C1713","HCPCS","","","facility","both","","","","307.99","307.99","","","","","","","","","","","","","Gross Charge Type: Main Acute Price List"
"SET SCREW, STANDARD INFINITY","CspuChSup76985","CDM","278","RC","","","","","facility","both","","","","289.6","289.6","","","","","","","","","","","","","Gross Charge Type: Main Acute Price List"
"SET SHEATH INTROD PEEL-AWAY DENNY 5.5 .018 65","GastWmSup204732","CDM","270","RC","","","","","facility","both","","","","454.67","454.67","","","","","","","","","","","","","Gross Charge Type: Main Acute Price List"
"SET, 8.5F NASAL BILIARY DRAIN","ScanWmSup214514","CDM","270","RC","C1729","HCPCS","","","facility","both","","","","800.77","800.77","","","","","","","","","","","","","Gross Charge Type: Main Acute Price List"
"SET, AIRWAY ADAPTER CO2","OperWmSup45062","CDM","270","RC","","","","","facility","both","","","","64.07","64.07","","","","","","","","","","","","","Gross Charge Type: Main Acute Price List"
"SET, AMPLATZ RENAL DILATR 20CM","CcthChSup212117","CDM","272","RC","C1726","HCPCS","","","facility","both","","","","1958.17","1958.17","","","","","","","","","","","","","Gross Charge Type: Main Acute Price List"
"SET, ATX SIMPLICITY ACIST","PacuWmSup113764","CDM","272","RC","","","","","facility","both","","","","428.11","428.11","","","","","","","","","","","","","Gross Charge Type: Main Acute Price List"
"SET, BAND MAXFRAME STRUTID","ScpuWmSup71883","CDM","272","RC","","","","","facility","both","","","","2724.58","2724.58","","","","","","","","","","","","","Gross Charge Type: Main Acute Price List"
"SET, CABLE/SLEEVE 1.6MM VIT BEADED","CspuChSup7532","CDM","270","RC","","","","","facility","both","","","","1884.63","1884.63","","","","","","","","","","","","","Gross Charge Type: Main Acute Price List"
"SET, CABLE/SLEEVE 1.6MM VIT BEADED","OperWmSup7532","CDM","270","RC","","","","","facility","both","","","","1884.63","1884.63","","","","","","","","","","","","","Gross Charge Type: Main Acute Price List"
"SET, CABLE/SLEEVE 2.0MM S.S.","ScpuChSup95783","CDM","270","RC","","","","","facility","both","","","","1659.62","1659.62","","","","","","","","","","","","","Gross Charge Type: Main Acute Price List"
"SET, CONVENTIONAL","DelrChSup110522","CDM","278","RC","C1776","HCPCS","","","facility","both","","","","923.96","923.96","","","","","","","","","","","","","Gross Charge Type: Main Acute Price List"
"SET, COPE GI SUTURE ANCHOR","OperChSup93386","CDM","272","RC","C1769","HCPCS","","","facility","both","","","","474.89","474.89","","","","","","","","","","","","","Gross Charge Type: Main Acute Price List"
"SET, COSEAL APPLICATOR SPRAY","Chrs3139105","CDM","272","RC","","","","","facility","both","","","","296.12","296.12","","","","","","","","","","","","","Gross Charge Type: Main Acute Price List"
"SET, DENALI FILTER RETRIEVAL","OperWmSup60290","CDM","272","RC","C1880","HCPCS","","","facility","both","","","","2220.6","2220.6","","","","","","","","","","","","","Gross Charge Type: Main Acute Price List"
"SET, DENALI FILTER RETRIEVAL","ScpuWmSup60290","CDM","272","RC","C1880","HCPCS","","","facility","both","","","","2220.6","2220.6","","","","","","","","","","","","","Gross Charge Type: Main Acute Price List"
"SET, DEXTERA TLAB PATEL LIVER BIOPSY 19G","EplbChSup55212","CDM","272","RC","","","","","facility","both","","","","3572.65","3572.65","","","","","","","","","","","","","Gross Charge Type: Main Acute Price List"
"SET, DILATOR ENDOVASCULAR JCDS-1618-EDS-HC","DelrChSup114227","CDM","272","RC","","","","","facility","both","","","","1137.75","1137.75","","","","","","","","","","","","","Gross Charge Type: Main Acute Price List"
"SET, DILATOR ENDOVASCULAR JCDS-1618-EDS-HC","ScorChSup114227","CDM","272","RC","","","","","facility","both","","","","1137.75","1137.75","","","","","","","","","","","","","Gross Charge Type: Main Acute Price List"
"SET, DILATOR ENDOVASCULAR JCDS-2022-EDS-HC","OperChSup114228","CDM","272","RC","","","","","facility","both","","","","1210","1210","","","","","","","","","","","","","Gross Charge Type: Main Acute Price List"
"SET, DILATOR SHEATH 8/10","PacuChSup64490","CDM","272","RC","C1894","HCPCS","","","facility","both","","","","295.92","295.92","","","","","","","","","","","","","Gross Charge Type: Main Acute Price List"
"SET, DILATOR SHEATH 8/10","ScorWmSup64490","CDM","272","RC","C1894","HCPCS","","","facility","both","","","","295.92","295.92","","","","","","","","","","","","","Gross Charge Type: Main Acute Price List"
"SET, ENTUIT START INITIAL REPLACEMENT GASTRO KIT SMALL","AngiWmSup73573","CDM","272","RC","C1769","HCPCS","","","facility","both","","","","547.28","547.28","","","","","","","","","","","","","Gross Charge Type: Main Acute Price List"
"SET, EPIDURAL GEMSTAR YELLOW STRIPED 110"" NON VENT","ScanWmSup39460","CDM","272","RC","","","","","facility","both","","","","62.43","62.43","","","","","","","","","","","","","Gross Charge Type: Main Acute Price List"
"SET, FEMORAL GMK SPHERE SZ 1+","CcthChSup116324","CDM","272","RC","","","","","facility","both","","","","461.98","461.98","","","","","","","","","","","","","Gross Charge Type: Main Acute Price List"
"SET, FEMORAL GMK SPHERE SZ 2+","GastWmSup110521","CDM","278","RC","C1776","HCPCS","","","facility","both","","","","461.98","461.98","","","","","","","","","","","","","Gross Charge Type: Main Acute Price List"
"SET, FEMORAL GMK SPHERE SZ 6","ScpuWmSup115788","CDM","278","RC","C1776","HCPCS","","","facility","both","","","","461.98","461.98","","","","","","","","","","","","","Gross Charge Type: Main Acute Price List"
"SET, FREDERICK MILLER FEEDING","CcsbUS93379","CDM","272","RC","C1769","HCPCS","","","facility","both","","","","369.59","369.59","","","","","","","","","","","","","Gross Charge Type: Main Acute Price List"
"SET, FREDERICK MILLER FEEDING","ChrsMR93379","CDM","272","RC","C1769","HCPCS","","","facility","both","","","","369.59","369.59","","","","","","","","","","","","","Gross Charge Type: Main Acute Price List"
"SET, FREDERICK MILLER FEEDING","ScorWmSup93379","CDM","272","RC","C1769","HCPCS","","","facility","both","","","","369.59","369.59","","","","","","","","","","","","","Gross Charge Type: Main Acute Price List"
"SET, FREDERICK MILLER FEEDING","Wilm3893379","CDM","272","RC","C1769","HCPCS","","","facility","both","","","","369.59","369.59","","","","","","","","","","","","","Gross Charge Type: Main Acute Price List"
"SET, GMK SPHERE FEMORAL SZ 3","GastWmSup114558","CDM","278","RC","C1776","HCPCS","","","facility","both","","","","434.21","434.21","","","","","","","","","","","","","Gross Charge Type: Main Acute Price List"
"SET, GMK SPHERE INSERT LT I6-T6","AnesChSup118016","CDM","272","RC","","","","","facility","both","","","","434.4","434.4","","","","","","","","","","","","","Gross Charge Type: Main Acute Price List"
"SET, GMK SPHERE INSERT LT I6-T6","GastChSup118016","CDM","272","RC","","","","","facility","both","","","","434.4","434.4","","","","","","","","","","","","","Gross Charge Type: Main Acute Price List"
"SET, GMK SPHERE INSERT LT SZ I5-T5","ScanChSup115622","CDM","272","RC","","","","","facility","both","","","","434.21","434.21","","","","","","","","","","","","","Gross Charge Type: Main Acute Price List"
"SET, GMK SPHERE INSERT SIDE R SIZE I2-T2","AnesWmSup115284","CDM","278","RC","C1713","HCPCS","","","facility","both","","","","434.21","434.21","","","","","","","","","","","","","Gross Charge Type: Main Acute Price List"
"SET, HEMOCONCENTRATOR HC 1400","EplbChSup82391","CDM","270","RC","","","","","facility","both","","","","476.61","476.61","","","","","","","","","","","","","Gross Charge Type: Main Acute Price List"
"SET, HTA PRO CERVA","OperChSup23253","CDM","270","RC","","","","","facility","both","","","","36958.43","36958.43","","","","","","","","","","","","","Gross Charge Type: Main Acute Price List"
"SET, HTA PRO CERVA","PacuChSup23253","CDM","270","RC","","","","","facility","both","","","","36958.43","36958.43","","","","","","","","","","","","","Gross Charge Type: Main Acute Price List"
"SET, INSERTION SHEATH FOR IMPELLA","ScpuWmSup66048","CDM","272","RC","","","","","facility","both","","","","4311.82","4311.82","","","","","","","","","","","","","Gross Charge Type: Main Acute Price List"
"SET, INSERTION SHEATH FOR IMPELLA","Wilm3166048","CDM","272","RC","","","","","facility","both","","","","4311.82","4311.82","","","","","","","","","","","","","Gross Charge Type: Main Acute Price List"
"SET, INSTRUMENT DTRAX CERVICAL","PacuWmSup59754","CDM","272","RC","","","","","facility","both","","","","7239.94","7239.94","","","","","","","","","","","","","Gross Charge Type: Main Acute Price List"
"SET, INSTRUMENT DTRAX CERVICAL","ScorWmSup59754","CDM","272","RC","","","","","facility","both","","","","7239.94","7239.94","","","","","","","","","","","","","Gross Charge Type: Main Acute Price List"
"SET, IV EXTENSION 240"" FOR MRI","GastWmSup25917","CDM","270","RC","","","","","facility","both","","","","24.45","24.45","","","","","","","","","","","","","Gross Charge Type: Main Acute Price List"
"SET, IV PUMP SYM PRIMARY 3 CLV Y 106IN","CcsmCT1868","CDM","270","RC","","","","","facility","both","","","","24.04","24.04","","","","","","","","","","","","","Gross Charge Type: Main Acute Price List"
"SET, IV PUMP SYM PRIMARY 3 CLV Y 106IN","HcccMR1868","CDM","270","RC","","","","","facility","both","","","","24.04","24.04","","","","","","","","","","","","","Gross Charge Type: Main Acute Price List"
"SET, LIVER ACCESS TRANSJUGULAR","Wilm54104945","CDM","272","RC","C1894","HCPCS","","","facility","both","","","","3301.56","3301.56","","","","","","","","","","","","","Gross Charge Type: Main Acute Price List"
"SET, LONG LENGTH TEARAWAY INTRODUCER 5F 30CM .038","CcthChSup121117","CDM","278","RC","C1894","HCPCS","","","facility","both","","","","52.36","52.36","","","","","","","","","","","","","Gross Charge Type: Main Acute Price List"
"SET, MULTI-LGTH  STENT 6X22-32","GastChSup105553","CDM","278","RC","C2617","HCPCS","","","facility","both","","","","548.22","548.22","","","","","","","","","","","","","Gross Charge Type: Main Acute Price List"
"SET, NEEDLE INTRODUCER 20CM 18GA","Chrs5464492","CDM","272","RC","","","","","facility","both","","","","185.23","185.23","","","","","","","","","","","","","Gross Charge Type: Main Acute Price List"
"SET, NEEDLE INTRODUCER 20CM 18GA","OperWmSup64492","CDM","272","RC","","","","","facility","both","","","","185.23","185.23","","","","","","","","","","","","","Gross Charge Type: Main Acute Price List"
"SET, NEEDLE INTRODUCER 20CM 18GA","PacuChSup64492","CDM","272","RC","","","","","facility","both","","","","185.23","185.23","","","","","","","","","","","","","Gross Charge Type: Main Acute Price List"
"SET, NEOMEDIC READJUSTMENT FOR REMEEX SLING","ScorChSup79166","CDM","272","RC","","","","","facility","both","","","","1385.94","1385.94","","","","","","","","","","","","","Gross Charge Type: Main Acute Price List"
"SET, NEOMEDIC READJUSTMENT FOR REMEEX SLING","ScpuWmSup79166","CDM","272","RC","","","","","facility","both","","","","1385.94","1385.94","","","","","","","","","","","","","Gross Charge Type: Main Acute Price List"
"SET, PERCT LAP CHOLANGIO BALLO","EplbChSup87092","CDM","270","RC","","","","","facility","both","","","","677.57","677.57","","","","","","","","","","","","","Gross Charge Type: Main Acute Price List"
"SET, PERCT LAP CHOLANGIO BALLO","ScanWmSup87092","CDM","270","RC","","","","","facility","both","","","","677.57","677.57","","","","","","","","","","","","","Gross Charge Type: Main Acute Price List"
"SET, PLUG MAXFRAME STRUTID","PacuChSup71884","CDM","272","RC","","","","","facility","both","","","","2724.58","2724.58","","","","","","","","","","","","","Gross Charge Type: Main Acute Price List"
"SET, PROTECDUO 31FR DUAL LUMEN V-V CANNULA","AnesWmSup113355","CDM","272","RC","","","","","facility","both","","","","80076.61","80076.61","","","","","","","","","","","","","Gross Charge Type: Main Acute Price List"
"SET, PUNCTURE PROVOX VEGA 17FR 10MM","GastChSup61340","CDM","272","RC","","","","","facility","both","","","","2547.3","2547.3","","","","","","","","","","","","","Gross Charge Type: Main Acute Price List"
"SET, RETROGRADE INTUBATION 14FR 70X110CM","ScanChSup46332","CDM","272","RC","C1769","HCPCS","","","facility","both","","","","906.38","906.38","","","","","","","","","","","","","Gross Charge Type: Main Acute Price List"
"SET, SCREW 5.5 UNITIZED EXP VERSE TI","Chrs5468008","CDM","278","RC","C1713","HCPCS","","","facility","both","","","","461.98","461.98","","","","","","","","","","","","","Gross Charge Type: Main Acute Price List"
"SET, SCROTAL ZERO DEGREE ANGLE CYLINDER W/PUMP 18CM","OperChSup109335","CDM","278","RC","C1813","HCPCS","","","facility","both","","","","67105.53","67105.53","","","","","","","","","","","","","Gross Charge Type: Main Acute Price List"
"SET, SCROTAL ZERO DEGREE ANGLE CYLINDER W/PUMP 18CM","ScanWmSup109335","CDM","278","RC","C1813","HCPCS","","","facility","both","","","","67105.53","67105.53","","","","","","","","","","","","","Gross Charge Type: Main Acute Price List"
"SET, SCROTAL ZERO DEGREE ANGLE CYLINDER W/PUMP 20CM","EplbChSup106528","CDM","278","RC","C1813","HCPCS","","","facility","both","","","","64522.32","64522.32","","","","","","","","","","","","","Gross Charge Type: Main Acute Price List"
"SET, SCROTAL ZERO DEGREE ANGLE CYLINDER W/PUMP 22CM","ScorWmSup79354","CDM","278","RC","C1813","HCPCS","","","facility","both","","","","62043.37","62043.37","","","","","","","","","","","","","Gross Charge Type: Main Acute Price List"
"SET, SINGLE LUMEN INFUSION CATH SLIC","ScorChSup22660","CDM","272","RC","C1751","HCPCS","","","facility","both","","","","141.03","141.03","","","","","","","","","","","","","Gross Charge Type: Main Acute Price List"
"SET, SMART CAPNOLINE O2 ADULT 4M","OperChSup39482","CDM","272","RC","","","","","facility","both","","","","79","79","","","","","","","","","","","","","Gross Charge Type: Main Acute Price List"
"SET, SMART CAPNOLINE O2 PLUS","CspuChSup29766","CDM","270","RC","","","","","facility","both","","","","73.17","73.17","","","","","","","","","","","","","Gross Charge Type: Main Acute Price List"
"SET, SUPRAPUBIC TUBE INTRODUCER 8 TO 14FR X 14CM","EplbChSup113457","CDM","272","RC","C1894","HCPCS","","","facility","both","","","","541.89","541.89","","","","","","","","","","","","","Gross Charge Type: Main Acute Price List"
"SET, THAL QUICK 20FR DRAIN","HcccUS25821","CDM","270","RC","","","","","facility","both","","","","816.61","816.61","","","","","","","","","","","","","Gross Charge Type: Main Acute Price List"
"SET, THAL QUICK 24FR DRAIN","CcspCT25822","CDM","270","RC","","","","","facility","both","","","","816.61","816.61","","","","","","","","","","","","","Gross Charge Type: Main Acute Price List"
"SET, THAL QUICK 24FR DRAIN","Midd3825822","CDM","270","RC","","","","","facility","both","","","","816.61","816.61","","","","","","","","","","","","","Gross Charge Type: Main Acute Price List"
"SET, THAL QUICK 24FR DRAIN","Wilm4725822","CDM","270","RC","","","","","facility","both","","","","816.61","816.61","","","","","","","","","","","","","Gross Charge Type: Main Acute Price List"
"SET, THAL QUICK 28FR DRAIN","Ccsm4725824","CDM","270","RC","","","","","facility","both","","","","868.47","868.47","","","","","","","","","","","","","Gross Charge Type: Main Acute Price List"
"SET, THAL-QUICK 16FR DRAIN","Ccbc307399","CDM","272","RC","C1769","HCPCS","","","facility","both","","","","816.61","816.61","","","","","","","","","","","","","Gross Charge Type: Main Acute Price List"
"SET, THAL-QUICK 16FR DRAIN","CcsmCT7399","CDM","272","RC","C1769","HCPCS","","","facility","both","","","","816.61","816.61","","","","","","","","","","","","","Gross Charge Type: Main Acute Price List"
"SET, THAL-QUICK 16FR DRAIN","ScanChSup7399","CDM","272","RC","C1769","HCPCS","","","facility","both","","","","816.61","816.61","","","","","","","","","","","","","Gross Charge Type: Main Acute Price List"
"SET, THORACENTESIS 30""","Ccbc307262","CDM","270","RC","","","","","facility","both","","","","30.55","30.55","","","","","","","","","","","","","Gross Charge Type: Main Acute Price List"
"SET, THORACENTESIS 30""","Ccim417262","CDM","270","RC","","","","","facility","both","","","","30.55","30.55","","","","","","","","","","","","","Gross Charge Type: Main Acute Price List"
"SET, THORACENTESIS 30""","EplbChSup7262","CDM","270","RC","","","","","facility","both","","","","30.55","30.55","","","","","","","","","","","","","Gross Charge Type: Main Acute Price List"
"SET, THORACENTESIS 30""","PacuWmSup7262","CDM","270","RC","","","","","facility","both","","","","30.55","30.55","","","","","","","","","","","","","Gross Charge Type: Main Acute Price List"
"SET, TRANSJUGULAR RING","GastChSup93353","CDM","272","RC","C1894","HCPCS","","","facility","both","","","","3560.28","3560.28","","","","","","","","","","","","","Gross Charge Type: Main Acute Price List"
"SET, TRUFILL NBCA LIQUID EMBOLIC SYSTEM PROCEDURAL","AnesWmSup119894","CDM","278","RC","C1889","HCPCS","","","facility","both","","","","26178.89","26178.89","","","","","","","","","","","","","Gross Charge Type: Main Acute Price List"
"SET, TRUFILL NBCA LIQUID EMBOLIC SYSTEM PROCEDURAL","PacuWmSup119894","CDM","278","RC","C1889","HCPCS","","","facility","both","","","","26178.89","26178.89","","","","","","","","","","","","","Gross Charge Type: Main Acute Price List"
"SET, TRUFILL NBCA LIQUID EMBOLIC SYSTEM PROCEDURAL","ScanWmSup119894","CDM","278","RC","C1889","HCPCS","","","facility","both","","","","26178.89","26178.89","","","","","","","","","","","","","Gross Charge Type: Main Acute Price List"
"SET, URE DILATION AND ACCESS","ScanWmSup4622","CDM","270","RC","","","","","facility","both","","","","1650.81","1650.81","","","","","","","","","","","","","Gross Charge Type: Main Acute Price List"
"SET,EV RL 13 CON-ROT DI SH LR-EVN-13.0-RL","ScanChSup64854","CDM","272","RC","C1773","HCPCS","","","facility","both","","","","10417.47","10417.47","","","","","","","","","","","","","Gross Charge Type: Main Acute Price List"
"SET,IV ALARIS PM PRI CK VLV 3 NDLE-FR 125","OperChSup62374","CDM","272","RC","","","","","facility","both","","","","28.38","28.38","","","","","","","","","","","","","Gross Charge Type: Main Acute Price List"
"SET,KOLENDA SALIVARY ACC INTROD 2.2MMX5.5CM","ScanChSup77024","CDM","272","RC","C1894","HCPCS","","","facility","both","","","","1293.55","1293.55","","","","","","","","","","","","","Gross Charge Type: Main Acute Price List"
"SET,MICRO-ACCESS TEARAW INTROD 3F 7C .018","PacuWmSup67455","CDM","272","RC","","","","","facility","both","","","","105.95","105.95","","","","","","","","","","","","","Gross Charge Type: Main Acute Price List"
"SET,MICROPUNCT ACCE STIFF 5FR 10CM .018","PacuWmSup61350","CDM","272","RC","C1769","HCPCS","","","facility","both","","","","141.42","141.42","","","","","","","","","","","","","Gross Charge Type: Main Acute Price List"
"SET,RING TRANSJUGULAR INTRAHEPIC ACCESS 10","CLDRChSup69184","CDM","272","RC","","","","","facility","both","","","","3121.95","3121.95","","","","","","","","","","","","","Gross Charge Type: Main Acute Price List"
"SET,SHOR RL 9FR  DIL SH LR-EVN-SH-9.0-RL","PacuChSup64856","CDM","272","RC","C1773","HCPCS","","","facility","both","","","","8355.38","8355.38","","","","","","","","","","","","","Gross Charge Type: Main Acute Price List"
"SET,THAL-QUICK CHEST TUBE 16FR","Chrs5449048","CDM","272","RC","","","","","facility","both","","","","1036.76","1036.76","","","","","","","","","","","","","Gross Charge Type: Main Acute Price List"
"SET,THAL-QUICK CHEST TUBE 16FR","GastWmSup49048","CDM","272","RC","","","","","facility","both","","","","1036.76","1036.76","","","","","","","","","","","","","Gross Charge Type: Main Acute Price List"
"SETSCREW, SINGLE-INNER","ScanWmSup32711","CDM","270","RC","","","","","facility","both","","","","461.98","461.98","","","","","","","","","","","","","Gross Charge Type: Main Acute Price List"
"SHANK, 6.5X45 RELINE ONE FENESTRATED","OperWmSup121056","CDM","278","RC","C1713","HCPCS","","","facility","both","","","","4633.56","4633.56","","","","","","","","","","","","","Gross Charge Type: Main Acute Price List"
"SHANK, MP FIXATION 6.5X40MM","GastChSup65033","CDM","278","RC","","","","","facility","both","","","","2316.78","2316.78","","","","","","","","","","","","","Gross Charge Type: Main Acute Price List"
"SHANK, MP FIXATION 6.5X40MM","ScanWmSup65033","CDM","278","RC","","","","","facility","both","","","","2316.78","2316.78","","","","","","","","","","","","","Gross Charge Type: Main Acute Price List"
"SHANK, RELINE MAS MOD 4.5X30MM","ScanWmSup117113","CDM","278","RC","C1713","HCPCS","","","facility","both","","","","4311.82","4311.82","","","","","","","","","","","","","Gross Charge Type: Main Acute Price List"
"SHANK, RELINE MAS MOD 8.5X40MM","CspuChSup117114","CDM","278","RC","C1713","HCPCS","","","facility","both","","","","4054.37","4054.37","","","","","","","","","","","","","Gross Charge Type: Main Acute Price List"
"SHANK, RELINE MAS MOD 8.5X45MM C2 MODULAR CERVICAL","ScpuChSup115149","CDM","278","RC","C1713","HCPCS","","","facility","both","","","","4052.63","4052.63","","","","","","","","","","","","","Gross Charge Type: Main Acute Price List"
"SHANK, RELINE SCREW 5.5X45MM","DelrChSup108029","CDM","278","RC","C1713","HCPCS","","","facility","both","","","","4311.82","4311.82","","","","","","","","","","","","","Gross Charge Type: Main Acute Price List"
"SHANK, RELINE SCREW 5.5X50MM","ScorChSup112757","CDM","278","RC","C1713","HCPCS","","","facility","both","","","","4311.82","4311.82","","","","","","","","","","","","","Gross Charge Type: Main Acute Price List"
"SHANK, RELINE SCREW 6.5X45MM","GyscChSup69508","CDM","278","RC","C1713","HCPCS","","","facility","both","","","","4311.82","4311.82","","","","","","","","","","","","","Gross Charge Type: Main Acute Price List"
"SHANK, RELINE SCREW 6.5X50MM","GastChSup66843","CDM","278","RC","C1713","HCPCS","","","facility","both","","","","4311.82","4311.82","","","","","","","","","","","","","Gross Charge Type: Main Acute Price List"
"SHANK, RELINE SCREW 6.5X50MM","Wilm3166843","CDM","278","RC","C1713","HCPCS","","","facility","both","","","","4311.82","4311.82","","","","","","","","","","","","","Gross Charge Type: Main Acute Price List"
"SHANK, RELINE SCREW 7.5X50MM","DelrChSup69470","CDM","278","RC","C1713","HCPCS","","","facility","both","","","","4311.82","4311.82","","","","","","","","","","","","","Gross Charge Type: Main Acute Price List"
"SHANK, SCREW RELINE MAS MOD 4.5X40MM 4C","PacuChSup68913","CDM","278","RC","","","","","facility","both","","","","4311.82","4311.82","","","","","","","","","","","","","Gross Charge Type: Main Acute Price List"
"SHANK, SCREW RELINE MAS MOD 7.5X50MM 4C","CLDRChSup69099","CDM","278","RC","","","","","facility","both","","","","4054.37","4054.37","","","","","","","","","","","","","Gross Charge Type: Main Acute Price List"
"SHANK, SCREW RELINE MAS MOD 8.5X40MM","AngiWmSup107406","CDM","278","RC","C1713","HCPCS","","","facility","both","","","","4054.37","4054.37","","","","","","","","","","","","","Gross Charge Type: Main Acute Price List"
"SHANK, SCREW RELINE MAS MOD 8.5X40MM","CspuChSup107406","CDM","278","RC","C1713","HCPCS","","","facility","both","","","","4054.37","4054.37","","","","","","","","","","","","","Gross Charge Type: Main Acute Price List"
"SHANK, SCREW RELINE-O MOD TRACTION 6.5X30MM","ScorChSup77547","CDM","278","RC","","","","","facility","both","","","","3475.17","3475.17","","","","","","","","","","","","","Gross Charge Type: Main Acute Price List"
"SHANK, SMOOTH 3.5X36MM","PacuWmSup114599","CDM","278","RC","C1713","HCPCS","","","facility","both","","","","3560.53","3560.53","","","","","","","","","","","","","Gross Charge Type: Main Acute Price List"
"SHAVER, BONE DIAMOND MISONIX 4.4MM","ScanChSup60236","CDM","272","RC","","","","","facility","both","","","","2187.04","2187.04","","","","","","","","","","","","","Gross Charge Type: Main Acute Price List"
"SHEATH 10FR FLEXOR CHECK-FLO INTRODUCER","AngiChSup72729","CDM","272","RC","C1894","HCPCS","","","facility","both","","","","471.12","471.12","","","","","","","","","","","","","Gross Charge Type: Main Acute Price List"
"SHEATH ANSEL FLEXOR 6X 90","AnesChSup117274","CDM","272","RC","C1894","HCPCS","","","facility","both","","","","597.09","597.09","","","","","","","","","","","","","Gross Charge Type: Main Acute Price List"
"SHEATH ANSEL FLEXOR 6X 90","ScanWmSup117274","CDM","272","RC","C1894","HCPCS","","","facility","both","","","","597.09","597.09","","","","","","","","","","","","","Gross Charge Type: Main Acute Price List"
"SHEATH ANSEL FLEXOR 7 X 45","CcthChSup117273","CDM","272","RC","C1894","HCPCS","","","facility","both","","","","329.39","329.39","","","","","","","","","","","","","Gross Charge Type: Main Acute Price List"
"SHEATH ANSEL FLEXOR 7 X 45","PacuWmSup117273","CDM","272","RC","C1894","HCPCS","","","facility","both","","","","329.39","329.39","","","","","","","","","","","","","Gross Charge Type: Main Acute Price List"
"SHEATH AVANTI 11F","ScpuChSup117250","CDM","272","RC","C1894","HCPCS","","","facility","both","","","","46.34","46.34","","","","","","","","","","","","","Gross Charge Type: Main Acute Price List"
"SHEATH AVANTI 5F","ScpuChSup117249","CDM","272","RC","C1894","HCPCS","","","facility","both","","","","46.34","46.34","","","","","","","","","","","","","Gross Charge Type: Main Acute Price List"
"SHEATH BRITE TIP 6F X 23CM","ScpuChSup117246","CDM","272","RC","C1894","HCPCS","","","facility","both","","","","173.76","173.76","","","","","","","","","","","","","Gross Charge Type: Main Acute Price List"
"SHEATH DESTINATION 8FR STRAIGHT GUID 65CM","CcthChSup72380","CDM","272","RC","C1887","HCPCS","","","facility","both","","","","662.78","662.78","","","","","","","","","","","","","Gross Charge Type: Main Acute Price List"
"SHEATH DESTINATION 8FR STRAIGHT GUID 90CM","ScanWmSup72381","CDM","272","RC","C1887","HCPCS","","","facility","both","","","","785.68","785.68","","","","","","","","","","","","","Gross Charge Type: Main Acute Price List"
"SHEATH DRYSEAL FLEXSHEATH 20FR 33CM","GastWmSup61281","CDM","272","RC","C1894","HCPCS","","","facility","both","","","","3086.03","3086.03","","","","","","","","","","","","","Gross Charge Type: Main Acute Price List"
"SHEATH SYSTEM, 7FR X 13CM TEAR AWAY VALVED","PacuWmSup80870","CDM","272","RC","C1769","HCPCS","","","facility","both","","","","252.55","252.55","","","","","","","","","","","","","Gross Charge Type: Main Acute Price List"
"SHEATH SYSTEM, 8FR X 13CM TEAR AWAY VALVED","CspuChSup1438","CDM","272","RC","C1769","HCPCS","","","facility","both","","","","252.55","252.55","","","","","","","","","","","","","Gross Charge Type: Main Acute Price List"
"SHEATH, 10 FR SPLITABLE LONG","ScpuWmSup45060","CDM","272","RC","C1892","HCPCS","","","facility","both","","","","314.15","314.15","","","","","","","","","","","","","Gross Charge Type: Main Acute Price List"
"SHEATH, 10FR 12 CM FAST CATH INTRODUCER","ScorChSup38494","CDM","272","RC","C1894","HCPCS","","","facility","both","","","","117.03","117.03","","","","","","","","","","","","","Gross Charge Type: Main Acute Price List"
"SHEATH, 10FR SLO","OperChSup38236","CDM","272","RC","","","","","facility","both","","","","1656.5","1656.5","","","","","","","","","","","","","Gross Charge Type: Main Acute Price List"
"SHEATH, 11 FR SPLITABLE LONG","GyscChSup45061","CDM","272","RC","C1892","HCPCS","","","facility","both","","","","314.15","314.15","","","","","","","","","","","","","Gross Charge Type: Main Acute Price List"
"SHEATH, 11 FR SPLITABLE LONG","ScanWmSup45061","CDM","272","RC","C1892","HCPCS","","","facility","both","","","","314.15","314.15","","","","","","","","","","","","","Gross Charge Type: Main Acute Price List"
"SHEATH, 12F DUO","EplbChSup204152","CDM","272","RC","C1894","HCPCS","","","facility","both","","","","147.84","147.84","","","","","","","","","","","","","Gross Charge Type: Main Acute Price List"
"SHEATH, 12FR FAST CATH HEMOSTASIS INTRODUCER","ScanChSup38505","CDM","272","RC","C1894","HCPCS","","","facility","both","","","","117.03","117.03","","","","","","","","","","","","","Gross Charge Type: Main Acute Price List"
"SHEATH, 14F TRIO","OperChSup204153","CDM","272","RC","C1894","HCPCS","","","facility","both","","","","166.31","166.31","","","","","","","","","","","","","Gross Charge Type: Main Acute Price List"
"SHEATH, 14FR CHECK FLO","ScpuChSup93400","CDM","272","RC","C1894","HCPCS","","","facility","both","","","","309.9","309.9","","","","","","","","","","","","","Gross Charge Type: Main Acute Price List"
"SHEATH, 15CM STIFFENED INTRODUCER","AngiWmSup41875","CDM","272","RC","C1894","HCPCS","","","facility","both","","","","153.07","153.07","","","","","","","","","","","","","Gross Charge Type: Main Acute Price List"
"SHEATH, 4FR ANSEL","PacuChSup45321","CDM","272","RC","C1894","HCPCS","","","facility","both","","","","329.42","329.42","","","","","","","","","","","","","Gross Charge Type: Main Acute Price List"
"SHEATH, 6 FR 45CM","PacuChSup213175","CDM","272","RC","C1894","HCPCS","","","facility","both","","","","146.54","146.54","","","","","","","","","","","","","Gross Charge Type: Main Acute Price List"
"SHEATH, 6FR SHUTTLE FLEXOR 80CM","CcthChSup44872","CDM","272","RC","C1894","HCPCS","","","facility","both","","","","645.42","645.42","","","","","","","","","","","","","Gross Charge Type: Main Acute Price List"
"SHEATH, 7.5FR FAST CATH INTRODUCER","ScorChSup77989","CDM","272","RC","","","","","facility","both","","","","104.26","104.26","","","","","","","","","","","","","Gross Charge Type: Main Acute Price List"
"SHEATH, 8.5 SL1 TRANSSEPTAL INTRODUCER","GastChSup38014","CDM","272","RC","C1893","HCPCS","","","facility","both","","","","1632.33","1632.33","","","","","","","","","","","","","Gross Charge Type: Main Acute Price List"
"SHEATH, 8.5 SL1 TRANSSEPTAL INTRODUCER","GastWmSup38014","CDM","272","RC","C1893","HCPCS","","","facility","both","","","","1632.33","1632.33","","","","","","","","","","","","","Gross Charge Type: Main Acute Price List"
"SHEATH, 8.5FR FAST CATH SWARTZ SL-2","OperChSup45101","CDM","272","RC","C1893","HCPCS","","","facility","both","","","","1472.18","1472.18","","","","","","","","","","","","","Gross Charge Type: Main Acute Price List"
"SHEATH, 8.5FR FAST CATH SWARTZ SL-2","ScorWmSup45101","CDM","272","RC","C1893","HCPCS","","","facility","both","","","","1472.18","1472.18","","","","","","","","","","","","","Gross Charge Type: Main Acute Price List"
"SHEATH, 8.5FR FAST CATH SWARTZ SR-1","ScpuChSup45098","CDM","272","RC","C1893","HCPCS","","","facility","both","","","","1096.43","1096.43","","","","","","","","","","","","","Gross Charge Type: Main Acute Price List"
"SHEATH, 8FR PRELUDE SHORT","CcthChSup111294","CDM","272","RC","C1894","HCPCS","","","facility","both","","","","202.97","202.97","","","","","","","","","","","","","Gross Charge Type: Main Acute Price List"
"SHEATH, 8FR PRELUDE SHORT","EplbChSup111294","CDM","272","RC","C1894","HCPCS","","","facility","both","","","","202.97","202.97","","","","","","","","","","","","","Gross Charge Type: Main Acute Price List"
"SHEATH, 8FR X 23CM TEAR AWAY VALVED SYSTEM W/SIDE PORT","ScorWmSup32416","CDM","272","RC","C1892","HCPCS","","","facility","both","","","","314.15","314.15","","","","","","","","","","","","","Gross Charge Type: Main Acute Price List"
"SHEATH, 9FR 70CM RAABE","OperChSup40280","CDM","272","RC","C1894","HCPCS","","","facility","both","","","","358.52","358.52","","","","","","","","","","","","","Gross Charge Type: Main Acute Price List"
"SHEATH, 9FR 70CM RAABE","ScorWmSup40280","CDM","272","RC","C1894","HCPCS","","","facility","both","","","","358.52","358.52","","","","","","","","","","","","","Gross Charge Type: Main Acute Price List"
"SHEATH, 9FR X 23CM TEAR AWAY VALVED SYSTEM W/SIDE PORT","Chrs3131476","CDM","272","RC","C1892","HCPCS","","","facility","both","","","","314.15","314.15","","","","","","","","","","","","","Gross Charge Type: Main Acute Price List"
"SHEATH, AMPLATZER AMULET STEERABLE DELIVERY 14FR","ScorWmSup114486","CDM","272","RC","C1766","HCPCS","","","facility","both","","","","5789.48","5789.48","","","","","","","","","","","","","Gross Charge Type: Main Acute Price List"
"SHEATH, AMPLATZER TREVISIO 8FR 45DEG TIP 80CM","CcthChSup51048","CDM","272","RC","","","","","facility","both","","","","4533.57","4533.57","","","","","","","","","","","","","Gross Charge Type: Main Acute Price List"
"SHEATH, ANSEL 1","Wilm5439202","CDM","272","RC","","","","","facility","both","","","","329.42","329.42","","","","","","","","","","","","","Gross Charge Type: Main Acute Price List"
"SHEATH, ANSEL 6FR 45CM W/ANGLED TIP","GastWmSup43054","CDM","272","RC","C1894","HCPCS","","","facility","both","","","","329.42","329.42","","","","","","","","","","","","","Gross Charge Type: Main Acute Price List"
"SHEATH, ANSEL HIGH FLEX KCFW-5.0-35-55-RB-HFANL1-HC","OperWmSup52952","CDM","272","RC","C1894","HCPCS","","","facility","both","","","","386.9","386.9","","","","","","","","","","","","","Gross Charge Type: Main Acute Price List"
"SHEATH, ANSEL HIGH FLEX KCFW-6.0-35-55-RB-HFANL1-HC","OperClSup52953","CDM","272","RC","C1894","HCPCS","","","facility","both","","","","388.46","388.46","","","","","","","","","","","","","Gross Charge Type: Main Acute Price List"
"SHEATH, ANSEL HIGH FLEX KCFW-7.0-35-55-RB-HFANL1-HC","PacuWmSup52954","CDM","272","RC","C1894","HCPCS","","","facility","both","","","","413.13","413.13","","","","","","","","","","","","","Gross Charge Type: Main Acute Price List"
"SHEATH, ARROW FLEX 6FR 45CM","GastChSup20443","CDM","272","RC","C1894","HCPCS","","","facility","both","","","","560.53","560.53","","","","","","","","","","","","","Gross Charge Type: Main Acute Price List"
"SHEATH, ARROW FLEX 7FR 11CM W/O WIRE GUIDES","ScorChSup79178","CDM","272","RC","","","","","facility","both","","","","185.1","185.1","","","","","","","","","","","","","Gross Charge Type: Main Acute Price List"
"SHEATH, ARROW FLEX 7FR 45CM","GastChSup20445","CDM","272","RC","C1894","HCPCS","","","facility","both","","","","671.87","671.87","","","","","","","","","","","","","Gross Charge Type: Main Acute Price List"
"SHEATH, BALLAST LONG","AnesChSup119893","CDM","272","RC","C1894","HCPCS","","","facility","both","","","","2741.08","2741.08","","","","","","","","","","","","","Gross Charge Type: Main Acute Price List"
"SHEATH, BALLAST LONG","CcthChSup119893","CDM","272","RC","C1894","HCPCS","","","facility","both","","","","2741.08","2741.08","","","","","","","","","","","","","Gross Charge Type: Main Acute Price List"
"SHEATH, BALLAST LONG","CspuChSup119893","CDM","272","RC","C1894","HCPCS","","","facility","both","","","","2741.08","2741.08","","","","","","","","","","","","","Gross Charge Type: Main Acute Price List"
"SHEATH, BALLAST LONG","GyscChSup119893","CDM","272","RC","C1894","HCPCS","","","facility","both","","","","2741.08","2741.08","","","","","","","","","","","","","Gross Charge Type: Main Acute Price List"
"SHEATH, BARD MULLINS TRANSSEPTAL","OperWmSup19359","CDM","272","RC","C1893","HCPCS","","","facility","both","","","","521.28","521.28","","","","","","","","","","","","","Gross Charge Type: Main Acute Price List"
"SHEATH, CATAPULT US 4F 90CM STRAIGHT 5PK","CcthChSup121396","CDM","272","RC","C1766","HCPCS","","","facility","both","","","","770.15","770.15","","","","","","","","","","","","","Gross Charge Type: Main Acute Price List"
"SHEATH, CATAPULT US 7F 45CM MULTIPURPOSE 5PK","CcthChSup121405","CDM","272","RC","C1766","HCPCS","","","facility","both","","","","671.57","671.57","","","","","","","","","","","","","Gross Charge Type: Main Acute Price List"
"SHEATH, CATAPULT US 7F 45CM STRAIGHT 5PK","AngiChSup121406","CDM","272","RC","C1766","HCPCS","","","facility","both","","","","671.57","671.57","","","","","","","","","","","","","Gross Charge Type: Main Acute Price List"
"SHEATH, CAVACLEAR LASER 16FR","AnesWmSup112824","CDM","272","RC","C1887","HCPCS","","","facility","both","","","","19495.58","19495.58","","","","","","","","","","","","","Gross Charge Type: Main Acute Price List"
"SHEATH, CAVACLEAR LASER 16FR","GastWmSup112824","CDM","272","RC","C1887","HCPCS","","","facility","both","","","","19495.58","19495.58","","","","","","","","","","","","","Gross Charge Type: Main Acute Price List"
"SHEATH, CEREBASE DA GUIDE 8FR .090 90CM","ScpuChSup107654","CDM","272","RC","C1757","HCPCS","","","facility","both","","","","2751.18","2751.18","","","","","","","","","","","","","Gross Charge Type: Main Acute Price List"
"SHEATH, CLOTTRIEVER 13FR 26CM","GyscChSup77249","CDM","272","RC","C1894","HCPCS","","","facility","both","","","","17368.44","17368.44","","","","","","","","","","","","","Gross Charge Type: Main Acute Price List"
"SHEATH, CPS DIRECT SL II WIDE 47CM","ScpuChSup49023","CDM","272","RC","C1893","HCPCS","","","facility","both","","","","868.79","868.79","","","","","","","","","","","","","Gross Charge Type: Main Acute Price List"
"SHEATH, CPS DIRECT UPSIZED 135DEG 47CM","PacuChSup54614","CDM","272","RC","C1893","HCPCS","","","facility","both","","","","923.96","923.96","","","","","","","","","","","","","Gross Charge Type: Main Acute Price List"
"SHEATH, CPS DIRECT UPSIZED WIDE 47CM","EplbChSup54615","CDM","272","RC","C1893","HCPCS","","","facility","both","","","","923.96","923.96","","","","","","","","","","","","","Gross Charge Type: Main Acute Price List"
"SHEATH, CPS DIRECT UPSIZED X-WIDE 47CM","ScanChSup54616","CDM","272","RC","C1893","HCPCS","","","facility","both","","","","923.96","923.96","","","","","","","","","","","","","Gross Charge Type: Main Acute Price List"
"SHEATH, CPS QUARTET INNER CN-CSL 65CM","GyscChSup54629","CDM","272","RC","","","","","facility","both","","","","923.96","923.96","","","","","","","","","","","","","Gross Charge Type: Main Acute Price List"
"SHEATH, CPS QUARTET INNER SUB 90DEG 59CM","PacuChSup54625","CDM","272","RC","","","","","facility","both","","","","923.96","923.96","","","","","","","","","","","","","Gross Charge Type: Main Acute Price List"
"SHEATH, CPS QUARTET INNER SUB-ACU 135DEG 65CM","ScorWmSup54624","CDM","272","RC","","","","","facility","both","","","","923.96","923.96","","","","","","","","","","","","","Gross Charge Type: Main Acute Price List"
"SHEATH, CPS QUARTET INNER SUB-OBT 45DEG 59CM","PacuChSup54627","CDM","272","RC","","","","","facility","both","","","","923.96","923.96","","","","","","","","","","","","","Gross Charge Type: Main Acute Price List"
"SHEATH, DESTINATION 6FR 65CM STRAIGHT","PacuChSup36771","CDM","278","RC","C1894","HCPCS","","","facility","both","","","","662.78","662.78","","","","","","","","","","","","","Gross Charge Type: Main Acute Price List"
"SHEATH, DESTINATION 6FR STRAIGHT GUIDING","CcthChSup35509","CDM","272","RC","","","","","facility","both","","","","615.97","615.97","","","","","","","","","","","","","Gross Charge Type: Main Acute Price List"
"SHEATH, DESTINATION 7FR 65CM STRAIGHT","Chrs3136772","CDM","272","RC","C1887","HCPCS","","","facility","both","","","","662.78","662.78","","","","","","","","","","","","","Gross Charge Type: Main Acute Price List"
"SHEATH, DESTINATION GUIDE 6FR MULTI PURPOSE","ScpuWmSup35396","CDM","278","RC","C1894","HCPCS","","","facility","both","","","","785.68","785.68","","","","","","","","","","","","","Gross Charge Type: Main Acute Price List"
"SHEATH, DESTINATION GUIDE 6FR STRAIGHT","CcthChSup35394","CDM","278","RC","C1894","HCPCS","","","facility","both","","","","785.68","785.68","","","","","","","","","","","","","Gross Charge Type: Main Acute Price List"
"SHEATH, DESTINATION GUIDE 6FR STRAIGHT","PacuChSup35394","CDM","278","RC","C1894","HCPCS","","","facility","both","","","","785.68","785.68","","","","","","","","","","","","","Gross Charge Type: Main Acute Price List"
"SHEATH, DESTINATION GUIDE 7FR STRAIGHT","PacuChSup35395","CDM","278","RC","C1894","HCPCS","","","facility","both","","","","785.68","785.68","","","","","","","","","","","","","Gross Charge Type: Main Acute Price List"
"SHEATH, DESTINATION SLENDER R2P 6FR 75CM STRAIGHT","ScanWmSup107178","CDM","278","RC","C1887","HCPCS","","","facility","both","","","","1850.53","1850.53","","","","","","","","","","","","","Gross Charge Type: Main Acute Price List"
"SHEATH, DESTINATION SLENDER R2P 6FR 85CM STRAIGHT","ScorWmSup108477","CDM","272","RC","C1894","HCPCS","","","facility","both","","","","1850.53","1850.53","","","","","","","","","","","","","Gross Charge Type: Main Acute Price List"
"SHEATH, DESTINO TWIST 7FR 90CM 9MM CURVE","CspuChSup66361","CDM","272","RC","C1766","HCPCS","","","facility","both","","","","3185.57","3185.57","","","","","","","","","","","","","Gross Charge Type: Main Acute Price List"
"SHEATH, DESTINO TWIST 7FR 90CM 9MM CURVE","ScorWmSup66361","CDM","272","RC","C1766","HCPCS","","","facility","both","","","","3185.57","3185.57","","","","","","","","","","","","","Gross Charge Type: Main Acute Price List"
"SHEATH, DESTINO TWIST 8.5FR 55CM 17MM CURL","AngiChSup67047","CDM","272","RC","","","","","facility","both","","","","3387.86","3387.86","","","","","","","","","","","","","Gross Charge Type: Main Acute Price List"
"SHEATH, DRYSEAL FLEX INTRODUCER 65CM, 10 FR HYDROPHILIC COATING","PacuChSup112872","CDM","278","RC","C1894","HCPCS","","","facility","both","","","","3787.94","3787.94","","","","","","","","","","","","","Gross Charge Type: Main Acute Price List"
"SHEATH, DRYSEAL FLEXSHEATH 15FR 33CM","PacuChSup112744","CDM","272","RC","C1894","HCPCS","","","facility","both","","","","2285.27","2285.27","","","","","","","","","","","","","Gross Charge Type: Main Acute Price List"
"SHEATH, ENDO SCRUB 2 STORZ 4MM/0-DEG","CspuChSup65929","CDM","272","RC","","","","","facility","both","","","","481.03","481.03","","","","","","","","","","","","","Gross Charge Type: Main Acute Price List"
"SHEATH, ENDO SCRUB 2 STORZ 4MM/0-DEG","ScanChSup65929","CDM","272","RC","","","","","facility","both","","","","481.03","481.03","","","","","","","","","","","","","Gross Charge Type: Main Acute Price List"
"SHEATH, ENDO SCRUB 30 DEGREE 4MM","GyscChSup26496","CDM","272","RC","","","","","facility","both","","","","431.38","431.38","","","","","","","","","","","","","Gross Charge Type: Main Acute Price List"
"SHEATH, FLEXCATH 12 ADVANCE STEERABLE 12FR","ScorWmSup52678","CDM","272","RC","C1766","HCPCS","","","facility","both","","","","6159.74","6159.74","","","","","","","","","","","","","Gross Charge Type: Main Acute Price List"
"SHEATH, FLEXOR ANCEL CHEK-FLO 12FR 45CM","PacuWmSup65049","CDM","272","RC","C1894","HCPCS","","","facility","both","","","","386.9","386.9","","","","","","","","","","","","","Gross Charge Type: Main Acute Price List"
"SHEATH, FLEXOR INTRODUCER 6FR 70CM","GastWmSup113346","CDM","272","RC","C1894","HCPCS","","","facility","both","","","","433.93","433.93","","","","","","","","","","","","","Gross Charge Type: Main Acute Price List"
"SHEATH, FLEXOR INTRODUCER 6FR 70CM","OperChSup113346","CDM","272","RC","C1894","HCPCS","","","facility","both","","","","433.93","433.93","","","","","","","","","","","","","Gross Charge Type: Main Acute Price List"
"SHEATH, FLEXOR INTRODUCER 7FR 70CM","OperChSup113345","CDM","272","RC","C1894","HCPCS","","","facility","both","","","","433.93","433.93","","","","","","","","","","","","","Gross Charge Type: Main Acute Price List"
"SHEATH, FLEXOR INTRODUCER 8FR 70CM","GastChSup113344","CDM","272","RC","C1894","HCPCS","","","facility","both","","","","433.93","433.93","","","","","","","","","","","","","Gross Charge Type: Main Acute Price List"
"SHEATH, FORTE ACCESS 12/14FR X 35CM","OperChSup27642","CDM","272","RC","","","","","facility","both","","","","631.38","631.38","","","","","","","","","","","","","Gross Charge Type: Main Acute Price List"
"SHEATH, FORTE ACCESS 12/14FR X 35CM","ScpuChSup27642","CDM","272","RC","","","","","facility","both","","","","631.38","631.38","","","","","","","","","","","","","Gross Charge Type: Main Acute Price List"
"SHEATH, GLIDELIGHT LASER 12FR","Chrs5451054","CDM","272","RC","C2629","HCPCS","","","facility","both","","","","19495.58","19495.58","","","","","","","","","","","","","Gross Charge Type: Main Acute Price List"
"SHEATH, GLIDELIGHT LASER 12FR","GyscChSup51054","CDM","272","RC","C2629","HCPCS","","","facility","both","","","","19495.58","19495.58","","","","","","","","","","","","","Gross Charge Type: Main Acute Price List"
"SHEATH, GLIDELIGHT LASER 12FR","OperWmSup51054","CDM","272","RC","C2629","HCPCS","","","facility","both","","","","19495.58","19495.58","","","","","","","","","","","","","Gross Charge Type: Main Acute Price List"
"SHEATH, GLIDELIGHT LASER 12FR","ScanWmSup51054","CDM","272","RC","C2629","HCPCS","","","facility","both","","","","19495.58","19495.58","","","","","","","","","","","","","Gross Charge Type: Main Acute Price List"
"SHEATH, GLIDELIGHT LASER 14FR","PacuChSup51055","CDM","272","RC","C2629","HCPCS","","","facility","both","","","","19084.48","19084.48","","","","","","","","","","","","","Gross Charge Type: Main Acute Price List"
"SHEATH, GLIDING DESTINATION SLENDER 95CM 6FR STRAIGHT","ScanChSup106530","CDM","272","RC","C1887","HCPCS","","","facility","both","","","","1968.04","1968.04","","","","","","","","","","","","","Gross Charge Type: Main Acute Price List"
"SHEATH, GLIDING DESTINATION SLENDER 95CM 6FR STRAIGHT","ScorChSup106530","CDM","272","RC","C1887","HCPCS","","","facility","both","","","","1968.04","1968.04","","","","","","","","","","","","","Gross Charge Type: Main Acute Price List"
"SHEATH, GUIDE ADELANTE BREEZE WAY","DelrChSup76245","CDM","272","RC","","","","","facility","both","","","","550.24","550.24","","","","","","","","","","","","","Gross Charge Type: Main Acute Price List"
"SHEATH, GUIDE ADELANTE BREEZE WAY","ScorChSup76245","CDM","272","RC","","","","","facility","both","","","","550.24","550.24","","","","","","","","","","","","","Gross Charge Type: Main Acute Price List"
"SHEATH, INTRO. 7F 10CM PINN","OperChSup203339","CDM","272","RC","C1894","HCPCS","","","facility","both","","","","65.97","65.97","","","","","","","","","","","","","Gross Charge Type: Main Acute Price List"
"SHEATH, INTRODUCER 11FR 25CM","ScanWmSup39128","CDM","272","RC","C1894","HCPCS","","","facility","both","","","","114.27","114.27","","","","","","","","","","","","","Gross Charge Type: Main Acute Price List"
"SHEATH, INTRODUCER 11FR X 70CM","PacuChSup21153","CDM","272","RC","C1894","HCPCS","","","facility","both","","","","443.13","443.13","","","","","","","","","","","","","Gross Charge Type: Main Acute Price List"
"SHEATH, INTRODUCER 11FR X 70CM","ScanChSup21153","CDM","272","RC","C1894","HCPCS","","","facility","both","","","","443.13","443.13","","","","","","","","","","","","","Gross Charge Type: Main Acute Price List"
"SHEATH, INTRODUCER 18FR 30CM","EplbChSup39142","CDM","272","RC","C1894","HCPCS","","","facility","both","","","","731.78","731.78","","","","","","","","","","","","","Gross Charge Type: Main Acute Price List"
"SHEATH, INTRODUCER 7FR 25CM","Chrs3139126","CDM","272","RC","C1894","HCPCS","","","facility","both","","","","114.27","114.27","","","","","","","","","","","","","Gross Charge Type: Main Acute Price List"
"SHEATH, INTRODUCER 8FR 25CM","GastWmSup39127","CDM","272","RC","C1894","HCPCS","","","facility","both","","","","114.27","114.27","","","","","","","","","","","","","Gross Charge Type: Main Acute Price List"
"SHEATH, INTRODUCER CHECK-FLO 14FRX30CM","ScpuWmSup49364","CDM","272","RC","C1894","HCPCS","","","facility","both","","","","416.67","416.67","","","","","","","","","","","","","Gross Charge Type: Main Acute Price List"
"SHEATH, INTRODUCER CHECK-FLO 18FR 40CM","ScorWmSup66505","CDM","272","RC","C1894","HCPCS","","","facility","both","","","","731.78","731.78","","","","","","","","","","","","","Gross Charge Type: Main Acute Price List"
"SHEATH, INTRODUCER DRYSEAL FLEX 12FR 65CM","ScorChSup118656","CDM","272","RC","C1894","HCPCS","","","facility","both","","","","3787.94","3787.94","","","","","","","","","","","","","Gross Charge Type: Main Acute Price List"
"SHEATH, INTRODUCER DRYSEAL FLEX","ScanWmSup69141","CDM","278","RC","","","","","facility","both","","","","3086.03","3086.03","","","","","","","","","","","","","Gross Charge Type: Main Acute Price List"
"SHEATH, INTRODUCER DRYSEAL FLEX","ScpuChSup69139","CDM","278","RC","","","","","facility","both","","","","3357.06","3357.06","","","","","","","","","","","","","Gross Charge Type: Main Acute Price List"
"SHEATH, INTRODUCER PERFORMER 16FR 70CM","AnesChSup65050","CDM","272","RC","C1894","HCPCS","","","facility","both","","","","645.73","645.73","","","","","","","","","","","","","Gross Charge Type: Main Acute Price List"
"SHEATH, INTRODUCER PERFORMER 16FR 70CM","ScorWmSup65050","CDM","272","RC","C1894","HCPCS","","","facility","both","","","","645.73","645.73","","","","","","","","","","","","","Gross Charge Type: Main Acute Price List"
"SHEATH, INTRODUCER PERFORMER 16FR 70CM","ScpuWmSup65050","CDM","272","RC","C1894","HCPCS","","","facility","both","","","","645.73","645.73","","","","","","","","","","","","","Gross Charge Type: Main Acute Price List"
"SHEATH, NAVIEASE TRANSEPTAL 8.5FR L1 63CM","ScorWmSup74831","CDM","272","RC","","","","","facility","both","","","","637.11","637.11","","","","","","","","","","","","","Gross Charge Type: Main Acute Price List"
"SHEATH, NAVIEASE TRANSEPTAL 8.5FR LM MULLENS 63CM","ScorChSup74829","CDM","272","RC","","","","","facility","both","","","","637.11","637.11","","","","","","","","","","","","","Gross Charge Type: Main Acute Price List"
"SHEATH, NAVIEASE TRANSEPTAL 8.5FR LO 63CM","ScorChSup74830","CDM","272","RC","","","","","facility","both","","","","637.11","637.11","","","","","","","","","","","","","Gross Charge Type: Main Acute Price List"
"SHEATH, NAVIGATOR HD URETERAL ACCESS 13/15FR X 28CM","CcthChSup106145","CDM","272","RC","C1894","HCPCS","","","facility","both","","","","642.88","642.88","","","","","","","","","","","","","Gross Charge Type: Main Acute Price List"
"SHEATH, NAVIGATOR HD URETERAL ACCESS 13/15FR X 28CM","GastWmSup106145","CDM","272","RC","C1894","HCPCS","","","facility","both","","","","642.88","642.88","","","","","","","","","","","","","Gross Charge Type: Main Acute Price List"
"SHEATH, NEURON MAX 6FR","PacuWmSup53331","CDM","272","RC","","","","","facility","both","","","","2987.48","2987.48","","","","","","","","","","","","","Gross Charge Type: Main Acute Price List"
"SHEATH, PEEL AWAY INTRODUCER 9FR 44 .035","CLDRChSup74420","CDM","272","RC","","","","","facility","both","","","","319.07","319.07","","","","","","","","","","","","","Gross Charge Type: Main Acute Price List"
"SHEATH, PINNACLE 4FR INTRODUCER 4FR X 2.5CM","ScorWmSup43980","CDM","272","RC","C1894","HCPCS","","","facility","both","","","","44.66","44.66","","","","","","","","","","","","","Gross Charge Type: Main Acute Price List"
"SHEATH, PINNACLE 5F/10CM/.035","AnesChSup204724","CDM","272","RC","C1894","HCPCS","","","facility","both","","","","62.03","62.03","","","","","","","","","","","","","Gross Charge Type: Main Acute Price List"
"SHEATH, PINNACLE 5F/10CM/.035","Chrs54204724","CDM","272","RC","C1894","HCPCS","","","facility","both","","","","62.03","62.03","","","","","","","","","","","","","Gross Charge Type: Main Acute Price List"
"SHEATH, PINNACLE 5FR X 25CM","ScorWmSup44066","CDM","272","RC","C1894","HCPCS","","","facility","both","","","","66.96","66.96","","","","","","","","","","","","","Gross Charge Type: Main Acute Price List"
"SHEATH, PINNACLE 7FR INTRODUCER 7FR X 2.5CM","CcthChSup43975","CDM","272","RC","C1894","HCPCS","","","facility","both","","","","44.66","44.66","","","","","","","","","","","","","Gross Charge Type: Main Acute Price List"
"SHEATH, PINNACLE 8 FR.","AngiChSup93594","CDM","272","RC","C1894","HCPCS","","","facility","both","","","","65.97","65.97","","","","","","","","","","","","","Gross Charge Type: Main Acute Price List"
"SHEATH, PINNACLE 8FR INTRODUCER 8FR X 2.5CM","ScorChSup43976","CDM","272","RC","C1894","HCPCS","","","facility","both","","","","44.66","44.66","","","","","","","","","","","","","Gross Charge Type: Main Acute Price List"
"SHEATH, PINNACLE 9FR INTRODUCER 9FR X 2.5CM","OperWmSup43977","CDM","272","RC","C1894","HCPCS","","","facility","both","","","","44.66","44.66","","","","","","","","","","","","","Gross Charge Type: Main Acute Price List"
"SHEATH, PRELUDE IDEAL 5FR  7CM W/BOWTIE GUIDEWIRE","AnesChSup106338","CDM","272","RC","C1894","HCPCS","","","facility","both","","","","301.82","301.82","","","","","","","","","","","","","Gross Charge Type: Main Acute Price List"
"SHEATH, RAABE INTRODUCER 6.0X35X70","OperWmSup71568","CDM","278","RC","C1894","HCPCS","","","facility","both","","","","433.93","433.93","","","","","","","","","","","","","Gross Charge Type: Main Acute Price List"
"SHEATH, RIST RADIAL ACCESS GUIDE  100CM 7FR .093","PacuWmSup109106","CDM","272","RC","C1887","HCPCS","","","facility","both","","","","7206.89","7206.89","","","","","","","","","","","","","Gross Charge Type: Main Acute Price List"
"SHEATH, RIST RADIAL ACCESS GUIDE  9105CM 7FR .093","DelrChSup109107","CDM","272","RC","C1887","HCPCS","","","facility","both","","","","7206.89","7206.89","","","","","","","","","","","","","Gross Charge Type: Main Acute Price List"
"SHEATH, SAFE CSG 90DEG 9FR","PacuWmSup51865","CDM","272","RC","","","","","facility","both","","","","1911.34","1911.34","","","","","","","","","","","","","Gross Charge Type: Main Acute Price List"
"SHEATH, SCOUT SURGICAL GUIDE","CcthChSup79315","CDM","272","RC","","","","","facility","both","","","","295.66","295.66","","","","","","","","","","","","","Gross Charge Type: Main Acute Price List"
"SHEATH, SENTRANT 16FR","PacuWmSup107138","CDM","278","RC","C1894","HCPCS","","","facility","both","","","","723.99","723.99","","","","","","","","","","","","","Gross Charge Type: Main Acute Price List"
"SHEATH, SHUTTLE SL 7FR 90CM","ScpuWmSup26577","CDM","272","RC","","","","","facility","both","","","","645.42","645.42","","","","","","","","","","","","","Gross Charge Type: Main Acute Price List"
"SHEATH, SNAP SPLITABLE 12FR 13CM","AnesWmSup78512","CDM","272","RC","C1894","HCPCS","","","facility","both","","","","252.55","252.55","","","","","","","","","","","","","Gross Charge Type: Main Acute Price List"
"SHEATH, SNAP SPLITABLE 6FR 13CM GREEN","GastWmSup67316","CDM","272","RC","C1892","HCPCS","","","facility","both","","","","252.55","252.55","","","","","","","","","","","","","Gross Charge Type: Main Acute Price List"
"SHEATH, TORQVUE 14FR 80CM 45X46","OperWmSup114488","CDM","272","RC","C1766","HCPCS","","","facility","both","","","","4400","4400","","","","","","","","","","","","","Gross Charge Type: Main Acute Price List"
"SHEATH, TORQVUE 14FR 80CM 45X46","PacuWmSup114488","CDM","272","RC","C1766","HCPCS","","","facility","both","","","","4400","4400","","","","","","","","","","","","","Gross Charge Type: Main Acute Price List"
"SHEATH, TORQVUE 14FR 80CM 45X46","ScorChSup114488","CDM","272","RC","C1766","HCPCS","","","facility","both","","","","4400","4400","","","","","","","","","","","","","Gross Charge Type: Main Acute Price List"
"SHEATH, ULTIMUM EV 10FR 12CM 0.035","PacuChSup28764","CDM","272","RC","C1894","HCPCS","","","facility","both","","","","52.13","52.13","","","","","","","","","","","","","Gross Charge Type: Main Acute Price List"
"SHEATH, ULTIMUM EV 11FR 12CM 0.035","PacuWmSup28765","CDM","272","RC","C1894","HCPCS","","","facility","both","","","","55.44","55.44","","","","","","","","","","","","","Gross Charge Type: Main Acute Price List"
"SHEATH, ULTIMUM EV 11FR 12CM 0.035","Wilm5428765","CDM","272","RC","C1894","HCPCS","","","facility","both","","","","55.44","55.44","","","","","","","","","","","","","Gross Charge Type: Main Acute Price List"
"SHEATH, VISISHEATH DILATOR L 16FR 43CM","OperWmSup42870","CDM","272","RC","C1894","HCPCS","","","facility","both","","","","1752.74","1752.74","","","","","","","","","","","","","Gross Charge Type: Main Acute Price List"
"SHEATH,14FR CHECK FLO","OperWmSup790042","CDM","272","RC","C1894","HCPCS","","","facility","both","","","","307.16","307.16","","","","","","","","","","","","","Gross Charge Type: Main Acute Price List"
"SHEATH,14FR CHECK FLO","ScanChSup790042","CDM","272","RC","C1894","HCPCS","","","facility","both","","","","307.16","307.16","","","","","","","","","","","","","Gross Charge Type: Main Acute Price List"
"SHEATH,DESTINATION SLENDER R2P 6FR 119CM","AnesWmSup75295","CDM","272","RC","C1887","HCPCS","","","facility","both","","","","1850.53","1850.53","","","","","","","","","","","","","Gross Charge Type: Main Acute Price List"
"SHEATH,DESTINATION SLENDER R2P 6FR 119CM","ScanWmSup75295","CDM","272","RC","C1887","HCPCS","","","facility","both","","","","1850.53","1850.53","","","","","","","","","","","","","Gross Charge Type: Main Acute Price List"
"SHEATH,DESTINO REACH 8.5FR 67CM 22 CURVE GW","Wilm3166498","CDM","272","RC","","","","","facility","both","","","","4025.41","4025.41","","","","","","","","","","","","","Gross Charge Type: Main Acute Price List"
"SHEATH,DESTINO TWIST 6.5FR 108CM 9MM CUR","DelrChSup65668","CDM","272","RC","C1766","HCPCS","","","facility","both","","","","3185.57","3185.57","","","","","","","","","","","","","Gross Charge Type: Main Acute Price List"
"SHEATH,DESTINO TWIST 6.5FR 63CM 9MM CURV","OperWmSup65665","CDM","272","RC","C1766","HCPCS","","","facility","both","","","","2771.89","2771.89","","","","","","","","","","","","","Gross Charge Type: Main Acute Price List"
"SHEATH,DESTINO TWIST 6.5FR 63CM 9MM CURV","PacuChSup65665","CDM","272","RC","C1766","HCPCS","","","facility","both","","","","2771.89","2771.89","","","","","","","","","","","","","Gross Charge Type: Main Acute Price List"
"SHEATH,DESTINO TWIST 6.5FR 83CM 9MM CURV","Chrs5465667","CDM","272","RC","C1766","HCPCS","","","facility","both","","","","2771.89","2771.89","","","","","","","","","","","","","Gross Charge Type: Main Acute Price List"
"SHEATH,INTROD PERFORMER CHEK-FLO 14FR 45CM","ScpuChSup65048","CDM","272","RC","C1894","HCPCS","","","facility","both","","","","866.62","866.62","","","","","","","","","","","","","Gross Charge Type: Main Acute Price List"
"SHEATH,INTRODUCER DRYSEAL FLEX 16FR 33CM","ScpuWmSup72025","CDM","272","RC","C1894","HCPCS","","","facility","both","","","","2285.27","2285.27","","","","","","","","","","","","","Gross Charge Type: Main Acute Price List"
"SHEATH,SET PEEL AWAY 12FR 20CM","AngiChSup91992","CDM","270","RC","","","","","facility","both","","","","298.31","298.31","","","","","","","","","","","","","Gross Charge Type: Main Acute Price List"
"SHEATH,URETERAL ACC NAVIGATOR HD 11/13FX36","EplbChSup64486","CDM","272","RC","C1894","HCPCS","","","facility","both","","","","721.3","721.3","","","","","","","","","","","","","Gross Charge Type: Main Acute Price List"
"SHEATH,URETERAL ACC NAVIGATOR HD 11/13FX36","PacuWmSup64486","CDM","272","RC","C1894","HCPCS","","","facility","both","","","","721.3","721.3","","","","","","","","","","","","","Gross Charge Type: Main Acute Price List"
"SHEET, 38 X 50 X 085","GastChSup200139","CDM","270","RC","","","","","facility","both","","","","2305.36","2305.36","","","","","","","","","","","","","Gross Charge Type: Main Acute Price List"
"SHEET, MEDPOR 38X50 1.5MM","PacuWmSup94121","CDM","270","RC","","","","","facility","both","","","","1390.07","1390.07","","","","","","","","","","","","","Gross Charge Type: Main Acute Price List"
"SHEET, OMNIPORE ULTRA THIN 38X50X0.85MM","AnesChSup79552","CDM","278","RC","","","","","facility","both","","","","2402.3","2402.3","","","","","","","","","","","","","Gross Charge Type: Main Acute Price List"
"SHEET, OMNIPORE ULTRA THIN 50X76X.085MM","ScpuWmSup113423","CDM","278","RC","C1734","HCPCS","","","facility","both","","","","3040.77","3040.77","","","","","","","","","","","","","Gross Charge Type: Main Acute Price List"
"SHEET, ORBITAL FLOOR OP DUROMAX 1.3MM","GyscChSup80132","CDM","278","RC","","","","","facility","both","","","","6159.74","6159.74","","","","","","","","","","","","","Gross Charge Type: Main Acute Price List"
"SHEETING, SILASTIC 4X8X.030""","CcthChSup25781","CDM","270","RC","","","","","facility","both","","","","781.91","781.91","","","","","","","","","","","","","Gross Charge Type: Main Acute Price List"
"SHEETING, SILASTIC 4X8X.040""","ScanChSup100748","CDM","270","RC","","","","","facility","both","","","","880.38","880.38","","","","","","","","","","","","","Gross Charge Type: Main Acute Price List"
"SHEETING, SILASTIC 6X8X.040""","CcthChSup70442","CDM","272","RC","","","","","facility","both","","","","1016.36","1016.36","","","","","","","","","","","","","Gross Charge Type: Main Acute Price List"
"SHELL, ACETABULAR RESTORATION GAP II LEFT 60MM","CspuChSup27011","CDM","278","RC","","","","","facility","both","","","","16763.79","16763.79","","","","","","","","","","","","","Gross Charge Type: Main Acute Price List"
"SHELL, ACETABULAR RESTORATION GAP II LEFT 60MM","GastWmSup27011","CDM","278","RC","","","","","facility","both","","","","16763.79","16763.79","","","","","","","","","","","","","Gross Charge Type: Main Acute Price List"
"SHELL, ACETABULAR RESTORATION GAP II LEFT 60MM","GyscChSup27011","CDM","278","RC","","","","","facility","both","","","","16763.79","16763.79","","","","","","","","","","","","","Gross Charge Type: Main Acute Price List"
"SHELL, ACETABULAR TRABCULAR METAL REVISION CUP SZ 56MM","ScpuChSup115434","CDM","278","RC","C1776","HCPCS","","","facility","both","","","","16748.45","16748.45","","","","","","","","","","","","","Gross Charge Type: Main Acute Price List"
"SHELL, CEMENTED POLARCUP SIZE 49","OperWmSup10190718","CDM","278","RC","C1776","HCPCS","","","facility","both","","","","12133.5","12133.5","","","","","","","","","","","","","Gross Charge Type: Main Acute Price List"
"SHELL, EMPHASYS 3HOLE 54MM CEMENTLESS","OperChSup119981","CDM","278","RC","C1776","HCPCS","","","facility","both","","","","7239.94","7239.94","","","","","","","","","","","","","Gross Charge Type: Main Acute Price List"
"SHELL, LEGEND THREE-HOLE 48MM -COMPT","CcthChSup111457","CDM","278","RC","C1776","HCPCS","","","facility","both","","","","5212.76","5212.76","","","","","","","","","","","","","Gross Charge Type: Main Acute Price List"
"SHELL, LEGEND THREE-HOLE 48MM -COMPT","PacuWmSup111457","CDM","278","RC","C1776","HCPCS","","","facility","both","","","","5212.76","5212.76","","","","","","","","","","","","","Gross Charge Type: Main Acute Price List"
"SHELL, LEGEND THREE-HOLE 48MM -COMPT","ScorChSup111457","CDM","278","RC","C1776","HCPCS","","","facility","both","","","","5212.76","5212.76","","","","","","","","","","","","","Gross Charge Type: Main Acute Price List"
"SHELL, LEGEND THREE-HOLE 50MM -COMPT","OperChSup111458","CDM","278","RC","C1776","HCPCS","","","facility","both","","","","5543.76","5543.76","","","","","","","","","","","","","Gross Charge Type: Main Acute Price List"
"SHELL, LEGEND THREE-HOLE 52MM -COMPT","GastChSup111459","CDM","278","RC","C1776","HCPCS","","","facility","both","","","","5212.76","5212.76","","","","","","","","","","","","","Gross Charge Type: Main Acute Price List"
"SHELL, LEGEND THREE-HOLE 54MM -COMPT","AngiChSup111460","CDM","278","RC","C1776","HCPCS","","","facility","both","","","","5543.76","5543.76","","","","","","","","","","","","","Gross Charge Type: Main Acute Price List"
"SHELL, LEGEND THREE-HOLE 54MM -COMPT","ScorChSup111460","CDM","278","RC","C1776","HCPCS","","","facility","both","","","","5543.76","5543.76","","","","","","","","","","","","","Gross Charge Type: Main Acute Price List"
"SHELL, LEGEND THREE-HOLE 56MM -COMPT","ScorChSup111461","CDM","278","RC","C1776","HCPCS","","","facility","both","","","","5543.76","5543.76","","","","","","","","","","","","","Gross Charge Type: Main Acute Price List"
"SHELL, LEGEND THREE-HOLE 62MM -COMPT","CcthChSup111464","CDM","278","RC","C1776","HCPCS","","","facility","both","","","","5212.76","5212.76","","","","","","","","","","","","","Gross Charge Type: Main Acute Price List"
"SHELL, LEGEND THREE-HOLE 64MM -COMPT","AngiWmSup111465","CDM","278","RC","C1776","HCPCS","","","facility","both","","","","5212.76","5212.76","","","","","","","","","","","","","Gross Charge Type: Main Acute Price List"
"SHELL, LEGEND THREE-HOLE 66MM -COMPT","OperWmSup111466","CDM","278","RC","C1776","HCPCS","","","facility","both","","","","5212.76","5212.76","","","","","","","","","","","","","Gross Charge Type: Main Acute Price List"
"SHELL, REVISION ACETABULAR 60MM CUP SZ","ScorWmSup10189986","CDM","278","RC","C1776","HCPCS","","","facility","both","","","","18955.61","18955.61","","","","","","","","","","","","","Gross Charge Type: Main Acute Price List"
"SHIM, MAS HOOP","GyscChSup65697","CDM","278","RC","","","","","facility","both","","","","3324.58","3324.58","","","","","","","","","","","","","Gross Charge Type: Main Acute Price List"
"SHIM, MAS HOOP","Wilm3165697","CDM","278","RC","","","","","facility","both","","","","3324.58","3324.58","","","","","","","","","","","","","Gross Charge Type: Main Acute Price List"
"SHOULDER, ECLIPSE TRUNION 39MM SLOTTED TPS CAP","PacuChSup107107","CDM","278","RC","C1776","HCPCS","","","facility","both","","","","21559.08","21559.08","","","","","","","","","","","","","Gross Charge Type: Main Acute Price List"
"SHOULDER, GLENOID PEG CROSSLINK 44MM","ScpuWmSup33373","CDM","278","RC","C1776","HCPCS","","","facility","both","","","","6775.72","6775.72","","","","","","","","","","","","","Gross Charge Type: Main Acute Price List"
"SHOULDER, REVERSE FRACTURE AEQUALIS REVIVE STD BASEPLATE","GastWmSup111033","CDM","278","RC","C1776","HCPCS","","","facility","both","","","","46335.6","46335.6","","","","","","","","","","","","","Gross Charge Type: Main Acute Price List"
"SHOULDER, REVERSE FRACTURE AEQUALIS REVIVE","ScorWmSup79392","CDM","278","RC","C1776","HCPCS","","","facility","both","","","","55023.52","55023.52","","","","","","","","","","","","","Gross Charge Type: Main Acute Price List"
"SHOULDER, REVERSE GLENOSPHERE 36MM +6MM","AnesChSup44976","CDM","278","RC","","","","","facility","both","","","","9332","9332","","","","","","","","","","","","","Gross Charge Type: Main Acute Price List"
"SHOULDER, REVERSE SYSTEM VERSA-DIAL GLENOSPHERE 40MM","PacuChSup113350","CDM","278","RC","C1776","HCPCS","","","facility","both","","","","9332","9332","","","","","","","","","","","","","Gross Charge Type: Main Acute Price List"
"SHOULDER,HEMI ASCEND FLEX CAPITATED PRICE","GyscChSup65185","CDM","278","RC","C1776","HCPCS","","","facility","both","","","","24638.96","24638.96","","","","","","","","","","","","","Gross Charge Type: Main Acute Price List"
"SHOULDER,TOTAL SIMPLICITI PERFORM+ GLENOID","ScorWmSup71068","CDM","278","RC","C1776","HCPCS","","","facility","both","","","","37647.67","37647.67","","","","","","","","","","","","","Gross Charge Type: Main Acute Price List"
"SHUNT, AHMED GLAUCOMA","GyscChSup28136","CDM","278","RC","C1783","HCPCS","","","facility","both","","","","6159.74","6159.74","","","","","","","","","","","","","Gross Charge Type: Main Acute Price List"
"SHUNT, AHMED GLAUCOMA","Wilm5428136","CDM","278","RC","C1783","HCPCS","","","facility","both","","","","6159.74","6159.74","","","","","","","","","","","","","Gross Charge Type: Main Acute Price List"
"SHUNT, AXIUS CORONARY 1.25MM","GyscChSup54345","CDM","272","RC","","","","","facility","both","","","","625.25","625.25","","","","","","","","","","","","","Gross Charge Type: Main Acute Price List"
"SHUNT, AXIUS CORONARY 1.5MM","GastWmSup54023","CDM","272","RC","","","","","facility","both","","","","625.25","625.25","","","","","","","","","","","","","Gross Charge Type: Main Acute Price List"
"SHUNT, AXIUS CORONARY 1.75MM","OperChSup54022","CDM","272","RC","","","","","facility","both","","","","625.25","625.25","","","","","","","","","","","","","Gross Charge Type: Main Acute Price List"
"SHUNT, AXIUS CORONARY 2.5MM","ScorChSup53831","CDM","272","RC","","","","","facility","both","","","","625.25","625.25","","","","","","","","","","","","","Gross Charge Type: Main Acute Price List"
"SHUNT, AXIUS CORONARY 2.5MM","ScorWmSup53831","CDM","272","RC","","","","","facility","both","","","","625.25","625.25","","","","","","","","","","","","","Gross Charge Type: Main Acute Price List"
"SHUNT, INTRALUMINAL FLOTHRU 1.75MM","CspuChSup69671","CDM","278","RC","C1889","HCPCS","","","facility","both","","","","468.47","468.47","","","","","","","","","","","","","Gross Charge Type: Main Acute Price List"
"SHUNT, INTRALUMINAL FLOTHRU 1.75MM","DelrChSup69671","CDM","278","RC","C1889","HCPCS","","","facility","both","","","","468.47","468.47","","","","","","","","","","","","","Gross Charge Type: Main Acute Price List"
"SHUNT, LUMBOPERITONEAL T-TUBE LP 87CMX8CM","EplbChSup45238","CDM","278","RC","C1889","HCPCS","","","facility","both","","","","5623.22","5623.22","","","","","","","","","","","","","Gross Charge Type: Main Acute Price List"
"SHUNT, PAK ASS CAROTID ARTERY","AngiWmSup572","CDM","278","RC","C1889","HCPCS","","","facility","both","","","","159.66","159.66","","","","","","","","","","","","","Gross Charge Type: Main Acute Price List"
"SHUNT, PAK ASS CAROTID ARTERY","OperChSup572","CDM","278","RC","C1889","HCPCS","","","facility","both","","","","159.66","159.66","","","","","","","","","","","","","Gross Charge Type: Main Acute Price List"
"SHUNT, PROGRAMMABLE VALVE HAKIM IN LINE","ScorWmSup61929","CDM","278","RC","C1889","HCPCS","","","facility","both","","","","36467.63","36467.63","","","","","","","","","","","","","Gross Charge Type: Main Acute Price List"
"SHUNT, PROGRAMMABLE W/SIPHON","ScorChSup22255","CDM","278","RC","C1889","HCPCS","","","facility","both","","","","40944.03","40944.03","","","","","","","","","","","","","Gross Charge Type: Main Acute Price List"
"SHUNT, SUNDT EXTERNAL CAROTID ENDARTERECTOMY","GyscChSup107231","CDM","278","RC","C1889","HCPCS","","","facility","both","","","","3537.85","3537.85","","","","","","","","","","","","","Gross Charge Type: Main Acute Price List"
"SHUNT, T INHARA OUTLYING 9FR","ScpuWmSup4931","CDM","278","RC","C1889","HCPCS","","","facility","both","","","","6461.57","6461.57","","","","","","","","","","","","","Gross Charge Type: Main Acute Price List"
"SHUNT,PROGAV 2.0 W/ PEDIATRIC PRECHAMBER","PacuChSup67861","CDM","278","RC","","","","","facility","both","","","","17424.16","17424.16","","","","","","","","","","","","","Gross Charge Type: Main Acute Price List"
"SIMULATION,TX RADIO,COMPLEX","RadtCo1089","CDM","333","RC","77290","HCPCS","","","facility","both","","","TC","3427.32","3427.32","","","","","","","","","","","","","Gross Charge Type: Main Acute Price List | The modified price is presented in the standard charge value. | Modifier TC: Technical Component; represents the costs of equipment, supplies, and technician personnel for a procedure, excluding the physician's interpretation. It is used when only the technical portion of a test is billed, typically by hospitals, imaging centers, or independent diagnostic testing facilities"
"SIZER,  CONTINUOUS COMPRESSION IMPLANT","PacuChSup61218","CDM","278","RC","","","","","facility","both","","","","305.81","305.81","","","","","","","","","","","","","Gross Charge Type: Main Acute Price List"
"SIZER, BREAST GEL HIGH PROFILE 800CC","EplbChSup67000","CDM","278","RC","C1789","HCPCS","","","facility","both","","","","226.3","226.3","","","","","","","","","","","","","Gross Charge Type: Main Acute Price List"
"SIZER, BREAST GEL HIGH PROFILE 800CC","ScanWmSup67000","CDM","278","RC","C1789","HCPCS","","","facility","both","","","","226.3","226.3","","","","","","","","","","","","","Gross Charge Type: Main Acute Price List"
"SIZER, BREAST MEMORYGEL MP XTRA 405CC","ScanChSup75091","CDM","278","RC","C1789","HCPCS","","","facility","both","","","","243.7","243.7","","","","","","","","","","","","","Gross Charge Type: Main Acute Price List"
"SIZER, BREAST RND MOD PROF 700CC","Chrs5449359","CDM","272","RC","","","","","facility","both","","","","49.36","49.36","","","","","","","","","","","","","Gross Charge Type: Main Acute Price List"
"SIZER, BREAST ROUND MOD PLUS 800CC","AngiChSup108321","CDM","278","RC","C1789","HCPCS","","","facility","both","","","","46.42","46.42","","","","","","","","","","","","","Gross Charge Type: Main Acute Price List"
"SIZER, BREAST ROUND MOD PLUS 800CC","AngiWmSup108321","CDM","278","RC","C1789","HCPCS","","","facility","both","","","","46.42","46.42","","","","","","","","","","","","","Gross Charge Type: Main Acute Price List"
"SIZER, BREAST ROUND MOD PLUS 800CC","EplbChSup108321","CDM","278","RC","C1789","HCPCS","","","facility","both","","","","46.42","46.42","","","","","","","","","","","","","Gross Charge Type: Main Acute Price List"
"SIZER, BREAST SALINE ROUND HIGH PROFILE 630CC","ScanWmSup63579","CDM","272","RC","","","","","facility","both","","","","46.42","46.42","","","","","","","","","","","","","Gross Charge Type: Main Acute Price List"
"SIZER, BREAST SALINE ROUND MODERATE PLUS 750CC","CspuChSup63469","CDM","272","RC","","","","","facility","both","","","","46.42","46.42","","","","","","","","","","","","","Gross Charge Type: Main Acute Price List"
"SIZER, BREAST SALINE ROUND MODERATE PLUS 750CC","OperWmSup63469","CDM","272","RC","","","","","facility","both","","","","46.42","46.42","","","","","","","","","","","","","Gross Charge Type: Main Acute Price List"
"SIZER, GEL BREAST LUXE HSC+ SMOOTH RND HIGH 470CC","GyscChSup113679","CDM","278","RC","","","","","facility","both","","","","232.1","232.1","","","","","","","","","","","","","Gross Charge Type: Main Acute Price List"
"SIZER, GEL BREAST LUXE HSC+ SMOOTH RND HIGH 505CC","AnesWmSup113680","CDM","278","RC","","","","","facility","both","","","","232.1","232.1","","","","","","","","","","","","","Gross Charge Type: Main Acute Price List"
"SIZER, GEL BREAST LUXE HSC+ SMOOTH RND HIGH 505CC","PacuWmSup113680","CDM","278","RC","","","","","facility","both","","","","232.1","232.1","","","","","","","","","","","","","Gross Charge Type: Main Acute Price List"
"SIZER, GEL BREAST LUXE HSC+ SMOOTH RND HIGH 505CC","ScpuChSup113680","CDM","278","RC","","","","","facility","both","","","","232.1","232.1","","","","","","","","","","","","","Gross Charge Type: Main Acute Price List"
"SIZER, GEL BREAST LUXE HSC+ SMOOTH RND HIGH 535CC","AngiChSup113681","CDM","278","RC","","","","","facility","both","","","","232.1","232.1","","","","","","","","","","","","","Gross Charge Type: Main Acute Price List"
"SIZER, GEL BREAST LUXE HSC+ SMOOTH RND HIGH 535CC","GastWmSup113681","CDM","278","RC","","","","","facility","both","","","","232.1","232.1","","","","","","","","","","","","","Gross Charge Type: Main Acute Price List"
"SIZER, GEL BREAST LUXE HSC+ SMOOTH RND HIGH 535CC","PacuChSup113681","CDM","278","RC","","","","","facility","both","","","","232.1","232.1","","","","","","","","","","","","","Gross Charge Type: Main Acute Price List"
"SIZER, GEL BREAST LUXE HSC+ SMOOTH RND HIGH 590CC","OperChSup113683","CDM","278","RC","","","","","facility","both","","","","232.1","232.1","","","","","","","","","","","","","Gross Charge Type: Main Acute Price List"
"SIZER, GEL HIGH PROFILE 700CC","ScorWmSup57652","CDM","278","RC","C1789","HCPCS","","","facility","both","","","","226.3","226.3","","","","","","","","","","","","","Gross Charge Type: Main Acute Price List"
"SIZER, MAMMARY 210-240CC","ScpuChSup7352","CDM","278","RC","","","","","facility","both","","","","43.19","43.19","","","","","","","","","","","","","Gross Charge Type: Main Acute Price List"
"SIZER, MAMMARY 240-270CC","OperWmSup7353","CDM","278","RC","","","","","facility","both","","","","43.19","43.19","","","","","","","","","","","","","Gross Charge Type: Main Acute Price List"
"SIZER, MAMMARY 510-540CC","OperWmSup7361","CDM","278","RC","","","","","facility","both","","","","43.19","43.19","","","","","","","","","","","","","Gross Charge Type: Main Acute Price List"
"SIZER, MAMMARY HP SALINE STRL 380CC","GyscChSup46078","CDM","272","RC","","","","","facility","both","","","","49.36","49.36","","","","","","","","","","","","","Gross Charge Type: Main Acute Price List"
"SIZER, MAMMARY HP SALINE STRL 380CC","OperChSup46078","CDM","272","RC","","","","","facility","both","","","","49.36","49.36","","","","","","","","","","","","","Gross Charge Type: Main Acute Price List"
"SIZER, MAMMARY HP SALINE STRL 380CC","ScpuChSup46078","CDM","272","RC","","","","","facility","both","","","","49.36","49.36","","","","","","","","","","","","","Gross Charge Type: Main Acute Price List"
"SIZER, MAMMARY MODERATE PLUS 425CC","PacuChSup61072","CDM","278","RC","C1789","HCPCS","","","facility","both","","","","49.36","49.36","","","","","","","","","","","","","Gross Charge Type: Main Acute Price List"
"SIZER, MAMMARY STERILE 175CC","GastWmSup19491","CDM","278","RC","","","","","facility","both","","","","46.42","46.42","","","","","","","","","","","","","Gross Charge Type: Main Acute Price List"
"SIZER, MAMMARY STERILE 225CC","OperWmSup19492","CDM","272","RC","","","","","facility","both","","","","49.36","49.36","","","","","","","","","","","","","Gross Charge Type: Main Acute Price List"
"SIZER, MAMMARY STERILE 225CC","ScanChSup19492","CDM","272","RC","","","","","facility","both","","","","49.36","49.36","","","","","","","","","","","","","Gross Charge Type: Main Acute Price List"
"SIZER, MAMMARY STERILE 475CC","CcthChSup19497","CDM","278","RC","","","","","facility","both","","","","46.42","46.42","","","","","","","","","","","","","Gross Charge Type: Main Acute Price List"
"SIZER, MAMMARY STERILE 475CC","CspuChSup19497","CDM","278","RC","","","","","facility","both","","","","46.42","46.42","","","","","","","","","","","","","Gross Charge Type: Main Acute Price List"
"SIZER, MAMMARY STERILE 475CC","GastChSup19497","CDM","278","RC","","","","","facility","both","","","","46.42","46.42","","","","","","","","","","","","","Gross Charge Type: Main Acute Price List"
"SIZER, MAMMARY STERILE 475CC","ScorChSup19497","CDM","278","RC","","","","","facility","both","","","","46.42","46.42","","","","","","","","","","","","","Gross Charge Type: Main Acute Price List"
"SIZER, MGEL XTRA  MH  210CC","CspuChSup109449","CDM","272","RC","","","","","facility","both","","","","243.7","243.7","","","","","","","","","","","","","Gross Charge Type: Main Acute Price List"
"SIZER, MGEL XTRA  MH  280CC","PacuWmSup109452","CDM","272","RC","","","","","facility","both","","","","243.7","243.7","","","","","","","","","","","","","Gross Charge Type: Main Acute Price List"
"SIZER, MGEL XTRA  MH  310CC","ScpuWmSup109453","CDM","272","RC","","","","","facility","both","","","","243.7","243.7","","","","","","","","","","","","","Gross Charge Type: Main Acute Price List"
"SIZER, MGEL XTRA  MH  330CC","CspuChSup109454","CDM","272","RC","","","","","facility","both","","","","243.7","243.7","","","","","","","","","","","","","Gross Charge Type: Main Acute Price List"
"SIZER, MGEL XTRA  MH  330CC","ScanChSup109454","CDM","272","RC","","","","","facility","both","","","","243.7","243.7","","","","","","","","","","","","","Gross Charge Type: Main Acute Price List"
"SIZER, MGEL XTRA  MH  330CC","ScorChSup109454","CDM","272","RC","","","","","facility","both","","","","243.7","243.7","","","","","","","","","","","","","Gross Charge Type: Main Acute Price List"
"SIZER, MGEL XTRA  MH  350CC","AngiWmSup109455","CDM","272","RC","","","","","facility","both","","","","243.7","243.7","","","","","","","","","","","","","Gross Charge Type: Main Acute Price List"
"SIZER, MGEL XTRA  MH  500CC","GyscChSup109460","CDM","272","RC","","","","","facility","both","","","","243.7","243.7","","","","","","","","","","","","","Gross Charge Type: Main Acute Price List"
"SIZER, MGEL XTRA  MH  545CC","CcthChSup109461","CDM","272","RC","","","","","facility","both","","","","243.7","243.7","","","","","","","","","","","","","Gross Charge Type: Main Acute Price List"
"SIZER, MGEL XTRA  MH  580CC","ScorChSup109462","CDM","272","RC","","","","","facility","both","","","","243.7","243.7","","","","","","","","","","","","","Gross Charge Type: Main Acute Price List"
"SIZER, MGEL XTRA  MH  580CC","ScorWmSup109462","CDM","272","RC","","","","","facility","both","","","","243.7","243.7","","","","","","","","","","","","","Gross Charge Type: Main Acute Price List"
"SIZER, MGEL XTRA  MH  700CC","ScorWmSup109463","CDM","272","RC","","","","","facility","both","","","","243.7","243.7","","","","","","","","","","","","","Gross Charge Type: Main Acute Price List"
"SIZER, MODERATE PROFILE 270CC","OperWmSup112935","CDM","272","RC","","","","","facility","both","","","","43.19","43.19","","","","","","","","","","","","","Gross Charge Type: Main Acute Price List"
"SIZER, MODERATE PROFILE 300CC","DelrChSup112936","CDM","272","RC","","","","","facility","both","","","","40.62","40.62","","","","","","","","","","","","","Gross Charge Type: Main Acute Price List"
"SIZER, NATRELLE FULL 285CC","AngiWmSup112807","CDM","272","RC","","","","","facility","both","","","","246.84","246.84","","","","","","","","","","","","","Gross Charge Type: Main Acute Price List"
"SIZER, NATRELLE FULL 285CC","GastChSup112807","CDM","272","RC","","","","","facility","both","","","","246.84","246.84","","","","","","","","","","","","","Gross Charge Type: Main Acute Price List"
"SIZER, NATRELLE FULL 745CC","AngiWmSup112719","CDM","272","RC","","","","","facility","both","","","","232.1","232.1","","","","","","","","","","","","","Gross Charge Type: Main Acute Price List"
"SIZER, NATRELLE FULL 770CC","AngiWmSup112720","CDM","272","RC","","","","","facility","both","","","","246.84","246.84","","","","","","","","","","","","","Gross Charge Type: Main Acute Price List"
"SIZER, NATRELLE FULL 770CC","EplbChSup112720","CDM","272","RC","","","","","facility","both","","","","246.84","246.84","","","","","","","","","","","","","Gross Charge Type: Main Acute Price List"
"SIZER, NATRELLE FULL 800CC","CcthChSup112718","CDM","272","RC","","","","","facility","both","","","","246.84","246.84","","","","","","","","","","","","","Gross Charge Type: Main Acute Price List"
"SIZER, NATRELLE GEL EXTRA FULL 420CC","OperWmSup113647","CDM","272","RC","","","","","facility","both","","","","232.1","232.1","","","","","","","","","","","","","Gross Charge Type: Main Acute Price List"
"SIZER, NATRELLE GEL EXTRA FULL 560CC","CcthChSup112815","CDM","272","RC","","","","","facility","both","","","","246.84","246.84","","","","","","","","","","","","","Gross Charge Type: Main Acute Price List"
"SIZER, NATRELLE GEL MOD PROFILE 375CC","CcthChSup114142","CDM","272","RC","","","","","facility","both","","","","1231.94","1231.94","","","","","","","","","","","","","Gross Charge Type: Main Acute Price List"
"SIZER, NATRELLE INSPIRA DISPOSABLE LOW PROFILE 550CC","GastWmSup114699","CDM","278","RC","","","","","facility","both","","","","40.62","40.62","","","","","","","","","","","","","Gross Charge Type: Main Acute Price List"
"SIZER, NATRELLE INSPIRA DISPOSABLE LOW PROFILE 600CC","CspuChSup114700","CDM","278","RC","","","","","facility","both","","","","40.62","40.62","","","","","","","","","","","","","Gross Charge Type: Main Acute Price List"
"SIZER, NATRELLE INSPIRA GEL FULL 200CC","CcthChSup114532","CDM","272","RC","","","","","facility","both","","","","232.1","232.1","","","","","","","","","","","","","Gross Charge Type: Main Acute Price List"
"SIZER, NATRELLE INSPIRA GEL FULL 200CC","PacuWmSup114532","CDM","272","RC","","","","","facility","both","","","","232.1","232.1","","","","","","","","","","","","","Gross Charge Type: Main Acute Price List"
"SIZER, NATRELLE INSPIRA GEL MOD 175CC","AngiChSup114535","CDM","272","RC","","","","","facility","both","","","","232.1","232.1","","","","","","","","","","","","","Gross Charge Type: Main Acute Price List"
"SIZER, NATRELLE INSPIRA GEL MOD 175CC","CspuChSup114535","CDM","272","RC","","","","","facility","both","","","","232.1","232.1","","","","","","","","","","","","","Gross Charge Type: Main Acute Price List"
"SIZER, NATRELLE INSPIRA GEL MOD 175CC","ScorChSup114535","CDM","272","RC","","","","","facility","both","","","","232.1","232.1","","","","","","","","","","","","","Gross Charge Type: Main Acute Price List"
"SIZER, NATRELLE INSPIRA GEL MOD 195CC","EplbChSup114536","CDM","272","RC","","","","","facility","both","","","","246.84","246.84","","","","","","","","","","","","","Gross Charge Type: Main Acute Price List"
"SIZER, NATRELLE INSPIRA GEL MOD 240CC","ScorWmSup114538","CDM","272","RC","","","","","facility","both","","","","232.1","232.1","","","","","","","","","","","","","Gross Charge Type: Main Acute Price List"
"SIZER, NATRELLE INSPIRA GEL MOD PROFILE 295CC","OperChSup114656","CDM","272","RC","","","","","facility","both","","","","232.1","232.1","","","","","","","","","","","","","Gross Charge Type: Main Acute Price List"
"SIZER, NATRELLE INSPIRA GEL MOD PROFILE 330CC","OperWmSup114658","CDM","272","RC","","","","","facility","both","","","","232.1","232.1","","","","","","","","","","","","","Gross Charge Type: Main Acute Price List"
"SIZER, NATRELLE INSPIRA LOW PLUS PROFILE 360CC","DelrChSup119099","CDM","272","RC","","","","","facility","both","","","","232.1","232.1","","","","","","","","","","","","","Gross Charge Type: Main Acute Price List"
"SIZER, NATRELLE INSPIRA LOW PLUS PROFILE 540CC","CcthChSup119101","CDM","272","RC","","","","","facility","both","","","","232.1","232.1","","","","","","","","","","","","","Gross Charge Type: Main Acute Price List"
"SIZER, NATRELLE INSPIRA MODPROF 520CC","DelrChSup108097","CDM","272","RC","","","","","facility","both","","","","246.84","246.84","","","","","","","","","","","","","Gross Charge Type: Main Acute Price List"
"SIZER, NATRELLE INSPIRA MODPROF 600CC","ScanChSup108096","CDM","278","RC","","","","","facility","both","","","","246.84","246.84","","","","","","","","","","","","","Gross Charge Type: Main Acute Price List"
"SIZER, NATRELLE INSPIRA SMOOTH FULL ROUND GEL 385CC","GastWmSup112141","CDM","272","RC","","","","","facility","both","","","","232.1","232.1","","","","","","","","","","","","","Gross Charge Type: Main Acute Price List"
"SIZER, NATRELLE INSPIRA SMOOTH FULL ROUND GEL 385CC","OperChSup112141","CDM","272","RC","","","","","facility","both","","","","232.1","232.1","","","","","","","","","","","","","Gross Charge Type: Main Acute Price List"
"SIZER, NATRELLE INSPIRA SMOOTH FULL ROUND GEL 415CC","GyscChSup112158","CDM","272","RC","","","","","facility","both","","","","246.84","246.84","","","","","","","","","","","","","Gross Charge Type: Main Acute Price List"
"SIZER, NATRELLE INSPIRA SMOOTH FULL ROUND GEL 415CC","ScanChSup112158","CDM","272","RC","","","","","facility","both","","","","246.84","246.84","","","","","","","","","","","","","Gross Charge Type: Main Acute Price List"
"SIZER, NATRELLE INSPIRA SMOOTH FULL ROUND GEL 450CC","AnesChSup112142","CDM","272","RC","","","","","facility","both","","","","246.84","246.84","","","","","","","","","","","","","Gross Charge Type: Main Acute Price List"
"SIZER, NATRELLE INSPIRA SMOOTH FULL ROUND GEL 560CC","CspuChSup111913","CDM","278","RC","","","","","facility","both","","","","246.84","246.84","","","","","","","","","","","","","Gross Charge Type: Main Acute Price List"
"SIZER, NATRELLE INSPIRA SMOOTH FULL ROUND GEL 560CC","OperWmSup111913","CDM","278","RC","","","","","facility","both","","","","246.84","246.84","","","","","","","","","","","","","Gross Charge Type: Main Acute Price List"
"SIZER, NATRELLE INSPIRA SMOOTH MOD ROUND GEL 560CC","GastChSup111915","CDM","278","RC","","","","","facility","both","","","","246.84","246.84","","","","","","","","","","","","","Gross Charge Type: Main Acute Price List"
"SIZER, NATRELLE INSPIRA SMOOTH ROUND GEL 615CC","AnesWmSup109859","CDM","272","RC","","","","","facility","both","","","","246.84","246.84","","","","","","","","","","","","","Gross Charge Type: Main Acute Price List"
"SIZER, NATRELLE INSPIRA SMOOTH ROUND GEL 615CC","EplbChSup109859","CDM","272","RC","","","","","facility","both","","","","246.84","246.84","","","","","","","","","","","","","Gross Charge Type: Main Acute Price List"
"SIZER, NATRELLE INSPIRA SMOOTH ROUND LOW PLUS PROFILE GEL 280CC","AngiChSup117871","CDM","272","RC","","","","","facility","both","","","","232.1","232.1","","","","","","","","","","","","","Gross Charge Type: Main Acute Price List"
"SIZER, NATRELLE INSPIRA SMOOTH ROUND LOW PLUS PROFILE GEL 280CC","ScorWmSup117871","CDM","272","RC","","","","","facility","both","","","","232.1","232.1","","","","","","","","","","","","","Gross Charge Type: Main Acute Price List"
"SIZER, NATRELLE INSPIRA SMOOTH ROUND LOW PLUS PROFILE GEL 320CC","AnesWmSup117872","CDM","272","RC","","","","","facility","both","","","","232.1","232.1","","","","","","","","","","","","","Gross Charge Type: Main Acute Price List"
"SIZER, NATRELLE INSPIRA SMOOTH ROUND LOW PLUS PROFILE GEL 320CC","GastChSup117872","CDM","272","RC","","","","","facility","both","","","","232.1","232.1","","","","","","","","","","","","","Gross Charge Type: Main Acute Price List"
"SIZER, NATRELLE INSPIRA SMOOTH ROUND LOW PROFILE GEL 260CC","GastWmSup117874","CDM","272","RC","","","","","facility","both","","","","232.1","232.1","","","","","","","","","","","","","Gross Charge Type: Main Acute Price List"
"SIZER, NATRELLE INSPIRIA GEL EXTRA FULL 255CC","OperChSup119640","CDM","272","RC","","","","","facility","both","","","","232.1","232.1","","","","","","","","","","","","","Gross Charge Type: Main Acute Price List"
"SIZER, NATRELLE INSPRIA LOW PLUS PROFILE 125CC","ScanChSup115494","CDM","272","RC","","","","","facility","both","","","","246.84","246.84","","","","","","","","","","","","","Gross Charge Type: Main Acute Price List"
"SIZER, NATRELLE INSPRIA LOW PLUS PROFILE 145CC","AngiChSup111748","CDM","278","RC","","","","","facility","both","","","","246.84","246.84","","","","","","","","","","","","","Gross Charge Type: Main Acute Price List"
"SIZER, NATRELLE INSPRIA LOW PLUS PROFILE 165CC","GastWmSup111749","CDM","272","RC","","","","","facility","both","","","","246.84","246.84","","","","","","","","","","","","","Gross Charge Type: Main Acute Price List"
"SIZER, NATRELLE INSPRIA LOW PLUS PROFILE 190CC","PacuChSup111750","CDM","278","RC","","","","","facility","both","","","","232.1","232.1","","","","","","","","","","","","","Gross Charge Type: Main Acute Price List"
"SIZER, NATRELLE INSPRIA LOW PLUS PROFILE 205CC","EplbChSup111751","CDM","278","RC","","","","","facility","both","","","","232.1","232.1","","","","","","","","","","","","","Gross Charge Type: Main Acute Price List"
"SIZER, NATRELLE INSPRIA LOW PROFILE 110CC","AngiChSup115495","CDM","272","RC","","","","","facility","both","","","","232.1","232.1","","","","","","","","","","","","","Gross Charge Type: Main Acute Price List"
"SIZER, NATRELLE INSPRIA LOW PROFILE 110CC","CspuChSup115495","CDM","272","RC","","","","","facility","both","","","","232.1","232.1","","","","","","","","","","","","","Gross Charge Type: Main Acute Price List"
"SIZER, NATRELLE INSPRIA LOW PROFILE 110CC","ScanChSup115495","CDM","272","RC","","","","","facility","both","","","","232.1","232.1","","","","","","","","","","","","","Gross Charge Type: Main Acute Price List"
"SIZER, NATRELLE INSPRIA LOW PROFILE 125CC","AngiWmSup111752","CDM","278","RC","","","","","facility","both","","","","232.1","232.1","","","","","","","","","","","","","Gross Charge Type: Main Acute Price List"
"SIZER, NATRELLE INSPRIA LOW PROFILE 170CC","CcthChSup111754","CDM","278","RC","","","","","facility","both","","","","246.84","246.84","","","","","","","","","","","","","Gross Charge Type: Main Acute Price List"
"SIZER, NATRELLE INSPRIA MODPROF 445","DelrChSup108383","CDM","272","RC","","","","","facility","both","","","","246.84","246.84","","","","","","","","","","","","","Gross Charge Type: Main Acute Price List"
"SIZER, NATRELLE INSPRIA MODPROF 640CC","ScorChSup108102","CDM","278","RC","","","","","facility","both","","","","232.1","232.1","","","","","","","","","","","","","Gross Charge Type: Main Acute Price List"
"SIZER, NATRELLE SM RND HIGH PROFILE 200-220CC","ScanWmSup116755","CDM","272","RC","","","","","facility","both","","","","40.62","40.62","","","","","","","","","","","","","Gross Charge Type: Main Acute Price List"
"SIZER, NATRELLE SM RND HIGH PROFILE 280-300CC","ScorChSup107976","CDM","272","RC","","","","","facility","both","","","","43.19","43.19","","","","","","","","","","","","","Gross Charge Type: Main Acute Price List"
"SIZER, NATRELLE SM RND HIGH PROFILE 320-340CC","GastChSup107977","CDM","272","RC","","","","","facility","both","","","","43.19","43.19","","","","","","","","","","","","","Gross Charge Type: Main Acute Price List"
"SIZER, NATRELLE SM RND HIGH PROFILE 400-430CC","ScpuChSup107979","CDM","272","RC","","","","","facility","both","","","","43.19","43.19","","","","","","","","","","","","","Gross Charge Type: Main Acute Price List"
"SIZER, NATRELLE SM RND HIGH PROFILE 425-455CC","PacuWmSup107980","CDM","272","RC","","","","","facility","both","","","","43.19","43.19","","","","","","","","","","","","","Gross Charge Type: Main Acute Price List"
"SIZER, NATRELLE SM RND HIGH PROFILE 550-590CC","ScorWmSup110475","CDM","272","RC","","","","","facility","both","","","","43.19","43.19","","","","","","","","","","","","","Gross Charge Type: Main Acute Price List"
"SIZER, NATRELLE SM RND HIGH PROFILE 650-700CC","ScanChSup108937","CDM","272","RC","","","","","facility","both","","","","43.19","43.19","","","","","","","","","","","","","Gross Charge Type: Main Acute Price List"
"SIZER, NATRELLE SM RND HIGH PROFILE 750-800","ScorWmSup108938","CDM","272","RC","","","","","facility","both","","","","43.19","43.19","","","","","","","","","","","","","Gross Charge Type: Main Acute Price List"
"SIZER, NATRELLE SM RND LOW PROFILE 150-170CC","AnesWmSup112038","CDM","272","RC","","","","","facility","both","","","","43.19","43.19","","","","","","","","","","","","","Gross Charge Type: Main Acute Price List"
"SIZER, NATRELLE SM RND LOW PROFILE 150-170CC","AngiChSup112038","CDM","272","RC","","","","","facility","both","","","","43.19","43.19","","","","","","","","","","","","","Gross Charge Type: Main Acute Price List"
"SIZER, NATRELLE SM RND LOW PROFILE 150-170CC","AngiWmSup112038","CDM","272","RC","","","","","facility","both","","","","43.19","43.19","","","","","","","","","","","","","Gross Charge Type: Main Acute Price List"
"SIZER, NATRELLE SM RND LOW PROFILE 200-220CC","GastChSup107983","CDM","272","RC","","","","","facility","both","","","","40.62","40.62","","","","","","","","","","","","","Gross Charge Type: Main Acute Price List"
"SIZER, NATRELLE SM RND MOD PROFILE 360-390","OperChSup112447","CDM","272","RC","","","","","facility","both","","","","43.19","43.19","","","","","","","","","","","","","Gross Charge Type: Main Acute Price List"
"SIZER, NATRELLE SM RND MOD PROFILE 360-390","ScorChSup112447","CDM","272","RC","","","","","facility","both","","","","43.19","43.19","","","","","","","","","","","","","Gross Charge Type: Main Acute Price List"
"SIZER, NATRELLE SM RND MOD PROFILE 450-480","AnesChSup107986","CDM","272","RC","","","","","facility","both","","","","43.19","43.19","","","","","","","","","","","","","Gross Charge Type: Main Acute Price List"
"SIZER, NATRELLE SM RND MOD PROFILE 650-700CC","GastWmSup110461","CDM","278","RC","C1776","HCPCS","","","facility","both","","","","215.59","215.59","","","","","","","","","","","","","Gross Charge Type: Main Acute Price List"
"SIZER, ROUND MODERATE PLUS PROFILE 275CC","AngiWmSup78426","CDM","278","RC","C1789","HCPCS","","","facility","both","","","","46.42","46.42","","","","","","","","","","","","","Gross Charge Type: Main Acute Price List"
"SIZER, ROUND MODERATE PLUS PROFILE 275CC","ScanWmSup78426","CDM","278","RC","C1789","HCPCS","","","facility","both","","","","46.42","46.42","","","","","","","","","","","","","Gross Charge Type: Main Acute Price List"
"SIZER, ROUND MODERATE PLUS SALINE 325CC","CspuChSup69761","CDM","272","RC","","","","","facility","both","","","","49.36","49.36","","","","","","","","","","","","","Gross Charge Type: Main Acute Price List"
"SIZER, ROUND MODERATE PLUS SALINE 325CC","PacuChSup69761","CDM","272","RC","","","","","facility","both","","","","49.36","49.36","","","","","","","","","","","","","Gross Charge Type: Main Acute Price List"
"SIZER, ROUND MODERATE PLUS SALINE 350CC","GastWmSup69998","CDM","272","RC","","","","","facility","both","","","","46.42","46.42","","","","","","","","","","","","","Gross Charge Type: Main Acute Price List"
"SIZER, ROUND MODERATE PLUS SALINE 350CC","OperWmSup69998","CDM","272","RC","","","","","facility","both","","","","46.42","46.42","","","","","","","","","","","","","Gross Charge Type: Main Acute Price List"
"SIZER, ROUND MODERATE PLUS SALINE 350CC","PacuChSup69998","CDM","272","RC","","","","","facility","both","","","","46.42","46.42","","","","","","","","","","","","","Gross Charge Type: Main Acute Price List"
"SIZER, ROUND MODERATE PLUS SALINE 375CC","OperChSup61437","CDM","272","RC","","","","","facility","both","","","","49.36","49.36","","","","","","","","","","","","","Gross Charge Type: Main Acute Price List"
"SIZER, SALINE ROUND MODERATE PROFILE 200CC","AngiWmSup72602","CDM","278","RC","C1789","HCPCS","","","facility","both","","","","49.36","49.36","","","","","","","","","","","","","Gross Charge Type: Main Acute Price List"
"SIZER, SALINE ROUND MODERATE PROFILE 200CC","GyscChSup72602","CDM","278","RC","C1789","HCPCS","","","facility","both","","","","49.36","49.36","","","","","","","","","","","","","Gross Charge Type: Main Acute Price List"
"SIZER, SALINE ROUND MODERATE PROFILE 200CC","ScanChSup72602","CDM","278","RC","C1789","HCPCS","","","facility","both","","","","49.36","49.36","","","","","","","","","","","","","Gross Charge Type: Main Acute Price List"
"SIZER, SALINE ROUND MODERATE PROFILE 250CC","ScorChSup58226","CDM","272","RC","","","","","facility","both","","","","46.42","46.42","","","","","","","","","","","","","Gross Charge Type: Main Acute Price List"
"SIZER, SALINE STERILE ROUND MOD PLUS","OperChSup108120","CDM","278","RC","","","","","facility","both","","","","46.42","46.42","","","","","","","","","","","","","Gross Charge Type: Main Acute Price List"
"SIZER, SALINE STERILE ROUND MOD PLUS","ScpuChSup108120","CDM","278","RC","","","","","facility","both","","","","46.42","46.42","","","","","","","","","","","","","Gross Charge Type: Main Acute Price List"
"SIZER, SINGLE-USE GEL EXTRA-FULL 205CC","ScanChSup114870","CDM","272","RC","","","","","facility","both","","","","20.89","20.89","","","","","","","","","","","","","Gross Charge Type: Main Acute Price List"
"SIZER, SINGLE-USE GEL EXTRA-FULL 255CC","PacuChSup114872","CDM","272","RC","","","","","facility","both","","","","213.53","213.53","","","","","","","","","","","","","Gross Charge Type: Main Acute Price List"
"SIZER, SINGLE-USE GEL EXTRA-FULL 340CC","OperWmSup114875","CDM","272","RC","","","","","facility","both","","","","213.53","213.53","","","","","","","","","","","","","Gross Charge Type: Main Acute Price List"
"SIZER, SINGLE-USE GEL EXTRA-FULL 340CC","ScorWmSup114875","CDM","272","RC","","","","","facility","both","","","","213.53","213.53","","","","","","","","","","","","","Gross Charge Type: Main Acute Price List"
"SIZER, SINGLE-USE GEL EXTRA-FULL 375CC","GastWmSup114876","CDM","272","RC","","","","","facility","both","","","","227.09","227.09","","","","","","","","","","","","","Gross Charge Type: Main Acute Price List"
"SIZER, SINGLE-USE GEL EXTRA-FULL 400CC","GastWmSup114877","CDM","272","RC","","","","","facility","both","","","","227.09","227.09","","","","","","","","","","","","","Gross Charge Type: Main Acute Price List"
"SIZER, SINGLE-USE GEL EXTRA-FULL 445CC","AnesChSup114879","CDM","272","RC","","","","","facility","both","","","","213.53","213.53","","","","","","","","","","","","","Gross Charge Type: Main Acute Price List"
"SIZER, SINGLE-USE GEL EXTRA-FULL 495CC","ScorChSup114881","CDM","272","RC","","","","","facility","both","","","","213.53","213.53","","","","","","","","","","","","","Gross Charge Type: Main Acute Price List"
"SIZER, SINGLE-USE GEL EXTRA-FULL 525CC","CcthChSup114882","CDM","272","RC","","","","","facility","both","","","","227.09","227.09","","","","","","","","","","","","","Gross Charge Type: Main Acute Price List"
"SIZER, SINGLE-USE GEL EXTRA-FULL 560CC","AnesWmSup114884","CDM","272","RC","","","","","facility","both","","","","227.09","227.09","","","","","","","","","","","","","Gross Charge Type: Main Acute Price List"
"SIZER, SINGLE-USE GEL EXTRA-FULL 650CC","PacuChSup114887","CDM","272","RC","","","","","facility","both","","","","213.53","213.53","","","","","","","","","","","","","Gross Charge Type: Main Acute Price List"
"SIZER, SINGLE-USE GEL EXTRA-FULL 700CC","ScanChSup114888","CDM","272","RC","","","","","facility","both","","","","227.09","227.09","","","","","","","","","","","","","Gross Charge Type: Main Acute Price List"
"SIZER, SINGLE-USE GEL EXTRA-FULL 750CC","AngiWmSup114889","CDM","272","RC","","","","","facility","both","","","","227.09","227.09","","","","","","","","","","","","","Gross Charge Type: Main Acute Price List"
"SIZER, SINGLE-USE GEL EXTRA-FULL 750CC","PacuChSup114889","CDM","272","RC","","","","","facility","both","","","","227.09","227.09","","","","","","","","","","","","","Gross Charge Type: Main Acute Price List"
"SIZER, SINGLE-USE GEL EXTRA-FULL 800CC","AngiWmSup114890","CDM","272","RC","","","","","facility","both","","","","227.09","227.09","","","","","","","","","","","","","Gross Charge Type: Main Acute Price List"
"SIZER, SINGLE-USE GEL EXTRA-FULL 800CC","ScpuChSup114890","CDM","272","RC","","","","","facility","both","","","","227.09","227.09","","","","","","","","","","","","","Gross Charge Type: Main Acute Price List"
"SIZER, SINGLE-USE GEL FULL 180CC","ScorChSup114891","CDM","272","RC","","","","","facility","both","","","","213.53","213.53","","","","","","","","","","","","","Gross Charge Type: Main Acute Price List"
"SIZER, SINGLE-USE GEL FULL 220CC","CcthChSup114893","CDM","272","RC","","","","","facility","both","","","","213.53","213.53","","","","","","","","","","","","","Gross Charge Type: Main Acute Price List"
"SIZER, SINGLE-USE GEL FULL 220CC","ScanWmSup114893","CDM","272","RC","","","","","facility","both","","","","213.53","213.53","","","","","","","","","","","","","Gross Charge Type: Main Acute Price List"
"SIZER, SINGLE-USE GEL FULL 240CC","CspuChSup114894","CDM","272","RC","","","","","facility","both","","","","213.53","213.53","","","","","","","","","","","","","Gross Charge Type: Main Acute Price List"
"SIZER, SINGLE-USE GEL FULL 265CC","PacuWmSup114895","CDM","272","RC","","","","","facility","both","","","","213.53","213.53","","","","","","","","","","","","","Gross Charge Type: Main Acute Price List"
"SIZER, SINGLE-USE GEL FULL 325CC","ScanChSup114897","CDM","272","RC","","","","","facility","both","","","","213.53","213.53","","","","","","","","","","","","","Gross Charge Type: Main Acute Price List"
"SIZER, SINGLE-USE GEL FULL 325CC","ScpuWmSup114897","CDM","272","RC","","","","","facility","both","","","","213.53","213.53","","","","","","","","","","","","","Gross Charge Type: Main Acute Price List"
"SIZER, SINGLE-USE GEL FULL 335CC","AngiChSup114898","CDM","272","RC","","","","","facility","both","","","","227.09","227.09","","","","","","","","","","","","","Gross Charge Type: Main Acute Price List"
"SIZER, SINGLE-USE GEL FULL 335CC","GastChSup114898","CDM","272","RC","","","","","facility","both","","","","227.09","227.09","","","","","","","","","","","","","Gross Charge Type: Main Acute Price List"
"SIZER, SINGLE-USE GEL FULL 335CC","OperChSup114898","CDM","272","RC","","","","","facility","both","","","","227.09","227.09","","","","","","","","","","","","","Gross Charge Type: Main Acute Price List"
"SIZER, SINGLE-USE GEL FULL 365CC","AnesWmSup114900","CDM","272","RC","","","","","facility","both","","","","213.53","213.53","","","","","","","","","","","","","Gross Charge Type: Main Acute Price List"
"SIZER, SINGLE-USE GEL FULL 415CC","AngiWmSup114902","CDM","272","RC","","","","","facility","both","","","","227.09","227.09","","","","","","","","","","","","","Gross Charge Type: Main Acute Price List"
"SIZER, SINGLE-USE GEL FULL 485CC","AnesWmSup114904","CDM","272","RC","","","","","facility","both","","","","213.53","213.53","","","","","","","","","","","","","Gross Charge Type: Main Acute Price List"
"SIZER, SINGLE-USE GEL FULL 485CC","AngiChSup114904","CDM","272","RC","","","","","facility","both","","","","213.53","213.53","","","","","","","","","","","","","Gross Charge Type: Main Acute Price List"
"SIZER, SINGLE-USE GEL FULL 520CC","AngiChSup114905","CDM","272","RC","","","","","facility","both","","","","227.09","227.09","","","","","","","","","","","","","Gross Charge Type: Main Acute Price List"
"SIZER, SINGLE-USE GEL FULL 520CC","OperChSup114905","CDM","272","RC","","","","","facility","both","","","","227.09","227.09","","","","","","","","","","","","","Gross Charge Type: Main Acute Price List"
"SIZER, SINGLE-USE GEL FULL 560CC","ScpuWmSup114906","CDM","272","RC","","","","","facility","both","","","","213.53","213.53","","","","","","","","","","","","","Gross Charge Type: Main Acute Price List"
"SIZER, SINGLE-USE GEL FULL 695CC","GastChSup114909","CDM","272","RC","","","","","facility","both","","","","213.53","213.53","","","","","","","","","","","","","Gross Charge Type: Main Acute Price List"
"SIZER, SINGLE-USE GEL FULL 770CC","AngiChSup114911","CDM","272","RC","","","","","facility","both","","","","227.09","227.09","","","","","","","","","","","","","Gross Charge Type: Main Acute Price List"
"SIZER, SINGLE-USE GEL LOW 125CC","AnesWmSup114955","CDM","272","RC","","","","","facility","both","","","","213.53","213.53","","","","","","","","","","","","","Gross Charge Type: Main Acute Price List"
"SIZER, SINGLE-USE GEL LOW 230CC","GastWmSup114959","CDM","272","RC","","","","","facility","both","","","","213.53","213.53","","","","","","","","","","","","","Gross Charge Type: Main Acute Price List"
"SIZER, SINGLE-USE GEL LOW 260CC","AnesWmSup114960","CDM","272","RC","","","","","facility","both","","","","213.53","213.53","","","","","","","","","","","","","Gross Charge Type: Main Acute Price List"
"SIZER, SINGLE-USE GEL LOW 260CC","ScpuWmSup114960","CDM","272","RC","","","","","facility","both","","","","213.53","213.53","","","","","","","","","","","","","Gross Charge Type: Main Acute Price List"
"SIZER, SINGLE-USE GEL LOW 290CC","AngiChSup114961","CDM","272","RC","","","","","facility","both","","","","213.53","213.53","","","","","","","","","","","","","Gross Charge Type: Main Acute Price List"
"SIZER, SINGLE-USE GEL LOW 380CC","EplbChSup114964","CDM","272","RC","","","","","facility","both","","","","213.53","213.53","","","","","","","","","","","","","Gross Charge Type: Main Acute Price List"
"SIZER, SINGLE-USE GEL LOW 510CC","PacuChSup114967","CDM","272","RC","","","","","facility","both","","","","213.53","213.53","","","","","","","","","","","","","Gross Charge Type: Main Acute Price List"
"SIZER, SINGLE-USE GEL LOW 610CC","ScpuWmSup114969","CDM","272","RC","","","","","facility","both","","","","213.53","213.53","","","","","","","","","","","","","Gross Charge Type: Main Acute Price List"
"SIZER, SINGLE-USE GEL LOW PLUS 125CC","ScorWmSup114934","CDM","272","RC","","","","","facility","both","","","","213.53","213.53","","","","","","","","","","","","","Gross Charge Type: Main Acute Price List"
"SIZER, SINGLE-USE GEL LOW PLUS 220CC","CspuChSup114939","CDM","272","RC","","","","","facility","both","","","","213.53","213.53","","","","","","","","","","","","","Gross Charge Type: Main Acute Price List"
"SIZER, SINGLE-USE GEL LOW PLUS 220CC","EplbChSup114939","CDM","272","RC","","","","","facility","both","","","","213.53","213.53","","","","","","","","","","","","","Gross Charge Type: Main Acute Price List"
"SIZER, SINGLE-USE GEL LOW PLUS 220CC","GyscChSup114939","CDM","272","RC","","","","","facility","both","","","","213.53","213.53","","","","","","","","","","","","","Gross Charge Type: Main Acute Price List"
"SIZER, SINGLE-USE GEL LOW PLUS 300CC","AnesChSup114944","CDM","272","RC","","","","","facility","both","","","","213.53","213.53","","","","","","","","","","","","","Gross Charge Type: Main Acute Price List"
"SIZER, SINGLE-USE GEL LOW PLUS 300CC","ScorChSup114944","CDM","272","RC","","","","","facility","both","","","","213.53","213.53","","","","","","","","","","","","","Gross Charge Type: Main Acute Price List"
"SIZER, SINGLE-USE GEL LOW PLUS 320CC","ScpuWmSup114945","CDM","272","RC","","","","","facility","both","","","","213.53","213.53","","","","","","","","","","","","","Gross Charge Type: Main Acute Price List"
"SIZER, SINGLE-USE GEL LOW PLUS 440CC","ScorChSup114949","CDM","272","RC","","","","","facility","both","","","","227.09","227.09","","","","","","","","","","","","","Gross Charge Type: Main Acute Price List"
"SIZER, SINGLE-USE GEL LOW PLUS 490CC","AnesWmSup114950","CDM","272","RC","","","","","facility","both","","","","213.53","213.53","","","","","","","","","","","","","Gross Charge Type: Main Acute Price List"
"SIZER, SINGLE-USE GEL LOW PLUS 490CC","AngiChSup114950","CDM","272","RC","","","","","facility","both","","","","213.53","213.53","","","","","","","","","","","","","Gross Charge Type: Main Acute Price List"
"SIZER, SINGLE-USE GEL LOW PLUS 490CC","OperChSup114950","CDM","272","RC","","","","","facility","both","","","","213.53","213.53","","","","","","","","","","","","","Gross Charge Type: Main Acute Price List"
"SIZER, SINGLE-USE GEL LOW PLUS 590CC","AngiChSup114952","CDM","272","RC","","","","","facility","both","","","","213.53","213.53","","","","","","","","","","","","","Gross Charge Type: Main Acute Price List"
"SIZER, SINGLE-USE GEL MOD 195CC","PacuWmSup114914","CDM","272","RC","","","","","facility","both","","","","213.53","213.53","","","","","","","","","","","","","Gross Charge Type: Main Acute Price List"
"SIZER, SINGLE-USE GEL MOD 210CC","AngiChSup114915","CDM","272","RC","","","","","facility","both","","","","213.53","213.53","","","","","","","","","","","","","Gross Charge Type: Main Acute Price List"
"SIZER, SINGLE-USE GEL MOD 275CC","AnesWmSup114918","CDM","272","RC","","","","","facility","both","","","","213.53","213.53","","","","","","","","","","","","","Gross Charge Type: Main Acute Price List"
"SIZER, SINGLE-USE GEL MOD 295CC","CcthChSup114919","CDM","272","RC","","","","","facility","both","","","","213.53","213.53","","","","","","","","","","","","","Gross Charge Type: Main Acute Price List"
"SIZER, SINGLE-USE GEL MOD 295CC","GastWmSup114919","CDM","272","RC","","","","","facility","both","","","","213.53","213.53","","","","","","","","","","","","","Gross Charge Type: Main Acute Price List"
"SIZER, SINGLE-USE GEL MOD 295CC","PacuWmSup114919","CDM","272","RC","","","","","facility","both","","","","213.53","213.53","","","","","","","","","","","","","Gross Charge Type: Main Acute Price List"
"SIZER, SINGLE-USE GEL MOD 375CC","OperWmSup114924","CDM","272","RC","","","","","facility","both","","","","213.53","213.53","","","","","","","","","","","","","Gross Charge Type: Main Acute Price List"
"SIZER, SINGLE-USE GEL MOD 485CC","AnesChSup114927","CDM","272","RC","","","","","facility","both","","","","213.53","213.53","","","","","","","","","","","","","Gross Charge Type: Main Acute Price List"
"SIZER, SINGLE-USE GEL MOD 520CC","CcthChSup114928","CDM","272","RC","","","","","facility","both","","","","213.53","213.53","","","","","","","","","","","","","Gross Charge Type: Main Acute Price List"
"SIZER, SINGLE-USE GEL MOD 520CC","PacuChSup114928","CDM","272","RC","","","","","facility","both","","","","213.53","213.53","","","","","","","","","","","","","Gross Charge Type: Main Acute Price List"
"SIZER, SINGLE-USE GEL MOD 520CC","ScpuWmSup114928","CDM","272","RC","","","","","facility","both","","","","213.53","213.53","","","","","","","","","","","","","Gross Charge Type: Main Acute Price List"
"SIZER, SINGLE-USE GEL MOD 600CC","CspuChSup114930","CDM","272","RC","","","","","facility","both","","","","213.53","213.53","","","","","","","","","","","","","Gross Charge Type: Main Acute Price List"
"SIZER, SINGLE-USE GEL MOD 755CC","AnesWmSup114933","CDM","272","RC","","","","","facility","both","","","","213.53","213.53","","","","","","","","","","","","","Gross Charge Type: Main Acute Price List"
"SIZER,BREAST MEMORYGEL HP XTRA 335CC STRL","DelrChSup74887","CDM","278","RC","C1789","HCPCS","","","facility","both","","","","243.7","243.7","","","","","","","","","","","","","Gross Charge Type: Main Acute Price List"
"SIZER,BREAST MEMORYGEL HP XTRA 335CC STRL","EplbChSup74887","CDM","278","RC","C1789","HCPCS","","","facility","both","","","","243.7","243.7","","","","","","","","","","","","","Gross Charge Type: Main Acute Price List"
"SIZER,BREAST MEMORYGEL HP XTRA 355CC STRL","AngiWmSup74888","CDM","278","RC","C1789","HCPCS","","","facility","both","","","","243.7","243.7","","","","","","","","","","","","","Gross Charge Type: Main Acute Price List"
"SIZER,BREAST MEMORYGEL HP XTRA 355CC STRL","EplbChSup74888","CDM","278","RC","C1789","HCPCS","","","facility","both","","","","243.7","243.7","","","","","","","","","","","","","Gross Charge Type: Main Acute Price List"
"SIZER,SALINE RD MOD PLUS PROF 650","GyscChSup59974","CDM","272","RC","","","","","facility","both","","","","49.36","49.36","","","","","","","","","","","","","Gross Charge Type: Main Acute Price List"
"SIZING KIT, TENODESIS GRAFT FIBERLOOP WITH SUTURETAPE AND NEEDLE","ScpuWmSup112919","CDM","278","RC","C1713","HCPCS","","","facility","both","","","","1708.63","1708.63","","","","","","","","","","","","","Gross Charge Type: Main Acute Price List"
"SLEEVE, CENTERING 6MM","ScorWmSup21248","CDM","270","RC","","","","","facility","both","","","","1288.8","1288.8","","","","","","","","","","","","","Gross Charge Type: Main Acute Price List"
"SLEEVE, DELTA OPTION LONG","CspuChSup119196","CDM","278","RC","C1776","HCPCS","","","facility","both","","","","5120.08","5120.08","","","","","","","","","","","","","Gross Charge Type: Main Acute Price List"
"SLEEVE, FIXATION TYPE 70","OperChSup121862","CDM","278","RC","C1889","HCPCS","","","facility","both","","","","82.14","82.14","","","","","","","","","","","","","Gross Charge Type: Main Acute Price List"
"SLEEVE, INSERTION T2 8-11","GastChSup114863","CDM","278","RC","C1713","HCPCS","","","facility","both","","","","596.75","596.75","","","","","","","","","","","","","Gross Charge Type: Main Acute Price List"
"SLEEVE, PROTECTION FLEX LONG FOR NAILS 8-11MM STRL","OperChSup110107","CDM","272","RC","","","","","facility","both","","","","1786.33","1786.33","","","","","","","","","","","","","Gross Charge Type: Main Acute Price List"
"SLEEVE, PROTECTION FLEX LONG FOR NAILS 8-11MM STRL","PacuWmSup110107","CDM","272","RC","","","","","facility","both","","","","1786.33","1786.33","","","","","","","","","","","","","Gross Charge Type: Main Acute Price List"
"SLEEVE, PROTECTION FLEX LONG FOR NAILS 8-13MM STRL","ScorWmSup111651","CDM","270","RC","","","","","facility","both","","","","1786.33","1786.33","","","","","","","","","","","","","Gross Charge Type: Main Acute Price List"
"SLEEVE, PROTECTION RIGID FOR TIBIAL NAIL STRL","ScorChSup121298","CDM","272","RC","","","","","facility","both","","","","2182.05","2182.05","","","","","","","","","","","","","Gross Charge Type: Main Acute Price List"
"SLEEVE, PROTECTION RIGID LONG FOR NAILS 8-11MM STRL","ScorWmSup121299","CDM","272","RC","","","","","facility","both","","","","2931.25","2931.25","","","","","","","","","","","","","Gross Charge Type: Main Acute Price List"
"SLEEVE, PROTECTION TIB FIX FLEX LONG FOR NAILS 8-11MM STRL","AngiWmSup117590","CDM","272","RC","","","","","facility","both","","","","1325.46","1325.46","","","","","","","","","","","","","Gross Charge Type: Main Acute Price List"
"SLEEVE, REPOSITIONING","OperChSup36147","CDM","270","RC","","","","","facility","both","","","","66.22","66.22","","","","","","","","","","","","","Gross Charge Type: Main Acute Price List"
"SLEEVE,SUPRAPATELLAR OUT PROTECT 12.0 ST","ScanWmSup59718","CDM","272","RC","","","","","facility","both","","","","744.34","744.34","","","","","","","","","","","","","Gross Charge Type: Main Acute Price List"
"SLING, OBTRYX CURVED II SINGLE","EplbChSup65247","CDM","272","RC","","","","","facility","both","","","","5141.23","5141.23","","","","","","","","","","","","","Gross Charge Type: Main Acute Price List"
"SLING, SNOOPY ARM MEDIUM","GastChSup36765","CDM","270","RC","","","","","facility","both","","","","81.9","81.9","","","","","","","","","","","","","Gross Charge Type: Main Acute Price List"
"SLITTER, AGLIIS HISPRO","AngiWmSup120844","CDM","272","RC","","","","","facility","both","","","","554.38","554.38","","","","","","","","","","","","","Gross Charge Type: Main Acute Price List"
"SLITTER, CPS DIRECT SL II","CspuChSup49031","CDM","272","RC","","","","","facility","both","","","","307.99","307.99","","","","","","","","","","","","","Gross Charge Type: Main Acute Price List"
"SLITTER, CPS DIRECT SL II","PacuChSup49031","CDM","272","RC","","","","","facility","both","","","","307.99","307.99","","","","","","","","","","","","","Gross Charge Type: Main Acute Price List"
"SMART PROGRAMER, ACTIVA DBS","OperWmSup114274","CDM","271","RC","C1787","HCPCS","","","facility","both","","","","9254.46","9254.46","","","","","","","","","","","","","Gross Charge Type: Main Acute Price List"
"SMART PROGRAMER, INTERSTIM X  SACRAL NEUROMODULATION COMPT","OperChSup112870","CDM","278","RC","C1787","HCPCS","","","facility","both","","","","10810.34","10810.34","","","","","","","","","","","","","Gross Charge Type: Main Acute Price List"
"SMARTCARD, MEDISTIM TRANSIT TIME","ScanWmSup49368","CDM","270","RC","","","","","facility","both","","","","1533.78","1533.78","","","","","","","","","","","","","Gross Charge Type: Main Acute Price List"
"SNARE HEXAGONAL 13MM","GastChSup63171","CDM","272","RC","","","","","facility","both","","","","81.32","81.32","","","","","","","","","","","","","Gross Charge Type: Main Acute Price List"
"SNARE, AMPLATZ GOOSE NECK 35MM 120CM","CcthChSup64952","CDM","272","RC","C1773","HCPCS","","","facility","both","","","","1971.12","1971.12","","","","","","","","","","","","","Gross Charge Type: Main Acute Price List"
"SNARE, AMPLATZ GOOSE NECK","ScanWmSup34346","CDM","270","RC","","","","","facility","both","","","","1853.42","1853.42","","","","","","","","","","","","","Gross Charge Type: Main Acute Price List"
"SNARE, ANGLED CARR-LOCKE","ScanChSup56024","CDM","272","RC","","","","","facility","both","","","","139.82","139.82","","","","","","","","","","","","","Gross Charge Type: Main Acute Price List"
"SNARE, COLD CAPTIVATOR 10MM ROUND STIFF","ScanWmSup114765","CDM","272","RC","","","","","facility","both","","","","75.26","75.26","","","","","","","","","","","","","Gross Charge Type: Main Acute Price List"
"SNARE, EXACTO COLD","CcthChSup69132","CDM","272","RC","","","","","facility","both","","","","63.71","63.71","","","","","","","","","","","","","Gross Charge Type: Main Acute Price List"
"SNARE, EXACTO COLD","GastChSup69132","CDM","272","RC","","","","","facility","both","","","","63.71","63.71","","","","","","","","","","","","","Gross Charge Type: Main Acute Price List"
"SNARE, GUIDEWIRE NEEDLES EYE WORKSTATION 13MM 94CM LR-NES001","PacuWmSup790297","CDM","272","RC","C1769","HCPCS","","","facility","both","","","","1.19","1.19","","","","","","","","","","","","","Gross Charge Type: Main Acute Price List"
"SNARE, INTRODUCER NEEDLES EYE WORKSTATION 13MM 94CM LR-NES001","CspuChSup790296","CDM","272","RC","C1893","HCPCS","","","facility","both","","","","1.19","1.19","","","","","","","","","","","","","Gross Charge Type: Main Acute Price List"
"SNARE, LOOP-STANDARD","AnesWmSup9211","CDM","270","RC","","","","","facility","both","","","","80.99","80.99","","","","","","","","","","","","","Gross Charge Type: Main Acute Price List"
"SNARE, LOOP-STANDARD","PacuChSup9211","CDM","270","RC","","","","","facility","both","","","","80.99","80.99","","","","","","","","","","","","","Gross Charge Type: Main Acute Price List"
"SNARE, NEEDLE EYE","Chrs3133068","CDM","270","RC","","","","","facility","both","","","","6940.24","6940.24","","","","","","","","","","","","","Gross Charge Type: Main Acute Price List"
"SNARE, NEEDLE EYE","EplbChSup33068","CDM","270","RC","","","","","facility","both","","","","6940.24","6940.24","","","","","","","","","","","","","Gross Charge Type: Main Acute Price List"
"SNARE, SENSATION POLYPECTOMY 13MM X 240CM","OperChSup19131","CDM","270","RC","","","","","facility","both","","","","148.26","148.26","","","","","","","","","","","","","Gross Charge Type: Main Acute Price List"
"SNARE, SENSATION POLYPECTOMY 30MM X 240CM","EplbChSup19129","CDM","270","RC","","","","","facility","both","","","","79.34","79.34","","","","","","","","","","","","","Gross Charge Type: Main Acute Price List"
"SNARE, SPIRAL DISPOSABLE 20MM","Wilm5456463","CDM","272","RC","","","","","facility","both","","","","136.93","136.93","","","","","","","","","","","","","Gross Charge Type: Main Acute Price List"
"SODIUM,URINE","ChemMe4212","CDM","301","RC","84300","HCPCS","","","facility","both","","","","81.77","81.77","","","","","","","","","","","","","Gross Charge Type: Main Acute Price List"
"SOLUTION, HEPARIN 1000 UNITS/500ML 0.9 NACL","PacuChSup30943","CDM","270","RC","","","","","facility","both","","","","22.03","22.03","","","","","","","","","","","","","Gross Charge Type: Main Acute Price List"
"SOLUTION, HEPARIN 1000 UNITS/500ML 0.9 NACL","ScanChSup30943","CDM","270","RC","","","","","facility","both","","","","22.03","22.03","","","","","","","","","","","","","Gross Charge Type: Main Acute Price List"
"SPACE, UNIVERSE REVERS 36, +12MM","CcthChSup111085","CDM","278","RC","C1776","HCPCS","","","facility","both","","","","3018.27","3018.27","","","","","","","","","","","","","Gross Charge Type: Main Acute Price List"
"SPACER 46221055 TI 12DG 20W 10X5.8X55MM","DelrChSup117637","CDM","278","RC","","","","","facility","both","","","","45177.21","45177.21","","","","","","","","","","","","","Gross Charge Type: Main Acute Price List"
"SPACER 46221060 TI 12DG 20W 10X5.8X60MM","OperWmSup117638","CDM","278","RC","","","","","facility","both","","","","45177.21","45177.21","","","","","","","","","","","","","Gross Charge Type: Main Acute Price List"
"SPACER 46221250 TI 12DG 20W 12X7.8X50MM","AngiChSup117640","CDM","278","RC","","","","","facility","both","","","","48045.97","48045.97","","","","","","","","","","","","","Gross Charge Type: Main Acute Price List"
"SPACER 46221260 TI 12DG 20W 12X7.8X60MM","CcthChSup117642","CDM","278","RC","","","","","facility","both","","","","45177.21","45177.21","","","","","","","","","","","","","Gross Charge Type: Main Acute Price List"
"SPACER 46260840 TI 6DG 20W 8X5.9X40MM","AnesWmSup117605","CDM","278","RC","C1889","HCPCS","","","facility","both","","","","48045.97","48045.97","","","","","","","","","","","","","Gross Charge Type: Main Acute Price List"
"SPACER 46260840 TI 6DG 20W 8X5.9X40MM","AngiChSup117605","CDM","278","RC","C1889","HCPCS","","","facility","both","","","","48045.97","48045.97","","","","","","","","","","","","","Gross Charge Type: Main Acute Price List"
"SPACER 46260840 TI 6DG 20W 8X5.9X40MM","GastWmSup117605","CDM","278","RC","C1889","HCPCS","","","facility","both","","","","48045.97","48045.97","","","","","","","","","","","","","Gross Charge Type: Main Acute Price List"
"SPACER 46260845 TI 6DG 20W 8X5.9X45MM","ScanWmSup117606","CDM","278","RC","C1889","HCPCS","","","facility","both","","","","48045.97","48045.97","","","","","","","","","","","","","Gross Charge Type: Main Acute Price List"
"SPACER 46260850 TI 6DG 20W 8X5.9X50MM","ScorWmSup117607","CDM","278","RC","C1889","HCPCS","","","facility","both","","","","48045.97","48045.97","","","","","","","","","","","","","Gross Charge Type: Main Acute Price List"
"SPACER 46261040 TI 6DG 20W 10X7.9X40MM","GastChSup117609","CDM","278","RC","C1889","HCPCS","","","facility","both","","","","48045.97","48045.97","","","","","","","","","","","","","Gross Charge Type: Main Acute Price List"
"SPACER 46261045 TI 6DG 20W 10X7.9X45MM","DelrChSup117610","CDM","278","RC","C1889","HCPCS","","","facility","both","","","","48045.97","48045.97","","","","","","","","","","","","","Gross Charge Type: Main Acute Price List"
"SPACER 46261045 TI 6DG 20W 10X7.9X45MM","ScpuChSup117610","CDM","278","RC","C1889","HCPCS","","","facility","both","","","","48045.97","48045.97","","","","","","","","","","","","","Gross Charge Type: Main Acute Price List"
"SPACER 46261060 TI 6DG 20W 10X7.9X60MM","AnesWmSup117613","CDM","278","RC","","","","","facility","both","","","","45177.21","45177.21","","","","","","","","","","","","","Gross Charge Type: Main Acute Price List"
"SPACER 46261060 TI 6DG 20W 10X7.9X60MM","GastWmSup117613","CDM","278","RC","","","","","facility","both","","","","45177.21","45177.21","","","","","","","","","","","","","Gross Charge Type: Main Acute Price List"
"SPACER 46261240 TI 6DG 20W 12X9.9X40MM","GastWmSup117614","CDM","278","RC","","","","","facility","both","","","","48045.97","48045.97","","","","","","","","","","","","","Gross Charge Type: Main Acute Price List"
"SPACER 46261250 TI 6DG 20W 12X9.9X50MM","OperWmSup117616","CDM","278","RC","C1889","HCPCS","","","facility","both","","","","48045.97","48045.97","","","","","","","","","","","","","Gross Charge Type: Main Acute Price List"
"SPACER 46261255 TI 6DG 20W 12X9.9X55MM","ScorChSup117617","CDM","278","RC","C1889","HCPCS","","","facility","both","","","","48045.97","48045.97","","","","","","","","","","","","","Gross Charge Type: Main Acute Price List"
"SPACER 46261260 TI 6DG 20W 12X9.9X60MM","OperChSup117618","CDM","278","RC","","","","","facility","both","","","","45177.21","45177.21","","","","","","","","","","","","","Gross Charge Type: Main Acute Price List"
"SPACER 46261450 TI 6DG 20W 14X11.9X50MM","ScanWmSup117620","CDM","278","RC","","","","","facility","both","","","","45177.21","45177.21","","","","","","","","","","","","","Gross Charge Type: Main Acute Price List"
"SPACER 46261455 TI 6DG 20W 14X11.9X55MM","AnesChSup117621","CDM","278","RC","C1889","HCPCS","","","facility","both","","","","48045.97","48045.97","","","","","","","","","","","","","Gross Charge Type: Main Acute Price List"
"SPACER 46261455 TI 6DG 20W 14X11.9X55MM","ScanWmSup117621","CDM","278","RC","C1889","HCPCS","","","facility","both","","","","48045.97","48045.97","","","","","","","","","","","","","Gross Charge Type: Main Acute Price List"
"SPACER 46261460 TI 6DG 20W 14X11.9X60MM","AngiWmSup117622","CDM","278","RC","","","","","facility","both","","","","45177.21","45177.21","","","","","","","","","","","","","Gross Charge Type: Main Acute Price List"
"SPACER 46261460 TI 6DG 20W 14X11.9X60MM","ScpuChSup117622","CDM","278","RC","","","","","facility","both","","","","45177.21","45177.21","","","","","","","","","","","","","Gross Charge Type: Main Acute Price List"
"SPACER 46321045 TI 12DG 23W 10X45MM","PacuWmSup117646","CDM","278","RC","","","","","facility","both","","","","45177.21","45177.21","","","","","","","","","","","","","Gross Charge Type: Main Acute Price List"
"SPACER 46321045 TI 12DG 23W 10X45MM","ScorWmSup117646","CDM","278","RC","","","","","facility","both","","","","45177.21","45177.21","","","","","","","","","","","","","Gross Charge Type: Main Acute Price List"
"SPACER 46321045 TI 12DG 23W 10X45MM","ScpuChSup117646","CDM","278","RC","","","","","facility","both","","","","45177.21","45177.21","","","","","","","","","","","","","Gross Charge Type: Main Acute Price List"
"SPACER 46321050 TI 12DG 23W 10X50MM","AnesWmSup117647","CDM","278","RC","","","","","facility","both","","","","45177.21","45177.21","","","","","","","","","","","","","Gross Charge Type: Main Acute Price List"
"SPACER 46321055 TI 12DG 23W 10X55MM","OperChSup117648","CDM","278","RC","","","","","facility","both","","","","45177.21","45177.21","","","","","","","","","","","","","Gross Charge Type: Main Acute Price List"
"SPACER 46321240 TI 12DG 23W 12X40MM","OperChSup117649","CDM","278","RC","","","","","facility","both","","","","45177.21","45177.21","","","","","","","","","","","","","Gross Charge Type: Main Acute Price List"
"SPACER 46321240 TI 12DG 23W 12X40MM","OperWmSup117649","CDM","278","RC","","","","","facility","both","","","","45177.21","45177.21","","","","","","","","","","","","","Gross Charge Type: Main Acute Price List"
"SPACER 46321245 TI 12DG 23W 12X45MM","AnesWmSup117650","CDM","278","RC","","","","","facility","both","","","","45177.21","45177.21","","","","","","","","","","","","","Gross Charge Type: Main Acute Price List"
"SPACER 46321245 TI 12DG 23W 12X45MM","GastWmSup117650","CDM","278","RC","","","","","facility","both","","","","45177.21","45177.21","","","","","","","","","","","","","Gross Charge Type: Main Acute Price List"
"SPACER 46321250 TI 12DG 23W 12X50MM","AnesWmSup117651","CDM","278","RC","","","","","facility","both","","","","45177.21","45177.21","","","","","","","","","","","","","Gross Charge Type: Main Acute Price List"
"SPACER 46321260 TI 12DG 23W 12X60MM","CspuChSup117653","CDM","278","RC","","","","","facility","both","","","","45177.21","45177.21","","","","","","","","","","","","","Gross Charge Type: Main Acute Price List"
"SPACER 46321445 TI 12DG 23W 14X45MM","CcthChSup117654","CDM","278","RC","","","","","facility","both","","","","45177.21","45177.21","","","","","","","","","","","","","Gross Charge Type: Main Acute Price List"
"SPACER 46321455 TI 12DG 23W 14X55MM","GastWmSup117656","CDM","278","RC","","","","","facility","both","","","","45177.21","45177.21","","","","","","","","","","","","","Gross Charge Type: Main Acute Price List"
"SPACER 46341450 TI 24DG 23W 14X50MM","OperChSup117666","CDM","278","RC","","","","","facility","both","","","","45177.21","45177.21","","","","","","","","","","","","","Gross Charge Type: Main Acute Price List"
"SPACER 46341450 TI 24DG 23W 14X50MM","ScpuWmSup117666","CDM","278","RC","","","","","facility","both","","","","45177.21","45177.21","","","","","","","","","","","","","Gross Charge Type: Main Acute Price List"
"SPACER 46360850 TI 6DG 23W 8X50MM","CspuChSup117624","CDM","278","RC","","","","","facility","both","","","","45177.21","45177.21","","","","","","","","","","","","","Gross Charge Type: Main Acute Price List"
"SPACER 46361245 TI 6DG 23W 12X45MM","PacuChSup117629","CDM","278","RC","","","","","facility","both","","","","45177.21","45177.21","","","","","","","","","","","","","Gross Charge Type: Main Acute Price List"
"SPACER 46361260 TI 6DG 23W 12X60MM","OperWmSup117632","CDM","278","RC","","","","","facility","both","","","","45177.21","45177.21","","","","","","","","","","","","","Gross Charge Type: Main Acute Price List"
"SPACER 46361455 TI 6DG 20W 14X55MM","OperWmSup117634","CDM","278","RC","","","","","facility","both","","","","45177.21","45177.21","","","","","","","","","","","","","Gross Charge Type: Main Acute Price List"
"SPACER 46381255 TI 18DG 23W 12X55MM","AngiWmSup117660","CDM","278","RC","","","","","facility","both","","","","45177.21","45177.21","","","","","","","","","","","","","Gross Charge Type: Main Acute Price List"
"SPACER CERVICAL FORTITUDE DUO 8MM","ScorWmSup34322","CDM","278","RC","","","","","facility","both","","","","4633.56","4633.56","","","","","","","","","","","","","Gross Charge Type: Main Acute Price List"
"SPACER CERVICAL FORTITUDE DUO 8MM","ScpuWmSup34322","CDM","278","RC","","","","","facility","both","","","","4633.56","4633.56","","","","","","","","","","","","","Gross Charge Type: Main Acute Price List"
"SPACER,  7MM X 28MM","ScorChSup109223","CDM","278","RC","","","","","facility","both","","","","21559.08","21559.08","","","","","","","","","","","","","Gross Charge Type: Main Acute Price List"
"SPACER,  7MM X 28MM","ScpuWmSup109223","CDM","278","RC","","","","","facility","both","","","","21559.08","21559.08","","","","","","","","","","","","","Gross Charge Type: Main Acute Price List"
"SPACER, 12MMX12MM COMPT","AngiChSup110791","CDM","278","RC","C1713","HCPCS","","","facility","both","","","","21559.08","21559.08","","","","","","","","","","","","","Gross Charge Type: Main Acute Price List"
"SPACER, 12MMX12MM COMPT","GastChSup110791","CDM","278","RC","C1713","HCPCS","","","facility","both","","","","21559.08","21559.08","","","","","","","","","","","","","Gross Charge Type: Main Acute Price List"
"SPACER, 24MMX11MM COMPT","DelrChSup110077","CDM","278","RC","","","","","facility","both","","","","20271.82","20271.82","","","","","","","","","","","","","Gross Charge Type: Main Acute Price List"
"SPACER, 28MM X 6MM","GastChSup110575","CDM","278","RC","C1889","HCPCS","","","facility","both","","","","21559.08","21559.08","","","","","","","","","","","","","Gross Charge Type: Main Acute Price List"
"SPACER, 28MM X 6MM","GastWmSup110575","CDM","278","RC","C1889","HCPCS","","","facility","both","","","","21559.08","21559.08","","","","","","","","","","","","","Gross Charge Type: Main Acute Price List"
"SPACER, 28MM X 6MM","OperChSup110575","CDM","278","RC","C1889","HCPCS","","","facility","both","","","","21559.08","21559.08","","","","","","","","","","","","","Gross Charge Type: Main Acute Price List"
"SPACER, 28MM X 9MM","OperChSup108177","CDM","278","RC","C1889","HCPCS","","","facility","both","","","","21559.08","21559.08","","","","","","","","","","","","","Gross Charge Type: Main Acute Price List"
"SPACER, ADAPTIX 24MMX7MM COMPT","DelrChSup112875","CDM","278","RC","C1821","HCPCS","","","facility","both","","","","21559.08","21559.08","","","","","","","","","","","","","Gross Charge Type: Main Acute Price List"
"SPACER, ADAPTIX 28MM X 13MM","AnesChSup117969","CDM","278","RC","C1889","HCPCS","","","facility","both","","","","21559.08","21559.08","","","","","","","","","","","","","Gross Charge Type: Main Acute Price List"
"SPACER, ADAPTIX 28MM X 13MM","PacuWmSup117969","CDM","278","RC","C1889","HCPCS","","","facility","both","","","","21559.08","21559.08","","","","","","","","","","","","","Gross Charge Type: Main Acute Price List"
"SPACER, ALLOGRAFT CC NATURAL LORDOTIC 9MM LARGE","OperWmSup71216","CDM","278","RC","C1762","HCPCS","","","facility","both","","","","6590.92","6590.92","","","","","","","","","","","","","Gross Charge Type: Main Acute Price List"
"SPACER, ANTERALIGN INTERBODY LS MD 12 DEGREE 37X29X12MM","CcthChSup119571","CDM","278","RC","C1889","HCPCS","","","facility","both","","","","42860.43","42860.43","","","","","","","","","","","","","Gross Charge Type: Main Acute Price List"
"SPACER, ANTERALIGN INTERBODY LS MD 12 DEGREE 37X29X12MM","PacuWmSup119571","CDM","278","RC","C1889","HCPCS","","","facility","both","","","","42860.43","42860.43","","","","","","","","","","","","","Gross Charge Type: Main Acute Price List"
"SPACER, ANTERALIGN INTERBODY LS MD 12 DEGREE 37X29X12MM","ScpuWmSup119571","CDM","278","RC","C1889","HCPCS","","","facility","both","","","","42860.43","42860.43","","","","","","","","","","","","","Gross Charge Type: Main Acute Price List"
"SPACER, ARCH ODL PARALLEL FD 4MM","GastWmSup75730","CDM","278","RC","C1889","HCPCS","","","facility","both","","","","5543.76","5543.76","","","","","","","","","","","","","Gross Charge Type: Main Acute Price List"
"SPACER, ARCH ODL PARALLEL FD 4MM","ScorChSup75730","CDM","278","RC","C1889","HCPCS","","","facility","both","","","","5543.76","5543.76","","","","","","","","","","","","","Gross Charge Type: Main Acute Price List"
"SPACER, ARCH ODL PARALLEL FD 4MM","ScorWmSup75730","CDM","278","RC","C1889","HCPCS","","","facility","both","","","","5543.76","5543.76","","","","","","","","","","","","","Gross Charge Type: Main Acute Price List"
"SPACER, ARCH ODL PARALLEL FD 6MM","GastChSup75731","CDM","278","RC","C1889","HCPCS","","","facility","both","","","","5543.76","5543.76","","","","","","","","","","","","","Gross Charge Type: Main Acute Price List"
"SPACER, ARCH ODL PARALLEL FD 8MM","ScanChSup75732","CDM","278","RC","C1889","HCPCS","","","facility","both","","","","5543.76","5543.76","","","","","","","","","","","","","Gross Charge Type: Main Acute Price List"
"SPACER, ARCH ODL PARALLEL FD 8MM","ScpuChSup75732","CDM","278","RC","C1889","HCPCS","","","facility","both","","","","5543.76","5543.76","","","","","","","","","","","","","Gross Charge Type: Main Acute Price List"
"SPACER, ATLANTIS TRANSLATIONAL COMPT","GyscChSup110009","CDM","278","RC","C1713","HCPCS","","","facility","both","","","","1053.31","1053.31","","","","","","","","","","","","","Gross Charge Type: Main Acute Price List"
"SPACER, ATLANTIS TRANSLATIONAL COMPT","ScanWmSup110009","CDM","278","RC","C1713","HCPCS","","","facility","both","","","","1053.31","1053.31","","","","","","","","","","","","","Gross Charge Type: Main Acute Price List"
"SPACER, CAPSTONE PEEK INTERBODY 8X26MM","ScpuChSup47930","CDM","278","RC","","","","","facility","both","","","","15059.07","15059.07","","","","","","","","","","","","","Gross Charge Type: Main Acute Price List"
"SPACER, CERVICAL INTERBODY 12X14X11MM 7 DEGREE","AnesChSup119594","CDM","278","RC","C1889","HCPCS","","","facility","both","","","","6470.77","6470.77","","","","","","","","","","","","","Gross Charge Type: Main Acute Price List"
"SPACER, CORNERSTONE L-ASR 11X14X11","ScorChSup70215","CDM","278","RC","","","","","facility","both","","","","4311.82","4311.82","","","","","","","","","","","","","Gross Charge Type: Main Acute Price List"
"SPACER, CORNERSTONE LSR ALLOGRAFT 7","AngiWmSup55571","CDM","278","RC","","","","","facility","both","","","","4311.82","4311.82","","","","","","","","","","","","","Gross Charge Type: Main Acute Price List"
"SPACER, CRESCENT CORTICAL BONE 11X30MM","PacuChSup55576","CDM","278","RC","","","","","facility","both","","","","17375.85","17375.85","","","","","","","","","","","","","Gross Charge Type: Main Acute Price List"
"SPACER, CRESCENT CORTICAL BONE 11X30MM","ScorWmSup55576","CDM","278","RC","","","","","facility","both","","","","17375.85","17375.85","","","","","","","","","","","","","Gross Charge Type: Main Acute Price List"
"SPACER, CRESCENT CORTICAL BONE 15X30MM","EplbChSup55579","CDM","278","RC","","","","","facility","both","","","","18479.22","18479.22","","","","","","","","","","","","","Gross Charge Type: Main Acute Price List"
"SPACER, CRESCENT CORTICAL BONE 15X30MM","GastWmSup55579","CDM","278","RC","","","","","facility","both","","","","18479.22","18479.22","","","","","","","","","","","","","Gross Charge Type: Main Acute Price List"
"SPACER, CRESCENT CORTICAL BONE 8X30MM","EplbChSup55575","CDM","278","RC","","","","","facility","both","","","","17375.85","17375.85","","","","","","","","","","","","","Gross Charge Type: Main Acute Price List"
"SPACER, HIP ANTIBIOTIC TAPER WEDGE SHORT MEDIUM 54MM","PacuChSup74902","CDM","278","RC","C1776","HCPCS","","","facility","both","","","","22067.33","22067.33","","","","","","","","","","","","","Gross Charge Type: Main Acute Price List"
"SPACER, HIP ANTIBIOTIC TAPER WEDGE SHORT MEDIUM 54MM","ScanWmSup74902","CDM","278","RC","C1776","HCPCS","","","facility","both","","","","22067.33","22067.33","","","","","","","","","","","","","Gross Charge Type: Main Acute Price List"
"SPACER, HUMERAL FRACTURE SZ 3/4 9MM","OperChSup10196043","CDM","278","RC","C1776","HCPCS","","","facility","both","","","","10517.84","10517.84","","","","","","","","","","","","","Gross Charge Type: Main Acute Price List"
"SPACER, HUMERAL PERFORM +9MM SZ3-4","OperWmSup120196","CDM","278","RC","C1776","HCPCS","","","facility","both","","","","0.01","0.01","","","","","","","","","","","","","Gross Charge Type: Main Acute Price List"
"SPACER, HUMERAL UNIVERS REVERS 33+6","PacuChSup118592","CDM","278","RC","C1776","HCPCS","","","facility","both","","","","2838.06","2838.06","","","","","","","","","","","","","Gross Charge Type: Main Acute Price List"
"SPACER, INTERBODY ADAPTIX 10MM X 28MM","EplbChSup109222","CDM","278","RC","C1889","HCPCS","","","facility","both","","","","21559.08","21559.08","","","","","","","","","","","","","Gross Charge Type: Main Acute Price List"
"SPACER, INTERBODY ADAPTIX 11MM X 25MM","ScpuChSup108547","CDM","278","RC","C1889","HCPCS","","","facility","both","","","","21559.08","21559.08","","","","","","","","","","","","","Gross Charge Type: Main Acute Price List"
"SPACER, INTERBODY DIVERGENCE SM 6 DEG 14MM","GastChSup73509","CDM","278","RC","","","","","facility","both","","","","20271.82","20271.82","","","","","","","","","","","","","Gross Charge Type: Main Acute Price List"
"SPACER, KNEE HIGH RELEASE ANTIBIOTIC MEDIUM","CcthChSup51677","CDM","278","RC","C1776","HCPCS","","","facility","both","","","","23468.6","23468.6","","","","","","","","","","","","","Gross Charge Type: Main Acute Price List"
"SPACER, LAMINO PRESERVON 6MM","Chrs5451949","CDM","278","RC","","","","","facility","both","","","","6203.18","6203.18","","","","","","","","","","","","","Gross Charge Type: Main Acute Price List"
"SPACER, LAMINO VERTIGRAFT VG1 8MM","GastChSup77888","CDM","278","RC","C1762","HCPCS","","","facility","both","","","","5720.77","5720.77","","","","","","","","","","","","","Gross Charge Type: Main Acute Price List"
"SPACER, LATERAL PORTS 6X14X11MM","ScanWmSup65945","CDM","278","RC","C1889","HCPCS","","","facility","both","","","","6950.34","6950.34","","","","","","","","","","","","","Gross Charge Type: Main Acute Price List"
"SPACER, NANOKNIFE IRE PROBE","CcthChSup68925","CDM","272","RC","","","","","facility","both","","","","131.82","131.82","","","","","","","","","","","","","Gross Charge Type: Main Acute Price List"
"SPACER, OSTEOBRIDGE IKA KNEE 18MM","CspuChSup73871","CDM","278","RC","C1713","HCPCS","","","facility","both","","","","55906.8","55906.8","","","","","","","","","","","","","Gross Charge Type: Main Acute Price List"
"SPACER, PSR LAT PORTS 8X14X11MM","ScorWmSup63733","CDM","278","RC","C1889","HCPCS","","","facility","both","","","","7391.69","7391.69","","","","","","","","","","","","","Gross Charge Type: Main Acute Price List"
"SPACER, PSR LATERAL PORTS 12X14X11MM","AngiChSup78696","CDM","278","RC","","","","","facility","both","","","","7436.09","7436.09","","","","","","","","","","","","","Gross Charge Type: Main Acute Price List"
"SPACER, PSR LATERAL PORTS 12X14X11MM","AngiWmSup78696","CDM","278","RC","","","","","facility","both","","","","7436.09","7436.09","","","","","","","","","","","","","Gross Charge Type: Main Acute Price List"
"SPACER, PSR LATERAL PORTS 12X14X11MM","ScanWmSup78696","CDM","278","RC","","","","","facility","both","","","","7436.09","7436.09","","","","","","","","","","","","","Gross Charge Type: Main Acute Price List"
"SPACER, PSR LATERAL PORTS 6X14X11MM","ScorChSup63573","CDM","278","RC","","","","","facility","both","","","","7391.69","7391.69","","","","","","","","","","","","","Gross Charge Type: Main Acute Price List"
"SPACER, PSR LATERAL PORTS 9X14X11MM","CspuChSup63633","CDM","278","RC","C1889","HCPCS","","","facility","both","","","","7391.69","7391.69","","","","","","","","","","","","","Gross Charge Type: Main Acute Price List"
"SPACER, SM 12 DEGREE 32X25X10MM","OperWmSup118459","CDM","278","RC","","","","","facility","both","","","","42860.43","42860.43","","","","","","","","","","","","","Gross Charge Type: Main Acute Price List"
"SPACER, SM 12 DEGREE 32X25X14MM","OperChSup118460","CDM","278","RC","","","","","facility","both","","","","45582.07","45582.07","","","","","","","","","","","","","Gross Charge Type: Main Acute Price List"
"SPACER, SM 12 DEGREE 32X25X14MM","PacuWmSup118460","CDM","278","RC","","","","","facility","both","","","","45582.07","45582.07","","","","","","","","","","","","","Gross Charge Type: Main Acute Price List"
"SPACER, SYNFIX EVOL MED 19MM 18 DEG","EplbChSup69557","CDM","278","RC","","","","","facility","both","","","","23167.8","23167.8","","","","","","","","","","","","","Gross Charge Type: Main Acute Price List"
"SPACER, SYNFIX EVOLUTION 10DEG 12MM","AngiWmSup69094","CDM","278","RC","","","","","facility","both","","","","23167.8","23167.8","","","","","","","","","","","","","Gross Charge Type: Main Acute Price List"
"SPACER, SYNFIX EVOLUTION 10DEG LG 13.5MM","AngiWmSup69246","CDM","278","RC","","","","","facility","both","","","","24638.96","24638.96","","","","","","","","","","","","","Gross Charge Type: Main Acute Price List"
"SPACER, SYNFIX EVOLUTION 10DEG LG 13.5MM","DelrChSup69246","CDM","278","RC","","","","","facility","both","","","","24638.96","24638.96","","","","","","","","","","","","","Gross Charge Type: Main Acute Price List"
"SPACER, SYNFIX EVOLUTION 10DEG LG 13.5MM","ScpuChSup69246","CDM","278","RC","","","","","facility","both","","","","24638.96","24638.96","","","","","","","","","","","","","Gross Charge Type: Main Acute Price List"
"SPACER, SYNFIX EVOLUTION 10DEG MED 10.5MM","Wilm5469247","CDM","278","RC","C1889","HCPCS","","","facility","both","","","","23167.8","23167.8","","","","","","","","","","","","","Gross Charge Type: Main Acute Price List"
"SPACER, SYNFIX EVOLUTION LG 10 DEG 13.5MM","PacuChSup68815","CDM","278","RC","","","","","facility","both","","","","23167.8","23167.8","","","","","","","","","","","","","Gross Charge Type: Main Acute Price List"
"SPACER, SYNFIX EVOLUTION MED 14 DEG 13.5MM","EplbChSup69511","CDM","278","RC","","","","","facility","both","","","","23167.8","23167.8","","","","","","","","","","","","","Gross Charge Type: Main Acute Price List"
"SPACER, SYNFIX EVOLUTION SM 10 DEG 12MM","CspuChSup69526","CDM","278","RC","C1889","HCPCS","","","facility","both","","","","24638.96","24638.96","","","","","","","","","","","","","Gross Charge Type: Main Acute Price List"
"SPACER, TLIF ARCTIC TI 35X11MM 5 DEG","GastWmSup107049","CDM","278","RC","","","","","facility","both","","","","15059.07","15059.07","","","","","","","","","","","","","Gross Charge Type: Main Acute Price List"
"SPACER, TLIF ARCTIC TI 35X14MM 10 DEG","AnesChSup107050","CDM","278","RC","","","","","facility","both","","","","15059.07","15059.07","","","","","","","","","","","","","Gross Charge Type: Main Acute Price List"
"SPACER, TLIF ARCTIC TI 35X14MM 10 DEG","GyscChSup107050","CDM","278","RC","","","","","facility","both","","","","15059.07","15059.07","","","","","","","","","","","","","Gross Charge Type: Main Acute Price List"
"SPACER, UNIVERS REVERS 30+ 9MM","AnesWmSup112231","CDM","278","RC","C1713","HCPCS","","","facility","both","","","","3018.27","3018.27","","","","","","","","","","","","","Gross Charge Type: Main Acute Price List"
"SPACER, UNIVERS REVERS 36 +6MM","CLDRChSup71163","CDM","278","RC","C1776","HCPCS","","","facility","both","","","","3018.27","3018.27","","","","","","","","","","","","","Gross Charge Type: Main Acute Price List"
"SPACER, UNIVERS REVERS 36+9MM","ScpuWmSup106200","CDM","278","RC","C1776","HCPCS","","","facility","both","","","","3018.27","3018.27","","","","","","","","","","","","","Gross Charge Type: Main Acute Price List"
"SPACER, UNIVERS REVERS 38 + 12MM","DelrChSup114150","CDM","278","RC","C1776","HCPCS","","","facility","both","","","","2838.06","2838.06","","","","","","","","","","","","","Gross Charge Type: Main Acute Price List"
"SPACER,HIP ANTIOBIO TAP WEDGE LONG MED 54MM","DelrChSup74905","CDM","278","RC","","","","","facility","both","","","","22067.33","22067.33","","","","","","","","","","","","","Gross Charge Type: Main Acute Price List"
"SPACER,INTERBO DIVERGENCE L MED 12 D 14MM","CspuChSup71131","CDM","278","RC","","","","","facility","both","","","","20271.82","20271.82","","","","","","","","","","","","","Gross Charge Type: Main Acute Price List"
"SPACER,INTERBO DIVERGENCE L MED 12 D 14MM","GastWmSup71131","CDM","278","RC","","","","","facility","both","","","","20271.82","20271.82","","","","","","","","","","","","","Gross Charge Type: Main Acute Price List"
"SPACER,INTERBODY DIVERGENCE L 12 DEG 12MM","CLDRChSup73403","CDM","278","RC","","","","","facility","both","","","","20271.82","20271.82","","","","","","","","","","","","","Gross Charge Type: Main Acute Price List"
"SPACER,INTERBODY DIVERGENCE L MED 12 DEG 12","CspuChSup71057","CDM","278","RC","","","","","facility","both","","","","20271.82","20271.82","","","","","","","","","","","","","Gross Charge Type: Main Acute Price List"
"SPACER,INTERBODY DIVERGENCE L MED 12 DEG 12","PacuChSup71057","CDM","278","RC","","","","","facility","both","","","","20271.82","20271.82","","","","","","","","","","","","","Gross Charge Type: Main Acute Price List"
"SPACER,INTERBODY DIVERGENCE L MED 12 DEG 12","ScpuWmSup71057","CDM","278","RC","","","","","facility","both","","","","20271.82","20271.82","","","","","","","","","","","","","Gross Charge Type: Main Acute Price List"
"SPACER,INTERBODY DIVERGENCE SM 12 DEG 12MM","ScorWmSup72899","CDM","278","RC","","","","","facility","both","","","","20271.82","20271.82","","","","","","","","","","","","","Gross Charge Type: Main Acute Price List"
"SPACER,INTERBODY DIVERGENCE SM 12 DEG 14MM","ScanChSup73343","CDM","278","RC","","","","","facility","both","","","","20271.82","20271.82","","","","","","","","","","","","","Gross Charge Type: Main Acute Price List"
"SPACER,SHOULDER HIGH REL ANTIBIOTIC 11X46","GyscChSup66879","CDM","278","RC","C1713","HCPCS","","","facility","both","","","","26553.27","26553.27","","","","","","","","","","","","","Gross Charge Type: Main Acute Price List"
"SPACER,SHOULDER HIGH REL ANTIBIOTIC 11X46","PacuWmSup66879","CDM","278","RC","C1713","HCPCS","","","facility","both","","","","26553.27","26553.27","","","","","","","","","","","","","Gross Charge Type: Main Acute Price List"
"SPACER,SYNFIX EVOLUTION SM 10 DEG 10.5MM","EplbChSup70569","CDM","278","RC","","","","","facility","both","","","","24638.96","24638.96","","","","","","","","","","","","","Gross Charge Type: Main Acute Price List"
"SPACER,SYNFIX EVOLUTION SM 10 DEG 10.5MM","ScpuWmSup70569","CDM","278","RC","","","","","facility","both","","","","24638.96","24638.96","","","","","","","","","","","","","Gross Charge Type: Main Acute Price List"
"SPACER,SYNFIX EVOLUTION SMALL 12MM HT 6 DEG","GyscChSup70503","CDM","278","RC","","","","","facility","both","","","","23167.8","23167.8","","","","","","","","","","","","","Gross Charge Type: Main Acute Price List"
"SPACER,SYNFIX EVOLUTION SMALL 12MM HT 6 DEG","OperWmSup70503","CDM","278","RC","","","","","facility","both","","","","23167.8","23167.8","","","","","","","","","","","","","Gross Charge Type: Main Acute Price List"
"SPATULA, DELAMINATION DSP 45DEG 25G","ScanWmSup42440","CDM","270","RC","","","","","facility","both","","","","215.72","215.72","","","","","","","","","","","","","Gross Charge Type: Main Acute Price List"
"SPATULA, DELAMINATION DSP 45DEG 25G","ScorChSup42440","CDM","270","RC","","","","","facility","both","","","","215.72","215.72","","","","","","","","","","","","","Gross Charge Type: Main Acute Price List"
"SPECIMEN COLLECTION, ESTABLSHD CATH, CENTRAL/PERIPH, VENOUS, NOS","CMOUCh1391","CDM","260","RC","36592","HCPCS","","","facility","both","","","","76.88","76.88","","","","","","","","","","","","","Gross Charge Type: Main Acute Price List"
"SPECIMEN COLLECTION, ESTABLSHD CATH, CENTRAL/PERIPH, VENOUS, NOS","GynoCh1391","CDM","260","RC","36592","HCPCS","","","facility","both","","","","76.88","76.88","","","","","","","","","","","","","Gross Charge Type: Main Acute Price List"
"SPECIMEN COLLECTION, ESTABLSHD CATH, CENTRAL/PERIPH, VENOUS, NOS","MatbCh1391","CDM","260","RC","36592","HCPCS","","","facility","both","","","","76.88","76.88","","","","","","","","","","","","","Gross Charge Type: Main Acute Price List"
"SPECULUM,LIGHTED VAGINAL DISPOSABLE LARGE","PacuWmSup66304","CDM","270","RC","","","","","facility","both","","","","19.26","19.26","","","","","","","","","","","","","Gross Charge Type: Main Acute Price List"
"SPEEDBRIDGE, BIOCOMPOSITE ACHILLES WITH JUMPSTART","OperChSup112692","CDM","278","RC","C1713","HCPCS","","","facility","both","","","","13312.73","13312.73","","","","","","","","","","","","","Gross Charge Type: Main Acute Price List"
"SPHINCTER, AMS 800 OCCLUSIVE CUFF 6.0CM","OperChSup10196189","CDM","278","RC","C1815","HCPCS","","","facility","both","","","","41285.88","41285.88","","","","","","","","","","","","","Gross Charge Type: Main Acute Price List"
"SPLINT INTRANASAL POSISEPX2 0.8""X2.3""","ScorWmSup120639","CDM","272","RC","","","","","facility","both","","","","1170.35","1170.35","","","","","","","","","","","","","Gross Charge Type: Main Acute Price List"
"SPLINT,  IPS SINGLE JAW","AnesChSup111859","CDM","278","RC","","","","","facility","both","","","","5762.99","5762.99","","","","","","","","","","","","","Gross Charge Type: Main Acute Price List"
"SPLINT,  IPS SINGLE JAW","OperChSup111859","CDM","278","RC","","","","","facility","both","","","","5762.99","5762.99","","","","","","","","","","","","","Gross Charge Type: Main Acute Price List"
"SPLINT, FIBERGLASS 6  ROLL","CspuChSup100700","CDM","270","RC","","","","","facility","both","","","","889.07","889.07","","","","","","","","","","","","","Gross Charge Type: Main Acute Price List"
"SPLINT, FINGER 9 X 1/2 INCH","PacuChSup851","CDM","270","RC","","","","","facility","both","","","","0.73","0.73","","","","","","","","","","","","","Gross Charge Type: Main Acute Price List"
"SPONGE, ENDO PEANUT","ScpuWmSup202720","CDM","270","RC","","","","","facility","both","","","","113.35","113.35","","","","","","","","","","","","","Gross Charge Type: Main Acute Price List"
"SPREADER, GRAFT","ScorChSup111953","CDM","270","RC","","","","","facility","both","","","","2352.98","2352.98","","","","","","","","","","","","","Gross Charge Type: Main Acute Price List"
"SPRINT DUAL LEAD PNS SYSTEM","CLDRChSup79871","CDM","272","RC","","","","","facility","both","","","","45177.21","45177.21","","","","","","","","","","","","","Gross Charge Type: Main Acute Price List"
"SPRINT DUAL LEAD PNS SYSTEM","OperWmSup79871","CDM","272","RC","","","","","facility","both","","","","45177.21","45177.21","","","","","","","","","","","","","Gross Charge Type: Main Acute Price List"
"STAND COGNITIVE PERF TEST,PER HOUR,ST","SphrRh1314","CDM","440","RC","96125","HCPCS","","","facility","both","","","GN","417.24","417.24","","","","","","","","","","","","","Gross Charge Type: Main Acute Price List | The modified price is presented in the standard charge value. | Modifier GN: Services delivered under an outpatient speech language pathology plan of care"
"STAND,ULTRASOUND 12GA LORAD LONG PROBE","CcccCR43353","CDM","270","RC","","","","","facility","both","","","","1170.35","1170.35","","","","","","","","","","","","","Gross Charge Type: Main Acute Price List"
"STAND,ULTRASOUND 12GA LORAD LONG PROBE","CcicMR43353","CDM","270","RC","","","","","facility","both","","","","1170.35","1170.35","","","","","","","","","","","","","Gross Charge Type: Main Acute Price List"
"STAND,ULTRASOUND 12GA LORAD LONG PROBE","CcsmCT43353","CDM","270","RC","","","","","facility","both","","","","1170.35","1170.35","","","","","","","","","","","","","Gross Charge Type: Main Acute Price List"
"STAND,ULTRASOUND 12GA LORAD LONG PROBE","PacuChSup43353","CDM","270","RC","","","","","facility","both","","","","1170.35","1170.35","","","","","","","","","","","","","Gross Charge Type: Main Acute Price List"
"STAND,ULTRASOUND 9GA LORAD LONG PROBE","ChrsCT43352","CDM","270","RC","","","","","facility","both","","","","1170.35","1170.35","","","","","","","","","","","","","Gross Charge Type: Main Acute Price List"
"STAND,ULTRASOUND 9GA LORAD LONG PROBE","ChrsMR43352","CDM","270","RC","","","","","facility","both","","","","1170.35","1170.35","","","","","","","","","","","","","Gross Charge Type: Main Acute Price List"
"STAND,ULTRASOUND 9GA LORAD LONG PROBE","OperChSup43352","CDM","270","RC","","","","","facility","both","","","","1170.35","1170.35","","","","","","","","","","","","","Gross Charge Type: Main Acute Price List"
"STANDOFF, HEXAGONAL LONG 40MM","AngiWmSup77028","CDM","278","RC","","","","","facility","both","","","","407.28","407.28","","","","","","","","","","","","","Gross Charge Type: Main Acute Price List"
"STAPER, EEA XL 25MM W/3.5MM STAPLES","CcthChSup42259","CDM","272","RC","","","","","facility","both","","","","2209.81","2209.81","","","","","","","","","","","","","Gross Charge Type: Main Acute Price List"
"STAPLE, DYNANITE NITINOL 13W X 10L","OperChSup112174","CDM","278","RC","C1713","HCPCS","","","facility","both","","","","11672.71","11672.71","","","","","","","","","","","","","Gross Charge Type: Main Acute Price List"
"STAPLE, DYNANITE NITINOL W/INSTRUMENTATION 20W X 20L","PacuChSup114701","CDM","278","RC","C1713","HCPCS","","","facility","both","","","","12128.97","12128.97","","","","","","","","","","","","","Gross Charge Type: Main Acute Price List"
"STAPLE, DYNANITE NITINOL WITH IMPLANT ON DELIVERY DEVICE 15W X12L","CcthChSup112487","CDM","278","RC","C1713","HCPCS","","","facility","both","","","","8658.97","8658.97","","","","","","","","","","","","","Gross Charge Type: Main Acute Price List"
"STAPLE, DYNANITE NITINOL WITH IMPLANT ON DELIVERY DEVICE 15W X12L","ScanWmSup112487","CDM","278","RC","C1713","HCPCS","","","facility","both","","","","8658.97","8658.97","","","","","","","","","","","","","Gross Charge Type: Main Acute Price List"
"STAPLE, EASEFUSE DYNAMIC COMPRESSION 18X20MM","ScpuChSup116387","CDM","278","RC","C1713","HCPCS","","","facility","both","","","","11549.51","11549.51","","","","","","","","","","","","","Gross Charge Type: Main Acute Price List"
"STAPLE, EASYCLIP COMPRESSION 18X14X14MM","GastWmSup110352","CDM","278","RC","C1713","HCPCS","","","facility","both","","","","8368.37","8368.37","","","","","","","","","","","","","Gross Charge Type: Main Acute Price List"
"STAPLE, EASYFUSE DYNAMIC COMPRESSION 18X25MM","ScpuChSup116148","CDM","278","RC","C1713","HCPCS","","","facility","both","","","","10859.91","10859.91","","","","","","","","","","","","","Gross Charge Type: Main Acute Price List"
"STAPLE, EASYFUSE DYNAMIC COMPRESSION 20X15MM","GyscChSup114411","CDM","278","RC","C1713","HCPCS","","","facility","both","","","","12447.39","12447.39","","","","","","","","","","","","","Gross Charge Type: Main Acute Price List"
"STAPLE, EASYFUSE DYNAMIC COMPRESSION 25X20MM","OperChSup115023","CDM","278","RC","C1713","HCPCS","","","facility","both","","","","12447.39","12447.39","","","","","","","","","","","","","Gross Charge Type: Main Acute Price List"
"STAPLE, EASYFUSE DYNAMIC COMPRESSION 30 X 20MM","PacuWmSup114095","CDM","278","RC","C1713","HCPCS","","","facility","both","","","","2171.05","2171.05","","","","","","","","","","","","","Gross Charge Type: Main Acute Price List"
"STAPLE, SUPER MX COMPRESSION 15X15","AngiWmSup112144","CDM","278","RC","C1713","HCPCS","","","facility","both","","","","13981.38","13981.38","","","","","","","","","","","","","Gross Charge Type: Main Acute Price List"
"STAPLE, SUPER MX COMPRESSION 18X15","ScanChSup112145","CDM","278","RC","C1713","HCPCS","","","facility","both","","","","13981.38","13981.38","","","","","","","","","","","","","Gross Charge Type: Main Acute Price List"
"STAPLE, SUPER MX COMPRESSION 18X15","ScpuChSup112145","CDM","278","RC","C1713","HCPCS","","","facility","both","","","","13981.38","13981.38","","","","","","","","","","","","","Gross Charge Type: Main Acute Price List"
"STAPLE, SUPER MX COMPRESSION 20X15","PacuWmSup112147","CDM","278","RC","C1713","HCPCS","","","facility","both","","","","13146.57","13146.57","","","","","","","","","","","","","Gross Charge Type: Main Acute Price List"
"STAPLE, SUPER MX COMPRESSION W/INSTRUMENTATION 15X15","PacuWmSup112150","CDM","278","RC","C1713","HCPCS","","","facility","both","","","","16651.93","16651.93","","","","","","","","","","","","","Gross Charge Type: Main Acute Price List"
"STAPLE, SUPER MX COMPRESSION W/INSTRUMENTATION 18X18","ScpuChSup112152","CDM","278","RC","C1713","HCPCS","","","facility","both","","","","16651.93","16651.93","","","","","","","","","","","","","Gross Charge Type: Main Acute Price List"
"STAPLE, SUPER MX COMPRESSION W/INSTRUMENTATION 20X20","AngiChSup112154","CDM","278","RC","C1713","HCPCS","","","facility","both","","","","15657.67","15657.67","","","","","","","","","","","","","Gross Charge Type: Main Acute Price List"
"STAPLER, CIRCULAR SIZE 25","ScanChSup889","CDM","270","RC","","","","","facility","both","","","","1293.4","1293.4","","","","","","","","","","","","","Gross Charge Type: Main Acute Price List"
"STAPLER, CIRCULAR SIZE 33","GyscChSup890","CDM","270","RC","","","","","facility","both","","","","7339.42","7339.42","","","","","","","","","","","","","Gross Charge Type: Main Acute Price List"
"STAPLER, DST GIA 80MM TRI-STAPLE PURPLE MED 3.0, 3.5, 4.0","AnesWmSup109231","CDM","270","RC","","","","","facility","both","","","","893.9","893.9","","","","","","","","","","","","","Gross Charge Type: Main Acute Price List"
"STAPLER, DST GIA 80MM TRI-STAPLE PURPLE MED 3.0, 3.5, 4.0","CcthChSup109231","CDM","270","RC","","","","","facility","both","","","","893.9","893.9","","","","","","","","","","","","","Gross Charge Type: Main Acute Price List"
"STAPLER, DST SERIES 28 MM W/ 4.8 MM STAPLE","ScanChSup106274","CDM","270","RC","","","","","facility","both","","","","1695.95","1695.95","","","","","","","","","","","","","Gross Charge Type: Main Acute Price List"
"STAPLER, DST SERIES 31 MM W/ 4.8 MM STAPLE","EplbChSup106275","CDM","270","RC","","","","","facility","both","","","","1662.7","1662.7","","","","","","","","","","","","","Gross Charge Type: Main Acute Price List"
"STAPLER, DST SERIES 31 MM W/ 4.8 MM STAPLE","ScanWmSup106275","CDM","270","RC","","","","","facility","both","","","","1662.7","1662.7","","","","","","","","","","","","","Gross Charge Type: Main Acute Price List"
"STAPLER, DST SERIES GIA 60MM - 3.8MM RELOADABLE","ScanWmSup106289","CDM","270","RC","","","","","facility","both","","","","505.47","505.47","","","","","","","","","","","","","Gross Charge Type: Main Acute Price List"
"STAPLER, EEA XL 31MM W/ 4.8MM STAPLE","OperChSup106279","CDM","270","RC","","","","","facility","both","","","","2090.38","2090.38","","","","","","","","","","","","","Gross Charge Type: Main Acute Price List"
"STAPLER, EEA XL 33MM W/ 4.8MM STAPLE","GastChSup106280","CDM","270","RC","","","","","facility","both","","","","2133.92","2133.92","","","","","","","","","","","","","Gross Charge Type: Main Acute Price List"
"STAPLER, ENDOPATH 33MM ILS","EplbChSup204460","CDM","270","RC","","","","","facility","both","","","","8094.42","8094.42","","","","","","","","","","","","","Gross Charge Type: Main Acute Price List"
"STAPLER, ENDOPATH 33MM ILS","ScpuWmSup204460","CDM","270","RC","","","","","facility","both","","","","8094.42","8094.42","","","","","","","","","","","","","Gross Charge Type: Main Acute Price List"
"STAPLER, ENDOWRIST 30 RELOAD XI BLUE","AnesChSup75722","CDM","272","RC","","","","","facility","both","","","","1039.18","1039.18","","","","","","","","","","","","","Gross Charge Type: Main Acute Price List"
"STAPLER, ENDOWRIST 30 RELOAD XI GREEN","CspuChSup75723","CDM","272","RC","","","","","facility","both","","","","814.61","814.61","","","","","","","","","","","","","Gross Charge Type: Main Acute Price List"
"STAPLER, ENDOWRIST XI 45","ScanChSup62824","CDM","272","RC","","","","","facility","both","","","","862.37","862.37","","","","","","","","","","","","","Gross Charge Type: Main Acute Price List"
"STAPLER, ENDOWRIST XI RELOAD 45 BLUE","ScorWmSup62826","CDM","272","RC","","","","","facility","both","","","","1108.75","1108.75","","","","","","","","","","","","","Gross Charge Type: Main Acute Price List"
"STAPLER, LINEAR 100MM STANDARD","OperWmSup204085","CDM","270","RC","","","","","facility","both","","","","5081.68","5081.68","","","","","","","","","","","","","Gross Charge Type: Main Acute Price List"
"STAPLER, LINEAR THICK TISSUE","EplbChSup204081","CDM","270","RC","","","","","facility","both","","","","5427.18","5427.18","","","","","","","","","","","","","Gross Charge Type: Main Acute Price List"
"STAPLER, RELOAD 45MM SIX ROW","Wilm5421612","CDM","270","RC","","","","","facility","both","","","","3050.07","3050.07","","","","","","","","","","","","","Gross Charge Type: Main Acute Price List"
"STAPLER, RELOAD FOR TCT10","PacuWmSup204095","CDM","270","RC","","","","","facility","both","","","","2673.75","2673.75","","","","","","","","","","","","","Gross Charge Type: Main Acute Price List"
"STAPLER, RELOAD FOR TLC10","CspuChSup204096","CDM","270","RC","","","","","facility","both","","","","2700.04","2700.04","","","","","","","","","","","","","Gross Charge Type: Main Acute Price List"
"STAPLER, RELOAD UNIT  55MM","GastChSup29204","CDM","270","RC","","","","","facility","both","","","","1194.94","1194.94","","","","","","","","","","","","","Gross Charge Type: Main Acute Price List"
"STAPLER, RELOADING UNIT TX30-V","EplbChSup29216","CDM","270","RC","","","","","facility","both","","","","958.24","958.24","","","","","","","","","","","","","Gross Charge Type: Main Acute Price List"
"STAPLER, RELOADING UNIT TX30-V","ScpuChSup29216","CDM","270","RC","","","","","facility","both","","","","958.24","958.24","","","","","","","","","","","","","Gross Charge Type: Main Acute Price List"
"STAPLER, SUREFORM 45 CURVED TIP","PacuWmSup106878","CDM","270","RC","","","","","facility","both","","","","3049.07","3049.07","","","","","","","","","","","","","Gross Charge Type: Main Acute Price List"
"STAPLER, TA 30 - 4.8","PacuChSup106828","CDM","270","RC","","","","","facility","both","","","","464.94","464.94","","","","","","","","","","","","","Gross Charge Type: Main Acute Price List"
"STAPLER, TA 60MM - 4.8MM RELOADABLE","OperChSup106295","CDM","270","RC","","","","","facility","both","","","","480.83","480.83","","","","","","","","","","","","","Gross Charge Type: Main Acute Price List"
"STAPLER, TA 90-3.5","PacuWmSup80645","CDM","270","RC","","","","","facility","both","","","","507.69","507.69","","","","","","","","","","","","","Gross Charge Type: Main Acute Price List"
"STAPLER, TA 90-3.5","ScanWmSup80645","CDM","270","RC","","","","","facility","both","","","","507.69","507.69","","","","","","","","","","","","","Gross Charge Type: Main Acute Price List"
"STAPLER, TA30V-3 NON-ABS CLIP","OperWmSup26674","CDM","270","RC","","","","","facility","both","","","","516.62","516.62","","","","","","","","","","","","","Gross Charge Type: Main Acute Price List"
"STAPLER, TA30V-3 NON-ABS CLIP","ScorWmSup26674","CDM","270","RC","","","","","facility","both","","","","516.62","516.62","","","","","","","","","","","","","Gross Charge Type: Main Acute Price List"
"STAPLER, TA30V-3 NON-ABS CLIP","ScpuWmSup26674","CDM","270","RC","","","","","facility","both","","","","516.62","516.62","","","","","","","","","","","","","Gross Charge Type: Main Acute Price List"
"STAPLER, TL  90","GyscChSup29212","CDM","270","RC","","","","","facility","both","","","","558.76","558.76","","","","","","","","","","","","","Gross Charge Type: Main Acute Price List"
"STAPLER, TL  90","PacuWmSup29212","CDM","270","RC","","","","","facility","both","","","","558.76","558.76","","","","","","","","","","","","","Gross Charge Type: Main Acute Price List"
"STAPLER, TX 60- 3.5MM","ScpuWmSup29206","CDM","270","RC","","","","","facility","both","","","","2108.13","2108.13","","","","","","","","","","","","","Gross Charge Type: Main Acute Price List"
"STARCLOSE","AnesChSup117244","CDM","272","RC","C1760","HCPCS","","","facility","both","","","","1442.2","1442.2","","","","","","","","","","","","","Gross Charge Type: Main Acute Price List"
"STARCLOSE","PacuChSup117244","CDM","272","RC","C1760","HCPCS","","","facility","both","","","","1442.2","1442.2","","","","","","","","","","","","","Gross Charge Type: Main Acute Price List"
"STEADYSHEATH,EV RL 13FR TIS STABI LS-TSS-13.0","ScpuWmSup64859","CDM","272","RC","C1893","HCPCS","","","facility","both","","","","1598.93","1598.93","","","","","","","","","","","","","Gross Charge Type: Main Acute Price List"
"STEADYSHEATH,EV RL 9 TISS STABIN LS-TSS-9.0","ScanChSup64857","CDM","272","RC","C1893","HCPCS","","","facility","both","","","","1598.93","1598.93","","","","","","","","","","","","","Gross Charge Type: Main Acute Price List"
"STEM, AEQUALIS FLEX REVIVE 11MM 90MM","GyscChSup79393","CDM","278","RC","C1776","HCPCS","","","facility","both","","","","20155.99","20155.99","","","","","","","","","","","","","Gross Charge Type: Main Acute Price List"
"STEM, APEX HUMERAL UNIVERS SIZE 6","CcthChSup109014","CDM","278","RC","C1776","HCPCS","","","facility","both","","","","11426.31","11426.31","","","","","","","","","","","","","Gross Charge Type: Main Acute Price List"
"STEM, APEX HUMERAL UNIVERS SIZE 7","CcthChSup108864","CDM","278","RC","C1776","HCPCS","","","facility","both","","","","11426.31","11426.31","","","","","","","","","","","","","Gross Charge Type: Main Acute Price List"
"STEM, APEX HUMERAL UNIVERS SIZE 8","AngiChSup109011","CDM","278","RC","C1776","HCPCS","","","facility","both","","","","11426.31","11426.31","","","","","","","","","","","","","Gross Charge Type: Main Acute Price List"
"STEM, DISTAL RECLAIM TAPERED 17MMX140MM STRAIGHT","ScorWmSup120248","CDM","278","RC","C1776","HCPCS","","","facility","both","","","","21772.2","21772.2","","","","","","","","","","","","","Gross Charge Type: Main Acute Price List"
"STEM, DISTAL STS MODULAR REVISION SYSTEM 13X150MM","ScorWmSup120834","CDM","278","RC","C1776","HCPCS","","","facility","both","","","","14013.41","14013.41","","","","","","","","","","","","","Gross Charge Type: Main Acute Price List"
"STEM, EVOLVE PROLINE SIZE 7.5MM + 2","AngiChSup113717","CDM","278","RC","C1776","HCPCS","","","facility","both","","","","12348.44","12348.44","","","","","","","","","","","","","Gross Charge Type: Main Acute Price List"
"STEM, EVOLVE PROLINE SIZE 7.5MM + 2","PacuWmSup113717","CDM","278","RC","C1776","HCPCS","","","facility","both","","","","12348.44","12348.44","","","","","","","","","","","","","Gross Charge Type: Main Acute Price List"
"STEM, EXTENSION STRAIGHT 14MM DIAMETER 135MM LENGTH","AnesChSup114608","CDM","278","RC","C1776","HCPCS","","","facility","both","","","","6391.59","6391.59","","","","","","","","","","","","","Gross Charge Type: Main Acute Price List"
"STEM, EXTENSION STRAIGHT NEXGEN 12MM X 100MM","PacuWmSup118229","CDM","278","RC","C1776","HCPCS","","","facility","both","","","","3445.32","3445.32","","","","","","","","","","","","","Gross Charge Type: Main Acute Price List"
"STEM, FEMORAL ACTIS DUOFIX 12/14 TAPER CEMENTLESS HIGH COLLAR SZ 3","GyscChSup115148","CDM","278","RC","C1776","HCPCS","","","facility","both","","","","947.22","947.22","","","","","","","","","","","","","Gross Charge Type: Main Acute Price List"
"STEM, FEMORAL ACTIS DUOFIX 12/14 TAPER CEMENTLESS STD COLLAR SZ 10","DelrChSup115405","CDM","278","RC","C1776","HCPCS","","","facility","both","","","","10542.65","10542.65","","","","","","","","","","","","","Gross Charge Type: Main Acute Price List"
"STEM, FEMORAL AMI STANDARD TAPER 12/14 SZ 5","ScorChSup119549","CDM","278","RC","C1776","HCPCS","","","facility","both","","","","12319.48","12319.48","","","","","","","","","","","","","Gross Charge Type: Main Acute Price List"
"STEM, FEMORAL MODULAR REMEDY LG","EplbChSup108212","CDM","278","RC","C1776","HCPCS","","","facility","both","","","","13900.68","13900.68","","","","","","","","","","","","","Gross Charge Type: Main Acute Price List"
"STEM, FEMORAL STANDARD TAPERED12/14 SIZE 1","AnesChSup119264","CDM","278","RC","C1776","HCPCS","","","facility","both","","","","12319.48","12319.48","","","","","","","","","","","","","Gross Charge Type: Main Acute Price List"
"STEM, FEMORAL STANDARD TAPERED12/14 SIZE 1","CspuChSup119264","CDM","278","RC","C1776","HCPCS","","","facility","both","","","","12319.48","12319.48","","","","","","","","","","","","","Gross Charge Type: Main Acute Price List"
"STEM, FEMORAL STANDARD TAPERED12/14 SIZE 1","OperChSup119264","CDM","278","RC","C1776","HCPCS","","","facility","both","","","","12319.48","12319.48","","","","","","","","","","","","","Gross Charge Type: Main Acute Price List"
"STEM, FEMORAL TRI-LOCK BPS STD OFFSET SZ4","CcthChSup41784","CDM","278","RC","","","","","facility","both","","","","12.12","12.12","","","","","","","","","","","","","Gross Charge Type: Main Acute Price List"
"STEM, GMK REVISION EXTENSION FLUTED 13X105MM CEMENTLESS","AngiChSup117585","CDM","278","RC","C1776","HCPCS","","","facility","both","","","","13760.86","13760.86","","","","","","","","","","","","","Gross Charge Type: Main Acute Price List"
"STEM, HIP 132 DEGREE ANGLE CEMENTLESS SZ 4","CspuChSup115313","CDM","278","RC","C1776","HCPCS","","","facility","both","","","","8165.7","8165.7","","","","","","","","","","","","","Gross Charge Type: Main Acute Price List"
"STEM, HIP FEMORAL MODULAR REMEDY MED","ScanWmSup106480","CDM","278","RC","C1776","HCPCS","","","facility","both","","","","14783.38","14783.38","","","","","","","","","","","","","Gross Charge Type: Main Acute Price List"
"STEM, HIP FEMORAL MODULAR SMALL","AngiWmSup107021","CDM","278","RC","C1776","HCPCS","","","facility","both","","","","14783.38","14783.38","","","","","","","","","","","","","Gross Charge Type: Main Acute Price List"
"STEM, HIP FEMORAL MODULAR SMALL","GyscChSup107021","CDM","278","RC","C1776","HCPCS","","","facility","both","","","","14783.38","14783.38","","","","","","","","","","","","","Gross Charge Type: Main Acute Price List"
"STEM, HIP HIGH OFFSET SZ 7 41MM 109MM","AnesWmSup115374","CDM","278","RC","C1776","HCPCS","","","facility","both","","","","1061.54","1061.54","","","","","","","","","","","","","Gross Charge Type: Main Acute Price List"
"STEM, HIP HIGH OFFSET SZ 7 41MM 109MM","OperChSup115374","CDM","278","RC","C1776","HCPCS","","","facility","both","","","","1061.54","1061.54","","","","","","","","","","","","","Gross Charge Type: Main Acute Price List"
"STEM, HIP MODULAR RESTORATION 115MMX12MM","PacuWmSup116184","CDM","278","RC","C1776","HCPCS","","","facility","both","","","","16550.04","16550.04","","","","","","","","","","","","","Gross Charge Type: Main Acute Price List"
"STEM, HIP MODULAR RESTORATION 115MMX13MM","ScanChSup116185","CDM","278","RC","C1776","HCPCS","","","facility","both","","","","17600.97","17600.97","","","","","","","","","","","","","Gross Charge Type: Main Acute Price List"
"STEM, HIP MODULAR RESTORATION 115MMX17MM","AngiWmSup116186","CDM","278","RC","C1776","HCPCS","","","facility","both","","","","17600.97","17600.97","","","","","","","","","","","","","Gross Charge Type: Main Acute Price List"
"STEM, HIP MODULAR RESTORATION 115MMX23MM","ScpuChSup116189","CDM","278","RC","C1776","HCPCS","","","facility","both","","","","16550.04","16550.04","","","","","","","","","","","","","Gross Charge Type: Main Acute Price List"
"STEM, HIP NECK ANDGLE CEMENTLESS SZ 1","GastChSup115312","CDM","278","RC","C1776","HCPCS","","","facility","both","","","","8165.7","8165.7","","","","","","","","","","","","","Gross Charge Type: Main Acute Price List"
"STEM, HIP NECK ANDGLE CEMENTLESS SZ 1","GyscChSup115312","CDM","278","RC","C1776","HCPCS","","","facility","both","","","","8165.7","8165.7","","","","","","","","","","","","","Gross Charge Type: Main Acute Price List"
"STEM, HIP NECK ANGLE CEMENTLESS SZ 5","AnesChSup113396","CDM","278","RC","C1776","HCPCS","","","facility","both","","","","9239.61","9239.61","","","","","","","","","","","","","Gross Charge Type: Main Acute Price List"
"STEM, HIP NECK ANGLE CEMENTLESS SZ 5","AnesWmSup113396","CDM","278","RC","C1776","HCPCS","","","facility","both","","","","9239.61","9239.61","","","","","","","","","","","","","Gross Charge Type: Main Acute Price List"
"STEM, HIP NECK ANGLE CEMENTLESS SZ 5","AngiWmSup113396","CDM","278","RC","C1776","HCPCS","","","facility","both","","","","9239.61","9239.61","","","","","","","","","","","","","Gross Charge Type: Main Acute Price List"
"STEM, HIP NECK ANGLE CEMENTLESS SZ 5","PacuWmSup113396","CDM","278","RC","C1776","HCPCS","","","facility","both","","","","9239.61","9239.61","","","","","","","","","","","","","Gross Charge Type: Main Acute Price List"
"STEM, HIP PROSTALAC 240MM SZ 3 LEFT BOWED","EplbChSup115684","CDM","278","RC","C1776","HCPCS","","","facility","both","","","","15692.39","15692.39","","","","","","","","","","","","","Gross Charge Type: Main Acute Price List"
"STEM, HIP PROSTALAC 240MM SZ 3 LEFT BOWED","GyscChSup115684","CDM","278","RC","C1776","HCPCS","","","facility","both","","","","15692.39","15692.39","","","","","","","","","","","","","Gross Charge Type: Main Acute Price List"
"STEM, HUMERAL APEX UNIVERS REVERS SZ 10","ScanChSup109879","CDM","278","RC","C1776","HCPCS","","","facility","both","","","","11426.31","11426.31","","","","","","","","","","","","","Gross Charge Type: Main Acute Price List"
"STEM, HUMERAL APEX UNIVERS REVERS SZ 11","ScorChSup110605","CDM","278","RC","C1776","HCPCS","","","facility","both","","","","11426.31","11426.31","","","","","","","","","","","","","Gross Charge Type: Main Acute Price List"
"STEM, HUMERAL INTERCALARY MRS 50X75MM","OperChSup107003","CDM","278","RC","C1776","HCPCS","","","facility","both","","","","19102.2","19102.2","","","","","","","","","","","","","Gross Charge Type: Main Acute Price List"
"STEM, HUMERAL STANDARD 14X130MM","OperChSup58780","CDM","278","RC","C1776","HCPCS","","","facility","both","","","","13368.79","13368.79","","","","","","","","","","","","","Gross Charge Type: Main Acute Price List"
"STEM, HUMERAL SYSTEM SHORT PLUS SZ 3","GastWmSup113879","CDM","278","RC","C1776","HCPCS","","","facility","both","","","","20993.59","20993.59","","","","","","","","","","","","","Gross Charge Type: Main Acute Price List"
"STEM, HUMERAL SYSTEM SHORT STD SZ 3","AnesChSup113281","CDM","278","RC","C1776","HCPCS","","","facility","both","","","","25642.99","25642.99","","","","","","","","","","","","","Gross Charge Type: Main Acute Price List"
"STEM, HUMERAL UNIVERS APEX 10MM","Wilm3166421","CDM","278","RC","C1776","HCPCS","","","facility","both","","","","18109.63","18109.63","","","","","","","","","","","","","Gross Charge Type: Main Acute Price List"
"STEM, HUMERAL UNIVERS APEX 12MM","ScorChSup66423","CDM","278","RC","C1776","HCPCS","","","facility","both","","","","17028.33","17028.33","","","","","","","","","","","","","Gross Charge Type: Main Acute Price List"
"STEM, HUMERAL UNIVERS APEX 14MM","PacuWmSup66425","CDM","278","RC","C1776","HCPCS","","","facility","both","","","","18109.63","18109.63","","","","","","","","","","","","","Gross Charge Type: Main Acute Price List"
"STEM, HUMERAL UNIVERS APEX 8MM","ScpuWmSup66419","CDM","278","RC","C1776","HCPCS","","","facility","both","","","","18109.63","18109.63","","","","","","","","","","","","","Gross Charge Type: Main Acute Price List"
"STEM, HUMERAL UNIVERS II 6MM","ScorChSup55609","CDM","278","RC","","","","","facility","both","","","","17028.33","17028.33","","","","","","","","","","","","","Gross Charge Type: Main Acute Price List"
"STEM, HUMERAL UNIVERS II 6MM","ScorWmSup55609","CDM","278","RC","","","","","facility","both","","","","17028.33","17028.33","","","","","","","","","","","","","Gross Charge Type: Main Acute Price List"
"STEM, HUMERAL UNIVERS II 7MM","ScanWmSup65075","CDM","278","RC","C1776","HCPCS","","","facility","both","","","","17028.33","17028.33","","","","","","","","","","","","","Gross Charge Type: Main Acute Price List"
"STEM, HUMERAL UNIVERS REVERS SIZE 15","OperWmSup10195315","CDM","278","RC","C1776","HCPCS","","","facility","both","","","","10833.2","10833.2","","","","","","","","","","","","","Gross Charge Type: Main Acute Price List"
"STEM, HUMERAL UNIVERS REVERS SIZE 7","PacuWmSup75103","CDM","278","RC","C1776","HCPCS","","","facility","both","","","","11426.31","11426.31","","","","","","","","","","","","","Gross Charge Type: Main Acute Price List"
"STEM, HUMERAL UNIVERS REVERS SIZE 7","ScpuWmSup75103","CDM","278","RC","C1776","HCPCS","","","facility","both","","","","11426.31","11426.31","","","","","","","","","","","","","Gross Charge Type: Main Acute Price List"
"STEM, HUMERAL UNIVERS REVERS SIZE 8","CLDRChSup73392","CDM","278","RC","C1776","HCPCS","","","facility","both","","","","11426.31","11426.31","","","","","","","","","","","","","Gross Charge Type: Main Acute Price List"
"STEM, HUMERAL UNIVERS REVERS SZ 12","ScorChSup109878","CDM","278","RC","C1776","HCPCS","","","facility","both","","","","11426.31","11426.31","","","","","","","","","","","","","Gross Charge Type: Main Acute Price List"
"STEM, INBONE TIBIAL BASE SZ 16MM R&L","PacuWmSup117956","CDM","278","RC","C1776","HCPCS","","","facility","both","","","","4884.67","4884.67","","","","","","","","","","","","","Gross Charge Type: Main Acute Price List"
"STEM, INBONE TIBIAL MID SZ 16MM","ScorWmSup118564","CDM","278","RC","C1776","HCPCS","","","facility","both","","","","4786.11","4786.11","","","","","","","","","","","","","Gross Charge Type: Main Acute Price List"
"STEM, INBONE TIBIAL TOP SZ 12MM","CspuChSup118565","CDM","278","RC","C1776","HCPCS","","","facility","both","","","","4216.54","4216.54","","","","","","","","","","","","","Gross Charge Type: Main Acute Price List"
"STEM, INBONE TIBIAL TOP-SZ 14MM R&L","ScpuWmSup117954","CDM","278","RC","C1776","HCPCS","","","facility","both","","","","4484.29","4484.29","","","","","","","","","","","","","Gross Charge Type: Main Acute Price List"
"STEM, LEGION CEMENTED STRAIGHT STERILE 12MM X160MM","PacuWmSup119402","CDM","278","RC","C1776","HCPCS","","","facility","both","","","","7822.87","7822.87","","","","","","","","","","","","","Gross Charge Type: Main Acute Price List"
"STEM, MODULAR ARCOS DISTAL REVISION 16X190MM","AnesChSup116406","CDM","278","RC","C1776","HCPCS","","","facility","both","","","","14013.41","14013.41","","","","","","","","","","","","","Gross Charge Type: Main Acute Price List"
"STEM, MODULAR ARCOS DISTAL REVISION 16X190MM","PacuChSup116406","CDM","278","RC","C1776","HCPCS","","","facility","both","","","","14013.41","14013.41","","","","","","","","","","","","","Gross Charge Type: Main Acute Price List"
"STEM, MODULAR W/SCREW SRS 8X150MM","OperChSup106335","CDM","278","RC","C1776","HCPCS","","","facility","both","","","","27902.69","27902.69","","","","","","","","","","","","","Gross Charge Type: Main Acute Price List"
"STEM, MRS STRAIGHT CEMENTED 10X102MM","ScpuWmSup76406","CDM","278","RC","C1776","HCPCS","","","facility","both","","","","19310.8","19310.8","","","","","","","","","","","","","Gross Charge Type: Main Acute Price List"
"STEM, MRS STRAIGHT CEMENTED 13MMX127MM","ScanWmSup67693","CDM","278","RC","C1776","HCPCS","","","facility","both","","","","21666.58","21666.58","","","","","","","","","","","","","Gross Charge Type: Main Acute Price List"
"STEM, MRS STRAIGHT CEMENTED 13MMX127MM","ScpuWmSup67693","CDM","278","RC","C1776","HCPCS","","","facility","both","","","","21666.58","21666.58","","","","","","","","","","","","","Gross Charge Type: Main Acute Price List"
"STEM, MRS STRAIGHT CEMENTED 13X127MM","AngiWmSup110345","CDM","278","RC","C1776","HCPCS","","","facility","both","","","","28122.35","28122.35","","","","","","","","","","","","","Gross Charge Type: Main Acute Price List"
"STEM, MRS STRAIGHT CEMENTED 13X127MM","ScorWmSup110345","CDM","278","RC","C1776","HCPCS","","","facility","both","","","","28122.35","28122.35","","","","","","","","","","","","","Gross Charge Type: Main Acute Price List"
"STEM, MRS STRAIGHT CEMENTED 15MMX127MM","CspuChSup79482","CDM","278","RC","C1776","HCPCS","","","facility","both","","","","21666.58","21666.58","","","","","","","","","","","","","Gross Charge Type: Main Acute Price List"
"STEM, NECK ANGLE CEMENTLESS SZ 6 EXT 132","EplbChSup113977","CDM","278","RC","C1776","HCPCS","","","facility","both","","","","8165.7","8165.7","","","","","","","","","","","","","Gross Charge Type: Main Acute Price List"
"STEM, NECK ANGLE CEMENTLESS SZ 7 EXT 132","AnesChSup114152","CDM","278","RC","C1776","HCPCS","","","facility","both","","","","8687.93","8687.93","","","","","","","","","","","","","Gross Charge Type: Main Acute Price List"
"STEM, OMNIFIT CEMENTED LONG LEFT SZ 5 25MM 300MM","ScanChSup114758","CDM","278","RC","C1776","HCPCS","","","facility","both","","","","24089.68","24089.68","","","","","","","","","","","","","Gross Charge Type: Main Acute Price List"
"STEM, OVATION TRIBUTE EXT SIZE 10 -COMPT","AngiChSup111383","CDM","278","RC","C1776","HCPCS","","","facility","both","","","","8687.93","8687.93","","","","","","","","","","","","","Gross Charge Type: Main Acute Price List"
"STEM, OVATION TRIBUTE EXT SIZE 4 -COMPT","AngiWmSup111377","CDM","278","RC","C1776","HCPCS","","","facility","both","","","","8687.93","8687.93","","","","","","","","","","","","","Gross Charge Type: Main Acute Price List"
"STEM, OVATION TRIBUTE EXT SIZE 4 -COMPT","GastChSup111377","CDM","278","RC","C1776","HCPCS","","","facility","both","","","","8687.93","8687.93","","","","","","","","","","","","","Gross Charge Type: Main Acute Price List"
"STEM, OVATION TRIBUTE EXT SIZE 5 -COMPT","CspuChSup111378","CDM","278","RC","C1776","HCPCS","","","facility","both","","","","8687.93","8687.93","","","","","","","","","","","","","Gross Charge Type: Main Acute Price List"
"STEM, OVATION TRIBUTE EXT SIZE 5 -COMPT","PacuChSup111378","CDM","278","RC","C1776","HCPCS","","","facility","both","","","","8687.93","8687.93","","","","","","","","","","","","","Gross Charge Type: Main Acute Price List"
"STEM, OVATION TRIBUTE EXT SIZE 5 -COMPT","ScanWmSup111378","CDM","278","RC","C1776","HCPCS","","","facility","both","","","","8687.93","8687.93","","","","","","","","","","","","","Gross Charge Type: Main Acute Price List"
"STEM, OVATION TRIBUTE EXT SIZE 5 -COMPT","ScpuWmSup111378","CDM","278","RC","C1776","HCPCS","","","facility","both","","","","8687.93","8687.93","","","","","","","","","","","","","Gross Charge Type: Main Acute Price List"
"STEM, OVATION TRIBUTE EXT SIZE 7 -COMPT","GastChSup111380","CDM","278","RC","C1776","HCPCS","","","facility","both","","","","8687.93","8687.93","","","","","","","","","","","","","Gross Charge Type: Main Acute Price List"
"STEM, OVATION TRIBUTE EXT SIZE 9 -COMPT","PacuChSup111382","CDM","278","RC","C1776","HCPCS","","","facility","both","","","","9239.61","9239.61","","","","","","","","","","","","","Gross Charge Type: Main Acute Price List"
"STEM, OVATION TRIBUTE EXT SIZE 9.5 -COMPT","EplbChSup111386","CDM","278","RC","C1776","HCPCS","","","facility","both","","","","8687.93","8687.93","","","","","","","","","","","","","Gross Charge Type: Main Acute Price List"
"STEM, OVATION TRIBUTE EXT SIZE 9.5 -COMPT","OperWmSup111386","CDM","278","RC","C1776","HCPCS","","","facility","both","","","","8687.93","8687.93","","","","","","","","","","","","","Gross Charge Type: Main Acute Price List"
"STEM, OVATION TRIBUTE STD SIZE 6 -COMPT","ScorChSup111364","CDM","278","RC","C1776","HCPCS","","","facility","both","","","","8687.93","8687.93","","","","","","","","","","","","","Gross Charge Type: Main Acute Price List"
"STEM, OVATION TRIBUTE STD SIZE 7 -COMPT","ScpuWmSup111365","CDM","278","RC","C1776","HCPCS","","","facility","both","","","","9239.61","9239.61","","","","","","","","","","","","","Gross Charge Type: Main Acute Price List"
"STEM, OVATION TRIBUTE STD SIZE 9 -COMPT","EplbChSup111367","CDM","278","RC","C1776","HCPCS","","","facility","both","","","","9239.61","9239.61","","","","","","","","","","","","","Gross Charge Type: Main Acute Price List"
"STEM, OVATION TRIBUTE STD SIZE 9.5 -COMPT","GastChSup111371","CDM","278","RC","C1776","HCPCS","","","facility","both","","","","8687.93","8687.93","","","","","","","","","","","","","Gross Charge Type: Main Acute Price List"
"STEM, OVATION TRIBUTE STD SIZE 9.5 -COMPT","OperChSup111371","CDM","278","RC","C1776","HCPCS","","","facility","both","","","","8687.93","8687.93","","","","","","","","","","","","","Gross Charge Type: Main Acute Price List"
"STEM, PERSONA EXTENSION SPLINED 15MM 135MM 3MM OFFSET","OPERCLSUP117758","CDM","278","RC","C1776","HCPCS","","","facility","both","","","","10249.81","10249.81","","","","","","","","","","","","","Gross Charge Type: Main Acute Price List"
"STEM, PERSONA REVISION EXTENSION STRAIGHT 11MM 135MM LENGTH","OperWmSup119027","CDM","278","RC","C1776","HCPCS","","","facility","both","","","","10249.81","10249.81","","","","","","","","","","","","","Gross Charge Type: Main Acute Price List"
"STEM, PERSONA REVISON 6MM OFFSET 16MM DIAMETER","OperChSup117108","CDM","278","RC","C1776","HCPCS","","","facility","both","","","","10249.81","10249.81","","","","","","","","","","","","","Gross Charge Type: Main Acute Price List"
"STEM, PERSONA REVISON 6MM OFFSET 16MM DIAMETER","ScpuChSup117108","CDM","278","RC","C1776","HCPCS","","","facility","both","","","","10249.81","10249.81","","","","","","","","","","","","","Gross Charge Type: Main Acute Price List"
"STEM, PTC DISTAL AEQUALIS FLEX REVIVE 9X90MM","ScanChSup79616","CDM","278","RC","C1776","HCPCS","","","facility","both","","","","21435.89","21435.89","","","","","","","","","","","","","Gross Charge Type: Main Acute Price List"
"STEM, RADIAL PACKAGED 9MM X -2MM","OperWmSup10196458","CDM","278","RC","C1776","HCPCS","","","facility","both","","","","13192.56","13192.56","","","","","","","","","","","","","Gross Charge Type: Main Acute Price List"
"STEM, REDAPT FEMORAL STANDARD OFFSET 300MM SZ 18","OperChSup119252","CDM","278","RC","C1776","HCPCS","","","facility","both","","","","30118.14","30118.14","","","","","","","","","","","","","Gross Charge Type: Main Acute Price List"
"STEM, REDAPT FEMORAL STANDARD OFFSET 300MM SZ 18","ScpuChSup119252","CDM","278","RC","C1776","HCPCS","","","facility","both","","","","30118.14","30118.14","","","","","","","","","","","","","Gross Charge Type: Main Acute Price List"
"STEM, REMEDY COMPONENT EXTENSION SZ 175","AngiWmSup113222","CDM","278","RC","C1776","HCPCS","","","facility","both","","","","4633.56","4633.56","","","","","","","","","","","","","Gross Charge Type: Main Acute Price List"
"STEM, REUNION RFX HUMERAL FRACTURE 11X123MM","GastChSup73426","CDM","278","RC","C1776","HCPCS","","","facility","both","","","","14783.38","14783.38","","","","","","","","","","","","","Gross Charge Type: Main Acute Price List"
"STEM, REUNION RFX HUMERAL FRACTURE 14X133MM","PacuWmSup77450","CDM","278","RC","C1776","HCPCS","","","facility","both","","","","13900.68","13900.68","","","","","","","","","","","","","Gross Charge Type: Main Acute Price List"
"STEM, REUNION RFX HUMERAL FRACTURE 14X133MM","ScanChSup77450","CDM","278","RC","C1776","HCPCS","","","facility","both","","","","13900.68","13900.68","","","","","","","","","","","","","Gross Charge Type: Main Acute Price List"
"STEM, SHOULDER PRIMARY MINI 12MM","ScpuChSup44958","CDM","278","RC","","","","","facility","both","","","","15091.36","15091.36","","","","","","","","","","","","","Gross Charge Type: Main Acute Price List"
"STEM, SHOULDER PRIMARY MINI 6MM","GyscChSup44950","CDM","278","RC","","","","","facility","both","","","","15091.36","15091.36","","","","","","","","","","","","","Gross Charge Type: Main Acute Price List"
"STEM, SHOULDER PRIMARY MINI 7MM","GastWmSup44951","CDM","278","RC","","","","","facility","both","","","","14190.28","14190.28","","","","","","","","","","","","","Gross Charge Type: Main Acute Price List"
"STEM, SHOULDER PRIMARY MINI 9MM","ScpuWmSup44953","CDM","278","RC","","","","","facility","both","","","","15091.36","15091.36","","","","","","","","","","","","","Gross Charge Type: Main Acute Price List"
"STEM, SHOULDER PRIMARY STD LENGTH 10X22MM","PacuChSup58021","CDM","278","RC","","","","","facility","both","","","","14190.28","14190.28","","","","","","","","","","","","","Gross Charge Type: Main Acute Price List"
"STEM, SMOOTH STRAIGHT IM WITH SCREW OSS 13X150MM","CspuChSup119006","CDM","278","RC","C1713","HCPCS","","","facility","both","","","","20819.92","20819.92","","","","","","","","","","","","","Gross Charge Type: Main Acute Price List"
"STEM, SMOOTH STRAIGHT IN MITH SCREW OSS 15X150MM","AngiChSup119678","CDM","278","RC","C1713","HCPCS","","","facility","both","","","","8809.56","8809.56","","","","","","","","","","","","","Gross Charge Type: Main Acute Price List"
"STEM, SMOOTH STRAIGHT IN MITH SCREW OSS 15X150MM","ScanChSup119678","CDM","278","RC","C1713","HCPCS","","","facility","both","","","","8809.56","8809.56","","","","","","","","","","","","","Gross Charge Type: Main Acute Price List"
"STEM, STRAIGHT 10MMX120MM CEMENTED LEGION","PacuChSup120177","CDM","278","RC","C1776","HCPCS","","","facility","both","","","","7468.69","7468.69","","","","","","","","","","","","","Gross Charge Type: Main Acute Price List"
"STEM, STRAIGHT 16MMX120MM CEMENTED LEGION","ScorWmSup10190665","CDM","278","RC","C1776","HCPCS","","","facility","both","","","","7470.46","7470.46","","","","","","","","","","","","","Gross Charge Type: Main Acute Price List"
"STEM, STS DISTAL MODULAR HIP REVISION W/LOCKING SCREW 13X190MM","AnesChSup115764","CDM","278","RC","C1776","HCPCS","","","facility","both","","","","14013.41","14013.41","","","","","","","","","","","","","Gross Charge Type: Main Acute Price List"
"STEM, STS DISTAL MODULAR HIP REVISION W/LOCKING SCREW 13X190MM","DelrChSup115764","CDM","278","RC","C1776","HCPCS","","","facility","both","","","","14013.41","14013.41","","","","","","","","","","","","","Gross Charge Type: Main Acute Price List"
"STEM, STS DISTAL MODULAR HIP REVISION W/LOCKING SCREW 13X190MM","ScanChSup115764","CDM","278","RC","C1776","HCPCS","","","facility","both","","","","14013.41","14013.41","","","","","","","","","","","","","Gross Charge Type: Main Acute Price List"
"STEM, STS DISTAL MODULAR HIP REVISION W/LOCKING SCREW 13X190MM","ScpuChSup115764","CDM","278","RC","C1776","HCPCS","","","facility","both","","","","14013.41","14013.41","","","","","","","","","","","","","Gross Charge Type: Main Acute Price List"
"STEM, TAPER 12/14 CEMENTLESS STD COLLAR SZ 11","ScanChSup119124","CDM","278","RC","C1776","HCPCS","","","facility","both","","","","14167.39","14167.39","","","","","","","","","","","","","Gross Charge Type: Main Acute Price List"
"STEM, TOTAL KNEE CEMENTED 9MM X 100MM","GastWmSup113484","CDM","278","RC","C1776","HCPCS","","","facility","both","","","","5312.43","5312.43","","","","","","","","","","","","","Gross Charge Type: Main Acute Price List"
"STEM, TRIATHLON FLUTED 16X 150MM","PacuChSup118453","CDM","278","RC","C1776","HCPCS","","","facility","both","","","","7274.59","7274.59","","","","","","","","","","","","","Gross Charge Type: Main Acute Price List"
"STEM, TRIATHLON FLUTED 21X150MM TS","AngiWmSup120139","CDM","278","RC","C1776","HCPCS","","","facility","both","","","","7274.59","7274.59","","","","","","","","","","","","","Gross Charge Type: Main Acute Price List"
"STEM, UNIVERSAL REVERS APEX SIZE 12","ScanWmSup110928","CDM","278","RC","C1776","HCPCS","","","facility","both","","","","11426.31","11426.31","","","","","","","","","","","","","Gross Charge Type: Main Acute Price List"
"STEM, UNIVERSAL REVERS APEX SZ 14","PacuChSup111130","CDM","278","RC","C1776","HCPCS","","","facility","both","","","","11426.31","11426.31","","","","","","","","","","","","","Gross Charge Type: Main Acute Price List"
"STEM, UNIVERSAL REVERS APEX SZ 14","PacuWmSup111130","CDM","278","RC","C1776","HCPCS","","","facility","both","","","","11426.31","11426.31","","","","","","","","","","","","","Gross Charge Type: Main Acute Price List"
"STEM,FEMORAL CEMENTED LONG BOWED 11X127","GastChSup75278","CDM","278","RC","C1776","HCPCS","","","facility","both","","","","21666.58","21666.58","","","","","","","","","","","","","Gross Charge Type: Main Acute Price List"
"STEM,REUNION RFX HUMERAL FRACTURE 13X128M","GastWmSup75015","CDM","278","RC","C1776","HCPCS","","","facility","both","","","","13900.68","13900.68","","","","","","","","","","","","","Gross Charge Type: Main Acute Price List"
"STEM,REUNION RFX HUMERAL FRACTURE 13X128M","PacuWmSup75015","CDM","278","RC","C1776","HCPCS","","","facility","both","","","","13900.68","13900.68","","","","","","","","","","","","","Gross Charge Type: Main Acute Price List"
"STEM,REUNION RFX HUMERAL FRACTURE 8X118","CspuChSup73445","CDM","278","RC","C1776","HCPCS","","","facility","both","","","","14783.38","14783.38","","","","","","","","","","","","","Gross Charge Type: Main Acute Price List"
"STEMLESS, SHOULDER SYSTEM SZ-M 36MM","GyscChSup119258","CDM","278","RC","C1776","HCPCS","","","facility","both","","","","24731.63","24731.63","","","","","","","","","","","","","Gross Charge Type: Main Acute Price List"
"STENT EXPEL NEPH FLEXITHANE 10FR 26CM","DelrChSup73026","CDM","272","RC","","","","","facility","both","","","","705.69","705.69","","","","","","","","","","","","","Gross Charge Type: Main Acute Price List"
"STENT EXPEL NEPH FLEXITHANE 10FR 28CM","AngiChSup73027","CDM","272","RC","","","","","facility","both","","","","700.83","700.83","","","","","","","","","","","","","Gross Charge Type: Main Acute Price List"
"STENT EXPEL NEPH FLEXITHANE 10FR 28CM","CcthChSup73027","CDM","272","RC","","","","","facility","both","","","","700.83","700.83","","","","","","","","","","","","","Gross Charge Type: Main Acute Price List"
"STENT FLUENCY 80CM 8X60MM","AngiWmSup73954","CDM","278","RC","C1874","HCPCS","","","facility","both","","","","15638.27","15638.27","","","","","","","","","","","","","Gross Charge Type: Main Acute Price List"
"STENT FLUENCY 80CM 8X60MM","ScpuChSup73954","CDM","278","RC","C1874","HCPCS","","","facility","both","","","","15638.27","15638.27","","","","","","","","","","","","","Gross Charge Type: Main Acute Price List"
"STENT NEPHROURETERAL 10 X 22","OperWmSup117291","CDM","278","RC","C2617","HCPCS","","","facility","both","","","","598.02","598.02","","","","","","","","","","","","","Gross Charge Type: Main Acute Price List"
"STENT VIABAHN VBX BALLOON EXP ENDOPROTHESIS 7MM X 19XX 6FR 80CM","AngiChSup10191735","CDM","278","RC","C1874","HCPCS","","","facility","both","","","","15984.08","15984.08","","","","","","","","","","","","","Gross Charge Type: Main Acute Price List"
"STENT WRAPSODY ENDOPROSTHESIS 14 X 40","AngiWmSup10191737","CDM","278","RC","C1876","HCPCS","","","facility","both","","","","33872","33872","","","","","","","","","","","","","Gross Charge Type: Main Acute Price List"
"STENT, ABRE VENOUS 14X120","ScanChSup108359","CDM","278","RC","C1876","HCPCS","","","facility","both","","","","10440.75","10440.75","","","","","","","","","","","","","Gross Charge Type: Main Acute Price List"
"STENT, ABRE VENOUS 14X150","ScpuWmSup108374","CDM","278","RC","C1876","HCPCS","","","facility","both","","","","11857.49","11857.49","","","","","","","","","","","","","Gross Charge Type: Main Acute Price List"
"STENT, ABRE VENOUS 14X80","AngiWmSup108357","CDM","278","RC","C1876","HCPCS","","","facility","both","","","","10440.75","10440.75","","","","","","","","","","","","","Gross Charge Type: Main Acute Price List"
"STENT, ABRE VENOUS 18X100","CspuChSup108366","CDM","278","RC","C1876","HCPCS","","","facility","both","","","","9817.36","9817.36","","","","","","","","","","","","","Gross Charge Type: Main Acute Price List"
"STENT, ABRE VENOUS 18X100","ScanChSup108366","CDM","278","RC","C1876","HCPCS","","","facility","both","","","","9817.36","9817.36","","","","","","","","","","","","","Gross Charge Type: Main Acute Price List"
"STENT, ABRE VENOUS 18X120","GyscChSup108367","CDM","278","RC","C1876","HCPCS","","","facility","both","","","","9817.36","9817.36","","","","","","","","","","","","","Gross Charge Type: Main Acute Price List"
"STENT, ABRE VENOUS 18X80","GastChSup108365","CDM","278","RC","C1876","HCPCS","","","facility","both","","","","10440.75","10440.75","","","","","","","","","","","","","Gross Charge Type: Main Acute Price List"
"STENT, ABRE VENOUS 20X100","AnesChSup108370","CDM","278","RC","C1876","HCPCS","","","facility","both","","","","9817.36","9817.36","","","","","","","","","","","","","Gross Charge Type: Main Acute Price List"
"STENT, ABRE VENOUS 20X120","OperChSup108371","CDM","278","RC","C1876","HCPCS","","","facility","both","","","","9305.55","9305.55","","","","","","","","","","","","","Gross Charge Type: Main Acute Price List"
"STENT, ABRE VENOUS 20X150","AngiWmSup108377","CDM","278","RC","C1876","HCPCS","","","facility","both","","","","11149.5","11149.5","","","","","","","","","","","","","Gross Charge Type: Main Acute Price List"
"STENT, ABRE VENOUS 20X150","ScanWmSup108377","CDM","278","RC","C1876","HCPCS","","","facility","both","","","","11149.5","11149.5","","","","","","","","","","","","","Gross Charge Type: Main Acute Price List"
"STENT, ABRE VENOUS 20X60","ScanChSup108368","CDM","278","RC","C1876","HCPCS","","","facility","both","","","","9817.36","9817.36","","","","","","","","","","","","","Gross Charge Type: Main Acute Price List"
"STENT, ABRE VENOUS 20X60","ScanWmSup108368","CDM","278","RC","C1876","HCPCS","","","facility","both","","","","9817.36","9817.36","","","","","","","","","","","","","Gross Charge Type: Main Acute Price List"
"STENT, AMPLATZ URETERAL 8.5 X 24 DOUBLE J","ScpuChSup38995","CDM","278","RC","C2625","HCPCS","","","facility","both","","","","1007.06","1007.06","","","","","","","","","","","","","Gross Charge Type: Main Acute Price List"
"STENT, ASSURANT COLBALT 9X60X80CM","CspuChSup51394","CDM","278","RC","C1876","HCPCS","","","facility","both","","","","8658.97","8658.97","","","","","","","","","","","","","Gross Charge Type: Main Acute Price List"
"STENT, AXIOS 15X10 WITH DELIVERY SYSTEM","AngiWmSup67793","CDM","278","RC","C1874","HCPCS","","","facility","both","","","","26178.89","26178.89","","","","","","","","","","","","","Gross Charge Type: Main Acute Price List"
"STENT, AXIOS 15X10 WITH DELIVERY SYSTEM","OperChSup67793","CDM","278","RC","C1874","HCPCS","","","facility","both","","","","26178.89","26178.89","","","","","","","","","","","","","Gross Charge Type: Main Acute Price List"
"STENT, BILIARY 18 FR HEYER SCH","ScpuChSup7238","CDM","278","RC","C1726","HCPCS","","","facility","both","","","","706.62","706.62","","","","","","","","","","","","","Gross Charge Type: Main Acute Price List"
"STENT, BILIARY 22 FR HEYER SCH","GastChSup7237","CDM","278","RC","C1726","HCPCS","","","facility","both","","","","788.44","788.44","","","","","","","","","","","","","Gross Charge Type: Main Acute Price List"
"STENT, BILIARY 24 FR HEYER SCH","ScpuWmSup25185","CDM","278","RC","C1726","HCPCS","","","facility","both","","","","723.77","723.77","","","","","","","","","","","","","Gross Charge Type: Main Acute Price List"
"STENT, BILIARY DOUBLE PIGTAIL 10X7","GyscChSup106823","CDM","278","RC","C2617","HCPCS","","","facility","both","","","","376.48","376.48","","","","","","","","","","","","","Gross Charge Type: Main Acute Price List"
"STENT, BILIARY DOUBLE PIGTAIL 10X7","ScorChSup106823","CDM","278","RC","C2617","HCPCS","","","facility","both","","","","376.48","376.48","","","","","","","","","","","","","Gross Charge Type: Main Acute Price List"
"STENT, BILIARY DOUBLE PIGTAIL ADVANIX  7FX7CM","GastChSup118578","CDM","278","RC","C2617","HCPCS","","","facility","both","","","","322.46","322.46","","","","","","","","","","","","","Gross Charge Type: Main Acute Price List"
"STENT, BILIARY DOUBLE PIGTAIL ADVANIX  7FX7CM","PacuWmSup118578","CDM","278","RC","C2617","HCPCS","","","facility","both","","","","322.46","322.46","","","","","","","","","","","","","Gross Charge Type: Main Acute Price List"
"STENT, BILIARY DOUBLE PIGTAIL ADVANIX  7FX7CM","ScorWmSup118578","CDM","278","RC","C2617","HCPCS","","","facility","both","","","","322.46","322.46","","","","","","","","","","","","","Gross Charge Type: Main Acute Price List"
"STENT, BILIARY DOUBLE PIGTAIL ADVANIX 10FR X 5CM","OperChSup26784","CDM","278","RC","C2625","HCPCS","","","facility","both","","","","322.46","322.46","","","","","","","","","","","","","Gross Charge Type: Main Acute Price List"
"STENT, BILIARY DOUBLE PIGTAIL ADVANIX 10FR X 5CM","ScpuChSup26784","CDM","278","RC","C2625","HCPCS","","","facility","both","","","","322.46","322.46","","","","","","","","","","","","","Gross Charge Type: Main Acute Price List"
"STENT, BILIARY DOUBLE PIGTAIL ADVANIX 7FR X 10CM","ScorWmSup27183","CDM","278","RC","C2625","HCPCS","","","facility","both","","","","322.46","322.46","","","","","","","","","","","","","Gross Charge Type: Main Acute Price List"
"STENT, BILIARY DUODENAL RX 7FR X 12CM","OperChSup61289","CDM","278","RC","C2625","HCPCS","","","facility","both","","","","613.82","613.82","","","","","","","","","","","","","Gross Charge Type: Main Acute Price List"
"STENT, BILIARY DUODENAL RX 7FR X 5CM","PacuChSup61286","CDM","278","RC","C2625","HCPCS","","","facility","both","","","","613.82","613.82","","","","","","","","","","","","","Gross Charge Type: Main Acute Price List"
"STENT, BILIARY DUODENAL RX 8.5FR X 12CM","DelrChSup80156","CDM","278","RC","C2625","HCPCS","","","facility","both","","","","577.17","577.17","","","","","","","","","","","","","Gross Charge Type: Main Acute Price List"
"STENT, BIOMIMICS 3D VASCULAR SYSTEM 5MM X 100MM","EplbChSup113380","CDM","278","RC","C1876","HCPCS","","","facility","both","","","","8315.65","8315.65","","","","","","","","","","","","","Gross Charge Type: Main Acute Price List"
"STENT, BIOMIMICS 3D VASCULAR SYSTEM 5MM X 150MM","ScpuWmSup113382","CDM","278","RC","C1876","HCPCS","","","facility","both","","","","8315.65","8315.65","","","","","","","","","","","","","Gross Charge Type: Main Acute Price List"
"STENT, BIOMIMICS 3D VASCULAR SYSTEM 5MM X 60MM","AnesWmSup113378","CDM","278","RC","C1876","HCPCS","","","facility","both","","","","6660.74","6660.74","","","","","","","","","","","","","Gross Charge Type: Main Acute Price List"
"STENT, BIOMIMICS 3D VASCULAR SYSTEM 6MM X 100MM","AnesWmSup113385","CDM","278","RC","C1876","HCPCS","","","facility","both","","","","8315.65","8315.65","","","","","","","","","","","","","Gross Charge Type: Main Acute Price List"
"STENT, BIOMIMICS 3D VASCULAR SYSTEM 7MM X 150MM","GastWmSup113392","CDM","278","RC","C1876","HCPCS","","","facility","both","","","","8315.65","8315.65","","","","","","","","","","","","","Gross Charge Type: Main Acute Price List"
"STENT, BIOMIMICS 3D VASCULAR SYSTEM 7MM X 80MM","AngiChSup113389","CDM","278","RC","C1876","HCPCS","","","facility","both","","","","7083.7","7083.7","","","","","","","","","","","","","Gross Charge Type: Main Acute Price List"
"STENT, BIOMIMICS 3D VASCULAR SYSTEM 7MM X 80MM","OperChSup113389","CDM","278","RC","C1876","HCPCS","","","facility","both","","","","7083.7","7083.7","","","","","","","","","","","","","Gross Charge Type: Main Acute Price List"
"STENT, BM COR INTEGRITY 2.25 X 14MM","Chrs5447835","CDM","278","RC","C1876","HCPCS","","","facility","both","","","","2316.78","2316.78","","","","","","","","","","","","","Gross Charge Type: Main Acute Price List"
"STENT, BM REBEL MR US 12 X 3.50","ScorChSup59449","CDM","278","RC","C1876","HCPCS","","","facility","both","","","","2461.58","2461.58","","","","","","","","","","","","","Gross Charge Type: Main Acute Price List"
"STENT, BM REBEL MR US 24 X 4.50","GastWmSup59472","CDM","278","RC","C1876","HCPCS","","","facility","both","","","","2461.58","2461.58","","","","","","","","","","","","","Gross Charge Type: Main Acute Price List"
"STENT, BRONCHIAL AERO FULLY COVERED 10X20","ScorWmSup36697","CDM","278","RC","C1874","HCPCS","","","facility","both","","","","16015.32","16015.32","","","","","","","","","","","","","Gross Charge Type: Main Acute Price List"
"STENT, BRONCHIAL AERO FULLY COVERED 10X40","AngiWmSup36699","CDM","278","RC","C1874","HCPCS","","","facility","both","","","","16015.32","16015.32","","","","","","","","","","","","","Gross Charge Type: Main Acute Price List"
"STENT, BRONCHIAL AERO FULLY COVERED 10X40","CcthChSup36699","CDM","278","RC","C1874","HCPCS","","","facility","both","","","","16015.32","16015.32","","","","","","","","","","","","","Gross Charge Type: Main Acute Price List"
"STENT, BRONCHIAL AERO FULLY COVERED 12X30","ScanChSup36701","CDM","278","RC","C1874","HCPCS","","","facility","both","","","","12157.91","12157.91","","","","","","","","","","","","","Gross Charge Type: Main Acute Price List"
"STENT, BRONCHIAL AERO FULLY COVERED 14X30","Chrs3136704","CDM","278","RC","C1874","HCPCS","","","facility","both","","","","15059.07","15059.07","","","","","","","","","","","","","Gross Charge Type: Main Acute Price List"
"STENT, BRONCHIAL AERO FULLY COVERED 14X30","GyscChSup36704","CDM","278","RC","C1874","HCPCS","","","facility","both","","","","15059.07","15059.07","","","","","","","","","","","","","Gross Charge Type: Main Acute Price List"
"STENT, CAROTID 6X8X30MM","OperChSup33329","CDM","278","RC","C1876","HCPCS","","","facility","both","","","","10779.55","10779.55","","","","","","","","","","","","","Gross Charge Type: Main Acute Price List"
"STENT, CAROTID 6X8X30MM","ScpuChSup33329","CDM","278","RC","C1876","HCPCS","","","facility","both","","","","10779.55","10779.55","","","","","","","","","","","","","Gross Charge Type: Main Acute Price List"
"STENT, CAROTID 7X9X30MM","ScanChSup33330","CDM","278","RC","C1876","HCPCS","","","facility","both","","","","10135.91","10135.91","","","","","","","","","","","","","Gross Charge Type: Main Acute Price List"
"STENT, CAROTID WALLSTENT 7 X 20 X 135","ScanWmSup112209","CDM","278","RC","C1874","HCPCS","","","facility","both","","","","12157.3","12157.3","","","","","","","","","","","","","Gross Charge Type: Main Acute Price List"
"STENT, CAROTID WALLSTENT 8 X 21 X 135","ScorChSup38484","CDM","278","RC","C1876","HCPCS","","","facility","both","","","","14777.22","14777.22","","","","","","","","","","","","","Gross Charge Type: Main Acute Price List"
"STENT, CAROTID WALLSTENT 8 X 29 X 135","ScpuChSup38485","CDM","278","RC","C1876","HCPCS","","","facility","both","","","","14777.22","14777.22","","","","","","","","","","","","","Gross Charge Type: Main Acute Price List"
"STENT, CAROTID WALLSTENT 8 X 36 X 135","ScpuWmSup57088","CDM","278","RC","C1876","HCPCS","","","facility","both","","","","14777.22","14777.22","","","","","","","","","","","","","Gross Charge Type: Main Acute Price List"
"STENT, CARTIOD WALLSTENT 6X22X135","AngiChSup52581","CDM","278","RC","C1876","HCPCS","","","facility","both","","","","14777.22","14777.22","","","","","","","","","","","","","Gross Charge Type: Main Acute Price List"
"STENT, COBRA NANOCOATED CORONARY 2.50x18","ScpuChSup73826","CDM","278","RC","C1874","HCPCS","","","facility","both","","","","5502.35","5502.35","","","","","","","","","","","","","Gross Charge Type: Main Acute Price List"
"STENT, COBRA NANOCOATED CORONARY 2.50x30","AngiChSup73828","CDM","278","RC","C1874","HCPCS","","","facility","both","","","","5502.35","5502.35","","","","","","","","","","","","","Gross Charge Type: Main Acute Price List"
"STENT, COBRA NANOCOATED CORONARY 2.75x12","PacuWmSup73830","CDM","278","RC","C1874","HCPCS","","","facility","both","","","","5502.35","5502.35","","","","","","","","","","","","","Gross Charge Type: Main Acute Price List"
"STENT, COBRA NANOCOATED CORONARY 2.75x18","EplbChSup73832","CDM","278","RC","C1874","HCPCS","","","facility","both","","","","5502.35","5502.35","","","","","","","","","","","","","Gross Charge Type: Main Acute Price List"
"STENT, COBRA NANOCOATED CORONARY 3.00x12","OperChSup73836","CDM","278","RC","C1874","HCPCS","","","facility","both","","","","5502.35","5502.35","","","","","","","","","","","","","Gross Charge Type: Main Acute Price List"
"STENT, COBRA NANOCOATED CORONARY 3.00x15","EplbChSup73837","CDM","278","RC","C1874","HCPCS","","","facility","both","","","","5502.35","5502.35","","","","","","","","","","","","","Gross Charge Type: Main Acute Price List"
"STENT, COBRA NANOCOATED CORONARY 3.00x15","GastChSup73837","CDM","278","RC","C1874","HCPCS","","","facility","both","","","","5502.35","5502.35","","","","","","","","","","","","","Gross Charge Type: Main Acute Price List"
"STENT, COBRA NANOCOATED CORONARY 3.00x24","DelrChSup73839","CDM","278","RC","C1874","HCPCS","","","facility","both","","","","5502.35","5502.35","","","","","","","","","","","","","Gross Charge Type: Main Acute Price List"
"STENT, COBRA NANOCOATED CORONARY 3.50x30","GastChSup73846","CDM","278","RC","C1874","HCPCS","","","facility","both","","","","5502.35","5502.35","","","","","","","","","","","","","Gross Charge Type: Main Acute Price List"
"STENT, COBRA NANOCOATED CORONARY 4.00x18","ScpuChSup73850","CDM","278","RC","C1874","HCPCS","","","facility","both","","","","5502.35","5502.35","","","","","","","","","","","","","Gross Charge Type: Main Acute Price List"
"STENT, COBRA NANOCOATED CORONARY 4.00x24","OperWmSup73851","CDM","278","RC","C1874","HCPCS","","","facility","both","","","","5502.35","5502.35","","","","","","","","","","","","","Gross Charge Type: Main Acute Price List"
"STENT, COBRA NANOCOATED CORONARY 4.00x8","ScanChSup73847","CDM","278","RC","C1874","HCPCS","","","facility","both","","","","5502.35","5502.35","","","","","","","","","","","","","Gross Charge Type: Main Acute Price List"
"STENT, COBRA NANOCOATED CORONARY 4.00x8","ScpuChSup73847","CDM","278","RC","C1874","HCPCS","","","facility","both","","","","5502.35","5502.35","","","","","","","","","","","","","Gross Charge Type: Main Acute Price List"
"STENT, COLONIC WALLFLEX","CcthChSup46053","CDM","278","RC","C1876","HCPCS","","","facility","both","","","","15714.66","15714.66","","","","","","","","","","","","","Gross Charge Type: Main Acute Price List"
"STENT, COLONIC WALLFLEX","ScpuChSup46053","CDM","278","RC","C1876","HCPCS","","","facility","both","","","","15714.66","15714.66","","","","","","","","","","","","","Gross Charge Type: Main Acute Price List"
"STENT, COVERA AV GRAFT 10MM X 40MM X 80MM","GastWmSup108623","CDM","278","RC","C1874","HCPCS","","","facility","both","","","","29535.95","29535.95","","","","","","","","","","","","","Gross Charge Type: Main Acute Price List"
"STENT, COVERA AV GRAFT 10MM X 60MM X 80MM","OperChSup108624","CDM","278","RC","C1874","HCPCS","","","facility","both","","","","29535.95","29535.95","","","","","","","","","","","","","Gross Charge Type: Main Acute Price List"
"STENT, COVERA AV GRAFT 10MM X 60MM X 80MM","ScpuChSup108624","CDM","278","RC","C1874","HCPCS","","","facility","both","","","","29535.95","29535.95","","","","","","","","","","","","","Gross Charge Type: Main Acute Price List"
"STENT, COVERA AV GRAFT 8MM X 40MM X 80MM","OperWmSup108618","CDM","278","RC","C1874","HCPCS","","","facility","both","","","","16631.29","16631.29","","","","","","","","","","","","","Gross Charge Type: Main Acute Price List"
"STENT, COVERA AV GRAFT 8MM X 80MM X 80MM","GyscChSup108620","CDM","278","RC","C1874","HCPCS","","","facility","both","","","","14823","14823","","","","","","","","","","","","","Gross Charge Type: Main Acute Price List"
"STENT, COVERA AV GRAFT 8MM X 80MM X 80MM","PacuChSup108620","CDM","278","RC","C1874","HCPCS","","","facility","both","","","","14823","14823","","","","","","","","","","","","","Gross Charge Type: Main Acute Price List"
"STENT, COVERED ICAST W/ DELIVERY SYS 8MM 38MM 120CM","AngiWmSup10190647","CDM","278","RC","C1874","HCPCS","","","facility","both","","","","15905.75","15905.75","","","","","","","","","","","","","Gross Charge Type: Main Acute Price List"
"STENT, DUMON NOVATECH 12X30","PacuChSup67646","CDM","278","RC","C1877","HCPCS","","","facility","both","","","","2577.42","2577.42","","","","","","","","","","","","","Gross Charge Type: Main Acute Price List"
"STENT, ELUVIA DE PERIPHERAL 7 MM x 120 MM x 130 CM","ScanChSup76306","CDM","278","RC","C1874","HCPCS","","","facility","both","","","","17832.44","17832.44","","","","","","","","","","","","","Gross Charge Type: Main Acute Price List"
"STENT, ELUVIA DE PERIPHERAL 7 MM x 80 MM x 130 CM","CcthChSup76304","CDM","278","RC","C1874","HCPCS","","","facility","both","","","","15984.53","15984.53","","","","","","","","","","","","","Gross Charge Type: Main Acute Price List"
"STENT, ENROUTE TRANSCAROTID 10X40MM","OperWmSup69087","CDM","278","RC","C1876","HCPCS","","","facility","both","","","","16323.31","16323.31","","","","","","","","","","","","","Gross Charge Type: Main Acute Price List"
"STENT, ENROUTE TRANSCAROTID 10X40MM","PacuWmSup69087","CDM","278","RC","C1876","HCPCS","","","facility","both","","","","16323.31","16323.31","","","","","","","","","","","","","Gross Charge Type: Main Acute Price List"
"STENT, ENROUTE TRANSCAROTID 10X40MM","ScanWmSup69087","CDM","278","RC","C1876","HCPCS","","","facility","both","","","","16323.31","16323.31","","","","","","","","","","","","","Gross Charge Type: Main Acute Price List"
"STENT, ENROUTE TRANSCAROTID 10X40MM","ScpuWmSup69087","CDM","278","RC","C1876","HCPCS","","","facility","both","","","","16323.31","16323.31","","","","","","","","","","","","","Gross Charge Type: Main Acute Price List"
"STENT, ENROUTE TRANSCAROTID 7X40MM","Chrs5469083","CDM","278","RC","C1876","HCPCS","","","facility","both","","","","15348.67","15348.67","","","","","","","","","","","","","Gross Charge Type: Main Acute Price List"
"STENT, ENROUTE TRANSCAROTID 9X30MM","DelrChSup70894","CDM","278","RC","C1874","HCPCS","","","facility","both","","","","16323.31","16323.31","","","","","","","","","","","","","Gross Charge Type: Main Acute Price List"
"STENT, ENROUTE TRANSCAROTID 9X30MM","Wilm5470894","CDM","278","RC","C1874","HCPCS","","","facility","both","","","","16323.31","16323.31","","","","","","","","","","","","","Gross Charge Type: Main Acute Price List"
"STENT, ENROUTE TRANSCAROTID 9X40MM","CspuChSup69086","CDM","278","RC","C1876","HCPCS","","","facility","both","","","","16323.31","16323.31","","","","","","","","","","","","","Gross Charge Type: Main Acute Price List"
"STENT, ENTERPRISE 2 4MM X 39MM NO TIP","Chrs5465705","CDM","278","RC","","","","","facility","both","","","","39356.3","39356.3","","","","","","","","","","","","","Gross Charge Type: Main Acute Price List"
"STENT, ESOPHAGEAL AGILE FULLY COVERED 23/28MM 12CM OTW","ScorChSup120745","CDM","278","RC","C1874","HCPCS","","","facility","both","","","","17863.24","17863.24","","","","","","","","","","","","","Gross Charge Type: Main Acute Price List"
"STENT, ESOPHAGEAL AGILE PARTIALLY COVER 18/23MM 10CM LENGTH TTS","OperChSup120747","CDM","278","RC","C1874","HCPCS","","","facility","both","","","","16796.66","16796.66","","","","","","","","","","","","","Gross Charge Type: Main Acute Price List"
"STENT, ESOPHAGEAL AGILE PARTIALLY COVER 18/23MM 15CM LENGTH TTS","GastWmSup120749","CDM","278","RC","C1874","HCPCS","","","facility","both","","","","17863.24","17863.24","","","","","","","","","","","","","Gross Charge Type: Main Acute Price List"
"STENT, ESOPHAGEAL ENDOMAXX 19X24X150MM","ScorChSup52054","CDM","278","RC","C1874","HCPCS","","","facility","both","","","","12935.45","12935.45","","","","","","","","","","","","","Gross Charge Type: Main Acute Price List"
"STENT, ESOPHAGEAL ENDOMAXX 23X28X100MM","CcthChSup52056","CDM","278","RC","C1874","HCPCS","","","facility","both","","","","12935.45","12935.45","","","","","","","","","","","","","Gross Charge Type: Main Acute Price List"
"STENT, ESOPHAGEAL ENDOMAXX 23X28X100MM","OperChSup52056","CDM","278","RC","C1874","HCPCS","","","facility","both","","","","12935.45","12935.45","","","","","","","","","","","","","Gross Charge Type: Main Acute Price List"
"STENT, ESPRIT BTK EVEROLIMUS ELUTING SYSTEM 3.50MM X 38MM","AngiWmSup10191122","CDM","278","RC","C1874","HCPCS","","","facility","both","","","","15403","15403","","","","","","","","","","","","","Gross Charge Type: Main Acute Price List"
"STENT, ESPRIT BTK EVEROLIMUS ELUTING SYSTEM 3.50MM X 38MM","OperChSup10191122","CDM","278","RC","C1874","HCPCS","","","facility","both","","","","15403","15403","","","","","","","","","","","","","Gross Charge Type: Main Acute Price List"
"STENT, ESPRIT BTK EVEROLIMUS ELUTING SYSTEM 3.75MM X 28MM","CcthChSup10191121","CDM","278","RC","C1874","HCPCS","","","facility","both","","","","15403","15403","","","","","","","","","","","","","Gross Charge Type: Main Acute Price List"
"STENT, EVERFLEX 6FR 6X120X120","GastWmSup29016","CDM","278","RC","C1876","HCPCS","","","facility","both","","","","2693.26","2693.26","","","","","","","","","","","","","Gross Charge Type: Main Acute Price List"
"STENT, EVERFLEX 6FR 7X120X120","GastChSup29017","CDM","278","RC","C1876","HCPCS","","","facility","both","","","","2864.28","2864.28","","","","","","","","","","","","","Gross Charge Type: Main Acute Price List"
"STENT, EVERFLEX 6X40","ScanWmSup19472","CDM","278","RC","C1876","HCPCS","","","facility","both","","","","2864.28","2864.28","","","","","","","","","","","","","Gross Charge Type: Main Acute Price List"
"STENT, EVERFLEX 7X80","GyscChSup23487","CDM","278","RC","C1876","HCPCS","","","facility","both","","","","3110.67","3110.67","","","","","","","","","","","","","Gross Charge Type: Main Acute Price List"
"STENT, EVERFLEX 8X40X120","ScpuWmSup32714","CDM","278","RC","C1876","HCPCS","","","facility","both","","","","2693.26","2693.26","","","","","","","","","","","","","Gross Charge Type: Main Acute Price List"
"STENT, EVERFLEX 8X60X120","GastChSup32715","CDM","278","RC","C1876","HCPCS","","","facility","both","","","","2864.28","2864.28","","","","","","","","","","","","","Gross Charge Type: Main Acute Price List"
"STENT, EVERFLEX 8X60X120","ScanWmSup32715","CDM","278","RC","C1876","HCPCS","","","facility","both","","","","2864.28","2864.28","","","","","","","","","","","","","Gross Charge Type: Main Acute Price List"
"STENT, EXPEL NEPH FLEXITHANE 10FR 22CM","PacuWmSup64557","CDM","278","RC","C2617","HCPCS","","","facility","both","","","","700.83","700.83","","","","","","","","","","","","","Gross Charge Type: Main Acute Price List"
"STENT, EXPEL NEPH FLEXITHANE 10FR 22CM","ScanWmSup64557","CDM","278","RC","C2617","HCPCS","","","facility","both","","","","700.83","700.83","","","","","","","","","","","","","Gross Charge Type: Main Acute Price List"
"STENT, EXPRESS 10.0/25 - 20709","AngiWmSup20709","CDM","278","RC","C1876","HCPCS","","","facility","both","","","","3738.96","3738.96","","","","","","","","","","","","","Gross Charge Type: Main Acute Price List"
"STENT, EXPRESS 2 7/27/135","CspuChSup21781","CDM","278","RC","C1876","HCPCS","","","facility","both","","","","3757.45","3757.45","","","","","","","","","","","","","Gross Charge Type: Main Acute Price List"
"STENT, EXPRESS 2 7/27/135","PacuWmSup21781","CDM","278","RC","C1876","HCPCS","","","facility","both","","","","3757.45","3757.45","","","","","","","","","","","","","Gross Charge Type: Main Acute Price List"
"STENT, EXPRESS 2 7/27/135","Wilm5421781","CDM","278","RC","C1876","HCPCS","","","facility","both","","","","3757.45","3757.45","","","","","","","","","","","","","Gross Charge Type: Main Acute Price List"
"STENT, EXPRESS 2 7/27/75","Wilm5421778","CDM","278","RC","C1876","HCPCS","","","facility","both","","","","3757.45","3757.45","","","","","","","","","","","","","Gross Charge Type: Main Acute Price List"
"STENT, EXPRESS 2 8/27/135","Chrs5421782","CDM","278","RC","C1876","HCPCS","","","facility","both","","","","3757.45","3757.45","","","","","","","","","","","","","Gross Charge Type: Main Acute Price List"
"STENT, EXPRESS 6.0/17 - 20719","ScorWmSup20719","CDM","278","RC","C1876","HCPCS","","","facility","both","","","","3515.71","3515.71","","","","","","","","","","","","","Gross Charge Type: Main Acute Price List"
"STENT, EXPRESS 7.0/37 - 20712","GastWmSup20712","CDM","278","RC","C1876","HCPCS","","","facility","both","","","","3757.45","3757.45","","","","","","","","","","","","","Gross Charge Type: Main Acute Price List"
"STENT, EXPRESS 7.0/37 - 20720","CspuChSup20720","CDM","278","RC","C1876","HCPCS","","","facility","both","","","","3533.09","3533.09","","","","","","","","","","","","","Gross Charge Type: Main Acute Price List"
"STENT, EXPRESS 8.0/17 - 20721","GyscChSup20721","CDM","278","RC","C1876","HCPCS","","","facility","both","","","","3738.96","3738.96","","","","","","","","","","","","","Gross Charge Type: Main Acute Price List"
"STENT, EXPRESS 8.0/37 - 20722","Chrs5420722","CDM","278","RC","C1876","HCPCS","","","facility","both","","","","3533.09","3533.09","","","","","","","","","","","","","Gross Charge Type: Main Acute Price List"
"STENT, EXPRESS 8.0/37 - 20722","ScpuWmSup20722","CDM","278","RC","C1876","HCPCS","","","facility","both","","","","3533.09","3533.09","","","","","","","","","","","","","Gross Charge Type: Main Acute Price List"
"STENT, EXPRESS 9.0/37 - 20708","EplbChSup20708","CDM","278","RC","C1876","HCPCS","","","facility","both","","","","3738.96","3738.96","","","","","","","","","","","","","Gross Charge Type: Main Acute Price List"
"STENT, EXPRESS BILIARY SD 5.0X15X150","GyscChSup25171","CDM","278","RC","C1876","HCPCS","","","facility","both","","","","3764.77","3764.77","","","","","","","","","","","","","Gross Charge Type: Main Acute Price List"
"STENT, EXPRESS BILIARY SD 5.0X15X150","ScorChSup25171","CDM","278","RC","C1876","HCPCS","","","facility","both","","","","3764.77","3764.77","","","","","","","","","","","","","Gross Charge Type: Main Acute Price List"
"STENT, EXPRESS BILIARY SD 5.0X15X90","AngiChSup25163","CDM","278","RC","C1876","HCPCS","","","facility","both","","","","4003.83","4003.83","","","","","","","","","","","","","Gross Charge Type: Main Acute Price List"
"STENT, EXPRESS BILIARY SD 5.0X19X90","OperChSup25164","CDM","278","RC","C1876","HCPCS","","","facility","both","","","","3764.77","3764.77","","","","","","","","","","","","","Gross Charge Type: Main Acute Price List"
"STENT, EXPRESS BILIARY SD 6.0X14X150","AngiWmSup25173","CDM","278","RC","C1876","HCPCS","","","facility","both","","","","3764.77","3764.77","","","","","","","","","","","","","Gross Charge Type: Main Acute Price List"
"STENT, EXPRESS BILIARY SD 6.0X14X90","PacuChSup25165","CDM","278","RC","C1876","HCPCS","","","facility","both","","","","3764.77","3764.77","","","","","","","","","","","","","Gross Charge Type: Main Acute Price List"
"STENT, EXPRESS BILIARY SD 7.0X15X150","ScorWmSup25175","CDM","278","RC","C1876","HCPCS","","","facility","both","","","","4003.83","4003.83","","","","","","","","","","","","","Gross Charge Type: Main Acute Price List"
"STENT, EXPRESS BILIARY SD 7.0X19X90","AngiChSup25168","CDM","278","RC","C1876","HCPCS","","","facility","both","","","","4003.83","4003.83","","","","","","","","","","","","","Gross Charge Type: Main Acute Price List"
"STENT, EXPRESS BILIARY SD 7.0X19X90","Wilm5425168","CDM","278","RC","C1876","HCPCS","","","facility","both","","","","4003.83","4003.83","","","","","","","","","","","","","Gross Charge Type: Main Acute Price List"
"STENT, EXPRESS LD 7X17X75","AngiChSup35566","CDM","278","RC","C1876","HCPCS","","","facility","both","","","","3769.76","3769.76","","","","","","","","","","","","","Gross Charge Type: Main Acute Price List"
"STENT, EXPRESS LD LLIAC 6MM X 37MM X 75CM","GastWmSup47939","CDM","278","RC","C1876","HCPCS","","","facility","both","","","","3757.45","3757.45","","","","","","","","","","","","","Gross Charge Type: Main Acute Price List"
"STENT, EXPRESS LD LLIAC 7MM X 57MM X 75CM","OperWmSup47940","CDM","278","RC","C1876","HCPCS","","","facility","both","","","","3515.71","3515.71","","","","","","","","","","","","","Gross Charge Type: Main Acute Price List"
"STENT, EXPRESS LD LLIAC 8MM X 57MM X 75CM","Wilm5447941","CDM","278","RC","C1876","HCPCS","","","facility","both","","","","3738.96","3738.96","","","","","","","","","","","","","Gross Charge Type: Main Acute Price List"
"STENT, EXPRESS LD LLIAC 9MM X 57MM X 75CM","OperChSup47942","CDM","278","RC","C1876","HCPCS","","","facility","both","","","","3738.96","3738.96","","","","","","","","","","","","","Gross Charge Type: Main Acute Price List"
"STENT, FLUENCY 117CM 7 X 60","ScorWmSup26854","CDM","278","RC","C1875","HCPCS","","","facility","both","","","","15638.27","15638.27","","","","","","","","","","","","","Gross Charge Type: Main Acute Price List"
"STENT, FLUENCY 80CM 10 X 60","PacuWmSup26863","CDM","278","RC","C1875","HCPCS","","","facility","both","","","","15638.27","15638.27","","","","","","","","","","","","","Gross Charge Type: Main Acute Price List"
"STENT, FLUENCY 80CM 10 X 60","ScpuChSup26863","CDM","278","RC","C1875","HCPCS","","","facility","both","","","","15638.27","15638.27","","","","","","","","","","","","","Gross Charge Type: Main Acute Price List"
"STENT, FLUENCY 80CM 8 X 80","ScorWmSup61867","CDM","278","RC","C1875","HCPCS","","","facility","both","","","","15638.27","15638.27","","","","","","","","","","","","","Gross Charge Type: Main Acute Price List"
"STENT, GRAFT ENDOVAS THORAFLEX HYBRID PLEXUS 30MM 40MM 100MM","AngiChSup10190811","CDM","278","RC","C1768","HCPCS","","","facility","both","","","","215642","215642","","","","","","","","","","","","","Gross Charge Type: Main Acute Price List"
"STENT, GRAFT ZENITH ALPHA THORACIC PROX TAPERED COMP 32MMX28MMX178MM","AngiChSup10194915","CDM","278","RC","C1874","HCPCS","","","facility","both","","","","114613.62","114613.62","","","","","","","","","","","","","Gross Charge Type: Main Acute Price List"
"STENT, GRAFT ZENITH ALPHA THORACIC PROXIMAL 36X113MM","AngiChSup10194340","CDM","278","RC","C1874","HCPCS","","","facility","both","","","","111275.36","111275.36","","","","","","","","","","","","","Gross Charge Type: Main Acute Price List"
"STENT, HERCULINK ELITE 6.0 X 18 X 135CM","ScpuChSup48331","CDM","278","RC","C1876","HCPCS","","","facility","both","","","","4311.82","4311.82","","","","","","","","","","","","","Gross Charge Type: Main Acute Price List"
"STENT, HERCULINK ELITE 7.0 X 18 X 135CM","EplbChSup48335","CDM","278","RC","C1876","HCPCS","","","facility","both","","","","4527.41","4527.41","","","","","","","","","","","","","Gross Charge Type: Main Acute Price List"
"STENT, INNOVA 5MM X 120MM X 130CM","CcthChSup66668","CDM","278","RC","C1876","HCPCS","","","facility","both","","","","5235.78","5235.78","","","","","","","","","","","","","Gross Charge Type: Main Acute Price List"
"STENT, INNOVA 5MM X 150MM X 130CM","EplbChSup66669","CDM","278","RC","C1876","HCPCS","","","facility","both","","","","6128.94","6128.94","","","","","","","","","","","","","Gross Charge Type: Main Acute Price List"
"STENT, INNOVA 5MM X 150MM X 130CM","ScpuWmSup66669","CDM","278","RC","C1876","HCPCS","","","facility","both","","","","6128.94","6128.94","","","","","","","","","","","","","Gross Charge Type: Main Acute Price List"
"STENT, INNOVA 6MM X 150MM X 130CM","Wilm3166671","CDM","278","RC","C1876","HCPCS","","","facility","both","","","","5762.99","5762.99","","","","","","","","","","","","","Gross Charge Type: Main Acute Price List"
"STENT, INNOVA 6MM x 100MM x 130CM","Chrs5466099","CDM","278","RC","C1876","HCPCS","","","facility","both","","","","4923.16","4923.16","","","","","","","","","","","","","Gross Charge Type: Main Acute Price List"
"STENT, INNOVA 6MM x 120MM x 130CM","ScanChSup66100","CDM","278","RC","C1876","HCPCS","","","facility","both","","","","5235.78","5235.78","","","","","","","","","","","","","Gross Charge Type: Main Acute Price List"
"STENT, INNOVA 7MM X 150MM X 130CM","AngiWmSup66673","CDM","278","RC","C1876","HCPCS","","","facility","both","","","","6128.94","6128.94","","","","","","","","","","","","","Gross Charge Type: Main Acute Price List"
"STENT, INNOVA 7MM X 150MM X 130CM","OperWmSup66673","CDM","278","RC","C1876","HCPCS","","","facility","both","","","","6128.94","6128.94","","","","","","","","","","","","","Gross Charge Type: Main Acute Price List"
"STENT, INNOVA 7MM x 120MM x 130CM","OperWmSup66106","CDM","278","RC","C1876","HCPCS","","","facility","both","","","","5235.78","5235.78","","","","","","","","","","","","","Gross Charge Type: Main Acute Price List"
"STENT, INNOVA 7MM x 60MM x 75CM","PacuChSup66092","CDM","278","RC","C1876","HCPCS","","","facility","both","","","","4923.16","4923.16","","","","","","","","","","","","","Gross Charge Type: Main Acute Price List"
"STENT, INNOVA 7MM x 80MM x 130CM","ScpuChSup66104","CDM","278","RC","C1876","HCPCS","","","facility","both","","","","5235.78","5235.78","","","","","","","","","","","","","Gross Charge Type: Main Acute Price List"
"STENT, INNOVA 8MM x 60MM x 130CM","GyscChSup66108","CDM","278","RC","C1876","HCPCS","","","facility","both","","","","5235.78","5235.78","","","","","","","","","","","","","Gross Charge Type: Main Acute Price List"
"STENT, INNOVA 8MM x 60MM x 130CM","ScpuChSup66108","CDM","278","RC","C1876","HCPCS","","","facility","both","","","","5235.78","5235.78","","","","","","","","","","","","","Gross Charge Type: Main Acute Price List"
"STENT, LVIS INTRALUMINAL ASSIST 5.5 X 34","GastWmSup68765","CDM","278","RC","C1876","HCPCS","","","facility","both","","","","36518.24","36518.24","","","","","","","","","","","","","Gross Charge Type: Main Acute Price List"
"STENT, MINI VISION 2.5 X 15","PacuWmSup33166","CDM","278","RC","C1876","HCPCS","","","facility","both","","","","2027.18","2027.18","","","","","","","","","","","","","Gross Charge Type: Main Acute Price List"
"STENT, NEPHROURETERAL,8FR 26CM - 203419","CcthChSup203419","CDM","278","RC","C2617","HCPCS","","","facility","both","","","","578.39","578.39","","","","","","","","","","","","","Gross Charge Type: Main Acute Price List"
"STENT, NEUROFORM ATLAS 3 X 15","DelrChSup73644","CDM","272","RC","","","","","facility","both","","","","55193.73","55193.73","","","","","","","","","","","","","Gross Charge Type: Main Acute Price List"
"STENT, NEUROFORM ATLAS 3 X 21","CLDRChSup73645","CDM","272","RC","","","","","facility","both","","","","55193.73","55193.73","","","","","","","","","","","","","Gross Charge Type: Main Acute Price List"
"STENT, NEUROFORM ATLAS 4.5 X 21","ScorWmSup73649","CDM","272","RC","","","","","facility","both","","","","55193.73","55193.73","","","","","","","","","","","","","Gross Charge Type: Main Acute Price List"
"STENT, NEUROFORM ATLAS 4.5 X 30","AngiWmSup73650","CDM","272","RC","","","","","facility","both","","","","55193.73","55193.73","","","","","","","","","","","","","Gross Charge Type: Main Acute Price List"
"STENT, NEUROFORM EZ 4 X 20","CcthChSup110008","CDM","272","RC","C1876","HCPCS","","","facility","both","","","","49968.1","49968.1","","","","","","","","","","","","","Gross Charge Type: Main Acute Price List"
"STENT, NEUROFORM EZ 4 X 20","ScanChSup110008","CDM","272","RC","C1876","HCPCS","","","facility","both","","","","49968.1","49968.1","","","","","","","","","","","","","Gross Charge Type: Main Acute Price List"
"STENT, NIR ELITE 4.0/9","OperWmSup8521","CDM","272","RC","C1874","HCPCS","","","facility","both","","","","7453.28","7453.28","","","","","","","","","","","","","Gross Charge Type: Main Acute Price List"
"STENT, NIR ELITE 4.0/9","ScanWmSup8521","CDM","272","RC","C1874","HCPCS","","","facility","both","","","","7453.28","7453.28","","","","","","","","","","","","","Gross Charge Type: Main Acute Price List"
"STENT, OMNILINK ELITE EXPAND BALLOON OTW 10MM X 19MM X 135CM","CcthChSup10191938","CDM","278","RC","C1876","HCPCS","","","facility","both","","","","4508.48","4508.48","","","","","","","","","","","","","Gross Charge Type: Main Acute Price List"
"STENT, OMNILINK ELITE EXPANDABLE BALLOON 7MM X 39MM X 75CM","GastWmSup54802","CDM","278","RC","C1876","HCPCS","","","facility","both","","","","4527.41","4527.41","","","","","","","","","","","","","Gross Charge Type: Main Acute Price List"
"STENT, OMNILINK ELITE EXPANDABLE BALLOON 8MM X 29MM X 75CM","GastWmSup54807","CDM","278","RC","C1876","HCPCS","","","facility","both","","","","4527.41","4527.41","","","","","","","","","","","","","Gross Charge Type: Main Acute Price List"
"STENT, OMNILINK ELITE EXPANDABLE BALLOON 8MM X 59MM X 75CM","AngiChSup54810","CDM","278","RC","C1876","HCPCS","","","facility","both","","","","4527.41","4527.41","","","","","","","","","","","","","Gross Charge Type: Main Acute Price List"
"STENT, OMNILINK ELITE EXPANDABLE BALLOON 8MM X 59MM X 75CM","CcthChSup54810","CDM","278","RC","C1876","HCPCS","","","facility","both","","","","4527.41","4527.41","","","","","","","","","","","","","Gross Charge Type: Main Acute Price List"
"STENT, OMNILINK ELITE EXPANDABLE BALLOON 8MM X 59MM X 75CM","ScanWmSup54810","CDM","278","RC","C1876","HCPCS","","","facility","both","","","","4527.41","4527.41","","","","","","","","","","","","","Gross Charge Type: Main Acute Price List"
"STENT, ONYX FRONTIER RX CORONARY 2.00 X 12MM","ScpuChSup115549","CDM","278","RC","C1874","HCPCS","","","facility","both","","","","4921.06","4921.06","","","","","","","","","","","","","Gross Charge Type: Main Acute Price List"
"STENT, ONYX FRONTIER RX CORONARY 2.00 X 15MM","AngiWmSup115550","CDM","278","RC","C1874","HCPCS","","","facility","both","","","","4921.06","4921.06","","","","","","","","","","","","","Gross Charge Type: Main Acute Price List"
"STENT, ONYX FRONTIER RX CORONARY 2.00 X 15MM","GastWmSup115550","CDM","278","RC","C1874","HCPCS","","","facility","both","","","","4921.06","4921.06","","","","","","","","","","","","","Gross Charge Type: Main Acute Price List"
"STENT, ONYX FRONTIER RX CORONARY 2.00 X 15MM","GyscChSup115550","CDM","278","RC","C1874","HCPCS","","","facility","both","","","","4921.06","4921.06","","","","","","","","","","","","","Gross Charge Type: Main Acute Price List"
"STENT, ONYX FRONTIER RX CORONARY 2.00 X 18MM","ScorChSup115551","CDM","278","RC","C1874","HCPCS","","","facility","both","","","","4921.06","4921.06","","","","","","","","","","","","","Gross Charge Type: Main Acute Price List"
"STENT, ONYX FRONTIER RX CORONARY 2.00 X 26MM","ScpuChSup115553","CDM","278","RC","C1874","HCPCS","","","facility","both","","","","4921.06","4921.06","","","","","","","","","","","","","Gross Charge Type: Main Acute Price List"
"STENT, ONYX FRONTIER RX CORONARY 2.25 X 12MM","EplbChSup115556","CDM","278","RC","C1874","HCPCS","","","facility","both","","","","4921.06","4921.06","","","","","","","","","","","","","Gross Charge Type: Main Acute Price List"
"STENT, ONYX FRONTIER RX CORONARY 2.25 X 18MM","ScpuWmSup115558","CDM","278","RC","C1874","HCPCS","","","facility","both","","","","4921.06","4921.06","","","","","","","","","","","","","Gross Charge Type: Main Acute Price List"
"STENT, ONYX FRONTIER RX CORONARY 2.25 X 22MM","PacuChSup115559","CDM","278","RC","C1874","HCPCS","","","facility","both","","","","4921.06","4921.06","","","","","","","","","","","","","Gross Charge Type: Main Acute Price List"
"STENT, ONYX FRONTIER RX CORONARY 2.25 X 22MM","ScanWmSup115559","CDM","278","RC","C1874","HCPCS","","","facility","both","","","","4921.06","4921.06","","","","","","","","","","","","","Gross Charge Type: Main Acute Price List"
"STENT, ONYX FRONTIER RX CORONARY 2.25 X 26MM","GastWmSup115560","CDM","278","RC","C1874","HCPCS","","","facility","both","","","","4921.06","4921.06","","","","","","","","","","","","","Gross Charge Type: Main Acute Price List"
"STENT, ONYX FRONTIER RX CORONARY 2.25 X 26MM","ScorWmSup115560","CDM","278","RC","C1874","HCPCS","","","facility","both","","","","4921.06","4921.06","","","","","","","","","","","","","Gross Charge Type: Main Acute Price List"
"STENT, ONYX FRONTIER RX CORONARY 2.25 X 30MM","GyscChSup115561","CDM","278","RC","C1874","HCPCS","","","facility","both","","","","4921.06","4921.06","","","","","","","","","","","","","Gross Charge Type: Main Acute Price List"
"STENT, ONYX FRONTIER RX CORONARY 2.25 X 38MM","AnesWmSup115563","CDM","278","RC","C1874","HCPCS","","","facility","both","","","","4627.23","4627.23","","","","","","","","","","","","","Gross Charge Type: Main Acute Price List"
"STENT, ONYX FRONTIER RX CORONARY 2.50 X 08MM","CcthChSup115564","CDM","278","RC","C1874","HCPCS","","","facility","both","","","","4921.06","4921.06","","","","","","","","","","","","","Gross Charge Type: Main Acute Price List"
"STENT, ONYX FRONTIER RX CORONARY 2.50 X 08MM","EplbChSup115564","CDM","278","RC","C1874","HCPCS","","","facility","both","","","","4921.06","4921.06","","","","","","","","","","","","","Gross Charge Type: Main Acute Price List"
"STENT, ONYX FRONTIER RX CORONARY 2.50 X 08MM","ScpuChSup115564","CDM","278","RC","C1874","HCPCS","","","facility","both","","","","4921.06","4921.06","","","","","","","","","","","","","Gross Charge Type: Main Acute Price List"
"STENT, ONYX FRONTIER RX CORONARY 2.50 X 15MM","CcthChSup115566","CDM","278","RC","C1874","HCPCS","","","facility","both","","","","4921.06","4921.06","","","","","","","","","","","","","Gross Charge Type: Main Acute Price List"
"STENT, ONYX FRONTIER RX CORONARY 2.50 X 18MM","AnesWmSup115567","CDM","278","RC","C1874","HCPCS","","","facility","both","","","","4921.06","4921.06","","","","","","","","","","","","","Gross Charge Type: Main Acute Price List"
"STENT, ONYX FRONTIER RX CORONARY 2.50 X 22MM","GyscChSup115568","CDM","278","RC","C1874","HCPCS","","","facility","both","","","","4921.06","4921.06","","","","","","","","","","","","","Gross Charge Type: Main Acute Price List"
"STENT, ONYX FRONTIER RX CORONARY 2.50 X 26MM","PacuWmSup115569","CDM","278","RC","C1874","HCPCS","","","facility","both","","","","4921.06","4921.06","","","","","","","","","","","","","Gross Charge Type: Main Acute Price List"
"STENT, ONYX FRONTIER RX CORONARY 2.50 X 34MM","GyscChSup115571","CDM","278","RC","C1874","HCPCS","","","facility","both","","","","4921.06","4921.06","","","","","","","","","","","","","Gross Charge Type: Main Acute Price List"
"STENT, ONYX FRONTIER RX CORONARY 2.50 X 38MM","EplbChSup115572","CDM","278","RC","C1874","HCPCS","","","facility","both","","","","4921.06","4921.06","","","","","","","","","","","","","Gross Charge Type: Main Acute Price List"
"STENT, ONYX FRONTIER RX CORONARY 2.50 X 38MM","ScorChSup115572","CDM","278","RC","C1874","HCPCS","","","facility","both","","","","4921.06","4921.06","","","","","","","","","","","","","Gross Charge Type: Main Acute Price List"
"STENT, ONYX FRONTIER RX CORONARY 2.75 X 08MM","AnesWmSup115573","CDM","278","RC","C1874","HCPCS","","","facility","both","","","","4921.06","4921.06","","","","","","","","","","","","","Gross Charge Type: Main Acute Price List"
"STENT, ONYX FRONTIER RX CORONARY 2.75 X 12MM","CspuChSup115574","CDM","278","RC","C1874","HCPCS","","","facility","both","","","","4921.06","4921.06","","","","","","","","","","","","","Gross Charge Type: Main Acute Price List"
"STENT, ONYX FRONTIER RX CORONARY 2.75 X 15MM","ScanWmSup115575","CDM","278","RC","C1874","HCPCS","","","facility","both","","","","4921.06","4921.06","","","","","","","","","","","","","Gross Charge Type: Main Acute Price List"
"STENT, ONYX FRONTIER RX CORONARY 2.75 X 18MM","CspuChSup115576","CDM","278","RC","C1874","HCPCS","","","facility","both","","","","4921.06","4921.06","","","","","","","","","","","","","Gross Charge Type: Main Acute Price List"
"STENT, ONYX FRONTIER RX CORONARY 2.75 X 18MM","DelrChSup115576","CDM","278","RC","C1874","HCPCS","","","facility","both","","","","4921.06","4921.06","","","","","","","","","","","","","Gross Charge Type: Main Acute Price List"
"STENT, ONYX FRONTIER RX CORONARY 2.75 X 22MM","ScorWmSup115577","CDM","278","RC","C1874","HCPCS","","","facility","both","","","","4921.06","4921.06","","","","","","","","","","","","","Gross Charge Type: Main Acute Price List"
"STENT, ONYX FRONTIER RX CORONARY 2.75 X 26MM","OperWmSup115578","CDM","278","RC","C1874","HCPCS","","","facility","both","","","","4921.06","4921.06","","","","","","","","","","","","","Gross Charge Type: Main Acute Price List"
"STENT, ONYX FRONTIER RX CORONARY 2.75 X 26MM","ScorChSup115578","CDM","278","RC","C1874","HCPCS","","","facility","both","","","","4921.06","4921.06","","","","","","","","","","","","","Gross Charge Type: Main Acute Price List"
"STENT, ONYX FRONTIER RX CORONARY 2.75 X 30MM","AngiChSup115579","CDM","278","RC","C1874","HCPCS","","","facility","both","","","","4921.06","4921.06","","","","","","","","","","","","","Gross Charge Type: Main Acute Price List"
"STENT, ONYX FRONTIER RX CORONARY 2.75 X 38MM","AnesChSup115581","CDM","278","RC","C1874","HCPCS","","","facility","both","","","","4921.06","4921.06","","","","","","","","","","","","","Gross Charge Type: Main Acute Price List"
"STENT, ONYX FRONTIER RX CORONARY 2.75 X 38MM","ScorWmSup115581","CDM","278","RC","C1874","HCPCS","","","facility","both","","","","4921.06","4921.06","","","","","","","","","","","","","Gross Charge Type: Main Acute Price List"
"STENT, ONYX FRONTIER RX CORONARY 3.0 X 30MM","EplbChSup115588","CDM","278","RC","C1874","HCPCS","","","facility","both","","","","4921.06","4921.06","","","","","","","","","","","","","Gross Charge Type: Main Acute Price List"
"STENT, ONYX FRONTIER RX CORONARY 3.0 X 38MM","ScorChSup115590","CDM","278","RC","C1874","HCPCS","","","facility","both","","","","4921.06","4921.06","","","","","","","","","","","","","Gross Charge Type: Main Acute Price List"
"STENT, ONYX FRONTIER RX CORONARY 3.5 X 12MM","CspuChSup115592","CDM","278","RC","C1874","HCPCS","","","facility","both","","","","4921.06","4921.06","","","","","","","","","","","","","Gross Charge Type: Main Acute Price List"
"STENT, ONYX FRONTIER RX CORONARY 3.5 X 12MM","PacuWmSup115592","CDM","278","RC","C1874","HCPCS","","","facility","both","","","","4921.06","4921.06","","","","","","","","","","","","","Gross Charge Type: Main Acute Price List"
"STENT, ONYX FRONTIER RX CORONARY 3.5 X 18MM","PacuWmSup115594","CDM","278","RC","C1874","HCPCS","","","facility","both","","","","4921.06","4921.06","","","","","","","","","","","","","Gross Charge Type: Main Acute Price List"
"STENT, ONYX FRONTIER RX CORONARY 3.5 X 18MM","ScorWmSup115594","CDM","278","RC","C1874","HCPCS","","","facility","both","","","","4921.06","4921.06","","","","","","","","","","","","","Gross Charge Type: Main Acute Price List"
"STENT, ONYX FRONTIER RX CORONARY 3.5 X 22MM","CcthChSup115595","CDM","278","RC","C1874","HCPCS","","","facility","both","","","","4921.06","4921.06","","","","","","","","","","","","","Gross Charge Type: Main Acute Price List"
"STENT, ONYX FRONTIER RX CORONARY 3.5 X 26MM","GastWmSup115596","CDM","278","RC","C1874","HCPCS","","","facility","both","","","","4921.06","4921.06","","","","","","","","","","","","","Gross Charge Type: Main Acute Price List"
"STENT, ONYX FRONTIER RX CORONARY 3.5 X 34MM","ScpuWmSup115598","CDM","278","RC","C1874","HCPCS","","","facility","both","","","","4921.06","4921.06","","","","","","","","","","","","","Gross Charge Type: Main Acute Price List"
"STENT, ONYX FRONTIER RX CORONARY 3.5 X 38MM","AngiWmSup115599","CDM","278","RC","C1874","HCPCS","","","facility","both","","","","4921.06","4921.06","","","","","","","","","","","","","Gross Charge Type: Main Acute Price List"
"STENT, ONYX FRONTIER RX CORONARY 3.5 X 38MM","ScorChSup115599","CDM","278","RC","C1874","HCPCS","","","facility","both","","","","4921.06","4921.06","","","","","","","","","","","","","Gross Charge Type: Main Acute Price List"
"STENT, ONYX FRONTIER RX CORONARY 4.0 X 08MM","ScpuChSup115600","CDM","278","RC","C1874","HCPCS","","","facility","both","","","","4627.23","4627.23","","","","","","","","","","","","","Gross Charge Type: Main Acute Price List"
"STENT, ONYX FRONTIER RX CORONARY 4.0 X 15MM","OperWmSup115602","CDM","278","RC","C1874","HCPCS","","","facility","both","","","","4921.06","4921.06","","","","","","","","","","","","","Gross Charge Type: Main Acute Price List"
"STENT, ONYX FRONTIER RX CORONARY 4.0 X 15MM","ScorChSup115602","CDM","278","RC","C1874","HCPCS","","","facility","both","","","","4921.06","4921.06","","","","","","","","","","","","","Gross Charge Type: Main Acute Price List"
"STENT, ONYX FRONTIER RX CORONARY 4.0 X 18MM","GastWmSup115603","CDM","278","RC","C1874","HCPCS","","","facility","both","","","","4921.06","4921.06","","","","","","","","","","","","","Gross Charge Type: Main Acute Price List"
"STENT, ONYX FRONTIER RX CORONARY 4.0 X 22MM","AngiWmSup115604","CDM","278","RC","C1874","HCPCS","","","facility","both","","","","4627.23","4627.23","","","","","","","","","","","","","Gross Charge Type: Main Acute Price List"
"STENT, ONYX FRONTIER RX CORONARY 4.0 X 30MM","GastWmSup115606","CDM","278","RC","C1874","HCPCS","","","facility","both","","","","4921.06","4921.06","","","","","","","","","","","","","Gross Charge Type: Main Acute Price List"
"STENT, ONYX FRONTIER RX CORONARY 4.0 X 38MM","ScorWmSup115608","CDM","278","RC","C1874","HCPCS","","","facility","both","","","","4921.06","4921.06","","","","","","","","","","","","","Gross Charge Type: Main Acute Price List"
"STENT, ONYX FRONTIER RX CORONARY 4.5 X 18MM","ScorWmSup115611","CDM","278","RC","C1874","HCPCS","","","facility","both","","","","4627.23","4627.23","","","","","","","","","","","","","Gross Charge Type: Main Acute Price List"
"STENT, ONYX FRONTIER RX CORONARY 4.5 X 22MM","AngiChSup115612","CDM","278","RC","C1874","HCPCS","","","facility","both","","","","4627.23","4627.23","","","","","","","","","","","","","Gross Charge Type: Main Acute Price List"
"STENT, ONYX FRONTIER RX CORONARY 4.5 X 22MM","PacuWmSup115612","CDM","278","RC","C1874","HCPCS","","","facility","both","","","","4627.23","4627.23","","","","","","","","","","","","","Gross Charge Type: Main Acute Price List"
"STENT, ONYX FRONTIER RX CORONARY 4.5 X 26MM","AnesChSup115613","CDM","278","RC","C1874","HCPCS","","","facility","both","","","","4627.23","4627.23","","","","","","","","","","","","","Gross Charge Type: Main Acute Price List"
"STENT, ONYX FRONTIER RX CORONARY 4.5 X 26MM","ScorWmSup115613","CDM","278","RC","C1874","HCPCS","","","facility","both","","","","4627.23","4627.23","","","","","","","","","","","","","Gross Charge Type: Main Acute Price List"
"STENT, ONYX FRONTIER RX CORONARY 4.5 X 30MM","OperChSup115614","CDM","278","RC","C1874","HCPCS","","","facility","both","","","","4627.23","4627.23","","","","","","","","","","","","","Gross Charge Type: Main Acute Price List"
"STENT, ONYX FRONTIER RX CORONARY 4.5 X 30MM","OperWmSup115614","CDM","278","RC","C1874","HCPCS","","","facility","both","","","","4627.23","4627.23","","","","","","","","","","","","","Gross Charge Type: Main Acute Price List"
"STENT, ONYX FRONTIER RX CORONARY 5.0 X 12MM","GyscChSup115615","CDM","278","RC","C1874","HCPCS","","","facility","both","","","","4627.23","4627.23","","","","","","","","","","","","","Gross Charge Type: Main Acute Price List"
"STENT, ONYX FRONTIER RX CORONARY 5.0 X 12MM","PacuWmSup115615","CDM","278","RC","C1874","HCPCS","","","facility","both","","","","4627.23","4627.23","","","","","","","","","","","","","Gross Charge Type: Main Acute Price List"
"STENT, ONYX FRONTIER RX CORONARY 5.0 X 12MM","ScanChSup115615","CDM","278","RC","C1874","HCPCS","","","facility","both","","","","4627.23","4627.23","","","","","","","","","","","","","Gross Charge Type: Main Acute Price List"
"STENT, ONYX FRONTIER RX CORONARY 5.0 X 18MM","OperChSup115617","CDM","278","RC","C1874","HCPCS","","","facility","both","","","","4627.23","4627.23","","","","","","","","","","","","","Gross Charge Type: Main Acute Price List"
"STENT, ONYX FRONTIER RX CORONARY 5.0 X 26MM","AngiWmSup115619","CDM","278","RC","C1874","HCPCS","","","facility","both","","","","4627.23","4627.23","","","","","","","","","","","","","Gross Charge Type: Main Acute Price List"
"STENT, PANCREATIC PIGTAIL 4-2","CcthChSup42486","CDM","278","RC","C2617","HCPCS","","","facility","both","","","","400.38","400.38","","","","","","","","","","","","","Gross Charge Type: Main Acute Price List"
"STENT, PANCREATIC PIGTAIL 5-12","OperChSup72294","CDM","272","RC","C2617","HCPCS","","","facility","both","","","","338.24","338.24","","","","","","","","","","","","","Gross Charge Type: Main Acute Price List"
"STENT, PANCREATIC PIGTAIL 5-5","EplbChSup28493","CDM","278","RC","C1876","HCPCS","","","facility","both","","","","400.38","400.38","","","","","","","","","","","","","Gross Charge Type: Main Acute Price List"
"STENT, PANCREATIC PIGTAIL 5-5","GastChSup28493","CDM","278","RC","C1876","HCPCS","","","facility","both","","","","400.38","400.38","","","","","","","","","","","","","Gross Charge Type: Main Acute Price List"
"STENT, PANCREATIC PIGTAIL 5-7","PacuChSup46054","CDM","278","RC","C2617","HCPCS","","","facility","both","","","","400.38","400.38","","","","","","","","","","","","","Gross Charge Type: Main Acute Price List"
"STENT, PANCREATIC PIGTAIL 7-12","DelrChSup65740","CDM","278","RC","C2617","HCPCS","","","facility","both","","","","338.78","338.78","","","","","","","","","","","","","Gross Charge Type: Main Acute Price List"
"STENT, PANCREATIC PIGTAIL 7-3","ScorChSup28494","CDM","278","RC","C1876","HCPCS","","","facility","both","","","","400.38","400.38","","","","","","","","","","","","","Gross Charge Type: Main Acute Price List"
"STENT, PANCREATIC PIGTAIL 7-3","ScorWmSup28494","CDM","278","RC","C1876","HCPCS","","","facility","both","","","","400.38","400.38","","","","","","","","","","","","","Gross Charge Type: Main Acute Price List"
"STENT, PANCREATIC PIGTAIL 7-5","OperChSup28499","CDM","278","RC","C1876","HCPCS","","","facility","both","","","","400.38","400.38","","","","","","","","","","","","","Gross Charge Type: Main Acute Price List"
"STENT, PANCREATIC PIGTAIL 7-5","ScpuChSup28499","CDM","278","RC","C1876","HCPCS","","","facility","both","","","","400.38","400.38","","","","","","","","","","","","","Gross Charge Type: Main Acute Price List"
"STENT, PERCUFLEX 6FR X 24CM W/GUIDEWIRE","PacuWmSup93875","CDM","278","RC","C1877","HCPCS","","","facility","both","","","","736.39","736.39","","","","","","","","","","","","","Gross Charge Type: Main Acute Price List"
"STENT, PERCUFLEX PLUS 4.8FR X 22CM","ScorChSup94370","CDM","278","RC","C2617","HCPCS","","","facility","both","","","","663.59","663.59","","","","","","","","","","","","","Gross Charge Type: Main Acute Price List"
"STENT, PERCUFLEX PLUS 4.8FR X 28CM","ScpuChSup203658","CDM","278","RC","C2617","HCPCS","","","facility","both","","","","663.59","663.59","","","","","","","","","","","","","Gross Charge Type: Main Acute Price List"
"STENT, PERCUFLEX PLUS 6FR X 20CM","AngiWmSup105552","CDM","278","RC","C2617","HCPCS","","","facility","both","","","","663.59","663.59","","","","","","","","","","","","","Gross Charge Type: Main Acute Price List"
"STENT, PERCUFLEX PLUS 6FR X 20CM","Wilm54105552","CDM","278","RC","C2617","HCPCS","","","facility","both","","","","663.59","663.59","","","","","","","","","","","","","Gross Charge Type: Main Acute Price List"
"STENT, PERCUFLEX PLUS 6FR X 26CM","ScpuChSup93876","CDM","278","RC","C2617","HCPCS","","","facility","both","","","","663.59","663.59","","","","","","","","","","","","","Gross Charge Type: Main Acute Price List"
"STENT, PERCUFLEX PLUS 7FR X 20CM","ScpuWmSup101998","CDM","278","RC","C2617","HCPCS","","","facility","both","","","","663.59","663.59","","","","","","","","","","","","","Gross Charge Type: Main Acute Price List"
"STENT, PERCUFLEX PLUS 7FR X 22CM","CspuChSup96044","CDM","278","RC","C2617","HCPCS","","","facility","both","","","","663.59","663.59","","","","","","","","","","","","","Gross Charge Type: Main Acute Price List"
"STENT, PERCUFLEX PLUS 7FR X 24CM","PacuChSup94614","CDM","278","RC","C2617","HCPCS","","","facility","both","","","","663.59","663.59","","","","","","","","","","","","","Gross Charge Type: Main Acute Price List"
"STENT, PERCUFLEX PLUS 7FR X 24CM","ScanWmSup94614","CDM","278","RC","C2617","HCPCS","","","facility","both","","","","663.59","663.59","","","","","","","","","","","","","Gross Charge Type: Main Acute Price List"
"STENT, PERCUFLEX PLUS 7FR X 24CM","Wilm5494614","CDM","278","RC","C2617","HCPCS","","","facility","both","","","","663.59","663.59","","","","","","","","","","","","","Gross Charge Type: Main Acute Price List"
"STENT, PERCUFLEX PLUS 7FR X 26CM","AnesChSup790286","CDM","278","RC","C2617","HCPCS","","","facility","both","","","","1.12","1.12","","","","","","","","","","","","","Gross Charge Type: Main Acute Price List"
"STENT, PERCUFLEX PLUS 7FR X 26CM","EplbChSup790286","CDM","278","RC","C2617","HCPCS","","","facility","both","","","","1.12","1.12","","","","","","","","","","","","","Gross Charge Type: Main Acute Price List"
"STENT, PERCUFLEX PLUS 7FR X 26CM","PacuChSup790286","CDM","278","RC","C2617","HCPCS","","","facility","both","","","","1.12","1.12","","","","","","","","","","","","","Gross Charge Type: Main Acute Price List"
"STENT, PERCUFLEX PLUS 7FR X 28CM","AngiWmSup102000","CDM","278","RC","C2617","HCPCS","","","facility","both","","","","663.59","663.59","","","","","","","","","","","","","Gross Charge Type: Main Acute Price List"
"STENT, PERCUFLEX PLUS 7FR X 28CM","PacuChSup102000","CDM","278","RC","C2617","HCPCS","","","facility","both","","","","663.59","663.59","","","","","","","","","","","","","Gross Charge Type: Main Acute Price List"
"STENT, PERCUFLEX PLUS 8FR X 24CM","GastChSup40917","CDM","278","RC","C2617","HCPCS","","","facility","both","","","","663.59","663.59","","","","","","","","","","","","","Gross Charge Type: Main Acute Price List"
"STENT, PERCUFLEX PLUS 8FR X 26CM","ScpuChSup102004","CDM","278","RC","C2617","HCPCS","","","facility","both","","","","663.59","663.59","","","","","","","","","","","","","Gross Charge Type: Main Acute Price List"
"STENT, PERIPHERAL - SUPERA W/ DELIVERY SYSTEM 6F 7.5MM X 80MM X 120CM","AngiChSup10190628","CDM","278","RC","C1876","HCPCS","","","facility","both","","","","9512.89","9512.89","","","","","","","","","","","","","Gross Charge Type: Main Acute Price List"
"STENT, PIGTAIL 10X10","Chrs3133210","CDM","278","RC","C2617","HCPCS","","","facility","both","","","","317.74","317.74","","","","","","","","","","","","","Gross Charge Type: Main Acute Price List"
"STENT, PIGTAIL 7X10","Wilm5433208","CDM","278","RC","C2617","HCPCS","","","facility","both","","","","317.74","317.74","","","","","","","","","","","","","Gross Charge Type: Main Acute Price List"
"STENT, PK PAPYRUS COVERED CORONARY 4.5/20","AngiWmSup79099","CDM","278","RC","C1874","HCPCS","","","facility","both","","","","17375.85","17375.85","","","","","","","","","","","","","Gross Charge Type: Main Acute Price List"
"STENT, PRECISE PRO RX 7 X 30MM CAROTID","AngiWmSup36624","CDM","278","RC","","","","","facility","both","","","","9689.85","9689.85","","","","","","","","","","","","","Gross Charge Type: Main Acute Price List"
"STENT, PRECISE PRO RX 7 X 30MM CAROTID","ScanWmSup36624","CDM","278","RC","","","","","facility","both","","","","9689.85","9689.85","","","","","","","","","","","","","Gross Charge Type: Main Acute Price List"
"STENT, PRECISE PRO RX CAROTID 8 X 40MM","EplbChSup36553","CDM","278","RC","C1876","HCPCS","","","facility","both","","","","10163.56","10163.56","","","","","","","","","","","","","Gross Charge Type: Main Acute Price List"
"STENT, PRECISE PRO RX CAROTID 8 X 40MM","Wilm5436553","CDM","278","RC","C1876","HCPCS","","","facility","both","","","","10163.56","10163.56","","","","","","","","","","","","","Gross Charge Type: Main Acute Price List"
"STENT, PRECISE PRO RX CAROTID 9 X 40MM","EplbChSup36555","CDM","278","RC","","","","","facility","both","","","","9689.85","9689.85","","","","","","","","","","","","","Gross Charge Type: Main Acute Price List"
"STENT, PRECISE PRO RX CAROTID 9 X 40MM","ScanChSup36555","CDM","278","RC","","","","","facility","both","","","","9689.85","9689.85","","","","","","","","","","","","","Gross Charge Type: Main Acute Price List"
"STENT, PROTEGE 10X60X120","GastChSup32717","CDM","278","RC","C1876","HCPCS","","","facility","both","","","","4923.16","4923.16","","","","","","","","","","","","","Gross Charge Type: Main Acute Price List"
"STENT, PROTEGE 6FR 14X60X80","Chrs3129024","CDM","278","RC","C1876","HCPCS","","","facility","both","","","","5235.78","5235.78","","","","","","","","","","","","","Gross Charge Type: Main Acute Price List"
"STENT, PROTEGE 6FR 14X60X80","ScorWmSup29024","CDM","278","RC","C1876","HCPCS","","","facility","both","","","","5235.78","5235.78","","","","","","","","","","","","","Gross Charge Type: Main Acute Price List"
"STENT, PROTEGE 6FR 14X80X80","CcthChSup29025","CDM","278","RC","C1876","HCPCS","","","facility","both","","","","5235.78","5235.78","","","","","","","","","","","","","Gross Charge Type: Main Acute Price List"
"STENT, PROTEGE EVERFLEX 10X80X120","PacuWmSup76733","CDM","272","RC","C1876","HCPCS","","","facility","both","","","","5235.78","5235.78","","","","","","","","","","","","","Gross Charge Type: Main Acute Price List"
"STENT, PROTEGE EVERFLEX 8X80X120","GastWmSup76731","CDM","272","RC","C1876","HCPCS","","","facility","both","","","","2693.26","2693.26","","","","","","","","","","","","","Gross Charge Type: Main Acute Price List"
"STENT, PROTEGE EVERFLEX 8X80X120","ScpuChSup76731","CDM","272","RC","C1876","HCPCS","","","facility","both","","","","2693.26","2693.26","","","","","","","","","","","","","Gross Charge Type: Main Acute Price List"
"STENT, PROTEGE EVERFLEX SELF EXP 6FR X 200 X120 .035","CspuChSup51075","CDM","278","RC","C1876","HCPCS","","","facility","both","","","","8687.93","8687.93","","","","","","","","","","","","","Gross Charge Type: Main Acute Price List"
"STENT, PROTEGE GPS 9X40","AngiWmSup24111","CDM","278","RC","","","","","facility","both","","","","5235.78","5235.78","","","","","","","","","","","","","Gross Charge Type: Main Acute Price List"
"STENT, PROTEGE GPS 9X40","EplbChSup24111","CDM","278","RC","","","","","facility","both","","","","5235.78","5235.78","","","","","","","","","","","","","Gross Charge Type: Main Acute Price List"
"STENT, RETROMAX ENDO. 7/14-24","GastWmSup206052","CDM","278","RC","C2617","HCPCS","","","facility","both","","","","1145.59","1145.59","","","","","","","","","","","","","Gross Charge Type: Main Acute Price List"
"STENT, RETROMAX PLUS 7/14FR X 22CM","PacuChSup23775","CDM","278","RC","C1876","HCPCS","","","facility","both","","","","1077.19","1077.19","","","","","","","","","","","","","Gross Charge Type: Main Acute Price List"
"STENT, ROADSAVER CAROTID 6mm x 25mm x 143cm","CcthChSup10195421","CDM","278","RC","C1874","HCPCS","","","facility","both","","","","14016","14016","","","","","","","","","","","","","Gross Charge Type: Main Acute Price List"
"STENT, SUPERA PERIPH 4.5 X 100MM 6FR","CcthChSup57177","CDM","278","RC","C1876","HCPCS","","","facility","both","","","","8623.63","8623.63","","","","","","","","","","","","","Gross Charge Type: Main Acute Price List"
"STENT, SUPERA PERIPH 4.5 X 100MM 6FR","GastWmSup57177","CDM","278","RC","C1876","HCPCS","","","facility","both","","","","8623.63","8623.63","","","","","","","","","","","","","Gross Charge Type: Main Acute Price List"
"STENT, SUPERA PERIPH 4.5 X 100MM 6FR","PacuChSup57177","CDM","278","RC","C1876","HCPCS","","","facility","both","","","","8623.63","8623.63","","","","","","","","","","","","","Gross Charge Type: Main Acute Price List"
"STENT, SUPERA PERIPH 4.5 X 40MM 6FR","CspuChSup57174","CDM","278","RC","C1876","HCPCS","","","facility","both","","","","8623.63","8623.63","","","","","","","","","","","","","Gross Charge Type: Main Acute Price List"
"STENT, SUPERA PERIPH 4.5 X 60MM 6FR","ScorChSup57175","CDM","278","RC","C1876","HCPCS","","","facility","both","","","","8108.73","8108.73","","","","","","","","","","","","","Gross Charge Type: Main Acute Price List"
"STENT, SUPERA PERIPH 5.5 X 40MM 6FR","PacuChSup57181","CDM","278","RC","C1876","HCPCS","","","facility","both","","","","8623.63","8623.63","","","","","","","","","","","","","Gross Charge Type: Main Acute Price List"
"STENT, SUPERA PERIPH 6.5 X 100MM 6FR","Wilm5457191","CDM","278","RC","C1876","HCPCS","","","facility","both","","","","8623.63","8623.63","","","","","","","","","","","","","Gross Charge Type: Main Acute Price List"
"STENT, SUPERA PERIPH 6.5 X 120MM 6FR","AngiWmSup57192","CDM","278","RC","C1876","HCPCS","","","facility","both","","","","8108.73","8108.73","","","","","","","","","","","","","Gross Charge Type: Main Acute Price List"
"STENT, SUPERA PERIPH 6.5 X 120MM 6FR","CcthChSup57192","CDM","278","RC","C1876","HCPCS","","","facility","both","","","","8108.73","8108.73","","","","","","","","","","","","","Gross Charge Type: Main Acute Price List"
"STENT, SUPERA PERIPH 6.5 X 40MM 6FR","GyscChSup57188","CDM","278","RC","C1876","HCPCS","","","facility","both","","","","8108.73","8108.73","","","","","","","","","","","","","Gross Charge Type: Main Acute Price List"
"STENT, SUPERA PERIPH 6.5 X 40MM 6FR","ScorChSup57188","CDM","278","RC","C1876","HCPCS","","","facility","both","","","","8108.73","8108.73","","","","","","","","","","","","","Gross Charge Type: Main Acute Price List"
"STENT, SUPERA PERIPH 6.5 X 80MM 6FR","GyscChSup57190","CDM","278","RC","C1876","HCPCS","","","facility","both","","","","8108.73","8108.73","","","","","","","","","","","","","Gross Charge Type: Main Acute Price List"
"STENT, SUPERA PERIPH 6.5 X 80MM 6FR","OperWmSup57190","CDM","278","RC","C1876","HCPCS","","","facility","both","","","","8108.73","8108.73","","","","","","","","","","","","","Gross Charge Type: Main Acute Price List"
"STENT, SUPERA VERITAS 5MM X 100MM","ScanChSup44420","CDM","278","RC","C1876","HCPCS","","","facility","both","","","","8536.95","8536.95","","","","","","","","","","","","","Gross Charge Type: Main Acute Price List"
"STENT, SYNERGY DE MEGATRON 3.5 X 12MM","AngiWmSup111713","CDM","278","RC","C1874","HCPCS","","","facility","both","","","","6159.74","6159.74","","","","","","","","","","","","","Gross Charge Type: Main Acute Price List"
"STENT, SYNERGY DE MEGATRON 3.5 X 12MM","CcthChSup111713","CDM","278","RC","C1874","HCPCS","","","facility","both","","","","6159.74","6159.74","","","","","","","","","","","","","Gross Charge Type: Main Acute Price List"
"STENT, SYNERGY DE MEGATRON 3.5 X 12MM","DelrChSup111713","CDM","278","RC","C1874","HCPCS","","","facility","both","","","","6159.74","6159.74","","","","","","","","","","","","","Gross Charge Type: Main Acute Price List"
"STENT, SYNERGY DE MEGATRON 3.5 X 12MM","PacuWmSup111713","CDM","278","RC","C1874","HCPCS","","","facility","both","","","","6159.74","6159.74","","","","","","","","","","","","","Gross Charge Type: Main Acute Price List"
"STENT, SYNERGY DE MEGATRON 3.5 X 16MM","ScpuWmSup111714","CDM","278","RC","C1874","HCPCS","","","facility","both","","","","6159.74","6159.74","","","","","","","","","","","","","Gross Charge Type: Main Acute Price List"
"STENT, SYNERGY DE MEGATRON 3.5 X 20MM","ScorChSup111715","CDM","278","RC","C1874","HCPCS","","","facility","both","","","","6159.74","6159.74","","","","","","","","","","","","","Gross Charge Type: Main Acute Price List"
"STENT, SYNERGY DE MEGATRON 3.5 X 24MM","PacuWmSup111716","CDM","278","RC","C1874","HCPCS","","","facility","both","","","","6159.74","6159.74","","","","","","","","","","","","","Gross Charge Type: Main Acute Price List"
"STENT, SYNERGY DE MEGATRON 3.5 X 8MM","CspuChSup111712","CDM","272","RC","C1874","HCPCS","","","facility","both","","","","5791.95","5791.95","","","","","","","","","","","","","Gross Charge Type: Main Acute Price List"
"STENT, SYNERGY DE MEGATRON 4.0 X 16MM","PacuChSup111721","CDM","278","RC","C1874","HCPCS","","","facility","both","","","","6159.74","6159.74","","","","","","","","","","","","","Gross Charge Type: Main Acute Price List"
"STENT, SYNERGY DE MEGATRON 4.0 X 28MM","PacuChSup111724","CDM","278","RC","C1874","HCPCS","","","facility","both","","","","6159.74","6159.74","","","","","","","","","","","","","Gross Charge Type: Main Acute Price List"
"STENT, SYNERGY DE MEGATRON 4.5 X 12MM","ScpuWmSup111727","CDM","278","RC","C1874","HCPCS","","","facility","both","","","","6159.74","6159.74","","","","","","","","","","","","","Gross Charge Type: Main Acute Price List"
"STENT, SYNERGY DE MEGATRON 4.5 X 16MM","AngiWmSup111728","CDM","278","RC","C1874","HCPCS","","","facility","both","","","","6159.74","6159.74","","","","","","","","","","","","","Gross Charge Type: Main Acute Price List"
"STENT, SYNERGY DE MEGATRON 4.5 X 20MM","AnesChSup111729","CDM","278","RC","C1874","HCPCS","","","facility","both","","","","6159.74","6159.74","","","","","","","","","","","","","Gross Charge Type: Main Acute Price List"
"STENT, SYNERGY DE MEGATRON 4.5 X 20MM","DelrChSup111729","CDM","278","RC","C1874","HCPCS","","","facility","both","","","","6159.74","6159.74","","","","","","","","","","","","","Gross Charge Type: Main Acute Price List"
"STENT, SYNERGY DE MEGATRON 5.0 X 12MM","PacuChSup111734","CDM","278","RC","C1874","HCPCS","","","facility","both","","","","5791.95","5791.95","","","","","","","","","","","","","Gross Charge Type: Main Acute Price List"
"STENT, SYNERGY DE MEGATRON 5.0 X 12MM","PacuWmSup111734","CDM","278","RC","C1874","HCPCS","","","facility","both","","","","5791.95","5791.95","","","","","","","","","","","","","Gross Charge Type: Main Acute Price List"
"STENT, SYNERGY DE MEGATRON 5.0 X 16MM","GastChSup111735","CDM","278","RC","C1874","HCPCS","","","facility","both","","","","6159.74","6159.74","","","","","","","","","","","","","Gross Charge Type: Main Acute Price List"
"STENT, SYNERGY DE MEGATRON 5.0 X 28MM","GastWmSup111738","CDM","278","RC","C1874","HCPCS","","","facility","both","","","","6159.74","6159.74","","","","","","","","","","","","","Gross Charge Type: Main Acute Price List"
"STENT, SYNERGY II DE PLATINUM CHROMIUM MR 4.50 X 12MM","PacuWmSup79265","CDM","278","RC","C1874","HCPCS","","","facility","both","","","","4199.16","4199.16","","","","","","","","","","","","","Gross Charge Type: Main Acute Price List"
"STENT, SYNERGY II DE PLATINUM CHROMIUM MR 4.50 X 12MM","ScanChSup79265","CDM","278","RC","C1874","HCPCS","","","facility","both","","","","4199.16","4199.16","","","","","","","","","","","","","Gross Charge Type: Main Acute Price List"
"STENT, SYNERGY II DE PLATINUM CHROMIUM MR 4.50 X 16MM","OperChSup79267","CDM","278","RC","C1874","HCPCS","","","facility","both","","","","4199.16","4199.16","","","","","","","","","","","","","Gross Charge Type: Main Acute Price List"
"STENT, SYNERGY II DE PLATINUM CHROMIUM MR 5.0 X 16MM","AngiWmSup79268","CDM","278","RC","C1874","HCPCS","","","facility","both","","","","4465.82","4465.82","","","","","","","","","","","","","Gross Charge Type: Main Acute Price List"
"STENT, SYNERGY XD MR DE 2.25x16MM","AngiChSup108484","CDM","272","RC","C1874","HCPCS","","","facility","both","","","","4465.82","4465.82","","","","","","","","","","","","","Gross Charge Type: Main Acute Price List"
"STENT, SYNERGY XD MR DE 2.25x16MM","CspuChSup108484","CDM","272","RC","C1874","HCPCS","","","facility","both","","","","4465.82","4465.82","","","","","","","","","","","","","Gross Charge Type: Main Acute Price List"
"STENT, SYNERGY XD MR DE 2.25x20MM","CspuChSup108485","CDM","272","RC","C1874","HCPCS","","","facility","both","","","","4465.82","4465.82","","","","","","","","","","","","","Gross Charge Type: Main Acute Price List"
"STENT, SYNERGY XD MR DE 2.25x20MM","PacuWmSup108485","CDM","272","RC","C1874","HCPCS","","","facility","both","","","","4465.82","4465.82","","","","","","","","","","","","","Gross Charge Type: Main Acute Price List"
"STENT, SYNERGY XD MR DE 2.25x20MM","ScorChSup108485","CDM","272","RC","C1874","HCPCS","","","facility","both","","","","4465.82","4465.82","","","","","","","","","","","","","Gross Charge Type: Main Acute Price List"
"STENT, SYNERGY XD MR DE 2.25x24MM","ScorChSup108486","CDM","272","RC","C1874","HCPCS","","","facility","both","","","","4465.82","4465.82","","","","","","","","","","","","","Gross Charge Type: Main Acute Price List"
"STENT, SYNERGY XD MR DE 2.25x24MM","ScorWmSup108486","CDM","272","RC","C1874","HCPCS","","","facility","both","","","","4465.82","4465.82","","","","","","","","","","","","","Gross Charge Type: Main Acute Price List"
"STENT, SYNERGY XD MR DE 2.25x28MM","ScpuChSup108487","CDM","272","RC","C1874","HCPCS","","","facility","both","","","","4465.82","4465.82","","","","","","","","","","","","","Gross Charge Type: Main Acute Price List"
"STENT, SYNERGY XD MR DE 2.50x12MM","ScpuChSup108491","CDM","272","RC","C1874","HCPCS","","","facility","both","","","","4465.82","4465.82","","","","","","","","","","","","","Gross Charge Type: Main Acute Price List"
"STENT, SYNERGY XD MR DE 2.50x20MM","GyscChSup108493","CDM","272","RC","C1874","HCPCS","","","facility","both","","","","4465.82","4465.82","","","","","","","","","","","","","Gross Charge Type: Main Acute Price List"
"STENT, SYNERGY XD MR DE 2.50x20MM","OperWmSup108493","CDM","272","RC","C1874","HCPCS","","","facility","both","","","","4465.82","4465.82","","","","","","","","","","","","","Gross Charge Type: Main Acute Price List"
"STENT, SYNERGY XD MR DE 2.50x20MM","ScanChSup108493","CDM","272","RC","C1874","HCPCS","","","facility","both","","","","4465.82","4465.82","","","","","","","","","","","","","Gross Charge Type: Main Acute Price List"
"STENT, SYNERGY XD MR DE 2.50x24MM","AnesWmSup108494","CDM","272","RC","C1874","HCPCS","","","facility","both","","","","4465.82","4465.82","","","","","","","","","","","","","Gross Charge Type: Main Acute Price List"
"STENT, SYNERGY XD MR DE 2.50x24MM","OperChSup108494","CDM","272","RC","C1874","HCPCS","","","facility","both","","","","4465.82","4465.82","","","","","","","","","","","","","Gross Charge Type: Main Acute Price List"
"STENT, SYNERGY XD MR DE 2.50x28MM","PacuWmSup108495","CDM","272","RC","C1874","HCPCS","","","facility","both","","","","4465.82","4465.82","","","","","","","","","","","","","Gross Charge Type: Main Acute Price List"
"STENT, SYNERGY XD MR DE 2.50x32MM","AngiWmSup108496","CDM","272","RC","C1874","HCPCS","","","facility","both","","","","4465.82","4465.82","","","","","","","","","","","","","Gross Charge Type: Main Acute Price List"
"STENT, SYNERGY XD MR DE 2.50x32MM","PacuWmSup108496","CDM","272","RC","C1874","HCPCS","","","facility","both","","","","4465.82","4465.82","","","","","","","","","","","","","Gross Charge Type: Main Acute Price List"
"STENT, SYNERGY XD MR DE 2.50x8MM","AngiWmSup108490","CDM","272","RC","C1874","HCPCS","","","facility","both","","","","4465.82","4465.82","","","","","","","","","","","","","Gross Charge Type: Main Acute Price List"
"STENT, SYNERGY XD MR DE 2.50x8MM","PacuWmSup108490","CDM","272","RC","C1874","HCPCS","","","facility","both","","","","4465.82","4465.82","","","","","","","","","","","","","Gross Charge Type: Main Acute Price List"
"STENT, SYNERGY XD MR DE 2.50x8MM","ScorChSup108490","CDM","272","RC","C1874","HCPCS","","","facility","both","","","","4465.82","4465.82","","","","","","","","","","","","","Gross Charge Type: Main Acute Price List"
"STENT, SYNERGY XD MR DE 2.75x12MM","ScorWmSup108500","CDM","272","RC","C1874","HCPCS","","","facility","both","","","","4465.82","4465.82","","","","","","","","","","","","","Gross Charge Type: Main Acute Price List"
"STENT, SYNERGY XD MR DE 2.75x16MM","PacuChSup108501","CDM","272","RC","C1874","HCPCS","","","facility","both","","","","4465.82","4465.82","","","","","","","","","","","","","Gross Charge Type: Main Acute Price List"
"STENT, SYNERGY XD MR DE 2.75x16MM","ScorWmSup108501","CDM","272","RC","C1874","HCPCS","","","facility","both","","","","4465.82","4465.82","","","","","","","","","","","","","Gross Charge Type: Main Acute Price List"
"STENT, SYNERGY XD MR DE 2.75x20MM","AnesChSup108502","CDM","272","RC","C1874","HCPCS","","","facility","both","","","","4465.82","4465.82","","","","","","","","","","","","","Gross Charge Type: Main Acute Price List"
"STENT, SYNERGY XD MR DE 2.75x28MM","CcthChSup108504","CDM","272","RC","C1874","HCPCS","","","facility","both","","","","4465.82","4465.82","","","","","","","","","","","","","Gross Charge Type: Main Acute Price List"
"STENT, SYNERGY XD MR DE 2.75x32MM","GyscChSup108505","CDM","272","RC","C1874","HCPCS","","","facility","both","","","","4465.82","4465.82","","","","","","","","","","","","","Gross Charge Type: Main Acute Price List"
"STENT, SYNERGY XD MR DE 2.75x48MM","PacuWmSup108507","CDM","272","RC","C1874","HCPCS","","","facility","both","","","","6159.74","6159.74","","","","","","","","","","","","","Gross Charge Type: Main Acute Price List"
"STENT, SYNERGY XD MR DE 3.00x12MM","ScpuChSup108509","CDM","272","RC","C1874","HCPCS","","","facility","both","","","","4465.82","4465.82","","","","","","","","","","","","","Gross Charge Type: Main Acute Price List"
"STENT, SYNERGY XD MR DE 3.00x16MM","OperChSup108510","CDM","278","RC","C1874","HCPCS","","","facility","both","","","","4465.82","4465.82","","","","","","","","","","","","","Gross Charge Type: Main Acute Price List"
"STENT, SYNERGY XD MR DE 3.00x20MM","GyscChSup108511","CDM","278","RC","C1874","HCPCS","","","facility","both","","","","4465.82","4465.82","","","","","","","","","","","","","Gross Charge Type: Main Acute Price List"
"STENT, SYNERGY XD MR DE 3.00x24MM","OperChSup108512","CDM","272","RC","C1874","HCPCS","","","facility","both","","","","4465.82","4465.82","","","","","","","","","","","","","Gross Charge Type: Main Acute Price List"
"STENT, SYNERGY XD MR DE 3.00x28MM","AngiWmSup108513","CDM","272","RC","C1874","HCPCS","","","facility","both","","","","4465.82","4465.82","","","","","","","","","","","","","Gross Charge Type: Main Acute Price List"
"STENT, SYNERGY XD MR DE 3.00x32MM","GastWmSup108514","CDM","272","RC","C1874","HCPCS","","","facility","both","","","","4465.82","4465.82","","","","","","","","","","","","","Gross Charge Type: Main Acute Price List"
"STENT, SYNERGY XD MR DE 3.00x38MM","ScpuWmSup108515","CDM","272","RC","C1874","HCPCS","","","facility","both","","","","4465.82","4465.82","","","","","","","","","","","","","Gross Charge Type: Main Acute Price List"
"STENT, SYNERGY XD MR DE 3.00x8MM","ScpuChSup108508","CDM","278","RC","C1874","HCPCS","","","facility","both","","","","4465.82","4465.82","","","","","","","","","","","","","Gross Charge Type: Main Acute Price List"
"STENT, SYNERGY XD MR DE 3.50x12MM","OperChSup108518","CDM","272","RC","C1874","HCPCS","","","facility","both","","","","4465.82","4465.82","","","","","","","","","","","","","Gross Charge Type: Main Acute Price List"
"STENT, SYNERGY XD MR DE 3.50x20MM","ScorWmSup108520","CDM","272","RC","C1874","HCPCS","","","facility","both","","","","4465.82","4465.82","","","","","","","","","","","","","Gross Charge Type: Main Acute Price List"
"STENT, SYNERGY XD MR DE 3.50x24MM","GastChSup108521","CDM","272","RC","C1874","HCPCS","","","facility","both","","","","4465.82","4465.82","","","","","","","","","","","","","Gross Charge Type: Main Acute Price List"
"STENT, SYNERGY XD MR DE 3.50x24MM","ScpuWmSup108521","CDM","272","RC","C1874","HCPCS","","","facility","both","","","","4465.82","4465.82","","","","","","","","","","","","","Gross Charge Type: Main Acute Price List"
"STENT, SYNERGY XD MR DE 3.50x38MM","ScpuWmSup108524","CDM","272","RC","C1874","HCPCS","","","facility","both","","","","4465.82","4465.82","","","","","","","","","","","","","Gross Charge Type: Main Acute Price List"
"STENT, SYNERGY XD MR DE 3.50x48MM","ScorChSup108525","CDM","272","RC","C1874","HCPCS","","","facility","both","","","","6159.74","6159.74","","","","","","","","","","","","","Gross Charge Type: Main Acute Price List"
"STENT, SYNERGY XD MR DE 4.00x12MM","DelrChSup108527","CDM","272","RC","C1874","HCPCS","","","facility","both","","","","4465.82","4465.82","","","","","","","","","","","","","Gross Charge Type: Main Acute Price List"
"STENT, SYNERGY XD MR DE 4.00x16MM","PacuChSup108528","CDM","272","RC","C1874","HCPCS","","","facility","both","","","","4465.82","4465.82","","","","","","","","","","","","","Gross Charge Type: Main Acute Price List"
"STENT, SYNERGY XD MR DE 4.00x32MM","OperChSup108532","CDM","272","RC","C1874","HCPCS","","","facility","both","","","","4465.82","4465.82","","","","","","","","","","","","","Gross Charge Type: Main Acute Price List"
"STENT, SYNERGY XD MR DE 4.00x32MM","ScorWmSup108532","CDM","272","RC","C1874","HCPCS","","","facility","both","","","","4465.82","4465.82","","","","","","","","","","","","","Gross Charge Type: Main Acute Price List"
"STENT, SYNERGY XD MR DE 4.00x38MM","ScorChSup108533","CDM","272","RC","C1874","HCPCS","","","facility","both","","","","4465.82","4465.82","","","","","","","","","","","","","Gross Charge Type: Main Acute Price List"
"STENT, SYNERGY XD MR DE 4.00x48MM","AngiWmSup108534","CDM","272","RC","C1874","HCPCS","","","facility","both","","","","6159.74","6159.74","","","","","","","","","","","","","Gross Charge Type: Main Acute Price List"
"STENT, SYNERGY XD MR DE 4.00x48MM","OperChSup108534","CDM","272","RC","C1874","HCPCS","","","facility","both","","","","6159.74","6159.74","","","","","","","","","","","","","Gross Charge Type: Main Acute Price List"
"STENT, SYNERGY XD MR DE 4.00x8MM","GastChSup108526","CDM","272","RC","C1874","HCPCS","","","facility","both","","","","4465.82","4465.82","","","","","","","","","","","","","Gross Charge Type: Main Acute Price List"
"STENT, SYNERGY XD MR DE 4.50x12MM","AngiChSup108535","CDM","272","RC","C1874","HCPCS","","","facility","both","","","","4465.82","4465.82","","","","","","","","","","","","","Gross Charge Type: Main Acute Price List"
"STENT, SYNERGY XD MR DE 4.50x12MM","ScpuChSup108535","CDM","272","RC","C1874","HCPCS","","","facility","both","","","","4465.82","4465.82","","","","","","","","","","","","","Gross Charge Type: Main Acute Price List"
"STENT, SYNERGY XD MR DE 4.50x16MM","DelrChSup108536","CDM","272","RC","C1874","HCPCS","","","facility","both","","","","4199.16","4199.16","","","","","","","","","","","","","Gross Charge Type: Main Acute Price List"
"STENT, SYNERGY XD MR DE 4.50x24MM","PacuWmSup108538","CDM","272","RC","C1874","HCPCS","","","facility","both","","","","4199.16","4199.16","","","","","","","","","","","","","Gross Charge Type: Main Acute Price List"
"STENT, SYNERGY XD MR DE 4.50x28MM","AngiChSup108539","CDM","272","RC","C1874","HCPCS","","","facility","both","","","","4465.82","4465.82","","","","","","","","","","","","","Gross Charge Type: Main Acute Price List"
"STENT, SYNERGY XD MR DE 5.00x12MM","ScorWmSup108541","CDM","272","RC","C1874","HCPCS","","","facility","both","","","","4199.16","4199.16","","","","","","","","","","","","","Gross Charge Type: Main Acute Price List"
"STENT, SYNERGY XD MR DE 5.00x16MM","PacuWmSup108542","CDM","272","RC","C1874","HCPCS","","","facility","both","","","","4465.82","4465.82","","","","","","","","","","","","","Gross Charge Type: Main Acute Price List"
"STENT, SYNERGY XD MR DE 5.00x28MM","CcthChSup108545","CDM","272","RC","C1874","HCPCS","","","facility","both","","","","4199.16","4199.16","","","","","","","","","","","","","Gross Charge Type: Main Acute Price List"
"STENT, SYNERGY XD MR DE 5.00x32MM","GyscChSup108546","CDM","272","RC","C1874","HCPCS","","","facility","both","","","","4199.16","4199.16","","","","","","","","","","","","","Gross Charge Type: Main Acute Price List"
"STENT, SYNERGY XD MR DE 5.00x32MM","ScanChSup108546","CDM","272","RC","C1874","HCPCS","","","facility","both","","","","4199.16","4199.16","","","","","","","","","","","","","Gross Charge Type: Main Acute Price List"
"STENT, TRACHEAL AERO FULLY COVERED 16X40","GyscChSup36694","CDM","278","RC","C1874","HCPCS","","","facility","both","","","","16015.32","16015.32","","","","","","","","","","","","","Gross Charge Type: Main Acute Price List"
"STENT, TRACHEAL AERO FULLY COVERED 16X40","Wilm5436694","CDM","278","RC","C1874","HCPCS","","","facility","both","","","","16015.32","16015.32","","","","","","","","","","","","","Gross Charge Type: Main Acute Price List"
"STENT, TRACHEOBRONCHIAL COVERED HYBRID 14X40MM","ScanChSup40578","CDM","278","RC","C1874","HCPCS","","","facility","both","","","","16015.32","16015.32","","","","","","","","","","","","","Gross Charge Type: Main Acute Price List"
"STENT, URETERAL CONTOUR VL 4.8FRX22-30CM","AngiWmSup40918","CDM","278","RC","C2617","HCPCS","","","facility","both","","","","663.59","663.59","","","","","","","","","","","","","Gross Charge Type: Main Acute Price List"
"STENT, URETERAL CONTOUR VL 4.8FRX22-30CM","Chrs3140918","CDM","278","RC","C2617","HCPCS","","","facility","both","","","","663.59","663.59","","","","","","","","","","","","","Gross Charge Type: Main Acute Price List"
"STENT, URETERAL CONTOUR VL 4.8FRX22-30CM","ScanWmSup40918","CDM","278","RC","C2617","HCPCS","","","facility","both","","","","663.59","663.59","","","","","","","","","","","","","Gross Charge Type: Main Acute Price List"
"STENT, URETERAL SURGITEK 6X16CM","AngiWmSup52743","CDM","278","RC","C2625","HCPCS","","","facility","both","","","","1125.38","1125.38","","","","","","","","","","","","","Gross Charge Type: Main Acute Price List"
"STENT, URETERAL SURGITEK 6X20CM","CcthChSup52744","CDM","278","RC","C2625","HCPCS","","","facility","both","","","","1058.19","1058.19","","","","","","","","","","","","","Gross Charge Type: Main Acute Price List"
"STENT, URETERAL SURGITEK 6X20CM","CspuChSup52744","CDM","278","RC","C2625","HCPCS","","","facility","both","","","","1058.19","1058.19","","","","","","","","","","","","","Gross Charge Type: Main Acute Price List"
"STENT, URINARY DIVERSION 7X90","OperChSup205221","CDM","278","RC","C2625","HCPCS","","","facility","both","","","","2028.41","2028.41","","","","","","","","","","","","","Gross Charge Type: Main Acute Price List"
"STENT, VENOVO VENOUS 12X160X80","DelrChSup79319","CDM","278","RC","C1876","HCPCS","","","facility","both","","","","10425.51","10425.51","","","","","","","","","","","","","Gross Charge Type: Main Acute Price List"
"STENT, VENOVO VENOUS 12X160X80","ScpuWmSup79319","CDM","278","RC","C1876","HCPCS","","","facility","both","","","","10425.51","10425.51","","","","","","","","","","","","","Gross Charge Type: Main Acute Price List"
"STENT, VENOVO VENOUS 14X100X80","GastChSup78703","CDM","278","RC","C1876","HCPCS","","","facility","both","","","","9267.12","9267.12","","","","","","","","","","","","","Gross Charge Type: Main Acute Price List"
"STENT, VENOVO VENOUS 14X160X80","GyscChSup78704","CDM","278","RC","C1876","HCPCS","","","facility","both","","","","10425.51","10425.51","","","","","","","","","","","","","Gross Charge Type: Main Acute Price List"
"STENT, VENOVO VENOUS 14X80X80","GastChSup78702","CDM","278","RC","C1876","HCPCS","","","facility","both","","","","9267.12","9267.12","","","","","","","","","","","","","Gross Charge Type: Main Acute Price List"
"STENT, VENOVO VENOUS 16X100X80","ScanWmSup78706","CDM","278","RC","C1876","HCPCS","","","facility","both","","","","9267.12","9267.12","","","","","","","","","","","","","Gross Charge Type: Main Acute Price List"
"STENT, VERIFLEX 5.0X28MM","ScpuWmSup19905","CDM","278","RC","C1876","HCPCS","","","facility","both","","","","3185.57","3185.57","","","","","","","","","","","","","Gross Charge Type: Main Acute Price List"
"STENT, VIABAHN ENDOPRO 10X10X110","GastChSup20839","CDM","278","RC","C1874","HCPCS","","","facility","both","","","","19924.31","19924.31","","","","","","","","","","","","","Gross Charge Type: Main Acute Price List"
"STENT, VIABAHN ENDOPRO 10X5X110","CcthChSup20838","CDM","278","RC","C1874","HCPCS","","","facility","both","","","","18429.98","18429.98","","","","","","","","","","","","","Gross Charge Type: Main Acute Price List"
"STENT, VIABAHN ENDOPRO 10X5X110","PacuWmSup20838","CDM","278","RC","C1874","HCPCS","","","facility","both","","","","18429.98","18429.98","","","","","","","","","","","","","Gross Charge Type: Main Acute Price List"
"STENT, VIABAHN ENDOPROSTHESIS W/HEPARIN 10MM X 5CM X 8FR","CcthChSup108139","CDM","278","RC","C1874","HCPCS","","","facility","both","","","","18489.38","18489.38","","","","","","","","","","","","","Gross Charge Type: Main Acute Price List"
"STENT, VIABAHN ENDOPROSTHESIS W/HEPARIN 10MM X 5CM X 8FR","ScorWmSup108139","CDM","278","RC","C1874","HCPCS","","","facility","both","","","","18489.38","18489.38","","","","","","","","","","","","","Gross Charge Type: Main Acute Price List"
"STENT, VIABAHN ENDOPROSTHESIS W/HEPARIN 13MM X 10CM 10FR","GastChSup107806","CDM","272","RC","C1874","HCPCS","","","facility","both","","","","21719.24","21719.24","","","","","","","","","","","","","Gross Charge Type: Main Acute Price List"
"STENT, VIABAHN ENDOPROSTHESIS W/HEPARIN 13MM X 5CM 10FR","EplbChSup107805","CDM","272","RC","C1874","HCPCS","","","facility","both","","","","18429.98","18429.98","","","","","","","","","","","","","Gross Charge Type: Main Acute Price List"
"STENT, VIABAHN ENDOPROSTHESIS W/HEPARIN 9MM X 10CM X 8FR 120CM CATH","AngiChSup120944","CDM","278","RC","C1874","HCPCS","","","facility","both","","","","20961.07","20961.07","","","","","","","","","","","","","Gross Charge Type: Main Acute Price List"
"STENT, VIABAHN ENDOPROSTHESIS W/HEPARIN 9MM X 5CM 8FR","AngiWmSup107804","CDM","272","RC","C1874","HCPCS","","","facility","both","","","","19600.29","19600.29","","","","","","","","","","","","","Gross Charge Type: Main Acute Price List"
"STENT, VIABAHN SX ENDO W/HEPARIN 7FR 5MM X 25CM X 120CM","AngiChSup110084","CDM","272","RC","C1874","HCPCS","","","facility","both","","","","37902.52","37902.52","","","","","","","","","","","","","Gross Charge Type: Main Acute Price List"
"STENT, VIABAHN VBX 10MMX29MMX135CM","PacuChSup70642","CDM","278","RC","C1874","HCPCS","","","facility","both","","","","19089.46","19089.46","","","","","","","","","","","","","Gross Charge Type: Main Acute Price List"
"STENT, VIABAHN VBX 10MMX39MMX80CM","OperChSup70657","CDM","278","RC","C1874","HCPCS","","","facility","both","","","","19225.28","19225.28","","","","","","","","","","","","","Gross Charge Type: Main Acute Price List"
"STENT, VIABAHN VBX 10MMX39MMX80CM","PacuChSup70657","CDM","278","RC","C1874","HCPCS","","","facility","both","","","","19225.28","19225.28","","","","","","","","","","","","","Gross Charge Type: Main Acute Price List"
"STENT, VIABAHN VBX 10MMX59MMX80CM","AngiWmSup70673","CDM","278","RC","C1874","HCPCS","","","facility","both","","","","19119.83","19119.83","","","","","","","","","","","","","Gross Charge Type: Main Acute Price List"
"STENT, VIABAHN VBX 11MMX29MMX80CM","EplbChSup70643","CDM","278","RC","C1874","HCPCS","","","facility","both","","","","19119.83","19119.83","","","","","","","","","","","","","Gross Charge Type: Main Acute Price List"
"STENT, VIABAHN VBX 11MMX29MMX80CM","OperChSup70643","CDM","278","RC","C1874","HCPCS","","","facility","both","","","","19119.83","19119.83","","","","","","","","","","","","","Gross Charge Type: Main Acute Price List"
"STENT, VIABAHN VBX 11MMX39MMX135CM","PacuChSup70660","CDM","278","RC","C1874","HCPCS","","","facility","both","","","","17978.21","17978.21","","","","","","","","","","","","","Gross Charge Type: Main Acute Price List"
"STENT, VIABAHN VBX 5MMX19MMX135CM","Wilm5470626","CDM","278","RC","C1874","HCPCS","","","facility","both","","","","15840.98","15840.98","","","","","","","","","","","","","Gross Charge Type: Main Acute Price List"
"STENT, VIABAHN VBX 5MMX59MMX80CM","ScanWmSup70663","CDM","278","RC","C1874","HCPCS","","","facility","both","","","","17978.21","17978.21","","","","","","","","","","","","","Gross Charge Type: Main Acute Price List"
"STENT, VIABAHN VBX 5MMX59MMX80CM","ScpuChSup70663","CDM","278","RC","C1874","HCPCS","","","facility","both","","","","17978.21","17978.21","","","","","","","","","","","","","Gross Charge Type: Main Acute Price List"
"STENT, VIABAHN VBX 6MMX15MMX80CM","CLDRChSup70621","CDM","278","RC","C1874","HCPCS","","","facility","both","","","","15840.98","15840.98","","","","","","","","","","","","","Gross Charge Type: Main Acute Price List"
"STENT, VIABAHN VBX 6MMX15MMX80CM","ScpuChSup70621","CDM","278","RC","C1874","HCPCS","","","facility","both","","","","15840.98","15840.98","","","","","","","","","","","","","Gross Charge Type: Main Acute Price List"
"STENT, VIABAHN VBX 6MMX59MMX135CM","ScorWmSup70666","CDM","278","RC","C1874","HCPCS","","","facility","both","","","","17978.21","17978.21","","","","","","","","","","","","","Gross Charge Type: Main Acute Price List"
"STENT, VIABAHN VBX 7MMX29MMX80CM","ScorChSup70635","CDM","278","RC","C1874","HCPCS","","","facility","both","","","","19119.83","19119.83","","","","","","","","","","","","","Gross Charge Type: Main Acute Price List"
"STENT, VIABAHN VBX 8MMX59MMX135CM","GyscChSup70678","CDM","278","RC","C1874","HCPCS","","","facility","both","","","","19119.83","19119.83","","","","","","","","","","","","","Gross Charge Type: Main Acute Price List"
"STENT, VIABAHN VBX 8MMX59MMX80CM","PacuWmSup70669","CDM","278","RC","C1874","HCPCS","","","facility","both","","","","19119.83","19119.83","","","","","","","","","","","","","Gross Charge Type: Main Acute Price List"
"STENT, VIABAHN VBX 8MMX79MMX135CM","GastWmSup70686","CDM","278","RC","C1874","HCPCS","","","facility","both","","","","19930.1","19930.1","","","","","","","","","","","","","Gross Charge Type: Main Acute Price List"
"STENT, VIABAHN VBX 8MMX79MMX135CM","ScpuWmSup70686","CDM","278","RC","C1874","HCPCS","","","facility","both","","","","19930.1","19930.1","","","","","","","","","","","","","Gross Charge Type: Main Acute Price List"
"STENT, VIABAHN VBX 9MMX59MMX80CM","OperWmSup70671","CDM","278","RC","C1874","HCPCS","","","facility","both","","","","19119.83","19119.83","","","","","","","","","","","","","Gross Charge Type: Main Acute Price List"
"STENT, VIABAHN VBX BALLOON EXP ENDOPROSTHESIS 5 MM   59 MM 7 FR 135 CM CATH HEPARIN","OperWmSup120931","CDM","278","RC","C1874","HCPCS","","","facility","both","","","","19067.1","19067.1","","","","","","","","","","","","","Gross Charge Type: Main Acute Price List"
"STENT, VIABAHN VBX BALLOON EXP ENDOPROSTHESIS 9 MM   29 MM 8 FR 135 CM CATH HEPARIN","EplbChSup120938","CDM","278","RC","C1874","HCPCS","","","facility","both","","","","19067.1","19067.1","","","","","","","","","","","","","Gross Charge Type: Main Acute Price List"
"STENT, VIABAHN VBX BALLOON EXP ENDOPROTHESIS 8MM X 29MM","AngiWmSup120935","CDM","278","RC","C1874","HCPCS","","","facility","both","","","","20277.86","20277.86","","","","","","","","","","","","","Gross Charge Type: Main Acute Price List"
"STENT, VIABAHN VBX BALLOON EXPANDABLE ENDOPROSTHES 5MM X 15MM 6 FR 80CM","AngiWmSup120392","CDM","278","RC","C1874","HCPCS","","","facility","both","","","","17978.21","17978.21","","","","","","","","","","","","","Gross Charge Type: Main Acute Price List"
"STENT, VIABAHN VBX BALLOON EXPANDABLE ENDOPROSTHES 5MM X 79MM 6 FR 135CM","EplbChSup120407","CDM","278","RC","C1874","HCPCS","","","facility","both","","","","19930.1","19930.1","","","","","","","","","","","","","Gross Charge Type: Main Acute Price List"
"STENT, VIABAHN VBX BALLOON EXPANDABLE ENDOPROSTHES 7MM X 59MM 6 FR 135CM","ScorWmSup120398","CDM","278","RC","C1874","HCPCS","","","facility","both","","","","19119.83","19119.83","","","","","","","","","","","","","Gross Charge Type: Main Acute Price List"
"STENT, VIABAHN VBX BALLOON EXPANDABLE ENDOPROSTHES 8MM X 29MM 7 FR 80CM","AngiWmSup120400","CDM","278","RC","C1874","HCPCS","","","facility","both","","","","17978.21","17978.21","","","","","","","","","","","","","Gross Charge Type: Main Acute Price List"
"STENT, VIABAHN VBX BALLOON EXPANDABLE ENDOPROSTHES 8MM X 79MM 7 FR 80CM","AngiWmSup120402","CDM","278","RC","C1874","HCPCS","","","facility","both","","","","19930.1","19930.1","","","","","","","","","","","","","Gross Charge Type: Main Acute Price List"
"STENT, VIABAHN VBX BALLOON EXPANDABLE ENDOPROSTHES 9MM X  29MM 7 F 80CM","AngiChSup120403","CDM","278","RC","C1874","HCPCS","","","facility","both","","","","17978.21","17978.21","","","","","","","","","","","","","Gross Charge Type: Main Acute Price List"
"STENT, VIABAHN VBX BALLOON EXPANDABLE ENDOPROSTHES 9MM X 79MM 7 FR 80CM","AngiWmSup120405","CDM","278","RC","C1874","HCPCS","","","facility","both","","","","19930.1","19930.1","","","","","","","","","","","","","Gross Charge Type: Main Acute Price List"
"STENT, VIABAHN W/HEPARIN 5MM X 25CM","ScpuChSup111292","CDM","272","RC","C1874","HCPCS","","","facility","both","","","","40943.78","40943.78","","","","","","","","","","","","","Gross Charge Type: Main Acute Price List"
"STENT, VIABAHN W/HEPARIN 6MM X 10CM","OperWmSup46949","CDM","278","RC","C1874","HCPCS","","","facility","both","","","","22366.01","22366.01","","","","","","","","","","","","","Gross Charge Type: Main Acute Price List"
"STENT, VIABAHN W/HEPARIN 6MM X 10CM","PacuWmSup46949","CDM","278","RC","C1874","HCPCS","","","facility","both","","","","22366.01","22366.01","","","","","","","","","","","","","Gross Charge Type: Main Acute Price List"
"STENT, VIABAHN W/HEPARIN 6MM X 10CM","ScpuChSup46949","CDM","278","RC","C1874","HCPCS","","","facility","both","","","","22366.01","22366.01","","","","","","","","","","","","","Gross Charge Type: Main Acute Price List"
"STENT, VIABAHN W/HEPARIN 6MM X 25CM","CspuChSup56820","CDM","278","RC","C1874","HCPCS","","","facility","both","","","","40943.78","40943.78","","","","","","","","","","","","","Gross Charge Type: Main Acute Price List"
"STENT, VIABAHN W/HEPARIN 6MM X 5CM","GastWmSup47085","CDM","278","RC","C1874","HCPCS","","","facility","both","","","","20228.58","20228.58","","","","","","","","","","","","","Gross Charge Type: Main Acute Price List"
"STENT, VIABAHN W/HEPARIN 7MM X 10CM","AnesChSup46952","CDM","278","RC","C1874","HCPCS","","","facility","both","","","","22366.01","22366.01","","","","","","","","","","","","","Gross Charge Type: Main Acute Price List"
"STENT, VIABAHN W/HEPARIN 7MM X 2.5CM","GyscChSup47086","CDM","278","RC","C1874","HCPCS","","","facility","both","","","","20228.58","20228.58","","","","","","","","","","","","","Gross Charge Type: Main Acute Price List"
"STENT, VIABAHN W/HEPARIN 7MM X 25CM","CcthChSup56819","CDM","278","RC","C1874","HCPCS","","","facility","both","","","","40943.78","40943.78","","","","","","","","","","","","","Gross Charge Type: Main Acute Price List"
"STENT, VIABAHN W/HEPARIN 7MM X 25CM","ScorWmSup56819","CDM","278","RC","C1874","HCPCS","","","facility","both","","","","40943.78","40943.78","","","","","","","","","","","","","Gross Charge Type: Main Acute Price List"
"STENT, VIABAHN W/HEPARIN 7MM X 5CM","OperWmSup47087","CDM","278","RC","C1874","HCPCS","","","facility","both","","","","20228.58","20228.58","","","","","","","","","","","","","Gross Charge Type: Main Acute Price List"
"STENT, VIABAHN W/HEPARIN 7MM X 5CM","ScanChSup47087","CDM","278","RC","C1874","HCPCS","","","facility","both","","","","20228.58","20228.58","","","","","","","","","","","","","Gross Charge Type: Main Acute Price List"
"STENT, VIABAHN W/HEPARIN 8MM X 10CM","EplbChSup46953","CDM","278","RC","C1874","HCPCS","","","facility","both","","","","21030.57","21030.57","","","","","","","","","","","","","Gross Charge Type: Main Acute Price List"
"STENT, VIABAHN W/HEPARIN 8MM X 15CM","ScanWmSup47089","CDM","278","RC","C1874","HCPCS","","","facility","both","","","","24940.78","24940.78","","","","","","","","","","","","","Gross Charge Type: Main Acute Price List"
"STENT, VIATORR TIPS ENDO 8-10 MM X6CM","ScpuWmSup73706","CDM","272","RC","C1874","HCPCS","","","facility","both","","","","29566.74","29566.74","","","","","","","","","","","","","Gross Charge Type: Main Acute Price List"
"STENT, VICI VENOUS 14X60X100","EplbChSup78717","CDM","278","RC","C1876","HCPCS","","","facility","both","","","","9267.12","9267.12","","","","","","","","","","","","","Gross Charge Type: Main Acute Price List"
"STENT, VICI VENOUS 14X60X100","ScanWmSup78717","CDM","278","RC","C1876","HCPCS","","","facility","both","","","","9267.12","9267.12","","","","","","","","","","","","","Gross Charge Type: Main Acute Price List"
"STENT, VISI-PRO 7 X 17 X 80","CcthChSup44909","CDM","278","RC","C1876","HCPCS","","","facility","both","","","","3909.57","3909.57","","","","","","","","","","","","","Gross Charge Type: Main Acute Price List"
"STENT, VISI-PRO 7 X 17 X 80","ScorChSup44909","CDM","278","RC","C1876","HCPCS","","","facility","both","","","","3909.57","3909.57","","","","","","","","","","","","","Gross Charge Type: Main Acute Price List"
"STENT, VISION RX 3.50 X 12","Wilm5439080","CDM","278","RC","C1876","HCPCS","","","facility","both","","","","2027.18","2027.18","","","","","","","","","","","","","Gross Charge Type: Main Acute Price List"
"STENT, WALL 8MM/20MM","OperWmSup8028","CDM","278","RC","C1876","HCPCS","","","facility","both","","","","5851.75","5851.75","","","","","","","","","","","","","Gross Charge Type: Main Acute Price List"
"STENT, WALL HALO 6FR.8MMX60MM","OperWmSup202317","CDM","278","RC","C1876","HCPCS","","","facility","both","","","","5851.75","5851.75","","","","","","","","","","","","","Gross Charge Type: Main Acute Price List"
"STENT, WALL HALO 6FR.8MMX60MM","PacuWmSup202317","CDM","278","RC","C1876","HCPCS","","","facility","both","","","","5851.75","5851.75","","","","","","","","","","","","","Gross Charge Type: Main Acute Price List"
"STENT, WALL HALO 6FR.8MMX60MM","ScorWmSup202317","CDM","278","RC","C1876","HCPCS","","","facility","both","","","","5851.75","5851.75","","","","","","","","","","","","","Gross Charge Type: Main Acute Price List"
"STENT, WALL HALO 6FR.8MMX60MM","ScpuWmSup202317","CDM","278","RC","C1876","HCPCS","","","facility","both","","","","5851.75","5851.75","","","","","","","","","","","","","Gross Charge Type: Main Acute Price List"
"STENT, WALL HALO 7FR.8MMX40MM","AngiChSup202316","CDM","278","RC","C1876","HCPCS","","","facility","both","","","","5851.75","5851.75","","","","","","","","","","","","","Gross Charge Type: Main Acute Price List"
"STENT, WALL HALO 7FR.8MMX40MM","ScorWmSup202316","CDM","278","RC","C1876","HCPCS","","","facility","both","","","","5851.75","5851.75","","","","","","","","","","","","","Gross Charge Type: Main Acute Price List"
"STENT, WALL INTERNAL 22X60","OperChSup212771","CDM","278","RC","C1876","HCPCS","","","facility","both","","","","9807.51","9807.51","","","","","","","","","","","","","Gross Charge Type: Main Acute Price List"
"STENT, WALL RX 10X40MM COVERED","AngiWmSup27358","CDM","278","RC","C1876","HCPCS","","","facility","both","","","","9242.21","9242.21","","","","","","","","","","","","","Gross Charge Type: Main Acute Price List"
"STENT, WALL RX 10X60MM UNCOVERED","PacuChSup27359","CDM","278","RC","C1876","HCPCS","","","facility","both","","","","7850.41","7850.41","","","","","","","","","","","","","Gross Charge Type: Main Acute Price List"
"STENT, WALLFLEX BILIARY FULL CVR 10MM X 40MM 8.5F .035","ScorWmSup49715","CDM","278","RC","","","","","facility","both","","","","14783.38","14783.38","","","","","","","","","","","","","Gross Charge Type: Main Acute Price List"
"STENT, WALLFLEX BILIARY FULL CVR 10MM X 60MM 8.5F .035","AngiChSup49716","CDM","278","RC","","","","","facility","both","","","","14783.38","14783.38","","","","","","","","","","","","","Gross Charge Type: Main Acute Price List"
"STENT, WALLFLEX BILIARY RX COVERED 10X80","EplbChSup41357","CDM","278","RC","C1874","HCPCS","","","facility","both","","","","16752.9","16752.9","","","","","","","","","","","","","Gross Charge Type: Main Acute Price List"
"STENT, WALLFLEX BILIARY RX COVERED 8X80","Wilm5441354","CDM","278","RC","C1874","HCPCS","","","facility","both","","","","15684.85","15684.85","","","","","","","","","","","","","Gross Charge Type: Main Acute Price List"
"STENT, WALLFLEX BILIARY RX UNCOVERED 10X40","OperChSup41362","CDM","278","RC","C1876","HCPCS","","","facility","both","","","","8931.62","8931.62","","","","","","","","","","","","","Gross Charge Type: Main Acute Price List"
"STENT, WALLFLEX BILIARY RX UNCOVERED 10X40","ScanWmSup41362","CDM","278","RC","C1876","HCPCS","","","facility","both","","","","8931.62","8931.62","","","","","","","","","","","","","Gross Charge Type: Main Acute Price List"
"STENT, WALLFLEX BILIARY RX UNCOVERED 8X80","ScpuChSup41360","CDM","278","RC","C1876","HCPCS","","","facility","both","","","","8931.62","8931.62","","","","","","","","","","","","","Gross Charge Type: Main Acute Price List"
"STENT, WALLFLEX BILIARY RX UNCOVERED 8X80","ScpuWmSup41360","CDM","278","RC","C1876","HCPCS","","","facility","both","","","","8931.62","8931.62","","","","","","","","","","","","","Gross Charge Type: Main Acute Price List"
"STENT, WALLFLEX DUODENAL SINGLE 22X90MM","CcthChSup46623","CDM","278","RC","C1876","HCPCS","","","facility","both","","","","11703.51","11703.51","","","","","","","","","","","","","Gross Charge Type: Main Acute Price List"
"STENT, WALLFLEX DUODENAL SINGLE 22X90MM","Wilm5446623","CDM","278","RC","C1876","HCPCS","","","facility","both","","","","11703.51","11703.51","","","","","","","","","","","","","Gross Charge Type: Main Acute Price List"
"STENT, WALLFLEX ESOPHAGEAL FC 18X103MM","Wilm5459803","CDM","278","RC","C1874","HCPCS","","","facility","both","","","","10779.55","10779.55","","","","","","","","","","","","","Gross Charge Type: Main Acute Price List"
"STENT, WALLFLEX PC ESOPH 18X23 12X9","ScorWmSup41343","CDM","278","RC","C1874","HCPCS","","","facility","both","","","","10163.56","10163.56","","","","","","","","","","","","","Gross Charge Type: Main Acute Price List"
"STENT, WALLFLEX PC ESOPH 18X23 15X12","OperWmSup41344","CDM","278","RC","C1874","HCPCS","","","facility","both","","","","13937.09","13937.09","","","","","","","","","","","","","Gross Charge Type: Main Acute Price List"
"STENT, WALLFLEX PC ESOPH 23X28 15X12","GastWmSup41347","CDM","278","RC","C1874","HCPCS","","","facility","both","","","","10163.56","10163.56","","","","","","","","","","","","","Gross Charge Type: Main Acute Price List"
"STENT, WINGSPAN 3.0X15","GyscChSup35423","CDM","278","RC","","","","","facility","both","","","","49427.64","49427.64","","","","","","","","","","","","","Gross Charge Type: Main Acute Price List"
"STENT, WINGSPAN 4.0X20","PacuChSup35426","CDM","278","RC","C1876","HCPCS","","","facility","both","","","","49427.64","49427.64","","","","","","","","","","","","","Gross Charge Type: Main Acute Price List"
"STENT, WINGSPAN 4.5X20","AnesChSup36354","CDM","278","RC","","","","","facility","both","","","","49427.64","49427.64","","","","","","","","","","","","","Gross Charge Type: Main Acute Price List"
"STENT, WINGSPAN 4.5X20","GyscChSup36354","CDM","278","RC","","","","","facility","both","","","","49427.64","49427.64","","","","","","","","","","","","","Gross Charge Type: Main Acute Price List"
"STENT, XACT CAROTID 9X7MM T X 40MM","AnesWmSup29985","CDM","278","RC","C1876","HCPCS","","","facility","both","","","","10135.91","10135.91","","","","","","","","","","","","","Gross Charge Type: Main Acute Price List"
"STENT, XACT CAROTID 9X7MM T X 40MM","GyscChSup29985","CDM","278","RC","C1876","HCPCS","","","facility","both","","","","10135.91","10135.91","","","","","","","","","","","","","Gross Charge Type: Main Acute Price List"
"STENT, XACT CAROTID 9X7MM T X 40MM","ScanChSup29985","CDM","278","RC","C1876","HCPCS","","","facility","both","","","","10135.91","10135.91","","","","","","","","","","","","","Gross Charge Type: Main Acute Price List"
"STENT, XACT COROTID 10X8MM T X 40MM","GyscChSup29975","CDM","278","RC","C1876","HCPCS","","","facility","both","","","","10135.91","10135.91","","","","","","","","","","","","","Gross Charge Type: Main Acute Price List"
"STENT, XACT COROTID 10X8MM T X 40MM","PacuChSup29975","CDM","278","RC","C1876","HCPCS","","","facility","both","","","","10135.91","10135.91","","","","","","","","","","","","","Gross Charge Type: Main Acute Price List"
"STENT, XIENCE SKYPOINT DES 2.25 X 15 RX US","GastChSup109937","CDM","272","RC","C1874","HCPCS","","","facility","both","","","","3757.45","3757.45","","","","","","","","","","","","","Gross Charge Type: Main Acute Price List"
"STENT, XIENCE SKYPOINT DES 2.25 X 23 RX US","ScpuWmSup109939","CDM","272","RC","C1874","HCPCS","","","facility","both","","","","3757.45","3757.45","","","","","","","","","","","","","Gross Charge Type: Main Acute Price List"
"STENT, XIENCE SKYPOINT DES 2.25 X 28 RX US","PacuChSup109940","CDM","272","RC","C1874","HCPCS","","","facility","both","","","","3757.45","3757.45","","","","","","","","","","","","","Gross Charge Type: Main Acute Price List"
"STENT, XIENCE SKYPOINT DES 2.25 X 38 RX US","AnesChSup109942","CDM","272","RC","C1874","HCPCS","","","facility","both","","","","3757.45","3757.45","","","","","","","","","","","","","Gross Charge Type: Main Acute Price List"
"STENT, XIENCE SKYPOINT DES 2.50 X 08 RX US","AnesChSup109943","CDM","272","RC","C1874","HCPCS","","","facility","both","","","","3757.45","3757.45","","","","","","","","","","","","","Gross Charge Type: Main Acute Price List"
"STENT, XIENCE SKYPOINT DES 2.50 X 12 RX US","AnesWmSup109944","CDM","272","RC","C1874","HCPCS","","","facility","both","","","","3757.45","3757.45","","","","","","","","","","","","","Gross Charge Type: Main Acute Price List"
"STENT, XIENCE SKYPOINT DES 2.50 X 15 RX US","ScpuWmSup109945","CDM","272","RC","C1874","HCPCS","","","facility","both","","","","3757.45","3757.45","","","","","","","","","","","","","Gross Charge Type: Main Acute Price List"
"STENT, XIENCE SKYPOINT DES 2.50 X 18 RX US","ScorWmSup109946","CDM","272","RC","C1874","HCPCS","","","facility","both","","","","3757.45","3757.45","","","","","","","","","","","","","Gross Charge Type: Main Acute Price List"
"STENT, XIENCE SKYPOINT DES 2.75 X 08 RX US","AnesWmSup109967","CDM","272","RC","C1874","HCPCS","","","facility","both","","","","3533.09","3533.09","","","","","","","","","","","","","Gross Charge Type: Main Acute Price List"
"STENT, XIENCE SKYPOINT DES 2.75 X 08 RX US","GastChSup109967","CDM","272","RC","C1874","HCPCS","","","facility","both","","","","3533.09","3533.09","","","","","","","","","","","","","Gross Charge Type: Main Acute Price List"
"STENT, XIENCE SKYPOINT DES 2.75 X 12 RX US","EplbChSup109968","CDM","272","RC","C1874","HCPCS","","","facility","both","","","","3757.45","3757.45","","","","","","","","","","","","","Gross Charge Type: Main Acute Price List"
"STENT, XIENCE SKYPOINT DES 3.00 X 12 RX US","ScorChSup109984","CDM","272","RC","C1874","HCPCS","","","facility","both","","","","3757.45","3757.45","","","","","","","","","","","","","Gross Charge Type: Main Acute Price List"
"STENT, XIENCE SKYPOINT DES 3.00 X 12 RX US","ScpuChSup109984","CDM","272","RC","C1874","HCPCS","","","facility","both","","","","3757.45","3757.45","","","","","","","","","","","","","Gross Charge Type: Main Acute Price List"
"STENT, XIENCE SKYPOINT DES 3.00 X 18 RX US","CcthChSup109986","CDM","272","RC","C1874","HCPCS","","","facility","both","","","","3757.45","3757.45","","","","","","","","","","","","","Gross Charge Type: Main Acute Price List"
"STENT, XIENCE SKYPOINT DES 3.00 X 28 RX US","ScpuChSup109988","CDM","272","RC","C1874","HCPCS","","","facility","both","","","","3757.45","3757.45","","","","","","","","","","","","","Gross Charge Type: Main Acute Price List"
"STENT, XIENCE SKYPOINT DES 3.25 X 23 RX US","AnesChSup109955","CDM","272","RC","C1874","HCPCS","","","facility","both","","","","3757.45","3757.45","","","","","","","","","","","","","Gross Charge Type: Main Acute Price List"
"STENT, XIENCE SKYPOINT DES 3.25 X 23 RX US","OperWmSup109955","CDM","272","RC","C1874","HCPCS","","","facility","both","","","","3757.45","3757.45","","","","","","","","","","","","","Gross Charge Type: Main Acute Price List"
"STENT, XIENCE SKYPOINT DES 3.25 X 28 RX US","CspuChSup109956","CDM","272","RC","C1874","HCPCS","","","facility","both","","","","3533.09","3533.09","","","","","","","","","","","","","Gross Charge Type: Main Acute Price List"
"STENT, XIENCE SKYPOINT DES 3.25 X 33 RX US","GastChSup109957","CDM","272","RC","C1874","HCPCS","","","facility","both","","","","3757.45","3757.45","","","","","","","","","","","","","Gross Charge Type: Main Acute Price List"
"STENT, XIENCE SKYPOINT DES 3.25 X 33 RX US","OperChSup109957","CDM","272","RC","C1874","HCPCS","","","facility","both","","","","3757.45","3757.45","","","","","","","","","","","","","Gross Charge Type: Main Acute Price List"
"STENT, XIENCE SKYPOINT DES 3.25 X 38 RX US","CcthChSup109958","CDM","272","RC","C1874","HCPCS","","","facility","both","","","","3757.45","3757.45","","","","","","","","","","","","","Gross Charge Type: Main Acute Price List"
"STENT, XIENCE SKYPOINT DES 3.25 X 38 RX US","GastChSup109958","CDM","272","RC","C1874","HCPCS","","","facility","both","","","","3757.45","3757.45","","","","","","","","","","","","","Gross Charge Type: Main Acute Price List"
"STENT, XIENCE SKYPOINT DES 3.25 X 38 RX US","PacuWmSup109958","CDM","272","RC","C1874","HCPCS","","","facility","both","","","","3757.45","3757.45","","","","","","","","","","","","","Gross Charge Type: Main Acute Price List"
"STENT, XIENCE SKYPOINT DES 3.25 X 38 RX US","ScanWmSup109958","CDM","272","RC","C1874","HCPCS","","","facility","both","","","","3757.45","3757.45","","","","","","","","","","","","","Gross Charge Type: Main Acute Price List"
"STENT, XIENCE SKYPOINT DES 3.50 X 15 RX US","CspuChSup109961","CDM","272","RC","C1874","HCPCS","","","facility","both","","","","3757.45","3757.45","","","","","","","","","","","","","Gross Charge Type: Main Acute Price List"
"STENT, XIENCE SKYPOINT DES 3.50 X 15 RX US","PacuWmSup109961","CDM","272","RC","C1874","HCPCS","","","facility","both","","","","3757.45","3757.45","","","","","","","","","","","","","Gross Charge Type: Main Acute Price List"
"STENT, XIENCE SKYPOINT DES 3.50 X 28 RX US","AngiChSup109964","CDM","272","RC","C1874","HCPCS","","","facility","both","","","","3757.45","3757.45","","","","","","","","","","","","","Gross Charge Type: Main Acute Price List"
"STENT, XIENCE SKYPOINT DES 3.50 X 38 RX US","GastChSup109966","CDM","272","RC","C1874","HCPCS","","","facility","both","","","","3757.45","3757.45","","","","","","","","","","","","","Gross Charge Type: Main Acute Price List"
"STENT, XIENCE SKYPOINT DES 3.50 X 38 RX US","ScanWmSup109966","CDM","272","RC","C1874","HCPCS","","","facility","both","","","","3757.45","3757.45","","","","","","","","","","","","","Gross Charge Type: Main Acute Price List"
"STENT, XIENCE SKYPOINT DES 4.00 X 08 RX US","AnesChSup109975","CDM","272","RC","C1874","HCPCS","","","facility","both","","","","3757.45","3757.45","","","","","","","","","","","","","Gross Charge Type: Main Acute Price List"
"STENT, XIENCE SKYPOINT DES 4.00 X 08 RX US","EplbChSup109975","CDM","272","RC","C1874","HCPCS","","","facility","both","","","","3757.45","3757.45","","","","","","","","","","","","","Gross Charge Type: Main Acute Price List"
"STENT, XIENCE SKYPOINT DES 4.00 X 12 RX US","AngiChSup109976","CDM","272","RC","C1874","HCPCS","","","facility","both","","","","3757.45","3757.45","","","","","","","","","","","","","Gross Charge Type: Main Acute Price List"
"STENT, XIENCE SKYPOINT DES 4.00 X 12 RX US","ScorWmSup109976","CDM","272","RC","C1874","HCPCS","","","facility","both","","","","3757.45","3757.45","","","","","","","","","","","","","Gross Charge Type: Main Acute Price List"
"STENT, XIENCE SKYPOINT DES 4.00 X 18 RX US","AngiWmSup109978","CDM","272","RC","C1874","HCPCS","","","facility","both","","","","3757.45","3757.45","","","","","","","","","","","","","Gross Charge Type: Main Acute Price List"
"STENT, XIENCE SKYPOINT DES 4.00 X 33 RX US","CspuChSup109981","CDM","272","RC","C1874","HCPCS","","","facility","both","","","","3757.45","3757.45","","","","","","","","","","","","","Gross Charge Type: Main Acute Price List"
"STENT, XIENCE SKYPOINT DES 4.00 X 33 RX US","ScanWmSup109981","CDM","272","RC","C1874","HCPCS","","","facility","both","","","","3757.45","3757.45","","","","","","","","","","","","","Gross Charge Type: Main Acute Price List"
"STENT, XIENCE SKYPOINT DES 4.00 X 38 RX US","GastWmSup109982","CDM","272","RC","C1874","HCPCS","","","facility","both","","","","3757.45","3757.45","","","","","","","","","","","","","Gross Charge Type: Main Acute Price List"
"STENT, XIENCE SKYPOINT DES 4.50 X 12 RX US","AnesWmSup114566","CDM","278","RC","C1874","HCPCS","","","facility","both","","","","4631.59","4631.59","","","","","","","","","","","","","Gross Charge Type: Main Acute Price List"
"STENT, XIENCE SKYPOINT DES 4.50 X 12 RX US","ScpuChSup114566","CDM","278","RC","C1874","HCPCS","","","facility","both","","","","4631.59","4631.59","","","","","","","","","","","","","Gross Charge Type: Main Acute Price List"
"STENT, XIENCE SKYPOINT DES 4.50 X 23 RX US","DelrChSup114569","CDM","278","RC","C1874","HCPCS","","","facility","both","","","","4631.59","4631.59","","","","","","","","","","","","","Gross Charge Type: Main Acute Price List"
"STENT, XIENCE SKYPOINT DES 4.50 X 28 RX US","AnesChSup114570","CDM","278","RC","C1874","HCPCS","","","facility","both","","","","4631.59","4631.59","","","","","","","","","","","","","Gross Charge Type: Main Acute Price List"
"STENT, XIENCE SKYPOINT DES 4.50 X 33 RX US","OperWmSup114571","CDM","278","RC","C1874","HCPCS","","","facility","both","","","","4631.59","4631.59","","","","","","","","","","","","","Gross Charge Type: Main Acute Price List"
"STENT, XIENCE SKYPOINT DES 5.00 X 15 RX US","PacuWmSup114573","CDM","278","RC","C1874","HCPCS","","","facility","both","","","","4631.59","4631.59","","","","","","","","","","","","","Gross Charge Type: Main Acute Price List"
"STENT, XIENCE SKYPOINT DES 5.00 X 15 RX US","ScanWmSup114573","CDM","278","RC","C1874","HCPCS","","","facility","both","","","","4631.59","4631.59","","","","","","","","","","","","","Gross Charge Type: Main Acute Price List"
"STENT, XIENCE SKYPOINT DES 5.00 X 18 RX US","GastChSup114574","CDM","278","RC","C1874","HCPCS","","","facility","both","","","","4355.04","4355.04","","","","","","","","","","","","","Gross Charge Type: Main Acute Price List"
"STENT, XIENCE SKYPOINT DES 5.00 X 23 RX US","PacuChSup114575","CDM","278","RC","C1874","HCPCS","","","facility","both","","","","4631.59","4631.59","","","","","","","","","","","","","Gross Charge Type: Main Acute Price List"
"STENT, XIENCE SKYPOINT DES 5.00 X 33 RX US","EplbChSup114577","CDM","278","RC","C1874","HCPCS","","","facility","both","","","","4631.59","4631.59","","","","","","","","","","","","","Gross Charge Type: Main Acute Price List"
"STENT, Y DUMON NOVATECH 16X13","ScpuWmSup36705","CDM","278","RC","C1876","HCPCS","","","facility","both","","","","6498.53","6498.53","","","","","","","","","","","","","Gross Charge Type: Main Acute Price List"
"STENT, Y DUMON NOVATECH 18X13","GastWmSup36706","CDM","278","RC","C1876","HCPCS","","","facility","both","","","","6498.53","6498.53","","","","","","","","","","","","","Gross Charge Type: Main Acute Price List"
"STENT, ZILVER DE PERIPHERAL .035 6FR 6MM X 80CM X 125CM","ScpuChSup55398","CDM","278","RC","C1874","HCPCS","","","facility","both","","","","10396.55","10396.55","","","","","","","","","","","","","Gross Charge Type: Main Acute Price List"
"STENT, ZILVER DE PERIPHERAL .035 6MM X 40CM","OperWmSup55885","CDM","278","RC","C1874","HCPCS","","","facility","both","","","","6805.54","6805.54","","","","","","","","","","","","","Gross Charge Type: Main Acute Price List"
"STENT, ZILVER DE PERIPHERAL .035 6MM X 40CM","ScanChSup55885","CDM","278","RC","C1874","HCPCS","","","facility","both","","","","6805.54","6805.54","","","","","","","","","","","","","Gross Charge Type: Main Acute Price List"
"STENT, ZILVER PTX 5MM X 120MM","PacuChSup106536","CDM","278","RC","C1874","HCPCS","","","facility","both","","","","12713.28","12713.28","","","","","","","","","","","","","Gross Charge Type: Main Acute Price List"
"STENT, ZILVER PTX 5MM X 120MM","ScanChSup106536","CDM","278","RC","C1874","HCPCS","","","facility","both","","","","12713.28","12713.28","","","","","","","","","","","","","Gross Charge Type: Main Acute Price List"
"STENT, ZILVER PTX 5MM X 40MM","EplbChSup106532","CDM","278","RC","C1874","HCPCS","","","facility","both","","","","7964.49","7964.49","","","","","","","","","","","","","Gross Charge Type: Main Acute Price List"
"STENT, ZILVER PTX 6MM X 140CM","AnesChSup106583","CDM","278","RC","C1874","HCPCS","","","facility","both","","","","7915.95","7915.95","","","","","","","","","","","","","Gross Charge Type: Main Acute Price List"
"STENT, ZILVER PTX DE PERIPHERAL 8MM X 60MM","ScanWmSup108611","CDM","278","RC","C1874","HCPCS","","","facility","both","","","","9527.71","9527.71","","","","","","","","","","","","","Gross Charge Type: Main Acute Price List"
"STENT, ZILVER PTX DE PERIPHERAL 8MM X 80MM","CcthChSup108613","CDM","278","RC","C1874","HCPCS","","","facility","both","","","","11439.05","11439.05","","","","","","","","","","","","","Gross Charge Type: Main Acute Price List"
"STENT, ZILVER VENA .035 80CM 10MM X 40MM","GastWmSup108249","CDM","278","RC","C1876","HCPCS","","","facility","both","","","","10471.56","10471.56","","","","","","","","","","","","","Gross Charge Type: Main Acute Price List"
"STENT, ZILVER VENA .035 80CM 10MM X 40MM","PacuChSup108249","CDM","278","RC","C1876","HCPCS","","","facility","both","","","","10471.56","10471.56","","","","","","","","","","","","","Gross Charge Type: Main Acute Price List"
"STENT, ZILVER VENA .035 80CM 10MM X 60MM","CspuChSup108250","CDM","278","RC","C1876","HCPCS","","","facility","both","","","","10471.56","10471.56","","","","","","","","","","","","","Gross Charge Type: Main Acute Price List"
"STENT, ZILVER VENA .035 80CM 12MM X 140MM","GastChSup108264","CDM","278","RC","C1876","HCPCS","","","facility","both","","","","10779.55","10779.55","","","","","","","","","","","","","Gross Charge Type: Main Acute Price List"
"STENT, ZILVER VENA .035 80CM 14MM X 140MM","EplbChSup108270","CDM","278","RC","C1876","HCPCS","","","facility","both","","","","10779.55","10779.55","","","","","","","","","","","","","Gross Charge Type: Main Acute Price List"
"STENT,AMPLATZ URETERAL 10.2 X 26 DOUBLE J","DelrChSup67976","CDM","278","RC","C2625","HCPCS","","","facility","both","","","","1007.06","1007.06","","","","","","","","","","","","","Gross Charge Type: Main Acute Price List"
"STENT,DE RESOLUTE ONYX RX COR 2.0 X 18MM","OperChSup76551","CDM","278","RC","C1874","HCPCS","","","facility","both","","","","4923.16","4923.16","","","","","","","","","","","","","Gross Charge Type: Main Acute Price List"
"STENT,DE RESOLUTE ONYX RX COR 2.0 X 22MM","EplbChSup76552","CDM","278","RC","C1874","HCPCS","","","facility","both","","","","4923.16","4923.16","","","","","","","","","","","","","Gross Charge Type: Main Acute Price List"
"STENT,DE RESOLUTE ONYX RX COR 2.0 X 30MM","CcthChSup76554","CDM","278","RC","C1874","HCPCS","","","facility","both","","","","4923.16","4923.16","","","","","","","","","","","","","Gross Charge Type: Main Acute Price List"
"STENT,DE RESOLUTE ONYX RX COR 2.0 X 30MM","ScorWmSup76554","CDM","278","RC","C1874","HCPCS","","","facility","both","","","","4923.16","4923.16","","","","","","","","","","","","","Gross Charge Type: Main Acute Price List"
"STENT,DE RESOLUTE ONYX RX COR 2.25 X 12MM","PacuChSup76483","CDM","278","RC","C1874","HCPCS","","","facility","both","","","","4923.16","4923.16","","","","","","","","","","","","","Gross Charge Type: Main Acute Price List"
"STENT,DE RESOLUTE ONYX RX COR 2.25 X 15MM","AnesWmSup76484","CDM","278","RC","C1874","HCPCS","","","facility","both","","","","4923.16","4923.16","","","","","","","","","","","","","Gross Charge Type: Main Acute Price List"
"STENT,DE RESOLUTE ONYX RX COR 2.25 X 18MM","ScanChSup76485","CDM","278","RC","C1874","HCPCS","","","facility","both","","","","4923.16","4923.16","","","","","","","","","","","","","Gross Charge Type: Main Acute Price List"
"STENT,DE RESOLUTE ONYX RX COR 2.25 X 22MM","AnesChSup76486","CDM","278","RC","C1874","HCPCS","","","facility","both","","","","4923.16","4923.16","","","","","","","","","","","","","Gross Charge Type: Main Acute Price List"
"STENT,DE RESOLUTE ONYX RX COR 2.25 X 22MM","CcthChSup76486","CDM","278","RC","C1874","HCPCS","","","facility","both","","","","4923.16","4923.16","","","","","","","","","","","","","Gross Charge Type: Main Acute Price List"
"STENT,DE RESOLUTE ONYX RX COR 2.25 X 30MM","DelrChSup76488","CDM","278","RC","C1874","HCPCS","","","facility","both","","","","4923.16","4923.16","","","","","","","","","","","","","Gross Charge Type: Main Acute Price List"
"STENT,DE RESOLUTE ONYX RX COR 2.25 X 30MM","GyscChSup76488","CDM","278","RC","C1874","HCPCS","","","facility","both","","","","4923.16","4923.16","","","","","","","","","","","","","Gross Charge Type: Main Acute Price List"
"STENT,DE RESOLUTE ONYX RX COR 2.50 X 15MM","DelrChSup76493","CDM","278","RC","C1874","HCPCS","","","facility","both","","","","4923.16","4923.16","","","","","","","","","","","","","Gross Charge Type: Main Acute Price List"
"STENT,DE RESOLUTE ONYX RX COR 2.50 X 15MM","ScanWmSup76493","CDM","278","RC","C1874","HCPCS","","","facility","both","","","","4923.16","4923.16","","","","","","","","","","","","","Gross Charge Type: Main Acute Price List"
"STENT,DE RESOLUTE ONYX RX COR 2.50 X 22MM","CspuChSup76495","CDM","278","RC","C1874","HCPCS","","","facility","both","","","","4923.16","4923.16","","","","","","","","","","","","","Gross Charge Type: Main Acute Price List"
"STENT,DE RESOLUTE ONYX RX COR 2.50 X 22MM","OperChSup76495","CDM","278","RC","C1874","HCPCS","","","facility","both","","","","4923.16","4923.16","","","","","","","","","","","","","Gross Charge Type: Main Acute Price List"
"STENT,DE RESOLUTE ONYX RX COR 2.50 X 26MM","ScanWmSup76496","CDM","278","RC","C1874","HCPCS","","","facility","both","","","","4923.16","4923.16","","","","","","","","","","","","","Gross Charge Type: Main Acute Price List"
"STENT,DE RESOLUTE ONYX RX COR 2.50 X 38MM","AnesWmSup76499","CDM","278","RC","C1874","HCPCS","","","facility","both","","","","4923.16","4923.16","","","","","","","","","","","","","Gross Charge Type: Main Acute Price List"
"STENT,DE RESOLUTE ONYX RX COR 2.50 X 8MM","ScpuWmSup76491","CDM","278","RC","C1874","HCPCS","","","facility","both","","","","4923.16","4923.16","","","","","","","","","","","","","Gross Charge Type: Main Acute Price List"
"STENT,DE RESOLUTE ONYX RX COR 2.75 X 12MM","GyscChSup76501","CDM","278","RC","C1874","HCPCS","","","facility","both","","","","4923.16","4923.16","","","","","","","","","","","","","Gross Charge Type: Main Acute Price List"
"STENT,DE RESOLUTE ONYX RX COR 2.75 X 18MM","ScanChSup76503","CDM","278","RC","C1874","HCPCS","","","facility","both","","","","4923.16","4923.16","","","","","","","","","","","","","Gross Charge Type: Main Acute Price List"
"STENT,DE RESOLUTE ONYX RX COR 2.75 X 34MM","CspuChSup76507","CDM","278","RC","C1874","HCPCS","","","facility","both","","","","4923.16","4923.16","","","","","","","","","","","","","Gross Charge Type: Main Acute Price List"
"STENT,DE RESOLUTE ONYX RX COR 2.75 X 38MM","PacuChSup76508","CDM","278","RC","C1874","HCPCS","","","facility","both","","","","4923.16","4923.16","","","","","","","","","","","","","Gross Charge Type: Main Acute Price List"
"STENT,DE RESOLUTE ONYX RX COR 3.0 X 18MM","CcthChSup76512","CDM","278","RC","C1874","HCPCS","","","facility","both","","","","4923.16","4923.16","","","","","","","","","","","","","Gross Charge Type: Main Acute Price List"
"STENT,DE RESOLUTE ONYX RX COR 3.5 X 22MM","CspuChSup76522","CDM","278","RC","C1874","HCPCS","","","facility","both","","","","4923.16","4923.16","","","","","","","","","","","","","Gross Charge Type: Main Acute Price List"
"STENT,DE RESOLUTE ONYX RX COR 3.5 X 38MM","AngiChSup76526","CDM","278","RC","C1874","HCPCS","","","facility","both","","","","4923.16","4923.16","","","","","","","","","","","","","Gross Charge Type: Main Acute Price List"
"STENT,DE RESOLUTE ONYX RX COR 3.5 X 8MM","AnesChSup76518","CDM","278","RC","C1874","HCPCS","","","facility","both","","","","4923.16","4923.16","","","","","","","","","","","","","Gross Charge Type: Main Acute Price List"
"STENT,DE RESOLUTE ONYX RX COR 3.5 X 8MM","PacuChSup76518","CDM","278","RC","C1874","HCPCS","","","facility","both","","","","4923.16","4923.16","","","","","","","","","","","","","Gross Charge Type: Main Acute Price List"
"STENT,DE RESOLUTE ONYX RX COR 3.5 X 8MM","ScorChSup76518","CDM","278","RC","C1874","HCPCS","","","facility","both","","","","4923.16","4923.16","","","","","","","","","","","","","Gross Charge Type: Main Acute Price List"
"STENT,DE RESOLUTE ONYX RX COR 4.0 X 18MM","ScorChSup76530","CDM","278","RC","C1874","HCPCS","","","facility","both","","","","4923.16","4923.16","","","","","","","","","","","","","Gross Charge Type: Main Acute Price List"
"STENT,DE RESOLUTE ONYX RX COR 4.0 X 22MM","GastWmSup76531","CDM","278","RC","C1874","HCPCS","","","facility","both","","","","5235.78","5235.78","","","","","","","","","","","","","Gross Charge Type: Main Acute Price List"
"STENT,DE RESOLUTE ONYX RX COR 4.0 X 22MM","OperWmSup76531","CDM","278","RC","C1874","HCPCS","","","facility","both","","","","5235.78","5235.78","","","","","","","","","","","","","Gross Charge Type: Main Acute Price List"
"STENT,DE RESOLUTE ONYX RX COR 4.0 X 38MM","GastWmSup76535","CDM","278","RC","C1874","HCPCS","","","facility","both","","","","4923.16","4923.16","","","","","","","","","","","","","Gross Charge Type: Main Acute Price List"
"STENT,DE RESOLUTE ONYX RX COR 4.0 X 8MM","CspuChSup76527","CDM","278","RC","C1874","HCPCS","","","facility","both","","","","4923.16","4923.16","","","","","","","","","","","","","Gross Charge Type: Main Acute Price List"
"STENT,DE RESOLUTE ONYX XLV RX COR 4.5X15MM","CspuChSup76537","CDM","278","RC","C1874","HCPCS","","","facility","both","","","","4923.16","4923.16","","","","","","","","","","","","","Gross Charge Type: Main Acute Price List"
"STENT,DE RESOLUTE ONYX XLV RX COR 4.5X30MM","EplbChSup76541","CDM","278","RC","C1874","HCPCS","","","facility","both","","","","4666.5","4666.5","","","","","","","","","","","","","Gross Charge Type: Main Acute Price List"
"STENT,DE RESOLUTE ONYX XLV RX COR 5.0X12MM","PacuChSup76542","CDM","278","RC","C1874","HCPCS","","","facility","both","","","","5235.78","5235.78","","","","","","","","","","","","","Gross Charge Type: Main Acute Price List"
"STENT,DE RESOLUTE ONYX XLV RX COR 5.0X22MM","AnesWmSup76545","CDM","278","RC","C1874","HCPCS","","","facility","both","","","","4923.16","4923.16","","","","","","","","","","","","","Gross Charge Type: Main Acute Price List"
"STENT,DE RESOLUTE ONYX XLV RX COR 5.0X22MM","ScanChSup76545","CDM","278","RC","C1874","HCPCS","","","facility","both","","","","4923.16","4923.16","","","","","","","","","","","","","Gross Charge Type: Main Acute Price List"
"STENT,DUMON NOVAT HRGL 16/14/16 X 15/20/15","OperChSup67650","CDM","278","RC","C1877","HCPCS","","","facility","both","","","","3909.57","3909.57","","","","","","","","","","","","","Gross Charge Type: Main Acute Price List"
"STENT,DUMON NOVATE HRGL 12/10/12 X 15/20/15","GastChSup67647","CDM","278","RC","C1877","HCPCS","","","facility","both","","","","3909.57","3909.57","","","","","","","","","","","","","Gross Charge Type: Main Acute Price List"
"STENT,DUMON NOVATE HRGL 14/12/14 X 15/20/15","CLDRChSup67648","CDM","278","RC","C1877","HCPCS","","","facility","both","","","","4157.83","4157.83","","","","","","","","","","","","","Gross Charge Type: Main Acute Price List"
"STENT,DUMON NOVATE HRGL 15/13/15 X 15/20/15","CLDRChSup67649","CDM","278","RC","C1877","HCPCS","","","facility","both","","","","3909.57","3909.57","","","","","","","","","","","","","Gross Charge Type: Main Acute Price List"
"STENT,DUMON NOVATE HRGL 15/13/15 X 15/20/15","GastWmSup67649","CDM","278","RC","C1877","HCPCS","","","facility","both","","","","3909.57","3909.57","","","","","","","","","","","","","Gross Charge Type: Main Acute Price List"
"STENT,DUMON NOVATE HRGL 15/13/15 X 15/20/15","ScanChSup67649","CDM","278","RC","C1877","HCPCS","","","facility","both","","","","3909.57","3909.57","","","","","","","","","","","","","Gross Charge Type: Main Acute Price List"
"STENT,ELUVIA DE PERIPHERAL 6x120x130","PacuWmSup76301","CDM","278","RC","C1874","HCPCS","","","facility","both","","","","17832.44","17832.44","","","","","","","","","","","","","Gross Charge Type: Main Acute Price List"
"STENT,ELUVIA DE PERIPHERAL 6x40x130","EplbChSup76297","CDM","278","RC","C1874","HCPCS","","","facility","both","","","","12288.68","12288.68","","","","","","","","","","","","","Gross Charge Type: Main Acute Price List"
"STENT,ELUVIA DE PERIPHERAL 6x80x130","AnesWmSup76299","CDM","278","RC","C1874","HCPCS","","","facility","both","","","","15984.53","15984.53","","","","","","","","","","","","","Gross Charge Type: Main Acute Price List"
"STENT,ELUVIA DE PERIPHERAL 7x60x130","CLDRChSup76303","CDM","278","RC","C1874","HCPCS","","","facility","both","","","","14136.6","14136.6","","","","","","","","","","","","","Gross Charge Type: Main Acute Price List"
"STENT,GRAFT AFX2 BIFURCATED STENT AAA 22MM X 60MM / 13MM X 40MM","OperWmSup10194979","CDM","278","RC","C1874","HCPCS","","","facility","both","","","","81286.96","81286.96","","","","","","","","","","","","","Gross Charge Type: Main Acute Price List"
"STENT,GRAFT ENDOPROSTHESIS TIP WITH CONTROLLED EXPANSION VIATORR 10F 6-10MM 6CM","AngiWmSup10196134","CDM","278","RC","C1874","HCPCS","","","facility","both","","","","30058.48","30058.48","","","","","","","","","","","","","Gross Charge Type: Main Acute Price List"
"STENT,LIFESTREAM COV 12MM X 38MM X 80CM","GastWmSup71264","CDM","278","RC","C1876","HCPCS","","","facility","both","","","","13721.13","13721.13","","","","","","","","","","","","","Gross Charge Type: Main Acute Price List"
"STENT,LIFESTREAM COV 5MM X 37MM X 135CM","AngiWmSup71266","CDM","278","RC","C1876","HCPCS","","","facility","both","","","","14592.42","14592.42","","","","","","","","","","","","","Gross Charge Type: Main Acute Price List"
"STENT,LIFESTREAM COV 6MM X 37MM X 80CM","ScorWmSup71250","CDM","278","RC","C1876","HCPCS","","","facility","both","","","","13721.13","13721.13","","","","","","","","","","","","","Gross Charge Type: Main Acute Price List"
"STENT,LIFESTREAM COV 6MM X 37MM X 80CM","ScpuWmSup71250","CDM","278","RC","C1876","HCPCS","","","facility","both","","","","13721.13","13721.13","","","","","","","","","","","","","Gross Charge Type: Main Acute Price List"
"STENT,LIFESTREAM COV 7MM X 16MM X 135CM","Wilm5471271","CDM","278","RC","C1876","HCPCS","","","facility","both","","","","13721.13","13721.13","","","","","","","","","","","","","Gross Charge Type: Main Acute Price List"
"STENT,LIFESTREAM COV 7MM X 16MM X 80CM","ScpuChSup71252","CDM","278","RC","C1876","HCPCS","","","facility","both","","","","14592.42","14592.42","","","","","","","","","","","","","Gross Charge Type: Main Acute Price List"
"STENT,LIFESTREAM COV 7MM X 58MM X 135CM","ScpuWmSup71274","CDM","278","RC","C1876","HCPCS","","","facility","both","","","","13721.13","13721.13","","","","","","","","","","","","","Gross Charge Type: Main Acute Price List"
"STENT,LIFESTREAM COV 9MM X 58MM X 80CM","Chrs5471261","CDM","278","RC","C1876","HCPCS","","","facility","both","","","","13721.13","13721.13","","","","","","","","","","","","","Gross Charge Type: Main Acute Price List"
"STENT,SUPERA PERIPH 5.5MM X 150MM X 120C","ScorWmSup66090","CDM","278","RC","C1876","HCPCS","","","facility","both","","","","8536.95","8536.95","","","","","","","","","","","","","Gross Charge Type: Main Acute Price List"
"STENT,SUPERA PERIPH 5MM X 120MM X 120CM","CspuChSup66089","CDM","278","RC","C1876","HCPCS","","","facility","both","","","","9016.96","9016.96","","","","","","","","","","","","","Gross Charge Type: Main Acute Price List"
"STENT,SUPERA PERIPH 5MM X 80MM X 120CM","GyscChSup66087","CDM","278","RC","C1876","HCPCS","","","facility","both","","","","9006.48","9006.48","","","","","","","","","","","","","Gross Charge Type: Main Acute Price List"
"STENT,SUPERA PERIPH 5MM X 80MM X 120CM","OperChSup66087","CDM","278","RC","C1876","HCPCS","","","facility","both","","","","9006.48","9006.48","","","","","","","","","","","","","Gross Charge Type: Main Acute Price List"
"STENT,SYNERGY DE PLATINUM CHROMIUM MR 2.25X16","DelrChSup68566","CDM","278","RC","C1874","HCPCS","","","facility","both","","","","4199.16","4199.16","","","","","","","","","","","","","Gross Charge Type: Main Acute Price List"
"STENT,SYNERGY DE PLATINUM CHROMIUM MR 2.25X24","PacuChSup68568","CDM","278","RC","C1874","HCPCS","","","facility","both","","","","4199.16","4199.16","","","","","","","","","","","","","Gross Charge Type: Main Acute Price List"
"STENT,SYNERGY DE PLATINUM CHROMIUM MR 2.25X28","ScanChSup68569","CDM","278","RC","C1874","HCPCS","","","facility","both","","","","4199.16","4199.16","","","","","","","","","","","","","Gross Charge Type: Main Acute Price List"
"STENT,SYNERGY DE PLATINUM CHROMIUM MR 2.25X38","CspuChSup68571","CDM","278","RC","C1874","HCPCS","","","facility","both","","","","4199.16","4199.16","","","","","","","","","","","","","Gross Charge Type: Main Acute Price List"
"STENT,SYNERGY DE PLATINUM CHROMIUM MR 2.75X28","PacuChSup68585","CDM","278","RC","C1874","HCPCS","","","facility","both","","","","4199.16","4199.16","","","","","","","","","","","","","Gross Charge Type: Main Acute Price List"
"STENT,SYNERGY DE PLATINUM CHROMIUM MR 2.75X28","PacuWmSup68585","CDM","278","RC","C1874","HCPCS","","","facility","both","","","","4199.16","4199.16","","","","","","","","","","","","","Gross Charge Type: Main Acute Price List"
"STENT,SYNERGY DE PLATINUM CHROMIUM MR 2.75X38","GastChSup68587","CDM","278","RC","C1874","HCPCS","","","facility","both","","","","4199.16","4199.16","","","","","","","","","","","","","Gross Charge Type: Main Acute Price List"
"STENT,SYNERGY DE PLATINUM CHROMIUM MR 2.75X8","PacuChSup68580","CDM","278","RC","C1874","HCPCS","","","facility","both","","","","4199.16","4199.16","","","","","","","","","","","","","Gross Charge Type: Main Acute Price List"
"STENT,SYNERGY DE PLATINUM CHROMIUM MR 2.75X8","ScpuWmSup68580","CDM","278","RC","C1874","HCPCS","","","facility","both","","","","4199.16","4199.16","","","","","","","","","","","","","Gross Charge Type: Main Acute Price List"
"STENT,SYNERGY DE PLATINUM CHROMIUM MR 3.00X16","GastWmSup68590","CDM","278","RC","C1874","HCPCS","","","facility","both","","","","4199.16","4199.16","","","","","","","","","","","","","Gross Charge Type: Main Acute Price List"
"STENT,SYNERGY DE PLATINUM CHROMIUM MR 3.00X16","Wilm5468590","CDM","278","RC","C1874","HCPCS","","","facility","both","","","","4199.16","4199.16","","","","","","","","","","","","","Gross Charge Type: Main Acute Price List"
"STENT,SYNERGY DE PLATINUM CHROMIUM MR 3.00X20","GastChSup68591","CDM","278","RC","C1874","HCPCS","","","facility","both","","","","4199.16","4199.16","","","","","","","","","","","","","Gross Charge Type: Main Acute Price List"
"STENT,SYNERGY DE PLATINUM CHROMIUM MR 3.00X28","CspuChSup68593","CDM","278","RC","C1874","HCPCS","","","facility","both","","","","4199.16","4199.16","","","","","","","","","","","","","Gross Charge Type: Main Acute Price List"
"STENT,SYNERGY DE PLATINUM CHROMIUM MR 3.00X8","Chrs5468588","CDM","278","RC","C1874","HCPCS","","","facility","both","","","","4199.16","4199.16","","","","","","","","","","","","","Gross Charge Type: Main Acute Price List"
"STENT,SYNERGY DE PLATINUM CHROMIUM MR 3.00X8","ScanChSup68588","CDM","278","RC","C1874","HCPCS","","","facility","both","","","","4199.16","4199.16","","","","","","","","","","","","","Gross Charge Type: Main Acute Price List"
"STENT,SYNERGY DE PLATINUM CHROMIUM MR 3.00X8","ScanWmSup68588","CDM","278","RC","C1874","HCPCS","","","facility","both","","","","4199.16","4199.16","","","","","","","","","","","","","Gross Charge Type: Main Acute Price List"
"STENT,SYNERGY DE PLATINUM CHROMIUM MR 3.50X12","AnesChSup68597","CDM","278","RC","C1874","HCPCS","","","facility","both","","","","4199.16","4199.16","","","","","","","","","","","","","Gross Charge Type: Main Acute Price List"
"STENT,SYNERGY DE PLATINUM CHROMIUM MR 3.50X16","CLDRChSup68598","CDM","278","RC","C1874","HCPCS","","","facility","both","","","","4199.16","4199.16","","","","","","","","","","","","","Gross Charge Type: Main Acute Price List"
"STENT,SYNERGY DE PLATINUM CHROMIUM MR 3.50X20","ScanWmSup68599","CDM","278","RC","C1874","HCPCS","","","facility","both","","","","4199.16","4199.16","","","","","","","","","","","","","Gross Charge Type: Main Acute Price List"
"STENT,SYNERGY DE PLATINUM CHROMIUM MR 3.50X24","GastWmSup68600","CDM","278","RC","C1874","HCPCS","","","facility","both","","","","4199.16","4199.16","","","","","","","","","","","","","Gross Charge Type: Main Acute Price List"
"STENT,SYNERGY DE PLATINUM CHROMIUM MR 3.50X24","OperChSup68600","CDM","278","RC","C1874","HCPCS","","","facility","both","","","","4199.16","4199.16","","","","","","","","","","","","","Gross Charge Type: Main Acute Price List"
"STENT,SYNERGY DE PLATINUM CHROMIUM MR 3.50X28","GastChSup68601","CDM","278","RC","C1874","HCPCS","","","facility","both","","","","4199.16","4199.16","","","","","","","","","","","","","Gross Charge Type: Main Acute Price List"
"STENT,SYNERGY DE PLATINUM CHROMIUM MR 3.50X32","PacuChSup68602","CDM","278","RC","C1874","HCPCS","","","facility","both","","","","4199.16","4199.16","","","","","","","","","","","","","Gross Charge Type: Main Acute Price List"
"STENT,SYNERGY DE PLATINUM CHROMIUM MR 3.50X32","ScorChSup68602","CDM","278","RC","C1874","HCPCS","","","facility","both","","","","4199.16","4199.16","","","","","","","","","","","","","Gross Charge Type: Main Acute Price List"
"STENT,SYNERGY DE PLATINUM CHROMIUM MR 3.50X38","PacuWmSup68603","CDM","278","RC","C1874","HCPCS","","","facility","both","","","","4199.16","4199.16","","","","","","","","","","","","","Gross Charge Type: Main Acute Price List"
"STENT,SYNERGY DE PLATINUM CHROMIUM MR 4.00X12","Chrs5468605","CDM","278","RC","C1874","HCPCS","","","facility","both","","","","4199.16","4199.16","","","","","","","","","","","","","Gross Charge Type: Main Acute Price List"
"STENT,SYNERGY DE PLATINUM CHROMIUM MR 4.00X28","Chrs5468609","CDM","278","RC","C1874","HCPCS","","","facility","both","","","","4199.16","4199.16","","","","","","","","","","","","","Gross Charge Type: Main Acute Price List"
"STENT,SYNERGY DE PLATINUM CHROMIUM MR 4.00X38","OperChSup68611","CDM","278","RC","C1874","HCPCS","","","facility","both","","","","4199.16","4199.16","","","","","","","","","","","","","Gross Charge Type: Main Acute Price List"
"STENT,SYNERGY DE PLATINUM CHROMIUM MR 4.00X38","Wilm5468611","CDM","278","RC","C1874","HCPCS","","","facility","both","","","","4199.16","4199.16","","","","","","","","","","","","","Gross Charge Type: Main Acute Price List"
"STENT,SYSTEM ICAST COVERED STENT 7FR 9MM 38MM 80CM","OperChSup10195101","CDM","278","RC","C1874","HCPCS","","","facility","both","","","","15076.54","15076.54","","","","","","","","","","","","","Gross Charge Type: Main Acute Price List"
"STENT,SYSTEM ICAST COVERED STENT 7FR 9MM 38MM 80CM","OperWmSup10195101","CDM","278","RC","C1874","HCPCS","","","facility","both","","","","15076.54","15076.54","","","","","","","","","","","","","Gross Charge Type: Main Acute Price List"
"STENT,TRACHEOBRONCH FULL COVER AEROMINI 8X15","ScanWmSup67846","CDM","278","RC","C1874","HCPCS","","","facility","both","","","","14475.39","14475.39","","","","","","","","","","","","","Gross Charge Type: Main Acute Price List"
"STENT,URETERAL DOUBLE J CLOS TIP 6.0 FRX12","GastChSup63901","CDM","278","RC","C2625","HCPCS","","","facility","both","","","","1125.38","1125.38","","","","","","","","","","","","","Gross Charge Type: Main Acute Price List"
"STENT,VIABAHN VBX 8MMX79MMX135CM 0.035IN","Chrs5470694","CDM","278","RC","C1874","HCPCS","","","facility","both","","","","21195.66","21195.66","","","","","","","","","","","","","Gross Charge Type: Main Acute Price List"
"STENT,XIENCE ALPINE EVEROLIMUS E 2.5X8","Chrs5461358","CDM","278","RC","C1874","HCPCS","","","facility","both","","","","3533.09","3533.09","","","","","","","","","","","","","Gross Charge Type: Main Acute Price List"
"STENT,XIENCE ALPINE EVEROLIMUS E 2.5X8","GastChSup61358","CDM","278","RC","C1874","HCPCS","","","facility","both","","","","3533.09","3533.09","","","","","","","","","","","","","Gross Charge Type: Main Acute Price List"
"STENT,XIENCE ALPINE EVEROLIMUS EL 3.5X8","ScorChSup61390","CDM","278","RC","C1874","HCPCS","","","facility","both","","","","3533.09","3533.09","","","","","","","","","","","","","Gross Charge Type: Main Acute Price List"
"STENT,XIENCE ALPINE EVEROLIMUS EL 3.5X8","ScpuChSup61390","CDM","278","RC","C1874","HCPCS","","","facility","both","","","","3533.09","3533.09","","","","","","","","","","","","","Gross Charge Type: Main Acute Price List"
"STENT,XIENCE SIERRA DR ELU COR 3.50MMX28 MM","GyscChSup74977","CDM","278","RC","C1874","HCPCS","","","facility","both","","","","3533.09","3533.09","","","","","","","","","","","","","Gross Charge Type: Main Acute Price List"
"STENT,XIENCE SIERRA DR ELUT COR 2.25MMX12 MM","AngiWmSup74933","CDM","278","RC","C1874","HCPCS","","","facility","both","","","","3533.09","3533.09","","","","","","","","","","","","","Gross Charge Type: Main Acute Price List"
"STENT,XIENCE SIERRA DR ELUT COR 2.25MMX18 MM","ScanChSup74935","CDM","278","RC","C1874","HCPCS","","","facility","both","","","","3533.09","3533.09","","","","","","","","","","","","","Gross Charge Type: Main Acute Price List"
"STENT,XIENCE SIERRA DR ELUT COR 2.25MMX23 MM","ScanWmSup74936","CDM","278","RC","C1874","HCPCS","","","facility","both","","","","3533.09","3533.09","","","","","","","","","","","","","Gross Charge Type: Main Acute Price List"
"STENT,XIENCE SIERRA DR ELUT COR 2.50MMX12 MM","DelrChSup74941","CDM","278","RC","C1874","HCPCS","","","facility","both","","","","3533.09","3533.09","","","","","","","","","","","","","Gross Charge Type: Main Acute Price List"
"STENT,XIENCE SIERRA DR ELUT COR 2.50MMX15 MM","ScorChSup74942","CDM","278","RC","C1874","HCPCS","","","facility","both","","","","3533.09","3533.09","","","","","","","","","","","","","Gross Charge Type: Main Acute Price List"
"STENT,XIENCE SIERRA DR ELUT COR 2.50MMX18 MM","EplbChSup74943","CDM","278","RC","C1874","HCPCS","","","facility","both","","","","3533.09","3533.09","","","","","","","","","","","","","Gross Charge Type: Main Acute Price List"
"STENT,XIENCE SIERRA DR ELUT COR 2.50MMX23 MM","GastChSup74944","CDM","278","RC","C1874","HCPCS","","","facility","both","","","","3533.09","3533.09","","","","","","","","","","","","","Gross Charge Type: Main Acute Price List"
"STENT,XIENCE SIERRA DR ELUT COR 2.50MMX23 MM","ScanChSup74944","CDM","278","RC","C1874","HCPCS","","","facility","both","","","","3533.09","3533.09","","","","","","","","","","","","","Gross Charge Type: Main Acute Price List"
"STENT,XIENCE SIERRA DR ELUT COR 2.50MMX28 MM","DelrChSup74945","CDM","278","RC","C1874","HCPCS","","","facility","both","","","","3533.09","3533.09","","","","","","","","","","","","","Gross Charge Type: Main Acute Price List"
"STENT,XIENCE SIERRA DR ELUT COR 2.50MMX28 MM","GastWmSup74945","CDM","278","RC","C1874","HCPCS","","","facility","both","","","","3533.09","3533.09","","","","","","","","","","","","","Gross Charge Type: Main Acute Price List"
"STENT,XIENCE SIERRA DR ELUT COR 2.75MMX15 MM","EplbChSup74950","CDM","278","RC","C1874","HCPCS","","","facility","both","","","","3533.09","3533.09","","","","","","","","","","","","","Gross Charge Type: Main Acute Price List"
"STENT,XIENCE SIERRA DR ELUT COR 2.75MMX15 MM","GyscChSup74950","CDM","278","RC","C1874","HCPCS","","","facility","both","","","","3533.09","3533.09","","","","","","","","","","","","","Gross Charge Type: Main Acute Price List"
"STENT,XIENCE SIERRA DR ELUT COR 2.75MMX18 MM","CcthChSup74951","CDM","278","RC","C1874","HCPCS","","","facility","both","","","","3533.09","3533.09","","","","","","","","","","","","","Gross Charge Type: Main Acute Price List"
"STENT,XIENCE SIERRA DR ELUT COR 2.75MMX18 MM","PacuWmSup74951","CDM","278","RC","C1874","HCPCS","","","facility","both","","","","3533.09","3533.09","","","","","","","","","","","","","Gross Charge Type: Main Acute Price List"
"STENT,XIENCE SIERRA DR ELUT COR 2.75MMX28 MM","ScorChSup74953","CDM","278","RC","C1874","HCPCS","","","facility","both","","","","3533.09","3533.09","","","","","","","","","","","","","Gross Charge Type: Main Acute Price List"
"STENT,XIENCE SIERRA DR ELUT COR 2.75MMX33 MM","ScorWmSup74954","CDM","278","RC","C1874","HCPCS","","","facility","both","","","","3533.09","3533.09","","","","","","","","","","","","","Gross Charge Type: Main Acute Price List"
"STENT,XIENCE SIERRA DR ELUT COR 3.00MMX08 MM","AngiWmSup74956","CDM","278","RC","C1874","HCPCS","","","facility","both","","","","3533.09","3533.09","","","","","","","","","","","","","Gross Charge Type: Main Acute Price List"
"STENT,XIENCE SIERRA DR ELUT COR 3.00MMX08 MM","PacuChSup74956","CDM","278","RC","C1874","HCPCS","","","facility","both","","","","3533.09","3533.09","","","","","","","","","","","","","Gross Charge Type: Main Acute Price List"
"STENT,XIENCE SIERRA DR ELUT COR 3.00MMX23 MM","PacuWmSup74960","CDM","278","RC","C1874","HCPCS","","","facility","both","","","","3533.09","3533.09","","","","","","","","","","","","","Gross Charge Type: Main Acute Price List"
"STENT,XIENCE SIERRA DR ELUT COR 3.00MMX33 MM","GastWmSup74962","CDM","278","RC","C1874","HCPCS","","","facility","both","","","","3533.09","3533.09","","","","","","","","","","","","","Gross Charge Type: Main Acute Price List"
"STENT,XIENCE SIERRA DR ELUT COR 3.50MMX08 MM","DelrChSup74972","CDM","278","RC","C1874","HCPCS","","","facility","both","","","","3533.09","3533.09","","","","","","","","","","","","","Gross Charge Type: Main Acute Price List"
"STENT,XIENCE SIERRA DR ELUT COR 3.50MMX23 MM","AngiWmSup74976","CDM","278","RC","C1874","HCPCS","","","facility","both","","","","3533.09","3533.09","","","","","","","","","","","","","Gross Charge Type: Main Acute Price List"
"STENT,XIENCE SIERRA DR ELUT COR 4.00MMX23 MM","EplbChSup74984","CDM","278","RC","C1874","HCPCS","","","facility","both","","","","3533.09","3533.09","","","","","","","","","","","","","Gross Charge Type: Main Acute Price List"
"STENT,XIENCE SIERRA DR ELUT COR 4.00MMX23 MM","ScpuChSup74984","CDM","278","RC","C1874","HCPCS","","","facility","both","","","","3533.09","3533.09","","","","","","","","","","","","","Gross Charge Type: Main Acute Price List"
"STENT,ZILVER DE PERIPH .035 6FR 8X40X125","ScpuWmSup68624","CDM","278","RC","C1874","HCPCS","","","facility","both","","","","6805.54","6805.54","","","","","","","","","","","","","Gross Charge Type: Main Acute Price List"
"STENT,ZILVER DE PERIPHERAL 6 X 120X 125","AngiWmSup67453","CDM","278","RC","C1874","HCPCS","","","facility","both","","","","12713.28","12713.28","","","","","","","","","","","","","Gross Charge Type: Main Acute Price List"
"STENT- SMART 6X100X120","AnesChSup117268","CDM","278","RC","C1876","HCPCS","","","facility","both","","","","3475.17","3475.17","","","","","","","","","","","","","Gross Charge Type: Main Acute Price List"
"STENT- SMART 6X100X120","AngiWmSup117268","CDM","278","RC","C1876","HCPCS","","","facility","both","","","","3475.17","3475.17","","","","","","","","","","","","","Gross Charge Type: Main Acute Price List"
"STENT- SMART 6X150X120","CspuChSup117269","CDM","278","RC","C1876","HCPCS","","","facility","both","","","","4923.16","4923.16","","","","","","","","","","","","","Gross Charge Type: Main Acute Price List"
"STENT-CATH,NEPHROURETERAL LK PIG 8FR X 66CM","PacuChSup63852","CDM","278","RC","C1729","HCPCS","","","facility","both","","","","521.55","521.55","","","","","","","","","","","","","Gross Charge Type: Main Acute Price List"
"STEREOTAC RADIOSX,CYBERKNIFE,2-5 SESS,BODY","RadtEk1910","CDM","333","RC","77373","HCPCS","","","facility","both","","","","28747.87","28747.87","","","","","","","","","","","","","Gross Charge Type: Main Acute Price List"
"STETHOSCOPE, ESO TEMP SEN 18FR","EplbChSup1783","CDM","270","RC","","","","","facility","both","","","","12.11","12.11","","","","","","","","","","","","","Gross Charge Type: Main Acute Price List"
"STETHOSCOPE, ESO TEMP SEN 18FR","PacuWmSup1783","CDM","270","RC","","","","","facility","both","","","","12.11","12.11","","","","","","","","","","","","","Gross Charge Type: Main Acute Price List"
"STETHOSCOPE, ESO TEMP SEN 18FR","ScorChSup1783","CDM","270","RC","","","","","facility","both","","","","12.11","12.11","","","","","","","","","","","","","Gross Charge Type: Main Acute Price List"
"STICK, DELUXE DRESSING, 26IN","OcthWm1672","CDM","270","RC","","","","","facility","both","","","","32.85","32.85","","","","","","","","","","","","","Gross Charge Type: Main Acute Price List"
"STIMULATOR, INTERSTIM MICRO SURESCAN MRI RECHARGEABLE","GyscChSup107063","CDM","278","RC","C1820","HCPCS","","","facility","both","","","","60884.98","60884.98","","","","","","","","","","","","","Gross Charge Type: Main Acute Price List"
"STIMULATOR, INTERSTIM SACRAL NERVE","Wilm5427483","CDM","278","RC","C1778","HCPCS","","","facility","both","","","","19711.17","19711.17","","","","","","","","","","","","","Gross Charge Type: Main Acute Price List"
"STIMULATOR, IPG PRODIGY MRI","GyscChSup75283","CDM","278","RC","C1767","HCPCS","","","facility","both","","","","101635.69","101635.69","","","","","","","","","","","","","Gross Charge Type: Main Acute Price List"
"STIMULATOR, IPG PRODIGY MRI","ScorChSup75283","CDM","278","RC","C1767","HCPCS","","","facility","both","","","","101635.69","101635.69","","","","","","","","","","","","","Gross Charge Type: Main Acute Price List"
"STIMULATOR, IPG SENZA II","ScpuChSup79844","CDM","278","RC","C1822","HCPCS","","","facility","both","","","","150590.7","150590.7","","","","","","","","","","","","","Gross Charge Type: Main Acute Price List"
"STIMULATOR, NERVE HEAD AND NECK","Wilm5472279","CDM","272","RC","","","","","facility","both","","","","3067.55","3067.55","","","","","","","","","","","","","Gross Charge Type: Main Acute Price List"
"STIMULATOR, PULSE GENERATOR WAVEWRITER","CspuChSup77942","CDM","278","RC","C1820","HCPCS","","","facility","both","","","","110018.09","110018.09","","","","","","","","","","","","","Gross Charge Type: Main Acute Price List"
"STOCKINETTE, SPECIALIST 2""","PacuChSup132","CDM","270","RC","","","","","facility","both","","","","33.89","33.89","","","","","","","","","","","","","Gross Charge Type: Main Acute Price List"
"STOCKING, KNEE X-LARGE LONG","CspuChSup2709","CDM","270","RC","","","","","facility","both","","","","18.11","18.11","","","","","","","","","","","","","Gross Charge Type: Main Acute Price List"
"STOCKING, THIGH XX-LARGE LONG","ScorChSup38209","CDM","270","RC","","","","","facility","both","","","","56.81","56.81","","","","","","","","","","","","","Gross Charge Type: Main Acute Price List"
"STOPCOCK, HIGH PRESSURE, 3-WAY","Ccsb41103628","CDM","270","RC","","","","","facility","both","","","","27.94","27.94","","","","","","","","","","","","","Gross Charge Type: Main Acute Price List"
"STOPCOCK, HIGH PRESSURE, 3-WAY","Ccsb47103628","CDM","270","RC","","","","","facility","both","","","","27.94","27.94","","","","","","","","","","","","","Gross Charge Type: Main Acute Price List"
"STOPCOCK, HIGH PRESSURE, 3-WAY","ChrsMR103628","CDM","270","RC","","","","","facility","both","","","","27.94","27.94","","","","","","","","","","","","","Gross Charge Type: Main Acute Price List"
"STOPCOCK, HIGH PRESSURE, 3-WAY","OperWmSup103628","CDM","270","RC","","","","","facility","both","","","","27.94","27.94","","","","","","","","","","","","","Gross Charge Type: Main Acute Price List"
"STOPCOCK, LOW PRESSURE ONE-WAY CLEAR PLASTIC","OperWmSup49856","CDM","270","RC","","","","","facility","both","","","","36.84","36.84","","","","","","","","","","","","","Gross Charge Type: Main Acute Price List"
"STRAP, ANKLE ARTHROSCOPY","ScanWmSup52702","CDM","270","RC","","","","","facility","both","","","","300.3","300.3","","","","","","","","","","","","","Gross Charge Type: Main Acute Price List"
"STRAPPING,HAND OR FINGER,OT","OcthRh1228","CDM","430","RC","29280","HCPCS","","","facility","both","","","GO","262.08","262.08","","","","","","","","","","","","","Gross Charge Type: Main Acute Price List | The modified price is presented in the standard charge value. | Modifier GO: Services delivered under an outpatient occupational therapy plan of care"
"STRAPPING,UNNA BOOT,PT","PhytRh1314","CDM","420","RC","29580","HCPCS","","","facility","both","","","GP","278.86","278.86","","","","","","","","","","","","","Gross Charge Type: Main Acute Price List | The modified price is presented in the standard charge value. | Modifier GP: Services delivered under an outpatient physical therapy plan of care"
"STRESS TEST,ECG,TRACING ONLY","CcsmPf651132","CDM","482","RC","93017","HCPCS","","","facility","both","","","","694","694","","","","","","","","","","","","","Gross Charge Type: Main Acute Price List"
"STRIP, MASTERGRAFT BIOLOGIC 10CM","Chrs5442564","CDM","278","RC","","","","","facility","both","","","","4633.56","4633.56","","","","","","","","","","","","","Gross Charge Type: Main Acute Price List"
"STRIP, MASTERGRAFT BIOLOGIC 10CM","OperWmSup42564","CDM","278","RC","","","","","facility","both","","","","4633.56","4633.56","","","","","","","","","","","","","Gross Charge Type: Main Acute Price List"
"STRIP, MASTERGRAFT BIOLOGIC 10CM","ScorWmSup42564","CDM","278","RC","","","","","facility","both","","","","4633.56","4633.56","","","","","","","","","","","","","Gross Charge Type: Main Acute Price List"
"STRIP, MASTERGRAFT BIOLOGIC 20CM","GastWmSup42565","CDM","278","RC","","","","","facility","both","","","","9267.12","9267.12","","","","","","","","","","","","","Gross Charge Type: Main Acute Price List"
"STRIP, MASTERGRAFT BIOLOGIC 20CM","OperWmSup42565","CDM","278","RC","","","","","facility","both","","","","9267.12","9267.12","","","","","","","","","","","","","Gross Charge Type: Main Acute Price List"
"STRONGYLOIDES AB IGG","ChemSN2258","CDM","302","RC","86682","HCPCS","","","facility","both","","","","143.97","143.97","","","","","","","","","","","","","Gross Charge Type: Main Acute Price List"
"STRUT, CORTICAL 15X120MM","AnesChSup118779","CDM","278","RC","C1713","HCPCS","","","facility","both","","","","2471.6","2471.6","","","","","","","","","","","","","Gross Charge Type: Main Acute Price List"
"STRUT, HEXAPOD LRF LONG","PacuChSup74228","CDM","278","RC","","","","","facility","both","","","","12094.64","12094.64","","","","","","","","","","","","","Gross Charge Type: Main Acute Price List"
"STRUT, MAXFRAME AUTOSTRUT HEXAPOD MED 126-193MM","AnesChSup118364","CDM","272","RC","","","","","facility","both","","","","12047.26","12047.26","","","","","","","","","","","","","Gross Charge Type: Main Acute Price List"
"STRUT, MAXFRAME AUTOSTRUT HEXAPOD MED 126-193MM","GyscChSup118364","CDM","272","RC","","","","","facility","both","","","","12047.26","12047.26","","","","","","","","","","","","","Gross Charge Type: Main Acute Price List"
"STRUT, MAXFRAME AUTOSTRUT HEXAPOD SHORT 97-135MM","ScpuWmSup118363","CDM","272","RC","","","","","facility","both","","","","12047.26","12047.26","","","","","","","","","","","","","Gross Charge Type: Main Acute Price List"
"STRUT, MAXFRAME POLYAXIAL GROSS ADJ X-SHORT","CcthChSup115813","CDM","278","RC","C1776","HCPCS","","","facility","both","","","","10865.53","10865.53","","","","","","","","","","","","","Gross Charge Type: Main Acute Price List"
"STRUT, MAXFRAME POLYAXIAL GROSS ADJ X-SHORT","ScanChSup115813","CDM","278","RC","C1776","HCPCS","","","facility","both","","","","10865.53","10865.53","","","","","","","","","","","","","Gross Charge Type: Main Acute Price List"
"STRUT, MAXFRAME POLYAXIAL LONG 199-323MM","CspuChSup113070","CDM","278","RC","C1713","HCPCS","","","facility","both","","","","12541.47","12541.47","","","","","","","","","","","","","Gross Charge Type: Main Acute Price List"
"STRUT, MAXFRAME POLYAXIAL MEDIUM 144-214MM","AnesWmSup113069","CDM","278","RC","C1713","HCPCS","","","facility","both","","","","11792.64","11792.64","","","","","","","","","","","","","Gross Charge Type: Main Acute Price List"
"STRUT, MAXFRAME POLYAXIAL SHORT FN & GROS ADJ","EplbChSup115439","CDM","278","RC","C1713","HCPCS","","","facility","both","","","","11787.62","11787.62","","","","","","","","","","","","","Gross Charge Type: Main Acute Price List"
"STRUT, MAXFRAME STD XX-SHORT","ScanChSup74200","CDM","278","RC","","","","","facility","both","","","","7368.75","7368.75","","","","","","","","","","","","","Gross Charge Type: Main Acute Price List"
"STRUT, QUICK ADJUST MAXFRAME MEDIUM","AngiWmSup71880","CDM","278","RC","","","","","facility","both","","","","8064.88","8064.88","","","","","","","","","","","","","Gross Charge Type: Main Acute Price List"
"STRUT, QUICK ADJUST MAXFRAME MEDIUM","CLDRChSup71880","CDM","278","RC","","","","","facility","both","","","","8064.88","8064.88","","","","","","","","","","","","","Gross Charge Type: Main Acute Price List"
"STRUT, QUICK ADJUST MAXFRAME SHORT","GastWmSup73360","CDM","278","RC","","","","","facility","both","","","","8064.88","8064.88","","","","","","","","","","","","","Gross Charge Type: Main Acute Price List"
"STRUT, STATIC HOFFMAN LRF LONG L=60MM","Chrs5455754","CDM","272","RC","","","","","facility","both","","","","376.5","376.5","","","","","","","","","","","","","Gross Charge Type: Main Acute Price List"
"STRUT, STATIC HOFFMAN LRF MEDIUM L=40MM","AnesChSup55753","CDM","272","RC","C1713","HCPCS","","","facility","both","","","","381.91","381.91","","","","","","","","","","","","","Gross Charge Type: Main Acute Price List"
"STRUT, STATIC HOFFMAN LRF MEDIUM L=40MM","GastWmSup55753","CDM","272","RC","C1713","HCPCS","","","facility","both","","","","381.91","381.91","","","","","","","","","","","","","Gross Charge Type: Main Acute Price List"
"STRUT, TELESCOPIC HOFF LRF EX-SHORT 100-125MM BLACK","ScanWmSup55727","CDM","272","RC","","","","","facility","both","","","","8455.35","8455.35","","","","","","","","","","","","","Gross Charge Type: Main Acute Price List"
"STUDY SLIDES TPQC","PathWm1705","CDM","270","RC","","","","","facility","both","","","","5","5","","","","","","","","","","","","","Gross Charge Type: Main Acute Hold PL"
"STYLET, BALL TIP GRAY 65CM","ScanWmSup29910","CDM","272","RC","","","","","facility","both","","","","246.38","246.38","","","","","","","","","","","","","Gross Charge Type: Main Acute Price List"
"STYLET, GUIDANT 52CM","AnesChSup34404","CDM","270","RC","","","","","facility","both","","","","289.6","289.6","","","","","","","","","","","","","Gross Charge Type: Main Acute Price List"
"STYLET, GUIDANT 52CM","OperWmSup34404","CDM","270","RC","","","","","facility","both","","","","289.6","289.6","","","","","","","","","","","","","Gross Charge Type: Main Acute Price List"
"STYLET, GUIDANT 58CM","Chrs3134407","CDM","270","RC","","","","","facility","both","","","","289.6","289.6","","","","","","","","","","","","","Gross Charge Type: Main Acute Price List"
"STYLET, GUIDANT 59CM","OperChSup34406","CDM","270","RC","","","","","facility","both","","","","307.99","307.99","","","","","","","","","","","","","Gross Charge Type: Main Acute Price List"
"STYLET, GUIDANT 59CM","ScanChSup34406","CDM","270","RC","","","","","facility","both","","","","307.99","307.99","","","","","","","","","","","","","Gross Charge Type: Main Acute Price List"
"STYLET, J CURVE 6094 SERIES","GastWmSup52006","CDM","272","RC","","","","","facility","both","","","","246.38","246.38","","","","","","","","","","","","","Gross Charge Type: Main Acute Price List"
"STYLET, LOCATOR PLUS DEF 1292/58","PacuChSup59562","CDM","272","RC","","","","","facility","both","","","","1077.96","1077.96","","","","","","","","","","","","","Gross Charge Type: Main Acute Price List"
"STYLET, MOND RVOT 58","DelrChSup118697","CDM","272","RC","","","","","facility","both","","","","585.18","585.18","","","","","","","","","","","","","Gross Charge Type: Main Acute Price List"
"STYLET, MOND RVOT 65","GastWmSup118698","CDM","272","RC","","","","","facility","both","","","","585.18","585.18","","","","","","","","","","","","","Gross Charge Type: Main Acute Price List"
"STYLET, STRAIGHT-FIRM 52CM","Wilm5448513","CDM","272","RC","","","","","facility","both","","","","289.6","289.6","","","","","","","","","","","","","Gross Charge Type: Main Acute Price List"
"STYLET, STRAIGHT-SOFT 64CM","AnesChSup48514","CDM","272","RC","","","","","facility","both","","","","307.99","307.99","","","","","","","","","","","","","Gross Charge Type: Main Acute Price List"
"SUBLUXATION SLINGS","OcthCh1714","CDM","270","RC","","","","","facility","both","","","","278.86","278.86","","","","","","","","","","","","","Gross Charge Type: Main Acute Price List"
"SUCTION, MALLEABLE TIP STND 12FR","CspuChSup61676","CDM","272","RC","","","","","facility","both","","","","1821.13","1821.13","","","","","","","","","","","","","Gross Charge Type: Main Acute Price List"
"SUCTION, MALLEABLE TIP STND 12FR","GastChSup61676","CDM","272","RC","","","","","facility","both","","","","1821.13","1821.13","","","","","","","","","","","","","Gross Charge Type: Main Acute Price List"
"SULFUR COLLOID,PER STUDY DOSE","Ccsm572615","CDM","343","RC","A9541","HCPCS","45567003001","NDC","facility","both","1","EA","","129.3","129.3","","","","","","","","","","","","","Gross Charge Type: Main Acute Price List | NDC EA = 1.0000 UN"
"SULFUR COLLOID,PER STUDY DOSE","Wilm422615","CDM","343","RC","A9541","HCPCS","45567003001","NDC","facility","both","1","EA","","129.3","129.3","","","","","","","","","","","","","Gross Charge Type: Main Acute Price List | NDC EA = 1.0000 UN"
"SUMP, 12F PED INTRACARDIAC 1/4","ScanWmSup95227","CDM","270","RC","","","","","facility","both","","","","77.9","77.9","","","","","","","","","","","","","Gross Charge Type: Main Acute Price List"
"SUR,ARTIC PERS CPS 12MM VE RT 6-9GH","AngiWmSup60161","CDM","278","RC","C1776","HCPCS","","","facility","both","","","","5933.44","5933.44","","","","","","","","","","","","","Gross Charge Type: Main Acute Price List"
"SUR,ARTIC PERS CPS 12MM VE RT 6-9GH","CcthChSup60161","CDM","278","RC","C1776","HCPCS","","","facility","both","","","","5933.44","5933.44","","","","","","","","","","","","","Gross Charge Type: Main Acute Price List"
"SUR,ARTIC PERS CPS 12MM VE RT 6-9GH","EplbChSup60161","CDM","278","RC","C1776","HCPCS","","","facility","both","","","","5933.44","5933.44","","","","","","","","","","","","","Gross Charge Type: Main Acute Price List"
"SURFACE ARTICULAR KNEE SOLUTION LPS-FLEX SZ E F 10MM","ScorChSup10195615","CDM","278","RC","C1776","HCPCS","","","facility","both","","","","2966.72","2966.72","","","","","","","","","","","","","Gross Charge Type: Main Acute Price List"
"SURFACE, ARTICULAR FB CCK VIVACIT-E PERSONA LEFT 24MM","AnesChSup119199","CDM","278","RC","C1776","HCPCS","","","facility","both","","","","9267.12","9267.12","","","","","","","","","","","","","Gross Charge Type: Main Acute Price List"
"SURFACE, ARTICULAR FB CCK VIVACIT-E PERSONA LEFT 24MM","OperWmSup119199","CDM","278","RC","C1776","HCPCS","","","facility","both","","","","9267.12","9267.12","","","","","","","","","","","","","Gross Charge Type: Main Acute Price List"
"SURFACE, ARTICULAR FB CCK VIVACIT-E PERSONA LEFT 24MM","ScpuWmSup119199","CDM","278","RC","C1776","HCPCS","","","facility","both","","","","9267.12","9267.12","","","","","","","","","","","","","Gross Charge Type: Main Acute Price List"
"SURFACE, ARTICULAR FB CCK VIVACIT-E PERSONA REVISION 10MM LEFT","AnesWmSup117715","CDM","278","RC","C1776","HCPCS","","","facility","both","","","","9855.58","9855.58","","","","","","","","","","","","","Gross Charge Type: Main Acute Price List"
"SURFACE, ARTICULAR LPS FLEX NEXGEN PROLONG POLY SIZE G, H 17MM","PacuChSup119793","CDM","278","RC","C1776","HCPCS","","","facility","both","","","","3079.87","3079.87","","","","","","","","","","","","","Gross Charge Type: Main Acute Price List"
"SURFACE, ARTICULAR NEXAGEN PROLONG LPS-FLEX SZ E/F 23MM","OperWmSup115747","CDM","278","RC","C1776","HCPCS","","","facility","both","","","","2721.9","2721.9","","","","","","","","","","","","","Gross Charge Type: Main Acute Price List"
"SURFACE, ARTICULAR NEXAGEN PROLONG LPS-FLEX SZ E/F 23MM","ScpuWmSup115747","CDM","278","RC","C1776","HCPCS","","","facility","both","","","","2721.9","2721.9","","","","","","","","","","","","","Gross Charge Type: Main Acute Price List"
"SURFACE, ARTICULAR NEXGEN LPS-FLEX SZ 4 12MM","ScpuChSup108117","CDM","278","RC","C1776","HCPCS","","","facility","both","","","","2895.98","2895.98","","","","","","","","","","","","","Gross Charge Type: Main Acute Price List"
"SURFACE, ARTICULAR NEXTGEN PROLONG LPS-FLEX SZ E/F 17MM","AnesWmSup118231","CDM","278","RC","C1776","HCPCS","","","facility","both","","","","2894.74","2894.74","","","","","","","","","","","","","Gross Charge Type: Main Acute Price List"
"SURFACE, ARTICULAR PERSONA CPS LEFT 10MM","AngiWmSup109289","CDM","278","RC","C1776","HCPCS","","","facility","both","","","","5791.95","5791.95","","","","","","","","","","","","","Gross Charge Type: Main Acute Price List"
"SURFACE, ARTICULAR PERSONA FB PS RIGHT EF/6-9 18MM","OperChSup121435","CDM","278","RC","C1776","HCPCS","","","facility","both","","","","6161.2","6161.2","","","","","","","","","","","","","Gross Charge Type: Main Acute Price List"
"SURFACE,PERSONA REV ARTICULAR RIGHT 12MM","AnesWmSup119778","CDM","278","RC","C1776","HCPCS","","","facility","both","","","","1974.71","1974.71","","","","","","","","","","","","","Gross Charge Type: Main Acute Price List"
"SURGIFIX, SIZE 10 25YD(1RL/BX)","CspuChSup3005","CDM","270","RC","","","","","facility","both","","","","147.02","147.02","","","","","","","","","","","","","Gross Charge Type: Main Acute Price List"
"SUTURE, GRAVITY SYNCHFIX #5 COMPT","AngiWmSup110911","CDM","278","RC","C1713","HCPCS","","","facility","both","","","","6172.06","6172.06","","","","","","","","","","","","","Gross Charge Type: Main Acute Price List"
"SUTURE, GRAVITY SYNCHFIX #5 COMPT","ScorWmSup110911","CDM","278","RC","C1713","HCPCS","","","facility","both","","","","6172.06","6172.06","","","","","","","","","","","","","Gross Charge Type: Main Acute Price List"
"SUTURE,MICRO QUICK ANCHOR 3-0  1.3MM DRILL","CspuChSup76875","CDM","272","RC","","","","","facility","both","","","","3973.04","3973.04","","","","","","","","","","","","","Gross Charge Type: Main Acute Price List"
"SUTUREPLATE, HUMERAL TI 5 HOLE","EplbChSup56465","CDM","278","RC","","","","","facility","both","","","","10010.52","10010.52","","","","","","","","","","","","","Gross Charge Type: Main Acute Price List"
"SUTUREPLATE, HUMERAL TI 5 HOLE","PacuChSup56465","CDM","278","RC","","","","","facility","both","","","","10010.52","10010.52","","","","","","","","","","","","","Gross Charge Type: Main Acute Price List"
"SWIVELOCK, ANCHOR DRILL TIP 3.9MM","GyscChSup117708","CDM","272","RC","","","","","facility","both","","","","700.68","700.68","","","","","","","","","","","","","Gross Charge Type: Main Acute Price List"
"SYNMESH, 15MM DIA 32MM HEIGHT","ScorChSup7180","CDM","270","RC","","","","","facility","both","","","","9841.68","9841.68","","","","","","","","","","","","","Gross Charge Type: Main Acute Price List"
"SYNMESH, 15MM DIA 32MM HEIGHT","ScorWmSup7180","CDM","270","RC","","","","","facility","both","","","","9841.68","9841.68","","","","","","","","","","","","","Gross Charge Type: Main Acute Price List"
"SYRINGE, 5ML WITH BONDED CLOSED SYSTEM DEVICE TEXIUM","GastChSup63680","CDM","270","RC","","","","","facility","both","","","","13.32","13.32","","","","","","","","","","","","","Gross Charge Type: Main Acute Price List"
"SYRINGE, BIOGLUE SURGICAL ADHESIVE 10ML","Ccsm4131503","CDM","270","RC","","","","","facility","both","","","","6473.88","6473.88","","","","","","","","","","","","","Gross Charge Type: Main Acute Price List"
"SYRINGE, BIOGLUE SURGICAL ADHESIVE 10ML","CcsmUS31503","CDM","270","RC","","","","","facility","both","","","","6473.88","6473.88","","","","","","","","","","","","","Gross Charge Type: Main Acute Price List"
"SYRINGE, BIOGLUE SURGICAL ADHESIVE 10ML","HcccMR31503","CDM","270","RC","","","","","facility","both","","","","6473.88","6473.88","","","","","","","","","","","","","Gross Charge Type: Main Acute Price List"
"SYRINGE, EMBOSPHERE 300 - 500 PRE-FILLED","CcthChSup72212","CDM","272","RC","","","","","facility","both","","","","1284.55","1284.55","","","","","","","","","","","","","Gross Charge Type: Main Acute Price List"
"SYRINGE, EMBOSPHERE 500 - 700 PRE-FILLED","CcthChSup72228","CDM","278","RC","C1889","HCPCS","","","facility","both","","","","1284.55","1284.55","","","","","","","","","","","","","Gross Charge Type: Main Acute Price List"
"SYRINGE, EMBOSPHERE 900 - 1200 PRE-FILL","GyscChSup72214","CDM","272","RC","","","","","facility","both","","","","1486.16","1486.16","","","","","","","","","","","","","Gross Charge Type: Main Acute Price List"
"SYRINGE, SCP DELIVERY 1CC 5/PK","CLDRChSup69821","CDM","272","RC","","","","","facility","both","","","","677.66","677.66","","","","","","","","","","","","","Gross Charge Type: Main Acute Price List"
"SYRINGE, SCP DELIVERY 1CC 5/PK","ScpuChSup69821","CDM","272","RC","","","","","facility","both","","","","677.66","677.66","","","","","","","","","","","","","Gross Charge Type: Main Acute Price List"
"SYRINGE, TRUFILL DCS COIL DETACHER","PacuChSup108691","CDM","278","RC","","","","","facility","both","","","","1825.75","1825.75","","","","","","","","","","","","","Gross Charge Type: Main Acute Price List"
"SYSTEM STENT TRANSCAROTID ENROUTE NEUROPROTECTION  PLUS","ScorWmSup10180992","CDM","278","RC","C1884","HCPCS","","","facility","both","","","","22482.22","22482.22","","","","","","","","","","","","","Gross Charge Type: Main Acute Price List"
"SYSTEM,  NAV 6 SMALL EMBOLIC PROTECTION","PacuWmSup40802","CDM","278","RC","C1884","HCPCS","","","facility","both","","","","7699.67","7699.67","","","","","","","","","","","","","Gross Charge Type: Main Acute Price List"
"SYSTEM, 5X10MM CITRELOCK XPRESS","OperChSup119651","CDM","278","RC","C1713","HCPCS","","","facility","both","","","","8618.42","8618.42","","","","","","","","","","","","","Gross Charge Type: Main Acute Price List"
"SYSTEM, 5X10MM CITRELOCK XPRESS","OperWmSup119651","CDM","278","RC","C1713","HCPCS","","","facility","both","","","","8618.42","8618.42","","","","","","","","","","","","","Gross Charge Type: Main Acute Price List"
"SYSTEM, 5X10MM CITRELOCK XPRESS","ScorWmSup119651","CDM","278","RC","C1713","HCPCS","","","facility","both","","","","8618.42","8618.42","","","","","","","","","","","","","Gross Charge Type: Main Acute Price List"
"SYSTEM, ACCESS WITH 070 AND TENSING 7","ScpuChSup111260","CDM","272","RC","","","","","facility","both","","","","24638.96","24638.96","","","","","","","","","","","","","Gross Charge Type: Main Acute Price List"
"SYSTEM, ALPHAVAC W/F22  20 DEG CANNULA","DelrChSup112973","CDM","272","RC","C1757","HCPCS","","","facility","both","","","","43439.63","43439.63","","","","","","","","","","","","","Gross Charge Type: Main Acute Price List"
"SYSTEM, ALPHAVAC W/F22  20 DEG CANNULA","ScanWmSup112973","CDM","272","RC","C1757","HCPCS","","","facility","both","","","","43439.63","43439.63","","","","","","","","","","","","","Gross Charge Type: Main Acute Price List"
"SYSTEM, ALPHAVAC WITH F18 CANNULA 18FR X 105CM 85DEG","GastChSup114615","CDM","272","RC","C1757","HCPCS","","","facility","both","","","","44911.35","44911.35","","","","","","","","","","","","","Gross Charge Type: Main Acute Price List"
"SYSTEM, AMPLATZER 12FR DELIVERY","OperChSup25233","CDM","272","RC","C1817","HCPCS","","","facility","both","","","","5346.66","5346.66","","","","","","","","","","","","","Gross Charge Type: Main Acute Price List"
"SYSTEM, AMPLATZER 12FR EXCHANGE","CcthChSup23910","CDM","272","RC","C1773","HCPCS","","","facility","both","","","","5027.41","5027.41","","","","","","","","","","","","","Gross Charge Type: Main Acute Price List"
"SYSTEM, ANTIMICRO ON-Q PAIN MG 400X5ML SIN","ScorChSup45767","CDM","272","RC","","","","","facility","both","","","","1358.79","1358.79","","","","","","","","","","","","","Gross Charge Type: Main Acute Price List"
"SYSTEM, ANTIMICROBIAL ON-Q PAIN MGMT 270X4ML DUAL SITE","ScanWmSup32889","CDM","272","RC","","","","","facility","both","","","","893.16","893.16","","","","","","","","","","","","","Gross Charge Type: Main Acute Price List"
"SYSTEM, ASPIRATION KIT 13G OPEN TIP CPRP","AnesChSup119564","CDM","272","RC","C1830","HCPCS","","","facility","both","","","","7124.1","7124.1","","","","","","","","","","","","","Gross Charge Type: Main Acute Price List"
"SYSTEM, ATRICLIP GC LAA EXCLUSION 45MM","PacuWmSup44374","CDM","278","RC","","","","","facility","both","","","","6683.32","6683.32","","","","","","","","","","","","","Gross Charge Type: Main Acute Price List"
"SYSTEM, ATTUNE KNEE REVISON PRESSFIT STEM 10X110MM","CcthChSup115292","CDM","278","RC","C1776","HCPCS","","","facility","both","","","","8271.72","8271.72","","","","","","","","","","","","","Gross Charge Type: Main Acute Price List"
"SYSTEM, ATTUNE KNEE REVISON PRESSFIT STEM 10X110MM","CspuChSup115292","CDM","278","RC","C1776","HCPCS","","","facility","both","","","","8271.72","8271.72","","","","","","","","","","","","","Gross Charge Type: Main Acute Price List"
"SYSTEM, BASE CAMP SHEATH WITH NAV CATH-DILATOR AND RHV","OperWmSup111257","CDM","272","RC","","","","","facility","both","","","","5235.78","5235.78","","","","","","","","","","","","","Gross Charge Type: Main Acute Price List"
"SYSTEM, BONE CEMENT AND SELF-CONTAINED MIXER 80G","AnesWmSup113096","CDM","278","RC","C1713","HCPCS","","","facility","both","","","","1355.15","1355.15","","","","","","","","","","","","","Gross Charge Type: Main Acute Price List"
"SYSTEM, BOOMERANG VASCULAR CLOSURE 5-7 FR","PacuWmSup34051","CDM","270","RC","","","","","facility","both","","","","1077.96","1077.96","","","","","","","","","","","","","Gross Charge Type: Main Acute Price List"
"SYSTEM, CALIBRATION VISIGI 3D SHORT W/BULB 36FR","OperWmSup77998","CDM","272","RC","","","","","facility","both","","","","1401.95","1401.95","","","","","","","","","","","","","Gross Charge Type: Main Acute Price List"
"SYSTEM, CALIBRATION VISIGI 3D W/BULB 40FR","AngiChSup77380","CDM","272","RC","","","","","facility","both","","","","1401.95","1401.95","","","","","","","","","","","","","Gross Charge Type: Main Acute Price List"
"SYSTEM, CALIBRATION VISIGI 3D W/BULB 40FR","DelrChSup77380","CDM","272","RC","","","","","facility","both","","","","1401.95","1401.95","","","","","","","","","","","","","Gross Charge Type: Main Acute Price List"
"SYSTEM, CALIBRATION VISIGI 3D W/BULB 40FR","EplbChSup77380","CDM","272","RC","","","","","facility","both","","","","1401.95","1401.95","","","","","","","","","","","","","Gross Charge Type: Main Acute Price List"
"SYSTEM, CARDIOMEMS HOSPITAL ELECTRONICS","GastChSup117734","CDM","278","RC","C2624","HCPCS","","","facility","both","","","","55023.52","55023.52","","","","","","","","","","","","","Gross Charge Type: Main Acute Price List"
"SYSTEM, CATALYST REVERSE SHOULDER AUGMENTED BASEPLATE AND CENTER SCREW","EplbChSup115643","CDM","278","RC","C1776","HCPCS","","","facility","both","","","","52105.33","52105.33","","","","","","","","","","","","","Gross Charge Type: Main Acute Price List"
"SYSTEM, CATALYST REVERSE SHOULDER W/BASEPLATE","AngiWmSup111980","CDM","278","RC","C1776","HCPCS","","","facility","both","","","","49231.58","49231.58","","","","","","","","","","","","","Gross Charge Type: Main Acute Price List"
"SYSTEM, CHEST DRAINAGE-ATRIUM","Ccim381083","CDM","270","RC","","","","","facility","both","","","","209.2","209.2","","","","","","","","","","","","","Gross Charge Type: Main Acute Price List"
"SYSTEM, CHEST DRAINAGE-ATRIUM","CcsmCT1083","CDM","270","RC","","","","","facility","both","","","","209.2","209.2","","","","","","","","","","","","","Gross Charge Type: Main Acute Price List"
"SYSTEM, CHEST DRAINAGE-ATRIUM","S107MR1083","CDM","270","RC","","","","","facility","both","","","","209.2","209.2","","","","","","","","","","","","","Gross Charge Type: Main Acute Price List"
"SYSTEM, CORUS SPINAL X","AnesChSup113629","CDM","272","RC","","","","","facility","both","","","","7699.67","7699.67","","","","","","","","","","","","","Gross Charge Type: Main Acute Price List"
"SYSTEM, CORUS SPINAL X","AngiWmSup113629","CDM","272","RC","","","","","facility","both","","","","7699.67","7699.67","","","","","","","","","","","","","Gross Charge Type: Main Acute Price List"
"SYSTEM, CORUS SPINAL X","EplbChSup113629","CDM","272","RC","","","","","facility","both","","","","7699.67","7699.67","","","","","","","","","","","","","Gross Charge Type: Main Acute Price List"
"SYSTEM, CRYOICE CRYOABLATION 10CM","ScpuWmSup79073","CDM","272","RC","","","","","facility","both","","","","15707.34","15707.34","","","","","","","","","","","","","Gross Charge Type: Main Acute Price List"
"SYSTEM, DELIVERY ENVEO PRO 14FR EQUIVALENT","EplbChSup114988","CDM","272","RC","","","","","facility","both","","","","11486.42","11486.42","","","","","","","","","","","","","Gross Charge Type: Main Acute Price List"
"SYSTEM, DELIVERY ENVEO PRO 16FR EQUIVALENT","GastWmSup114989","CDM","272","RC","","","","","facility","both","","","","11486.42","11486.42","","","","","","","","","","","","","Gross Charge Type: Main Acute Price List"
"SYSTEM, DELIVERY ENVEO PRO 16FR EQUIVALENT","OperChSup114989","CDM","272","RC","","","","","facility","both","","","","11486.42","11486.42","","","","","","","","","","","","","Gross Charge Type: Main Acute Price List"
"SYSTEM, DELIVERY EVOLUT FX 34MM","AngiWmSup115081","CDM","272","RC","","","","","facility","both","","","","12215.8","12215.8","","","","","","","","","","","","","Gross Charge Type: Main Acute Price List"
"SYSTEM, DELIVERY EVOLUT PRO PLUS 23,26,29MM 106499","GastChSup106499","CDM","278","RC","","","","","facility","both","","","","12997.05","12997.05","","","","","","","","","","","","","Gross Charge Type: Main Acute Price List"
"SYSTEM, DELIVERY EVOLUT PRO PLUS 23,26,29MM 106499","ScpuChSup106499","CDM","278","RC","","","","","facility","both","","","","12997.05","12997.05","","","","","","","","","","","","","Gross Charge Type: Main Acute Price List"
"SYSTEM, DELIVERY EVOLUT PRO PLUS 34MM 106498","CcthChSup106498","CDM","278","RC","","","","","facility","both","","","","12221.01","12221.01","","","","","","","","","","","","","Gross Charge Type: Main Acute Price List"
"SYSTEM, DELIVERY EVOLUT PRO PLUS 34MM 106498","ScorChSup106498","CDM","278","RC","","","","","facility","both","","","","12221.01","12221.01","","","","","","","","","","","","","Gross Charge Type: Main Acute Price List"
"SYSTEM, DELIVERY TORQVUE 9FR 180/80","AngiChSup55866","CDM","272","RC","C1894","HCPCS","","","facility","both","","","","5346.66","5346.66","","","","","","","","","","","","","Gross Charge Type: Main Acute Price List"
"SYSTEM, DELIVERY TORQVUE 9FR 180/80","PacuWmSup55866","CDM","272","RC","C1894","HCPCS","","","facility","both","","","","5346.66","5346.66","","","","","","","","","","","","","Gross Charge Type: Main Acute Price List"
"SYSTEM, DESARA BLUE SLING STERILE SINGLE USE","OperChSup112931","CDM","278","RC","C1771","HCPCS","","","facility","both","","","","5204.98","5204.98","","","","","","","","","","","","","Gross Charge Type: Main Acute Price List"
"SYSTEM, DESARA BLUE TV SLING STERILE SINGLE USE","EplbChSup112932","CDM","278","RC","C1771","HCPCS","","","facility","both","","","","5056.37","5056.37","","","","","","","","","","","","","Gross Charge Type: Main Acute Price List"
"SYSTEM, DESARA SINGLE INCISION SLING STERILE SINGLE USE","ScorWmSup112933","CDM","278","RC","C1771","HCPCS","","","facility","both","","","","6892.42","6892.42","","","","","","","","","","","","","Gross Charge Type: Main Acute Price List"
"SYSTEM, DURASEAL DURAL SEALANT 3ML","Wilm5447489","CDM","272","RC","","","","","facility","both","","","","4458.5","4458.5","","","","","","","","","","","","","Gross Charge Type: Main Acute Price List"
"SYSTEM, EASYFUSE DYNAMIC COMPRESSION 15X15MM","ScpuWmSup119927","CDM","278","RC","C1713","HCPCS","","","facility","both","","","","10859.91","10859.91","","","","","","","","","","","","","Gross Charge Type: Main Acute Price List"
"SYSTEM, EASYFUSE DYNAMIC COMPRESSION 25X20MM","PacuWmSup117747","CDM","278","RC","C1713","HCPCS","","","facility","both","","","","13859.41","13859.41","","","","","","","","","","","","","Gross Charge Type: Main Acute Price List"
"SYSTEM, EASYFUSE DYNAMIC COMPRESSION","AngiChSup114094","CDM","278","RC","C1713","HCPCS","","","facility","both","","","","2171.05","2171.05","","","","","","","","","","","","","Gross Charge Type: Main Acute Price List"
"SYSTEM, EASYFUSE DYNAMIC COMPRESSION","ScorChSup114094","CDM","278","RC","C1713","HCPCS","","","facility","both","","","","2171.05","2171.05","","","","","","","","","","","","","Gross Charge Type: Main Acute Price List"
"SYSTEM, EMBOGUARD 87 BALLOON GUIDE CATH 95CM","ScpuChSup113741","CDM","272","RC","C2628","HCPCS","","","facility","both","","","","10440.75","10440.75","","","","","","","","","","","","","Gross Charge Type: Main Acute Price List"
"SYSTEM, EUSTACHIAN TUBE BALLOON 6MMX16MM","EplbChSup112110","CDM","272","RC","C1726","HCPCS","","","facility","both","","","","10325.82","10325.82","","","","","","","","","","","","","Gross Charge Type: Main Acute Price List"
"SYSTEM, FASTGRAFTER AUTOGRAFT HARVESTING","AnesWmSup115809","CDM","272","RC","","","","","facility","both","","","","7311.61","7311.61","","","","","","","","","","","","","Gross Charge Type: Main Acute Price List"
"SYSTEM, FLUID MNGMT ARGO-BAGZ","AngiChSup204656","CDM","270","RC","","","","","facility","both","","","","80.69","80.69","","","","","","","","","","","","","Gross Charge Type: Main Acute Price List"
"SYSTEM, GALT STICK INTRODUCER 6FR .018 X 60CM","ScorWmSup78134","CDM","272","RC","C1894","HCPCS","","","facility","both","","","","436.11","436.11","","","","","","","","","","","","","Gross Charge Type: Main Acute Price List"
"SYSTEM, GLENOSPHERE 45, +4 LATERLIZED 24 SHOULDER IMPLANT","OperChSup120505","CDM","278","RC","C1776","HCPCS","","","facility","both","","","","14167.39","14167.39","","","","","","","","","","","","","Gross Charge Type: Main Acute Price List"
"SYSTEM, HARVESTER ORTHOPEDIC OSTEOAUGER 8MM","DelrChSup117862","CDM","272","RC","","","","","facility","both","","","","3480.26","3480.26","","","","","","","","","","","","","Gross Charge Type: Main Acute Price List"
"SYSTEM, HEARTSTRING III PROXIMAL SEAL 3.8MM","Wilm5436209","CDM","270","RC","","","","","facility","both","","","","3438.86","3438.86","","","","","","","","","","","","","Gross Charge Type: Main Acute Price List"
"SYSTEM, HIP MODULAR RESTORATION 31MM X +0 X V40","ScorWmSup121416","CDM","278","RC","C1776","HCPCS","","","facility","both","","","","23206.77","23206.77","","","","","","","","","","","","","Gross Charge Type: Main Acute Price List"
"SYSTEM, IMPLANT BIO-COMP ACHILLES SPEEDBRIDGE","Wilm5450389","CDM","278","RC","C1713","HCPCS","","","facility","both","","","","11611.11","11611.11","","","","","","","","","","","","","Gross Charge Type: Main Acute Price List"
"SYSTEM, IMPLANT BIOCOMP SHOULDER SPEEDBRIDGE 4.75MM SWVLK","EplbChSup115343","CDM","278","RC","C1713","HCPCS","","","facility","both","","","","10073.7","10073.7","","","","","","","","","","","","","Gross Charge Type: Main Acute Price List"
"SYSTEM, IMPLANT BIOCOMP SHOULDER SPEEDBRIDGE 4.75MM SWVLK","PacuWmSup115343","CDM","278","RC","C1713","HCPCS","","","facility","both","","","","10073.7","10073.7","","","","","","","","","","","","","Gross Charge Type: Main Acute Price List"
"SYSTEM, IMPLANT CPR MINI SCORPION DX","OperWmSup56104","CDM","278","RC","","","","","facility","both","","","","7306.98","7306.98","","","","","","","","","","","","","Gross Charge Type: Main Acute Price List"
"SYSTEM, IMPLANT HAND/WRIST INTERNAL BRACE AUGMENTATION REPAIR","OperWmSup115722","CDM","278","RC","C1713","HCPCS","","","facility","both","","","","8655.27","8655.27","","","","","","","","","","","","","Gross Charge Type: Main Acute Price List"
"SYSTEM, IMPLANT LAPIPLASTY 2","CLDRChSup78776","CDM","278","RC","C1713","HCPCS","","","facility","both","","","","30182.72","30182.72","","","","","","","","","","","","","Gross Charge Type: Main Acute Price List"
"SYSTEM, IMPLANT LAPIPLASTY 2","ScpuChSup78776","CDM","278","RC","C1713","HCPCS","","","facility","both","","","","30182.72","30182.72","","","","","","","","","","","","","Gross Charge Type: Main Acute Price List"
"SYSTEM, INBONE EVERLAST SZ 2+ 10MM TOTAL ANKLE","OperChSup119107","CDM","278","RC","C1776","HCPCS","","","facility","both","","","","15261.79","15261.79","","","","","","","","","","","","","Gross Charge Type: Main Acute Price List"
"SYSTEM, INBONE EVERLAST SZ 2+8MM TOTAL ANKLE","ScpuWmSup117958","CDM","278","RC","C1776","HCPCS","","","facility","both","","","","15261.79","15261.79","","","","","","","","","","","","","Gross Charge Type: Main Acute Price List"
"SYSTEM, INBONE TOTAL ANKLE EVERLAST SZ 3+ 10MM","ScpuChSup118570","CDM","278","RC","C1776","HCPCS","","","facility","both","","","","16230.91","16230.91","","","","","","","","","","","","","Gross Charge Type: Main Acute Price List"
"SYSTEM, INDIGO 12F HTORQ TIP PLUS LIGHTNING ASP. TUBING 115CM","DelrChSup106978","CDM","272","RC","C1757","HCPCS","","","facility","both","","","","38748.15","38748.15","","","","","","","","","","","","","Gross Charge Type: Main Acute Price List"
"SYSTEM, INDIGO 8F XTORQ TIP PLUS LIGHTNING ASP TUBING 115CM","ScpuWmSup109147","CDM","272","RC","C1757","HCPCS","","","facility","both","","","","32956.2","32956.2","","","","","","","","","","","","","Gross Charge Type: Main Acute Price List"
"SYSTEM, INSTAFIX FIXATION SHAPE MEMORY 15X10MM","AngiChSup75136","CDM","278","RC","","","","","facility","both","","","","7593.83","7593.83","","","","","","","","","","","","","Gross Charge Type: Main Acute Price List"
"SYSTEM, INSTAFIX FIXATION SHAPE MEMORY 15X15/17MM","ScanChSup75135","CDM","278","RC","","","","","facility","both","","","","7593.83","7593.83","","","","","","","","","","","","","Gross Charge Type: Main Acute Price List"
"SYSTEM, INSTAFIX FIXATION SHAPE MEMORY 25X20MM","GyscChSup107264","CDM","278","RC","C1713","HCPCS","","","facility","both","","","","9612.9","9612.9","","","","","","","","","","","","","Gross Charge Type: Main Acute Price List"
"SYSTEM, INTERNAL BRACE LIGAMENT BIOCOMPOSITE W/JUMPSTART DRESSING","GastWmSup114202","CDM","278","RC","C1713","HCPCS","","","facility","both","","","","9381.8","9381.8","","","","","","","","","","","","","Gross Charge Type: Main Acute Price List"
"SYSTEM, INTRODUCER PEEL APART 10.0 FR","AngiChSup36183","CDM","272","RC","C1894","HCPCS","","","facility","both","","","","1074.96","1074.96","","","","","","","","","","","","","Gross Charge Type: Main Acute Price List"
"SYSTEM, INTRODUCER PEEL APART 10.0 FR","PacuWmSup36183","CDM","272","RC","C1894","HCPCS","","","facility","both","","","","1074.96","1074.96","","","","","","","","","","","","","Gross Charge Type: Main Acute Price List"
"SYSTEM, KNOTLESS MINI TIGHTROPE TITANIUM ANATOMICAL LIGATURE 2.7MM","OperChSup10195036","CDM","278","RC","C1713","HCPCS","","","facility","both","","","","11991.56","11991.56","","","","","","","","","","","","","Gross Charge Type: Main Acute Price List"
"SYSTEM, LINX REFLUX MANAGEMENT 13","ScpuChSup67680","CDM","278","RC","C1889","HCPCS","","","facility","both","","","","33878.56","33878.56","","","","","","","","","","","","","Gross Charge Type: Main Acute Price List"
"SYSTEM, LIQUID EMBOLIC LAVA 18 2ML","CcthChSup120524","CDM","278","RC","C1889","HCPCS","","","facility","both","","","","12935.45","12935.45","","","","","","","","","","","","","Gross Charge Type: Main Acute Price List"
"SYSTEM, LOADING ENVEO PRO 23MM EVOLUT PRO","CcthChSup114991","CDM","272","RC","","","","","facility","both","","","","2123.08","2123.08","","","","","","","","","","","","","Gross Charge Type: Main Acute Price List"
"SYSTEM, LOADING EVOLUT FX 23-29MM","GyscChSup114994","CDM","272","RC","","","","","facility","both","","","","2257.9","2257.9","","","","","","","","","","","","","Gross Charge Type: Main Acute Price List"
"SYSTEM, LOADING EVOLUT FX 23-29MM","OperChSup114994","CDM","272","RC","","","","","facility","both","","","","2257.9","2257.9","","","","","","","","","","","","","Gross Charge Type: Main Acute Price List"
"SYSTEM, LOADING EVOLUT FX 34MM","GastWmSup114995","CDM","272","RC","","","","","facility","both","","","","2257.9","2257.9","","","","","","","","","","","","","Gross Charge Type: Main Acute Price List"
"SYSTEM, MITRACLIP G4 BUNDLE (1 CATH AND UP TO 3 CLIPS)","CspuChSup107735","CDM","278","RC","C1889","HCPCS","","","facility","both","","","","184792.16","184792.16","","","","","","","","","","","","","Gross Charge Type: Main Acute Price List"
"SYSTEM, MITRACLIP G4 BUNDLE (1 CATH AND UP TO 3 CLIPS)","OperChSup107735","CDM","278","RC","C1889","HCPCS","","","facility","both","","","","184792.16","184792.16","","","","","","","","","","","","","Gross Charge Type: Main Acute Price List"
"SYSTEM, MITRACLIP XT DELIVERY G4 VALVE REPAIR","ScorWmSup115162","CDM","272","RC","","","","","facility","both","","","","54.44","54.44","","","","","","","","","","","","","Gross Charge Type: Main Acute Price List"
"SYSTEM, MITRACLIP XTW DELIVERY G4 VALVE REPAIR","EplbChSup115164","CDM","272","RC","","","","","facility","both","","","","54.44","54.44","","","","","","","","","","","","","Gross Charge Type: Main Acute Price List"
"SYSTEM, PARS SUTURE TAPE IMPLANT","ScpuWmSup112342","CDM","278","RC","C1713","HCPCS","","","facility","both","","","","9977.55","9977.55","","","","","","","","","","","","","Gross Charge Type: Main Acute Price List"
"SYSTEM, PASCAL MITRAL PRECISION","ScpuWmSup118881","CDM","278","RC","C1889","HCPCS","","","facility","both","","","","188488.01","188488.01","","","","","","","","","","","","","Gross Charge Type: Main Acute Price List"
"SYSTEM, PCD PRECISION DELIVERY","Chrs3127451","CDM","278","RC","","","","","facility","both","","","","4358.99","4358.99","","","","","","","","","","","","","Gross Charge Type: Main Acute Price List"
"SYSTEM, PHOENIX ATHERECTOMY 1.5MM X 149CM","AngiChSup112826","CDM","272","RC","C1724","HCPCS","","","facility","both","","","","18505.28","18505.28","","","","","","","","","","","","","Gross Charge Type: Main Acute Price List"
"SYSTEM, PHOTODYNAMIC BONE STABILIZATION","EplbChSup119983","CDM","278","RC","C1713","HCPCS","","","facility","both","","","","29976.13","29976.13","","","","","","","","","","","","","Gross Charge Type: Main Acute Price List"
"SYSTEM, PIN SET MODULAR GLENOID","PacuWmSup78651","CDM","278","RC","C1713","HCPCS","","","facility","both","","","","2463.9","2463.9","","","","","","","","","","","","","Gross Charge Type: Main Acute Price List"
"SYSTEM, PIN SET MODULAR GLENOID","ScanWmSup78651","CDM","278","RC","C1713","HCPCS","","","facility","both","","","","2463.9","2463.9","","","","","","","","","","","","","Gross Charge Type: Main Acute Price List"
"SYSTEM, PIONEER STERNAL CABLE TI","PacuWmSup44323","CDM","278","RC","","","","","facility","both","","","","965.55","965.55","","","","","","","","","","","","","Gross Charge Type: Main Acute Price List"
"SYSTEM, POUNCE VENOUS THROMBECTOMY","AngiChSup113036","CDM","272","RC","C1757","HCPCS","","","facility","both","","","","41578.24","41578.24","","","","","","","","","","","","","Gross Charge Type: Main Acute Price List"
"SYSTEM, PREVENA INCISION MANAGEMENT 13CM","Wilm3165072","CDM","272","RC","","","","","facility","both","","","","2896.62","2896.62","","","","","","","","","","","","","Gross Charge Type: Main Acute Price List"
"SYSTEM, PREVENA INCISION MANAGEMENT","EplbChSup49327","CDM","270","RC","","","","","facility","both","","","","2896.62","2896.62","","","","","","","","","","","","","Gross Charge Type: Main Acute Price List"
"SYSTEM, PREVENA INCISION MANAGEMENT","ScpuChSup49327","CDM","270","RC","","","","","facility","both","","","","2896.62","2896.62","","","","","","","","","","","","","Gross Charge Type: Main Acute Price List"
"SYSTEM, RESTORATION MODULAR HIP 115MM X 16MM","AngiChSup115340","CDM","278","RC","C1776","HCPCS","","","facility","both","","","","16542.98","16542.98","","","","","","","","","","","","","Gross Charge Type: Main Acute Price List"
"SYSTEM, RESTORATION MODULAR HIP 115MM X 16MM","EplbChSup115340","CDM","278","RC","C1776","HCPCS","","","facility","both","","","","16542.98","16542.98","","","","","","","","","","","","","Gross Charge Type: Main Acute Price List"
"SYSTEM, RESTORATION MODULAR HIP 115MM X 16MM","GyscChSup115340","CDM","278","RC","C1776","HCPCS","","","facility","both","","","","16542.98","16542.98","","","","","","","","","","","","","Gross Charge Type: Main Acute Price List"
"SYSTEM, RESTORATION MODULAR HIP 115MM X 16MM","ScanWmSup115340","CDM","278","RC","C1776","HCPCS","","","facility","both","","","","16542.98","16542.98","","","","","","","","","","","","","Gross Charge Type: Main Acute Price List"
"SYSTEM, RESTORATION MODULAR HIP 19MM X 30","AngiChSup115341","CDM","278","RC","C1776","HCPCS","","","facility","both","","","","20504.62","20504.62","","","","","","","","","","","","","Gross Charge Type: Main Acute Price List"
"SYSTEM, RETRIEVAL COAXIAL FILTER","CcthChSup28690","CDM","272","RC","C1773","HCPCS","","","facility","both","","","","1878.72","1878.72","","","","","","","","","","","","","Gross Charge Type: Main Acute Price List"
"SYSTEM, RETRIEVAL COAXIAL FILTER","CspuChSup28690","CDM","272","RC","C1773","HCPCS","","","facility","both","","","","1878.72","1878.72","","","","","","","","","","","","","Gross Charge Type: Main Acute Price List"
"SYSTEM, RETRIEVAL COAXIAL FILTER","OperChSup28690","CDM","272","RC","C1773","HCPCS","","","facility","both","","","","1878.72","1878.72","","","","","","","","","","","","","Gross Charge Type: Main Acute Price List"
"SYSTEM, REVOLVE FAT PROCESSING DISPOSABLE","EplbChSup112409","CDM","272","RC","","","","","facility","both","","","","3461.77","3461.77","","","","","","","","","","","","","Gross Charge Type: Main Acute Price List"
"SYSTEM, REVOLVE FAT PROCESSING DISPOSABLE","ScanWmSup112409","CDM","272","RC","","","","","facility","both","","","","3461.77","3461.77","","","","","","","","","","","","","Gross Charge Type: Main Acute Price List"
"SYSTEM, RUMI DILATOR TIP 5.1MM X 6CM","GastWmSup38365","CDM","272","RC","","","","","facility","both","","","","318.7","318.7","","","","","","","","","","","","","Gross Charge Type: Main Acute Price List"
"SYSTEM, RUMI KOH-EFFICIENT 3.0CM","OperChSup49181","CDM","272","RC","","","","","facility","both","","","","653.92","653.92","","","","","","","","","","","","","Gross Charge Type: Main Acute Price List"
"SYSTEM, RUMI KOH-EFFICIENT 3.0CM","PacuChSup49181","CDM","272","RC","","","","","facility","both","","","","653.92","653.92","","","","","","","","","","","","","Gross Charge Type: Main Acute Price List"
"SYSTEM, RUMI KOH-EFFICIENT 4.0CM","GyscChSup49183","CDM","272","RC","","","","","facility","both","","","","653.92","653.92","","","","","","","","","","","","","Gross Charge Type: Main Acute Price List"
"SYSTEM, SHARKCORE FINE NEEDLE 25GA","OperWmSup67351","CDM","272","RC","","","","","facility","both","","","","2186.71","2186.71","","","","","","","","","","","","","Gross Charge Type: Main Acute Price List"
"SYSTEM, SHOULDER UNIVERS REVERS MODULAR GLENOID TITANIUM 36 +4 LAT/ 24","ScorWmSup120998","CDM","278","RC","C1776","HCPCS","","","facility","both","","","","23407.01","23407.01","","","","","","","","","","","","","Gross Charge Type: Main Acute Price List"
"SYSTEM, SKW RETRACTION","OperClSup32292","CDM","272","RC","","","","","facility","both","","","","2838.4","2838.4","","","","","","","","","","","","","Gross Charge Type: Main Acute Price List"
"SYSTEM, SKW RETRACTION","OperWmSup32292","CDM","272","RC","","","","","facility","both","","","","2838.4","2838.4","","","","","","","","","","","","","Gross Charge Type: Main Acute Price List"
"SYSTEM, SKW RETRACTION","ScpuWmSup32292","CDM","272","RC","","","","","facility","both","","","","2838.4","2838.4","","","","","","","","","","","","","Gross Charge Type: Main Acute Price List"
"SYSTEM, TACK ENDOVASCULAR 4FR 1.5-4.5MM 150CM","CspuChSup109110","CDM","272","RC","C1876","HCPCS","","","facility","both","","","","18448.42","18448.42","","","","","","","","","","","","","Gross Charge Type: Main Acute Price List"
"SYSTEM, TACK ENDOVASCULAR 4FR 1.5-4.5MM 150CM","PacuChSup109110","CDM","272","RC","C1876","HCPCS","","","facility","both","","","","18448.42","18448.42","","","","","","","","","","","","","Gross Charge Type: Main Acute Price List"
"SYSTEM, TACK ENDOVASCULAR 6FR 4-8MM 135CM","EplbChSup109109","CDM","272","RC","C1876","HCPCS","","","facility","both","","","","12713.33","12713.33","","","","","","","","","","","","","Gross Charge Type: Main Acute Price List"
"SYSTEM, TACK ENDOVASCULAR 6FR 4-8MM 135CM","ScorWmSup109109","CDM","272","RC","C1876","HCPCS","","","facility","both","","","","12713.33","12713.33","","","","","","","","","","","","","Gross Charge Type: Main Acute Price List"
"SYSTEM, THERABITE JAW MOTION REHAB ADULT","ScanWmSup53498","CDM","270","RC","E1700","HCPCS","","","facility","both","","","","2699.57","2699.57","","","","","","","","","","","","","Gross Charge Type: Main Acute Price List"
"SYSTEM, TREVO PROVUE","OperWmSup51930","CDM","272","RC","","","","","facility","both","","","","50605.13","50605.13","","","","","","","","","","","","","Gross Charge Type: Main Acute Price List"
"SYSTEM, TRICLIP G5 (BUNDLE)","AngiWmSup10195090","CDM","278","RC","C1889","HCPCS","","","facility","both","","","","210240","210240","","","","","","","","","","","","","Gross Charge Type: Main Acute Price List"
"SYSTEM, TRINAV INFUSION 0.021 2.4FR 120CM","AnesChSup107818","CDM","272","RC","C1982","HCPCS","","","facility","both","","","","47737.98","47737.98","","","","","","","","","","","","","Gross Charge Type: Main Acute Price List"
"SYSTEM, TRUAIM LISFRANC","AnesChSup118341","CDM","272","RC","","","","","facility","both","","","","5913.35","5913.35","","","","","","","","","","","","","Gross Charge Type: Main Acute Price List"
"SYSTEM, VAC DELIVERY OMNICUP","Chrs54214982","CDM","270","RC","","","","","facility","both","","","","160.15","160.15","","","","","","","","","","","","","Gross Charge Type: Main Acute Price List"
"SYSTEM, VASCADE MVP VENOUS VASCULAR CLOSURE 6-12FR 12CM","PacuWmSup114468","CDM","278","RC","C1760","HCPCS","","","facility","both","","","","1505.26","1505.26","","","","","","","","","","","","","Gross Charge Type: Main Acute Price List"
"SYSTEM, WATCHMAN FLEX TRUSEAL ACCESS BUNDLE (UP TO 3 ACCESS SYSTEMS)","ScorChSup107076","CDM","278","RC","","","","","facility","both","","","","6159.74","6159.74","","","","","","","","","","","","","Gross Charge Type: Main Acute Price List"
"SYSTEM, WATCHMAN FXD DBL CURVE ACCESS","AnesWmSup113343","CDM","272","RC","","","","","facility","both","","","","6159.74","6159.74","","","","","","","","","","","","","Gross Charge Type: Main Acute Price List"
"SYSTEM, WATCHMAN FXD SGL CURVE ACCESS","CcthChSup113342","CDM","272","RC","","","","","facility","both","","","","5791.95","5791.95","","","","","","","","","","","","","Gross Charge Type: Main Acute Price List"
"SYSTEM, WEB 17 SL EMBOLIZATION ANEURYSM  5 X 2MM","GastWmSup110363","CDM","278","RC","C1889","HCPCS","","","facility","both","","","","90557.55","90557.55","","","","","","","","","","","","","Gross Charge Type: Main Acute Price List"
"SYSTEM, WEB 17 SL EMBOLIZATION ANEURYSM  5 X 2MM","GyscChSup110363","CDM","278","RC","C1889","HCPCS","","","facility","both","","","","90557.55","90557.55","","","","","","","","","","","","","Gross Charge Type: Main Acute Price List"
"SYSTEM, WEB 17 SL EMBOLIZATION ANEURYSM  7 X 4MM","GastWmSup110366","CDM","278","RC","C1889","HCPCS","","","facility","both","","","","95538.22","95538.22","","","","","","","","","","","","","Gross Charge Type: Main Acute Price List"
"SYSTEM, WEB 17 SL EMBOLIZATION ANEURYSM  7 X 4MM","ScanWmSup110366","CDM","278","RC","C1889","HCPCS","","","facility","both","","","","95538.22","95538.22","","","","","","","","","","","","","Gross Charge Type: Main Acute Price List"
"SYSTEM, WEB 17 SL EMBOLIZATION ANEURYSM 6X2","CspuChSup119200","CDM","278","RC","C1889","HCPCS","","","facility","both","","","","101604.89","101604.89","","","","","","","","","","","","","Gross Charge Type: Main Acute Price List"
"SYSTEM, WEB EMBOLIZATION ANEURYSM SL 11 X 7MM VIA 33","CspuChSup79579","CDM","278","RC","C1884","HCPCS","","","facility","both","","","","91941.85","91941.85","","","","","","","","","","","","","Gross Charge Type: Main Acute Price List"
"SYSTEM, WEB EMBOLIZATION ANEURYSM SL 17","OperChSup110311","CDM","278","RC","","","","","facility","both","","","","101604.89","101604.89","","","","","","","","","","","","","Gross Charge Type: Main Acute Price List"
"SYSTEM, WEB EMBOLIZATION ANEURYSM SL 17","ScorWmSup110311","CDM","278","RC","","","","","facility","both","","","","101604.89","101604.89","","","","","","","","","","","","","Gross Charge Type: Main Acute Price List"
"SYSTEM, WEB EMBOLIZATION ANEURYSM SL 7 X 3MM VIA 21","PacuWmSup79563","CDM","278","RC","","","","","facility","both","","","","86589.65","86589.65","","","","","","","","","","","","","Gross Charge Type: Main Acute Price List"
"SYSTEM, WEB EMBOLIZATION ANEURYSM SL 7 X 4MM VIA 21","ScanWmSup79564","CDM","278","RC","","","","","facility","both","","","","86589.65","86589.65","","","","","","","","","","","","","Gross Charge Type: Main Acute Price List"
"SYSTEM, WEB EMBOLIZATION ANEURYSM SL 7 X 5MM VIA 21","ScpuWmSup79565","CDM","278","RC","","","","","facility","both","","","","86589.65","86589.65","","","","","","","","","","","","","Gross Charge Type: Main Acute Price List"
"SYSTEM, WEB EMBOLIZATION ANEURYSM SL 8 X 3MM VIA 27","GyscChSup79566","CDM","278","RC","C1889","HCPCS","","","facility","both","","","","92088.09","92088.09","","","","","","","","","","","","","Gross Charge Type: Main Acute Price List"
"SYSTEM, WEB EMBOLIZATION ANEURYSM SL 8 X 3MM VIA 27","PacuWmSup79566","CDM","278","RC","C1889","HCPCS","","","facility","both","","","","92088.09","92088.09","","","","","","","","","","","","","Gross Charge Type: Main Acute Price List"
"SYSTEM, WEB EMBOLIZATION ANEURYSM SL 8 X 4MM VIA 27","GyscChSup79567","CDM","278","RC","","","","","facility","both","","","","86589.65","86589.65","","","","","","","","","","","","","Gross Charge Type: Main Acute Price List"
"SYSTEM, WEB EMBOLIZATION ANEURYSM SL 9 X 6MM VIA 27","ScanWmSup79572","CDM","278","RC","","","","","facility","both","","","","86589.65","86589.65","","","","","","","","","","","","","Gross Charge Type: Main Acute Price List"
"SYSTEM, WEB EMBOLIZATION ANEURYSM SL 9 X 7MM VIA 27","CspuChSup79573","CDM","278","RC","","","","","facility","both","","","","86589.65","86589.65","","","","","","","","","","","","","Gross Charge Type: Main Acute Price List"
"SYSTEM, XTACK ENDOSCOPIC HELI X TRACKING 160 CM","DelrChSup110240","CDM","272","RC","","","","","facility","both","","","","3695.84","3695.84","","","","","","","","","","","","","Gross Charge Type: Main Acute Price List"
"SYSTEM, XTACK ENDOSCOPIC HELI X TRACKING 160 CM","OperChSup110240","CDM","272","RC","","","","","facility","both","","","","3695.84","3695.84","","","","","","","","","","","","","Gross Charge Type: Main Acute Price List"
"SYSTEM, XTACK ENDOSCOPIC HELI X TRACKING 235 CM","PacuWmSup110239","CDM","272","RC","","","","","facility","both","","","","3695.84","3695.84","","","","","","","","","","","","","Gross Charge Type: Main Acute Price List"
"SYSTEM, XTACK ENDOSCOPIC HELI X TRACKING 235 CM","ScanWmSup110239","CDM","272","RC","","","","","facility","both","","","","3695.84","3695.84","","","","","","","","","","","","","Gross Charge Type: Main Acute Price List"
"SYSTEM, ZEBRA NEUROVASCULAR ACCESS WITH CATHETER DILATOR 6FR 105 SIM2","CcthChSup10195804","CDM","272","RC","C1887","HCPCS","","","facility","both","","","","9636","9636","","","","","","","","","","","","","Gross Charge Type: Main Acute Price List"
"SYSTEM, ZEBRA NEUROVASCULAR ACCESS WITH CATHETER DILATOR 7FR 105 SIM2","AngiWmSup10195799","CDM","272","RC","C1887","HCPCS","","","facility","both","","","","9636","9636","","","","","","","","","","","","","Gross Charge Type: Main Acute Price List"
"SYSTEM,ANGIOVAC VEN DRAIN 20DEG ANG PAC VTX","PacuChSup68302","CDM","272","RC","","","","","facility","both","","","","75295.35","75295.35","","","","","","","","","","","","","Gross Charge Type: Main Acute Price List"
"SYSTEM,ANGIOVAC VEN DRAIN 20DEG ANG PAC VTX","ScanChSup68302","CDM","272","RC","","","","","facility","both","","","","75295.35","75295.35","","","","","","","","","","","","","Gross Charge Type: Main Acute Price List"
"SYSTEM,CLEANER XT ROTO THROMBECTOMY 6FR 65CM","Wilm5469695","CDM","272","RC","","","","","facility","both","","","","3849.83","3849.83","","","","","","","","","","","","","Gross Charge Type: Main Acute Price List"
"SYSTEM,DELIV NAVIFLEX BILIARY STENT 10FR","GastChSup61108","CDM","272","RC","C2625","HCPCS","","","facility","both","","","","486.62","486.62","","","","","","","","","","","","","Gross Charge Type: Main Acute Price List"
"SYSTEM,ENROUTE TRANSCAROTID  NEUROPROT","Chrs5469081","CDM","272","RC","","","","","facility","both","","","","20635.12","20635.12","","","","","","","","","","","","","Gross Charge Type: Main Acute Price List"
"SYSTEM,ENROUTE TRANSCAROTID  NEUROPROT","ScorChSup69081","CDM","272","RC","","","","","facility","both","","","","20635.12","20635.12","","","","","","","","","","","","","Gross Charge Type: Main Acute Price List"
"SYSTEM,IMPLT BC MID-SUBST ACHILLES SPEEDBRID","ScorWmSup67934","CDM","278","RC","C1713","HCPCS","","","facility","both","","","","6506.22","6506.22","","","","","","","","","","","","","Gross Charge Type: Main Acute Price List"
"SYSTEM,NAIL INTRAMEDULLARY LONG LEFT GAMMA4 012X420MMX125DEG","OperWmSup10194629","CDM","278","RC","C1713","HCPCS","","","facility","both","","","","12737.04","12737.04","","","","","","","","","","","","","Gross Charge Type: Main Acute Price List"
"SYSTEM,PHOENIX ATHEREC 6FR 2.2MMX149CM","EplbChSup62769","CDM","272","RC","","","","","facility","both","","","","19680.36","19680.36","","","","","","","","","","","","","Gross Charge Type: Main Acute Price List"
"SYSTEM,PHOENIX ATHEREC 6FR 2.2MMX149CM","GastChSup62769","CDM","272","RC","","","","","facility","both","","","","19680.36","19680.36","","","","","","","","","","","","","Gross Charge Type: Main Acute Price List"
"SYSTEM,PHOENIX ATHERECT 5FR 1.8MMX149CM","PacuChSup62767","CDM","272","RC","","","","","facility","both","","","","19680.36","19680.36","","","","","","","","","","","","","Gross Charge Type: Main Acute Price List"
"SYSTEM,PHOENIX ATHERECT 5FR 1.8MMX149CM","ScpuChSup62767","CDM","272","RC","","","","","facility","both","","","","19680.36","19680.36","","","","","","","","","","","","","Gross Charge Type: Main Acute Price List"
"SYSTEM,PHOENIX ATHERECT 6FR 2.2MMX130CM","ScanChSup62770","CDM","272","RC","","","","","facility","both","","","","18505.28","18505.28","","","","","","","","","","","","","Gross Charge Type: Main Acute Price List"
"SYSTEM,PINNACLE ACCESS 6FR","ScanWmSup53037","CDM","272","RC","","","","","facility","both","","","","232.22","232.22","","","","","","","","","","","","","Gross Charge Type: Main Acute Price List"
"SYSTEM,PINNACLE ACCESS 6FR","ScorWmSup53037","CDM","272","RC","","","","","facility","both","","","","232.22","232.22","","","","","","","","","","","","","Gross Charge Type: Main Acute Price List"
"SYSTEM,TRANSVAGINAL SLING ADVANTAGE FIT BL","EplbChSup74174","CDM","278","RC","C1771","HCPCS","","","facility","both","","","","5470.03","5470.03","","","","","","","","","","","","","Gross Charge Type: Main Acute Price List"
"SYSTEM,TRANSVAGINAL SLING ADVANTAGE FIT BL","OperChSup74174","CDM","278","RC","C1771","HCPCS","","","facility","both","","","","5470.03","5470.03","","","","","","","","","","","","","Gross Charge Type: Main Acute Price List"
"SYSTEM,TRANSVAGINAL SLING ADVANTAGE FIT BL","ScanWmSup74174","CDM","278","RC","C1771","HCPCS","","","facility","both","","","","5470.03","5470.03","","","","","","","","","","","","","Gross Charge Type: Main Acute Price List"
"SYSTEM,WATCHMAN ACC BUNDLE (UP TO 3 ACC SYS)","GastChSup68383","CDM","278","RC","","","","","facility","both","","","","8108.73","8108.73","","","","","","","","","","","","","Gross Charge Type: Main Acute Price List"
"SYSYEM, 2.9X12.5MM CITREFIX XPRESS","PacuChSup118902","CDM","278","RC","C1713","HCPCS","","","facility","both","","","","7887.19","7887.19","","","","","","","","","","","","","Gross Charge Type: Main Acute Price List"
"Safety plan interven","G0560","HCPCS","","","","","","","facility","outpatient","","","","","","Ambetter","All Commercial Plans","59.3","","","","","","","fee schedule","37.55","118.59","Radiology"
"Safety plan interven","G0560","HCPCS","","","","","","","facility","outpatient","","","","","","Amerihealth","Caritas Next Other Commercial Plan","63.25","","","","","","","fee schedule","37.55","118.59","Radiology"
"Salivary Gland Procedures Except Sialoadenectomy","051","MS-DRG","","","","","","","facility","inpatient","","","","","","Ambetter","All Commercial Plans","","91","","","","","0","percent of total billed charges","","","No services performed during 15-month lookback period."
"Salivary Gland Procedures Except Sialoadenectomy","051","MS-DRG","","","","","","","facility","inpatient","","","","","","Ibc","All Commercial Plans","","","[Psych-Per Diem: 1800] [All Other IP (%BC): 89.50]","","","","0","other","","","No services performed during 15-month lookback period."
"Salivary Gland Procedures","139","MS-DRG","","","","","","","facility","inpatient","","","","","","Bcbs","Highmark Health Options Medicaid Managed Care Plan","","","[Inpatient Services: Payer leverages state specific Medicaid payment methodology. Available, referenceable algorithm logic found here: https://medicaidpublications.dhss.delaware.gov/docs/search]","","","","0","other","","","No services performed during 15-month lookback period."
"Salivary Gland Procedures","139","MS-DRG","","","","","","","facility","inpatient","","","","","","Jefferson Health Plan","Health Partners Medicare Managed Care Plan","12012.14","","","","","","","fee schedule","10868.12","29038.95","MSDRG Base Rate"
"Salivary surgery procedure","42699","HCPCS","","","","","","","facility","outpatient","","","","","","Jefferson Health Plan","Health Partners Medicaid Managed Care/Aca Plan","767.84","","","","","","","fee schedule","243.15","767.84","APC"
"Salmonella antibody","86768","HCPCS","","","","","","","facility","outpatient","","","","","","Bcbs","Highmark Health Options Medicare Managed Care Plan","13.52","","","","","","","fee schedule","8.57","39.57","APC"
"Same day nb discharge","99463","HCPCS","","","","","","","facility","outpatient","","","","","","Bcbs","Highmark Medicare Managed Care Plan","136.68","","","","","","","fee schedule","136.68","431.61","APC"
"Same day nb discharge","99463","HCPCS","","","","","","","facility","outpatient","","","","","","Jefferson Health Plan","Health Partners Medicare Managed Care Plan","151.06","","","","","","","fee schedule","136.68","431.61","APC"
"Sars-cov-2 antb quantitative","86413","HCPCS","","","","","","","facility","outpatient","","","","","","Aetna","All Commercial Plans","72","","","","","","","fee schedule","42.22","154.29","Radiology"
"Sars-cov-2 antb quantitative","86413","HCPCS","","","","","","","facility","outpatient","","","","","","Jefferson Health Plan","Health Partners Medicaid Managed Care/Aca Plan","154.29","","","","","","","fee schedule","42.22","154.29","APC"
"Sars-cov-2 covid-19 amp prb","87635","HCPCS","","","","","","","facility","outpatient","","","","","","Aetna","All Commercial Plans","56.95","","","","","","","fee schedule","48.74","153.93","Laboratory"
"Sars-cov-2 covid19 w/optic","87811","HCPCS","","","","","","","facility","outpatient","","","","","","Aetna","All Commercial Plans","57.93","","","","","","","fee schedule","39.31","124.14","Radiology"
"Sars-cov-2 covid19 w/optic","87811","HCPCS","","","","","","","facility","outpatient","","","","","","Amerihealth","Caritas Next Other Commercial Plan","66.21","","","","","","","fee schedule","39.31","124.14","Radiology"
"Sarscov2&inf a&b&rsv amp prb","87637","HCPCS","","","","","","","facility","outpatient","","","","","","Amerihealth","Caritas Next Other Commercial Plan","228.21","","","","","","","fee schedule","135.5","427.89","Radiology"
"Sarscov2&inf typ a&b w/optic","87812","HCPCS","","","","","","","facility","outpatient","","","","","","Ambetter","All Commercial Plans","111.72","","","","","","","fee schedule","70.76","223.44","Radiology"
"Sc std carbapenem resist gen","87183","HCPCS","","","","","","","facility","outpatient","","","","","","Aetna","All Commercial Plans","49.13","","","","","","","fee schedule","33.34","105.27","Radiology"
"Scr c/v cyto, autosys, rescr","G0148","HCPCS","","","","","","","facility","outpatient","","","","","","Amerihealth","Medicare Managed Care Plan","34.5","","","","","","","fee schedule","20.76","95.82","APC"
"Scr c/v cyto,thinlayer,rescr","G0143","HCPCS","","","","","","","facility","outpatient","","","","","","Jefferson Health Plan","Health Partners Medicaid Managed Care/Aca Plan","81.15","","","","","","","fee schedule","17.58","81.15","APC"
"Scr c/v cyto,thinlayer,rescr","G0144","HCPCS","","","","","","","facility","outpatient","","","","","","Amerihealth","Medicare Managed Care Plan","47.49","","","","","","","fee schedule","28.58","131.91","APC"
"Screen cerv/vag thin layer","G0123","HCPCS","","","","","","","facility","outpatient","","","","","","Aetna","All Commercial Plans","22.49","","","","","","","fee schedule","13.17","60.78","Laboratory"
"Secondary urethral surgery","54344","HCPCS","","","","","","","facility","outpatient","","","","","","Jefferson Health Plan","Health Partners Medicare Managed Care Plan","10741.23","","","","","","","fee schedule","9718.25","30689.22","APC"
"Secondary urethral surgery","54348","HCPCS","","","","","","","facility","outpatient","","","","","","Aetna","Medicare Managed Care Plan","5967.94","","","","","","","fee schedule","5504.41","17382.35","APC"
"Secondary urethral surgery","54348","HCPCS","","","","","","","facility","outpatient","","","","","","Bcbs","Highmark Health Options Medicare Managed Care Plan","5938.97","","","","","","","fee schedule","5504.41","17382.35","APC"
"Secondary urethral surgery","54348","HCPCS","","","","","","","facility","outpatient","","","","","","Jefferson Health Plan","Health Partners Medicaid Managed Care/Aca Plan","17382.35","","","","","","","fee schedule","5504.41","17382.35","APC"
"Self-meas bp pt educaj/train","99473","HCPCS","","","","","","","facility","outpatient","","","","","","Healthspring","Medicare Managed Care Plan","31.26","","","","","","","fee schedule","29.69","93.77","APC"
"Semen anal sperm detection","89321","HCPCS","","","","","","","facility","outpatient","","","","","","Ambetter","All Commercial Plans","18.08","","","","","","","fee schedule","7.83","36.15","Radiology"
"Semen analysis w/count","89310","HCPCS","","","","","","","facility","outpatient","","","","","","Jefferson Health Plan","Health Partners Medicare Managed Care Plan","9.04","","","","","","","fee schedule","5.6","25.83","APC"
"Semen analysis","G0027","HCPCS","","","","","","","facility","outpatient","","","","","","Bcbs","Highmark Medicare Managed Care Plan","6.18","","","","","","","fee schedule","4.23","19.5","APC"
"Separate eyelid adhesions","68340","HCPCS","","","","","","","facility","outpatient","","","","","","Bcbs","Highmark Wholecare Medicare Managed Care Plan","2826.1","","","","","","","fee schedule","2440.72","7707.54","APC"
"Sept9 methylation analysis","81327","HCPCS","","","","","","","facility","outpatient","","","","","","Ambetter","All Commercial Plans","288","","","","","","","fee schedule","124.8","576","Radiology"
"Sept9 methylation analysis","81327","HCPCS","","","","","","","facility","outpatient","","","","","","Cigna","All Commercial Plans","124.8","","","","","","","fee schedule","124.8","576",""
"Septic Arthritis With Cc","549","MS-DRG","","","","","","","facility","inpatient","","","","","","Aetna - De","Better Health Medicaid Managed Care Plan","","","[Inpatient Services: Payer leverages state specific Medicaid payment methodology. Available, referenceable algorithm logic found here: https://medicaidpublications.dhss.delaware.gov/docs/search]","","","","0","other","","","No services performed during 15-month lookback period."
"Septic Arthritis With Cc","549","MS-DRG","","","","","","","facility","inpatient","","","","","","Amerihealth","Medicare Managed Care Plan","","","[MSDRG Base Rate: FEE SCHEDULE]","","","","0","other","","","No services performed during 15-month lookback period."
"Septic Arthritis With Cc","549","MS-DRG","","","","","","","facility","inpatient","","","","","","Cigna","All Commercial Plans","","","[SNF-(% BC): 60] [All Other IP (%BC): 88.46]","","","","0","other","","","No services performed during 15-month lookback period."
"Septic Arthritis Without Cc/Mcc","550","MS-DRG","","","","","","","facility","inpatient","","","","","","Bcbs","Highmark Medicare Managed Care Plan","7817.03","","","","","","","fee schedule","7817.03","20541.35","MSDRG Base Rate"
"Septic Arthritis Without Cc/Mcc","550","MS-DRG","","","","","","","facility","inpatient","","","","","","Ibc","Medicare Managed Care Plan","8228.45","","","","","","","fee schedule","7817.03","20541.35","MSDRG Base Rate"
"Septic Arthritis Without Cc/Mcc","550","MS-DRG","","","","","","","facility","inpatient","","","","","","Wellcare","Medicare Managed Care Plan","","","[MSDRG Base Rate: FEE SCHEDULE]","","","","0","other","","","No services performed during 15-month lookback period."
"Septic Arthritis Without Cc/Mcc","550","MS-DRG","","","","","","","facility","inpatient","","","","","","Wellcare","Medicare Managed Care Plan","9051.3","","","","","","","fee schedule","7817.03","20541.35","MSDRG Base Rate"
"Septicemia Or Severe Sepsis With Mv >96 Hours","870","MS-DRG","","","","","","","facility","inpatient","","","","","","Bcbs","Highmark All Commercial Plans","","","[Lesser Than Charges paid at %: 100] [MSDRG Base Rate: FEE SCHEDULE] [Normal Newborn-Per Diem: 6037.44] [Psych-Per Diem: 2159.84] [All Other IP (%BC): 85.44]","336010.91","336010.91","459551.67","1 through 10","other","","","Contracting method is an algorithm described in the 'standard_charges|algorithm' field. The allowed amount provided accounts for the structural rates, conditions, and utilization elements inherent in the payer’s algorithm."
"Septicemia Or Severe Sepsis With Mv >96 Hours","870","MS-DRG","","","","","","","facility","inpatient","","","","","","Jefferson Health Plan","Health Partners Medicaid Managed Care/Aca Plan","","","[Inpatient Services: Payer leverages state specific Medicaid payment methodology. Available, referenceable algorithm logic found here: https://www.pa.gov/agencies/dhs/resources/for-providers] [MSDRG Base Rate: FEE SCHEDULE]","","","","0","other","","","No services performed during 15-month lookback period."
"Septicemia Or Severe Sepsis Without Mv >96 Hours With Mcc","871","MS-DRG","","","","","","","facility","inpatient","","","","","","Aetna - Nj","Better Health Medicaid Managed Care Plan","","","[Inpatient Services: Payer leverages state specific Medicaid payment methodology. Available, referenceable algorithm logic found here: https://www.nj.gov/health/hcf/]","","","","0","other","","","No services performed during 15-month lookback period."
"Septicemia Or Severe Sepsis Without Mv >96 Hours With Mcc","871","MS-DRG","","","","","","","facility","inpatient","","","","","","Jefferson Health Plan","Health Partners Medicare Managed Care Plan","","","[MSDRG Base Rate: FEE SCHEDULE]","","","","0","other","","","No services performed during 15-month lookback period."
"Septicemia Or Severe Sepsis Without Mv >96 Hours Without Mcc","872","MS-DRG","","","","","","","facility","inpatient","","","","","","Bcbs","Highmark Health Options Medicare Managed Care Plan","9792.46","","","","","","","fee schedule","9075.94","24047.55","MSDRG Base Rate"
"Serial salivary imaging","78231","HCPCS","","","","","","","facility","outpatient","","","","","","Amerihealth","Medicare Managed Care Plan","466.56","","","","","","","fee schedule","410.4","1296.01","APC"
"Serpina1 gene","81332","HCPCS","","","","","","","facility","outpatient","","","","","","Ambetter","All Commercial Plans","56.74","","","","","","","fee schedule","28.37","130.95","Laboratory"
"Serpina1 gene","81332","HCPCS","","","","","","","facility","outpatient","","","","","","Amerihealth","Caritas Next Other Commercial Plan","43.65","","","","","","","fee schedule","28.37","130.95","Laboratory"
"Serum immunoelectrophoresis","86320","HCPCS","","","","","","","facility","outpatient","","","","","","Aetna","Medicare Managed Care Plan","30.82","","","","","","","fee schedule","19.45","89.76","APC"
"Services delivered under an outpatient speech language pathology plan of care","","","","","","","","","facility","both","","","GN","","","AmeriHealth","Caritas Next Other Commercial Plan","","","","","","","","","","","The modified price is presented in the standard charge value."
"Services delivered under an outpatient speech language pathology plan of care","","","","","","","","","facility","both","","","GN","","","Cigna","All Commercial Plans","","","","","","","","","","","The modified price is presented in the standard charge value."
"Set radiation therapy field","77290","HCPCS","","","","","","","facility","outpatient","","","","","","Healthspring","Medicare Managed Care Plan","404.62","","","","","","","fee schedule","384.39","1213.86","APC"
"Sex transformation f to m","55980","HCPCS","","","","","","","facility","outpatient","","","","","","Jefferson Health Plan","Health Partners Medicaid Managed Care/Aca Plan","11427.6","","","","","","","fee schedule","3618.74","11427.6","APC"
"Sf3b1 gene common variants","81347","HCPCS","","","","","","","facility","outpatient","","","","","","Amerihealth","Medicare Managed Care Plan","208.71","","","","","","","fee schedule","183.59","579.75","APC"
"Sgmdsc w/band ligation","45350","HCPCS","","","","","","","facility","outpatient","","","","","","Bcbs","Highmark Health Options Medicare Managed Care Plan","1325.45","","","","","","","fee schedule","1228.47","3879.38","APC"
"Sgmdsc w/band ligation","45350","HCPCS","","","","","","","facility","outpatient","","","","","","Jefferson Health Plan","Health Partners Medicaid Managed Care/Aca Plan","3879.38","","","","","","","fee schedule","1228.47","3879.38","APC"
"Shave skin lesion 0.5 cm/<","11305","HCPCS","","","","","","","facility","outpatient","","","","","","Aetna","Medicare Managed Care Plan","223.32","","","","","","","fee schedule","205.97","650.43","APC"
"Shave skin lesion 0.5 cm/<","11310","HCPCS","","","","","","","facility","outpatient","","","","","","Ambetter","All Commercial Plans","325.22","","","","","","","fee schedule","205.97","650.43","Radiology"
"Shave skin lesion 0.5 cm/<","11310","HCPCS","","","","","","","facility","outpatient","","","","","","Bcbs","Highmark All Commercial Plans","319.91","","","","","","","fee schedule","205.97","650.43","Radiology"
"Shave skin lesion 0.6-1.0 cm","11306","HCPCS","","","","","","","facility","outpatient","","","","","","Ambetter","All Commercial Plans","325.22","","","","","","","fee schedule","205.97","650.43","Radiology"
"Shave skin lesion 0.6-1.0 cm","11311","HCPCS","","","","","","","facility","outpatient","","","","","","Jefferson Health Plan","Health Partners Medicaid Managed Care/Aca Plan","650.43","","","","","","","fee schedule","205.97","650.43","APC"
"Shave skin lesion 1.1-2.0 cm","11307","HCPCS","","","","","","","facility","outpatient","","","","","","Bcbs","Highmark All Commercial Plans","319.91","","","","","","","fee schedule","205.97","650.43","Radiology"
"Shave skin lesion 1.1-2.0 cm","11312","HCPCS","","","","","","","facility","outpatient","","","","","","Bcbs","Highmark Health Options Medicare Managed Care Plan","450.27","","","","","","","fee schedule","417.33","1317.88","APC"
"Shave skin lesion >2.0 cm","11303","HCPCS","","","","","","","facility","outpatient","","","","","","Aetna","Medicare Managed Care Plan","452.47","","","","","","","fee schedule","417.33","1317.88","APC"
"Shave skin lesion >2.0 cm","11303","HCPCS","","","","","","","facility","outpatient","","","","","","Ambetter","All Commercial Plans","658.94","","","","","","","fee schedule","417.33","1317.88","Radiology"
"Shave skin lesion >2.0 cm","11308","HCPCS","","","","","","","facility","outpatient","","","","","","Bcbs","Highmark Health Options Medicare Managed Care Plan","450.27","","","","","","","fee schedule","417.33","1317.88","APC"
"Shave skin lesion >2.0 cm","11313","HCPCS","","","","","","","facility","outpatient","","","","","","Jefferson Health Plan","Health Partners Medicare Managed Care Plan","461.26","","","","","","","fee schedule","417.33","1317.88","APC"
"Shorten radius & ulna","25392","HCPCS","","","","","","","facility","outpatient","","","","","","Jefferson Health Plan","Health Partners Medicaid Managed Care/Aca Plan","23523.84","","","","","","","fee schedule","7449.22","23523.84","APC"
"Shortening of hand tendon","26479","HCPCS","","","","","","","facility","outpatient","","","","","","Aetna","All Commercial Plans","4950.15","","","","","","","fee schedule","3359.03","10607.46","Radiology"
"Shortening of hand tendon","26479","HCPCS","","","","","","","facility","outpatient","","","","","","Amerihealth","Caritas Next Other Commercial Plan","5657.31","","","","","","","fee schedule","3359.03","10607.46","Radiology"
"Shortening of thigh bone","27465","HCPCS","","","","","","","facility","outpatient","","","","","","Jefferson Health Plan","Health Partners Medicaid Managed Care/Aca Plan","23523.84","","","","","","","fee schedule","7449.22","23523.84","APC"
"Shoulder arthroscopy/surgery","29819","HCPCS","","","","","","","facility","outpatient","","","","","","Ambetter","All Commercial Plans","5303.73","","","","","","","fee schedule","3359.03","10607.46","Radiology"
"Shoulder arthroscopy/surgery","29821","HCPCS","","","","","","","facility","outpatient","","","","","","Healthspring","Medicare Managed Care Plan","3535.82","","","","","","","fee schedule","3359.03","10607.46","APC"
"Shoulder, Elbow Or Forearm Procedures, Except Major Joint Procedures With Cc","511","MS-DRG","","","","","","","facility","inpatient","","","","","","Healthspring","Medicare Managed Care Plan","18933.75","","","","","","","fee schedule","17987.06","48865.9","MSDRG Base Rate"
"Shoulder, Elbow Or Forearm Procedures, Except Major Joint Procedures With Mcc","510","MS-DRG","","","","","","","facility","inpatient","","","","","","Aetna - Md","Better Health Medicaid Managed Care Plan","","","[Inpatient Services: Payer leverages state specific Medicaid payment methodology. Available, referenceable algorithm logic found here: https://health.maryland.gov/mmcp/provider/Pages/default.aspx]","","","","0","other","","","No services performed during 15-month lookback period."
"Shoulder, Elbow Or Forearm Procedures, Except Major Joint Procedures With Mcc","510","MS-DRG","","","","","","","facility","inpatient","","","","","","Bcbs","Highmark Wholecare Medicaid Managed Care Plan","","","[Inpatient Services: Payer leverages state specific Medicaid payment methodology. Available, referenceable algorithm logic found here: https://www.pa.gov/agencies/dhs/resources/for-providers]","","","","0","other","","","No services performed during 15-month lookback period."
"Shoulder, Elbow Or Forearm Procedures, Except Major Joint Procedures With Mcc","510","MS-DRG","","","","","","","facility","inpatient","","","","","","First Health","Delaware Medicaid Managed Care Plan","","","[Inpatient Services: Payer leverages state specific Medicaid payment methodology. Available, referenceable algorithm logic found here: https://medicaidpublications.dhss.delaware.gov/docs/search]","","","","0","other","","","No services performed during 15-month lookback period."
"Sialidase enzyme assay","87905","HCPCS","","","","","","","facility","outpatient","","","","","","Jefferson Health Plan","Health Partners Medicare Managed Care Plan","12.83","","","","","","","fee schedule","7.94","36.66","APC"
"Sialoadenectomy","050","MS-DRG","","","","","","","facility","inpatient","","","","","","Aetna - De","Better Health Medicaid Managed Care Plan","","","[Inpatient Services: Payer leverages state specific Medicaid payment methodology. Available, referenceable algorithm logic found here: https://medicaidpublications.dhss.delaware.gov/docs/search]","","","","0","other","","","No services performed during 15-month lookback period."
"Sialoadenectomy","050","MS-DRG","","","","","","","facility","inpatient","","","","","","Aetna","All Commercial Plans","","","[SNF-(% BC): 65] [Bariatric Surgery-Case Rate: 20177] [All Other IP (%BC): 86.5]","","","","0","other","","","No services performed during 15-month lookback period."
"Sig w/tndsc balloon dilation","45340","HCPCS","","","","","","","facility","outpatient","","","","","","Bcbs","Highmark All Commercial Plans","1908.01","","","","","","","fee schedule","1228.47","3879.38","Radiology"
"Sigmoidoscopy W/Ultrasound","45341","HCPCS","","","","","","","facility","outpatient","","","","","","Jefferson Health Plan","Health Partners Medicaid Managed Care/Aca Plan","3014.82","","","","","","","fee schedule","954.69","3014.82","APC"
"Sigmoidoscopy W/Us Guide Bx","45342","HCPCS","","","","","","","facility","outpatient","","","","","","Bcbs","Highmark All Commercial Plans","1908.01","","","","","","","fee schedule","1228.47","3879.38","Radiology"
"Sigmoidoscopy for bleeding","45334","HCPCS","","","","","","","facility","outpatient","","","","","","Jefferson Health Plan","Health Partners Medicaid Managed Care/Aca Plan","3879.38","","","","","","","fee schedule","1228.47","3879.38","APC"
"Sigmoidoscopy w/ablation","45346","HCPCS","","","","","","","facility","outpatient","","","","","","Ambetter","All Commercial Plans","1939.69","","","","","","","fee schedule","1228.47","3879.38","Radiology"
"Sigmoidoscopy w/fb removal","45332","HCPCS","","","","","","","facility","outpatient","","","","","","Amerihealth","Medicare Managed Care Plan","1396.58","","","","","","","fee schedule","1228.47","3879.38","APC"
"Sigmoidoscopy w/tumr remove","45338","HCPCS","","","","","","","facility","outpatient","","","","","","Aetna","Medicare Managed Care Plan","1331.92","","","","","","","fee schedule","1228.47","3879.38","APC"
"Signs And Symptoms Of Musculoskeletal System And Connective Tissue Without Mcc","556","MS-DRG","","","","","","","facility","inpatient","","","","","","Jefferson Health Plan","Health Partners Medicare Managed Care Plan","","","[MSDRG Base Rate: FEE SCHEDULE]","","","","0","other","","","No services performed during 15-month lookback period."
"Signs And Symptoms With Mcc","947","MS-DRG","","","","","","","facility","inpatient","","","","","","Ibc","Medicare Managed Care Plan","11739.45","","","","","","","fee schedule","11152.48","29830.9","MSDRG Base Rate"
"Signs And Symptoms With Mcc","947","MS-DRG","","","","","","","facility","inpatient","","","","","","Jefferson Health Plan","Health Partners Medicaid Managed Care/Aca Plan","","","[Inpatient Services: Payer leverages state specific Medicaid payment methodology. Available, referenceable algorithm logic found here: https://www.pa.gov/agencies/dhs/resources/for-providers] [MSDRG Base Rate: FEE SCHEDULE]","","","","0","other","","","No services performed during 15-month lookback period."
"Simple Pneumonia And Pleurisy With Mcc","193","MS-DRG","","","","","","","facility","inpatient","","","","","","Aetna - Md","Better Health Medicaid Managed Care Plan","","","[Inpatient Services: Payer leverages state specific Medicaid payment methodology. Available, referenceable algorithm logic found here: https://health.maryland.gov/mmcp/provider/Pages/default.aspx]","","","","0","other","","","No services performed during 15-month lookback period."
"Simple Pneumonia And Pleurisy Without Cc/Mcc","195","MS-DRG","","","","","","","facility","inpatient","","","","","","Amerihealth","Medicare Managed Care Plan","6530.82","","","","","","","fee schedule","5744.71","14769.75","MSDRG Base Rate"
"Simple cystometrogram","51725","HCPCS","","","","","","","facility","outpatient","","","","","","Bcbs","Highmark All Commercial Plans","398.38","","","","","","","fee schedule","256.49","809.98","Radiology"
"Simultaneous Pancreas And Kidney Transplant With Hemodialysis","019","MS-DRG","","","","","","","facility","inpatient","","","","","","Cigna","All Commercial Plans","","","[SNF-(% BC): 60] [All Other IP (%BC): 88.46]","","","","0","other","","","No services performed during 15-month lookback period."
"Simultaneous Pancreas And Kidney Transplant","008","MS-DRG","","","","","","","facility","inpatient","","","","","","Bcbs","Highmark Wholecare Medicaid Managed Care Plan","","","[Inpatient Services: Payer leverages state specific Medicaid payment methodology. Available, referenceable algorithm logic found here: https://www.pa.gov/agencies/dhs/resources/for-providers]","","","","0","other","","","No services performed during 15-month lookback period."
"Single Level Spinal Fusion Except Cervical With Mcc Or Custom-Made Anatomically Designed Interbody F","450","MS-DRG","","","","","","","facility","inpatient","","","","","","First Health","Delaware Medicaid Managed Care Plan","","","[Inpatient Services: Payer leverages state specific Medicaid payment methodology. Available, referenceable algorithm logic found here: https://medicaidpublications.dhss.delaware.gov/docs/search]","","","","0","other","","","No services performed during 15-month lookback period."
"Sinus endo w/balloon dil","31296","HCPCS","","","","","","","facility","outpatient","","","","","","Amerihealth","Caritas Next Other Commercial Plan","12202.4","","","","","","","fee schedule","7245.17","22879.5","Radiology"
"Sinus endo w/balloon dil","31296","HCPCS","","","","","","","facility","outpatient","","","","","","Healthspring","Medicare Managed Care Plan","7626.5","","","","","","","fee schedule","7245.17","22879.5","APC"
"Sinus endo w/balloon dil","31297","HCPCS","","","","","","","facility","outpatient","","","","","","Aetna","All Commercial Plans","10677.1","","","","","","","fee schedule","7245.17","22879.5","Radiology"
"Skin Debridement Without Cc/Mcc","572","MS-DRG","","","","","","","facility","inpatient","","","","","","Jefferson Health Plan","Health Partners Medicaid Managed Care/Aca Plan","26938.05","","","","","","","fee schedule","10113.79","26938.05",""
"Skin Graft Except For Skin Ulcer Or Cellulitis With Cc","577","MS-DRG","","","","","","","facility","inpatient","","","","","","Aetna - De","Better Health Medicaid Managed Care Plan","","","[Inpatient Services: Payer leverages state specific Medicaid payment methodology. Available, referenceable algorithm logic found here: https://medicaidpublications.dhss.delaware.gov/docs/search]","","","","0","other","","","No services performed during 15-month lookback period."
"Skin Graft Except For Skin Ulcer Or Cellulitis With Mcc","576","MS-DRG","","","","","","","facility","inpatient","","","","","","Bcbs","Highmark Wholecare Medicare Managed Care Plan","48396.25","","","","","","","fee schedule","41796.76","115178.2","MSDRG Base Rate"
"Skin Graft For Skin Ulcer Or Cellulitis With Cc","574","MS-DRG","","","","","","","facility","inpatient","","","","","","Jefferson Health Plan","Health Partners Medicaid Managed Care/Aca Plan","","","[Inpatient Services: Payer leverages state specific Medicaid payment methodology. Available, referenceable algorithm logic found here: https://www.pa.gov/agencies/dhs/resources/for-providers] [MSDRG Base Rate: FEE SCHEDULE]","","","","0","other","","","No services performed during 15-month lookback period."
"Skin Graft For Skin Ulcer Or Cellulitis With Cc","574","MS-DRG","","","","","","","facility","inpatient","","","","","","Jefferson Health Plan","Health Partners Medicare Managed Care Plan","32862.18","","","","","","","fee schedule","29732.44","81577.9","MSDRG Base Rate"
"Skin Graft For Skin Ulcer Or Cellulitis With Mcc","573","MS-DRG","","","","","","","facility","inpatient","","","","","","First Health","Delaware Medicaid Managed Care Plan","","","[Inpatient Services: Payer leverages state specific Medicaid payment methodology. Available, referenceable algorithm logic found here: https://medicaidpublications.dhss.delaware.gov/docs/search]","","","","0","other","","","No services performed during 15-month lookback period."
"Skin Graft For Skin Ulcer Or Cellulitis With Mcc","573","MS-DRG","","","","","","","facility","inpatient","","","","","","Jefferson Health Plan","Health Partners Medicare Managed Care Plan","61586.11","","","","","","","fee schedule","55720.77","153957.9","MSDRG Base Rate"
"Skin Graft For Skin Ulcer Or Cellulitis With Mcc","573","MS-DRG","","","","","","","facility","inpatient","","","","","","Wellcare","Medicare Managed Care Plan","64518.78","","","","","","","fee schedule","55720.77","153957.9","MSDRG Base Rate"
"Skin Graft For Skin Ulcer Or Cellulitis Without Cc/Mcc","575","MS-DRG","","","","","","","facility","inpatient","","","","","","Bcbs","Highmark Wholecare Medicare Managed Care Plan","","","[MSDRG Base Rate: FEE SCHEDULE]","","","","0","other","","","No services performed during 15-month lookback period."
"Skin Grafts And Wound Debridement For Endocrine, Nutritional And Metabolic Disorders With Mcc","622","MS-DRG","","","","","","","facility","inpatient","","","","","","Unitedhealthcare","Medicare Managed Care Plan","32718.67","","","","","","","fee schedule","30473.27","83641.2","MSDRG Base Rate"
"Skin Grafts And Wound Debridement For Endocrine, Nutritional And Metabolic Disorders With Mcc","622","MS-DRG","","","","","","","facility","inpatient","","","","","","Wellcare","Medicare Managed Care Plan","","","[MSDRG Base Rate: FEE SCHEDULE]","","","","0","other","","","No services performed during 15-month lookback period."
"Skin Grafts For Injuries With Cc/Mcc","904","MS-DRG","","","","","","","facility","inpatient","","","","","","Aetna","Medicare Managed Care Plan","34081.44","","","","","","","fee schedule","31434.34","86317.85","MSDRG Base Rate"
"Skin Grafts For Injuries With Cc/Mcc","904","MS-DRG","","","","","","","facility","inpatient","","","","","","Bcbs","Highmark Health Options Medicare Managed Care Plan","","","[MSDRG Base Rate: FEE SCHEDULE]","","","","0","other","","","No services performed during 15-month lookback period."
"Skin Ulcers With Cc","593","MS-DRG","","","","","","","facility","inpatient","","","","","","Aetna","Medicare Managed Care Plan","","","[MSDRG Base Rate: FEE SCHEDULE] [Psych-Per Diem: 1065] [Rehab-Per Diem: 1598] [SNF-Per Diem: 365]","","","","0","other","","","No services performed during 15-month lookback period."
"Skin Ulcers With Mcc","592","MS-DRG","","","","","","","facility","inpatient","","","","","","Bcbs","Highmark Wholecare Medicare Managed Care Plan","","","[MSDRG Base Rate: FEE SCHEDULE]","","","","0","other","","","No services performed during 15-month lookback period."
"Skin and muscle repair face","15845","HCPCS","","","","","","","facility","outpatient","","","","","","Bcbs","Highmark Medicare Managed Care Plan","3637.98","","","","","","","fee schedule","3637.98","11488.36","APC"
"Skin full graft een & lips","15260","HCPCS","","","","","","","facility","outpatient","","","","","","Healthspring","Medicare Managed Care Plan","2229.64","","","","","","","fee schedule","2118.16","6688.93","APC"
"Skin pedicle flap arms/legs","15572","HCPCS","","","","","","","facility","outpatient","","","","","","Jefferson Health Plan","Health Partners Medicare Managed Care Plan","4020.93","","","","","","","fee schedule","3637.98","11488.36","APC"
"Skin pedicle flap trunk","15570","HCPCS","","","","","","","facility","outpatient","","","","","","Bcbs","Highmark Wholecare Medicare Managed Care Plan","2452.61","","","","","","","fee schedule","2118.16","6688.93","APC"
"Skin sub graft trnk/arm/leg","15271","HCPCS","","","","","","","facility","outpatient","","","","","","Amerihealth","Caritas Next Other Commercial Plan","1277.86","","","","","","","fee schedule","758.73","2395.99","Radiology"
"Skin test nos antigen","86486","HCPCS","","","","","","","facility","outpatient","","","","","","Bcbs","Highmark Wholecare Medicare Managed Care Plan","34.38","","","","","","","fee schedule","3.52","93.77","APC"
"Skn sub grft f/n/hf/g child","15277","HCPCS","","","","","","","facility","outpatient","","","","","","Bcbs","Highmark Health Options Medicare Managed Care Plan","2285.38","","","","","","","fee schedule","2118.16","6688.93","APC"
"Sleep study attended","95807","HCPCS","","","","","","","facility","outpatient","","","","","","Jefferson Health Plan","Health Partners Medicare Managed Care Plan","423.41","","","","","","","fee schedule","383.08","1209.74","APC"
"Slitting of prepuce","54000","HCPCS","","","","","","","facility","outpatient","","","","","","Aetna","All Commercial Plans","5332.88","","","","","","","fee schedule","3618.74","11427.6","Radiology"
"Slitting of prepuce","54000","HCPCS","","","","","","","facility","outpatient","","","","","","Jefferson Health Plan","Health Partners Medicaid Managed Care/Aca Plan","11427.6","","","","","","","fee schedule","3618.74","11427.6","APC"
"Small bowel endoscopy br/wa","44381","HCPCS","","","","","","","facility","outpatient","","","","","","Bcbs","Highmark Wholecare Medicare Managed Care Plan","2280.99","","","","","","","fee schedule","1969.95","6220.88","APC"
"Small bowel endoscopy","44365","HCPCS","","","","","","","facility","outpatient","","","","","","Amerihealth","Caritas Next Other Commercial Plan","3317.81","","","","","","","fee schedule","1969.95","6220.88","Radiology"
"Small bowel endoscopy","44365","HCPCS","","","","","","","facility","outpatient","","","","","","Bcbs","Highmark Health Options Medicare Managed Care Plan","2125.47","","","","","","","fee schedule","1969.95","6220.88","APC"
"Small bowel endoscopy","44372","HCPCS","","","","","","","facility","outpatient","","","","","","Bcbs","Highmark Wholecare Medicare Managed Care Plan","2280.99","","","","","","","fee schedule","1969.95","6220.88","APC"
"Small bowel endoscopy","44373","HCPCS","","","","","","","facility","outpatient","","","","","","Aetna","Medicare Managed Care Plan","2135.84","","","","","","","fee schedule","1969.95","6220.88","APC"
"Small bowel endoscopy","44376","HCPCS","","","","","","","facility","outpatient","","","","","","Ambetter","All Commercial Plans","3110.44","","","","","","","fee schedule","1969.95","6220.88","Radiology"
"Small bowel endoscopy","44382","HCPCS","","","","","","","facility","outpatient","","","","","","Aetna","Medicare Managed Care Plan","1009.52","","","","","","","fee schedule","931.11","2940.35","APC"
"Small bowel endoscopy","44384","HCPCS","","","","","","","facility","outpatient","","","","","","Healthspring","Medicare Managed Care Plan","2073.63","","","","","","","fee schedule","1969.95","6220.88","APC"
"Small bowel endoscopy/biopsy","44361","HCPCS","","","","","","","facility","outpatient","","","","","","Bcbs","Highmark All Commercial Plans","3059.64","","","","","","","fee schedule","1969.95","6220.88","Radiology"
"Smear fluorescent/acid stai","87206","HCPCS","","","","","","","facility","outpatient","","","","","","First Health","Delaware Medicaid Managed Care Plan","5.93","","","","","","","fee schedule","3.5","16.17","Laboratory"
"Smear gram stain","87205","HCPCS","","","","","","","facility","outpatient","","","","","","Cigna","All Commercial Plans","2.78","","","","","","","fee schedule","2.78","12.81",""
"Smmg cncrnt appl imu snr","0778T","HCPCS","","","","","","","facility","outpatient","","","","","","Amerihealth","Medicare Managed Care Plan","150.17","","","","","","","fee schedule","132.1","417.14","APC"
"Smmg cncrnt appl imu snr","0778T","HCPCS","","","","","","","facility","outpatient","","","","","","Bcbs","Highmark All Commercial Plans","205.17","","","","","","","fee schedule","132.1","417.14","Radiology"
"Smn1 gen nown famil seq vrnt","81337","HCPCS","","","","","","","facility","outpatient","","","","","","Cigna","All Commercial Plans","120.38","","","","","","","fee schedule","120.38","555.6",""
"Smn1&smn2 full gene analysis","0236U","HCPCS","","","","","","","facility","outpatient","","","","","","Jefferson Health Plan","Health Partners Medicaid Managed Care/Aca Plan","1808.1","","","","","","","fee schedule","572.57","1808.1","APC"
"Smpd1 gene common variants","81330","HCPCS","","","","","","","facility","outpatient","","","","","","Cigna","All Commercial Plans","30.55","","","","","","","fee schedule","30.55","141",""
"Snrpn/ube3a gene","81331","HCPCS","","","","","","","facility","outpatient","","","","","","Jefferson Health Plan","Health Partners Medicare Managed Care Plan","53.62","","","","","","","fee schedule","33.2","153.21","APC"
"So gsap dna cpy nmbr&mcrstl","81458","HCPCS","","","","","","","facility","outpatient","","","","","","Bcbs","Highmark All Commercial Plans","1543.89","","","","","","","fee schedule","994.03","3139.05","Radiology"
"So gsap dna cpy nmbr&mcrstl","81458","HCPCS","","","","","","","facility","outpatient","","","","","","Jefferson Health Plan","Health Partners Medicare Managed Care Plan","1098.67","","","","","","","fee schedule","994.03","3139.05","APC"
"So neo gsap dna/dna&rna","81459","HCPCS","","","","","","","facility","outpatient","","","","","","Amerihealth","Medicare Managed Care Plan","3228.71","","","","","","","fee schedule","2840.07","8968.65","APC"
"Soft Tissue Procedures With Cc","501","MS-DRG","","","","","","","facility","inpatient","","","","","","Aetna - Md","Better Health Medicaid Managed Care Plan","","","[Inpatient Services: Payer leverages state specific Medicaid payment methodology. Available, referenceable algorithm logic found here: https://health.maryland.gov/mmcp/provider/Pages/default.aspx]","","","","0","other","","","No services performed during 15-month lookback period."
"Soft Tissue Procedures With Mcc","500","MS-DRG","","","","","","","facility","inpatient","","","","","","Bcbs","Highmark Health Options Medicaid Managed Care Plan","","","[Inpatient Services: Payer leverages state specific Medicaid payment methodology. Available, referenceable algorithm logic found here: https://medicaidpublications.dhss.delaware.gov/docs/search]","15377.4","15377.4","15377.4","1 through 10","other","","","Contracting method is an algorithm described in the 'standard_charges|algorithm' field. The allowed amount provided accounts for the structural rates, conditions, and utilization elements inherent in the payer’s algorithm."
"Soft Tissue Procedures Without Cc/Mcc","502","MS-DRG","","","","","","","facility","inpatient","","","","","","Ambetter","All Commercial Plans","","91","","","","","0","percent of total billed charges","","","No services performed during 15-month lookback period."
"Soft tissue graft firsttooth","D4277","HCPCS","","","","","","","facility","outpatient","","","","","","Ambetter","All Commercial Plans","2515.03","","","","","","","fee schedule","1592.85","5030.06","Radiology"
"Special radiation dosimetry","77331","HCPCS","","","","","","","facility","outpatient","","","","","","Bcbs","Highmark All Commercial Plans","214.31","","","","","","","fee schedule","137.98","435.74","Radiology"
"Special stains group 1","88312","HCPCS","","","","","","","facility","outpatient","","","","","","Aetna","Medicare Managed Care Plan","58","","","","","","","fee schedule","50.75","168.94","APC"
"Special stains group 2","88313","HCPCS","","","","","","","facility","outpatient","","","","","","Healthspring","Medicare Managed Care Plan","143.78","","","","","","","fee schedule","34.57","431.33","APC"
"Specimen fat stain","89125","HCPCS","","","","","","","facility","outpatient","","","","","","Bcbs","Highmark Medicare Managed Care Plan","5.59","","","","","","","fee schedule","3.82","17.64","APC"
"Specimen infect agnt concntj","87015","HCPCS","","","","","","","facility","outpatient","","","","","","Amerihealth","Caritas Next Other Commercial Plan","10.69","","","","","","","fee schedule","4.34","20.04","Radiology"
"Speech audiom thresh & recog","0211T","HCPCS","","","","","","","facility","outpatient","","","","","","Bcbs","Highmark Medicare Managed Care Plan","38.34","","","","","","","fee schedule","38.34","121.09","APC"
"Speech evaluation complex","70371","HCPCS","","","","","","","facility","outpatient","","","","","","Jefferson Health Plan","Health Partners Medicare Managed Care Plan","270.73","","","","","","","fee schedule","244.95","773.52","APC"
"Sperm antibody test","89325","HCPCS","","","","","","","facility","outpatient","","","","","","Aetna","Medicare Managed Care Plan","10.99","","","","","","","fee schedule","6.94","32.01","APC"
"Sperm antibody test","89325","HCPCS","","","","","","","facility","outpatient","","","","","","Bcbs","Highmark Medicare Managed Care Plan","10.14","","","","","","","fee schedule","6.94","32.01","APC"
"Sperm identification","89257","HCPCS","","","","","","","facility","outpatient","","","","","","Bcbs","Highmark All Commercial Plans","83.09","","","","","","","fee schedule","32.16","168.94","Radiology"
"Sperm washing","58323","HCPCS","","","","","","","facility","outpatient","","","","","","Jefferson Health Plan","Health Partners Medicaid Managed Care/Aca Plan","655.42","","","","","","","fee schedule","207.55","655.42","APC"
"Sphenoid sinus surgery","31051","HCPCS","","","","","","","facility","outpatient","","","","","","Bcbs","Highmark Health Options Medicare Managed Care Plan","6557.07","","","","","","","fee schedule","6077.29","19191.43","APC"
"Spinal Disorders And Injuries With Cc/Mcc","052","MS-DRG","","","","","","","facility","inpatient","","","","","","Bcbs","Highmark Health Options Medicare Managed Care Plan","16966.34","","","","","","","fee schedule","15724.9","42565.55","MSDRG Base Rate"
"Spinal Disorders And Injuries Without Cc/Mcc","053","MS-DRG","","","","","","","facility","inpatient","","","","","","Bcbs","Highmark Health Options Medicare Managed Care Plan","9390.98","","","","","","","fee schedule","8703.83","23011.2","MSDRG Base Rate"
"Spinal Disorders And Injuries Without Cc/Mcc","053","MS-DRG","","","","","","","facility","inpatient","","","","","","Bcbs","Highmark Wholecare Medicare Managed Care Plan","10078.12","","","","","","","fee schedule","8703.83","23011.2","MSDRG Base Rate"
"Spinal Fusion Except Cervical With Mcc","459","MS-DRG","","","","","","","facility","inpatient","","","","","","Amerihealth","Medicare Managed Care Plan","","","[MSDRG Base Rate: FEE SCHEDULE]","","","","0","other","","","No services performed during 15-month lookback period."
"Spinal Fusion Except Cervical With Mcc","459","MS-DRG","","","","","","","facility","inpatient","","","","","","Bcbs","Highmark Wholecare Medicaid Managed Care Plan","","","[Inpatient Services: Payer leverages state specific Medicaid payment methodology. Available, referenceable algorithm logic found here: https://www.pa.gov/agencies/dhs/resources/for-providers]","","","","0","other","","","No services performed during 15-month lookback period."
"Spinal Fusion Except Cervical With Spinal Curvature, Malignancy, Infection Or Extensive Fusions With","456","MS-DRG","","","","","","","facility","inpatient","","","","","","Healthspring","Medicare Managed Care Plan","","","[MSDRG Base Rate: FEE SCHEDULE]","","","","0","other","","","No services performed during 15-month lookback period."
"Spinal Fusion Except Cervical With Spinal Curvature, Malignancy, Infection Or Extensive Fusions With","457","MS-DRG","","","","","","","facility","inpatient","","","","","","Aetna - De","Better Health Medicaid Managed Care Plan","","","[Inpatient Services: Payer leverages state specific Medicaid payment methodology. Available, referenceable algorithm logic found here: https://medicaidpublications.dhss.delaware.gov/docs/search]","","","","0","other","","","No services performed during 15-month lookback period."
"Spinal Fusion Except Cervical With Spinal Curvature, Malignancy, Infection Or Extensive Fusions With","458","MS-DRG","","","","","","","facility","inpatient","","","","","","Bcbs","Highmark Health Options Medicare Managed Care Plan","","","[MSDRG Base Rate: FEE SCHEDULE]","","","","0","other","","","No services performed during 15-month lookback period."
"Spinal Fusion Except Cervical With Spinal Curvature, Malignancy, Infection Or Extensive Fusions With","458","MS-DRG","","","","","","","facility","inpatient","","","","","","Cigna","All Commercial Plans","","","[SNF-(% BC): 60] [All Other IP (%BC): 88.46]","","","","0","other","","","No services performed during 15-month lookback period."
"Spinal Procedures With Cc Or Spinal Neurostimulators","029","MS-DRG","","","","","","","facility","inpatient","","","","","","Unitedhealthcare","All Commercial Plans","","91","","202067.3","202067.3","202067.3","1 through 10","percent of total billed charges","","",""
"Spinal Procedures With Mcc","028","MS-DRG","","","","","","","facility","inpatient","","","","","","Jefferson Health Plan","Health Partners Medicare Managed Care Plan","","","[MSDRG Base Rate: FEE SCHEDULE]","","","","0","other","","","No services performed during 15-month lookback period."
"Spinal Procedures Without Cc/Mcc","030","MS-DRG","","","","","","","facility","inpatient","","","","","","Jefferson Health Plan","Health Partners Medicaid Managed Care/Aca Plan","","","[Inpatient Services: Payer leverages state specific Medicaid payment methodology. Available, referenceable algorithm logic found here: https://www.pa.gov/agencies/dhs/resources/for-providers] [MSDRG Base Rate: FEE SCHEDULE]","","","","0","other","","","No services performed during 15-month lookback period."
"Spinal fluid tap diagnostic","62270","HCPCS","","","","","","","facility","outpatient","","","","","","Amerihealth","Caritas Next Other Commercial Plan","1220.47","","","","","","","fee schedule","724.66","2288.39","Radiology"
"Splenic Procedures Without Cc/Mcc","801","MS-DRG","","","","","","","facility","inpatient","","","","","","First Health","Delaware Medicaid Managed Care Plan","","","[Inpatient Services: Payer leverages state specific Medicaid payment methodology. Available, referenceable algorithm logic found here: https://medicaidpublications.dhss.delaware.gov/docs/search]","","","","0","other","","","No services performed during 15-month lookback period."
"Sprains, Strains, And Dislocations Of Hip, Pelvis And Thigh Without Cc/Mcc","538","MS-DRG","","","","","","","facility","inpatient","","","","","","Aetna","Medicare Managed Care Plan","","","[MSDRG Base Rate: FEE SCHEDULE] [Psych-Per Diem: 1065] [Rehab-Per Diem: 1598] [SNF-Per Diem: 365]","","","","0","other","","","No services performed during 15-month lookback period."
"Sprains, Strains, And Dislocations Of Hip, Pelvis And Thigh Without Cc/Mcc","538","MS-DRG","","","","","","","facility","inpatient","","","","","","Bcbs","Highmark Health Options Medicare Managed Care Plan","7033.98","","","","","","","fee schedule","6519.3","16927.05","MSDRG Base Rate"
"Sprains, Strains, And Dislocations Of Hip, Pelvis And Thigh Without Cc/Mcc","538","MS-DRG","","","","","","","facility","inpatient","","","","","","Bcbs","Highmark Wholecare Medicare Managed Care Plan","7548.66","","","","","","","fee schedule","6519.3","16927.05","MSDRG Base Rate"
"Spun microhematocrit","85013","HCPCS","","","","","","","facility","outpatient","","","","","","Aetna","All Commercial Plans","7.77","","","","","","","fee schedule","4.55","21","Laboratory"
"Srsf2 gene common variants","81348","HCPCS","","","","","","","facility","outpatient","","","","","","Amerihealth","Medicare Managed Care Plan","189.43","","","","","","","fee schedule","166.63","526.2","APC"
"Stab phleb veins xtr 10-20","37765","HCPCS","","","","","","","facility","outpatient","","","","","","Bcbs","Highmark All Commercial Plans","5034.51","","","","","","","fee schedule","3241.46","10236.2","Radiology"
"Staph a dna amp probe","87640","HCPCS","","","","","","","facility","outpatient","","","","","","Aetna","All Commercial Plans","49.13","","","","","","","fee schedule","22.81","105.27","Radiology"
"Stem cells total count","86367","HCPCS","","","","","","","facility","outpatient","","","","","","Ambetter","All Commercial Plans","101.11","","","","","","","fee schedule","50.56","233.34","Laboratory"
"Stimulation of spinal cord","63610","HCPCS","","","","","","","facility","outpatient","","","","","","Aetna","All Commercial Plans","2954.24","","","","","","","fee schedule","2004.66","6330.52","Radiology"
"Stimulation of spinal cord","63610","HCPCS","","","","","","","facility","outpatient","","","","","","Bcbs","Highmark Health Options Medicare Managed Care Plan","2162.93","","","","","","","fee schedule","2004.66","6330.52","APC"
"Stomach surgery procedure","43999","HCPCS","","","","","","","facility","outpatient","","","","","","Healthspring","Medicare Managed Care Plan","980.12","","","","","","","fee schedule","931.11","2940.35","APC"
"Stomach, Esophageal And Duodenal Procedures With Cc","327","MS-DRG","","","","","","","facility","inpatient","","","","","","Amerihealth","Caritas Next Other Commercial Plan","","94","","","","","0","percent of total billed charges","","","No services performed during 15-month lookback period."
"Stomach, Esophageal And Duodenal Procedures With Mcc","326","MS-DRG","","","","","","","facility","inpatient","","","","","","Amerihealth","Medicare Managed Care Plan","48343.19","","","","","","","fee schedule","42524.1","117203.9","MSDRG Base Rate"
"Stomach, Esophageal And Duodenal Procedures Without Cc/Mcc","328","MS-DRG","","","","","","","facility","inpatient","","","","","","Aetna","Medicare Managed Care Plan","","","[MSDRG Base Rate: FEE SCHEDULE] [Psych-Per Diem: 1065] [Rehab-Per Diem: 1598] [SNF-Per Diem: 365]","","","","0","other","","","No services performed during 15-month lookback period."
"Stool cultr aerobic bact ea","87046","HCPCS","","","","","","","facility","outpatient","","","","","","Amerihealth","Caritas Next Other Commercial Plan","9.44","","","","","","","fee schedule","6.14","28.32","Laboratory"
"Storage/year embryo(s)","89342","HCPCS","","","","","","","facility","outpatient","","","","","","Ambetter","All Commercial Plans","276.16","","","","","","","fee schedule","93.28","552.32","Radiology"
"Storage/year oocyte(s)","89346","HCPCS","","","","","","","facility","outpatient","","","","","","Healthspring","Medicare Managed Care Plan","184.11","","","","","","","fee schedule","174.9","552.32","APC"
"Storage/year sperm/semen","89343","HCPCS","","","","","","","facility","outpatient","","","","","","Aetna","All Commercial Plans","257.75","","","","","","","fee schedule","93.28","552.32","Radiology"
"Strapping of ankle and/or ft","29540","HCPCS","","","","","","","facility","outpatient","","","","","","Bcbs","Highmark All Commercial Plans","259.1","","","","","","","fee schedule","166.82","526.81","Radiology"
"Strapping of chest","29200","HCPCS","","","","","","","facility","outpatient","","","","","","Bcbs","Highmark Medicare Managed Care Plan","166.82","","","","","","","fee schedule","166.82","526.81","APC"
"Strapping of hand or finger","29280","HCPCS","","","","","","","facility","outpatient","","","","","","Aetna","All Commercial Plans","89.25","","","","","","","fee schedule","60.56","191.25","Radiology"
"Strapping of hand or finger","29280","HCPCS","","","","","","","facility","outpatient","","","","","","Amerihealth","Caritas Next Other Commercial Plan","102","","","","","","","fee schedule","60.56","191.25","Radiology"
"Strapping of hand or finger","29280","HCPCS","","","","","","","facility","outpatient","","","","","","Bcbs","Highmark Medicare Managed Care Plan","60.56","","","","","","","fee schedule","60.56","191.25","APC"
"Strapping of hand or finger","29280","HCPCS","","","","","","","facility","outpatient","","","","","","Jefferson Health Plan","Health Partners Medicaid Managed Care/Aca Plan","191.25","","","","","","","fee schedule","60.56","191.25","APC"
"Strep a ag ia","87430","HCPCS","","","","","","","facility","outpatient","","","","","","First Health","Delaware Medicaid Managed Care Plan","18.49","","","","","","","fee schedule","10.93","50.43","Laboratory"
"Strep a dna dir probe","87650","HCPCS","","","","","","","facility","outpatient","","","","","","Ambetter","All Commercial Plans","26.06","","","","","","","fee schedule","13.03","60.15","Laboratory"
"Strep b assay w/optic","87802","HCPCS","","","","","","","facility","outpatient","","","","","","Ambetter","All Commercial Plans","19.1","","","","","","","fee schedule","8.27","38.19","Radiology"
"Strep b assay w/optic","87802","HCPCS","","","","","","","facility","outpatient","","","","","","Bcbs","Highmark All Commercial Plans","18.78","","","","","","","fee schedule","8.27","38.19","Radiology"
"Strep b dna amp probe","87653","HCPCS","","","","","","","facility","outpatient","","","","","","Amerihealth","Caritas Next Other Commercial Plan","56.14","","","","","","","fee schedule","22.81","105.27","Radiology"
"Strep b dna amp probe","87653","HCPCS","","","","","","","facility","outpatient","","","","","","Bcbs","Highmark Medicare Managed Care Plan","33.34","","","","","","","fee schedule","22.81","105.27","APC"
"Streptokinase antibody","86590","HCPCS","","","","","","","facility","outpatient","","","","","","Bcbs","Highmark All Commercial Plans","18.68","","","","","","","fee schedule","8.23","37.98","Radiology"
"Subtalar arthro w/deb","29906","HCPCS","","","","","","","facility","outpatient","","","","","","Ambetter","All Commercial Plans","5303.73","","","","","","","fee schedule","3359.03","10607.46","Radiology"
"Subtalar arthro w/fb rmvl","29904","HCPCS","","","","","","","facility","outpatient","","","","","","Bcbs","Highmark All Commercial Plans","5217.1","","","","","","","fee schedule","3359.03","10607.46","Radiology"
"Suction lipectomy head&neck","15876","HCPCS","","","","","","","facility","outpatient","","","","","","Bcbs","Highmark Health Options Medicare Managed Care Plan","3925.19","","","","","","","fee schedule","3637.98","11488.36","APC"
"Suction lipectomy trunk","15877","HCPCS","","","","","","","facility","outpatient","","","","","","Bcbs","Highmark All Commercial Plans","5650.36","","","","","","","fee schedule","3637.98","11488.36","Radiology"
"Sugars multiple qual","84377","HCPCS","","","","","","","facility","outpatient","","","","","","Aetna","All Commercial Plans","7.7","","","","","","","fee schedule","3.58","16.5","Radiology"
"Sugars single quant","84378","HCPCS","","","","","","","facility","outpatient","","","","","","Bcbs","Highmark Health Options Medicare Managed Care Plan","11.82","","","","","","","fee schedule","7.49","34.59","APC"
"Surfactant Admin Thru Tube","94610","HCPCS","","","","","","","facility","outpatient","","","","","","Bcbs","Highmark Wholecare Medicare Managed Care Plan","260.3","","","","","","","fee schedule","224.8","709.9","APC"
"Surgery for urethra pouch","53240","HCPCS","","","","","","","facility","outpatient","","","","","","Bcbs","Highmark All Commercial Plans","5620.47","","","","","","","fee schedule","3618.74","11427.6","Radiology"
"Surgery for vulva lesion","56440","HCPCS","","","","","","","facility","outpatient","","","","","","Aetna","Medicare Managed Care Plan","3603.08","","","","","","","fee schedule","3323.23","10494.4","APC"
"Surgery for vulva lesion","56440","HCPCS","","","","","","","facility","outpatient","","","","","","Bcbs","Highmark Medicare Managed Care Plan","3323.23","","","","","","","fee schedule","3323.23","10494.4","APC"
"Surgery to stop leg growth","27485","HCPCS","","","","","","","facility","outpatient","","","","","","Bcbs","Highmark Health Options Medicare Managed Care Plan","8037.31","","","","","","","fee schedule","7449.22","23523.84","APC"
"Surgery/speech prosthesis","31611","HCPCS","","","","","","","facility","outpatient","","","","","","Bcbs","Highmark All Commercial Plans","5286.4","","","","","","","fee schedule","3403.64","10748.35","Radiology"
"Surgical path gross","88300","HCPCS","","","","","","","facility","outpatient","","","","","","Bcbs","Highmark All Commercial Plans","46.12","","","","","","","fee schedule","7.27","93.77","Radiology"
"Surgical pathology procedure","88399","HCPCS","","","","","","","facility","outpatient","","","","","","Aetna","All Commercial Plans","78.84","","","","","","","fee schedule","32.16","168.94","Radiology"
"Surgical pathology procedure","88399","HCPCS","","","","","","","facility","outpatient","","","","","","Jefferson Health Plan","Health Partners Medicare Managed Care Plan","59.13","","","","","","","fee schedule","32.16","168.94","APC"
"Svnt sarscov2 elisa plsm srm","0226U","HCPCS","","","","","","","facility","outpatient","","","","","","Aetna","Medicare Managed Care Plan","43.55","","","","","","","fee schedule","40.17","126.84","APC"
"Syfls tst nontreponemal antb","0065U","HCPCS","","","","","","","facility","outpatient","","","","","","Bcbs","Highmark All Commercial Plans","26.69","","","","","","","fee schedule","11.76","54.27","Radiology"
"Sympathectomy supfc palmar","64823","HCPCS","","","","","","","facility","outpatient","","","","","","Bcbs","Highmark Health Options Medicare Managed Care Plan","3624.22","","","","","","","fee schedule","3359.03","10607.46","APC"
"Syphilis test non-trep qual","86592","HCPCS","","","","","","","facility","outpatient","","","","","","Amerihealth","Caritas Next Other Commercial Plan","6.83","","","","","","","fee schedule","2.78","12.81","Radiology"
"Syphilis tst antb ia quan","0210U","HCPCS","","","","","","","facility","outpatient","","","","","","Aetna","Medicare Managed Care Plan","19.19","","","","","","","fee schedule","17.7","55.89","APC"
"Syphilis tst antb ia quan","0210U","HCPCS","","","","","","","facility","outpatient","","","","","","Bcbs","Highmark Medicare Managed Care Plan","17.7","","","","","","","fee schedule","17.7","55.89","APC"
"T CELL GENE REARRANGEMENT","CygnCh1145","CDM","310","RC","81340","HCPCS","","","facility","both","","","","573.08","573.08","","","","","","","","","","","","","Gross Charge Type: Main Acute Price List"
"T CELLS TOTAL COUNT FC","HemaCh1024","CDM","301","RC","86359","HCPCS","","","facility","both","","","","420.73","420.73","","","","","","","","","","","","","Gross Charge Type: Main Acute Price List"
"T cell absolute count/ratio","86360","HCPCS","","","","","","","facility","outpatient","","","","","","Amerihealth","Caritas Next Other Commercial Plan","46.98","","","","","","","fee schedule","30.54","140.94","Laboratory"
"T cells total count","86359","HCPCS","","","","","","","facility","outpatient","","","","","","Amerihealth","Caritas Next Other Commercial Plan","60.37","","","","","","","fee schedule","24.52","113.19","Radiology"
"T cells total count","86359","HCPCS","","","","","","","facility","outpatient","","","","","","Amerihealth","Medicare Managed Care Plan","40.75","","","","","","","fee schedule","24.52","113.19","APC"
"T cells total count","86359","HCPCS","","","","","","","facility","outpatient","","","","","","First Health","Delaware Medicaid Managed Care Plan","41.5","","","","","","","fee schedule","24.52","113.19","Laboratory"
"T cells total count","86359","HCPCS","","","","","","","facility","outpatient","","","","","","Unitedhealthcare","All Commercial Plans","37.73","","","","","","","fee schedule","24.52","113.19",""
"T-PLATE, 2.4MM 10-HOLE","AnesChSup115728","CDM","278","RC","C1713","HCPCS","","","facility","both","","","","815.3","815.3","","","","","","","","","","","","","Gross Charge Type: Main Acute Price List"
"T-PLATE, 2.4MM NARROW 2X10","PacuWmSup109201","CDM","278","RC","C1713","HCPCS","","","facility","both","","","","4760.24","4760.24","","","","","","","","","","","","","Gross Charge Type: Main Acute Price List"
"T-PLATE, 2X10 HOLE 2MM","GyscChSup118184","CDM","278","RC","C1713","HCPCS","","","facility","both","","","","4070.35","4070.35","","","","","","","","","","","","","Gross Charge Type: Main Acute Price List"
"T-PLATE, 2X10 HOLE 2MM","OperChSup118184","CDM","278","RC","C1713","HCPCS","","","facility","both","","","","4070.35","4070.35","","","","","","","","","","","","","Gross Charge Type: Main Acute Price List"
"T-PLATE, 2X5 HOLE 2.0MM","PacuWmSup114630","CDM","278","RC","C1713","HCPCS","","","facility","both","","","","3825.69","3825.69","","","","","","","","","","","","","Gross Charge Type: Main Acute Price List"
"T-PLATE, 3.5 LCP 6-HOLE","AnesWmSup106985","CDM","278","RC","C1713","HCPCS","","","facility","both","","","","2301.08","2301.08","","","","","","","","","","","","","Gross Charge Type: Main Acute Price List"
"T-PLATE, 3H HEAD/4H SHAFT 63MM OBLIQUE LEFT","EplbChSup20572","CDM","278","RC","","","","","facility","both","","","","2260.32","2260.32","","","","","","","","","","","","","Gross Charge Type: Main Acute Price List"
"T-PLATE, 3H HEAD/4H SHAFT 63MM OBLIQUE LEFT","OperChSup20572","CDM","278","RC","","","","","facility","both","","","","2260.32","2260.32","","","","","","","","","","","","","Gross Charge Type: Main Acute Price List"
"T-PLATE, 3H HEAD/7H SHAFT 96MM OBLIQUE RGT","CspuChSup20570","CDM","278","RC","","","","","facility","both","","","","2390.65","2390.65","","","","","","","","","","","","","Gross Charge Type: Main Acute Price List"
"T-PLATE, 4H HEAD/6H SHAFT 78MM RGT ANGLE","PacuChSup20566","CDM","278","RC","C1713","HCPCS","","","facility","both","","","","2239.05","2239.05","","","","","","","","","","","","","Gross Charge Type: Main Acute Price List"
"T-PLATE, 4H HEAD/6H SHAFT 78MM RGT ANGLE","ScpuChSup20566","CDM","278","RC","C1713","HCPCS","","","facility","both","","","","2239.05","2239.05","","","","","","","","","","","","","Gross Charge Type: Main Acute Price List"
"T-PLATE, CLAW II 4-HOLE 30MM ORTHOLOC","GyscChSup119887","CDM","278","RC","C1713","HCPCS","","","facility","both","","","","10188.04","10188.04","","","","","","","","","","","","","Gross Charge Type: Main Acute Price List"
"T-PLATE, DISTAL LCP TIBIA 8 HOLE STRL","EplbChSup113319","CDM","278","RC","C1713","HCPCS","","","facility","both","","","","8808.51","8808.51","","","","","","","","","","","","","Gross Charge Type: Main Acute Price List"
"T-PLATE, IBIA DISTAL LCP 5-HOLE 3.5X90MM","GyscChSup68831","CDM","278","RC","C1713","HCPCS","","","facility","both","","","","4162.04","4162.04","","","","","","","","","","","","","Gross Charge Type: Main Acute Price List"
"T-PLATE, IBIA DISTAL LCP 5-HOLE 3.5X90MM","ScpuWmSup68831","CDM","278","RC","C1713","HCPCS","","","facility","both","","","","4162.04","4162.04","","","","","","","","","","","","","Gross Charge Type: Main Acute Price List"
"T-PLATE, LCP 2.7X32MM 2-HOLE HEAD 3 HOLE SHAFT","ScanWmSup109007","CDM","278","RC","C1713","HCPCS","","","facility","both","","","","3854.83","3854.83","","","","","","","","","","","","","Gross Charge Type: Main Acute Price List"
"T-PLATE, LCP 3-HOLE HEAD 4-HOLE SHAFT 57MM","GastWmSup113706","CDM","278","RC","C1713","HCPCS","","","facility","both","","","","1801.88","1801.88","","","","","","","","","","","","","Gross Charge Type: Main Acute Price List"
"T-PLATE, LOW PROFILE TI 4-HOLE 3MM","ScanWmSup65306","CDM","278","RC","C1713","HCPCS","","","facility","both","","","","5022.2","5022.2","","","","","","","","","","","","","Gross Charge Type: Main Acute Price List"
"T-PLATE, LOW PROFILE TI 4-HOLE 3MM","ScpuChSup65306","CDM","278","RC","C1713","HCPCS","","","facility","both","","","","5022.2","5022.2","","","","","","","","","","","","","Gross Charge Type: Main Acute Price List"
"T-PLATE, NARROW LOCKING 2.4MM 3X5- HOLE","OperWmSup109214","CDM","278","RC","C1713","HCPCS","","","facility","both","","","","4760.24","4760.24","","","","","","","","","","","","","Gross Charge Type: Main Acute Price List"
"T-PLATE, NARROW LOCKING 2.4MM 3X5- HOLE","PacuChSup109214","CDM","278","RC","C1713","HCPCS","","","facility","both","","","","4760.24","4760.24","","","","","","","","","","","","","Gross Charge Type: Main Acute Price List"
"T-PLATE, VA LCP DISTAL TIBIA 2.7MM 6-HOLE STRL","GyscChSup78097","CDM","278","RC","C1713","HCPCS","","","facility","both","","","","6671","6671","","","","","","","","","","","","","Gross Charge Type: Main Acute Price List"
"T-PLATE, VA LOCKING 2.0MM 7-HOLE HEAD 3-HOLE SHAFT","EplbChSup118367","CDM","278","RC","C1713","HCPCS","","","facility","both","","","","2930.26","2930.26","","","","","","","","","","","","","Gross Charge Type: Main Acute Price List"
"T-PLATE,FUSION VA LCP LONG 2.4/2.7 X 61M","ScanWmSup77732","CDM","278","RC","C1713","HCPCS","","","facility","both","","","","5127.96","5127.96","","","","","","","","","","","","","Gross Charge Type: Main Acute Price List"
"T3 FREE","ChemCL9303","CDM","301","RC","84481","HCPCS","","","facility","both","","","","386.49","386.49","","","","","","","","","","","","","Gross Charge Type: Main Acute Price List"
"T46TC/S - TRIM46 AB IFA TITER IGG, CSF/SERUM","CHEMSN1761","CDM","302","RC","86256","HCPCS","","","facility","both","","","","143.32","143.32","","","","","","","","","","","","","Gross Charge Type: Main Acute Price List"
"TAB, VOYAGER COMPT","ScorWmSup109518","CDM","278","RC","C1713","HCPCS","","","facility","both","","","","2951.17","2951.17","","","","","","","","","","","","","Gross Charge Type: Main Acute Price List"
"TACK, ENDOTINE BIOABSORB 3.5MM","ScorChSup28232","CDM","278","RC","","","","","facility","both","","","","1752.07","1752.07","","","","","","","","","","","","","Gross Charge Type: Main Acute Price List"
"TACK, PLATE CLAW II","EplbChSup62774","CDM","272","RC","","","","","facility","both","","","","714.53","714.53","","","","","","","","","","","","","Gross Charge Type: Main Acute Price List"
"TAK, LARGE BB THREADED","ScanWmSup65375","CDM","278","RC","C1713","HCPCS","","","facility","both","","","","1000.96","1000.96","","","","","","","","","","","","","Gross Charge Type: Main Acute Price List"
"TAP, 3.5/4.0MM","CspuChSup6543","CDM","270","RC","","","","","facility","both","","","","1284.25","1284.25","","","","","","","","","","","","","Gross Charge Type: Main Acute Price List"
"TAP, 3.5MM","CspuChSup119399","CDM","272","RC","","","","","facility","both","","","","6249.58","6249.58","","","","","","","","","","","","","Gross Charge Type: Main Acute Price List"
"TAP, 3.5MM","OperChSup119399","CDM","272","RC","","","","","facility","both","","","","6249.58","6249.58","","","","","","","","","","","","","Gross Charge Type: Main Acute Price List"
"TAP, 4.0 CALIBRATED","ScanChSup115166","CDM","272","RC","","","","","facility","both","","","","996.03","996.03","","","","","","","","","","","","","Gross Charge Type: Main Acute Price List"
"TAP, 4.0","OperWmSup120775","CDM","272","RC","","","","","facility","both","","","","6519.48","6519.48","","","","","","","","","","","","","Gross Charge Type: Main Acute Price List"
"TAP, 5.5MM","OperChSup119941","CDM","272","RC","","","","","facility","both","","","","6519.48","6519.48","","","","","","","","","","","","","Gross Charge Type: Main Acute Price List"
"TAP, EVEREST TAPERED 4.5MM","OperChSup112213","CDM","272","RC","","","","","facility","both","","","","2679.49","2679.49","","","","","","","","","","","","","Gross Charge Type: Main Acute Price List"
"TAPE, COLLAGEN","GastWmSup77215","CDM","272","RC","","","","","facility","both","","","","1273.93","1273.93","","","","","","","","","","","","","Gross Charge Type: Main Acute Price List"
"TAPE, FIBER 2MM","CcthChSup31598","CDM","270","RC","","","","","facility","both","","","","700.68","700.68","","","","","","","","","","","","","Gross Charge Type: Main Acute Price List"
"TAPE, FIBER CERCLAGE W/NEEDLE","EplbChSup76957","CDM","272","RC","","","","","facility","both","","","","524.42","524.42","","","","","","","","","","","","","Gross Charge Type: Main Acute Price List"
"TAPE, TIGER CERCLAGE WHITE/BLACK W/O NEEDLE","AnesWmSup111041","CDM","272","RC","","","","","facility","both","","","","3171.03","3171.03","","","","","","","","","","","","","Gross Charge Type: Main Acute Price List"
"TAPESTRY, 26X26MM W INTRO LAT","AngiChSup10190673","CDM","278","RC","C1781","HCPCS","","","facility","both","","","","14417.21","14417.21","","","","","","","","","","","","","Gross Charge Type: Main Acute Price List"
"TBII","ChemSR9273","CDM","301","RC","83520","HCPCS","","","facility","both","","","","468.96","468.96","","","","","","","","","","","","","Gross Charge Type: Main Acute Price List"
"TECH TC99M PERTECHNETATE,D,MCI","Wilm424462","CDM","343","RC","A9512","HCPCS","00019988808","NDC","facility","both","1","EA","","4.9","4.9","","","","","","","","","","","","","Gross Charge Type: Main Acute Price List | NDC EA = 1.0000 UN"
"TEG PLATELET AGGREGATION EA, MAX AMPLITUDE KAOLIN","HemaCh1471","CDM","305","RC","85576","HCPCS","","","facility","both","","","","249.51","249.51","","","","","","","","","","","","","Gross Charge Type: Main Acute Price List"
"TELEHEALTH EVALUATION,ORAL/PHARYNGEAL SWALLOWING FUNCTION,ST","SphrCh1290T","CDM","444","RC","92610","HCPCS","","","facility","both","","","GN95","604.54","604.54","","","","","","","","","","","","","Gross Charge Type: Main Acute Price List | The modified price is presented in the standard charge value. | Modifier GN: Services delivered under an outpatient speech language pathology plan of care | Modifier 95: Synchronous Telemedicine Service Rendered Via a Real-Time Interactive Audio and Video Telecommunications System"
"TELEHEALTH GAIT TRAINING (INCLUDES STAIR CLIMBING),EACH 15 MINUTES,PT","PhytHc1368T","CDM","420","RC","97116","HCPCS","","","facility","both","","","GP95","137.68","137.68","","","","","","","","","","","","","Gross Charge Type: Main Acute Price List | The modified price is presented in the standard charge value. | Modifier GP: Services delivered under an outpatient physical therapy plan of care | Modifier 95: Synchronous Telemedicine Service Rendered Via a Real-Time Interactive Audio and Video Telecommunications System"
"TELEHEALTH RE-EVALUATION,PT ESTABLISHED PLAN","PhytWo3063T","CDM","424","RC","97164","HCPCS","","","facility","both","","","GP95","355.03","355.03","","","","","","","","","","","","","Gross Charge Type: Main Acute Price List | The modified price is presented in the standard charge value. | Modifier GP: Services delivered under an outpatient physical therapy plan of care | Modifier 95: Synchronous Telemedicine Service Rendered Via a Real-Time Interactive Audio and Video Telecommunications System"
"TELEHEALTH THERAPEUTIC ACTIVITIES,DIRECT PATIENT CONTACT,EACH 15 MINUTES,OT","PdrhCh1007T","CDM","430","RC","97530","HCPCS","","","facility","both","","","GO95","157.26","157.26","","","","","","","","","","","","","Gross Charge Type: Main Acute Price List | The modified price is presented in the standard charge value. | Modifier GO: Services delivered under an outpatient occupational therapy plan of care | Modifier 95: Synchronous Telemedicine Service Rendered Via a Real-Time Interactive Audio and Video Telecommunications System"
"TELEHEALTH THERAPEUTIC ACTIVITIES,DIRECT PATIENT CONTACT,EACH 15 MINUTES,PT","PhytMd1515T","CDM","420","RC","97530","HCPCS","","","facility","both","","","GP95","157.26","157.26","","","","","","","","","","","","","Gross Charge Type: Main Acute Price List | The modified price is presented in the standard charge value. | Modifier GP: Services delivered under an outpatient physical therapy plan of care | Modifier 95: Synchronous Telemedicine Service Rendered Via a Real-Time Interactive Audio and Video Telecommunications System"
"TELEHEALTH THERAPEUTIC ACTIVITIES,DIRECT PATIENT CONTACT,EACH 15 MINUTES,ST","SphrSp1354T","CDM","440","RC","97530","HCPCS","","","facility","both","","","GN95","157.26","157.26","","","","","","","","","","","","","Gross Charge Type: Main Acute Price List | The modified price is presented in the standard charge value. | Modifier GN: Services delivered under an outpatient speech language pathology plan of care | Modifier 95: Synchronous Telemedicine Service Rendered Via a Real-Time Interactive Audio and Video Telecommunications System"
"TELEHEALTH THERAPEUTIC EXERCISES,1 OR MORE AREAS,EACH 15 MINUTES,FOR STRENGTH/ENDURANCE/ROM/FLEXIBILITY,PT","PdrhCo1015T","CDM","420","RC","97110","HCPCS","","","facility","both","","","GP95","164.93","164.93","","","","","","","","","","","","","Gross Charge Type: Main Acute Price List | The modified price is presented in the standard charge value. | Modifier GP: Services delivered under an outpatient physical therapy plan of care | Modifier 95: Synchronous Telemedicine Service Rendered Via a Real-Time Interactive Audio and Video Telecommunications System"
"TELEHEALTH THERAPEUTIC EXERCISES,1 OR MORE AREAS,EACH 15 MINUTES,FOR STRENGTH/ENDURANCE/ROM/FLEXIBILITY,PT","PhytCo1015T","CDM","420","RC","97110","HCPCS","","","facility","both","","","GP95","164.93","164.93","","","","","","","","","","","","","Gross Charge Type: Main Acute Price List | The modified price is presented in the standard charge value. | Modifier GP: Services delivered under an outpatient physical therapy plan of care | Modifier 95: Synchronous Telemedicine Service Rendered Via a Real-Time Interactive Audio and Video Telecommunications System"
"TELEHEALTH THERAPEUTIC EXERCISES,1 OR MORE AREAS,EACH 15 MINUTES,FOR STRENGTH/ENDURANCE/ROM/FLEXIBILITY,PT","PhytMd1015T","CDM","420","RC","97110","HCPCS","","","facility","both","","","GP95","164.93","164.93","","","","","","","","","","","","","Gross Charge Type: Main Acute Price List | The modified price is presented in the standard charge value. | Modifier GP: Services delivered under an outpatient physical therapy plan of care | Modifier 95: Synchronous Telemedicine Service Rendered Via a Real-Time Interactive Audio and Video Telecommunications System"
"TELEHEALTH THERAPEUTIC INTERVENTIONS,FOCUS COGNITIVE FUNCTION,COMPENSATORY STRAT DIRECT,INIT 15 MIN ST","SphrWm1364T","CDM","440","RC","97129","HCPCS","","","facility","both","","","GN95","51.72","51.72","","","","","","","","","","","","","Gross Charge Type: Main Acute Price List | The modified price is presented in the standard charge value. | Modifier GN: Services delivered under an outpatient speech language pathology plan of care | Modifier 95: Synchronous Telemedicine Service Rendered Via a Real-Time Interactive Audio and Video Telecommunications System"
"TELEHEALTH THERAPEUTIC INTERVENTIONS,FOCUS COGNITIVE FUNCTION,COMPENSATORY STRAT DIRECT,INIT 15 MIN ST","SphrWo1364T","CDM","440","RC","97129","HCPCS","","","facility","both","","","GN95","51.72","51.72","","","","","","","","","","","","","Gross Charge Type: Main Acute Price List | The modified price is presented in the standard charge value. | Modifier GN: Services delivered under an outpatient speech language pathology plan of care | Modifier 95: Synchronous Telemedicine Service Rendered Via a Real-Time Interactive Audio and Video Telecommunications System"
"TELEHEALTH TREATMENT,SPEECH/LANGUAGE/VOICE/COMMUNICATIN/AUDITORY PROCESSING DISORDER,INDIVIDUAL,ST","SphrMp1234T","CDM","440","RC","92507","HCPCS","","","facility","both","","","GN95","320.09","320.09","","","","","","","","","","","","","Gross Charge Type: Main Acute Price List | The modified price is presented in the standard charge value. | Modifier GN: Services delivered under an outpatient speech language pathology plan of care | Modifier 95: Synchronous Telemedicine Service Rendered Via a Real-Time Interactive Audio and Video Telecommunications System"
"TEMPLATE, 6-HOLE","ScorWmSup120511","CDM","278","RC","C1713","HCPCS","","","facility","both","","","","405.44","405.44","","","","","","","","","","","","","Gross Charge Type: Main Acute Price List"
"TEMPLATE, 7-HOLE","DelrChSup113511","CDM","278","RC","C1713","HCPCS","","","facility","both","","","","405.44","405.44","","","","","","","","","","","","","Gross Charge Type: Main Acute Price List"
"TEMPLATE, BENDING FOR 3.5 LP RECON PLATE 20-HOLE 260MM","AnesWmSup63782","CDM","278","RC","C1713","HCPCS","","","facility","both","","","","604.47","604.47","","","","","","","","","","","","","Gross Charge Type: Main Acute Price List"
"TEMPLATE, BENDING FOR MATRIXRIB LOCKING PLATES 300MM","GastChSup110042","CDM","278","RC","C1713","HCPCS","","","facility","both","","","","960.92","960.92","","","","","","","","","","","","","Gross Charge Type: Main Acute Price List"
"TEMPLATE, PLATE DOUBLE ANGLE","OperWmSup121146","CDM","278","RC","C1713","HCPCS","","","facility","both","","","","503.9","503.9","","","","","","","","","","","","","Gross Charge Type: Main Acute Price List"
"TEMPLATE, RECON 26 HOLE FOR 2.0/2.5MM","OperChSup113919","CDM","278","RC","C1713","HCPCS","","","facility","both","","","","560.52","560.52","","","","","","","","","","","","","Gross Charge Type: Main Acute Price List"
"TEMPLATE, RECON 26 HOLE FOR 2.0/2.5MM","PacuChSup113919","CDM","278","RC","C1713","HCPCS","","","facility","both","","","","560.52","560.52","","","","","","","","","","","","","Gross Charge Type: Main Acute Price List"
"TEMPLATE, ROD COATED FOR 6.0MM RODS 500MM","ScanWmSup32969","CDM","272","RC","","","","","facility","both","","","","2229.83","2229.83","","","","","","","","","","","","","Gross Charge Type: Main Acute Price List"
"TEMPLATE, ROD COATED FOR 6.0MM RODS 500MM","ScorWmSup32969","CDM","272","RC","","","","","facility","both","","","","2229.83","2229.83","","","","","","","","","","","","","Gross Charge Type: Main Acute Price List"
"TEMPLATE, STRAIGHT 7-HOLE","OperWmSup110564","CDM","278","RC","C1713","HCPCS","","","facility","both","","","","405.44","405.44","","","","","","","","","","","","","Gross Charge Type: Main Acute Price List"
"TEMPLATE, STRAIGHT 7-HOLE","ScorChSup110564","CDM","278","RC","C1713","HCPCS","","","facility","both","","","","405.44","405.44","","","","","","","","","","","","","Gross Charge Type: Main Acute Price List"
"TEMPLATE,BENDING FOR MATRIXRIB LOCK PLATES","PacuWmSup74450","CDM","278","RC","","","","","facility","both","","","","345.14","345.14","","","","","","","","","","","","","Gross Charge Type: Main Acute Price List"
"TENDON, ANKLE LATERAL PRE-SUTURED 4.5MM","GastWmSup60339","CDM","278","RC","C1762","HCPCS","","","facility","both","","","","7946.06","7946.06","","","","","","","","","","","","","Gross Charge Type: Main Acute Price List"
"TENDON, GRACILIS 4.0 DIAX230MM LONG","GyscChSup58003","CDM","278","RC","C1762","HCPCS","","","facility","both","","","","9023.71","9023.71","","","","","","","","","","","","","Gross Charge Type: Main Acute Price List"
"THALLIUM,DX,PER MCI","Ccic424496","CDM","343","RC","A9505","HCPCS","00019N12056","NDC","facility","both","1","EA","","125.1","125.1","","","","","","","","","","","","","Gross Charge Type: Main Acute Price List | NDC EA = 1.0000 UN"
"THALLIUM,DX,PER MCI","Mnum424496","CDM","343","RC","A9505","HCPCS","00019N12056","NDC","facility","both","1","EA","","125.1","125.1","","","","","","","","","","","","","Gross Charge Type: Main Acute Price List | NDC EA = 1.0000 UN"
"THERAPEUTIC ACTIVITIES,EACH 15 MIN,PT","PdrhWm1515","CDM","420","RC","97530","HCPCS","","","facility","both","","","GP","157.26","157.26","","","","","","","","","","","","","Gross Charge Type: Main Acute Price List | The modified price is presented in the standard charge value. | Modifier GP: Services delivered under an outpatient physical therapy plan of care"
"THERAPEUTIC ACTIVITIES,EACH 15 MIN,PT","PhytHc1515","CDM","420","RC","97530","HCPCS","","","facility","both","","","GP","157.26","157.26","","","","","","","","","","","","","Gross Charge Type: Main Acute Price List | The modified price is presented in the standard charge value. | Modifier GP: Services delivered under an outpatient physical therapy plan of care"
"THERAPEUTIC EXERCISES,EACH 15 MIN,OT","OcthCl1115","CDM","430","RC","97110","HCPCS","","","facility","both","","","GO","164.93","164.93","","","","","","","","","","","","","Gross Charge Type: Main Acute Price List | The modified price is presented in the standard charge value. | Modifier GO: Services delivered under an outpatient occupational therapy plan of care"
"THERAPEUTIC PROCEDURE(S),GROUP,OT","OcthFk1022","CDM","430","RC","97150","HCPCS","","","facility","both","","","GO","98.56","98.56","","","","","","","","","","","","","Gross Charge Type: Main Acute Price List | The modified price is presented in the standard charge value. | Modifier GO: Services delivered under an outpatient occupational therapy plan of care"
"THERAPEUTIC PROCEDURE(S),GROUP,PT","PhytRh1008","CDM","420","RC","97150","HCPCS","","","facility","both","","","GP","92.67","92.67","","","","","","","","","","","","","Gross Charge Type: Main Acute Price List | The modified price is presented in the standard charge value. | Modifier GP: Services delivered under an outpatient physical therapy plan of care"
"THROMB,SEC TRANSLUM,NCOR,ART/BYPASS GLP","WilmCT1550","CDM","361","RC","37186","HCPCS","","","facility","both","","","","6176.74","6176.74","","","","","","","","","","","","","Gross Charge Type: Main Acute Price List"
"THROMB,TRANSLUM MECH,VEIN,REPEAT,PEC GLP","AngiWm1560","CDM","361","RC","37188","HCPCS","","","facility","both","","","","6454.19","6454.19","","","","","","","","","","","","","Gross Charge Type: Main Acute Price List"
"THYROGLOBULIN","ChemSR9974","CDM","301","RC","84432","HCPCS","","","facility","both","","","","229.23","229.23","","","","","","","","","","","","","Gross Charge Type: Main Acute Price List"
"TIBIA, CEMENTED FIXED LEFT SIZE D","CcthChSup114607","CDM","278","RC","C1776","HCPCS","","","facility","both","","","","9448.43","9448.43","","","","","","","","","","","","","Gross Charge Type: Main Acute Price List"
"TIBIA, PERSONA REVISION CEMENTED SZ C LEFT","EplbChSup117854","CDM","278","RC","C1776","HCPCS","","","facility","both","","","","10052.69","10052.69","","","","","","","","","","","","","Gross Charge Type: Main Acute Price List"
"TIBIAL, NEXGEN  A/P WEDGED STEMMED SZ 6","EplbChSup119080","CDM","278","RC","C1776","HCPCS","","","facility","both","","","","8608.18","8608.18","","","","","","","","","","","","","Gross Charge Type: Main Acute Price List"
"TIBIAL, PERSONA REVISION SIZE E,F LEFT 10MM","ScorChSup118954","CDM","278","RC","C1776","HCPCS","","","facility","both","","","","5420.57","5420.57","","","","","","","","","","","","","Gross Charge Type: Main Acute Price List"
"TIBIAL, STEMMED PRECOAT NEXTGEN WEDGED SZ 3","DelrChSup118230","CDM","278","RC","C1776","HCPCS","","","facility","both","","","","8090.69","8090.69","","","","","","","","","","","","","Gross Charge Type: Main Acute Price List"
"TIGHTROPE, ABS BUTTON ROUND CONCAVE 11MM","CcthChSup70779","CDM","278","RC","C1713","HCPCS","","","facility","both","","","","1497.44","1497.44","","","","","","","","","","","","","Gross Charge Type: Main Acute Price List"
"TIGHTROPE, ABS BUTTON ROUND CONCAVE 20MM","OperChSup78300","CDM","278","RC","C1713","HCPCS","","","facility","both","","","","1004.36","1004.36","","","","","","","","","","","","","Gross Charge Type: Main Acute Price List"
"TIGHTROPE, ABS BUTTON ROUND CONCAVE 20MM","ScpuWmSup78300","CDM","278","RC","C1713","HCPCS","","","facility","both","","","","1004.36","1004.36","","","","","","","","","","","","","Gross Charge Type: Main Acute Price List"
"TIGHTROPE, ABS IMPLANT W/ UHMWPE","AngiChSup110774","CDM","278","RC","C1713","HCPCS","","","facility","both","","","","1155.78","1155.78","","","","","","","","","","","","","Gross Charge Type: Main Acute Price List"
"TIGHTROPE, MINI W/INSERTER","OperWmSup63942","CDM","278","RC","C1713","HCPCS","","","facility","both","","","","4039.87","4039.87","","","","","","","","","","","","","Gross Charge Type: Main Acute Price List"
"TIME RECOVERY - 3HR, PHASE 2","PediCh893180","CDM","710","RC","","","","","facility","both","","","","1863.22","1863.22","","","","","","","","","","","","","Gross Charge Type: Main Acute Price List"
"TIME,PROCEDURE,15 MINUTES","PacuWm887515","CDM","361","RC","","","","","facility","both","","","","626.91","626.91","","","","","","","","","","","","","Gross Charge Type: Main Acute Price List"
"TIME,PROCEDURE,2 HOURS 15 MINUTES","HgccHg13023","CDM","361","RC","","","","","facility","both","","","","1941.5","1941.5","","","","","","","","","","","","","Gross Charge Type: Main Acute Price List"
"TIME-RECOVERY - 30MIN, PHASE 1","ChcuCh892030","CDM","710","RC","","","","","facility","both","","","","1051.12","1051.12","","","","","","","","","","","","","Gross Charge Type: Main Acute Price List"
"TIP, 11CM APEX KNIFE 4.2IN BONE CUTTING SONOPET IQ","EplbChSup115178","CDM","272","RC","","","","","facility","both","","","","5830.06","5830.06","","","","","","","","","","","","","Gross Charge Type: Main Acute Price List"
"TIP, 20CM STANDARD 8.1IN SOFT TISSUE SONOPET IQ","AngiWmSup115173","CDM","272","RC","","","","","facility","both","","","","5849.39","5849.39","","","","","","","","","","","","","Gross Charge Type: Main Acute Price List"
"TIP, 20CM STANDARD 8.1IN SOFT TISSUE SONOPET IQ","CcthChSup115173","CDM","272","RC","","","","","facility","both","","","","5849.39","5849.39","","","","","","","","","","","","","Gross Charge Type: Main Acute Price List"
"TIP, 20CM STANDARD 8.1IN SOFT TISSUE SONOPET IQ","GastChSup115173","CDM","272","RC","","","","","facility","both","","","","5849.39","5849.39","","","","","","","","","","","","","Gross Charge Type: Main Acute Price List"
"TIP, FEMORAL CANAL","CcthChSup93730","CDM","270","RC","","","","","facility","both","","","","54.77","54.77","","","","","","","","","","","","","Gross Charge Type: Main Acute Price List"
"TIP, FEMORAL CANAL","OperChSup93730","CDM","270","RC","","","","","facility","both","","","","54.77","54.77","","","","","","","","","","","","","Gross Charge Type: Main Acute Price List"
"TIP, HANDPIECE SERR AGG KNIFE SONIC CTRL","GastWmSup68459","CDM","272","RC","","","","","facility","both","","","","3832.25","3832.25","","","","","","","","","","","","","Gross Charge Type: Main Acute Price List"
"TIP, HANDPIECE SPTZLR BAR LG DIA 25KHZ","Chrs5468456","CDM","272","RC","","","","","facility","both","","","","4213.93","4213.93","","","","","","","","","","","","","Gross Charge Type: Main Acute Price List"
"TIP, HANDPIECE STRAIGHT MICRO DIA TIP 25KHZ","OperChSup68454","CDM","272","RC","","","","","facility","both","","","","3644.65","3644.65","","","","","","","","","","","","","Gross Charge Type: Main Acute Price List"
"TIP, HANDPIECE UNIV SUPERLONG PAYNER 360","DelrChSup68458","CDM","272","RC","","","","","facility","both","","","","5694.12","5694.12","","","","","","","","","","","","","Gross Charge Type: Main Acute Price List"
"TIP, INSERTER ARTICULAR SURFACE UNI KNEE","PacuChSup28085","CDM","270","RC","","","","","facility","both","","","","973.05","973.05","","","","","","","","","","","","","Gross Charge Type: Main Acute Price List"
"TIP, IRRIGATION HI-FLOW INTERPULSE","Chrs3138141","CDM","272","RC","","","","","facility","both","","","","54.78","54.78","","","","","","","","","","","","","Gross Charge Type: Main Acute Price List"
"TIP, IRRIGATION HI-FLOW INTERPULSE","ScpuChSup38141","CDM","272","RC","","","","","facility","both","","","","54.78","54.78","","","","","","","","","","","","","Gross Charge Type: Main Acute Price List"
"TIP, MALE 1/4-20 UNC-2A","GastWmSup115036","CDM","272","RC","","","","","facility","both","","","","1469.83","1469.83","","","","","","","","","","","","","Gross Charge Type: Main Acute Price List"
"TIP, MALE 1/4-28 UNF-2A","GastWmSup115037","CDM","272","RC","","","","","facility","both","","","","1469.83","1469.83","","","","","","","","","","","","","Gross Charge Type: Main Acute Price List"
"TIP, MALE 1/4-28 UNF-2A","GyscChSup115037","CDM","272","RC","","","","","facility","both","","","","1469.83","1469.83","","","","","","","","","","","","","Gross Charge Type: Main Acute Price List"
"TIP, MALE 12-24 UNC-2A","PacuChSup115034","CDM","272","RC","","","","","facility","both","","","","1469.83","1469.83","","","","","","","","","","","","","Gross Charge Type: Main Acute Price List"
"TIP, MALE 3/8-16 UNC-2A","PacuChSup115040","CDM","272","RC","","","","","facility","both","","","","1469.83","1469.83","","","","","","","","","","","","","Gross Charge Type: Main Acute Price List"
"TIP, MALE 5/16-24 UNC-2A","OperChSup115038","CDM","272","RC","","","","","facility","both","","","","1469.83","1469.83","","","","","","","","","","","","","Gross Charge Type: Main Acute Price List"
"TIP, MALE M5 X 0.8-6G","GyscChSup115044","CDM","272","RC","","","","","facility","both","","","","1469.83","1469.83","","","","","","","","","","","","","Gross Charge Type: Main Acute Price List"
"TIP, MALE M5 X 0.9-6G","GastChSup115045","CDM","272","RC","","","","","facility","both","","","","1469.83","1469.83","","","","","","","","","","","","","Gross Charge Type: Main Acute Price List"
"TIP, MALE M6 X 0.75-6G","AngiWmSup115046","CDM","272","RC","","","","","facility","both","","","","1469.83","1469.83","","","","","","","","","","","","","Gross Charge Type: Main Acute Price List"
"TIP, MALE M7 X 1.0-6G","CspuChSup115048","CDM","272","RC","","","","","facility","both","","","","1469.83","1469.83","","","","","","","","","","","","","Gross Charge Type: Main Acute Price List"
"TIP, MALE M8 X 1.25-6G","ScorChSup115050","CDM","272","RC","","","","","facility","both","","","","1469.83","1469.83","","","","","","","","","","","","","Gross Charge Type: Main Acute Price List"
"TIP, PHACO KELMAN 30DEG 0.9MM NON-TAPER","ScorWmSup64077","CDM","272","RC","","","","","facility","both","","","","532.93","532.93","","","","","","","","","","","","","Gross Charge Type: Main Acute Price List"
"TIP, PHACO KILMAN 45DEG 0.9MM","PacuWmSup49829","CDM","272","RC","","","","","facility","both","","","","454.71","454.71","","","","","","","","","","","","","Gross Charge Type: Main Acute Price List"
"TIP, SACROCOLPOPEXY","PacuChSup44367","CDM","272","RC","","","","","facility","both","","","","492.78","492.78","","","","","","","","","","","","","Gross Charge Type: Main Acute Price List"
"TIP, SACROCOLPOPEXY","ScorChSup44367","CDM","272","RC","","","","","facility","both","","","","492.78","492.78","","","","","","","","","","","","","Gross Charge Type: Main Acute Price List"
"TIP, STANDARD W/ FLUE, 23KHZ","ScpuWmSup213907","CDM","270","RC","","","","","facility","both","","","","3197.2","3197.2","","","","","","","","","","","","","Gross Charge Type: Main Acute Price List"
"TIP, STRAIGHT LARGE DIAMETER UNIVERSAL","CcthChSup71593","CDM","272","RC","","","","","facility","both","","","","3644.65","3644.65","","","","","","","","","","","","","Gross Charge Type: Main Acute Price List"
"TIP, STRAIGHT LARGE DIAMETER UNIVERSAL","Chrs5471593","CDM","272","RC","","","","","facility","both","","","","3644.65","3644.65","","","","","","","","","","","","","Gross Charge Type: Main Acute Price List"
"TIP, UTERINE MANIPULATOR 6.7MM WHT","EplbChSup22107","CDM","270","RC","","","","","facility","both","","","","318.7","318.7","","","","","","","","","","","","","Gross Charge Type: Main Acute Price List"
"TIPS, MAXGRIPS 25G+ FORCEPS","EplbChSup51458","CDM","272","RC","","","","","facility","both","","","","734.17","734.17","","","","","","","","","","","","","Gross Charge Type: Main Acute Price List"
"TISSEEL FROZEN SYRINGE","GastChSup34986","CDM","270","RC","","","","","facility","both","","","","460.16","460.16","","","","","","","","","","","","","Gross Charge Type: Main Acute Price List"
"TISSEEL, VH S/D 2ML KIT","ScorChSup27584","CDM","272","RC","","","","","facility","both","","","","902.84","902.84","","","","","","","","","","","","","Gross Charge Type: Main Acute Price List"
"TMS,SUBS(TRANSCRAN MAGNETIC STIMU TX)GLB","CcbhWm1066","CDM","914","RC","90868","HCPCS","","","facility","both","","","","644.36","644.36","","","","","","","","","","","","","Gross Charge Type: Main Acute Price List"
"TOMOSYNTHESIS,DIGITAL,BIL PFR","BRML30P6113","CDM","975","RC","77062","HCPCS","","","facility","both","","","26","53.13","53.13","","","","","","","","","","","","","Gross Charge Type: Main Acute Price List | The modified price is presented in the standard charge value. | Modifier 26: Professional Component"
"TOMOSYNTHESIS,DIGITAL,UNI,SCREENING GLR","Fcin546017","CDM","403","RC","77063","HCPCS","","","facility","both","","","52","55.92","55.92","","","","","","","","","","","","","Gross Charge Type: Main Acute Price List | The modified price is presented in the standard charge value. | Modifier 52: Reduced Services"
"TOMOSYNTHESIS,DIGITAL,UNI,SCREENING GLR","Wilm546017","CDM","403","RC","77063","HCPCS","","","facility","both","","","52","55.92","55.92","","","","","","","","","","","","","Gross Charge Type: Main Acute Price List | The modified price is presented in the standard charge value. | Modifier 52: Reduced Services"
"TOMOSYNTHESIS,DIGITAL,UNI,SCREENING PFR","MDIA30P6015","CDM","972","RC","77063","HCPCS","","","facility","both","","","5226","50.32","50.32","","","","","","","","","","","","","Gross Charge Type: Main Acute Price List | The modified price is presented in the standard charge value. | Modifier 52: Reduced Services | Modifier 26: Professional Component"
"TOMOSYNTHESIS,DIGITAL,UNIL,LT GLR","Jnpc306109","CDM","401","RC","77061","HCPCS","","","facility","both","","","LT","55.92","55.92","","","","","","","","","","","","","Gross Charge Type: Main Acute Price List | The modified price is presented in the standard charge value. | Modifier LT: Left side (used to identify procedures performed on the left side of the body)"
"TOMOSYNTHESIS,DIGITAL,UNIL,RT GLR","Ccic546111","CDM","401","RC","77061","HCPCS","","","facility","both","","","RT","55.92","55.92","","","","","","","","","","","","","Gross Charge Type: Main Acute Price List | The modified price is presented in the standard charge value. | Modifier RT: Right side (used to identify procedures performed on the right side of the body)"
"TOOL, DISSECTING 8CM 2.2MM","OperChSup57242","CDM","272","RC","","","","","facility","both","","","","542.35","542.35","","","","","","","","","","","","","Gross Charge Type: Main Acute Price List"
"TOOL, FIXATION","EplbChSup35026","CDM","270","RC","","","","","facility","both","","","","184.79","184.79","","","","","","","","","","","","","Gross Charge Type: Main Acute Price List"
"TOOL, LOCATOR IMPLANT 4036","GyscChSup214318","CDM","270","RC","","","","","facility","both","","","","923.96","923.96","","","","","","","","","","","","","Gross Charge Type: Main Acute Price List"
"TOOL, TRANSVALAULAR INSERTION TVI 7FR","OperChSup71850","CDM","270","RC","","","","","facility","both","","","","174.94","174.94","","","","","","","","","","","","","Gross Charge Type: Main Acute Price List"
"TOOL, TUNNELING LONG 35CM","PacuWmSup59631","CDM","272","RC","","","","","facility","both","","","","1108.75","1108.75","","","","","","","","","","","","","Gross Charge Type: Main Acute Price List"
"TOOL, TUNNELING","ScorChSup18540","CDM","270","RC","","","","","facility","both","","","","3079.87","3079.87","","","","","","","","","","","","","Gross Charge Type: Main Acute Price List"
"TOTAL SIMPLICITI SHOULDER WITH PERFORM GLENOID-COMPT","GyscChSup109682","CDM","278","RC","C1776","HCPCS","","","facility","both","","","","35418.5","35418.5","","","","","","","","","","","","","Gross Charge Type: Main Acute Price List"
"TOUCH PREP PROCESSING","HemaCh1190","CDM","270","RC","","","","","facility","both","","","","220.15","220.15","","","","","","","","","","","","","Gross Charge Type: Main Acute Price List"
"TRACKER, INSTRUMENT ENT DISP","ScanChSup55166","CDM","272","RC","","","","","facility","both","","","","1170.47","1170.47","","","","","","","","","","","","","Gross Charge Type: Main Acute Price List"
"TRACKER, PATIENT DISPOSABLE","OPERCLSUP114796","CDM","272","RC","","","","","facility","both","","","","1163.69","1163.69","","","","","","","","","","","","","Gross Charge Type: Main Acute Price List"
"TRACKER, PATIENT ENT DISP","ScanWmSup55167","CDM","272","RC","","","","","facility","both","","","","1424.81","1424.81","","","","","","","","","","","","","Gross Charge Type: Main Acute Price List"
"TRACTMASTER, NEPHROMAX","CspuChSup204725","CDM","272","RC","C1726","HCPCS","","","facility","both","","","","1565.62","1565.62","","","","","","","","","","","","","Gross Charge Type: Main Acute Price List"
"TRACTMASTER, NEPHROMAX","GastWmSup204725","CDM","272","RC","C1726","HCPCS","","","facility","both","","","","1565.62","1565.62","","","","","","","","","","","","","Gross Charge Type: Main Acute Price List"
"TRANSCATH,ART,THROMB,EX COR,INIT DAY GLP","IrraWm1025","CDM","361","RC","37211","HCPCS","","","facility","both","","","","2917.15","2917.15","","","","","","","","","","","","","Gross Charge Type: Main Acute Price List"
"TRANSCATH,VEN,THROMB,EX COR,INIT DAY GLP","IrraCh1026","CDM","361","RC","37212","HCPCS","","","facility","both","","","","2917.15","2917.15","","","","","","","","","","","","","Gross Charge Type: Main Acute Price List"
"TRANSCONNECTOR, SNAP-ON TI 62MM-90MM FOR 5.5MM/6.0MM RODS","CspuChSup50173","CDM","278","RC","C1713","HCPCS","","","facility","both","","","","2867.02","2867.02","","","","","","","","","","","","","Gross Charge Type: Main Acute Price List"
"TRANSCRANIAL DOPPLER,INTRACR ART,COM Rd GLR","Midd392752","CDM","921","RC","93886","HCPCS","","","facility","both","","","","1575.99","1575.99","","","","","","","","","","","","","Gross Charge Type: Main Acute Price List"
"TRANSFERASE,ALANINE AMINO (ALT)","CHEMRR4328","CDM","301","RC","84460","HCPCS","","","facility","both","","","","48.23","48.23","","","","","","","","","","","","","Gross Charge Type: Main Acute Price List"
"TRANSFERASE,ALANINE AMINO (ALT)","ChemHg4328","CDM","301","RC","84460","HCPCS","","","facility","both","","","","48.23","48.23","","","","","","","","","","","","","Gross Charge Type: Main Acute Price List"
"TRANSFERRIN","ChemSN7157","CDM","301","RC","84466","HCPCS","","","facility","both","","","","161.46","161.46","","","","","","","","","","","","","Gross Charge Type: Main Acute Price List"
"TRANSLATOR, PROSTEP MICA FIRST MET COMPT","ScorWmSup110064","CDM","270","RC","","","","","facility","both","","","","745.33","745.33","","","","","","","","","","","","","Gross Charge Type: Main Acute Price List"
"TRANSTH ECHO,2D,M-MODE,DOPPLER,COMP GLB","WGNI501161","CDM","483","RC","C8929","HCPCS","","","facility","both","","","","2255.79","2255.79","","","","","","","","","","","","","Gross Charge Type: Acute Price List Echo Services"
"TRANSTH ECHO,2D,M-MODE,DOPPLER,COMP PF","CdnqPf502161","CDM","960","RC","93306","HCPCS","","","facility","both","","","26","1866.02","1866.02","","","","","","","","","","","","","Gross Charge Type: Main Acute Price List | The modified price is presented in the standard charge value. | Modifier 26: Professional Component"
"TRANSTHOR ECHO,CONGENITAL ANOM,COMP,PEDS","Ccsm651287","CDM","483","RC","93303","HCPCS","","","facility","both","","","","2792.74","2792.74","","","","","","","","","","","","","Gross Charge Type: Main Acute Price List"
"TRAP, FINGER GRASPING DEVICE","GastWmSup18899","CDM","270","RC","","","","","facility","both","","","","91.9","91.9","","","","","","","","","","","","","Gross Charge Type: Main Acute Price List"
"TRAP, FINGER GRASPING DEVICE","ScorChSup18899","CDM","270","RC","","","","","facility","both","","","","91.9","91.9","","","","","","","","","","","","","Gross Charge Type: Main Acute Price List"
"TRAP, FINGER LARGE ALLEN MEDICAL","CspuChSup105321","CDM","270","RC","","","","","facility","both","","","","143.41","143.41","","","","","","","","","","","","","Gross Charge Type: Main Acute Price List"
"TRAP, FINGER X-LARGE ALLEN MED","EplbChSup214360","CDM","270","RC","","","","","facility","both","","","","143.41","143.41","","","","","","","","","","","","","Gross Charge Type: Main Acute Price List"
"TRAY, ASH CATH 14F X 9.5"" 24CM","DialWm5696","CDM","272","RC","C1752","HCPCS","","","facility","both","","","","2023.48","2023.48","","","","","","","","","","","","","Gross Charge Type: Main Acute Price List"
"TRAY, ASH CATH 14F X 9.5"" 36CM","Chrs545697","CDM","272","RC","C1752","HCPCS","","","facility","both","","","","2023.48","2023.48","","","","","","","","","","","","","Gross Charge Type: Main Acute Price List"
"TRAY, CATH MIDLINE POWERGLIDE PRO BASIC 20GA 10CM 5ML/SEC PERIPHERAL WINGED 1-LUMEN W/NT GW POLYURETHANE","IvthCh118610","CDM","272","RC","C1751","HCPCS","","","facility","both","","","","412.71","412.71","","","","","","","","","","","","","Gross Charge Type: Main Acute Price List"
"TRAY, CATH MIDLINE POWERGLIDE PRO BASIC 20GA 8CM 5ML/SEC PERIPHERAL WINGED 1-LUMEN W/NT GW POLYURETHANE","PacuWmSup118614","CDM","272","RC","C1751","HCPCS","","","facility","both","","","","388.06","388.06","","","","","","","","","","","","","Gross Charge Type: Main Acute Price List"
"TRAY, CATH MIDLINE POWERGLIDE PRO FULL 18GA 10CM 7ML/SEC PERIPHERAL WINGED 1-LUMEN W/NT GW PROBE COVER POLYURETHANE","GastWmSup118608","CDM","272","RC","C1751","HCPCS","","","facility","both","","","","637.11","637.11","","","","","","","","","","","","","Gross Charge Type: Main Acute Price List"
"TRAY, CATH MIDLINE POWERGLIDE PRO FULL 18GA 8CM 7ML/SEC PERIPHERAL WINGED 1-LUMEN W/NT GW PROBE COVER POLYURETHANE","CspuChSup118607","CDM","272","RC","C1751","HCPCS","","","facility","both","","","","637.11","637.11","","","","","","","","","","","","","Gross Charge Type: Main Acute Price List"
"TRAY, CUSTOM C.T. BIOPSY","AngiWmSup85758","CDM","270","RC","","","","","facility","both","","","","77.29","77.29","","","","","","","","","","","","","Gross Charge Type: Main Acute Price List"
"TRAY, CUSTOM C.T. BIOPSY","Ccbc3085758","CDM","270","RC","","","","","facility","both","","","","77.29","77.29","","","","","","","","","","","","","Gross Charge Type: Main Acute Price List"
"TRAY, DBL LUMEN CENTRAL LINE W/CHLORAPREP","PacuChSup2983","CDM","272","RC","C1751","HCPCS","","","facility","both","","","","350.06","350.06","","","","","","","","","","","","","Gross Charge Type: Main Acute Price List"
"TRAY, FOLEY SURESTEP WITH STATLOCK 14FR","GastWmSup62619","CDM","270","RC","","","","","facility","both","","","","82.11","82.11","","","","","","","","","","","","","Gross Charge Type: Main Acute Price List"
"TRAY, FOLEY SURESTEP WITH STATLOCK 14FR","OperChSup62619","CDM","270","RC","","","","","facility","both","","","","82.11","82.11","","","","","","","","","","","","","Gross Charge Type: Main Acute Price List"
"TRAY, FOLEY SURESTEP WITH STATLOCK 18FR","GastChSup62617","CDM","270","RC","","","","","facility","both","","","","82.11","82.11","","","","","","","","","","","","","Gross Charge Type: Main Acute Price List"
"TRAY, FOLEY SURESTEP WITH STATLOCK 18FR","OperWmSup62617","CDM","270","RC","","","","","facility","both","","","","82.11","82.11","","","","","","","","","","","","","Gross Charge Type: Main Acute Price List"
"TRAY, INBONE RIGHT SZ 3 TIBIAL","EplbChSup119106","CDM","278","RC","C1776","HCPCS","","","facility","both","","","","11890.87","11890.87","","","","","","","","","","","","","Gross Charge Type: Main Acute Price List"
"TRAY, INBONE TIBIAL RT SZ 3 LNG","GastChSup117957","CDM","278","RC","C1776","HCPCS","","","facility","both","","","","12645.95","12645.95","","","","","","","","","","","","","Gross Charge Type: Main Acute Price List"
"TRAY, INCISION AND DRAINAGE","PacuChSup2191","CDM","270","RC","","","","","facility","both","","","","19","19","","","","","","","","","","","","","Gross Charge Type: Main Acute Price List"
"TRAY, INCISION AND DRAINAGE","ScanWmSup2191","CDM","270","RC","","","","","facility","both","","","","19","19","","","","","","","","","","","","","Gross Charge Type: Main Acute Price List"
"TRAY, INVISION TIBIAL SZ 2","AngiWmSup118603","CDM","278","RC","C1776","HCPCS","","","facility","both","","","","36431.37","36431.37","","","","","","","","","","","","","Gross Charge Type: Main Acute Price List"
"TRAY, INVISION TIBIAL SZ 2","ScanWmSup118603","CDM","278","RC","C1776","HCPCS","","","facility","both","","","","36431.37","36431.37","","","","","","","","","","","","","Gross Charge Type: Main Acute Price List"
"TRAY, KYPHOPAK ONE STEP FIRST FRACTURE 15/3","PacuChSup30926","CDM","270","RC","","","","","facility","both","","","","19532.53","19532.53","","","","","","","","","","","","","Gross Charge Type: Main Acute Price List"
"TRAY, KYPHOPAK ONE STEP FIRST FRACTURE 15/3","ScorChSup30926","CDM","270","RC","","","","","facility","both","","","","19532.53","19532.53","","","","","","","","","","","","","Gross Charge Type: Main Acute Price List"
"TRAY, LACERATION II","CcthChSup465","CDM","270","RC","","","","","facility","both","","","","92.93","92.93","","","","","","","","","","","","","Gross Charge Type: Main Acute Price List"
"TRAY, LACERATION II","ScpuWmSup465","CDM","270","RC","","","","","facility","both","","","","92.93","92.93","","","","","","","","","","","","","Gross Charge Type: Main Acute Price List"
"TRAY, NOSE BLEED","CspuChSup19239","CDM","270","RC","","","","","facility","both","","","","55.13","55.13","","","","","","","","","","","","","Gross Charge Type: Main Acute Price List"
"TRAY, NOSE BLEED","ScanChSup19239","CDM","270","RC","","","","","facility","both","","","","55.13","55.13","","","","","","","","","","","","","Gross Charge Type: Main Acute Price List"
"TRAY, ONCONTROL COAXIAL BIOPSY 13G X 14CM","Ccsp4154069","CDM","272","RC","","","","","facility","both","","","","2658.96","2658.96","","","","","","","","","","","","","Gross Charge Type: Main Acute Price List"
"TRAY, ONCONTROL COAXIAL BIOPSY 13G X 14CM","Fcin4754069","CDM","272","RC","","","","","facility","both","","","","2658.96","2658.96","","","","","","","","","","","","","Gross Charge Type: Main Acute Price List"
"TRAY, ONCONTROL COAXIAL BIOPSY 13G X 14CM","HcccUS54069","CDM","272","RC","","","","","facility","both","","","","2658.96","2658.96","","","","","","","","","","","","","Gross Charge Type: Main Acute Price List"
"TRAY, ONCONTROL COAXIAL BIOPSY 13G X 19CM","GyscChSup54071","CDM","272","RC","","","","","facility","both","","","","2658.96","2658.96","","","","","","","","","","","","","Gross Charge Type: Main Acute Price List"
"TRAY, PARACERVICAL BLOCK","ScanChSup3031","CDM","272","RC","","","","","facility","both","","","","84.07","84.07","","","","","","","","","","","","","Gross Charge Type: Main Acute Price List"
"TRAY, PARACERVICAL BLOCK","ScorChSup3031","CDM","272","RC","","","","","facility","both","","","","84.07","84.07","","","","","","","","","","","","","Gross Charge Type: Main Acute Price List"
"TRAY, PERCUTANEOUS TRACH SZ 6","Wilm5421046","CDM","272","RC","C1769","HCPCS","","","facility","both","","","","2328.38","2328.38","","","","","","","","","","","","","Gross Charge Type: Main Acute Price List"
"TRAY, PERICARDIALCENTESIS","GyscChSup7985","CDM","270","RC","","","","","facility","both","","","","614.43","614.43","","","","","","","","","","","","","Gross Charge Type: Main Acute Price List"
"TRAY, PERICARDIALCENTESIS","ScorWmSup7985","CDM","270","RC","","","","","facility","both","","","","614.43","614.43","","","","","","","","","","","","","Gross Charge Type: Main Acute Price List"
"TRAY, PICC PROCEDURE","ScanChSup64071","CDM","272","RC","","","","","facility","both","","","","412.71","412.71","","","","","","","","","","","","","Gross Charge Type: Main Acute Price List"
"TRAY, PNEUMOTHORAX TURKEL SAFETY","EplbChSup75215","CDM","272","RC","","","","","facility","both","","","","672.82","672.82","","","","","","","","","","","","","Gross Charge Type: Main Acute Price List"
"TRAY, PNEUMOTHORAX TURKEL SAFETY","GastWmSup75215","CDM","272","RC","","","","","facility","both","","","","672.82","672.82","","","","","","","","","","","","","Gross Charge Type: Main Acute Price List"
"TRAY, POWERHICKMAN CATH SINGLE LUMEN 8 FR","OperWmSup47034","CDM","272","RC","C1751","HCPCS","","","facility","both","","","","2702.23","2702.23","","","","","","","","","","","","","Gross Charge Type: Main Acute Price List"
"TRAY, SAFE T CENTESIS 6FR X 16CM CATH DRAINAGE W/18G NDL","CcicMR53156","CDM","272","RC","","","","","facility","both","","","","381.9","381.9","","","","","","","","","","","","","Gross Charge Type: Main Acute Price List"
"TRAY, SAFE T CENTESIS 6FR X 16CM CATH DRAINAGE W/18G NDL","Ccsb4153156","CDM","272","RC","","","","","facility","both","","","","381.9","381.9","","","","","","","","","","","","","Gross Charge Type: Main Acute Price List"
"TRAY, SAFE T CENTESIS 6FR X 16CM CATH DRAINAGE W/18G NDL","CcsbUS53156","CDM","272","RC","","","","","facility","both","","","","381.9","381.9","","","","","","","","","","","","","Gross Charge Type: Main Acute Price List"
"TRAY, SAFE T CENTESIS 6FR X 16CM CATH DRAINAGE W/18G NDL","ChrsMR53156","CDM","272","RC","","","","","facility","both","","","","381.9","381.9","","","","","","","","","","","","","Gross Charge Type: Main Acute Price List"
"TRAY, SAFE T CENTESIS 6FR X 16CM CATH DRAINAGE W/18G NDL","Fcin4153156","CDM","272","RC","","","","","facility","both","","","","381.9","381.9","","","","","","","","","","","","","Gross Charge Type: Main Acute Price List"
"TRAY, SINGLE LUMEN CENTRAL LINE","CcthChSup2938","CDM","270","RC","","","","","facility","both","","","","458.59","458.59","","","","","","","","","","","","","Gross Charge Type: Main Acute Price List"
"TRAY, SPLIT CATH III 14FR X 40CM CATH","OperChSup37944","CDM","272","RC","C1750","HCPCS","","","facility","both","","","","1865.01","1865.01","","","","","","","","","","","","","Gross Charge Type: Main Acute Price List"
"TRAY, TIBIAL INFINITY ADAPTIS SZ 4 LNG","CcthChSup119293","CDM","278","RC","C1776","HCPCS","","","facility","both","","","","34328.22","34328.22","","","","","","","","","","","","","Gross Charge Type: Main Acute Price List"
"TRAY, TIBIAL INFINITY ADAPTIS SZ 4 LNG","ScpuChSup119293","CDM","278","RC","C1776","HCPCS","","","facility","both","","","","34328.22","34328.22","","","","","","","","","","","","","Gross Charge Type: Main Acute Price List"
"TRAY, TIBIAL INFINITY ADAPTIS SZ 5 LNG","AnesChSup116327","CDM","278","RC","C1776","HCPCS","","","facility","both","","","","34328.22","34328.22","","","","","","","","","","","","","Gross Charge Type: Main Acute Price List"
"TRAY, TIBIAL INFINITY ADAPTIS SZ 5 LNG","OperChSup116327","CDM","278","RC","C1776","HCPCS","","","facility","both","","","","34328.22","34328.22","","","","","","","","","","","","","Gross Charge Type: Main Acute Price List"
"TRAY, TIBIAL INFINITY ADAPTIS SZ4","AngiWmSup118141","CDM","278","RC","C1776","HCPCS","","","facility","both","","","","34328.22","34328.22","","","","","","","","","","","","","Gross Charge Type: Main Acute Price List"
"TRAY, TRIPLE LUMEN CENTRAL LINE W/CHLORAPREP","Wilm543115","CDM","272","RC","C1751","HCPCS","","","facility","both","","","","392.07","392.07","","","","","","","","","","","","","Gross Charge Type: Main Acute Price List"
"TRAY,COBALT CHROME HUMERAL STD 44MM","PacuWmSup56485","CDM","278","RC","","","","","facility","both","","","","8774.8","8774.8","","","","","","","","","","","","","Gross Charge Type: Main Acute Price List"
"TRAY,CUSTOM CT BX","Midd382510","CDM","270","RC","","","","","facility","both","","","","81.77","81.77","","","","","","","","","","","","","Gross Charge Type: Main Acute Price List"
"TRAY,FOLEY SURESTEP COUDE URIN STATLK 14","ScanChSup62625","CDM","270","RC","","","","","facility","both","","","","150.92","150.92","","","","","","","","","","","","","Gross Charge Type: Main Acute Price List"
"TRAY,FOLEY SURESTEP TEMP SEN LATEX FR 16","CspuChSup62623","CDM","270","RC","","","","","facility","both","","","","180.54","180.54","","","","","","","","","","","","","Gross Charge Type: Main Acute Price List"
"TRAY,FOLEY SURESTEP UR STATLK LAT FR 16F","OperWmSup62620","CDM","270","RC","","","","","facility","both","","","","118.52","118.52","","","","","","","","","","","","","Gross Charge Type: Main Acute Price List"
"TRAY,FOLEY SURESTEP URINEM STATLOCK 16FR","CspuChSup62615","CDM","270","RC","","","","","facility","both","","","","115.99","115.99","","","","","","","","","","","","","Gross Charge Type: Main Acute Price List"
"TRAY,POWERLINE DUAL LUMEN CATH 6FR 18GA","CspuChSup47194","CDM","272","RC","","","","","facility","both","","","","1995.93","1995.93","","","","","","","","","","","","","Gross Charge Type: Main Acute Price List"
"TREATMENT,EXTENSIVE/PROGRESSIVE RETINOPATHY,1 OR MORE SESSIONS,PHOTOCOAGULATION, LT","OpthWm2144","CDM","361","RC","67228","HCPCS","","","facility","both","","","LT","5663.07","5663.07","","","","","","","","","","","","","Gross Charge Type: Main Acute Price List | The modified price is presented in the standard charge value. | Modifier LT: Left side (used to identify procedures performed on the left side of the body)"
"TREATMENT,SPEECH THERAPY,INDIVIDUAL,ST","SphrHc1234","CDM","440","RC","92507","HCPCS","","","facility","both","","","GN","320.09","320.09","","","","","","","","","","","","","Gross Charge Type: Main Acute Price List | The modified price is presented in the standard charge value. | Modifier GN: Services delivered under an outpatient speech language pathology plan of care"
"TRIAL, APPLICATOR, ENDOSCOPIC SURGIFLO","OperClSup49513","CDM","272","RC","","","","","facility","both","","","","267.39","267.39","","","","","","","","","","","","","Gross Charge Type: Main Acute Price List"
"TRIAL, BALLOON,  SYNFLATE SMALL STRL","CcthChSup66523","CDM","272","RC","","","","","facility","both","","","","5174.18","5174.18","","","","","","","","","","","","","Gross Charge Type: Main Acute Price List"
"TRIAL, BALLOON,  SYNFLATE SMALL STRL","GyscChSup66523","CDM","272","RC","","","","","facility","both","","","","5174.18","5174.18","","","","","","","","","","","","","Gross Charge Type: Main Acute Price List"
"TRIAL, BALLOON,  SYNFLATE SMALL STRL","ScpuWmSup66523","CDM","272","RC","","","","","facility","both","","","","5174.18","5174.18","","","","","","","","","","","","","Gross Charge Type: Main Acute Price List"
"TRIAL, CATH RUBICON CROSSING 14 X 150CM","CcthChSup49504","CDM","272","RC","","","","","facility","both","","","","788.44","788.44","","","","","","","","","","","","","Gross Charge Type: Main Acute Price List"
"TRIAL, CATH RUBICON CROSSING 14 X 150CM","Wilm5449504","CDM","272","RC","","","","","facility","both","","","","788.44","788.44","","","","","","","","","","","","","Gross Charge Type: Main Acute Price List"
"TRIAL, CATH STEALTH SOLID CROWN 1.25MM X 145CM","ScpuWmSup50200","CDM","272","RC","C1724","HCPCS","","","facility","both","","","","20822.06","20822.06","","","","","","","","","","","","","Gross Charge Type: Main Acute Price List"
"TRIAL, CATH, CONVEEN OPTIMA MALE EXTERNAL SHORT 21 SHORT 21","AnesChSup50970","CDM","270","RC","","","","","facility","both","","","","6.08","6.08","","","","","","","","","","","","","Gross Charge Type: Main Acute Price List"
"TRIAL, CATH, CONVEEN OPTIMA MALE EXTERNAL SHORT 21 SHORT 21","ScpuWmSup50970","CDM","270","RC","","","","","facility","both","","","","6.08","6.08","","","","","","","","","","","","","Gross Charge Type: Main Acute Price List"
"TRIAL, HEMOSTATIC AVITENE MICROFIBRILLAR 1GM","AngiWmSup79223","CDM","272","RC","C1052","HCPCS","","","facility","both","","","","722.62","722.62","","","","","","","","","","","","","Gross Charge Type: Main Acute Price List"
"TRIAL, HEMOSTATIC AVITENE MICROFIBRILLAR 1GM","CLDRChSup79223","CDM","272","RC","C1052","HCPCS","","","facility","both","","","","722.62","722.62","","","","","","","","","","","","","Gross Charge Type: Main Acute Price List"
"TRIAL, KIT BIOPSY 10G STRL","ScorChSup66524","CDM","272","RC","","","","","facility","both","","","","492.78","492.78","","","","","","","","","","","","","Gross Charge Type: Main Acute Price List"
"TRIAL, MESH BARD SOFT 2X4"" / 5.0X10.0CM","CspuChSup66978","CDM","278","RC","C1781","HCPCS","","","facility","both","","","","214.88","214.88","","","","","","","","","","","","","Gross Charge Type: Main Acute Price List"
"TRIAL, MESH BARD SOFT 3X6 7.5X15.0CM","AngiWmSup66973","CDM","278","RC","C1781","HCPCS","","","facility","both","","","","239.61","239.61","","","","","","","","","","","","","Gross Charge Type: Main Acute Price List"
"TRIAL, MESH BARD SOFT 3X6 7.5X15.0CM","CLDRChSup66973","CDM","278","RC","C1781","HCPCS","","","facility","both","","","","239.61","239.61","","","","","","","","","","","","","Gross Charge Type: Main Acute Price List"
"TRIAL, MESH PHASIX ST 25CMX30CM (10INX12IN)","AngiWmSup69384","CDM","278","RC","C1781","HCPCS","","","facility","both","","","","61488","61488","","","","","","","","","","","","","Gross Charge Type: Main Acute Price List"
"TRIAL, MESH SOFT 2X4IN (5CMX10CM)","CspuChSup67054","CDM","278","RC","C1781","HCPCS","","","facility","both","","","","228.52","228.52","","","","","","","","","","","","","Gross Charge Type: Main Acute Price List"
"TRIAL, MESH SOFT 6X6IN (15CMX15CM)","CLDRChSup67057","CDM","278","RC","C1781","HCPCS","","","facility","both","","","","338.17","338.17","","","","","","","","","","","","","Gross Charge Type: Main Acute Price List"
"TRIAL, MESH SOFT 6X6IN (15CMX15CM)","PacuChSup67057","CDM","278","RC","C1781","HCPCS","","","facility","both","","","","338.17","338.17","","","","","","","","","","","","","Gross Charge Type: Main Acute Price List"
"TRIAL, MESH VENTRALITE ST W/ECHO 6 CIRC","Wilm3167036","CDM","278","RC","C1781","HCPCS","","","facility","both","","","","4309.21","4309.21","","","","","","","","","","","","","Gross Charge Type: Main Acute Price List"
"TRIAL, MESHPHASIX ST 20CMX25CM (8INX10IN)","ScpuWmSup69383","CDM","278","RC","C1781","HCPCS","","","facility","both","","","","46444.43","46444.43","","","","","","","","","","","","","Gross Charge Type: Main Acute Price List"
"TRIAL, PUMP KNEE COLD THERAPY BREG","Chrs5454224","CDM","270","RC","","","","","facility","both","","","","553.76","553.76","","","","","","","","","","","","","Gross Charge Type: Main Acute Price List"
"TRIAL, SHELL SIGNIA POWER CONTROL STAPLER","OperChSup79453","CDM","272","RC","","","","","facility","both","","","","645.85","645.85","","","","","","","","","","","","","Gross Charge Type: Main Acute Price List"
"TRIAL, SYMPHION FLUID MANAGEMENT","CcthChSup72022","CDM","272","RC","","","","","facility","both","","","","1841.77","1841.77","","","","","","","","","","","","","Gross Charge Type: Main Acute Price List"
"TRIAL, SYSTEM CAVITY INFLATION","GastChSup66522","CDM","272","RC","","","","","facility","both","","","","615.97","615.97","","","","","","","","","","","","","Gross Charge Type: Main Acute Price List"
"TRIAL, SYSTEM CAVITY INFLATION","PacuWmSup66522","CDM","272","RC","","","","","facility","both","","","","615.97","615.97","","","","","","","","","","","","","Gross Charge Type: Main Acute Price List"
"TRIAL,ADHES SKIN TOPICAL LIQUIB EXCEEED 0.8ML","OperChSup72969","CDM","272","RC","","","","","facility","both","","","","154","154","","","","","","","","","","","","","Gross Charge Type: Main Acute Price List"
"TRIAL,ADHES SKIN TOPICAL LIQUIB EXCEEED 0.8ML","ScpuChSup72969","CDM","272","RC","","","","","facility","both","","","","154","154","","","","","","","","","","","","","Gross Charge Type: Main Acute Price List"
"TRIAL,GRAFT ALLOMAX 1MM (6CMX16CM)2.36X6.30IN","AngiWmSup69367","CDM","278","RC","C1781","HCPCS","","","facility","both","","","","14711.55","14711.55","","","","","","","","","","","","","Gross Charge Type: Main Acute Price List"
"TRIAL,GRAFT ALLOMAX 1MM (6CMX16CM)2.36X6.30IN","EplbChSup69367","CDM","278","RC","C1781","HCPCS","","","facility","both","","","","14711.55","14711.55","","","","","","","","","","","","","Gross Charge Type: Main Acute Price List"
"TRIAL,HERNIA FIXATION OPTIFIX ABSORB 30-FASTEN","DelrChSup69395","CDM","278","RC","","","","","facility","both","","","","2316.78","2316.78","","","","","","","","","","","","","Gross Charge Type: Main Acute Price List"
"TRIAL,KIT ACCESS 10 GAUGE END OPEN STERILE","GastWmSup66804","CDM","272","RC","","","","","facility","both","","","","923.96","923.96","","","","","","","","","","","","","Gross Charge Type: Main Acute Price List"
"TRIAL,MESH VENTRALITE ST ECHO ELLIPSE 4X6","OperWmSup67035","CDM","278","RC","C1781","HCPCS","","","facility","both","","","","2739.59","2739.59","","","","","","","","","","","","","Gross Charge Type: Main Acute Price List"
"TRIAL,MESH VENTRALITE ST W/ECHO 8X10 ELLIPSE","OperWmSup67040","CDM","278","RC","C1781","HCPCS","","","facility","both","","","","8456.25","8456.25","","","","","","","","","","","","","Gross Charge Type: Main Acute Price List"
"TRIAL,MESH VENTRALITE ST W/ECHO 8X10 ELLIPSE","PacuWmSup67040","CDM","278","RC","C1781","HCPCS","","","facility","both","","","","8456.25","8456.25","","","","","","","","","","","","","Gross Charge Type: Main Acute Price List"
"TRIAL,MESH VENTRIO MIDLINE 6.1X10.1","OperWmSup67024","CDM","278","RC","C1781","HCPCS","","","facility","both","","","","9068.45","9068.45","","","","","","","","","","","","","Gross Charge Type: Main Acute Price List"
"TRIAL,MESH VENTRIO ST LRG OVAL 5.4X7.0","PacuChSup67023","CDM","278","RC","C1781","HCPCS","","","facility","both","","","","5855.44","5855.44","","","","","","","","","","","","","Gross Charge Type: Main Acute Price List"
"TRIAL,MESH VENTRIO ST MED OVAL 4.3X5.5","ScpuWmSup67022","CDM","278","RC","C1781","HCPCS","","","facility","both","","","","4625.96","4625.96","","","","","","","","","","","","","Gross Charge Type: Main Acute Price List"
"TRIAL,MESH VENTRIO ST XL OVAL 10.8X13.7","OperChSup67027","CDM","278","RC","C1781","HCPCS","","","facility","both","","","","11562.47","11562.47","","","","","","","","","","","","","Gross Charge Type: Main Acute Price List"
"TRIAL,MESH VENTRIO ST XL OVAL 8.7X10.7","OperWmSup67026","CDM","278","RC","C1781","HCPCS","","","facility","both","","","","9661.55","9661.55","","","","","","","","","","","","","Gross Charge Type: Main Acute Price List"
"TRIMARK BIOPSY SITE IDENTIFIER","WilmUS43270","CDM","278","RC","C1819","HCPCS","","","facility","both","","","","307.99","307.99","","","","","","","","","","","","","Gross Charge Type: Main Acute Price List"
"TRIPLE LOOP IVC RETRIEVAL SYST","AnesChSup117296","CDM","272","RC","","","","","facility","both","","","","3657.62","3657.62","","","","","","","","","","","","","Gross Charge Type: Main Acute Price List"
"TROCAR VERSAONE BLADELESS WITH FIXED CANNULA 8M STD","GastChSup106303","CDM","270","RC","","","","","facility","both","","","","144.64","144.64","","","","","","","","","","","","","Gross Charge Type: Main Acute Price List"
"TROCAR VERSAONE BLADELESS WITH FIXED CANNULA 8M STD","ScanChSup106303","CDM","270","RC","","","","","facility","both","","","","144.64","144.64","","","","","","","","","","","","","Gross Charge Type: Main Acute Price List"
"TROCAR,  FALLER TUNNELING","OperChSup50984","CDM","272","RC","","","","","facility","both","","","","1168","1168","","","","","","","","","","","","","Gross Charge Type: Main Acute Price List"
"TROCAR, 10/12 100MM","ScanWmSup100578","CDM","270","RC","","","","","facility","both","","","","232.55","232.55","","","","","","","","","","","","","Gross Charge Type: Main Acute Price List"
"TROCAR, 5MM OPTIVIEW NO HANDLE","ScorChSup211190","CDM","270","RC","","","","","facility","both","","","","268.79","268.79","","","","","","","","","","","","","Gross Charge Type: Main Acute Price List"
"TROCAR, BLADELESS HANDLED 5/100MM","Chrs3134485","CDM","270","RC","","","","","facility","both","","","","118.57","118.57","","","","","","","","","","","","","Gross Charge Type: Main Acute Price List"
"TROCAR, BLADELESS HANDLED 5/100MM","GastWmSup34485","CDM","270","RC","","","","","facility","both","","","","118.57","118.57","","","","","","","","","","","","","Gross Charge Type: Main Acute Price List"
"TROCAR, BLADELESS HANDLED 5/100MM","ScpuChSup34485","CDM","270","RC","","","","","facility","both","","","","118.57","118.57","","","","","","","","","","","","","Gross Charge Type: Main Acute Price List"
"TROCAR, DILATING TIP 12MM DIA 100MM LGTH","ScpuWmSup70550","CDM","272","RC","","","","","facility","both","","","","133.21","133.21","","","","","","","","","","","","","Gross Charge Type: Main Acute Price List"
"TROCAR, DILATING TIP 5MM DISP","ScorChSup26127","CDM","270","RC","","","","","facility","both","","","","160.15","160.15","","","","","","","","","","","","","Gross Charge Type: Main Acute Price List"
"TROCAR, DISP 15MM","ScanWmSup31886","CDM","270","RC","","","","","facility","both","","","","246.38","246.38","","","","","","","","","","","","","Gross Charge Type: Main Acute Price List"
"TROCAR, DISP 15MM","ScorWmSup31886","CDM","270","RC","","","","","facility","both","","","","246.38","246.38","","","","","","","","","","","","","Gross Charge Type: Main Acute Price List"
"TROCAR, ENDOPATH XCEL BLUNT TIP (HASSON)","Chrs5470551","CDM","272","RC","","","","","facility","both","","","","141.68","141.68","","","","","","","","","","","","","Gross Charge Type: Main Acute Price List"
"TROCAR, ENDOPATH XCEL BLUNT TIP (HASSON)","GyscChSup70551","CDM","272","RC","","","","","facility","both","","","","141.68","141.68","","","","","","","","","","","","","Gross Charge Type: Main Acute Price List"
"TROCAR, FIRST ENTRY KII FIOS Z-THREAD 5X100MM","CspuChSup78551","CDM","272","RC","","","","","facility","both","","","","677.57","677.57","","","","","","","","","","","","","Gross Charge Type: Main Acute Price List"
"TROCAR, FIRST ENTRY KII FIOS Z-THREAD 5X100MM","OperChSup78551","CDM","272","RC","","","","","facility","both","","","","677.57","677.57","","","","","","","","","","","","","Gross Charge Type: Main Acute Price List"
"TROCAR, FIRST ENTRY KII FIOS Z-THREAD 5X100MM","OperWmSup78551","CDM","272","RC","","","","","facility","both","","","","677.57","677.57","","","","","","","","","","","","","Gross Charge Type: Main Acute Price List"
"TROCAR, LONG FOR NAILS 8-11MM STRL","EplbChSup110108","CDM","278","RC","C1713","HCPCS","","","facility","both","","","","803.85","803.85","","","","","","","","","","","","","Gross Charge Type: Main Acute Price List"
"TROCAR, LONG FOR NAILS 8-13MM STRL","ScorWmSup111652","CDM","270","RC","","","","","facility","both","","","","810.99","810.99","","","","","","","","","","","","","Gross Charge Type: Main Acute Price List"
"TROCAR, RESPOS 10/12MM 100MM BLUNT TIP OBTURATOR","GastChSup23520","CDM","270","RC","","","","","facility","both","","","","189.12","189.12","","","","","","","","","","","","","Gross Charge Type: Main Acute Price List"
"TROCAR, SLEEVE 11MM XCEL STABILITY","OperClSup70547","CDM","272","RC","","","","","facility","both","","","","92.67","92.67","","","","","","","","","","","","","Gross Charge Type: Main Acute Price List"
"TROCAR, SLEEVE 12MM XCEL STABILITY","CLDRChSup70548","CDM","272","RC","","","","","facility","both","","","","92.67","92.67","","","","","","","","","","","","","Gross Charge Type: Main Acute Price List"
"TROCAR, SLEEVE 5MM LONG FIXED CANNULA","GastChSup107326","CDM","272","RC","","","","","facility","both","","","","50.22","50.22","","","","","","","","","","","","","Gross Charge Type: Main Acute Price List"
"TROCAR, SLEEVE 5MM LONG FIXED CANNULA","ScorWmSup107326","CDM","272","RC","","","","","facility","both","","","","50.22","50.22","","","","","","","","","","","","","Gross Charge Type: Main Acute Price List"
"TROCAR, SLEEVE 5MM XCEL STABILITY","CcthChSup70546","CDM","272","RC","","","","","facility","both","","","","98.56","98.56","","","","","","","","","","","","","Gross Charge Type: Main Acute Price List"
"TROCAR, UNIVERSAL 11MM STND FIX CANNULA","CspuChSup106308","CDM","270","RC","","","","","facility","both","","","","95.23","95.23","","","","","","","","","","","","","Gross Charge Type: Main Acute Price List"
"TROCAR, UNIVERSAL 11MM STND FIX CANNULA","EplbChSup106308","CDM","270","RC","","","","","facility","both","","","","95.23","95.23","","","","","","","","","","","","","Gross Charge Type: Main Acute Price List"
"TROCAR, VERSAONE BLADED TROCAR LONG LENGTH CANNULA (150 MM), 12 MM FIXATION","GastChSup106298","CDM","270","RC","","","","","facility","both","","","","196.44","196.44","","","","","","","","","","","","","Gross Charge Type: Main Acute Price List"
"TROCAR, VERSAONE BLADED TROCAR STND LENGTH CANNULA (100 MM), 11 MM FIXATION","ScpuWmSup106297","CDM","270","RC","","","","","facility","both","","","","176.11","176.11","","","","","","","","","","","","","Gross Charge Type: Main Acute Price List"
"TROCAR, VERSAONE BLADELESS W/ FIXED CANNULA 12M LG","PacuChSup106304","CDM","270","RC","","","","","facility","both","","","","179.62","179.62","","","","","","","","","","","","","Gross Charge Type: Main Acute Price List"
"TROCAR, VERSAONE BLUNT 12MM STD THREADED ANCHOR","AnesWmSup106301","CDM","270","RC","","","","","facility","both","","","","196.44","196.44","","","","","","","","","","","","","Gross Charge Type: Main Acute Price List"
"TROCAR, VERSAPORT V2 BLADELESS OPTICAL 5MM LONG TROCAR WITH FIXATION","GastChSup106307","CDM","270","RC","","","","","facility","both","","","","117.9","117.9","","","","","","","","","","","","","Gross Charge Type: Main Acute Price List"
"TROCAR, XCEL BARIATRIC BLADELESS 5X450MM","EplbChSup36837","CDM","270","RC","","","","","facility","both","","","","133.21","133.21","","","","","","","","","","","","","Gross Charge Type: Main Acute Price List"
"TROCAR, XCEL BLADELESS STBLTY 11/100MM","PacuWmSup50311","CDM","272","RC","","","","","facility","both","","","","190.79","190.79","","","","","","","","","","","","","Gross Charge Type: Main Acute Price List"
"TROCAR,EXCEL BLADLESS STBLTY SLEEVE 12/150MM","Wilm5468200","CDM","272","RC","","","","","facility","both","","","","167.97","167.97","","","","","","","","","","","","","Gross Charge Type: Main Acute Price List"
"TROCHANTERIC,CLAW MODULAR REV SYS 100 SM","GastChSup62327","CDM","278","RC","","","","","facility","both","","","","4804.6","4804.6","","","","","","","","","","","","","Gross Charge Type: Main Acute Price List"
"TROFILE CO-RECEPTOR ASSAY","CygnCh1426","CDM","306","RC","87906","HCPCS","","","facility","both","","","","1452.28","1452.28","","","","","","","","","","","","","Gross Charge Type: Main Acute Price List"
"TROP, SHEA TORP 8MM X 1.0MM","GastWmSup6055","CDM","272","RC","","","","","facility","both","","","","752.95","752.95","","","","","","","","","","","","","Gross Charge Type: Main Acute Price List"
"TROP, SHEA TORP 8MM X 1.0MM","OperWmSup6055","CDM","272","RC","","","","","facility","both","","","","752.95","752.95","","","","","","","","","","","","","Gross Charge Type: Main Acute Price List"
"TROPONIN QUANT","ChemCh9420","CDM","301","RC","84484","HCPCS","","","facility","both","","","","213.85","213.85","","","","","","","","","","","","","Gross Charge Type: Main Acute Price List"
"TRYPTASE","ChemCh2228","CDM","301","RC","83520","HCPCS","","","facility","both","","","","232.73","232.73","","","","","","","","","","","","","Gross Charge Type: Main Acute Price List"
"TTE w or w/o contr, cont ECG","C8930","HCPCS","","","","","","","facility","outpatient","","","","","","Amerihealth","Medicare Managed Care Plan","914.9","","","","","","","fee schedule","804.77","2541.38","APC"
"TUBE CORFLO-ULTRA 6FR W/STYLET ENFIT (RESTRICTED ITEM)","AngiChSup114035","CDM","272","RC","","","","","facility","both","","","","71.51","71.51","","","","","","","","","","","","","Gross Charge Type: Main Acute Price List"
"TUBE CORFLO-ULTRA 6FR W/STYLET ENFIT (RESTRICTED ITEM)","PacuWmSup114035","CDM","272","RC","","","","","facility","both","","","","71.51","71.51","","","","","","","","","","","","","Gross Charge Type: Main Acute Price List"
"TUBE CORFLO-ULTRA 6FR W/STYLET ENFIT (RESTRICTED ITEM)","ScanWmSup114035","CDM","272","RC","","","","","facility","both","","","","71.51","71.51","","","","","","","","","","","","","Gross Charge Type: Main Acute Price List"
"TUBE MIC-KEY LP TRANSGAST JEJUNAL 18 1.7 45","EplbChSup76567","CDM","272","RC","","","","","facility","both","","","","2049.65","2049.65","","","","","","","","","","","","","Gross Charge Type: Main Acute Price List"
"TUBE MIC-KEY LP TRANSGAST JEJUNAL 18 1.7 45","GastChSup76567","CDM","272","RC","","","","","facility","both","","","","2049.65","2049.65","","","","","","","","","","","","","Gross Charge Type: Main Acute Price List"
"TUBE, 8FR DOBBHOFF FEEDING","ScorChSup49631","CDM","270","RC","","","","","facility","both","","","","97.94","97.94","","","","","","","","","","","","","Gross Charge Type: Main Acute Price List"
"TUBE, BUTTERFLY VENT 1.27","Chrs5420649","CDM","270","RC","","","","","facility","both","","","","143.2","143.2","","","","","","","","","","","","","Gross Charge Type: Main Acute Price List"
"TUBE, BUTTERFLY VENT 1.27","OperWmSup20649","CDM","270","RC","","","","","facility","both","","","","143.2","143.2","","","","","","","","","","","","","Gross Charge Type: Main Acute Price List"
"TUBE, CORFLO-ULTRA LT NG 8FR X 14IN W/STYLET FEED (RESTRICTED ITEM)","CLDRChSup80158","CDM","272","RC","","","","","facility","both","","","","112.04","112.04","","","","","","","","","","","","","Gross Charge Type: Main Acute Price List"
"TUBE, CORFLO-ULTRA LT NG 8FR X 43IN ENFIT W/STYLET FEED (RESTRICTED ITEM)","ScpuWmSup114040","CDM","272","RC","","","","","facility","both","","","","82.49","82.49","","","","","","","","","","","","","Gross Charge Type: Main Acute Price List"
"TUBE, ENDO ORAL RAE 8.5MM","ScorWmSup1145","CDM","270","RC","","","","","facility","both","","","","25.65","25.65","","","","","","","","","","","","","Gross Charge Type: Main Acute Price List"
"TUBE, ENDOTRACH PARKER FLEX-TIP 7.5MM","ScorWmSup112423","CDM","272","RC","","","","","facility","both","","","","16.56","16.56","","","","","","","","","","","","","Gross Charge Type: Main Acute Price List"
"TUBE, ENDOTRACH PARKER FLEX-TIP 8.0MM","ScanChSup112424","CDM","272","RC","","","","","facility","both","","","","16.56","16.56","","","","","","","","","","","","","Gross Charge Type: Main Acute Price List"
"TUBE, FEED 10FX43"" W/STYLET","Ccim41169","CDM","270","RC","","","","","facility","both","","","","96.25","96.25","","","","","","","","","","","","","Gross Charge Type: Main Acute Price List"
"TUBE, FEED 10FX43"" W/STYLET","Ccsm41169","CDM","270","RC","","","","","facility","both","","","","96.25","96.25","","","","","","","","","","","","","Gross Charge Type: Main Acute Price List"
"TUBE, FEED 10FX43"" W/STYLET","EplbChSup169","CDM","270","RC","","","","","facility","both","","","","96.25","96.25","","","","","","","","","","","","","Gross Charge Type: Main Acute Price List"
"TUBE, G ENTUIT THRIVE BALLOON RETENTION FEEDING 14FR","ScanChSup73574","CDM","272","RC","","","","","facility","both","","","","359.05","359.05","","","","","","","","","","","","","Gross Charge Type: Main Acute Price List"
"TUBE, G ENTUIT THRIVE BALLOON RETENTION FEEDING 14FR","ScorWmSup73574","CDM","272","RC","","","","","facility","both","","","","359.05","359.05","","","","","","","","","","","","","Gross Charge Type: Main Acute Price List"
"TUBE, G MINI-ONE BALLOON 24FR 2.7CM","AngiWmSup114111","CDM","272","RC","","","","","facility","both","","","","694.74","694.74","","","","","","","","","","","","","Gross Charge Type: Main Acute Price List"
"TUBE, G MINI-ONE BALLOON 24FR 2.7CM","EplbChSup114111","CDM","272","RC","","","","","facility","both","","","","694.74","694.74","","","","","","","","","","","","","Gross Charge Type: Main Acute Price List"
"TUBE, G MINI-ONE BALLOON 24FR 2.7CM","ScorWmSup114111","CDM","272","RC","","","","","facility","both","","","","694.74","694.74","","","","","","","","","","","","","Gross Charge Type: Main Acute Price List"
"TUBE, G MINIONE BALLOON 18FR 3.5CM","GastChSup78602","CDM","272","RC","","","","","facility","both","","","","769.97","769.97","","","","","","","","","","","","","Gross Charge Type: Main Acute Price List"
"TUBE, G MINIONE BALLOON 18FR 3.5CM","OperChSup78602","CDM","272","RC","","","","","facility","both","","","","769.97","769.97","","","","","","","","","","","","","Gross Charge Type: Main Acute Price List"
"TUBE, G-CAPSULE DOME 20FR","GyscChSup113963","CDM","272","RC","","","","","facility","both","","","","471.84","471.84","","","","","","","","","","","","","Gross Charge Type: Main Acute Price List"
"TUBE, G-CAPSULE DOME 20FR","ScanChSup113963","CDM","272","RC","","","","","facility","both","","","","471.84","471.84","","","","","","","","","","","","","Gross Charge Type: Main Acute Price List"
"TUBE, G-CAPSULE MONARCH 18FR","OperChSup113965","CDM","272","RC","","","","","facility","both","","","","443.67","443.67","","","","","","","","","","","","","Gross Charge Type: Main Acute Price List"
"TUBE, G-JET ENTERAL GASTRIC-JUJUNAL 14FR 3CM X 45CM","ScorWmSup112377","CDM","272","RC","","","","","facility","both","","","","3560.33","3560.33","","","","","","","","","","","","","Gross Charge Type: Main Acute Price List"
"TUBE, GASTRONOMY 22FR PEG","AngiChSup99945","CDM","270","RC","","","","","facility","both","","","","166.31","166.31","","","","","","","","","","","","","Gross Charge Type: Main Acute Price List"
"TUBE, GASTROSTOMY (PEG) 14FR","OperWmSup112702","CDM","272","RC","","","","","facility","both","","","","166.31","166.31","","","","","","","","","","","","","Gross Charge Type: Main Acute Price List"
"TUBE, GASTROSTOMY (PEG) 14FR","ScanChSup112702","CDM","272","RC","","","","","facility","both","","","","166.31","166.31","","","","","","","","","","","","","Gross Charge Type: Main Acute Price List"
"TUBE, GASTROSTOMY (PEG) 24FR ENFIT","GyscChSup114169","CDM","272","RC","","","","","facility","both","","","","176.52","176.52","","","","","","","","","","","","","Gross Charge Type: Main Acute Price List"
"TUBE, GASTROSTOMY MIC 24 FR ENFIT","OperChSup114042","CDM","272","RC","","","","","facility","both","","","","165.98","165.98","","","","","","","","","","","","","Gross Charge Type: Main Acute Price List"
"TUBE, LASER FLEX ENDO 5.0MM","AngiChSup39042","CDM","272","RC","","","","","facility","both","","","","253.69","253.69","","","","","","","","","","","","","Gross Charge Type: Main Acute Price List"
"TUBE, LASER FLEX ENDO 5.0MM","PacuChSup39042","CDM","272","RC","","","","","facility","both","","","","253.69","253.69","","","","","","","","","","","","","Gross Charge Type: Main Acute Price List"
"TUBE, MIC - 22FR","ScorChSup201224","CDM","270","RC","","","","","facility","both","","","","1998.9","1998.9","","","","","","","","","","","","","Gross Charge Type: Main Acute Price List"
"TUBE, MIC - KEY LP JEJUNAL FEEDING 18FR 1.5","OperWmSup108558","CDM","272","RC","","","","","facility","both","","","","977.91","977.91","","","","","","","","","","","","","Gross Charge Type: Main Acute Price List"
"TUBE, MIC ACCESSORY EXTENSION 2 PORT Y ENFIT","ScorChSup114043","CDM","272","RC","","","","","facility","both","","","","12.16","12.16","","","","","","","","","","","","","Gross Charge Type: Main Acute Price List"
"TUBE, MIC BOLUS GASTROSTOMY FEEDING 18FR","CspuChSup115272","CDM","272","RC","","","","","facility","both","","","","176.52","176.52","","","","","","","","","","","","","Gross Charge Type: Main Acute Price List"
"TUBE, MIC BOLUS GASTROSTOMY FEEDING 18FR","OperChSup115272","CDM","272","RC","","","","","facility","both","","","","176.52","176.52","","","","","","","","","","","","","Gross Charge Type: Main Acute Price List"
"TUBE, MIC GASTOR ENTERIC FEEDING 20FR ENFIT","OperChSup114044","CDM","272","RC","","","","","facility","both","","","","919.13","919.13","","","","","","","","","","","","","Gross Charge Type: Main Acute Price List"
"TUBE, MIC JEJUNAL 14FR","ScpuWmSup70438","CDM","272","RC","","","","","facility","both","","","","792.51","792.51","","","","","","","","","","","","","Gross Charge Type: Main Acute Price List"
"TUBE, MIC JEJUNAL 20FR","GyscChSup212418","CDM","270","RC","","","","","facility","both","","","","792.51","792.51","","","","","","","","","","","","","Gross Charge Type: Main Acute Price List"
"TUBE, MIC JEJUNAL 24FR 7-10ML BALLOON ENFIT","GastChSup114052","CDM","272","RC","","","","","facility","both","","","","744.94","744.94","","","","","","","","","","","","","Gross Charge Type: Main Acute Price List"
"TUBE, MIC JEJUNAL 24FR 7-10ML BALLOON ENFIT","OperChSup114052","CDM","272","RC","","","","","facility","both","","","","744.94","744.94","","","","","","","","","","","","","Gross Charge Type: Main Acute Price List"
"TUBE, MIC JEJUNAL 24FR 7-10ML BALLOON ENFIT","OperWmSup114052","CDM","272","RC","","","","","facility","both","","","","744.94","744.94","","","","","","","","","","","","","Gross Charge Type: Main Acute Price List"
"TUBE, MIC TRANSGASTRIC JEJUNAL ENFIT 18FR 45CM FEEDING RAD PLMT","AngiChSup114054","CDM","272","RC","","","","","facility","both","","","","1282.31","1282.31","","","","","","","","","","","","","Gross Charge Type: Main Acute Price List"
"TUBE, MIC-KEY LP GASTROSTOMY FEEDING 14FR 5.0 ENFIT","AngiWmSup114056","CDM","272","RC","","","","","facility","both","","","","496.2","496.2","","","","","","","","","","","","","Gross Charge Type: Main Acute Price List"
"TUBE, MIC-KEY LP GASTROSTOMY FEEDING 14FR 5.0 ENFIT","CcthChSup114056","CDM","272","RC","","","","","facility","both","","","","496.2","496.2","","","","","","","","","","","","","Gross Charge Type: Main Acute Price List"
"TUBE, MIC-KEY LP GASTROSTOMY FEEDING 16FR 2.0 ENFIT","GastChSup114057","CDM","272","RC","","","","","facility","both","","","","496.2","496.2","","","","","","","","","","","","","Gross Charge Type: Main Acute Price List"
"TUBE, MIC-KEY LP GASTROSTOMY FEEDING 16FR 2.5","Chrs5454391","CDM","272","RC","","","","","facility","both","","","","527.93","527.93","","","","","","","","","","","","","Gross Charge Type: Main Acute Price List"
"TUBE, MIC-KEY LP GASTROSTOMY FEEDING 16FR 2.5","GastChSup54391","CDM","272","RC","","","","","facility","both","","","","527.93","527.93","","","","","","","","","","","","","Gross Charge Type: Main Acute Price List"
"TUBE, MIC-KEY LP GASTROSTOMY FEEDING 18FR 1.5 ENFIT","DelrChSup117736","CDM","272","RC","","","","","facility","both","","","","527.93","527.93","","","","","","","","","","","","","Gross Charge Type: Main Acute Price List"
"TUBE, MIC-KEY LP GASTROSTOMY FEEDING 18FR 2.0 ENFIT","GastWmSup114059","CDM","272","RC","","","","","facility","both","","","","496.2","496.2","","","","","","","","","","","","","Gross Charge Type: Main Acute Price List"
"TUBE, MIC-KEY LP GASTROSTOMY FEEDING 18FR 2.5","ScpuChSup57268","CDM","272","RC","","","","","facility","both","","","","561.46","561.46","","","","","","","","","","","","","Gross Charge Type: Main Acute Price List"
"TUBE, MIC-KEY LP GASTROSTOMY FEEDING 18FR 3.5 ENFIT","CcthChSup114062","CDM","272","RC","","","","","facility","both","","","","527.71","527.71","","","","","","","","","","","","","Gross Charge Type: Main Acute Price List"
"TUBE, MIC-KEY LP GASTROSTOMY FEEDING 18FR 3.5 ENFIT","ScorWmSup114062","CDM","272","RC","","","","","facility","both","","","","527.71","527.71","","","","","","","","","","","","","Gross Charge Type: Main Acute Price List"
"TUBE, MIC-KEY LP GASTROSTOMY FEEDING 18FR 3.5","OperChSup54393","CDM","272","RC","","","","","facility","both","","","","561.46","561.46","","","","","","","","","","","","","Gross Charge Type: Main Acute Price List"
"TUBE, MIC-KEY LP GASTROSTOMY FEEDING 18FR 4.0 ENFIT","OperChSup114063","CDM","272","RC","","","","","facility","both","","","","527.71","527.71","","","","","","","","","","","","","Gross Charge Type: Main Acute Price List"
"TUBE, MIC-KEY LP GASTROSTOMY FEEDING 18FR 4.5 ENFIT","ScorWmSup114064","CDM","272","RC","","","","","facility","both","","","","496.2","496.2","","","","","","","","","","","","","Gross Charge Type: Main Acute Price List"
"TUBE, MIC-KEY LP GASTROSTOMY FEEDING 20FR 2.5 ENFIT","DelrChSup114066","CDM","272","RC","","","","","facility","both","","","","496.2","496.2","","","","","","","","","","","","","Gross Charge Type: Main Acute Price List"
"TUBE, MIC-KEY LP GASTROSTOMY FEEDING 20FR 4.0 ENFIT","AnesWmSup114069","CDM","272","RC","","","","","facility","both","","","","496.2","496.2","","","","","","","","","","","","","Gross Charge Type: Main Acute Price List"
"TUBE, MIC-KEY LP GASTROSTOMY FEEDING 20FR 4.0 ENFIT","GastWmSup114069","CDM","272","RC","","","","","facility","both","","","","496.2","496.2","","","","","","","","","","","","","Gross Charge Type: Main Acute Price List"
"TUBE, MIC-KEY LP GASTROSTOMY FEEDING 20FR 4.5 ENFIT","AngiWmSup114070","CDM","272","RC","","","","","facility","both","","","","496.2","496.2","","","","","","","","","","","","","Gross Charge Type: Main Acute Price List"
"TUBE, MIC-KEY LP GASTROSTOMY FEEDING 20FR 5.0","DelrChSup107330","CDM","272","RC","","","","","facility","both","","","","527.93","527.93","","","","","","","","","","","","","Gross Charge Type: Main Acute Price List"
"TUBE, MIC-KEY LP GASTROSTOMY FEEDING 20FR 5.0","OperChSup107330","CDM","272","RC","","","","","facility","both","","","","527.93","527.93","","","","","","","","","","","","","Gross Charge Type: Main Acute Price List"
"TUBE, MIC-KEY LP GASTROSTOMY FEEDING 20FR 5.0","ScanWmSup107330","CDM","272","RC","","","","","facility","both","","","","527.93","527.93","","","","","","","","","","","","","Gross Charge Type: Main Acute Price List"
"TUBE, MIC-KEY LP GASTROSTOMY FEEDING 24FR 3.0 ENFIT","AnesWmSup114073","CDM","272","RC","","","","","facility","both","","","","496.2","496.2","","","","","","","","","","","","","Gross Charge Type: Main Acute Price List"
"TUBE, MIC-KEY LP GASTROTOMY FEEDING 24FR 3.0","ScpuChSup79321","CDM","272","RC","","","","","facility","both","","","","527.93","527.93","","","","","","","","","","","","","Gross Charge Type: Main Acute Price List"
"TUBE, MIC-KEY LP JEJUNAL 18FR 2.0 45CM ENFIT","ScanWmSup114074","CDM","272","RC","","","","","facility","both","","","","919.13","919.13","","","","","","","","","","","","","Gross Charge Type: Main Acute Price List"
"TUBE, MIC-KEY LP JEJUNAL 18FR 3.5 45CM","ScpuWmSup53333","CDM","272","RC","","","","","facility","both","","","","977.91","977.91","","","","","","","","","","","","","Gross Charge Type: Main Acute Price List"
"TUBE, MIC-KEY LP JEJUNAL 18FR 4.5CM","AnesWmSup114112","CDM","272","RC","","","","","facility","both","","","","919.13","919.13","","","","","","","","","","","","","Gross Charge Type: Main Acute Price List"
"TUBE, MIC-KEY LP JEJUNAL 18FR 4.5CM","GastChSup114112","CDM","272","RC","","","","","facility","both","","","","919.13","919.13","","","","","","","","","","","","","Gross Charge Type: Main Acute Price List"
"TUBE, MIC-KEY LP JUJUNAL 14FR 3.5CM","AnesWmSup113992","CDM","272","RC","","","","","facility","both","","","","919.13","919.13","","","","","","","","","","","","","Gross Charge Type: Main Acute Price List"
"TUBE, MIC-KEY LP JUJUNAL 14FR 3.5CM","CspuChSup113992","CDM","272","RC","","","","","facility","both","","","","919.13","919.13","","","","","","","","","","","","","Gross Charge Type: Main Acute Price List"
"TUBE, MIC-KEY LP TRANSGASTRIC JEJUNAL 14FR 4.0 45CM ENFIT","OperChSup121682","CDM","272","RC","","","","","facility","both","","","","2357.82","2357.82","","","","","","","","","","","","","Gross Charge Type: Main Acute Price List"
"TUBE, MIC-KEY LP TRANSGASTRIC JEJUNAL 18FR 1.7 45CM ENFIT","PacuChSup114076","CDM","272","RC","","","","","facility","both","","","","1811.42","1811.42","","","","","","","","","","","","","Gross Charge Type: Main Acute Price List"
"TUBE, MIC-KEY LP TRANSGASTRIC JEJUNAL 18FR 2.0 45CM ENFIT","OperChSup114078","CDM","272","RC","","","","","facility","both","","","","1811.42","1811.42","","","","","","","","","","","","","Gross Charge Type: Main Acute Price List"
"TUBE, MIC-KEY LP TRANSGASTRIC JEJUNAL 18FR 2.5 45CM ENFIT","CcthChSup114079","CDM","272","RC","","","","","facility","both","","","","1811.42","1811.42","","","","","","","","","","","","","Gross Charge Type: Main Acute Price List"
"TUBE, MIC-KEY LP TRANSGASTRIC JEJUNAL 18FR 2.5 45CM","GyscChSup63128","CDM","272","RC","","","","","facility","both","","","","2049.65","2049.65","","","","","","","","","","","","","Gross Charge Type: Main Acute Price List"
"TUBE, MIC-KEY LP TRANSGASTRIC JEJUNAL 18FR 2.5 45CM","Wilm3163128","CDM","272","RC","","","","","facility","both","","","","2049.65","2049.65","","","","","","","","","","","","","Gross Charge Type: Main Acute Price List"
"TUBE, MIC-KEY LP TRANSGASTRIC JEJUNAL 18FR 3.0 45CM ENFIT","GastChSup114080","CDM","272","RC","","","","","facility","both","","","","1926.45","1926.45","","","","","","","","","","","","","Gross Charge Type: Main Acute Price List"
"TUBE, MIC-KEY LP TRANSGASTRIC JEJUNAL 18FR 4.0 45CM ENFIT","ScpuWmSup114087","CDM","272","RC","","","","","facility","both","","","","1926.45","1926.45","","","","","","","","","","","","","Gross Charge Type: Main Acute Price List"
"TUBE, MIC-KEY LP TRANSGASTRIC JEJUNAL 18FR 4.5 45CM ENFIT","OperWmSup114088","CDM","272","RC","","","","","facility","both","","","","1811.42","1811.42","","","","","","","","","","","","","Gross Charge Type: Main Acute Price List"
"TUBE, MIC-KEY LP TRANSGASTRIC JEJUNAL 18FR 4.5 45CM","DelrChSup118950","CDM","272","RC","","","","","facility","both","","","","1927.27","1927.27","","","","","","","","","","","","","Gross Charge Type: Main Acute Price List"
"TUBE, MIC-KEY LP TRANSGASTRIC JEJUNAL 18FR 4.5 45CM","OperChSup118950","CDM","272","RC","","","","","facility","both","","","","1927.27","1927.27","","","","","","","","","","","","","Gross Charge Type: Main Acute Price List"
"TUBE, MIC-KEY LP TRANSGASTRIC JEJUNAL 18FR 5.0 45CM ENFIT","EplbChSup114089","CDM","272","RC","","","","","facility","both","","","","1811.42","1811.42","","","","","","","","","","","","","Gross Charge Type: Main Acute Price List"
"TUBE, MIC-KEY LP TRANSGASTRIC JEJUNAL 18FR 5.0 45CM ENFIT","GyscChSup114089","CDM","272","RC","","","","","facility","both","","","","1811.42","1811.42","","","","","","","","","","","","","Gross Charge Type: Main Acute Price List"
"TUBE, MIC-KEY LP TRANSGASTRIC JEJUNAL 22FR 2.0 45CM","Wilm5453155","CDM","272","RC","","","","","facility","both","","","","2049.65","2049.65","","","","","","","","","","","","","Gross Charge Type: Main Acute Price List"
"TUBE, MIC-KEY LP TRANSGASTRIC JEJUNAL 22FR 2.5 45CM ENFIT","ScanWmSup114083","CDM","272","RC","","","","","facility","both","","","","1926.45","1926.45","","","","","","","","","","","","","Gross Charge Type: Main Acute Price List"
"TUBE, MIC-KEY LP TRANSGASTRIC JEJUNAL 22FR 3.0 45CM","OperWmSup59350","CDM","272","RC","","","","","facility","both","","","","2049.65","2049.65","","","","","","","","","","","","","Gross Charge Type: Main Acute Price List"
"TUBE, MIC-KEY LP TRANSGASTRIC JEJUNAL18FR 2.0 45CM","GastChSup53151","CDM","272","RC","","","","","facility","both","","","","2049.65","2049.65","","","","","","","","","","","","","Gross Charge Type: Main Acute Price List"
"TUBE, MIC-KEY TRASGASTRCI JEJUNAL","CcthChSup118107","CDM","272","RC","","","","","facility","both","","","","2049.65","2049.65","","","","","","","","","","","","","Gross Charge Type: Main Acute Price List"
"TUBE, SALEM SUMP 10F ANTIREFLX","GastChSup65889","CDM","270","RC","","","","","facility","both","","","","21.49","21.49","","","","","","","","","","","","","Gross Charge Type: Main Acute Price List"
"TUBE, SALEM SUMP 10F ANTIREFLX","GastWmSup65889","CDM","270","RC","","","","","facility","both","","","","21.49","21.49","","","","","","","","","","","","","Gross Charge Type: Main Acute Price List"
"TUBE, SALEM SUMP 10F ANTIREFLX","OperChSup65889","CDM","270","RC","","","","","facility","both","","","","21.49","21.49","","","","","","","","","","","","","Gross Charge Type: Main Acute Price List"
"TUBE, SALEM SUMP PVC 10FR 36IN ENFIT","ScanChSup114024","CDM","272","RC","","","","","facility","both","","","","10.73","10.73","","","","","","","","","","","","","Gross Charge Type: Main Acute Price List"
"TUBE, TRACH HI-LO 5.5MM W/CONN","PacuChSup2588","CDM","270","RC","","","","","facility","both","","","","8.94","8.94","","","","","","","","","","","","","Gross Charge Type: Main Acute Price List"
"TUBE, TRACH HI-LO 6.0MM W/CONN","AnesChSup2445","CDM","270","RC","","","","","facility","both","","","","8.94","8.94","","","","","","","","","","","","","Gross Charge Type: Main Acute Price List"
"TUBE, TRACH HI-LO 6.0MM W/CONN","EplbChSup2445","CDM","270","RC","","","","","facility","both","","","","8.94","8.94","","","","","","","","","","","","","Gross Charge Type: Main Acute Price List"
"TUBE, TRACH HI-LO 9.0MM W/CONN","GyscChSup2448","CDM","270","RC","","","","","facility","both","","","","8.94","8.94","","","","","","","","","","","","","Gross Charge Type: Main Acute Price List"
"TUBE, TRACH NASAL RAE 5.0M","PacuChSup2615","CDM","270","RC","","","","","facility","both","","","","16.19","16.19","","","","","","","","","","","","","Gross Charge Type: Main Acute Price List"
"TUBE, TRACH NASAL RAE 6.0MM - 2625","AnesWmSup2625","CDM","270","RC","","","","","facility","both","","","","28.03","28.03","","","","","","","","","","","","","Gross Charge Type: Main Acute Price List"
"TUBE, TRACH NASAL RAE 6.0MM - 2625","CcthChSup2625","CDM","270","RC","","","","","facility","both","","","","28.03","28.03","","","","","","","","","","","","","Gross Charge Type: Main Acute Price List"
"TUBE, TRACH NASAL RAE 7.5MM","ScpuChSup2628","CDM","270","RC","","","","","facility","both","","","","28.03","28.03","","","","","","","","","","","","","Gross Charge Type: Main Acute Price List"
"TUBE, TRACH NASAL RAE 8.0MM","EplbChSup2629","CDM","270","RC","","","","","facility","both","","","","28.03","28.03","","","","","","","","","","","","","Gross Charge Type: Main Acute Price List"
"TUBE, TRACH ORAL RAE 3.0MM","GastChSup2602","CDM","270","RC","","","","","facility","both","","","","189.76","189.76","","","","","","","","","","","","","Gross Charge Type: Main Acute Price List"
"TUBE, TRACH ORAL RAE 3.0MM","GyscChSup2602","CDM","270","RC","","","","","facility","both","","","","189.76","189.76","","","","","","","","","","","","","Gross Charge Type: Main Acute Price List"
"TUBE, TRACH RAE 4.0MM MURPHY","ScpuChSup21494","CDM","278","RC","","","","","facility","both","","","","28.33","28.33","","","","","","","","","","","","","Gross Charge Type: Main Acute Price List"
"TUBE, TRACH RAE 5.0MM MURPHY","ScanChSup21496","CDM","272","RC","","","","","facility","both","","","","28.33","28.33","","","","","","","","","","","","","Gross Charge Type: Main Acute Price List"
"TUBE, TRACH RAE 5.5MM MURPHY","Chrs5421497","CDM","278","RC","","","","","facility","both","","","","28.33","28.33","","","","","","","","","","","","","Gross Charge Type: Main Acute Price List"
"TUBE, TRACH RAE 6.0MM MURPHEY","Chrs542620","CDM","270","RC","","","","","facility","both","","","","28.33","28.33","","","","","","","","","","","","","Gross Charge Type: Main Acute Price List"
"TUBE, TRACH RAE 6.5MM MURPHEY","ScanChSup2621","CDM","270","RC","","","","","facility","both","","","","28.33","28.33","","","","","","","","","","","","","Gross Charge Type: Main Acute Price List"
"TUBE, TRACH RAE 7.0MM MURPHEY","ScpuChSup2622","CDM","270","RC","","","","","facility","both","","","","28.33","28.33","","","","","","","","","","","","","Gross Charge Type: Main Acute Price List"
"TUBE, TRACH RAE 7.5MM MURPHEY","AnesChSup2623","CDM","270","RC","","","","","facility","both","","","","28.33","28.33","","","","","","","","","","","","","Gross Charge Type: Main Acute Price List"
"TUBE, TRACH REINFORCED 6.0MM","ScpuWmSup2630","CDM","270","RC","","","","","facility","both","","","","107.8","107.8","","","","","","","","","","","","","Gross Charge Type: Main Acute Price List"
"TUBE, TRACH REINFORCED 7.0MM","PacuChSup2632","CDM","270","RC","","","","","facility","both","","","","107.8","107.8","","","","","","","","","","","","","Gross Charge Type: Main Acute Price List"
"TUBE, TRACH REINFORCED 7.0MM","PacuWmSup2632","CDM","270","RC","","","","","facility","both","","","","107.8","107.8","","","","","","","","","","","","","Gross Charge Type: Main Acute Price List"
"TUBE, TRACH REINFORCED 8.0MM","OperWmSup2634","CDM","270","RC","","","","","facility","both","","","","118.57","118.57","","","","","","","","","","","","","Gross Charge Type: Main Acute Price List"
"TUBE, TRACH SZ 6","OperWmSup1568","CDM","270","RC","","","","","facility","both","","","","144.8","144.8","","","","","","","","","","","","","Gross Charge Type: Main Acute Price List"
"TUBE, TRACH XLT 5.0 CUFFED PROXIMAL EXT","OperChSup30607","CDM","270","RC","","","","","facility","both","","","","359.1","359.1","","","","","","","","","","","","","Gross Charge Type: Main Acute Price List"
"TUBE, TRACH XLT 5.0 CUFFED PROXIMAL EXT","ScorChSup30607","CDM","270","RC","","","","","facility","both","","","","359.1","359.1","","","","","","","","","","","","","Gross Charge Type: Main Acute Price List"
"TUBE, TRACH XLT 5.0 CUFFLESS DISTAL EXT","GastChSup30608","CDM","270","RC","","","","","facility","both","","","","381.9","381.9","","","","","","","","","","","","","Gross Charge Type: Main Acute Price List"
"TUBE, TRACH XLT 6.0 CUFFED PROXIMAL EXT","Wilm5430611","CDM","270","RC","","","","","facility","both","","","","381.9","381.9","","","","","","","","","","","","","Gross Charge Type: Main Acute Price List"
"TUBE, TRACH XLT 6.0 CUFFLESS PROXIMAL EXT","CspuChSup30613","CDM","270","RC","","","","","facility","both","","","","381.9","381.9","","","","","","","","","","","","","Gross Charge Type: Main Acute Price List"
"TUBE, TRACH XLT 8.0 CUFFED PROXIMAL EXT","EplbChSup30619","CDM","270","RC","","","","","facility","both","","","","381.9","381.9","","","","","","","","","","","","","Gross Charge Type: Main Acute Price List"
"TUBE, TRACH XLT 8.0 CUFFED PROXIMAL EXT","GastChSup30619","CDM","270","RC","","","","","facility","both","","","","381.9","381.9","","","","","","","","","","","","","Gross Charge Type: Main Acute Price List"
"TUBE, TRACHEOSTOMY  4 CFN","ScorWmSup2540","CDM","270","RC","","","","","facility","both","","","","217.13","217.13","","","","","","","","","","","","","Gross Charge Type: Main Acute Price List"
"TUBE, TRACHEOSTOMY  4 CFS","PacuChSup2536","CDM","270","RC","","","","","facility","both","","","","232.59","232.59","","","","","","","","","","","","","Gross Charge Type: Main Acute Price List"
"TUBE, TRACHEOSTOMY  6 CFS","GastChSup2537","CDM","270","RC","","","","","facility","both","","","","232.59","232.59","","","","","","","","","","","","","Gross Charge Type: Main Acute Price List"
"TUBE, TRACHEOSTOMY  8 CFN","EplbChSup2542","CDM","270","RC","","","","","facility","both","","","","217.13","217.13","","","","","","","","","","","","","Gross Charge Type: Main Acute Price List"
"TUBE, TRACHEOSTOMY  8 FEN","OperChSup2534","CDM","270","RC","","","","","facility","both","","","","277.19","277.19","","","","","","","","","","","","","Gross Charge Type: Main Acute Price List"
"TUBE, TRACHEOSTOMY  8 LPC","GastWmSup2530","CDM","270","RC","","","","","facility","both","","","","254.09","254.09","","","","","","","","","","","","","Gross Charge Type: Main Acute Price List"
"TUBE, TRACHEOSTOMY  8 LPC","ScpuChSup2530","CDM","270","RC","","","","","facility","both","","","","254.09","254.09","","","","","","","","","","","","","Gross Charge Type: Main Acute Price List"
"TUBE, TRACHEOSTOMY 10 LPC","EplbChSup2531","CDM","270","RC","","","","","facility","both","","","","245.77","245.77","","","","","","","","","","","","","Gross Charge Type: Main Acute Price List"
"TUBE, TRACHEOSTOMY PED 4.0MM I.D. UNCUFFED","GastChSup2552","CDM","270","RC","","","","","facility","both","","","","243.31","243.31","","","","","","","","","","","","","Gross Charge Type: Main Acute Price List"
"TUBE, TRACHEOSTOMY PED 4.0MM I.D. UNCUFFED","PacuChSup2552","CDM","270","RC","","","","","facility","both","","","","243.31","243.31","","","","","","","","","","","","","Gross Charge Type: Main Acute Price List"
"TUBE, TRANSGASTRIC JEJUNAL 16FR 45CM","AnesChSup112538","CDM","272","RC","","","","","facility","both","","","","3560.33","3560.33","","","","","","","","","","","","","Gross Charge Type: Main Acute Price List"
"TUBE, TRANSGASTRIC JEJUNAL 16FR 45CM","AngiWmSup112538","CDM","272","RC","","","","","facility","both","","","","3560.33","3560.33","","","","","","","","","","","","","Gross Charge Type: Main Acute Price List"
"TUBE, TRANSGASTRIC JEJUNAL 16FR 45CM","ScpuWmSup112538","CDM","272","RC","","","","","facility","both","","","","3560.33","3560.33","","","","","","","","","","","","","Gross Charge Type: Main Acute Price List"
"TUBE, TRANSGASTRIC JEJUNAL 18FR 4.5 45CM","AngiWmSup79628","CDM","272","RC","","","","","facility","both","","","","3560.33","3560.33","","","","","","","","","","","","","Gross Charge Type: Main Acute Price List"
"TUBE, VENT PAPARELLA  SIL 1.14MM 10PK","OperChSup75576","CDM","278","RC","","","","","facility","both","","","","115.01","115.01","","","","","","","","","","","","","Gross Charge Type: Main Acute Price List"
"TUBE,MIC-KEY LP TRANSGAS JEJUN 22FR 3.5 45","ScpuChSup62920","CDM","272","RC","","","","","facility","both","","","","2049.65","2049.65","","","","","","","","","","","","","Gross Charge Type: Main Acute Price List"
"TUBE,MIC-KEY LP TRANSGAST JEJUNAL 18 2.0 30","GyscChSup68994","CDM","272","RC","","","","","facility","both","","","","2049.65","2049.65","","","","","","","","","","","","","Gross Charge Type: Main Acute Price List"
"TUBE,MIC-KEY LP TRANSGAST JEJUNAL 18 3.0 45","PacuWmSup64695","CDM","272","RC","","","","","facility","both","","","","2049.65","2049.65","","","","","","","","","","","","","Gross Charge Type: Main Acute Price List"
"TUBING, ANGIASSIST CO2MANDER SYSTEM","ScorChSup56011","CDM","272","RC","","","","","facility","both","","","","585.18","585.18","","","","","","","","","","","","","Gross Charge Type: Main Acute Price List"
"TUBING, IRRIGATION PUMP","AngiWmSup114222","CDM","272","RC","","","","","facility","both","","","","65.34","65.34","","","","","","","","","","","","","Gross Charge Type: Main Acute Price List"
"TUBING, LAPAROSCOPIC PLUME ELIMINATOR","GastChSup73986","CDM","272","RC","","","","","facility","both","","","","59.03","59.03","","","","","","","","","","","","","Gross Charge Type: Main Acute Price List"
"TUBING, SUCTION PVC NON-STERILE  3FT","EplbChSup52161","CDM","270","RC","","","","","facility","both","","","","34.76","34.76","","","","","","","","","","","","","Gross Charge Type: Main Acute Price List"
"TULIP, RELINE MOD","GastChSup66844","CDM","278","RC","C1713","HCPCS","","","facility","both","","","","3695.84","3695.84","","","","","","","","","","","","","Gross Charge Type: Main Acute Price List"
"TUMOR LOCALIZATION,WHOLE BODY,SING GLB","Mnum424402","CDM","341","RC","78802","HCPCS","","","facility","both","","","","1390.08","1390.08","","","","","","","","","","","","","Gross Charge Type: Main Acute Price List"
"TUNNELER, SHEATH DISPOSABLE 16G X 12""","PacuChSup32763","CDM","270","RC","","","","","facility","both","","","","173.76","173.76","","","","","","","","","","","","","Gross Charge Type: Main Acute Price List"
"TUNNELER, SHEATH DISPOSABLE 16G X 12""","ScorWmSup32763","CDM","270","RC","","","","","facility","both","","","","173.76","173.76","","","","","","","","","","","","","Gross Charge Type: Main Acute Price List"
"TUNNELER, VAGUS NERVE STIMULATOR","PacuWmSup34960","CDM","270","RC","","","","","facility","both","","","","3307.78","3307.78","","","","","","","","","","","","","Gross Charge Type: Main Acute Price List"
"TUNNLER, ONQ 11G X 8IN","GastWmSup115667","CDM","272","RC","","","","","facility","both","","","","1447.99","1447.99","","","","","","","","","","","","","Gross Charge Type: Main Acute Price List"
"TUTOPLAST, CORNEA 1/2","AngiChSup118053","CDM","278","RC","L8610","HCPCS","","","facility","both","","","","498.94","498.94","","","","","","","","","","","","","Gross Charge Type: Main Acute Price List"
"TUTOPLAST, CORNEA 1/4","PacuChSup118051","CDM","278","RC","L8610","HCPCS","","","facility","both","","","","1847.63","1847.63","","","","","","","","","","","","","Gross Charge Type: Main Acute Price List"
"TUTOPLAST, FACIA LATTE .3X12MM","ScorChSup211050","CDM","270","RC","","","","","facility","both","","","","2809.1","2809.1","","","","","","","","","","","","","Gross Charge Type: Main Acute Price List"
"TUTOPLAST, PERICARDIUM 1.5X1.5CM","OperChSup26376","CDM","272","RC","","","","","facility","both","","","","1964.96","1964.96","","","","","","","","","","","","","Gross Charge Type: Main Acute Price List"
"TUTOPLAST, PERICARDIUM 1.5X1.5CM","ScpuWmSup26376","CDM","272","RC","","","","","facility","both","","","","1964.96","1964.96","","","","","","","","","","","","","Gross Charge Type: Main Acute Price List"
"TYRX ENVELOPE NEURO ABSORB MED NMRM6122","ScpuChSup110765","CDM","278","RC","C1889","HCPCS","","","facility","both","","","","5512.97","5512.97","","","","","","","","","","","","","Gross Charge Type: Main Acute Price List"
"Targeted genomic seq analys","81445","HCPCS","","","","","","","facility","outpatient","","","","","","Amerihealth","Medicare Managed Care Plan","645.74","","","","","","","fee schedule","388.64","1793.73","APC"
"Targeted genomic seq analys","81445","HCPCS","","","","","","","facility","outpatient","","","","","","Bcbs","Highmark All Commercial Plans","882.22","","","","","","","fee schedule","388.64","1793.73","Radiology"
"Tau phosphorylated ea","84393","HCPCS","","","","","","","facility","outpatient","","","","","","Bcbs","Highmark Medicare Managed Care Plan","122.47","","","","","","","fee schedule","122.47","386.76","APC"
"Tb ag response t-cell susp","86481","HCPCS","","","","","","","facility","outpatient","","","","","","Ambetter","All Commercial Plans","150","","","","","","","fee schedule","65","300","Radiology"
"Tb ag response t-cell susp","86481","HCPCS","","","","","","","facility","outpatient","","","","","","First Health","Delaware Medicaid Managed Care Plan","110","","","","","","","fee schedule","65","300","Laboratory"
"Tbrf b grp antb 4 prtn igg","0044U","HCPCS","","","","","","","facility","outpatient","","","","","","Amerihealth","Caritas Next Other Commercial Plan","14.86","","","","","","","fee schedule","9.66","44.58","Laboratory"
"Tbrf b grp antb 4 prtn igg","0044U","HCPCS","","","","","","","facility","outpatient","","","","","","First Health","Delaware Medicaid Managed Care Plan","16.35","","","","","","","fee schedule","9.66","44.58","Laboratory"
"Tbrf b grp antb 4 prtn igm","0043U","HCPCS","","","","","","","facility","outpatient","","","","","","Unitedhealthcare","All Commercial Plans","14.86","","","","","","","fee schedule","9.66","44.58",""
"Tc mag stimj pn 1st tx 1nrv","0766T","HCPCS","","","","","","","facility","outpatient","","","","","","Bcbs","Highmark Wholecare Medicare Managed Care Plan","256.67","","","","","","","fee schedule","221.67","700","APC"
"Tc meas 5 bmrk sfdi m-s alys","0061U","HCPCS","","","","","","","facility","outpatient","","","","","","Bcbs","Highmark Medicare Managed Care Plan","23.84","","","","","","","fee schedule","16.32","75.3","APC"
"Tcat impl wrls ivc snr","0981T","HCPCS","","","","","","","facility","outpatient","","","","","","Ambetter","All Commercial Plans","29714.56","","","","","","","fee schedule","18819.22","59429.13","Radiology"
"Tcat impl wrls l atr prs snr","0933T","HCPCS","","","","","","","facility","outpatient","","","","","","Amerihealth","Caritas Next Other Commercial Plan","5605.32","","","","","","","fee schedule","3328.16","10509.98","Radiology"
"Tcat impltj c sins rdctj dev","0645T","HCPCS","","","","","","","facility","outpatient","","","","","","Amerihealth","Caritas Next Other Commercial Plan","31695.54","","","","","","","fee schedule","18819.22","59429.13","Radiology"
"Tcat ins 2chmbr ldls pm rv","0797T","HCPCS","","","","","","","facility","outpatient","","","","","","Jefferson Health Plan","Health Partners Medicare Managed Care Plan","21855.49","","","","","","","fee schedule","19774.02","62444.27","APC"
"Tcat rmv&rpl2chmb ldls pm rv","0803T","HCPCS","","","","","","","facility","outpatient","","","","","","Bcbs","Highmark All Commercial Plans","30712.17","","","","","","","fee schedule","19774.02","62444.27","Radiology"
"Tcat rmv&rpl2chmb ldls pm rv","0803T","HCPCS","","","","","","","facility","outpatient","","","","","","Bcbs","Highmark Health Options Medicare Managed Care Plan","21335.12","","","","","","","fee schedule","19774.02","62444.27","APC"
"Tcat rmvl perm ldls pm","33275","HCPCS","","","","","","","facility","outpatient","","","","","","Healthspring","Medicare Managed Care Plan","3412.07","","","","","","","fee schedule","3241.46","10236.2","APC"
"Tcat rmvl/dblk icar mas perq","0644T","HCPCS","","","","","","","facility","outpatient","","","","","","Amerihealth","Caritas Next Other Commercial Plan","9840.76","","","","","","","fee schedule","5842.95","18451.42","Radiology"
"Tcran magn stim redetemine","90869","HCPCS","","","","","","","facility","outpatient","","","","","","Healthspring","Medicare Managed Care Plan","233.33","","","","","","","fee schedule","221.67","700","APC"
"Technical Component; represents the costs of equipment, supplies, and technician personnel for a procedure, excluding the physician's interpretation. It is used when only the technical portion of a test is billed, typically by hospitals, imaging centers, or independent diagnostic testing facilities","","","","","","","","","facility","both","","","TC","","","BCBS","Highmark Medicare Managed Care Plan","","","","","","","","","","","The modified price is presented in the standard charge value."
"Tee w or w/o fol w/cont,cong","C8926","HCPCS","","","","","","","facility","outpatient","","","","","","Amerihealth","Medicare Managed Care Plan","914.9","","","","","","","fee schedule","804.77","2541.38","APC"
"Temporary external pacing","92953","HCPCS","","","","","","","facility","outpatient","","","","","","Aetna","Medicare Managed Care Plan","735.66","","","","","","","fee schedule","678.52","2142.71","APC"
"Tendon shortening","26477","HCPCS","","","","","","","facility","outpatient","","","","","","Aetna","All Commercial Plans","4950.15","","","","","","","fee schedule","3359.03","10607.46","Radiology"
"Tendonitis, Myositis And Bursitis With Mcc","557","MS-DRG","","","","","","","facility","inpatient","","","","","","Aetna - Nj","Better Health Medicaid Managed Care Plan","","","[Inpatient Services: Payer leverages state specific Medicaid payment methodology. Available, referenceable algorithm logic found here: https://www.nj.gov/health/hcf/]","","","","0","other","","","No services performed during 15-month lookback period."
"Tenofovir liq chrom ur quan","0025U","HCPCS","","","","","","","facility","outpatient","","","","","","Amerihealth","Caritas Next Other Commercial Plan","114.43","","","","","","","fee schedule","55.75","343.29","Laboratory"
"Tenolysis triceps","24332","HCPCS","","","","","","","facility","outpatient","","","","","","Healthspring","Medicare Managed Care Plan","3535.82","","","","","","","fee schedule","3359.03","10607.46","APC"
"Tert gene targeted seq alys","81345","HCPCS","","","","","","","facility","outpatient","","","","","","Amerihealth","Medicare Managed Care Plan","200.02","","","","","","","fee schedule","120.38","555.6","APC"
"Tert gene targeted seq alys","81345","HCPCS","","","","","","","facility","outpatient","","","","","","Jefferson Health Plan","Health Partners Medicaid Managed Care/Aca Plan","555.6","","","","","","","fee schedule","120.38","555.6","APC"
"Test RBC protoporphyrin","84203","HCPCS","","","","","","","facility","outpatient","","","","","","Bcbs","Highmark Medicare Managed Care Plan","9.25","","","","","","","fee schedule","6.33","29.22","APC"
"Test RBC protoporphyrin","84203","HCPCS","","","","","","","facility","outpatient","","","","","","Unitedhealthcare","All Commercial Plans","9.74","","","","","","","fee schedule","6.33","29.22",""
"Test for G6PD enzyme","82960","HCPCS","","","","","","","facility","outpatient","","","","","","Bcbs","Highmark Medicare Managed Care Plan","5.75","","","","","","","fee schedule","3.93","18.15","APC"
"Test for acetone/ketones","82009","HCPCS","","","","","","","facility","outpatient","","","","","","Aetna","All Commercial Plans","5.02","","","","","","","fee schedule","2.94","13.56","Laboratory"
"Test for acetone/ketones","82009","HCPCS","","","","","","","facility","outpatient","","","","","","Amerihealth","Caritas Next Other Commercial Plan","4.52","","","","","","","fee schedule","2.94","13.56","Laboratory"
"Test for chlorohydrocarbons","82441","HCPCS","","","","","","","facility","outpatient","","","","","","Jefferson Health Plan","Health Partners Medicaid Managed Care/Aca Plan","18.03","","","","","","","fee schedule","3.91","18.03","APC"
"Test urine for porphyrins","84119","HCPCS","","","","","","","facility","outpatient","","","","","","Aetna","Medicare Managed Care Plan","13.76","","","","","","","fee schedule","8.68","40.08","APC"
"Test urine urobilinogen","84578","HCPCS","","","","","","","facility","outpatient","","","","","","Aetna","All Commercial Plans","6.26","","","","","","","fee schedule","2.91","13.41","Radiology"
"Testes Procedures With Cc/Mcc","711","MS-DRG","","","","","","","facility","inpatient","","","","","","Wellcare","Medicare Managed Care Plan","20870.11","","","","","","","fee schedule","18024.19","48969.3","MSDRG Base Rate"
"Testes Procedures Without Cc/Mcc","712","MS-DRG","","","","","","","facility","inpatient","","","","","","Ibc","Medicare Managed Care Plan","10232.19","","","","","","","fee schedule","9720.58","25842.95","MSDRG Base Rate"
"Testicular imaging w/flow","78761","HCPCS","","","","","","","facility","outpatient","","","","","","Jefferson Health Plan","Health Partners Medicare Managed Care Plan","453.6","","","","","","","fee schedule","410.4","1296.01","APC"
"Testosterone response","80414","HCPCS","","","","","","","facility","outpatient","","","","","","Ambetter","All Commercial Plans","77.46","","","","","","","fee schedule","33.57","154.92","Radiology"
"Testosterone response","80414","HCPCS","","","","","","","facility","outpatient","","","","","","Amerihealth","Medicare Managed Care Plan","55.77","","","","","","","fee schedule","33.57","154.92","APC"
"Tgsap sl or neo dna523&rna55","0379U","HCPCS","","","","","","","facility","outpatient","","","","","","Bcbs","Highmark Health Options Medicare Managed Care Plan","3370.72","","","","","","","fee schedule","3124.08","9865.53","APC"
"Thaw preserved stem cells","38208","HCPCS","","","","","","","facility","outpatient","","","","","","Amerihealth","Caritas Next Other Commercial Plan","762.79","","","","","","","fee schedule","452.91","1430.24","Radiology"
"Thawing cryopresrved embryo","89352","HCPCS","","","","","","","facility","outpatient","","","","","","Bcbs","Highmark Medicare Managed Care Plan","174.9","","","","","","","fee schedule","93.28","552.32","APC"
"Ther ivntj 1st 15 min","97129","HCPCS","","","","","","","facility","outpatient","","","","","","Aetna","All Commercial Plans","27.61","","","","","","","fee schedule","18.73","59.16","Radiology"
"Ther ivntj 1st 15 min","97129","HCPCS","","","","","","","facility","outpatient","","","","","","Bcbs","Highmark Medicare Managed Care Plan","18.73","","","","","","","fee schedule","18.73","59.16","APC"
"Ther ivntj ea addl 15 min","97130","HCPCS","","","","","","","facility","outpatient","","","","","","Bcbs","Highmark All Commercial Plans","28.41","","","","","","","fee schedule","17.5","55.26","Occupational Therapy, Physical Therapy, Speech Therapy"
"Ther ivntj ea addl 15 min","97130","HCPCS","","","","","","","facility","outpatient","","","","","","Healthspring","Medicare Managed Care Plan","18.42","","","","","","","fee schedule","17.5","55.26","APC"
"Ther rx mntr 60-150rx&metabl","0587U","HCPCS","","","","","","","facility","outpatient","","","","","","Amerihealth","Caritas Next Other Commercial Plan","183.09","","","","","","","fee schedule","108.71","343.29","Radiology"
"Ther/proph/diag inj iv push","96374","HCPCS","","","","","","","facility","outpatient","","","","","","Bcbs","Highmark Medicare Managed Care Plan","218.36","","","","","","","fee schedule","218.36","689.56","APC"
"Ther/proph/diag inj sc/im","96372","HCPCS","","","","","","","facility","outpatient","","","","","","Jefferson Health Plan","Health Partners Medicare Managed Care Plan","81.7","","","","","","","fee schedule","73.92","233.42","APC"
"Therapeutic procd strg endur","G0237","HCPCS","","","","","","","facility","outpatient","","","","","","Bcbs","Highmark All Commercial Plans","46.12","","","","","","","fee schedule","29.69","93.77","Radiology"
"Therapeutic ultrafiltration","0692T","HCPCS","","","","","","","facility","outpatient","","","","","","Bcbs","Highmark All Commercial Plans","2483.27","","","","","","","fee schedule","1598.85","5049.01","Radiology"
"Therapy Services","N801","APC","","","","","","","facility","outpatient","","","","","","Bcbs","Highmark Wholecare Medicaid Managed Care Plan","","","[Outpatient Services: Payer leverages state specific Medicaid payment methodology. Available, referenceable algorithm logic found here: https://www.pa.gov/agencies/dhs/resources/for-providers]","","","","0","other","","","No services performed during 15-month lookback period."
"Therapy activation ipnss","93150","HCPCS","","","","","","","facility","outpatient","","","","","","Amerihealth","Medicare Managed Care Plan","110.96","","","","","","","fee schedule","97.6","308.21","APC"
"Thoracoscopy w/bx infiltrate","32607","HCPCS","","","","","","","facility","outpatient","","","","","","Amerihealth","Medicare Managed Care Plan","12405.87","","","","","","","fee schedule","10912.57","34460.74","APC"
"Thoracoscopy wbx sac","32604","HCPCS","","","","","","","facility","outpatient","","","","","","Bcbs","Highmark Medicare Managed Care Plan","10912.57","","","","","","","fee schedule","10912.57","34460.74","APC"
"Threatened Abortion","778","MS-DRG","","","","","","","facility","inpatient","","","","","","Aetna - De","Better Health Medicaid Managed Care Plan","","","[Inpatient Services: Payer leverages state specific Medicaid payment methodology. Available, referenceable algorithm logic found here: https://medicaidpublications.dhss.delaware.gov/docs/search]","","","","0","other","","","No services performed during 15-month lookback period."
"Threatened Abortion","778","MS-DRG","","","","","","","facility","inpatient","","","","","","Ibc","All Commercial Plans","","","[Psych-Per Diem: 1800] [All Other IP (%BC): 89.50]","","","","0","other","","","No services performed during 15-month lookback period."
"Thrmbc/nfs dialysis circuit","36905","HCPCS","","","","","","","facility","outpatient","","","","","","Bcbs","Highmark Medicare Managed Care Plan","11851.24","","","","","","","fee schedule","11851.24","37424.98","APC"
"Throat muscle surgery","43030","HCPCS","","","","","","","facility","outpatient","","","","","","Bcbs","Highmark All Commercial Plans","9438.99","","","","","","","fee schedule","6077.29","19191.43","Radiology"
"Thrombin time plasma","85670","HCPCS","","","","","","","facility","outpatient","","","","","","Unitedhealthcare","All Commercial Plans","5.77","","","","","","","fee schedule","3.75","17.31",""
"Thromboxane urine","84431","HCPCS","","","","","","","facility","outpatient","","","","","","Amerihealth","Medicare Managed Care Plan","37.92","","","","","","","fee schedule","22.82","105.33","APC"
"Thyroglobulin antibody","86800","HCPCS","","","","","","","facility","outpatient","","","","","","Amerihealth","Caritas Next Other Commercial Plan","15.91","","","","","","","fee schedule","10.34","47.73","Laboratory"
"Thyroglobulin antibody","86800","HCPCS","","","","","","","facility","outpatient","","","","","","Bcbs","Highmark All Commercial Plans","23.48","","","","","","","fee schedule","10.34","47.73","Radiology"
"Thyroid met imaging/studies","78016","HCPCS","","","","","","","facility","outpatient","","","","","","Unitedhealthcare","All Commercial Plans","673.73","","","","","","","fee schedule","410.4","1296.01",""
"Thyroid, Parathyroid And Thyroglossal Procedures With Mcc","625","MS-DRG","","","","","","","facility","inpatient","","","","","","Jefferson Health Plan","Health Partners Medicaid Managed Care/Aca Plan","70972.35","","","","","","","fee schedule","25924.47","70972.35",""
"Thyroid, Parathyroid And Thyroglossal Procedures With Mcc","625","MS-DRG","","","","","","","facility","inpatient","","","","","","Wellcare","Medicare Managed Care Plan","30017.81","","","","","","","fee schedule","25924.47","70972.35","MSDRG Base Rate"
"Tis trnfr e/n/e/l10.1-30sqcm","14061","HCPCS","","","","","","","facility","outpatient","","","","","","Amerihealth","Caritas Next Other Commercial Plan","3567.43","","","","","","","fee schedule","2118.16","6688.93","Radiology"
"Tis trnfr e/n/e/l10.1-30sqcm","14061","HCPCS","","","","","","","facility","outpatient","","","","","","Jefferson Health Plan","Health Partners Medicaid Managed Care/Aca Plan","6688.93","","","","","","","fee schedule","2118.16","6688.93","APC"
"Tis trnfr f/c/c/m/n/a/g/h/f","14041","HCPCS","","","","","","","facility","outpatient","","","","","","Bcbs","Highmark Wholecare Medicare Managed Care Plan","2452.61","","","","","","","fee schedule","2118.16","6688.93","APC"
"Tiss trnsgltmnase ea ig clas","86364","HCPCS","","","","","","","facility","outpatient","","","","","","First Health","Delaware Medicaid Managed Care Plan","12.68","","","","","","","fee schedule","10.95","34.59","Laboratory"
"Tissue culture lymphocyte","88230","HCPCS","","","","","","","facility","outpatient","","","","","","Cigna","All Commercial Plans","75.72","","","","","","","fee schedule","75.72","349.47",""
"Tissue culture placenta","88235","HCPCS","","","","","","","facility","outpatient","","","","","","First Health","Delaware Medicaid Managed Care Plan","165.33","","","","","","","fee schedule","97.7","450.9","Laboratory"
"Tissue exam by pathologist","88304","HCPCS","","","","","","","facility","outpatient","","","","","","Healthspring","Medicare Managed Care Plan","56.31","","","","","","","fee schedule","19.47","168.94","APC"
"Tissue homogenization cultr","87176","HCPCS","","","","","","","facility","outpatient","","","","","","Bcbs","Highmark All Commercial Plans","8.68","","","","","","","fee schedule","3.82","17.64","Radiology"
"Tissue homogenization cultr","87176","HCPCS","","","","","","","facility","outpatient","","","","","","Jefferson Health Plan","Health Partners Medicare Managed Care Plan","6.17","","","","","","","fee schedule","3.82","17.64","APC"
"Tlh w/t/o 250 g or less","58571","HCPCS","","","","","","","facility","outpatient","","","","","","Ambetter","All Commercial Plans","17230.37","","","","","","","fee schedule","10912.57","34460.74","Radiology"
"Tlh w/t/o uterus over 250 g","58573","HCPCS","","","","","","","facility","outpatient","","","","","","Amerihealth","Caritas Next Other Commercial Plan","18379.06","","","","","","","fee schedule","10912.57","34460.74","Radiology"
"Tmj arthroscopy disc reposit","D7874","HCPCS","","","","","","","facility","outpatient","","","","","","Aetna","All Commercial Plans","4950.15","","","","","","","fee schedule","3359.03","10607.46","Radiology"
"Tomosynthesis, mammo","G0279","HCPCS","","","","","","","facility","outpatient","","","TC","","","Jefferson Health Plan","Health Partners Medicare Managed Care Plan","13.17","","","","","","","fee schedule","11.91","37.62","APC"
"Tongue and mouth surgery","41599","HCPCS","","","","","","","facility","outpatient","","","","","","Bcbs","Highmark Wholecare Medicare Managed Care Plan","281.54","","","","","","","fee schedule","243.15","767.84","APC"
"Total cortisol","82533","HCPCS","","","","","","","facility","outpatient","","","","","","Aetna","Medicare Managed Care Plan","16.79","","","","","","","fee schedule","10.6","48.9","APC"
"Total hip arthroplasty","27130","HCPCS","","","","","","","facility","outpatient","","","","","","Healthspring","Medicare Managed Care Plan","13873.86","","","","","","","fee schedule","13180.17","41621.58","APC"
"Total hip arthroplasty","27130","HCPCS","","","","","","","facility","outpatient","","","","","","Jefferson Health Plan","Health Partners Medicare Managed Care Plan","14567.55","","","","","","","fee schedule","13180.17","41621.58","APC"
"Total tau","84394","HCPCS","","","","","","","facility","outpatient","","","","","","First Health","Delaware Medicaid Managed Care Plan","141.81","","","","","","","fee schedule","122.47","386.76","Laboratory"
"Touch Quant Sensory Test","0106T","HCPCS","","","","","","","facility","outpatient","","","","","","Amerihealth","Medicare Managed Care Plan","43.59","","","","","","","fee schedule","38.34","121.09","APC"
"Toxoplasma antibody","86777","HCPCS","","","","","","","facility","outpatient","","","","","","Amerihealth","Caritas Next Other Commercial Plan","14.39","","","","","","","fee schedule","9.35","43.17","Laboratory"
"Tp53 gene known famil vrnt","81353","HCPCS","","","","","","","facility","outpatient","","","","","","Aetna","All Commercial Plans","341.88","","","","","","","fee schedule","292.6","924","Laboratory"
"Tpmt gene com variants","81335","HCPCS","","","","","","","facility","outpatient","","","","","","Amerihealth","Caritas Next Other Commercial Plan","174.81","","","","","","","fee schedule","113.63","524.43","Laboratory"
"Tpmt nudt15 genes","0034U","HCPCS","","","","","","","facility","outpatient","","","","","","First Health","Delaware Medicaid Managed Care Plan","512.79","","","","","","","fee schedule","303.01","1398.51","Laboratory"
"Tprnl balo cntnc dev adjmt","53454","HCPCS","","","","","","","facility","outpatient","","","","","","Amerihealth","Caritas Next Other Commercial Plan","431.99","","","","","","","fee schedule","256.49","809.98","Radiology"
"Tprnl balo cntnc dev uni","53452","HCPCS","","","","","","","facility","outpatient","","","","","","Healthspring","Medicare Managed Care Plan","10229.74","","","","","","","fee schedule","9718.25","30689.22","APC"
"Tprnl lsr ablt b9 prst8 hypr","0714T","HCPCS","","","","","","","facility","outpatient","","","","","","Aetna","Medicare Managed Care Plan","5967.94","","","","","","","fee schedule","5504.41","17382.35","APC"
"Tprnl lsr ablt b9 prst8 hypr","0714T","HCPCS","","","","","","","facility","outpatient","","","","","","Amerihealth","Caritas Next Other Commercial Plan","9270.59","","","","","","","fee schedule","5504.41","17382.35","Radiology"
"Trabeculoplasty laser surg","65855","HCPCS","","","","","","","facility","outpatient","","","","","","Aetna","Medicare Managed Care Plan","612.17","","","","","","","fee schedule","564.63","1783.03","APC"
"Tracheostomy For Face, Mouth And Neck Diagnoses Or Laryngectomy With Cc","012","MS-DRG","","","","","","","facility","inpatient","","","","","","Aetna","Medicare Managed Care Plan","39048.06","","","","","","","fee schedule","36015.2","99076","MSDRG Base Rate"
"Tracheostomy For Face, Mouth And Neck Diagnoses Or Laryngectomy With Cc","012","MS-DRG","","","","","","","facility","inpatient","","","","","","Ambetter","All Commercial Plans","","91","","","","","0","percent of total billed charges","","","No services performed during 15-month lookback period."
"Tracheostomy For Face, Mouth And Neck Diagnoses Or Laryngectomy With Cc","012","MS-DRG","","","","","","","facility","inpatient","","","","","","Jefferson Health Plan","Health Partners Medicare Managed Care Plan","39806.28","","","","","","","fee schedule","36015.2","99076","MSDRG Base Rate"
"Tracheostomy With Mv >96 Hours Or Principal Diagnosis Except Face, Mouth And Neck Without Major O.R.","004","MS-DRG","","","","","","","facility","inpatient","","","","","","Bcbs","Highmark Health Options Medicare Managed Care Plan","","","[MSDRG Base Rate: FEE SCHEDULE]","109853.37","109853.37","109853.37","1 through 10","other","","","Contracting method is an algorithm described in the 'standard_charges|algorithm' field. The allowed amount provided accounts for the structural rates, conditions, and utilization elements inherent in the payer’s algorithm."
"Tracheostomy With Mv >96 Hours Or Principal Diagnosis Except Face, Mouth And Neck Without Major O.R.","004","MS-DRG","","","","","","","facility","inpatient","","","","","","First Health","Delaware Medicaid Managed Care Plan","","","[Inpatient Services: Payer leverages state specific Medicaid payment methodology. Available, referenceable algorithm logic found here: https://medicaidpublications.dhss.delaware.gov/docs/search]","","","","0","other","","","No services performed during 15-month lookback period."
"Tranal ins tmp clrc anst dev","0967T","HCPCS","","","","","","","facility","outpatient","","","","","","Bcbs","Highmark Health Options Medicare Managed Care Plan","1325.45","","","","","","","fee schedule","1228.47","3879.38","APC"
"Transcath occlusion non-cns","61626","HCPCS","","","","","","","facility","outpatient","","","","","","Jefferson Health Plan","Health Partners Medicare Managed Care Plan","13098.74","","","","","","","fee schedule","11851.24","37424.98","APC"
"Transcatheter biopsy","37200","HCPCS","","","","","","","facility","outpatient","","","","","","Jefferson Health Plan","Health Partners Medicaid Managed Care/Aca Plan","18039.45","","","","","","","fee schedule","5712.49","18039.45","APC"
"Transfer of spinal muscle","27105","HCPCS","","","","","","","facility","outpatient","","","","","","Amerihealth","Caritas Next Other Commercial Plan","5657.31","","","","","","","fee schedule","3359.03","10607.46","Radiology"
"Transfer skin pedicle flap","15650","HCPCS","","","","","","","facility","outpatient","","","","","","Healthspring","Medicare Managed Care Plan","2229.64","","","","","","","fee schedule","2118.16","6688.93","APC"
"Transfer tendon to pelvis","27098","HCPCS","","","","","","","facility","outpatient","","","","","","Jefferson Health Plan","Health Partners Medicare Managed Care Plan","3712.61","","","","","","","fee schedule","3359.03","10607.46","APC"
"Transferase (AST) (SGOT)","84450","HCPCS","","","","","","","facility","outpatient","","","","","","Cigna","All Commercial Plans","3.37","","","","","","","fee schedule","3.37","15.54",""
"Transfusion procedure","86999","HCPCS","","","","","","","facility","outpatient","","","","","","Amerihealth","Caritas Next Other Commercial Plan","50.01","","","","","","","fee schedule","14.94","93.77","Radiology"
"Transfusion service fetal","36460","HCPCS","","","","","","","facility","outpatient","","","","","","Healthspring","Medicare Managed Care Plan","476.75","","","","","","","fee schedule","452.91","1430.24","APC"
"Transient Ischemia Without Thrombolytic","069","MS-DRG","","","","","","","facility","inpatient","","","","","","Unitedhealthcare","All Commercial Plans","","91","","","","","0","percent of total billed charges","","","No services performed during 15-month lookback period."
"Transient ischemia","524","MS-DRG","","","","","","","facility","inpatient","","","","","","Bcbs","Highmark Health Options Medicaid Managed Care Plan","","","[Inpatient Services: Payer leverages state specific Medicaid payment methodology. Available, referenceable algorithm logic found here: https://medicaidpublications.dhss.delaware.gov/docs/search]","","","","0","other","","","No services performed during 15-month lookback period."
"Transient ischemia","524","MS-DRG","","","","","","","facility","inpatient","","","","","","Ibc","All Commercial Plans","","","[Psych-Per Diem: 1800] [All Other IP (%BC): 89.50]","","","","0","other","","","No services performed during 15-month lookback period."
"Translum dil eye canal","66174","HCPCS","","","","","","","facility","outpatient","","","","","","Bcbs","Highmark Wholecare Medicare Managed Care Plan","4913.37","","","","","","","fee schedule","4243.36","13400.1","APC"
"Transorl lwr esophgl myotomy","43497","HCPCS","","","","","","","facility","outpatient","","","","","","Amerihealth","Caritas Next Other Commercial Plan","10496.63","","","","","","","fee schedule","6232.37","19681.18","Radiology"
"Transperi needle place pros","55875","HCPCS","","","","","","","facility","outpatient","","","","","","Bcbs","Highmark Health Options Medicare Managed Care Plan","5938.97","","","","","","","fee schedule","5504.41","17382.35","APC"
"Transplant forearm tendon","25312","HCPCS","","","","","","","facility","outpatient","","","","","","Amerihealth","Medicare Managed Care Plan","3818.69","","","","","","","fee schedule","3359.03","10607.46","APC"
"Transplant palm tendon","26485","HCPCS","","","","","","","facility","outpatient","","","","","","Healthspring","Medicare Managed Care Plan","3535.82","","","","","","","fee schedule","3359.03","10607.46","APC"
"Transplant/graft palm tendon","26489","HCPCS","","","","","","","facility","outpatient","","","","","","Aetna","All Commercial Plans","4950.15","","","","","","","fee schedule","3359.03","10607.46","Radiology"
"Transplants of thigh tendons","27397","HCPCS","","","","","","","facility","outpatient","","","","","","Aetna","Medicare Managed Care Plan","8076.52","","","","","","","fee schedule","7449.22","23523.84","APC"
"Transplt allo lymphocytes","38242","HCPCS","","","","","","","facility","outpatient","","","","","","Amerihealth","Medicare Managed Care Plan","1817.64","","","","","","","fee schedule","1598.85","5049.01","APC"
"Transposition of vein valve","34510","HCPCS","","","","","","","facility","outpatient","","","","","","Bcbs","Highmark Health Options Medicare Managed Care Plan","6163.48","","","","","","","fee schedule","5712.49","18039.45","APC"
"Transurethral Procedures Without Cc/Mcc","670","MS-DRG","","","","","","","facility","inpatient","","","","","","Aetna","All Commercial Plans","","","[SNF-(% BC): 65] [Bariatric Surgery-Case Rate: 20177] [All Other IP (%BC): 86.5]","","","","0","other","","","No services performed during 15-month lookback period."
"Transurethral Prostatectomy With Cc/Mcc","713","MS-DRG","","","","","","","facility","inpatient","","","","","","Jefferson Health Plan","Health Partners Medicare Managed Care Plan","14508.69","","","","","","","fee schedule","13126.91","35329.9","MSDRG Base Rate"
"Transurethral Prostatectomy Without Cc/Mcc","714","MS-DRG","","","","","","","facility","inpatient","","","","","","Amerihealth","Medicare Managed Care Plan","","","[MSDRG Base Rate: FEE SCHEDULE]","","","","0","other","","","No services performed during 15-month lookback period."
"Trauma To The Skin, Subcutaneous Tissue And Breast With Mcc","604","MS-DRG","","","","","","","facility","inpatient","","","","","","Healthspring","Medicare Managed Care Plan","13539.8","","","","","","","fee schedule","12862.81","34594.35","MSDRG Base Rate"
"Trauma To The Skin, Subcutaneous Tissue And Breast With Mcc","604","MS-DRG","","","","","","","facility","inpatient","","","","","","Jefferson Health Plan","Health Partners Medicaid Managed Care/Aca Plan","","","[Inpatient Services: Payer leverages state specific Medicaid payment methodology. Available, referenceable algorithm logic found here: https://www.pa.gov/agencies/dhs/resources/for-providers] [MSDRG Base Rate: FEE SCHEDULE]","","","","0","other","","","No services performed during 15-month lookback period."
"Trauma To The Skin, Subcutaneous Tissue And Breast With Mcc","604","MS-DRG","","","","","","","facility","inpatient","","","","","","Jefferson Health Plan","Health Partners Medicare Managed Care Plan","14216.79","","","","","","","fee schedule","12862.81","34594.35","MSDRG Base Rate"
"Trauma To The Skin, Subcutaneous Tissue And Breast With Mcc","604","MS-DRG","","","","","","","facility","inpatient","","","","","","Unitedhealthcare","Medicare Managed Care Plan","13810.6","","","","","","","fee schedule","12862.81","34594.35","MSDRG Base Rate"
"Trauma To The Skin, Subcutaneous Tissue And Breast Without Mcc","605","MS-DRG","","","","","","","facility","inpatient","","","","","","Amerihealth","Medicare Managed Care Plan","9288.65","","","","","","","fee schedule","8170.57","21526","MSDRG Base Rate"
"Traumatic Injury With Mcc","913","MS-DRG","","","","","","","facility","inpatient","","","","","","Jefferson Health Plan","Health Partners Medicaid Managed Care/Aca Plan","38413.1","","","","","","","fee schedule","14233.94","38413.1",""
"Traumatic Injury Without Mcc","914","MS-DRG","","","","","","","facility","inpatient","","","","","","Jefferson Health Plan","Health Partners Medicare Managed Care Plan","","","[MSDRG Base Rate: FEE SCHEDULE]","","","","0","other","","","No services performed during 15-month lookback period."
"Traumatic Injury Without Mcc","914","MS-DRG","","","","","","","facility","inpatient","","","","","","Jefferson Health Plan","Health Partners Medicare Managed Care Plan","8746.19","","","","","","","fee schedule","7913.22","20809.25","MSDRG Base Rate"
"Traumatic Stupor And Coma <1 Hour With Cc","086","MS-DRG","","","","","","","facility","inpatient","","","","","","Aetna","Medicare Managed Care Plan","12396.27","","","","","","","fee schedule","11433.45","30613.45","MSDRG Base Rate"
"Traumatic Stupor And Coma <1 Hour With Cc","086","MS-DRG","","","","","","","facility","inpatient","","","","","","Amerihealth","Medicare Managed Care Plan","","","[MSDRG Base Rate: FEE SCHEDULE]","","","","0","other","","","No services performed during 15-month lookback period."
"Traumatic Stupor And Coma <1 Hour Without Cc/Mcc","087","MS-DRG","","","","","","","facility","inpatient","","","","","","Healthspring","Medicare Managed Care Plan","8589.05","","","","","","","fee schedule","8159.6","21495.45","MSDRG Base Rate"
"Traumatic Stupor And Coma <1 Hour Without Cc/Mcc","087","MS-DRG","","","","","","","facility","inpatient","","","","","","Ibc","Medicare Managed Care Plan","8589.05","","","","","","","fee schedule","8159.6","21495.45","MSDRG Base Rate"
"Traumatic Stupor And Coma <1 Hour Without Cc/Mcc","087","MS-DRG","","","","","","","facility","inpatient","","","","","","Wellcare","Medicare Managed Care Plan","9447.96","","","","","","","fee schedule","8159.6","21495.45","MSDRG Base Rate"
"Traumatic Stupor And Coma >1 Hour With Cc","083","MS-DRG","","","","","","","facility","inpatient","","","","","","Aetna","Medicare Managed Care Plan","","","[MSDRG Base Rate: FEE SCHEDULE] [Psych-Per Diem: 1065] [Rehab-Per Diem: 1598] [SNF-Per Diem: 365]","","","","0","other","","","No services performed during 15-month lookback period."
"Traumatic Stupor And Coma >1 Hour With Mcc","082","MS-DRG","","","","","","","facility","inpatient","","","","","","Ambetter","All Commercial Plans","","91","","","","","0","percent of total billed charges","","","No services performed during 15-month lookback period."
"Traumatic Stupor And Coma >1 Hour With Mcc","082","MS-DRG","","","","","","","facility","inpatient","","","","","","Ibc","Medicare Managed Care Plan","20765.19","","","","","","","fee schedule","19726.93","53711.6","MSDRG Base Rate"
"Treat Fx Distal Radial","25606","HCPCS","","","","","","","facility","outpatient","","","","","","Bcbs","Highmark Medicare Managed Care Plan","3359.03","","","","","","","fee schedule","3359.03","10607.46","APC"
"Treat ankle dislocation","27840","HCPCS","","","","","","","facility","outpatient","","","","","","Aetna","Medicare Managed Care Plan","274.55","","","","","","","fee schedule","253.23","799.67","APC"
"Treat ankle dislocation","27840","HCPCS","","","","","","","facility","outpatient","","","","","","Jefferson Health Plan","Health Partners Medicaid Managed Care/Aca Plan","799.67","","","","","","","fee schedule","253.23","799.67","APC"
"Treat big toe fracture","28490","HCPCS","","","","","","","facility","outpatient","","","","","","Bcbs","Highmark All Commercial Plans","393.3","","","","","","","fee schedule","253.23","799.67","Radiology"
"Treat big toe fracture","28495","HCPCS","","","","","","","facility","outpatient","","","","","","Amerihealth","Caritas Next Other Commercial Plan","426.49","","","","","","","fee schedule","253.23","799.67","Radiology"
"Treat big toe fracture","28505","HCPCS","","","","","","","facility","outpatient","","","","","","Aetna","Medicare Managed Care Plan","3641.9","","","","","","","fee schedule","3359.03","10607.46","APC"
"Treat clavicle dislocation","23520","HCPCS","","","","","","","facility","outpatient","","","","","","Bcbs","Highmark Wholecare Medicare Managed Care Plan","1911.41","","","","","","","fee schedule","1650.76","5212.93","APC"
"Treat clavicle dislocation","23525","HCPCS","","","","","","","facility","outpatient","","","","","","Amerihealth","Caritas Next Other Commercial Plan","426.49","","","","","","","fee schedule","253.23","799.67","Radiology"
"Treat clavicle dislocation","23525","HCPCS","","","","","","","facility","outpatient","","","","","","Bcbs","Highmark Health Options Medicare Managed Care Plan","273.22","","","","","","","fee schedule","253.23","799.67","APC"
"Treat clavicle dislocation","23550","HCPCS","","","","","","","facility","outpatient","","","","","","Amerihealth","Medicare Managed Care Plan","8468.58","","","","","","","fee schedule","7449.22","23523.84","APC"
"Treat craniofacial fracture","21432","HCPCS","","","","","","","facility","outpatient","","","","","","Aetna","Medicare Managed Care Plan","6589.06","","","","","","","fee schedule","6077.29","19191.43","APC"
"Treat craniofacial fracture","21432","HCPCS","","","","","","","facility","outpatient","","","","","","Bcbs","Highmark Health Options Medicare Managed Care Plan","6557.07","","","","","","","fee schedule","6077.29","19191.43","APC"
"Treat dislocation/fracture","23665","HCPCS","","","","","","","facility","outpatient","","","","","","Aetna","All Commercial Plans","2432.7","","","","","","","fee schedule","1650.76","5212.93","Radiology"
"Treat dislocation/fracture","23665","HCPCS","","","","","","","facility","outpatient","","","","","","Healthspring","Medicare Managed Care Plan","1737.64","","","","","","","fee schedule","1650.76","5212.93","APC"
"Treat elbow dislocation","24605","HCPCS","","","","","","","facility","outpatient","","","","","","Amerihealth","Caritas Next Other Commercial Plan","2780.23","","","","","","","fee schedule","1650.76","5212.93","Radiology"
"Treat elbow dislocation","24640","HCPCS","","","","","","","facility","outpatient","","","","","","Amerihealth","Medicare Managed Care Plan","287.88","","","","","","","fee schedule","253.23","799.67","APC"
"Treat elbow fracture","24587","HCPCS","","","","","","","facility","outpatient","","","","","","Amerihealth","Medicare Managed Care Plan","14983.77","","","","","","","fee schedule","13180.17","41621.58","APC"
"Treat elbow fracture","24635","HCPCS","","","","","","","facility","outpatient","","","","","","Aetna","Medicare Managed Care Plan","8076.52","","","","","","","fee schedule","7449.22","23523.84","APC"
"Treat finger fracture each","26725","HCPCS","","","","","","","facility","outpatient","","","","","","Amerihealth","Medicare Managed Care Plan","287.88","","","","","","","fee schedule","253.23","799.67","APC"
"Treat finger fracture each","26735","HCPCS","","","","","","","facility","outpatient","","","","","","Healthspring","Medicare Managed Care Plan","3535.82","","","","","","","fee schedule","3359.03","10607.46","APC"
"Treat finger fracture each","26750","HCPCS","","","","","","","facility","outpatient","","","","","","Jefferson Health Plan","Health Partners Medicaid Managed Care/Aca Plan","799.67","","","","","","","fee schedule","253.23","799.67","APC"
"Treat finger fracture each","26755","HCPCS","","","","","","","facility","outpatient","","","","","","Aetna","All Commercial Plans","373.18","","","","","","","fee schedule","253.23","799.67","Radiology"
"Treat finger fracture each","26755","HCPCS","","","","","","","facility","outpatient","","","","","","Ambetter","All Commercial Plans","399.83","","","","","","","fee schedule","253.23","799.67","Radiology"
"Treat foot dislocation","28540","HCPCS","","","","","","","facility","outpatient","","","","","","Aetna","All Commercial Plans","373.18","","","","","","","fee schedule","253.23","799.67","Radiology"
"Treat foot dislocation","28570","HCPCS","","","","","","","facility","outpatient","","","","","","Aetna","All Commercial Plans","373.18","","","","","","","fee schedule","253.23","799.67","Radiology"
"Treat foot dislocation","28600","HCPCS","","","","","","","facility","outpatient","","","","","","Bcbs","Highmark Health Options Medicare Managed Care Plan","273.22","","","","","","","fee schedule","253.23","799.67","APC"
"Treat foot dislocation","28600","HCPCS","","","","","","","facility","outpatient","","","","","","Healthspring","Medicare Managed Care Plan","266.56","","","","","","","fee schedule","253.23","799.67","APC"
"Treat forearm bone lesion","25035","HCPCS","","","","","","","facility","outpatient","","","","","","Aetna","Medicare Managed Care Plan","8076.52","","","","","","","fee schedule","7449.22","23523.84","APC"
"Treat forearm bone lesion","25035","HCPCS","","","","","","","facility","outpatient","","","","","","Bcbs","Highmark Medicare Managed Care Plan","7449.22","","","","","","","fee schedule","7449.22","23523.84","APC"
"Treat fracture of radius","25500","HCPCS","","","","","","","facility","outpatient","","","","","","Bcbs","Highmark All Commercial Plans","393.3","","","","","","","fee schedule","253.23","799.67","Radiology"
"Treat fracture of radius","25515","HCPCS","","","","","","","facility","outpatient","","","","","","Aetna","Medicare Managed Care Plan","8076.52","","","","","","","fee schedule","7449.22","23523.84","APC"
"Treat fracture of ulna","25545","HCPCS","","","","","","","facility","outpatient","","","","","","Bcbs","Highmark Health Options Medicare Managed Care Plan","8037.31","","","","","","","fee schedule","7449.22","23523.84","APC"
"Treat fracture of ulna","25545","HCPCS","","","","","","","facility","outpatient","","","","","","Jefferson Health Plan","Health Partners Medicaid Managed Care/Aca Plan","23523.84","","","","","","","fee schedule","7449.22","23523.84","APC"
"Treat fracture radius & ulna","25574","HCPCS","","","","","","","facility","outpatient","","","","","","Bcbs","Highmark Medicare Managed Care Plan","7449.22","","","","","","","fee schedule","7449.22","23523.84","APC"
"Treat fracture radius/ulna","25600","HCPCS","","","","","","","facility","outpatient","","","","","","Jefferson Health Plan","Health Partners Medicare Managed Care Plan","279.88","","","","","","","fee schedule","253.23","799.67","APC"
"Treat fracture radius/ulna","25605","HCPCS","","","","","","","facility","outpatient","","","","","","Bcbs","Highmark All Commercial Plans","2563.89","","","","","","","fee schedule","1650.76","5212.93","Radiology"
"Treat hand bone lesion","26034","HCPCS","","","","","","","facility","outpatient","","","","","","Bcbs","Highmark Wholecare Medicare Managed Care Plan","1911.41","","","","","","","fee schedule","1650.76","5212.93","APC"
"Treat hand dislocation","26675","HCPCS","","","","","","","facility","outpatient","","","","","","Amerihealth","Caritas Next Other Commercial Plan","2780.23","","","","","","","fee schedule","1650.76","5212.93","Radiology"
"Treat hip dislocation","27252","HCPCS","","","","","","","facility","outpatient","","","","","","Aetna","All Commercial Plans","2432.7","","","","","","","fee schedule","1650.76","5212.93","Radiology"
"Treat hip dislocation","27254","HCPCS","","","","","","","facility","outpatient","","","","","","Healthspring","Medicare Managed Care Plan","7841.28","","","","","","","fee schedule","7449.22","23523.84","APC"
"Treat hip dislocation","27254","HCPCS","","","","","","","facility","outpatient","","","","","","Jefferson Health Plan","Health Partners Medicaid Managed Care/Aca Plan","23523.84","","","","","","","fee schedule","7449.22","23523.84","APC"
"Treat hip dislocation","27266","HCPCS","","","","","","","facility","outpatient","","","","","","Bcbs","Highmark All Commercial Plans","2563.89","","","","","","","fee schedule","1650.76","5212.93","Radiology"
"Treat humerus fracture","23605","HCPCS","","","","","","","facility","outpatient","","","","","","Amerihealth","Caritas Next Other Commercial Plan","2780.23","","","","","","","fee schedule","1650.76","5212.93","Radiology"
"Treat humerus fracture","23620","HCPCS","","","","","","","facility","outpatient","","","","","","Ambetter","All Commercial Plans","399.83","","","","","","","fee schedule","253.23","799.67","Radiology"
"Treat humerus fracture","24515","HCPCS","","","","","","","facility","outpatient","","","","","","Amerihealth","Caritas Next Other Commercial Plan","22198.18","","","","","","","fee schedule","13180.17","41621.58","Radiology"
"Treat humerus fracture","24530","HCPCS","","","","","","","facility","outpatient","","","","","","Aetna","All Commercial Plans","373.18","","","","","","","fee schedule","253.23","799.67","Radiology"
"Treat humerus fracture","24538","HCPCS","","","","","","","facility","outpatient","","","","","","Amerihealth","Medicare Managed Care Plan","8468.58","","","","","","","fee schedule","7449.22","23523.84","APC"
"Treat humerus fracture","24538","HCPCS","","","","","","","facility","outpatient","","","","","","Bcbs","Highmark Medicare Managed Care Plan","7449.22","","","","","","","fee schedule","7449.22","23523.84","APC"
"Treat humerus fracture","24546","HCPCS","","","","","","","facility","outpatient","","","","","","Bcbs","Highmark Health Options Medicare Managed Care Plan","14220.71","","","","","","","fee schedule","13180.17","41621.58","APC"
"Treat humerus fracture","24566","HCPCS","","","","","","","facility","outpatient","","","","","","Healthspring","Medicare Managed Care Plan","1737.64","","","","","","","fee schedule","1650.76","5212.93","APC"
"Treat humerus fracture","24566","HCPCS","","","","","","","facility","outpatient","","","","","","Jefferson Health Plan","Health Partners Medicaid Managed Care/Aca Plan","5212.93","","","","","","","fee schedule","1650.76","5212.93","APC"
"Treat kneecap fracture","27524","HCPCS","","","","","","","facility","outpatient","","","","","","Aetna","All Commercial Plans","10977.79","","","","","","","fee schedule","7449.22","23523.84","Radiology"
"Treat knuckle dislocation","26700","HCPCS","","","","","","","facility","outpatient","","","","","","Amerihealth","Caritas Next Other Commercial Plan","426.49","","","","","","","fee schedule","253.23","799.67","Radiology"
"Treat knuckle dislocation","26715","HCPCS","","","","","","","facility","outpatient","","","","","","Amerihealth","Medicare Managed Care Plan","3818.69","","","","","","","fee schedule","3359.03","10607.46","APC"
"Treat knuckle dislocation","26715","HCPCS","","","","","","","facility","outpatient","","","","","","Bcbs","Highmark All Commercial Plans","5217.1","","","","","","","fee schedule","3359.03","10607.46","Radiology"
"Treat lower jaw fracture","21451","HCPCS","","","","","","","facility","outpatient","","","","","","Amerihealth","Caritas Next Other Commercial Plan","2682.7","","","","","","","fee schedule","1592.85","5030.06","Radiology"
"Treat lower jaw fracture","21454","HCPCS","","","","","","","facility","outpatient","","","","","","Bcbs","Highmark Health Options Medicare Managed Care Plan","6557.07","","","","","","","fee schedule","6077.29","19191.43","APC"
"Treat lower jaw fracture","21465","HCPCS","","","","","","","facility","outpatient","","","","","","Bcbs","Highmark Wholecare Medicare Managed Care Plan","7036.86","","","","","","","fee schedule","6077.29","19191.43","APC"
"Treat lower leg fracture","27825","HCPCS","","","","","","","facility","outpatient","","","","","","Aetna","All Commercial Plans","2432.7","","","","","","","fee schedule","1650.76","5212.93","Radiology"
"Treat lower leg fracture","27828","HCPCS","","","","","","","facility","outpatient","","","","","","Healthspring","Medicare Managed Care Plan","13873.86","","","","","","","fee schedule","13180.17","41621.58","APC"
"Treat lower leg joint","27829","HCPCS","","","","","","","facility","outpatient","","","","","","Amerihealth","Medicare Managed Care Plan","8468.58","","","","","","","fee schedule","7449.22","23523.84","APC"
"Treat midfoot fracture each","28450","HCPCS","","","","","","","facility","outpatient","","","","","","Bcbs","Highmark Medicare Managed Care Plan","253.23","","","","","","","fee schedule","253.23","799.67","APC"
"Treat midfoot fracture each","28465","HCPCS","","","","","","","facility","outpatient","","","","","","Bcbs","Highmark Wholecare Medicare Managed Care Plan","8625.41","","","","","","","fee schedule","7449.22","23523.84","APC"
"Treat mouth roof fracture","21421","HCPCS","","","","","","","facility","outpatient","","","","","","Bcbs","Highmark Health Options Medicare Managed Care Plan","3672.35","","","","","","","fee schedule","3403.64","10748.35","APC"
"Treat mouth roof fracture","21423","HCPCS","","","","","","","facility","outpatient","","","","","","Amerihealth","Medicare Managed Care Plan","6908.91","","","","","","","fee schedule","6077.29","19191.43","APC"
"Treat odontoid fx w/o graft","22318","HCPCS","","","","","","","facility","outpatient","","","","","","Aetna","All Commercial Plans","19423.4","","","","","","","fee schedule","13180.17","41621.58","Radiology"
"Treat odontoid fx w/o graft","22318","HCPCS","","","","","","","facility","outpatient","","","","","","Amerihealth","Caritas Next Other Commercial Plan","22198.18","","","","","","","fee schedule","13180.17","41621.58","Radiology"
"Treat sesamoid bone fracture","28531","HCPCS","","","","","","","facility","outpatient","","","","","","Jefferson Health Plan","Health Partners Medicaid Managed Care/Aca Plan","23523.84","","","","","","","fee schedule","7449.22","23523.84","APC"
"Treat slipped epiphysis","27175","HCPCS","","","","","","","facility","outpatient","","","","","","Amerihealth","Caritas Next Other Commercial Plan","5657.31","","","","","","","fee schedule","3359.03","10607.46","Radiology"
"Treat slipped epiphysis","27175","HCPCS","","","","","","","facility","outpatient","","","","","","Bcbs","Highmark Health Options Medicare Managed Care Plan","3624.22","","","","","","","fee schedule","3359.03","10607.46","APC"
"Treat slipped epiphysis","27178","HCPCS","","","","","","","facility","outpatient","","","","","","Bcbs","Highmark All Commercial Plans","5217.1","","","","","","","fee schedule","3359.03","10607.46","Radiology"
"Treat slipped epiphysis","27178","HCPCS","","","","","","","facility","outpatient","","","","","","Jefferson Health Plan","Health Partners Medicaid Managed Care/Aca Plan","10607.46","","","","","","","fee schedule","3359.03","10607.46","APC"
"Treat slipped epiphysis","27181","HCPCS","","","","","","","facility","outpatient","","","","","","Aetna","All Commercial Plans","10977.79","","","","","","","fee schedule","7449.22","23523.84","Radiology"
"Treat spinal canal lesion","62282","HCPCS","","","","","","","facility","outpatient","","","","","","Bcbs","Highmark Wholecare Medicare Managed Care Plan","1051.37","","","","","","","fee schedule","908","2867.36","APC"
"Treat spinal cord lesion","62280","HCPCS","","","","","","","facility","outpatient","","","","","","Bcbs","Highmark All Commercial Plans","1410.26","","","","","","","fee schedule","908","2867.36","Radiology"
"Treat spine fracture","22325","HCPCS","","","","","","","facility","outpatient","","","","","","Jefferson Health Plan","Health Partners Medicare Managed Care Plan","14567.55","","","","","","","fee schedule","13180.17","41621.58","APC"
"Treat tail bone fracture","27200","HCPCS","","","","","","","facility","outpatient","","","","","","Amerihealth","Medicare Managed Care Plan","287.88","","","","","","","fee schedule","253.23","799.67","APC"
"Treat tail bone fracture","27200","HCPCS","","","","","","","facility","outpatient","","","","","","Jefferson Health Plan","Health Partners Medicare Managed Care Plan","279.88","","","","","","","fee schedule","253.23","799.67","APC"
"Treat tail bone fracture","27202","HCPCS","","","","","","","facility","outpatient","","","","","","Bcbs","Highmark Health Options Medicare Managed Care Plan","3624.22","","","","","","","fee schedule","3359.03","10607.46","APC"
"Treat thigh fracture","27230","HCPCS","","","","","","","facility","outpatient","","","","","","Ambetter","All Commercial Plans","399.83","","","","","","","fee schedule","253.23","799.67","Radiology"
"Treat thigh fracture","27230","HCPCS","","","","","","","facility","outpatient","","","","","","Healthspring","Medicare Managed Care Plan","266.56","","","","","","","fee schedule","253.23","799.67","APC"
"Treat thigh fracture","27232","HCPCS","","","","","","","facility","outpatient","","","","","","Jefferson Health Plan","Health Partners Medicare Managed Care Plan","1824.53","","","","","","","fee schedule","1650.76","5212.93","APC"
"Treat thigh fracture","27235","HCPCS","","","","","","","facility","outpatient","","","","","","Jefferson Health Plan","Health Partners Medicare Managed Care Plan","8233.34","","","","","","","fee schedule","7449.22","23523.84","APC"
"Treat thigh fracture","27238","HCPCS","","","","","","","facility","outpatient","","","","","","Jefferson Health Plan","Health Partners Medicaid Managed Care/Aca Plan","5212.93","","","","","","","fee schedule","1650.76","5212.93","APC"
"Treat thigh fracture","27245","HCPCS","","","","","","","facility","outpatient","","","","","","Bcbs","Highmark All Commercial Plans","11569.81","","","","","","","fee schedule","7449.22","23523.84","Radiology"
"Treat thigh fracture","27246","HCPCS","","","","","","","facility","outpatient","","","","","","Amerihealth","Caritas Next Other Commercial Plan","426.49","","","","","","","fee schedule","253.23","799.67","Radiology"
"Treat thigh fx growth plate","27519","HCPCS","","","","","","","facility","outpatient","","","","","","Bcbs","Highmark Medicare Managed Care Plan","7449.22","","","","","","","fee schedule","7449.22","23523.84","APC"
"Treat toe dislocation","28660","HCPCS","","","","","","","facility","outpatient","","","","","","Bcbs","Highmark Wholecare Medicare Managed Care Plan","293.21","","","","","","","fee schedule","253.23","799.67","APC"
"Treat toe fracture","28525","HCPCS","","","","","","","facility","outpatient","","","","","","Bcbs","Highmark Medicare Managed Care Plan","3359.03","","","","","","","fee schedule","3359.03","10607.46","APC"
"Treat trigeminal nerve","61790","HCPCS","","","","","","","facility","outpatient","","","","","","Bcbs","Highmark Health Options Medicare Managed Care Plan","2162.93","","","","","","","fee schedule","2004.66","6330.52","APC"
"Treat trigeminal nerve","61790","HCPCS","","","","","","","facility","outpatient","","","","","","Bcbs","Highmark Wholecare Medicare Managed Care Plan","2321.19","","","","","","","fee schedule","2004.66","6330.52","APC"
"Treat trigeminal tract","61791","HCPCS","","","","","","","facility","outpatient","","","","","","Aetna","All Commercial Plans","2954.24","","","","","","","fee schedule","2004.66","6330.52","Radiology"
"Treat wrist bone fracture","25624","HCPCS","","","","","","","facility","outpatient","","","","","","Ambetter","All Commercial Plans","2606.47","","","","","","","fee schedule","1650.76","5212.93","Radiology"
"Treat wrist bone fracture","25635","HCPCS","","","","","","","facility","outpatient","","","","","","Bcbs","Highmark Health Options Medicare Managed Care Plan","1781.08","","","","","","","fee schedule","1650.76","5212.93","APC"
"Treat wrist bone fracture","25650","HCPCS","","","","","","","facility","outpatient","","","","","","Ambetter","All Commercial Plans","399.83","","","","","","","fee schedule","253.23","799.67","Radiology"
"Treat wrist dislocation","25670","HCPCS","","","","","","","facility","outpatient","","","","","","Aetna","Medicare Managed Care Plan","8076.52","","","","","","","fee schedule","7449.22","23523.84","APC"
"Treat wrist dislocation","25675","HCPCS","","","","","","","facility","outpatient","","","","","","Bcbs","Highmark Medicare Managed Care Plan","253.23","","","","","","","fee schedule","253.23","799.67","APC"
"Treat wrist fracture","25680","HCPCS","","","","","","","facility","outpatient","","","","","","Jefferson Health Plan","Health Partners Medicare Managed Care Plan","279.88","","","","","","","fee schedule","253.23","799.67","APC"
"Treatment mouth roof lesion","42160","HCPCS","","","","","","","facility","outpatient","","","","","","Amerihealth","Medicare Managed Care Plan","3869.41","","","","","","","fee schedule","3403.64","10748.35","APC"
"Treatment of ankle fracture","27786","HCPCS","","","","","","","facility","outpatient","","","","","","Bcbs","Highmark Medicare Managed Care Plan","253.23","","","","","","","fee schedule","253.23","799.67","APC"
"Treatment of ankle fracture","27810","HCPCS","","","","","","","facility","outpatient","","","","","","Aetna","All Commercial Plans","2432.7","","","","","","","fee schedule","1650.76","5212.93","Radiology"
"Treatment of ankle fracture","27810","HCPCS","","","","","","","facility","outpatient","","","","","","Jefferson Health Plan","Health Partners Medicaid Managed Care/Aca Plan","5212.93","","","","","","","fee schedule","1650.76","5212.93","APC"
"Treatment of ankle fracture","27816","HCPCS","","","","","","","facility","outpatient","","","","","","Bcbs","Highmark Health Options Medicare Managed Care Plan","273.22","","","","","","","fee schedule","253.23","799.67","APC"
"Treatment of ankle fracture","27818","HCPCS","","","","","","","facility","outpatient","","","","","","Aetna","All Commercial Plans","2432.7","","","","","","","fee schedule","1650.76","5212.93","Radiology"
"Treatment of ankle fracture","27822","HCPCS","","","","","","","facility","outpatient","","","","","","Bcbs","Highmark All Commercial Plans","11569.81","","","","","","","fee schedule","7449.22","23523.84","Radiology"
"Treatment of ankle fracture","28435","HCPCS","","","","","","","facility","outpatient","","","","","","Amerihealth","Caritas Next Other Commercial Plan","2780.23","","","","","","","fee schedule","1650.76","5212.93","Radiology"
"Treatment of ankle fracture","28436","HCPCS","","","","","","","facility","outpatient","","","","","","Healthspring","Medicare Managed Care Plan","7841.28","","","","","","","fee schedule","7449.22","23523.84","APC"
"Treatment of eyelid lesions","68040","HCPCS","","","","","","","facility","outpatient","","","","","","Bcbs","Highmark Health Options Medicare Managed Care Plan","351.57","","","","","","","fee schedule","325.85","1028.99","APC"
"Treatment of fibula fracture","27780","HCPCS","","","","","","","facility","outpatient","","","","","","Amerihealth","Medicare Managed Care Plan","287.88","","","","","","","fee schedule","253.23","799.67","APC"
"Treatment of fibula fracture","27784","HCPCS","","","","","","","facility","outpatient","","","","","","Aetna","All Commercial Plans","10977.79","","","","","","","fee schedule","7449.22","23523.84","Radiology"
"Treatment of gum lesion","41850","HCPCS","","","","","","","facility","outpatient","","","","","","Amerihealth","Caritas Next Other Commercial Plan","2682.7","","","","","","","fee schedule","1592.85","5030.06","Radiology"
"Treatment of penis lesion","54110","HCPCS","","","","","","","facility","outpatient","","","","","","Jefferson Health Plan","Health Partners Medicaid Managed Care/Aca Plan","11427.6","","","","","","","fee schedule","3618.74","11427.6","APC"
"Treatment of penis lesion","54115","HCPCS","","","","","","","facility","outpatient","","","","","","Amerihealth","Caritas Next Other Commercial Plan","5022.27","","","","","","","fee schedule","2981.98","9416.76","Radiology"
"Treatment of rectal prolapse","45520","HCPCS","","","","","","","facility","outpatient","","","","","","Bcbs","Highmark All Commercial Plans","1482.79","","","","","","","fee schedule","954.69","3014.82","Radiology"
"Treatment of retina","67141","HCPCS","","","","","","","facility","outpatient","","","","","","Bcbs","Highmark Wholecare Medicare Managed Care Plan","377.3","","","","","","","fee schedule","325.85","1028.99","APC"
"Treatment of thigh fracture","27503","HCPCS","","","","","","","facility","outpatient","","","","","","Bcbs","Highmark Medicare Managed Care Plan","1650.76","","","","","","","fee schedule","1650.76","5212.93","APC"
"Treatment of thigh fracture","27506","HCPCS","","","","","","","facility","outpatient","","","","","","Aetna","All Commercial Plans","10977.79","","","","","","","fee schedule","7449.22","23523.84","Radiology"
"Treatment of thigh fracture","27506","HCPCS","","","","","","","facility","outpatient","","","","","","Jefferson Health Plan","Health Partners Medicaid Managed Care/Aca Plan","23523.84","","","","","","","fee schedule","7449.22","23523.84","APC"
"Treatment of thigh fracture","27511","HCPCS","","","","","","","facility","outpatient","","","","","","Bcbs","Highmark All Commercial Plans","20470.88","","","","","","","fee schedule","13180.17","41621.58","Radiology"
"Treatment of tibia fracture","27750","HCPCS","","","","","","","facility","outpatient","","","","","","Amerihealth","Medicare Managed Care Plan","287.88","","","","","","","fee schedule","253.23","799.67","APC"
"Treatment of tibia fracture","27750","HCPCS","","","","","","","facility","outpatient","","","","","","Bcbs","Highmark Wholecare Medicare Managed Care Plan","293.21","","","","","","","fee schedule","253.23","799.67","APC"
"Treatment of tibia fracture","27752","HCPCS","","","","","","","facility","outpatient","","","","","","Bcbs","Highmark Wholecare Medicare Managed Care Plan","1911.41","","","","","","","fee schedule","1650.76","5212.93","APC"
"Treatment of tibia fracture","27758","HCPCS","","","","","","","facility","outpatient","","","","","","Amerihealth","Caritas Next Other Commercial Plan","22198.18","","","","","","","fee schedule","13180.17","41621.58","Radiology"
"Treatment of tibia fracture","27758","HCPCS","","","","","","","facility","outpatient","","","","","","Jefferson Health Plan","Health Partners Medicaid Managed Care/Aca Plan","41621.58","","","","","","","fee schedule","13180.17","41621.58","APC"
"Treatment of tibia fracture","27759","HCPCS","","","","","","","facility","outpatient","","","","","","Jefferson Health Plan","Health Partners Medicaid Managed Care/Aca Plan","41621.58","","","","","","","fee schedule","13180.17","41621.58","APC"
"Treatment of urethra lesion","53220","HCPCS","","","","","","","facility","outpatient","","","","","","Bcbs","Highmark Health Options Medicare Managed Care Plan","3904.43","","","","","","","fee schedule","3618.74","11427.6","APC"
"Treatment of urethra lesion","53260","HCPCS","","","","","","","facility","outpatient","","","","","","Healthspring","Medicare Managed Care Plan","3809.2","","","","","","","fee schedule","3618.74","11427.6","APC"
"Treponema pallidum ag if","87285","HCPCS","","","","","","","facility","outpatient","","","","","","Aetna","Medicare Managed Care Plan","12.55","","","","","","","fee schedule","7.92","36.54","APC"
"Trgt gen seq dna 324 genes","0037U","HCPCS","","","","","","","facility","outpatient","","","","","","Cigna","All Commercial Plans","2275","","","","","","","fee schedule","2275","10500",""
"Trichinella antibody","86784","HCPCS","","","","","","","facility","outpatient","","","","","","Bcbs","Highmark Health Options Medicare Managed Care Plan","12.87","","","","","","","fee schedule","8.16","37.68","APC"
"Trichomonas assay w/optic","87808","HCPCS","","","","","","","facility","outpatient","","","","","","Bcbs","Highmark Medicare Managed Care Plan","14.53","","","","","","","fee schedule","9.94","45.87","APC"
"Trichomonas vaginalis amplif","87661","HCPCS","","","","","","","facility","outpatient","","","","","","Ambetter","All Commercial Plans","52.64","","","","","","","fee schedule","22.81","105.27","Radiology"
"Trichomonas vaginalis amplif","87661","HCPCS","","","","","","","facility","outpatient","","","","","","Bcbs","Highmark Health Options Medicare Managed Care Plan","35.97","","","","","","","fee schedule","22.81","105.27","APC"
"Trim nail(s) any number","11719","HCPCS","","","","","","","facility","outpatient","","","","","","Jefferson Health Plan","Health Partners Medicare Managed Care Plan","66.94","","","","","","","fee schedule","60.56","191.25","APC"
"Trim skin lesion","11055","HCPCS","","","","","","","facility","outpatient","","","","","","Bcbs","Highmark All Commercial Plans","319.91","","","","","","","fee schedule","205.97","650.43","Radiology"
"Trluml balo angiop 1st vein","37248","HCPCS","","","","","","","facility","outpatient","","","","","","Jefferson Health Plan","Health Partners Medicaid Managed Care/Aca Plan","18451.42","","","","","","","fee schedule","5842.95","18451.42","APC"
"Trluml perip athrc abd aorta","0236T","HCPCS","","","","","","","facility","outpatient","","","","","","Amerihealth","Caritas Next Other Commercial Plan","19959.99","","","","","","","fee schedule","11851.24","37424.98","Radiology"
"Trluml perip athrc iliac art","0238T","HCPCS","","","","","","","facility","outpatient","","","","","","Jefferson Health Plan","Health Partners Medicaid Managed Care/Aca Plan","59429.13","","","","","","","fee schedule","18819.22","59429.13","APC"
"Trml dstrj ios bvn 1st 2 l/s","64628","HCPCS","","","","","","","facility","outpatient","","","","","","Bcbs","Highmark Wholecare Medicare Managed Care Plan","15261.25","","","","","","","fee schedule","13180.17","41621.58","APC"
"Trml dstrj ios bvn 1st 2 l/s","64628","HCPCS","","","","","","","facility","outpatient","","","","","","Healthspring","Medicare Managed Care Plan","13873.86","","","","","","","fee schedule","13180.17","41621.58","APC"
"Trnspl med antb nohla 39trgt","0581U","HCPCS","","","","","","","facility","outpatient","","","","","","Bcbs","Highmark All Commercial Plans","480.72","","","","","","","fee schedule","309.51","977.4","Radiology"
"Trnspl rej kdn mrna qpcr 139","81558","HCPCS","","","","","","","facility","outpatient","","","","","","First Health","Delaware Medicaid Managed Care Plan","3564","","","","","","","fee schedule","3078","9720","Laboratory"
"Trnsplj don-drv cll-fr dna","0118U","HCPCS","","","","","","","facility","outpatient","","","","","","Amerihealth","Medicare Managed Care Plan","2973.51","","","","","","","fee schedule","2615.59","8259.75","APC"
"Trnsplj med quan dd-cfdna","0540U","HCPCS","","","","","","","facility","outpatient","","","","","","Jefferson Health Plan","Health Partners Medicare Managed Care Plan","2890.91","","","","","","","fee schedule","2615.59","8259.75","APC"
"Trnsplj pd lvr&bwl cd154+cll","81560","HCPCS","","","","","","","facility","outpatient","","","","","","Bcbs","Highmark All Commercial Plans","945.4","","","","","","","fee schedule","608.69","1922.19","Radiology"
"Trurl dstrj prst8 tiss rf wv","53854","HCPCS","","","","","","","facility","outpatient","","","","","","Healthspring","Medicare Managed Care Plan","3809.2","","","","","","","fee schedule","3618.74","11427.6","APC"
"Tte w or w/o fol w/cont, f/u","C8922","HCPCS","","","","","","","facility","outpatient","","","","","","Ambetter","All Commercial Plans","1270.69","","","","","","","fee schedule","804.77","2541.38","Radiology"
"Tte w/o doppler complete","93307","HCPCS","","","","","","","facility","outpatient","","","","","","Aetna","Medicare Managed Care Plan","265.58","","","","","","","fee schedule","244.95","773.52","APC"
"Tumor imaging limited area","78800","HCPCS","","","","","","","facility","outpatient","","","","","","Amerihealth","Medicare Managed Care Plan","466.56","","","","","","","fee schedule","410.4","1296.01","APC"
"Tumor imaging mult areas","78801","HCPCS","","","","","","","facility","outpatient","","","","","","Bcbs","Highmark Health Options Medicare Managed Care Plan","442.8","","","","","","","fee schedule","410.4","1296.01","APC"
"Tumor imaging whole body","78802","HCPCS","","","","","","","facility","outpatient","","","","","","Ambetter","All Commercial Plans","880.12","","","","","","","fee schedule","557.41","2335.59","Radiology"
"Tumor imaging whole body","78804","HCPCS","","","","","","","facility","outpatient","","","","","","Bcbs","Highmark Medicare Managed Care Plan","557.41","","","","","","","fee schedule","557.41","2335.59","APC"
"Tx atrial fib pulm vein isol","93656","HCPCS","","","","","","","facility","outpatient","","","","","","Jefferson Health Plan","Health Partners Medicare Managed Care Plan","29657.61","","","","","","","fee schedule","26833.08","84736.03","APC"
"Tx contour defects 1.1-5.0cc","11951","HCPCS","","","","","","","facility","outpatient","","","","","","Aetna","Medicare Managed Care Plan","822.62","","","","","","","fee schedule","758.73","2395.99","APC"
"Tx contour defects >10.0 cc","11954","HCPCS","","","","","","","facility","outpatient","","","","","","Bcbs","Highmark Medicare Managed Care Plan","758.73","","","","","","","fee schedule","758.73","2395.99","APC"
"Tx/proph/dg addl seq iv inf","96367","HCPCS","","","","","","","facility","outpatient","","","","","","Aetna","Medicare Managed Care Plan","80.14","","","","","","","fee schedule","73.92","233.42","APC"
"Tx/proph/dg addl seq iv inf","96367","HCPCS","","","","","","","facility","outpatient","","","","","","Healthspring","Medicare Managed Care Plan","77.81","","","","","","","fee schedule","73.92","233.42","APC"
"Tyrosinemia typ i mntr quan","0383U","HCPCS","","","","","","","facility","outpatient","","","","","","Bcbs","Highmark Medicare Managed Care Plan","49.45","","","","","","","fee schedule","49.45","156.15","APC"
"U-PLATE, LISFRANC SMALL LT","OperWmSup118330","CDM","278","RC","C1713","HCPCS","","","facility","both","","","","11341.6","11341.6","","","","","","","","","","","","","Gross Charge Type: Main Acute Price List"
"UHBAG - HISTOPLASMA/BLASTOMYCES AG, EIA, U","CHEMSN1044","CDM","306","RC","87449","HCPCS","","","facility","both","","","","224.06","224.06","","","","","","","","","","","","","Gross Charge Type: Main Acute Price List"
"UHBAG - HISTOPLASMA/BLASTOMYCES AG, EIA, U","ChemWm1044","CDM","306","RC","87449","HCPCS","","","facility","both","","","","224.06","224.06","","","","","","","","","","","","","Gross Charge Type: Main Acute Price List"
"ULTRA TAG INJ PER STUDY DOSE","Wilm424521","CDM","343","RC","A9560","HCPCS","69945-0068-20","NDC","facility","both","1","EA","","559.81","559.81","","","","","","","","","","","","","Gross Charge Type: Main Acute Price List | NDC EA = 1.0000 UN"
"ULTRASOUND,FB LOC LIM PF","Chrs49P2253","CDM","972","RC","76529","HCPCS","","","facility","both","","","2652","148.16","148.16","","","","","","","","","","","","","Gross Charge Type: Main Acute Price List | The modified price is presented in the standard charge value. | Modifier 26: Professional Component | Modifier 52: Reduced Services"
"UMBILICAL,ELECTRICAL","OperWmSup52677","CDM","272","RC","","","","","facility","both","","","","1324.34","1324.34","","","","","","","","","","","","","Gross Charge Type: Main Acute Price List"
"UNIVERSAL HEMI SLING","OcthSp1710","CDM","270","RC","","","","","facility","both","","","","183.11","183.11","","","","","","","","","","","","","Gross Charge Type: Main Acute Price List"
"URETHROCYSTOGRAPHY,RETROGRADE,RS&I GLP","CPCM542962","CDM","320","RC","74450","HCPCS","","","facility","both","","","TC","394.17","394.17","","","","","","","","","","","","","Gross Charge Type: Acute Discounted | The modified price is presented in the standard charge value. | Modifier TC: Technical Component; represents the costs of equipment, supplies, and technician personnel for a procedure, excluding the physician's interpretation. It is used when only the technical portion of a test is billed, typically by hospitals, imaging centers, or independent diagnostic testing facilities"
"URETHROCYSTOGRAPHY,RETROGRADE,RS&I GLP","Ccsb542962","CDM","320","RC","74450","HCPCS","","","facility","both","","","TC","394.17","394.17","","","","","","","","","","","","","Gross Charge Type: Acute Discounted | The modified price is presented in the standard charge value. | Modifier TC: Technical Component; represents the costs of equipment, supplies, and technician personnel for a procedure, excluding the physician's interpretation. It is used when only the technical portion of a test is billed, typically by hospitals, imaging centers, or independent diagnostic testing facilities"
"URETHROCYSTOGRAPHY,RETROGRADE,RS&I GLP","FcinXR2962","CDM","320","RC","74450","HCPCS","","","facility","both","","","TC","512.29","512.29","","","","","","","","","","","","","Gross Charge Type: Main Acute Price List | The modified price is presented in the standard charge value. | Modifier TC: Technical Component; represents the costs of equipment, supplies, and technician personnel for a procedure, excluding the physician's interpretation. It is used when only the technical portion of a test is billed, typically by hospitals, imaging centers, or independent diagnostic testing facilities"
"URETHROCYSTOGRAPHY,RETROGRADE,RS&I GLP","HcccXR2962","CDM","320","RC","74450","HCPCS","","","facility","both","","","TC","394.17","394.17","","","","","","","","","","","","","Gross Charge Type: Acute Discounted | The modified price is presented in the standard charge value. | Modifier TC: Technical Component; represents the costs of equipment, supplies, and technician personnel for a procedure, excluding the physician's interpretation. It is used when only the technical portion of a test is billed, typically by hospitals, imaging centers, or independent diagnostic testing facilities"
"URETHROCYSTOGRAPHY,VOIDING,RS&I GLP","HcccXR5635","CDM","320","RC","74455","HCPCS","","","facility","both","","","TC","554.92","554.92","","","","","","","","","","","","","Gross Charge Type: Main Acute Price List | The modified price is presented in the standard charge value. | Modifier TC: Technical Component; represents the costs of equipment, supplies, and technician personnel for a procedure, excluding the physician's interpretation. It is used when only the technical portion of a test is billed, typically by hospitals, imaging centers, or independent diagnostic testing facilities"
"URIC ACID,BLOOD","CHEMCL4379","CDM","301","RC","84550","HCPCS","","","facility","both","","","","41.24","41.24","","","","","","","","","","","","","Gross Charge Type: Main Acute Price List"
"URIC ACID,BLOOD","CHEMNR4379","CDM","301","RC","84550","HCPCS","","","facility","both","","","","41.24","41.24","","","","","","","","","","","","","Gross Charge Type: Main Acute Price List"
"UROGRAPHY,ANTEGRADE,RS&I GLR","Chhn546690","CDM","320","RC","74425","HCPCS","","","facility","both","","","","392.08","392.08","","","","","","","","","","","","","Gross Charge Type: Main Acute Price List"
"UROGRAPHY,INTRAVENOUS,W/WO KUB,W/WO TOMOGRAPHY PFR","Rdpf54P2857","CDM","975","RC","74400","HCPCS","","","facility","both","","","26","111.82","111.82","","","","","","","","","","","","","Gross Charge Type: Main Acute Price List | The modified price is presented in the standard charge value. | Modifier 26: Professional Component"
"US GUID,NEEDLE PLACEMENT,RS&I GLP","MiddVS1015","CDM","402","RC","76942","HCPCS","","","facility","both","","","","410.94","410.94","","","","","","","","","","","","","Gross Charge Type: Acute Discounted"
"US GUID,NEEDLE PLACEMENT,RS&I NR","Caaw437180","CDM","402","RC","76942","HCPCS","","","facility","both","","","","533.96","533.96","","","","","","","","","","","","","Gross Charge Type: Main Acute Price List"
"US GUID,NEEDLE PLACEMENT,RS&I NR","Wilm397180","CDM","402","RC","76942","HCPCS","","","facility","both","","","","410.94","410.94","","","","","","","","","","","","","Gross Charge Type: Acute Discounted"
"US, BACK/CHEST - SOFT TISSUE/MASS GLR","MiddUs1659","CDM","402","RC","76604","HCPCS","","","facility","both","","","52","452.88","452.88","","","","","","","","","","","","","Gross Charge Type: Main Acute Price List | The modified price is presented in the standard charge value. | Modifier 52: Reduced Services"
"US,AAA SCREENING GLB","CDM13913224","CDM","402","RC","76706","HCPCS","","","facility","both","","","","79.67","79.67","","","","","","","","","","","","","Gross Charge Type: Main Acute Price List"
"US,AAA SCREENING GLB","CcsbUS13224","CDM","402","RC","76706","HCPCS","","","facility","both","","","","79.67","79.67","","","","","","","","","","","","","Gross Charge Type: Main Acute Price List"
"US,AAA SCREENING GLR","Chrs4723224","CDM","402","RC","76706","HCPCS","","","facility","both","","","","55","55","","","","","","","","","","","","","Gross Charge Type: Main Acute Hold PL"
"US,AAA SCREENING GLR","ChrsVS23224","CDM","402","RC","76706","HCPCS","","","facility","both","","","","73.22","73.22","","","","","","","","","","","","","Gross Charge Type: Main Acute Price List"
"US,AAA SCREENING GLR","Wilm4723224","CDM","402","RC","76706","HCPCS","","","facility","both","","","","73.22","73.22","","","","","","","","","","","","","Gross Charge Type: Main Acute Price List"
"US,AAA SCREENING PFR","CdpkPf393224","CDM","972","RC","76706","HCPCS","","","facility","both","","","26","101.34","101.34","","","","","","","","","","","","","Gross Charge Type: Main Acute Price List | The modified price is presented in the standard charge value. | Modifier 26: Professional Component"
"US,AAA SCREENING PFR","RdpfUSP3224","CDM","972","RC","76706","HCPCS","","","facility","both","","","26","70","70","","","","","","","","","","","","","Gross Charge Type: Main Acute Hold PL | The modified price is presented in the standard charge value. | Modifier 26: Professional Component"
"US,ABDOMINAL,W IMAGE DOCUM,COMPLETE GLR","Caaw431135","CDM","402","RC","76700","HCPCS","","","facility","both","","","","529.75","529.75","","","","","","","","","","","","","Gross Charge Type: Acute Discounted"
"US,ABDOMINAL,W IMAGE DOCUM,LIMITED GLR","Ccic471143","CDM","402","RC","76705","HCPCS","","","facility","both","","","","495.52","495.52","","","","","","","","","","","","","Gross Charge Type: Main Acute Price List"
"US,ABDOMINAL,W IMAGE DOCUM,LIMITED GLR","Chrs471143","CDM","402","RC","76705","HCPCS","","","facility","both","","","","381.6","381.6","","","","","","","","","","","","","Gross Charge Type: Acute Discounted"
"US,ABDOMINAL,W IMAGE DOCUM,LIMITED GLR","EmerCh76705","CDM","402","RC","76705","HCPCS","","","facility","both","","","","381.6","381.6","","","","","","","","","","","","","Gross Charge Type: Acute Discounted"
"US,BREAST,INCL AXILLA,COMPLETE,BIL GLR","CcimXR6120","CDM","402","RC","76641","HCPCS","","","facility","both","","","50","283.75","283.75","","","","","","","","","","","","","Gross Charge Type: Acute Discounted | The modified price is presented in the standard charge value. | Modifier 50: Bilateral Procedure"
"US,BREAST,INCL AXILLA,COMPLETE,BIL GLR","Chrs546120","CDM","402","RC","76641","HCPCS","","","facility","both","","","50","739.42","739.42","","","","","","","","","","","","","Gross Charge Type: Main Acute Price List | The modified price is presented in the standard charge value. | Modifier 50: Bilateral Procedure"
"US,BREAST,INCL AXILLA,COMPLETE,BIL GLR","RadiologyXrWm6120","CDM","402","RC","76641","HCPCS","","","facility","both","","","50","283.75","283.75","","","","","","","","","","","","","Gross Charge Type: Acute Discounted | The modified price is presented in the standard charge value. | Modifier 50: Bilateral Procedure"
"US,BREAST,INCL AXILLA,COMPLETE,BIL GLR","Wilm546120","CDM","402","RC","76641","HCPCS","","","facility","both","","","50","739.42","739.42","","","","","","","","","","","","","Gross Charge Type: Main Acute Price List | The modified price is presented in the standard charge value. | Modifier 50: Bilateral Procedure"
"US,BREAST,INCL AXILLA,COMPLETE,BIL PF","Rdpc54P6120","CDM","972","RC","76641","HCPCS","","","facility","both","","","5026","251.6","251.6","","","","","","","","","","","","","Gross Charge Type: Main Acute Price List | The modified price is presented in the standard charge value. | Modifier 50: Bilateral Procedure | Modifier 26: Professional Component"
"US,BREAST,INCL AXILLA,LIMITED,BIL GLR","BRML471524","CDM","402","RC","76642","HCPCS","","","facility","both","","","50","212.46","212.46","","","","","","","","","","","","","Gross Charge Type: Acute Discounted | The modified price is presented in the standard charge value. | Modifier 50: Bilateral Procedure"
"US,BREAST,INCL AXILLA,LIMITED,BIL GLR","Wilm471524","CDM","402","RC","76642","HCPCS","","","facility","both","","","50","212.46","212.46","","","","","","","","","","","","","Gross Charge Type: Acute Discounted | The modified price is presented in the standard charge value. | Modifier 50: Bilateral Procedure"
"US,BREAST,UNIL,W AXILLA,COMPLETE,LT GLR","Ccsb476101","CDM","402","RC","76641","HCPCS","","","facility","both","","","LT","283.75","283.75","","","","","","","","","","","","","Gross Charge Type: Acute Discounted | The modified price is presented in the standard charge value. | Modifier LT: Left side (used to identify procedures performed on the left side of the body)"
"US,BREAST,UNIL,W AXILLA,COMPLETE,LT GLR","Ccsb546101","CDM","402","RC","76641","HCPCS","","","facility","both","","","LT","369.71","369.71","","","","","","","","","","","","","Gross Charge Type: Main Acute Price List | The modified price is presented in the standard charge value. | Modifier LT: Left side (used to identify procedures performed on the left side of the body)"
"US,BREAST,UNIL,W AXILLA,COMPLETE,LT GLR","Ccsp546101","CDM","402","RC","76641","HCPCS","","","facility","both","","","LT","369.71","369.71","","","","","","","","","","","","","Gross Charge Type: Main Acute Price List | The modified price is presented in the standard charge value. | Modifier LT: Left side (used to identify procedures performed on the left side of the body)"
"US,BREAST,UNIL,W AXILLA,COMPLETE,LT GLR","WilmUS6101","CDM","402","RC","76641","HCPCS","","","facility","both","","","LT","369.71","369.71","","","","","","","","","","","","","Gross Charge Type: Main Acute Price List | The modified price is presented in the standard charge value. | Modifier LT: Left side (used to identify procedures performed on the left side of the body)"
"US,BREAST,UNIL,W AXILLA,COMPLETE,RT GLR","Chrs546103","CDM","402","RC","76641","HCPCS","","","facility","both","","","RT","283.75","283.75","","","","","","","","","","","","","Gross Charge Type: Acute Discounted | The modified price is presented in the standard charge value. | Modifier RT: Right side (used to identify procedures performed on the right side of the body)"
"US,BREAST,UNIL,W AXILLA,LIMITED,LT GLR","Ccbc306105","CDM","402","RC","76642","HCPCS","","","facility","both","","","LT","277.45","277.45","","","","","","","","","","","","","Gross Charge Type: Main Acute Price List | The modified price is presented in the standard charge value. | Modifier LT: Left side (used to identify procedures performed on the left side of the body)"
"US,BREAST,UNIL,W AXILLA,LIMITED,RT GLR","Star546107","CDM","402","RC","76642","HCPCS","","","facility","both","","","RT","212.46","212.46","","","","","","","","","","","","","Gross Charge Type: Acute Discounted | The modified price is presented in the standard charge value. | Modifier RT: Right side (used to identify procedures performed on the right side of the body)"
"US,CHEST,W IMAGE DOCUM GLR","Ccsb471119","CDM","402","RC","76604","HCPCS","","","facility","both","","","","348.06","348.06","","","","","","","","","","","","","Gross Charge Type: Acute Discounted"
"US,CHEST,W IMAGE DOCUM GLR","Fcin471119","CDM","402","RC","76604","HCPCS","","","facility","both","","","","452.88","452.88","","","","","","","","","","","","","Gross Charge Type: Main Acute Price List"
"US,CHEST,W IMAGE DOCUM GLR","Midd471119","CDM","402","RC","76604","HCPCS","","","facility","both","","","","348.06","348.06","","","","","","","","","","","","","Gross Charge Type: Acute Discounted"
"US,CHEST,W IMAGE DOCUM GLR","S107471119","CDM","402","RC","76604","HCPCS","","","facility","both","","","","452.88","452.88","","","","","","","","","","","","","Gross Charge Type: Main Acute Price List"
"US,CHEST,W IMAGE DOCUM LIMITED PFR","Chrs49P2245","CDM","972","RC","76604","HCPCS","","","facility","both","","","2652","126.51","126.51","","","","","","","","","","","","","Gross Charge Type: Main Acute Price List | The modified price is presented in the standard charge value. | Modifier 26: Professional Component | Modifier 52: Reduced Services"
"US,EXTREMITY,NONVASCULAR,IMG,COMPLETE PF","SspuLkP2205","CDM","972","RC","76881","HCPCS","","","facility","both","","","26","182.41","182.41","","","","","","","","","","","","","Gross Charge Type: Main Acute Price List | The modified price is presented in the standard charge value. | Modifier 26: Professional Component"
"US,EXTREMITY,NONVASCULAR,IMG,COMPLETE Rd GLR","Ccsp472200","CDM","402","RC","76881","HCPCS","","","facility","both","","","","212.46","212.46","","","","","","","","","","","","","Gross Charge Type: Acute Discounted"
"US,EXTREMITY,NONVASCULAR,IMG,COMPLETE Rd GLR","Wilm472200","CDM","402","RC","76881","HCPCS","","","facility","both","","","","275.35","275.35","","","","","","","","","","","","","Gross Charge Type: Main Acute Price List"
"US,EXTREMITY,NONVASCULAR,IMG,COMPLETE Rd PFR","RdcpUSP2200","CDM","972","RC","76881","HCPCS","","","facility","both","","","26","146.77","146.77","","","","","","","","","","","","","Gross Charge Type: Main Acute Price List | The modified price is presented in the standard charge value. | Modifier 26: Professional Component"
"US,EXTREMITY,NONVASCULAR,IMG,COMPLETE Rd PFR","Rdpf47P2200","CDM","972","RC","76881","HCPCS","","","facility","both","","","26","146.77","146.77","","","","","","","","","","","","","Gross Charge Type: Main Acute Price List | The modified price is presented in the standard charge value. | Modifier 26: Professional Component"
"US,PELVIC,W IMG DOCU,LIMIT/FU,NON-OB GLR","CcbcMG1241","CDM","402","RC","76857","HCPCS","","","facility","both","","","","283.75","283.75","","","","","","","","","","","","","Gross Charge Type: Acute Discounted"
"US,PELVIC,W IMG DOCU,LIMIT/FU,NON-OB GLR","MDIA471241","CDM","402","RC","76857","HCPCS","","","facility","both","","","","369.71","369.71","","","","","","","","","","","","","Gross Charge Type: Main Acute Price List"
"US,PELVIC,W IMG DOCUM,COMPL,NON-OB GLR","Ccbc301348","CDM","402","RC","76856","HCPCS","","","facility","both","","","","410.94","410.94","","","","","","","","","","","","","Gross Charge Type: Acute Discounted"
"US,PELVIC,W IMG DOCUM,COMPL,NON-OB GLR","Ccsb471348","CDM","402","RC","76856","HCPCS","","","facility","both","","","","533.96","533.96","","","","","","","","","","","","","Gross Charge Type: Main Acute Price List"
"US,PELVIC,W IMG DOCUM,COMPL,NON-OB GLR","Ccsm471348","CDM","402","RC","76856","HCPCS","","","facility","both","","","","533.96","533.96","","","","","","","","","","","","","Gross Charge Type: Main Acute Price List"
"US,PREGN,IMG DOCUM,LIM TRANSVAGINAL PFR","Chrs49P2247","CDM","972","RC","76817","HCPCS","","","facility","both","","","2652","174.03","174.03","","","","","","","","","","","","","Gross Charge Type: Main Acute Price List | The modified price is presented in the standard charge value. | Modifier 26: Professional Component | Modifier 52: Reduced Services"
"US,PREGN,IMG,LIMITED,1 OR > FETUSES GLR","Ccsm471283","CDM","402","RC","76815","HCPCS","","","facility","both","","","","381.6","381.6","","","","","","","","","","","","","Gross Charge Type: Acute Discounted"
"US,PREGN,IMG,LIMITED,1 OR > FETUSES GLR","S107US1283","CDM","402","RC","76815","HCPCS","","","facility","both","","","","495.52","495.52","","","","","","","","","","","","","Gross Charge Type: Main Acute Price List"
"US,PREGN,TRANSABD,>1ST TRIM,ADTL GES GLR","CaawAU1786","CDM","402","RC","76810","HCPCS","","","facility","both","","","","1121.01","1121.01","","","","","","","","","","","","","Gross Charge Type: Acute Discounted"
"US,PREGN,TRANSABD,>1ST TRIM,ADTL GES GLR","CcspUS1786","CDM","402","RC","76810","HCPCS","","","facility","both","","","","1121.01","1121.01","","","","","","","","","","","","","Gross Charge Type: Acute Discounted"
"US,PREGN,TRANSABD,>1ST TRIM,ADTL GES PFR","Jnpc47P1786","CDM","972","RC","76810","HCPCS","","","facility","both","","","26","227.83","227.83","","","","","","","","","","","","","Gross Charge Type: Main Acute Price List | The modified price is presented in the standard charge value. | Modifier 26: Professional Component"
"US,PREGN,TRANSABDO,>1ST TRIM,1ST GES GLR","Ccic471291","CDM","402","RC","76805","HCPCS","","","facility","both","","","","564.7","564.7","","","","","","","","","","","","","Gross Charge Type: Acute Discounted"
"US,PREGN,TRANSABDO,>1ST TRIM,1ST GES GLR","Ccsm471291","CDM","402","RC","76805","HCPCS","","","facility","both","","","","733.83","733.83","","","","","","","","","","","","","Gross Charge Type: Main Acute Price List"
"US,PREGN,TRANSABDO,>1ST TRIM,1ST GES GLR","MiddUS1291","CDM","402","RC","76805","HCPCS","","","facility","both","","","","733.83","733.83","","","","","","","","","","","","","Gross Charge Type: Main Acute Price List"
"US,PREGN,W IMAGE DOCUM,TRANSVAGINAL GLR","Ccsm471269","CDM","402","RC","76817","HCPCS","","","facility","both","","","","768.08","768.08","","","","","","","","","","","","","Gross Charge Type: Main Acute Price List"
"US,PREGN,W IMAGE DOCUM,TRANSVAGINAL GLR","Ccsp471269","CDM","402","RC","76817","HCPCS","","","facility","both","","","","768.08","768.08","","","","","","","","","","","","","Gross Charge Type: Main Acute Price List"
"US,PROSTATE VOLUME STUDY,BRACH","RadtHg1205","CDM","402","RC","76873","HCPCS","","","facility","both","","","TC","547.92","547.92","","","","","","","","","","","","","Gross Charge Type: Acute Discounted | The modified price is presented in the standard charge value. | Modifier TC: Technical Component; represents the costs of equipment, supplies, and technician personnel for a procedure, excluding the physician's interpretation. It is used when only the technical portion of a test is billed, typically by hospitals, imaging centers, or independent diagnostic testing facilities"
"US,RETROPERITONEAL,W IMG DOCU,COMPL GLR","Caaw431232","CDM","402","RC","76770","HCPCS","","","facility","both","","","","529.75","529.75","","","","","","","","","","","","","Gross Charge Type: Acute Discounted"
"US,RETROPERITONEAL,W IMG DOCU,COMPL GLR","CcicUS1232","CDM","402","RC","76770","HCPCS","","","facility","both","","","","529.75","529.75","","","","","","","","","","","","","Gross Charge Type: Acute Discounted"
"US,RETROPERITONEAL,W IMG DOCU,COMPL GLR","Wilm471232","CDM","402","RC","76770","HCPCS","","","facility","both","","","","529.75","529.75","","","","","","","","","","","","","Gross Charge Type: Acute Discounted"
"US,RETROPERITONEAL,W IMG DOCUM,LIMIT GLR","Jnpc471233","CDM","402","RC","76775","HCPCS","","","facility","both","","","","381.6","381.6","","","","","","","","","","","","","Gross Charge Type: Acute Discounted"
"US,SOFT TISSUES,HEAD/NECK,W IMG DOC GLR","CcspUS1658","CDM","402","RC","76536","HCPCS","","","facility","both","","","","495.52","495.52","","","","","","","","","","","","","Gross Charge Type: Main Acute Price List"
"US,SOFT TISSUES,HEAD/NECK,W IMG DOC GLR","HcccUS1658","CDM","402","RC","76536","HCPCS","","","facility","both","","","","495.52","495.52","","","","","","","","","","","","","Gross Charge Type: Main Acute Price List"
"US,SOFT TISSUES,HEAD/NECK,W IMG DOC GLR","MiddUS1658","CDM","402","RC","76536","HCPCS","","","facility","both","","","","381.6","381.6","","","","","","","","","","","","","Gross Charge Type: Acute Discounted"
"US,SPINAL CANAL AND CONTENTS NR","Chrs472013","CDM","402","RC","76800","HCPCS","","","facility","both","","","TC","239.2","239.2","","","","","","","","","","","","","Gross Charge Type: Acute Discounted | The modified price is presented in the standard charge value. | Modifier TC: Technical Component; represents the costs of equipment, supplies, and technician personnel for a procedure, excluding the physician's interpretation. It is used when only the technical portion of a test is billed, typically by hospitals, imaging centers, or independent diagnostic testing facilities"
"US,TRANSVAGINAL,NON-OB GLR","CcbcMG1678","CDM","402","RC","76830","HCPCS","","","facility","both","","","","409.55","409.55","","","","","","","","","","","","","Gross Charge Type: Acute Discounted"
"US,TRANSVAGINAL,NON-OB GLR","CcsbUS1678","CDM","402","RC","76830","HCPCS","","","facility","both","","","","409.55","409.55","","","","","","","","","","","","","Gross Charge Type: Acute Discounted"
"US,TRANSVAGINAL,NON-OB GLR","Wilm491678","CDM","402","RC","76830","HCPCS","","","facility","both","","","","409.55","409.55","","","","","","","","","","","","","Gross Charge Type: Acute Discounted"
"US,TRANSVAGINAL,NON-OB PFR","EmerWmP76830","CDM","972","RC","76830","HCPCS","","","facility","both","","","26","160.05","160.05","","","","","","","","","","","","","Gross Charge Type: Main Acute Price List | The modified price is presented in the standard charge value. | Modifier 26: Professional Component"
"Ultrasound Accelerated And Other Thrombolysis Of Peripheral Vascular Structures With Mcc","278","MS-DRG","","","","","","","facility","inpatient","","","","","","Aetna","All Commercial Plans","","","[SNF-(% BC): 65] [Bariatric Surgery-Case Rate: 20177] [All Other IP (%BC): 86.5]","","","","0","other","","","No services performed during 15-month lookback period."
"Ultrasound Accelerated And Other Thrombolysis Of Peripheral Vascular Structures With Mcc","278","MS-DRG","","","","","","","facility","inpatient","","","","","","Ambetter","All Commercial Plans","","91","","","","","0","percent of total billed charges","","","No services performed during 15-month lookback period."
"Ultrasound Accelerated And Other Thrombolysis Of Peripheral Vascular Structures With Mcc","278","MS-DRG","","","","","","","facility","inpatient","","","","","","First Health","Delaware Medicaid Managed Care Plan","","","[Inpatient Services: Payer leverages state specific Medicaid payment methodology. Available, referenceable algorithm logic found here: https://medicaidpublications.dhss.delaware.gov/docs/search]","","","","0","other","","","No services performed during 15-month lookback period."
"Ultrasound Accelerated And Other Thrombolysis Of Peripheral Vascular Structures Without Mcc","279","MS-DRG","","","","","","","facility","inpatient","","","","","","Healthspring","Medicare Managed Care Plan","32496.36","","","","","","","fee schedule","30871.54","84750.4","MSDRG Base Rate"
"Ultrasound Accelerated And Other Thrombolysis With Principal Diagnosis Pulmonary Embolism","173","MS-DRG","","","","","","","facility","inpatient","","","","","","Wellcare","Medicare Managed Care Plan","","","[MSDRG Base Rate: FEE SCHEDULE]","","","","0","other","","","No services performed during 15-month lookback period."
"Ultrasound breast complete","76641","HCPCS","","","","","","","facility","outpatient","","","","","","Cigna","All Commercial Plans","193.48","","","","","","","fee schedule","107.33","338.93",""
"Ultrasound therapy","97035","HCPCS","","","","","","","facility","outpatient","","","","","","Ambetter","All Commercial Plans","21.42","","","","","","","fee schedule","13.57","42.84","Radiology"
"Ultraviolet light therapy","96900","HCPCS","","","","","","","facility","outpatient","","","","","","Ambetter","All Commercial Plans","60.54","","","","","","","fee schedule","38.34","121.09","Radiology"
"Ultraviolet light therapy","96900","HCPCS","","","","","","","facility","outpatient","","","","","","Bcbs","Highmark All Commercial Plans","59.56","","","","","","","fee schedule","38.34","121.09","Radiology"
"Ultraviolet therapy","97028","HCPCS","","","","","","","facility","outpatient","","","","","","Aetna","All Commercial Plans","11.58","","","","","","","fee schedule","7.86","24.81","Radiology"
"Ultraviolet therapy","97028","HCPCS","","","","","","","facility","outpatient","","","","","","Bcbs","Highmark All Commercial Plans","12.2","","","","","","","fee schedule","7.86","24.81","Radiology"
"Umbilical artery echo","76820","HCPCS","","","","","","","facility","outpatient","","","","","","Bcbs","Highmark Medicare Managed Care Plan","107.33","","","","","","","fee schedule","107.33","338.93","APC"
"Uncomplicated Peptic Ulcer With Mcc","383","MS-DRG","","","","","","","facility","inpatient","","","","","","Bcbs","Highmark Medicare Managed Care Plan","12091.6","","","","","","","fee schedule","12091.6","32446.45","MSDRG Base Rate"
"Uncomplicated Peptic Ulcer Without Mcc","384","MS-DRG","","","","","","","facility","inpatient","","","","","","Healthspring","Medicare Managed Care Plan","","","[MSDRG Base Rate: FEE SCHEDULE]","","","","0","other","","","No services performed during 15-month lookback period."
"Ungroupable","999","MS-DRG","","","","","","","facility","inpatient","","","","","","Bcbs","Highmark All Commercial Plans","","","[Lesser Than Charges paid at %: 100] [MSDRG Base Rate: FEE SCHEDULE] [Normal Newborn-Per Diem: 6037.44] [Psych-Per Diem: 2159.84] [All Other IP (%BC): 85.44]","78470.3","17110.57","640116.75","1 through 10","other","","","Contracting method is an algorithm described in the 'standard_charges|algorithm' field. The allowed amount provided accounts for the structural rates, conditions, and utilization elements inherent in the payer’s algorithm."
"Upper Limb And Toe Amputation For Circulatory System Disorders With Cc","256","MS-DRG","","","","","","","facility","inpatient","","","","","","Wellcare","Medicare Managed Care Plan","","","[MSDRG Base Rate: FEE SCHEDULE]","","","","0","other","","","No services performed during 15-month lookback period."
"Upper Limb And Toe Amputation For Circulatory System Disorders With Mcc","255","MS-DRG","","","","","","","facility","inpatient","","","","","","Wellcare","Medicare Managed Care Plan","","","[MSDRG Base Rate: FEE SCHEDULE]","","","","0","other","","","No services performed during 15-month lookback period."
"Upper Limb And Toe Amputation For Circulatory System Disorders Without Cc/Mcc","257","MS-DRG","","","","","","","facility","inpatient","","","","","","Healthspring","Medicare Managed Care Plan","10165.58","","","","","","","fee schedule","9657.3","25666.7","MSDRG Base Rate"
"Upr gi bld detcj snr capsule","0977T","HCPCS","","","","","","","facility","outpatient","","","","","","Jefferson Health Plan","Health Partners Medicaid Managed Care/Aca Plan","2940.35","","","","","","","fee schedule","931.11","2940.35","APC"
"Urea nitrogen semi-quant","84525","HCPCS","","","","","","","facility","outpatient","","","","","","Aetna","All Commercial Plans","7.18","","","","","","","fee schedule","3.33","15.39","Radiology"
"Urea-N clearance test","84545","HCPCS","","","","","","","facility","outpatient","","","","","","Amerihealth","Medicare Managed Care Plan","7.78","","","","","","","fee schedule","4.68","21.6","APC"
"Ureter endoscopy & biopsy","50955","HCPCS","","","","","","","facility","outpatient","","","","","","Amerihealth","Caritas Next Other Commercial Plan","9270.59","","","","","","","fee schedule","5504.41","17382.35","Radiology"
"Ureter endoscopy & biopsy","50955","HCPCS","","","","","","","facility","outpatient","","","","","","Bcbs","Highmark Medicare Managed Care Plan","5504.41","","","","","","","fee schedule","5504.41","17382.35","APC"
"Ureteral reflux study","78740","HCPCS","","","","","","","facility","outpatient","","","","","","Amerihealth","Caritas Next Other Commercial Plan","691.21","","","","","","","fee schedule","410.4","1296.01","Radiology"
"Urethral Procedures With Cc/Mcc","671","MS-DRG","","","","","","","facility","inpatient","","","","","","Aetna","All Commercial Plans","","","[SNF-(% BC): 65] [Bariatric Surgery-Case Rate: 20177] [All Other IP (%BC): 86.5]","","","","0","other","","","No services performed during 15-month lookback period."
"Urethral Stricture","697","MS-DRG","","","","","","","facility","inpatient","","","","","","Ambetter","All Commercial Plans","","91","","","","","0","percent of total billed charges","","","No services performed during 15-month lookback period."
"Urethral Stricture","697","MS-DRG","","","","","","","facility","inpatient","","","","","","Amerihealth","Medicare Managed Care Plan","","","[MSDRG Base Rate: FEE SCHEDULE]","","","","0","other","","","No services performed during 15-month lookback period."
"Urinalysis auto w/scope","81001","HCPCS","","","","","","","facility","outpatient","","","","","","Amerihealth","Caritas Next Other Commercial Plan","5.07","","","","","","","fee schedule","2.06","9.51","Radiology"
"Urinalysis nonauto w/scope","81000","HCPCS","","","","","","","facility","outpatient","","","","","","Jefferson Health Plan","Health Partners Medicaid Managed Care/Aca Plan","12.06","","","","","","","fee schedule","2.61","12.06","APC"
"Urinalysis test procedure","81099","HCPCS","","","","","","","facility","outpatient","","","","","","Cigna","All Commercial Plans","22.99","","","","","","","fee schedule","22.99","22.99",""
"Urinalysis volume measure","81050","HCPCS","","","","","","","facility","outpatient","","","","","","Aetna","Medicare Managed Care Plan","3.75","","","","","","","fee schedule","2.37","10.92","APC"
"Urinalysis volume measure","81050","HCPCS","","","","","","","facility","outpatient","","","","","","Amerihealth","Caritas Next Other Commercial Plan","3.64","","","","","","","fee schedule","2.37","10.92","Laboratory"
"Urinalysis volume measure","81050","HCPCS","","","","","","","facility","outpatient","","","","","","Amerihealth","Medicare Managed Care Plan","3.93","","","","","","","fee schedule","2.37","10.92","APC"
"Urinary Stones With Mcc","693","MS-DRG","","","","","","","facility","inpatient","","","","","","Healthspring","Medicare Managed Care Plan","","","[MSDRG Base Rate: FEE SCHEDULE]","","","","0","other","","","No services performed during 15-month lookback period."
"Urinary Stones Without Mcc","694","MS-DRG","","","","","","","facility","inpatient","","","","","","First Health","Delaware Medicaid Managed Care Plan","","","[Inpatient Services: Payer leverages state specific Medicaid payment methodology. Available, referenceable algorithm logic found here: https://medicaidpublications.dhss.delaware.gov/docs/search]","","","","0","other","","","No services performed during 15-month lookback period."
"Urinary Stones Without Mcc","694","MS-DRG","","","","","","","facility","inpatient","","","","","","Wellcare","Medicare Managed Care Plan","","","[MSDRG Base Rate: FEE SCHEDULE]","","","","0","other","","","No services performed during 15-month lookback period."
"Urine bacteria culture","87088","HCPCS","","","","","","","facility","outpatient","","","","","","Bcbs","Highmark Medicare Managed Care Plan","7.69","","","","","","","fee schedule","5.26","24.27","APC"
"Urine bacteria culture","87088","HCPCS","","","","","","","facility","outpatient","","","","","","Unitedhealthcare","All Commercial Plans","8.09","","","","","","","fee schedule","5.26","24.27",""
"Urine culture/colony count","87086","HCPCS","","","","","","","facility","outpatient","","","","","","Ambetter","All Commercial Plans","10.49","","","","","","","fee schedule","5.25","24.21","Laboratory"
"Urine culture/colony count","87086","HCPCS","","","","","","","facility","outpatient","","","","","","Amerihealth","Caritas Next Other Commercial Plan","12.91","","","","","","","fee schedule","5.25","24.21","Radiology"
"Urine pregnancy test","81025","HCPCS","","","","","","","facility","outpatient","","","","","","Amerihealth","Medicare Managed Care Plan","9.3","","","","","","","fee schedule","5.6","25.83","APC"
"Urology surgery procedure","53899","HCPCS","","","","","","","facility","outpatient","","","","","","Ambetter","All Commercial Plans","404.99","","","","","","","fee schedule","256.49","809.98","Radiology"
"Urology surgery procedure","53899","HCPCS","","","","","","","facility","outpatient","","","","","","Healthspring","Medicare Managed Care Plan","269.99","","","","","","","fee schedule","256.49","809.98","APC"
"Us abdl aorta screen aaa","76706","HCPCS","","","","","","","facility","outpatient","","","","","","Jefferson Health Plan","Health Partners Medicare Managed Care Plan","118.62","","","","","","","fee schedule","107.33","338.93","APC"
"Us bone density measure","76977","HCPCS","","","","","","","facility","outpatient","","","","","","Healthspring","Medicare Managed Care Plan","112.98","","","","","","","fee schedule","107.33","338.93","APC"
"Us bone stimulation","20979","HCPCS","","","","","","","facility","outpatient","","","","","","Bcbs","Highmark All Commercial Plans","46.12","","","","","","","fee schedule","29.69","93.77","Radiology"
"Us exam abdom complete","76700","HCPCS","","","","","","","facility","outpatient","","","","","","Cigna","All Commercial Plans","193.48","","","","","","","fee schedule","107.33","338.93",""
"Us exam k transpl w/doppler","76776","HCPCS","","","","","","","facility","outpatient","","","","","","Amerihealth","Caritas Next Other Commercial Plan","180.76","","","","","","","fee schedule","107.33","338.93","Radiology"
"Us exam of head and neck","76536","HCPCS","","","","","","","facility","outpatient","","","","","","Aetna","All Commercial Plans","158.17","","","","","","","fee schedule","107.33","338.93","Radiology"
"Us leiomyomata ablate <200","0071T","HCPCS","","","","","","","facility","outpatient","","","","","","Amerihealth","Caritas Next Other Commercial Plan","5597.01","","","","","","","fee schedule","3323.23","10494.4","Radiology"
"Us nrv&acc strux 1xtr compre","76883","HCPCS","","","","","","","facility","outpatient","","","","","","Bcbs","Highmark All Commercial Plans","166.69","","","","","","","fee schedule","107.33","338.93","Radiology"
"Us trgt dyn mbubb 1st les","76978","HCPCS","","","","","","","facility","outpatient","","","","","","Amerihealth","Medicare Managed Care Plan","407.16","","","","","","","fee schedule","314.56","1131.01","APC"
"Us trgt dyn mbubb 1st les","76978","HCPCS","","","","","","","facility","outpatient","","","","","","Bcbs","Highmark Medicare Managed Care Plan","358.15","","","","","","","fee schedule","314.56","1131.01","APC"
"Us urine capacity measure","51798","HCPCS","","","","","","","facility","outpatient","","","","","","Aetna","Medicare Managed Care Plan","65.66","","","","","","","fee schedule","60.56","191.25","APC"
"Use of speech device service","92609","HCPCS","","","","","","","facility","outpatient","","","","","","Aetna","All Commercial Plans","142.98","","","","","","","fee schedule","97.02","306.39","Radiology"
"Uterine And Adnexa Procedures For Non-Malignancy With Cc/Mcc","742","MS-DRG","","","","","","","facility","inpatient","","","","","","Unitedhealthcare","Medicare Managed Care Plan","17096.47","","","","","","","fee schedule","15923.19","43117.8","MSDRG Base Rate"
"Uterine And Adnexa Procedures For Non-Ovarian And Non-Adnexal Malignancy With Cc","740","MS-DRG","","","","","","","facility","inpatient","","","","","","Bcbs","Highmark All Commercial Plans","","","[Lesser Than Charges paid at %: 100] [MSDRG Base Rate: FEE SCHEDULE] [Normal Newborn-Per Diem: 6037.44] [Psych-Per Diem: 2159.84] [All Other IP (%BC): 85.44]","37879.76","37879.76","37879.76","1 through 10","other","","","Contracting method is an algorithm described in the 'standard_charges|algorithm' field. The allowed amount provided accounts for the structural rates, conditions, and utilization elements inherent in the payer’s algorithm."
"Uterine And Adnexa Procedures For Non-Ovarian And Non-Adnexal Malignancy With Mcc","739","MS-DRG","","","","","","","facility","inpatient","","","","","","Ambetter","All Commercial Plans","","91","","","","","0","percent of total billed charges","","","No services performed during 15-month lookback period."
"Uterine And Adnexa Procedures For Ovarian Or Adnexal Malignancy With Cc","737","MS-DRG","","","","","","","facility","inpatient","","","","","","Aetna","Medicare Managed Care Plan","","","[MSDRG Base Rate: FEE SCHEDULE] [Psych-Per Diem: 1065] [Rehab-Per Diem: 1598] [SNF-Per Diem: 365]","","","","0","other","","","No services performed during 15-month lookback period."
"Uterine And Adnexa Procedures For Ovarian Or Adnexal Malignancy With Cc","737","MS-DRG","","","","","","","facility","inpatient","","","","","","Ambetter","All Commercial Plans","","91","","","","","0","percent of total billed charges","","","No services performed during 15-month lookback period."
"Uterine And Adnexa Procedures For Ovarian Or Adnexal Malignancy With Cc","737","MS-DRG","","","","","","","facility","inpatient","","","","","","Unitedhealthcare","Medicare Managed Care Plan","19142.12","","","","","","","fee schedule","17828.44","48424.1","MSDRG Base Rate"
"Uterine And Adnexa Procedures For Ovarian Or Adnexal Malignancy With Mcc","736","MS-DRG","","","","","","","facility","inpatient","","","","","","Aetna - Nj","Better Health Medicaid Managed Care Plan","","","[Inpatient Services: Payer leverages state specific Medicaid payment methodology. Available, referenceable algorithm logic found here: https://www.nj.gov/health/hcf/]","","","","0","other","","","No services performed during 15-month lookback period."
"Uterine And Adnexa Procedures For Ovarian Or Adnexal Malignancy With Mcc","736","MS-DRG","","","","","","","facility","inpatient","","","","","","Bcbs","Highmark All Commercial Plans","","","[Lesser Than Charges paid at %: 100] [MSDRG Base Rate: FEE SCHEDULE] [Normal Newborn-Per Diem: 6037.44] [Psych-Per Diem: 2159.84] [All Other IP (%BC): 85.44]","42802.67","42802.67","59220.4","1 through 10","other","","","Contracting method is an algorithm described in the 'standard_charges|algorithm' field. The allowed amount provided accounts for the structural rates, conditions, and utilization elements inherent in the payer’s algorithm."
"Uterine And Adnexa Procedures For Ovarian Or Adnexal Malignancy With Mcc","736","MS-DRG","","","","","","","facility","inpatient","","","","","","Ibc","Medicare Managed Care Plan","32213.03","","","","","","","fee schedule","30602.38","84000.75","MSDRG Base Rate"
"Uterine And Adnexa Procedures For Ovarian Or Adnexal Malignancy Without Cc/Mcc","738","MS-DRG","","","","","","","facility","inpatient","","","","","","Aetna","All Commercial Plans","","","[SNF-(% BC): 65] [Bariatric Surgery-Case Rate: 20177] [All Other IP (%BC): 86.5]","","","","0","other","","","No services performed during 15-month lookback period."
"VALVE, 25MM MITRAL ROTATABLE","ScorChSup205073","CDM","270","RC","","","","","facility","both","","","","23138.84","23138.84","","","","","","","","","","","","","Gross Charge Type: Main Acute Price List"
"VALVE, 31MM MITRAL ROTATABLE","OperWmSup205681","CDM","270","RC","","","","","facility","both","","","","23138.84","23138.84","","","","","","","","","","","","","Gross Charge Type: Main Acute Price List"
"VALVE, AORTIC KONECT CONDUIT 21MM","CcthChSup110981","CDM","278","RC","C1889","HCPCS","","","facility","both","","","","86236.34","86236.34","","","","","","","","","","","","","Gross Charge Type: Main Acute Price List"
"VALVE, AORTIC KONECT CONDUIT 25MM","EplbChSup110983","CDM","278","RC","C1889","HCPCS","","","facility","both","","","","86236.34","86236.34","","","","","","","","","","","","","Gross Charge Type: Main Acute Price List"
"VALVE, CSF REGULAR PRESSURE","OperChSup92168","CDM","270","RC","","","","","facility","both","","","","5955.05","5955.05","","","","","","","","","","","","","Gross Charge Type: Main Acute Price List"
"VALVE, DELTA REG PERF LEVEL 1","GastWmSup92172","CDM","270","RC","","","","","facility","both","","","","9930.99","9930.99","","","","","","","","","","","","","Gross Charge Type: Main Acute Price List"
"VALVE, ENDOBRONCHIAL ZEPHYR 4.0","AnesChSup107037","CDM","272","RC","","","","","facility","both","","","","14536.98","14536.98","","","","","","","","","","","","","Gross Charge Type: Main Acute Price List"
"VALVE, ENDOBRONCHIAL ZEPHYR 4.0-LP","EplbChSup107038","CDM","272","RC","","","","","facility","both","","","","14536.98","14536.98","","","","","","","","","","","","","Gross Charge Type: Main Acute Price List"
"VALVE, EVOLUT FX 29MM AORTIC","GyscChSup114986","CDM","272","RC","","","","","facility","both","","","","173684.44","173684.44","","","","","","","","","","","","","Gross Charge Type: Main Acute Price List"
"VALVE, EVOLUT FX 29MM AORTIC","PacuWmSup114986","CDM","272","RC","","","","","facility","both","","","","173684.44","173684.44","","","","","","","","","","","","","Gross Charge Type: Main Acute Price List"
"VALVE, EVOLUT FX 34MM AORTIC","EplbChSup114987","CDM","272","RC","","","","","facility","both","","","","173684.44","173684.44","","","","","","","","","","","","","Gross Charge Type: Main Acute Price List"
"VALVE, EVOLUT PRO PLUS TRANSCATHETER AORTIC 26MM","DelrChSup73431","CDM","278","RC","","","","","facility","both","","","","173758.5","173758.5","","","","","","","","","","","","","Gross Charge Type: Main Acute Price List"
"VALVE, EVOLUT PRO TRANSCATH AORTIC 26MM","AnesWmSup114982","CDM","272","RC","","","","","facility","both","","","","173684.44","173684.44","","","","","","","","","","","","","Gross Charge Type: Main Acute Price List"
"VALVE, EVOLUT PRO TRANSCATH AORTIC 29MM","CcthChSup114983","CDM","272","RC","","","","","facility","both","","","","163314","163314","","","","","","","","","","","","","Gross Charge Type: Main Acute Price List"
"VALVE, EVOLUT PRO TRANSCATH AORTIC 29MM","GastChSup114983","CDM","272","RC","","","","","facility","both","","","","163314","163314","","","","","","","","","","","","","Gross Charge Type: Main Acute Price List"
"VALVE, EVOLUT PRO TRANSCATH AORTIC 29MM","ScpuWmSup114983","CDM","272","RC","","","","","facility","both","","","","163314","163314","","","","","","","","","","","","","Gross Charge Type: Main Acute Price List"
"VALVE, HEART AORTIC INSPIRIS RESILIA 19MM","DelrChSup78740","CDM","278","RC","","","","","facility","both","","","","47091.2","47091.2","","","","","","","","","","","","","Gross Charge Type: Main Acute Price List"
"VALVE, HEART AORTIC INSPIRIS RESILIA 21MM","OperWmSup78741","CDM","278","RC","C1889","HCPCS","","","facility","both","","","","47091.2","47091.2","","","","","","","","","","","","","Gross Charge Type: Main Acute Price List"
"VALVE, HEART AORTIC INSPIRIS RESILIA 23MM","ScanWmSup78742","CDM","278","RC","C1889","HCPCS","","","facility","both","","","","47091.2","47091.2","","","","","","","","","","","","","Gross Charge Type: Main Acute Price List"
"VALVE, HEART AORTIC INSPIRIS RESILIA 27MM","CcthChSup78744","CDM","278","RC","C1889","HCPCS","","","facility","both","","","","47091.2","47091.2","","","","","","","","","","","","","Gross Charge Type: Main Acute Price List"
"VALVE, HEART AORTIC INSPIRIS RESILIA 29MM","EplbChSup78745","CDM","278","RC","C1889","HCPCS","","","facility","both","","","","47091.2","47091.2","","","","","","","","","","","","","Gross Charge Type: Main Acute Price List"
"VALVE, HEART AORTIC INSPIRIS RESILIA 29MM","ScpuWmSup78745","CDM","278","RC","C1889","HCPCS","","","facility","both","","","","47091.2","47091.2","","","","","","","","","","","","","Gross Charge Type: Main Acute Price List"
"VALVE, HEART AORTIC MAGNA EASE 21MM","GastWmSup43136","CDM","278","RC","","","","","facility","both","","","","34882.6","34882.6","","","","","","","","","","","","","Gross Charge Type: Main Acute Price List"
"VALVE, HEART AORTIC MAGNA EASE 25MM","ScpuWmSup43138","CDM","278","RC","","","","","facility","both","","","","34882.6","34882.6","","","","","","","","","","","","","Gross Charge Type: Main Acute Price List"
"VALVE, HEART AORTIC MAGNA EASE 29MM","GastChSup43140","CDM","278","RC","C1889","HCPCS","","","facility","both","","","","34882.6","34882.6","","","","","","","","","","","","","Gross Charge Type: Main Acute Price List"
"VALVE, HEART MECHANICAL AORTIC REGENT W/FLEX CUFF 23MM","EplbChSup71895","CDM","278","RC","C1889","HCPCS","","","facility","both","","","","26209.69","26209.69","","","","","","","","","","","","","Gross Charge Type: Main Acute Price List"
"VALVE, HEART MECHANICAL AORTIC REGENT W/FLEX CUFF 25MM","Wilm5471896","CDM","278","RC","C1889","HCPCS","","","facility","both","","","","23138.84","23138.84","","","","","","","","","","","","","Gross Charge Type: Main Acute Price List"
"VALVE, HEART MECHANICAL AORTIC REGENT W/FLEX CUFF 27MM","GastChSup71897","CDM","278","RC","C1889","HCPCS","","","facility","both","","","","23138.84","23138.84","","","","","","","","","","","","","Gross Charge Type: Main Acute Price List"
"VALVE, HEART MECHANICAL AORTIC REGENT W/FLEX CUFF 27MM","ScorChSup71897","CDM","278","RC","C1889","HCPCS","","","facility","both","","","","23138.84","23138.84","","","","","","","","","","","","","Gross Charge Type: Main Acute Price List"
"VALVE, HEART MITRAL MITRIS RESILIA 25MM","ScanWmSup115633","CDM","272","RC","C1889","HCPCS","","","facility","both","","","","47091.2","47091.2","","","","","","","","","","","","","Gross Charge Type: Main Acute Price List"
"VALVE, HEART MITRAL MITRIS RESILIA 27MM","OperChSup115634","CDM","272","RC","C1889","HCPCS","","","facility","both","","","","47091.2","47091.2","","","","","","","","","","","","","Gross Charge Type: Main Acute Price List"
"VALVE, HEART MITRAL MITRIS RESILIA 31MM","ScorChSup115636","CDM","272","RC","C1889","HCPCS","","","facility","both","","","","47091.2","47091.2","","","","","","","","","","","","","Gross Charge Type: Main Acute Price List"
"VALVE, HEART SAPIEN 3 ULTRA TRANSCATH W/COMMANDER 26MM","OperChSup79824","CDM","278","RC","C1889","HCPCS","","","facility","both","","","","200191.51","200191.51","","","","","","","","","","","","","Gross Charge Type: Main Acute Price List"
"VALVE, HEART SAPIEN 3 ULTRA TRANSCATH W/COMMANDER 26MM","PacuWmSup79824","CDM","278","RC","C1889","HCPCS","","","facility","both","","","","200191.51","200191.51","","","","","","","","","","","","","Gross Charge Type: Main Acute Price List"
"VALVE, HEART SAPIEN 3 ULTRA TRANSCATH W/COMMANDER 26MM","ScpuWmSup79824","CDM","278","RC","C1889","HCPCS","","","facility","both","","","","200191.51","200191.51","","","","","","","","","","","","","Gross Charge Type: Main Acute Price List"
"VALVE, HEART SAPIEN XT 29MM TRANSCATH W/NOVAFLEX SYSTEM","ScpuChSup57971","CDM","278","RC","C1889","HCPCS","","","facility","both","","","","200191.51","200191.51","","","","","","","","","","","","","Gross Charge Type: Main Acute Price List"
"VALVE, HEIMLICH","PacuChSup95685","CDM","272","RC","","","","","facility","both","","","","400.38","400.38","","","","","","","","","","","","","Gross Charge Type: Main Acute Price List"
"VALVE, HEMO. ROTAT .096/2.44","PacuWmSup99764","CDM","270","RC","","","","","facility","both","","","","160.15","160.15","","","","","","","","","","","","","Gross Charge Type: Main Acute Price List"
"VALVE, HEMOSTASIS 7.3FR SILICONE W/EXT TUBING","CspuChSup106067","CDM","272","RC","","","","","facility","both","","","","68.13","68.13","","","","","","","","","","","","","Gross Charge Type: Main Acute Price List"
"VALVE, MITRAL 25MM","OperWmSup206046","CDM","270","RC","","","","","facility","both","","","","22588.61","22588.61","","","","","","","","","","","","","Gross Charge Type: Main Acute Price List"
"VALVE, PROGRAM CERTAS W/CATH","CcthChSup49296","CDM","278","RC","C1729","HCPCS","","","facility","both","","","","26346.49","26346.49","","","","","","","","","","","","","Gross Charge Type: Main Acute Price List"
"VALVE, PROGRAM CERTAS W/CATH","PacuChSup49296","CDM","278","RC","C1729","HCPCS","","","facility","both","","","","26346.49","26346.49","","","","","","","","","","","","","Gross Charge Type: Main Acute Price List"
"VALVE, SIPHON GUARD CERTAS W/CATH","PacuChSup49297","CDM","278","RC","C1889","HCPCS","","","facility","both","","","","29577.28","29577.28","","","","","","","","","","","","","Gross Charge Type: Main Acute Price List"
"VALVE, TAVR LOTUS EDGE 25MM AND 15F ISLEEVE INTRODUCER SET","ScpuWmSup79694","CDM","278","RC","","","","","facility","both","","","","188238.38","188238.38","","","","","","","","","","","","","Gross Charge Type: Main Acute Price List"
"VARICELLA-ZOSTER TITER","CHEMRR1015","CDM","302","RC","86787","HCPCS","","","facility","both","","","","120.26","120.26","","","","","","","","","","","","","Gross Charge Type: Acute Discounted"
"VENOGR,CAVAL,SUPERIOR,SERIALOGR,RS&I","AngiWm3184","CDM","320","RC","75827","HCPCS","","","facility","both","","","TC","438.2","438.2","","","","","","","","","","","","","Gross Charge Type: Main Acute Price List | The modified price is presented in the standard charge value. | Modifier TC: Technical Component; represents the costs of equipment, supplies, and technician personnel for a procedure, excluding the physician's interpretation. It is used when only the technical portion of a test is billed, typically by hospitals, imaging centers, or independent diagnostic testing facilities"
"VENOGRAPHY,HEPATIC,HEMODY,WEDG/FREE,RS&I","AngiWm3526","CDM","320","RC","75889","HCPCS","","","facility","both","","","TC","331.28","331.28","","","","","","","","","","","","","Gross Charge Type: Acute Discounted | The modified price is presented in the standard charge value. | Modifier TC: Technical Component; represents the costs of equipment, supplies, and technician personnel for a procedure, excluding the physician's interpretation. It is used when only the technical portion of a test is billed, typically by hospitals, imaging centers, or independent diagnostic testing facilities"
"VENOUS SAMP,CATH,W/WO ANGIOGR,RS&I GLB","IrraWm3281","CDM","320","RC","75893","HCPCS","","","facility","both","","","TC","422.13","422.13","","","","","","","","","","","","","Gross Charge Type: Main Acute Price List | The modified price is presented in the standard charge value. | Modifier TC: Technical Component; represents the costs of equipment, supplies, and technician personnel for a procedure, excluding the physician's interpretation. It is used when only the technical portion of a test is billed, typically by hospitals, imaging centers, or independent diagnostic testing facilities"
"VENOUS SAMP,CATH,W/WO ANGIOGR,RS&I","AngiCh3281","CDM","320","RC","75893","HCPCS","","","facility","both","","","TC","324.28","324.28","","","","","","","","","","","","","Gross Charge Type: Acute Discounted | The modified price is presented in the standard charge value. | Modifier TC: Technical Component; represents the costs of equipment, supplies, and technician personnel for a procedure, excluding the physician's interpretation. It is used when only the technical portion of a test is billed, typically by hospitals, imaging centers, or independent diagnostic testing facilities"
"VENTILATION ASSIST/MANG,SUBSEQUE DAY","RespMe1384","CDM","410","RC","94003","HCPCS","","","facility","both","","","","1724.14","1724.14","","","","","","","","","","","","","Gross Charge Type: Main Acute Price List"
"VEST, SPU FULL SMALL ADULT DISPOSABLE","Wilm5438058","CDM","270","RC","","","","","facility","both","","","","837.81","837.81","","","","","","","","","","","","","Gross Charge Type: Main Acute Price List"
"VISCOAT, SYRINGE .5ML","ScorWmSup81637","CDM","270","RC","","","","","facility","both","","","","377.28","377.28","","","","","","","","","","","","","Gross Charge Type: Main Acute Price List"
"VITAMIN D 25 HYDROXY","ChemSN6005","CDM","301","RC","82306","HCPCS","","","facility","both","","","","275.08","275.08","","","","","","","","","","","","","Gross Charge Type: Acute Discounted"
"VITOSS, BA 10CC","DelrChSup119556","CDM","278","RC","C1713","HCPCS","","","facility","both","","","","8833","8833","","","","","","","","","","","","","Gross Charge Type: Main Acute Price List"
"VITOSS, BA 5CC","DelrChSup119555","CDM","278","RC","C1713","HCPCS","","","facility","both","","","","7698.17","7698.17","","","","","","","","","","","","","Gross Charge Type: Main Acute Price List"
"VITOSS, BA 5CC","PacuWmSup119555","CDM","278","RC","C1713","HCPCS","","","facility","both","","","","7698.17","7698.17","","","","","","","","","","","","","Gross Charge Type: Main Acute Price List"
"VITOSS, BA 5CC","ScorChSup119555","CDM","278","RC","C1713","HCPCS","","","facility","both","","","","7698.17","7698.17","","","","","","","","","","","","","Gross Charge Type: Main Acute Price List"
"VITOSS, BA 5CC","ScpuWmSup119555","CDM","278","RC","C1713","HCPCS","","","facility","both","","","","7698.17","7698.17","","","","","","","","","","","","","Gross Charge Type: Main Acute Price List"
"Vag hyst incl t/o complex","58291","HCPCS","","","","","","","facility","outpatient","","","","","","Amerihealth","Medicare Managed Care Plan","5838.26","","","","","","","fee schedule","5135.51","16217.39","APC"
"Vag hyst including t/o","58262","HCPCS","","","","","","","facility","outpatient","","","","","","Bcbs","Highmark All Commercial Plans","7976.25","","","","","","","fee schedule","5135.51","16217.39","Radiology"
"Vag hyst t/o & repair compl","58292","HCPCS","","","","","","","facility","outpatient","","","","","","Bcbs","Highmark Medicare Managed Care Plan","7612.67","","","","","","","fee schedule","7612.67","24040.02","APC"
"Vagina, Cervix And Vulva Procedures With Cc/Mcc","746","MS-DRG","","","","","","","facility","inpatient","","","","","","Bcbs","Highmark Wholecare Medicaid Managed Care Plan","","","[Inpatient Services: Payer leverages state specific Medicaid payment methodology. Available, referenceable algorithm logic found here: https://www.pa.gov/agencies/dhs/resources/for-providers]","","","","0","other","","","No services performed during 15-month lookback period."
"Vagina, Cervix And Vulva Procedures Without Cc/Mcc","747","MS-DRG","","","","","","","facility","inpatient","","","","","","Bcbs","Highmark Health Options Medicare Managed Care Plan","","","[MSDRG Base Rate: FEE SCHEDULE]","","","","0","other","","","No services performed during 15-month lookback period."
"Vaginal Delivery W Sterilization &/Or D&C","767","MS-DRG","","","","","","","facility","inpatient","","","","","","Aetna - Md","Better Health Medicaid Managed Care Plan","","","[Inpatient Services: Payer leverages state specific Medicaid payment methodology. Available, referenceable algorithm logic found here: https://health.maryland.gov/mmcp/provider/Pages/default.aspx]","","","","0","other","","","No services performed during 15-month lookback period."
"Vaginal Delivery W Sterilization &/Or D&C","767","MS-DRG","","","","","","","facility","inpatient","","","","","","Bcbs","Highmark Health Options Medicare Managed Care Plan","","","[MSDRG Base Rate: FEE SCHEDULE]","","","","0","other","","","No services performed during 15-month lookback period."
"Vaginal Delivery W Sterilization &/Or D&C","767","MS-DRG","","","","","","","facility","inpatient","","","","","","Bcbs","Highmark Wholecare Medicare Managed Care Plan","","","[MSDRG Base Rate: FEE SCHEDULE]","","","","0","other","","","No services performed during 15-month lookback period."
"Vaginal Delivery W/O Complicating Diagnoses","775","MS-DRG","","","","","","","facility","inpatient","","","","","","Bcbs","Highmark Health Options Medicare Managed Care Plan","","","[MSDRG Base Rate: FEE SCHEDULE]","","","","0","other","","","No services performed during 15-month lookback period."
"Vaginal Delivery With O.R. Procedures Except Sterilization And/Or D&C","768","MS-DRG","","","","","","","facility","inpatient","","","","","","Aetna - Nj","Better Health Medicaid Managed Care Plan","","","[Inpatient Services: Payer leverages state specific Medicaid payment methodology. Available, referenceable algorithm logic found here: https://www.nj.gov/health/hcf/]","","","","0","other","","","No services performed during 15-month lookback period."
"Vaginal Delivery With O.R. Procedures Except Sterilization And/Or D&C","768","MS-DRG","","","","","","","facility","inpatient","","","","","","Jefferson Health Plan","Health Partners Medicaid Managed Care/Aca Plan","","","[Inpatient Services: Payer leverages state specific Medicaid payment methodology. Available, referenceable algorithm logic found here: https://www.pa.gov/agencies/dhs/resources/for-providers] [MSDRG Base Rate: FEE SCHEDULE]","","","","0","other","","","No services performed during 15-month lookback period."
"Vaginal Delivery With Sterilization And/Or D&C With Cc","797","MS-DRG","","","","","","","facility","inpatient","","","","","","Jefferson Health Plan","Health Partners Medicaid Managed Care/Aca Plan","","","[Inpatient Services: Payer leverages state specific Medicaid payment methodology. Available, referenceable algorithm logic found here: https://www.pa.gov/agencies/dhs/resources/for-providers] [MSDRG Base Rate: FEE SCHEDULE]","","","","0","other","","","No services performed during 15-month lookback period."
"Vaginal Delivery With Sterilization And/Or D&C With Mcc","796","MS-DRG","","","","","","","facility","inpatient","","","","","","Bcbs","Highmark Health Options Medicare Managed Care Plan","","","[MSDRG Base Rate: FEE SCHEDULE]","","","","0","other","","","No services performed during 15-month lookback period."
"Vaginal Delivery Without Sterilization Or D&C With Cc","806","MS-DRG","","","","","","","facility","inpatient","","","","","","Aetna - Md","Better Health Medicaid Managed Care Plan","","","[Inpatient Services: Payer leverages state specific Medicaid payment methodology. Available, referenceable algorithm logic found here: https://health.maryland.gov/mmcp/provider/Pages/default.aspx]","","","","0","other","","","No services performed during 15-month lookback period."
"Vaginal Delivery Without Sterilization Or D&C With Cc","806","MS-DRG","","","","","","","facility","inpatient","","","","","","Amerihealth","Medicare Managed Care Plan","","","[MSDRG Base Rate: FEE SCHEDULE]","","","","0","other","","","No services performed during 15-month lookback period."
"Vaginal Delivery Without Sterilization Or D&C With Cc","806","MS-DRG","","","","","","","facility","inpatient","","","","","","Bcbs","Highmark Medicare Managed Care Plan","6803.64","","","","","","","fee schedule","6803.64","18056.87","MSDRG Base Rate"
"Vaginal Delivery Without Sterilization Or D&C With Cc","806","MS-DRG","","","","","","","facility","inpatient","","","","","","Bcbs","Highmark Wholecare Medicaid Managed Care Plan","","","[Inpatient Services: Payer leverages state specific Medicaid payment methodology. Available, referenceable algorithm logic found here: https://www.pa.gov/agencies/dhs/resources/for-providers]","","","","0","other","","","No services performed during 15-month lookback period."
"Vaginal Delivery Without Sterilization Or D&C With Cc","806","MS-DRG","","","","","","","facility","inpatient","","","","","","Jefferson Health Plan","Health Partners Medicaid Managed Care/Aca Plan","17719","","","","","","","fee schedule","6803.64","18056.87",""
"Vaginal Delivery Without Sterilization Or D&C With Mcc","805","MS-DRG","","","","","","","facility","inpatient","","","","","","Unitedhealthcare","All Commercial Plans","","91","","","","","0","percent of total billed charges","","","No services performed during 15-month lookback period."
"Vaginal Delivery Without Sterilization Or D&C Without Cc/Mcc","807","MS-DRG","","","","","","","facility","inpatient","","","","","","Unitedhealthcare","All Commercial Plans","","91","","17406.49","14941.56","17758.96","1 through 10","percent of total billed charges","","",""
"Vaginal hysterectomy","58260","HCPCS","","","","","","","facility","outpatient","","","","","","Bcbs","Highmark All Commercial Plans","7976.25","","","","","","","fee schedule","5135.51","16217.39","Radiology"
"Varicella-zoster antibody","86787","HCPCS","","","","","","","facility","outpatient","","","","","","First Health","Delaware Medicaid Managed Care Plan","14.17","","","","","","","fee schedule","8.37","38.64","Laboratory"
"Vasc emb/occ w/prs cath","C9797","HCPCS","","","","","","","facility","outpatient","","","","","","Bcbs","Highmark Health Options Medicare Managed Care Plan","20304.95","","","","","","","fee schedule","18819.22","59429.13","APC"
"Vasc emb/occ w/prs cath","C9797","HCPCS","","","","","","","facility","outpatient","","","","","","Jefferson Health Plan","Health Partners Medicare Managed Care Plan","20800.2","","","","","","","fee schedule","18819.22","59429.13","APC"
"Vasc embolize/occlude artery","37242","HCPCS","","","","","","","facility","outpatient","","","","","","Bcbs","Highmark All Commercial Plans","29229.23","","","","","","","fee schedule","18819.22","59429.13","Radiology"
"Vasc embolize/occlude venous","37241","HCPCS","","","","","","","facility","outpatient","","","","","","Jefferson Health Plan","Health Partners Medicaid Managed Care/Aca Plan","37424.98","","","","","","","fee schedule","11851.24","37424.98","APC"
"Vasopneumatic device therapy","97016","HCPCS","","","","","","","facility","outpatient","","","","","","Bcbs","Highmark All Commercial Plans","17.63","","","","","","","fee schedule","11.35","35.85","Radiology"
"Veeg 2-12 hr cont mntr","95713","HCPCS","","","","","","","facility","outpatient","","","","","","Ambetter","All Commercial Plans","604.87","","","","","","","fee schedule","383.08","1209.74","Radiology"
"Veeg ea 12-26hr intmt mntr","95715","HCPCS","","","","","","","facility","outpatient","","","","","","Jefferson Health Plan","Health Partners Medicare Managed Care Plan","423.41","","","","","","","fee schedule","383.08","1209.74","APC"
"Vein x-ray adrenal gland","75840","HCPCS","","","","","","","facility","outpatient","","","","","","Bcbs","Highmark Medicare Managed Care Plan","3241.46","","","","","","","fee schedule","3241.46","10236.2","APC"
"Vein x-ray adrenal gland","75840","HCPCS","","","","","","","facility","outpatient","","","","","","Jefferson Health Plan","Health Partners Medicare Managed Care Plan","3582.67","","","","","","","fee schedule","3241.46","10236.2","APC"
"Vein x-ray arms/legs","75822","HCPCS","","","","","","","facility","outpatient","","","","","","Cigna","All Commercial Plans","2815.72","","","","","","","fee schedule","1616.02","5103.23",""
"Vein x-ray kidneys","75833","HCPCS","","","","","","","facility","outpatient","","","","","","Jefferson Health Plan","Health Partners Medicaid Managed Care/Aca Plan","10236.2","","","","","","","fee schedule","3241.46","10236.2","APC"
"Vein x-ray liver w/hemodynam","75885","HCPCS","","","","","","","facility","outpatient","","","","","","Bcbs","Highmark All Commercial Plans","5034.51","","","","","","","fee schedule","3241.46","10236.2","Radiology"
"Vein x-ray liver w/hemodynam","75889","HCPCS","","","","","","","facility","outpatient","","","","","","Healthspring","Medicare Managed Care Plan","3412.07","","","","","","","fee schedule","3241.46","10236.2","APC"
"Vein x-ray liver w/o hemodyn","75887","HCPCS","","","","","","","facility","outpatient","","","","","","Cigna","All Commercial Plans","2815.72","","","","","","","fee schedule","2815.72","10236.2",""
"Vein x-ray spleen/liver","75810","HCPCS","","","","","","","facility","outpatient","","","","","","Amerihealth","Medicare Managed Care Plan","3685.03","","","","","","","fee schedule","2815.72","10236.2","APC"
"Vein x-ray trunk","75825","HCPCS","","","","","","","facility","outpatient","","","","","","Unitedhealthcare","All Commercial Plans","5116.35","","","","","","","fee schedule","3241.46","10236.2",""
"Vemp tst i&r cervical&ocular","92519","HCPCS","","","","","","","facility","outpatient","","","","","","Bcbs","Highmark Health Options Medicare Managed Care Plan","239.17","","","","","","","fee schedule","221.67","700","APC"
"Ven blood coll snf/hha","G0471","HCPCS","","","","","","","facility","outpatient","","","","","","Amerihealth","Caritas Next Other Commercial Plan","18.14","","","","","","","fee schedule","3.25","34.02","Radiology"
"Venous mech thrombectomy","37187","HCPCS","","","","","","","facility","outpatient","","","","","","Aetna","All Commercial Plans","17464.99","","","","","","","fee schedule","11851.24","37424.98","Radiology"
"Ventricular Shunt Procedures With Cc","032","MS-DRG","","","","","","","facility","inpatient","","","","","","Ibc","All Commercial Plans","","","[Psych-Per Diem: 1800] [All Other IP (%BC): 89.50]","","","","0","other","","","No services performed during 15-month lookback period."
"Ventricular Shunt Procedures With Mcc","031","MS-DRG","","","","","","","facility","inpatient","","","","","","Bcbs","Highmark Wholecare Medicare Managed Care Plan","","","[MSDRG Base Rate: FEE SCHEDULE]","","","","0","other","","","No services performed during 15-month lookback period."
"Ventricular Shunt Procedures Without Cc/Mcc","033","MS-DRG","","","","","","","facility","inpatient","","","","","","Ambetter","All Commercial Plans","","91","","","","","0","percent of total billed charges","","","No services performed during 15-month lookback period."
"Ventricular shunt procedures w CC","529","MS-DRG","","","","","","","facility","inpatient","","","","","","Cigna","All Commercial Plans","","","[SNF-(% BC): 60] [All Other IP (%BC): 88.46]","","","","0","other","","","No services performed during 15-month lookback period."
"Viral Illness With Mcc","865","MS-DRG","","","","","","","facility","inpatient","","","","","","Unitedhealthcare","Medicare Managed Care Plan","14047.95","","","","","","","fee schedule","13083.88","35210.05","MSDRG Base Rate"
"Viral Meningitis Without Cc/Mcc","076","MS-DRG","","","","","","","facility","inpatient","","","","","","Bcbs","Highmark Wholecare Medicare Managed Care Plan","","","[MSDRG Base Rate: FEE SCHEDULE]","","","","0","other","","","No services performed during 15-month lookback period."
"Virus antibody nos","86790","HCPCS","","","","","","","facility","outpatient","","","","","","Aetna","All Commercial Plans","14.3","","","","","","","fee schedule","8.37","38.64","Laboratory"
"Vis field assmnt tech suppt","0379T","HCPCS","","","","","","","facility","outpatient","","","","","","Aetna","All Commercial Plans","56.51","","","","","","","fee schedule","38.34","121.09","Radiology"
"Visual audiometry (vra)","92579","HCPCS","","","","","","","facility","outpatient","","","","","","Amerihealth","Caritas Next Other Commercial Plan","373.33","","","","","","","fee schedule","221.67","700","Radiology"
"Visual audiometry (vra)","92579","HCPCS","","","","","","","facility","outpatient","","","","","","Jefferson Health Plan","Health Partners Medicare Managed Care Plan","245","","","","","","","fee schedule","221.67","700","APC"
"Visual field examination(s)","92081","HCPCS","","","","","","","facility","outpatient","","","","","","Bcbs","Highmark Medicare Managed Care Plan","60.56","","","","","","","fee schedule","60.56","191.25","APC"
"Vit for macular hole","67042","HCPCS","","","","","","","facility","outpatient","","","","","","Jefferson Health Plan","Health Partners Medicaid Managed Care/Aca Plan","13400.1","","","","","","","fee schedule","4243.36","13400.1","APC"
"Vit for macular pucker","67041","HCPCS","","","","","","","facility","outpatient","","","","","","Aetna","All Commercial Plans","6253.38","","","","","","","fee schedule","4243.36","13400.1","Radiology"
"Vitamin d srm microsamp quan","0038U","HCPCS","","","","","","","facility","outpatient","","","","","","Ambetter","All Commercial Plans","44.4","","","","","","","fee schedule","19.24","88.8","Radiology"
"Vkorc1 gene","81355","HCPCS","","","","","","","facility","outpatient","","","","","","Aetna","All Commercial Plans","97.9","","","","","","","fee schedule","57.33","264.6","Laboratory"
"Vrt bdy tethering ant 8+ seg","0657T","HCPCS","","","","","","","facility","outpatient","","","","","","Jefferson Health Plan","Health Partners Medicaid Managed Care/Aca Plan","56842.69","","","","","","","fee schedule","18000.18","56842.69","APC"
"Vw factor type 2b eval plsm","0283U","HCPCS","","","","","","","facility","outpatient","","","","","","Amerihealth","Caritas Next Other Commercial Plan","18.4","","","","","","","fee schedule","17.48","55.2","Laboratory"
"Vw factor type 2n eval plsm","0284U","HCPCS","","","","","","","facility","outpatient","","","","","","Bcbs","Highmark Medicare Managed Care Plan","16.41","","","","","","","fee schedule","16.41","51.81","APC"
"Vw factor type 2n eval plsm","0284U","HCPCS","","","","","","","facility","outpatient","","","","","","Jefferson Health Plan","Health Partners Medicaid Managed Care/Aca Plan","51.81","","","","","","","fee schedule","16.41","51.81","APC"
"Vw factor type 2n eval plsm","0284U","HCPCS","","","","","","","facility","outpatient","","","","","","Unitedhealthcare","All Commercial Plans","17.27","","","","","","","fee schedule","16.41","51.81",""
"WAFER, FLEX 38MM W/ 1 1/2""FLN","ScanWmSup204344","CDM","270","RC","","","","","facility","both","","","","8.28","8.28","","","","","","","","","","","","","Gross Charge Type: Main Acute Price List"
"WALKER, SPLINT","OcthCh1836","CDM","270","RC","","","","","facility","both","","","","125.1","125.1","","","","","","","","","","","","","Gross Charge Type: Main Acute Price List"
"WAND, ABLATION COOLCUT 90 DEGREE","ScorChSup44060","CDM","272","RC","","","","","facility","both","","","","602.36","602.36","","","","","","","","","","","","","Gross Charge Type: Main Acute Price List"
"WAND, PROCISE LW W/INTEGRATED CABLE","GastWmSup107171","CDM","272","RC","","","","","facility","both","","","","5006.97","5006.97","","","","","","","","","","","","","Gross Charge Type: Main Acute Price List"
"WAND, SWEEP RF","AngiWmSup120121","CDM","272","RC","","","","","facility","both","","","","1158.39","1158.39","","","","","","","","","","","","","Gross Charge Type: Main Acute Price List"
"WAND, TOPAZ EZ IFS","EplbChSup65108","CDM","272","RC","","","","","facility","both","","","","3087.75","3087.75","","","","","","","","","","","","","Gross Charge Type: Main Acute Price List"
"WAND,APOLLO RF HOOK, NON-ASPIRATING 90 DEG","CLDRChSup71206","CDM","272","RC","","","","","facility","both","","","","899.32","899.32","","","","","","","","","","","","","Gross Charge Type: Main Acute Price List"
"WAND,APOLLO RF XL 90 ASPIR ABLATOR 90 DEG","Wilm5471205","CDM","272","RC","","","","","facility","both","","","","924.02","924.02","","","","","","","","","","","","","Gross Charge Type: Main Acute Price List"
"WASHER,  HOFFMAN LRF 4MM BLUE","ScanChSup55763","CDM","272","RC","","","","","facility","both","","","","232.84","232.84","","","","","","","","","","","","","Gross Charge Type: Main Acute Price List"
"WASHER,  HOFFMAN LRF 4MM BLUE","ScorChSup55763","CDM","272","RC","","","","","facility","both","","","","232.84","232.84","","","","","","","","","","","","","Gross Charge Type: Main Acute Price List"
"WASHER, 4MM","ScpuChSup24401","CDM","278","RC","","","","","facility","both","","","","209.73","209.73","","","","","","","","","","","","","Gross Charge Type: Main Acute Price List"
"WASHER, 4MM","ScpuWmSup24401","CDM","278","RC","","","","","facility","both","","","","209.73","209.73","","","","","","","","","","","","","Gross Charge Type: Main Acute Price List"
"WASHER, 6.5MM","ScpuChSup205103","CDM","278","RC","C1713","HCPCS","","","facility","both","","","","162.46","162.46","","","","","","","","","","","","","Gross Charge Type: Main Acute Price List"
"WASHER, 7.0 FOR SM SCREW","PacuChSup6411","CDM","278","RC","C1713","HCPCS","","","facility","both","","","","144.51","144.51","","","","","","","","","","","","","Gross Charge Type: Main Acute Price List"
"WASHER, ASNIS III FOR SCREWS DIA 2.7 / 3.5 / 4.0","ScpuWmSup43958","CDM","278","RC","","","","","facility","both","","","","157.2","157.2","","","","","","","","","","","","","Gross Charge Type: Main Acute Price List"
"WASHER, ASNIS III TI FOR 4.0MM SCREW","PacuChSup46288","CDM","278","RC","C1713","HCPCS","","","facility","both","","","","164.34","164.34","","","","","","","","","","","","","Gross Charge Type: Main Acute Price List"
"WASHER, CONICAL EXTRACTOR","AnesWmSup106236","CDM","272","RC","","","","","facility","both","","","","831.56","831.56","","","","","","","","","","","","","Gross Charge Type: Main Acute Price List"
"WASHER, CONICAL EXTRACTOR","OperWmSup106236","CDM","272","RC","","","","","facility","both","","","","831.56","831.56","","","","","","","","","","","","","Gross Charge Type: Main Acute Price List"
"WASHER, FOR 3.75MM TI SCREW","GastWmSup50387","CDM","278","RC","C1713","HCPCS","","","facility","both","","","","334.35","334.35","","","","","","","","","","","","","Gross Charge Type: Main Acute Price List"
"WASHER, FOR 3.75MM TI SCREW","ScpuChSup50387","CDM","278","RC","C1713","HCPCS","","","facility","both","","","","334.35","334.35","","","","","","","","","","","","","Gross Charge Type: Main Acute Price List"
"WASHER, FOR 4.5 CANNULATED SCREW","CspuChSup117860","CDM","278","RC","C1713","HCPCS","","","facility","both","","","","304.29","304.29","","","","","","","","","","","","","Gross Charge Type: Main Acute Price List"
"WASHER, FOR 6.5 CANNULATED SCREW","CspuChSup117808","CDM","278","RC","C1713","HCPCS","","","facility","both","","","","286.13","286.13","","","","","","","","","","","","","Gross Charge Type: Main Acute Price List"
"WASHER, FOR 6.5 CANNULATED SCREW","GastWmSup117808","CDM","278","RC","C1713","HCPCS","","","facility","both","","","","286.13","286.13","","","","","","","","","","","","","Gross Charge Type: Main Acute Price List"
"WASHER, FOR NUT 17.5/11.8MM STRL","ScanWmSup110528","CDM","278","RC","C1713","HCPCS","","","facility","both","","","","506.15","506.15","","","","","","","","","","","","","Gross Charge Type: Main Acute Price List"
"WASHER, FOR SCREW 14/7MM STRL","EplbChSup110479","CDM","278","RC","C1713","HCPCS","","","facility","both","","","","506.15","506.15","","","","","","","","","","","","","Gross Charge Type: Main Acute Price List"
"WASHER, FOR SCREW 14/7MM STRL","GastWmSup110479","CDM","278","RC","C1713","HCPCS","","","facility","both","","","","506.15","506.15","","","","","","","","","","","","","Gross Charge Type: Main Acute Price List"
"WASHER, HOFFMAN LRF 7MM RED","ScpuChSup55764","CDM","272","RC","","","","","facility","both","","","","232.84","232.84","","","","","","","","","","","","","Gross Charge Type: Main Acute Price List"
"WASHER, LOCKING ATTACHMENT 10 DEG LT STRL","PacuWmSup110046","CDM","278","RC","C1713","HCPCS","","","facility","both","","","","7145.29","7145.29","","","","","","","","","","","","","Gross Charge Type: Main Acute Price List"
"WASHER, LOCKING ATTACHMENT 5 DEG RT STRL","CspuChSup111127","CDM","278","RC","C1713","HCPCS","","","facility","both","","","","7145.29","7145.29","","","","","","","","","","","","","Gross Charge Type: Main Acute Price List"
"WASHER, OLECRANON SLED","ScpuWmSup46752","CDM","278","RC","","","","","facility","both","","","","3665.05","3665.05","","","","","","","","","","","","","Gross Charge Type: Main Acute Price List"
"WASHER, SPACING 1MM","GastChSup71539","CDM","278","RC","","","","","facility","both","","","","31.6","31.6","","","","","","","","","","","","","Gross Charge Type: Main Acute Price List"
"WASHER, SPACING 1MM","OperWmSup71539","CDM","278","RC","","","","","facility","both","","","","31.6","31.6","","","","","","","","","","","","","Gross Charge Type: Main Acute Price List"
"WASHER, SPACING 2MM","PacuWmSup72437","CDM","278","RC","","","","","facility","both","","","","39.62","39.62","","","","","","","","","","","","","Gross Charge Type: Main Acute Price List"
"WASHER, TI 6.5MM","AngiChSup112343","CDM","278","RC","C1713","HCPCS","","","facility","both","","","","220.26","220.26","","","","","","","","","","","","","Gross Charge Type: Main Acute Price List"
"WEDGE FEMORAL DISTAL LEGION 10MM SZ 5","ScorChSup10195884","CDM","278","RC","C1776","HCPCS","","","facility","both","","","","6905.8","6905.8","","","","","","","","","","","","","Gross Charge Type: Main Acute Price List"
"WEDGE, ALLOGRAFT DISC MTP 5X19MM","CcthChSup79228","CDM","278","RC","","","","","facility","both","","","","9855.58","9855.58","","","","","","","","","","","","","Gross Charge Type: Main Acute Price List"
"WEDGE, ALLOGRAFT DISC MTP 5X19MM","ScorChSup79228","CDM","278","RC","","","","","facility","both","","","","9855.58","9855.58","","","","","","","","","","","","","Gross Charge Type: Main Acute Price List"
"WEDGE, ALLOGRAFT EVANS 12MM","ScanChSup69982","CDM","278","RC","","","","","facility","both","","","","8602.39","8602.39","","","","","","","","","","","","","Gross Charge Type: Main Acute Price List"
"WEDGE, ALLOGRAFT MTP DISC 15X19MM","ScorChSup78360","CDM","278","RC","","","","","facility","both","","","","9267.12","9267.12","","","","","","","","","","","","","Gross Charge Type: Main Acute Price List"
"WEDGE, ALLOGRAFT SUBTALAR 10MM","DelrChSup73215","CDM","278","RC","","","","","facility","both","","","","9267.12","9267.12","","","","","","","","","","","","","Gross Charge Type: Main Acute Price List"
"WEDGE, BIOFOAM COTTON CANC TI 16X4.5MM","ScpuWmSup43707","CDM","278","RC","C1713","HCPCS","","","facility","both","","","","13274.24","13274.24","","","","","","","","","","","","","Gross Charge Type: Main Acute Price List"
"WEDGE, BIOFOAM COTTON CANC TI 16X5.5MM","CspuChSup43708","CDM","278","RC","C1713","HCPCS","","","facility","both","","","","12886.17","12886.17","","","","","","","","","","","","","Gross Charge Type: Main Acute Price List"
"WEDGE, BIOFOAM COTTON CANC TI 16X6.5MM","ScorWmSup43709","CDM","278","RC","C1713","HCPCS","","","facility","both","","","","13274.24","13274.24","","","","","","","","","","","","","Gross Charge Type: Main Acute Price List"
"WEDGE, BIOFOAM COTTON CANC TI 20X4.5MM","AngiWmSup43710","CDM","278","RC","C1713","HCPCS","","","facility","both","","","","13274.24","13274.24","","","","","","","","","","","","","Gross Charge Type: Main Acute Price List"
"WEDGE, BIOFOAM COTTON CANC TI 20X5.5MM","GyscChSup43711","CDM","278","RC","C1713","HCPCS","","","facility","both","","","","12886.17","12886.17","","","","","","","","","","","","","Gross Charge Type: Main Acute Price List"
"WEDGE, BIOFOAM COTTON CANC TI 20X6.5MM","EplbChSup43712","CDM","278","RC","C1713","HCPCS","","","facility","both","","","","12886.17","12886.17","","","","","","","","","","","","","Gross Charge Type: Main Acute Price List"
"WEDGE, BIOFOAM COTTON CANC TI 20X6.5MM","OperChSup43712","CDM","278","RC","C1713","HCPCS","","","facility","both","","","","12886.17","12886.17","","","","","","","","","","","","","Gross Charge Type: Main Acute Price List"
"WEDGE, BIOFOAM COTTON CANC TI 20X6.5MM","ScanWmSup43712","CDM","278","RC","C1713","HCPCS","","","facility","both","","","","12886.17","12886.17","","","","","","","","","","","","","Gross Charge Type: Main Acute Price List"
"WEDGE, BIOFOAM COTTON CANC TI 20X6.5MM","ScpuChSup43712","CDM","278","RC","C1713","HCPCS","","","facility","both","","","","12886.17","12886.17","","","","","","","","","","","","","Gross Charge Type: Main Acute Price List"
"WEDGE, BIOSYNC ANATOMIC COTTON 16X5.5MM","GastChSup77198","CDM","278","RC","","","","","facility","both","","","","12517.85","12517.85","","","","","","","","","","","","","Gross Charge Type: Main Acute Price List"
"WEDGE, BIOSYNC ANATOMIC COTTON 16X5.5MM","ScanChSup77198","CDM","278","RC","","","","","facility","both","","","","12517.85","12517.85","","","","","","","","","","","","","Gross Charge Type: Main Acute Price List"
"WEDGE, BIOSYNC ANATOMIC COTTON 20X6.5MM","ScpuChSup77038","CDM","278","RC","C1713","HCPCS","","","facility","both","","","","13312.73","13312.73","","","","","","","","","","","","","Gross Charge Type: Main Acute Price List"
"WEDGE, BIOSYNC EVANS 18X18X8MM","PacuWmSup113937","CDM","278","RC","C1776","HCPCS","","","facility","both","","","","11949.14","11949.14","","","","","","","","","","","","","Gross Charge Type: Main Acute Price List"
"WEDGE, COTTON OTS LARGE 23X17X6.5","CcthChSup117764","CDM","278","RC","C1889","HCPCS","","","facility","both","","","","11583.9","11583.9","","","","","","","","","","","","","Gross Charge Type: Main Acute Price List"
"WEDGE, COTTON OTS LARGE 8MM","EplbChSup119923","CDM","278","RC","C1889","HCPCS","","","facility","both","","","","12319.48","12319.48","","","","","","","","","","","","","Gross Charge Type: Main Acute Price List"
"WEDGE, EVANS SMALL 18X18X6.5","EplbChSup71876","CDM","272","RC","","","","","facility","both","","","","12319.48","12319.48","","","","","","","","","","","","","Gross Charge Type: Main Acute Price List"
"WEDGE, GMK REVISION FEMORAL DISTAL 4MM SZ 3","EplbChSup117587","CDM","278","RC","C1776","HCPCS","","","facility","both","","","","9258.09","9258.09","","","","","","","","","","","","","Gross Charge Type: Main Acute Price List"
"WEDGE, TIBAL LEGION HEMI STEPPED RK/HK LT-LAT 15MM SIZE 3-4","DelrChSup119403","CDM","278","RC","C1776","HCPCS","","","facility","both","","","","8223.25","8223.25","","","","","","","","","","","","","Gross Charge Type: Main Acute Price List"
"WESTSIDE BMP","ChemCh4901","CDM","301","RC","","","","","facility","both","","","","6.3","6.3","","","","","","","","","","","","","Gross Charge Type: Main Acute Price List"
"WHOLE BODY CT W/O CONTRAST GLR","Ccsb388000","CDM","350","RC","76497","HCPCS","","","facility","both","","","TC","1313.85","1313.85","","","","","","","","","","","","","Gross Charge Type: Main Acute Price List | The modified price is presented in the standard charge value. | Modifier TC: Technical Component; represents the costs of equipment, supplies, and technician personnel for a procedure, excluding the physician's interpretation. It is used when only the technical portion of a test is billed, typically by hospitals, imaging centers, or independent diagnostic testing facilities"
"WIRE BOLT, SLOTTED","GastWmSup71531","CDM","278","RC","","","","","facility","both","","","","344.08","344.08","","","","","","","","","","","","","Gross Charge Type: Main Acute Price List"
"WIRE BOLT, SLOTTED","OperWmSup71531","CDM","278","RC","","","","","facility","both","","","","344.08","344.08","","","","","","","","","","","","","Gross Charge Type: Main Acute Price List"
"WIRE UNIGLIDE STRAIGHT STIFF","ScorChSup117242","CDM","272","RC","C1769","HCPCS","","","facility","both","","","","304.08","304.08","","","","","","","","","","","","","Gross Charge Type: Main Acute Price List"
"WIRE, .062X9"" KIRSCH ST7 STRL","CcthChSup18125","CDM","270","RC","","","","","facility","both","","","","71.27","71.27","","","","","","","","","","","","","Gross Charge Type: Main Acute Price List"
"WIRE, 1.8 X 370MM","GastWmSup21260","CDM","278","RC","","","","","facility","both","","","","671.23","671.23","","","","","","","","","","","","","Gross Charge Type: Main Acute Price List"
"WIRE, 2.0MM","Wilm548821","CDM","270","RC","","","","","facility","both","","","","346.67","346.67","","","","","","","","","","","","","Gross Charge Type: Main Acute Price List"
"WIRE, 24 GAUGE 79629","CLDRChSup79629","CDM","278","RC","C1713","HCPCS","","","facility","both","","","","43.12","43.12","","","","","","","","","","","","","Gross Charge Type: Main Acute Price List"
"WIRE, 24 GAUGE 79629","GastWmSup79629","CDM","278","RC","C1713","HCPCS","","","facility","both","","","","43.12","43.12","","","","","","","","","","","","","Gross Charge Type: Main Acute Price List"
"WIRE, 24 GAUGE","GyscChSup25938","CDM","272","RC","","","","","facility","both","","","","55.25","55.25","","","","","","","","","","","","","Gross Charge Type: Main Acute Price List"
"WIRE, 24 GAUGE","ScpuChSup25938","CDM","272","RC","","","","","facility","both","","","","55.25","55.25","","","","","","","","","","","","","Gross Charge Type: Main Acute Price List"
"WIRE, BENTSON 180CM .035","ScanWmSup71032","CDM","272","RC","","","","","facility","both","","","","96.14","96.14","","","","","","","","","","","","","Gross Charge Type: Main Acute Price List"
"WIRE, BENTSON 180CM .035","ScorChSup71032","CDM","272","RC","","","","","facility","both","","","","96.14","96.14","","","","","","","","","","","","","Gross Charge Type: Main Acute Price List"
"WIRE, BMW ELITE 190CM STRAIGHT","CcthChSup65518","CDM","272","RC","C1769","HCPCS","","","facility","both","","","","422.81","422.81","","","","","","","","","","","","","Gross Charge Type: Main Acute Price List"
"WIRE, BMW ELITE 190CM STRAIGHT","Chrs5465518","CDM","272","RC","C1769","HCPCS","","","facility","both","","","","422.81","422.81","","","","","","","","","","","","","Gross Charge Type: Main Acute Price List"
"WIRE, BMW ELITE 190CM STRAIGHT","ScpuChSup66163","CDM","272","RC","C1769","HCPCS","","","facility","both","","","","422.81","422.81","","","","","","","","","","","","","Gross Charge Type: Main Acute Price List"
"WIRE, BMW ELITE HT .014  190CM J TIP","EplbChSup52150","CDM","272","RC","C1769","HCPCS","","","facility","both","","","","422.81","422.81","","","","","","","","","","","","","Gross Charge Type: Main Acute Price List"
"WIRE, BMW ELITE HT .014  190CM J TIP","OperChSup52150","CDM","272","RC","C1769","HCPCS","","","facility","both","","","","422.81","422.81","","","","","","","","","","","","","Gross Charge Type: Main Acute Price List"
"WIRE, BMW HYDROCOAT 190CM J","PacuWmSup202942","CDM","272","RC","C1769","HCPCS","","","facility","both","","","","449.66","449.66","","","","","","","","","","","","","Gross Charge Type: Main Acute Price List"
"WIRE, BMW HYDROCOAT 190CM J","ScpuChSup202942","CDM","272","RC","C1769","HCPCS","","","facility","both","","","","449.66","449.66","","","","","","","","","","","","","Gross Charge Type: Main Acute Price List"
"WIRE, C TROCAR TIP .035","OperChSup5521","CDM","270","RC","","","","","facility","both","","","","35.56","35.56","","","","","","","","","","","","","Gross Charge Type: Main Acute Price List"
"WIRE, COMPRESSION 10MM","ScanWmSup48875","CDM","278","RC","C1713","HCPCS","","","facility","both","","","","270.16","270.16","","","","","","","","","","","","","Gross Charge Type: Main Acute Price List"
"WIRE, COMPRESSION 2.8X200MM THREADED LENGTH 20MM","ScanWmSup78388","CDM","278","RC","C1713","HCPCS","","","facility","both","","","","379.19","379.19","","","","","","","","","","","","","Gross Charge Type: Main Acute Price List"
"WIRE, DOUBLE STERNOTOMY 3X14","EplbChSup37992","CDM","272","RC","","","","","facility","both","","","","606.74","606.74","","","","","","","","","","","","","Gross Charge Type: Main Acute Price List"
"WIRE, DOUBLE STERNOTOMY 3X14","OperChSup37992","CDM","272","RC","","","","","facility","both","","","","606.74","606.74","","","","","","","","","","","","","Gross Charge Type: Main Acute Price List"
"WIRE, DREAMWIRE ANG TIP SS 260CM .035","ScorWmSup41338","CDM","272","RC","C1769","HCPCS","","","facility","both","","","","996.18","996.18","","","","","","","","","","","","","Gross Charge Type: Main Acute Price List"
"WIRE, DREAMWIRE ST TIP 260CM .035","GastWmSup41336","CDM","272","RC","C1769","HCPCS","","","facility","both","","","","769.97","769.97","","","","","","","","","","","","","Gross Charge Type: Main Acute Price List"
"WIRE, DREAMWIRE STRAIGHT STIFF .035 260CM","CspuChSup41969","CDM","272","RC","C1769","HCPCS","","","facility","both","","","","769.97","769.97","","","","","","","","","","","","","Gross Charge Type: Main Acute Price List"
"WIRE, EXTENSION DOC 145CM","EplbChSup99761","CDM","272","RC","C1769","HCPCS","","","facility","both","","","","554.38","554.38","","","","","","","","","","","","","Gross Charge Type: Main Acute Price List"
"WIRE, EXTENSION DOC 145CM","OperChSup99761","CDM","272","RC","C1769","HCPCS","","","facility","both","","","","554.38","554.38","","","","","","","","","","","","","Gross Charge Type: Main Acute Price List"
"WIRE, EXTENSION DOC 145CM","ScorChSup99761","CDM","272","RC","C1769","HCPCS","","","facility","both","","","","554.38","554.38","","","","","","","","","","","","","Gross Charge Type: Main Acute Price List"
"WIRE, GAUGE 1.6X120MM","OperWmSup107327","CDM","278","RC","","","","","facility","both","","","","868.79","868.79","","","","","","","","","","","","","Gross Charge Type: Main Acute Price List"
"WIRE, GUDIE ASNIS III THREADED 8.0X55MM","ScpuWmSup112520","CDM","278","RC","C1769","HCPCS","","","facility","both","","","","258.71","258.71","","","","","","","","","","","","","Gross Charge Type: Main Acute Price List"
"WIRE, GUIDE .045 X 6""","EplbChSup24347","CDM","278","RC","","","","","facility","both","","","","110.05","110.05","","","","","","","","","","","","","Gross Charge Type: Main Acute Price List"
"WIRE, GUIDE .059 X 5""","GyscChSup78397","CDM","272","RC","","","","","facility","both","","","","110.05","110.05","","","","","","","","","","","","","Gross Charge Type: Main Acute Price List"
"WIRE, GUIDE ASNIS III 2.0X150MM","PacuChSup109791","CDM","272","RC","","","","","facility","both","","","","532.83","532.83","","","","","","","","","","","","","Gross Charge Type: Main Acute Price List"
"WIRE, GUIDE ASNIS III THREADED 3.2X30MM","CcthChSup46544","CDM","272","RC","","","","","facility","both","","","","258.71","258.71","","","","","","","","","","","","","Gross Charge Type: Main Acute Price List"
"WIRE, GUIDE ASNIS III THREADED 3.2X30MM","GastWmSup46544","CDM","272","RC","","","","","facility","both","","","","258.71","258.71","","","","","","","","","","","","","Gross Charge Type: Main Acute Price List"
"WIRE, GUIDE ASNIS III THREADED 3.2X30MM","ScorWmSup46544","CDM","272","RC","","","","","facility","both","","","","258.71","258.71","","","","","","","","","","","","","Gross Charge Type: Main Acute Price List"
"WIRE, GUIDE NITINOL","ScorWmSup31619","CDM","270","RC","","","","","facility","both","","","","1297.85","1297.85","","","","","","","","","","","","","Gross Charge Type: Main Acute Price List"
"WIRE, GUIDE NON-THREADED","Chrs5424408","CDM","278","RC","","","","","facility","both","","","","323.39","323.39","","","","","","","","","","","","","Gross Charge Type: Main Acute Price List"
"WIRE, GUIDE NON-THREADED","OperChSup24408","CDM","278","RC","","","","","facility","both","","","","323.39","323.39","","","","","","","","","","","","","Gross Charge Type: Main Acute Price List"
"WIRE, GUIDE W/CALIBRATIONS AND QUICK RELEASE 3.2X300MM STRL","AnesWmSup118099","CDM","272","RC","","","","","facility","both","","","","883.05","883.05","","","","","","","","","","","","","Gross Charge Type: Main Acute Price List"
"WIRE, GUIDE W/CALIBRATIONS AND QUICK RELEASE 3.2X300MM STRL","EplbChSup118099","CDM","272","RC","","","","","facility","both","","","","883.05","883.05","","","","","","","","","","","","","Gross Charge Type: Main Acute Price List"
"WIRE, HAWKINS III FLEXSTRAND 20G X 10CM","ScorChSup108905","CDM","278","RC","C1819","HCPCS","","","facility","both","","","","238.37","238.37","","","","","","","","","","","","","Gross Charge Type: Main Acute Price List"
"WIRE, HAWKINS III FLEXSTRAND 20G X 12.5CM","EplbChSup108906","CDM","278","RC","C1819","HCPCS","","","facility","both","","","","238.37","238.37","","","","","","","","","","","","","Gross Charge Type: Main Acute Price List"
"WIRE, HAWKINS III FLEXSTRAND 20G X 12.5CM","ScorWmSup108906","CDM","278","RC","C1819","HCPCS","","","facility","both","","","","238.37","238.37","","","","","","","","","","","","","Gross Charge Type: Main Acute Price List"
"WIRE, HAWKINS III FLEXSTRAND 20G X 3CM","CcthChSup108902","CDM","270","RC","C1819","HCPCS","","","facility","both","","","","238.37","238.37","","","","","","","","","","","","","Gross Charge Type: Main Acute Price List"
"WIRE, HAWKINS III FLEXSTRAND 20G X 7.5CM","GastWmSup108904","CDM","278","RC","C1819","HCPCS","","","facility","both","","","","238.37","238.37","","","","","","","","","","","","","Gross Charge Type: Main Acute Price List"
"WIRE, HUMERAL GUIDE BALL TIP","OPERCLSUP72976","CDM","272","RC","","","","","facility","both","","","","427.44","427.44","","","","","","","","","","","","","Gross Charge Type: Main Acute Price List"
"WIRE, HYDRA-JAG .035/260CM STRAIGHT","Chrs3128874","CDM","272","RC","C1769","HCPCS","","","facility","both","","","","1012.73","1012.73","","","","","","","","","","","","","Gross Charge Type: Main Acute Price List"
"WIRE, JAGWIRE .038 260CM STRAIGHT","GyscChSup21171","CDM","272","RC","C1769","HCPCS","","","facility","both","","","","580.3","580.3","","","","","","","","","","","","","Gross Charge Type: Main Acute Price List"
"WIRE, JAGWIRE 0.025 260CM ANGLED","CLDRChSup77634","CDM","272","RC","C1769","HCPCS","","","facility","both","","","","769.97","769.97","","","","","","","","","","","","","Gross Charge Type: Main Acute Price List"
"WIRE, JAGWIRE 0.025 260CM ANGLED","PacuWmSup77634","CDM","272","RC","C1769","HCPCS","","","facility","both","","","","769.97","769.97","","","","","","","","","","","","","Gross Charge Type: Main Acute Price List"
"WIRE, JAGWIRE 0.025 260CM STRAIGHT","CspuChSup77633","CDM","272","RC","C1769","HCPCS","","","facility","both","","","","769.97","769.97","","","","","","","","","","","","","Gross Charge Type: Main Acute Price List"
"WIRE, JAGWIRE 0.025 260CM STRAIGHT","ScorChSup77633","CDM","272","RC","C1769","HCPCS","","","facility","both","","","","769.97","769.97","","","","","","","","","","","","","Gross Charge Type: Main Acute Price List"
"WIRE, K SIZE 2.0MM X 6IN","GastWmSup118940","CDM","278","RC","C1713","HCPCS","","","facility","both","","","","982.61","982.61","","","","","","","","","","","","","Gross Charge Type: Main Acute Price List"
"WIRE, KIRSCH .045X9"" ST7 STRL","EplbChSup96392","CDM","270","RC","","","","","facility","both","","","","71.27","71.27","","","","","","","","","","","","","Gross Charge Type: Main Acute Price List"
"WIRE, KIRSCH 1/16X9 ST6 THD","CspuChSup80758","CDM","270","RC","","","","","facility","both","","","","70.08","70.08","","","","","","","","","","","","","Gross Charge Type: Main Acute Price List"
"WIRE, KIRSCH 1/32X9 ST6 THD","CspuChSup80760","CDM","270","RC","","","","","facility","both","","","","70.08","70.08","","","","","","","","","","","","","Gross Charge Type: Main Acute Price List"
"WIRE, KIRSCH 1/32X9 ST6 THD","OperWmSup80760","CDM","270","RC","","","","","facility","both","","","","70.08","70.08","","","","","","","","","","","","","Gross Charge Type: Main Acute Price List"
"WIRE, KIRSCH 1/32X9 ST6 THD","PacuWmSup80760","CDM","270","RC","","","","","facility","both","","","","70.08","70.08","","","","","","","","","","","","","Gross Charge Type: Main Acute Price List"
"WIRE, KIRSCH 3/64X9 ST6 THD","ScpuWmSup80759","CDM","270","RC","","","","","facility","both","","","","70.08","70.08","","","","","","","","","","","","","Gross Charge Type: Main Acute Price List"
"WIRE, KIRSCHNER 1.5 DOUBLE POINT","OperChSup215506","CDM","270","RC","","","","","facility","both","","","","46.22","46.22","","","","","","","","","","","","","Gross Charge Type: Main Acute Price List"
"WIRE, KIRSCHNER 3.2X450MM STRL","ScanWmSup106318","CDM","278","RC","C1713","HCPCS","","","facility","both","","","","851.42","851.42","","","","","","","","","","","","","Gross Charge Type: Main Acute Price List"
"WIRE, KIRSCHNER 3.2X450MM","Chrs5419591","CDM","270","RC","","","","","facility","both","","","","672.65","672.65","","","","","","","","","","","","","Gross Charge Type: Main Acute Price List"
"WIRE, KIRSCHNER TROCAR POINT 1.6X50MM","Wilm5454455","CDM","272","RC","","","","","facility","both","","","","615.73","615.73","","","","","","","","","","","","","Gross Charge Type: Main Acute Price List"
"WIRE, KIRSCHNER W/TROCAR POINT 2.5X285MM","GastWmSup54454","CDM","272","RC","","","","","facility","both","","","","65.03","65.03","","","","","","","","","","","","","Gross Charge Type: Main Acute Price List"
"WIRE, OLIVE 1.8MM","PacuWmSup21261","CDM","278","RC","","","","","facility","both","","","","2615.79","2615.79","","","","","","","","","","","","","Gross Charge Type: Main Acute Price List"
"WIRE, OLIVE 2.0X450MM","GyscChSup64581","CDM","278","RC","C1713","HCPCS","","","facility","both","","","","575.45","575.45","","","","","","","","","","","","","Gross Charge Type: Main Acute Price List"
"WIRE, OMNI 185CM STR TIP","ScanWmSup108285","CDM","272","RC","C1769","HCPCS","","","facility","both","","","","3849.83","3849.83","","","","","","","","","","","","","Gross Charge Type: Main Acute Price List"
"WIRE, PLATINUM PLUS .018/3/180","ScpuWmSup104399","CDM","272","RC","C1769","HCPCS","","","facility","both","","","","409.62","409.62","","","","","","","","","","","","","Gross Charge Type: Main Acute Price List"
"WIRE, PRESSURE AERIS W/AGILE TIP .014 175CM","Wilm5451755","CDM","272","RC","C1769","HCPCS","","","facility","both","","","","3619.97","3619.97","","","","","","","","","","","","","Gross Charge Type: Main Acute Price List"
"WIRE, REDUCTION 1.8MM DIA 400MM LONG","PacuChSup71530","CDM","278","RC","C1713","HCPCS","","","facility","both","","","","1586.99","1586.99","","","","","","","","","","","","","Gross Charge Type: Main Acute Price List"
"WIRE, ROTA PERIPHERAL X-SUPPORT","EplbChSup55858","CDM","272","RC","C1769","HCPCS","","","facility","both","","","","878.45","878.45","","","","","","","","","","","","","Gross Charge Type: Main Acute Price List"
"WIRE, ROTAWIRE DRIVE EXTRA SUPPORT .014 2.8CM","AnesWmSup113762","CDM","272","RC","","","","","facility","both","","","","1243.16","1243.16","","","","","","","","","","","","","Gross Charge Type: Main Acute Price List"
"WIRE, ROTAWIRE DRIVE FLOPPY .014 2.2CM","CcthChSup113761","CDM","272","RC","","","","","facility","both","","","","1243.16","1243.16","","","","","","","","","","","","","Gross Charge Type: Main Acute Price List"
"WIRE, SMART COMBI BOLT TSF","AnesChSup119128","CDM","272","RC","","","","","facility","both","","","","1447.53","1447.53","","","","","","","","","","","","","Gross Charge Type: Main Acute Price List"
"WIRE, SMART COMBI BOLT TSF","OperChSup119128","CDM","272","RC","","","","","facility","both","","","","1447.53","1447.53","","","","","","","","","","","","","Gross Charge Type: Main Acute Price List"
"WIRE, SURGICAL KIRSCHNER .09X100MM","CspuChSup118070","CDM","272","RC","","","","","facility","both","","","","318.42","318.42","","","","","","","","","","","","","Gross Charge Type: Main Acute Price List"
"WIRE, SURGICAL KIRSCHNER .09X100MM","OperChSup118070","CDM","272","RC","","","","","facility","both","","","","318.42","318.42","","","","","","","","","","","","","Gross Charge Type: Main Acute Price List"
"WIRE, TITANIUM BYT 1.8MM","DelrChSup119545","CDM","278","RC","C1713","HCPCS","","","facility","both","","","","1332.73","1332.73","","","","","","","","","","","","","Gross Charge Type: Main Acute Price List"
"WIRE, TRANSEND STANDARD .014/182CM","OperWmSup48438","CDM","272","RC","C1769","HCPCS","","","facility","both","","","","3532.51","3532.51","","","","","","","","","","","","","Gross Charge Type: Main Acute Price List"
"WIRE,COMPRESSION 1.6X 150MM THREADED LG 20","OperWmSup67353","CDM","278","RC","C1713","HCPCS","","","facility","both","","","","270.16","270.16","","","","","","","","","","","","","Gross Charge Type: Main Acute Price List"
"WIRE,DIAMOND TIP EXFIX HOFFMANN LRF 1.8X450","OperWmSup63926","CDM","278","RC","","","","","facility","both","","","","452.37","452.37","","","","","","","","","","","","","Gross Charge Type: Main Acute Price List"
"WIRE,MEDLINE HYDROPHILIC COAT SS.010X80","CspuChSup61695","CDM","272","RC","C1769","HCPCS","","","facility","both","","","","369.59","369.59","","","","","","","","","","","","","Gross Charge Type: Main Acute Price List"
"WIRE,OLIVE TIP EXFIX HOFFMANN LRF 1.8X450","AngiWmSup63925","CDM","278","RC","","","","","facility","both","","","","552.16","552.16","","","","","","","","","","","","","Gross Charge Type: Main Acute Price List"
"WIRE,OLIVE TIP EXFIX HOFFMANN LRF 1.8X450","ScorChSup63925","CDM","278","RC","","","","","facility","both","","","","552.16","552.16","","","","","","","","","","","","","Gross Charge Type: Main Acute Price List"
"WIRE,OLIVE TIP EXFIX HOFFMANN LRF 1.8X450","Wilm3163925","CDM","278","RC","","","","","facility","both","","","","552.16","552.16","","","","","","","","","","","","","Gross Charge Type: Main Acute Price List"
"WIRE,PLATE REDUCT THRED TIP LRG STOP 1.25X150","DelrChSup72126","CDM","278","RC","C1713","HCPCS","","","facility","both","","","","807.98","807.98","","","","","","","","","","","","","Gross Charge Type: Main Acute Price List"
"WIRE-PLAT PLUS .014X300 46-71","PacuChSup117267","CDM","272","RC","C1769","HCPCS","","","facility","both","","","","619.45","619.45","","","","","","","","","","","","","Gross Charge Type: Main Acute Price List"
"WIRE-PLAT PLUS .018X180 46-73","GyscChSup117266","CDM","272","RC","C1769","HCPCS","","","facility","both","","","","490.17","490.17","","","","","","","","","","","","","Gross Charge Type: Main Acute Price List"
"WIREGUIDE, SAVARY GILLIAR 200C","Chrs54206156","CDM","272","RC","C1769","HCPCS","","","facility","both","","","","708.37","708.37","","","","","","","","","","","","","Gross Charge Type: Main Acute Price List"
"WIREGUIDE, SPRING MARKED W/ARROW ADVANCER 0.35IN","OperWmSup68798","CDM","272","RC","C1769","HCPCS","","","facility","both","","","","10.97","10.97","","","","","","","","","","","","","Gross Charge Type: Main Acute Price List"
"WRAP, SPU VEST EXTRA LARGE DISPOSABLE","OperWmSup37849","CDM","270","RC","","","","","facility","both","","","","422.68","422.68","","","","","","","","","","","","","Gross Charge Type: Main Acute Price List"
"WRAP, SPU VEST EXTRA LARGE DISPOSABLE","ScpuWmSup37849","CDM","270","RC","","","","","facility","both","","","","422.68","422.68","","","","","","","","","","","","","Gross Charge Type: Main Acute Price List"
"WRENCH, PATIENT 8MM/11MM","GyscChSup108111","CDM","270","RC","","","","","facility","both","","","","1584.67","1584.67","","","","","","","","","","","","","Gross Charge Type: Main Acute Price List"
"WRENCH, PATIENT 8MM/11MM","OperWmSup108111","CDM","270","RC","","","","","facility","both","","","","1584.67","1584.67","","","","","","","","","","","","","Gross Charge Type: Main Acute Price List"
"Wbc alkaline phosphatase","85540","HCPCS","","","","","","","facility","outpatient","","","","","","Ambetter","All Commercial Plans","11.18","","","","","","","fee schedule","5.59","25.8","Laboratory"
"Wcd device interrogate","93292","HCPCS","","","","","","","facility","outpatient","","","","","","Bcbs","Highmark Wholecare Medicare Managed Care Plan","44.36","","","","","","","fee schedule","38.31","120.99","APC"
"Wedging of clubfoot cast","29750","HCPCS","","","","","","","facility","outpatient","","","","","","Bcbs","Highmark Health Options Medicare Managed Care Plan","309.8","","","","","","","fee schedule","287.13","906.73","APC"
"Wheelchair mngment training","97542","HCPCS","","","","","","","facility","outpatient","","","","","","Amerihealth","Medicare Managed Care Plan","33.4","","","","","","","fee schedule","29.38","92.79","APC"
"Whole mitochondrial genome","81460","HCPCS","","","","","","","facility","outpatient","","","","","","Aetna","All Commercial Plans","1428.57","","","","","","","fee schedule","836.55","3861","Laboratory"
"Withdrawal of arterial blood","36600","HCPCS","","","","","","","facility","outpatient","","","","","","Aetna","All Commercial Plans","201.29","","","","","","","fee schedule","136.59","431.33","Radiology"
"Withdrawal of arterial blood","36600","HCPCS","","","","","","","facility","outpatient","","","","","","Ambetter","All Commercial Plans","215.66","","","","","","","fee schedule","136.59","431.33","Radiology"
"Wound Debridement And Skin Graft Except Hand For Musculoskeletal And Connective Tissue Disorders Wit","465","MS-DRG","","","","","","","facility","inpatient","","","","","","Amerihealth","Medicare Managed Care Plan","","","[MSDRG Base Rate: FEE SCHEDULE]","","","","0","other","","","No services performed during 15-month lookback period."
"Wound Debridement And Skin Graft Except Hand For Musculoskeletal And Connective Tissue Disorders Wit","465","MS-DRG","","","","","","","facility","inpatient","","","","","","Unitedhealthcare","Medicare Managed Care Plan","16995.91","","","","","","","fee schedule","15829.53","42856.95","MSDRG Base Rate"
"Wound Debridements For Injuries With Mcc","901","MS-DRG","","","","","","","facility","inpatient","","","","","","Cigna","All Commercial Plans","","","[SNF-(% BC): 60] [All Other IP (%BC): 88.46]","","","","0","other","","","No services performed during 15-month lookback period."
"Wound Debridements For Injuries Without Cc/Mcc","903","MS-DRG","","","","","","","facility","inpatient","","","","","","Unitedhealthcare","All Commercial Plans","","91","","","","","0","percent of total billed charges","","","No services performed during 15-month lookback period."
"Wound prep trk/arm/leg","15002","HCPCS","","","","","","","facility","outpatient","","","","","","Bcbs","Highmark Medicare Managed Care Plan","758.73","","","","","","","fee schedule","758.73","2395.99","APC"
"Wrist endoscopy/surgery","29848","HCPCS","","","","","","","facility","outpatient","","","","","","Jefferson Health Plan","Health Partners Medicaid Managed Care/Aca Plan","5212.93","","","","","","","fee schedule","1650.76","5212.93","APC"
"Wrist replacement","25446","HCPCS","","","","","","","facility","outpatient","","","","","","Aetna","All Commercial Plans","26526.59","","","","","","","fee schedule","18000.18","56842.69","Radiology"
"X-PLATE, 4-HOLE 12MM","GastWmSup112184","CDM","278","RC","C1713","HCPCS","","","facility","both","","","","954.76","954.76","","","","","","","","","","","","","Gross Charge Type: Main Acute Price List"
"X-POST, 6.6 X 20","CspuChSup60435","CDM","278","RC","C1713","HCPCS","","","facility","both","","","","7239.94","7239.94","","","","","","","","","","","","","Gross Charge Type: Main Acute Price List"
"X-POST, 6.6 X 20","ScpuChSup60435","CDM","278","RC","C1713","HCPCS","","","facility","both","","","","7239.94","7239.94","","","","","","","","","","","","","Gross Charge Type: Main Acute Price List"
"X-linked intellectual dblt","81471","HCPCS","","","","","","","facility","outpatient","","","","","","Ambetter","All Commercial Plans","1371","","","","","","","fee schedule","594.1","2742","Radiology"
"X-ray aorta leg arteries","75630","HCPCS","","","","","","","facility","outpatient","","","","","","Cigna","All Commercial Plans","4783.89","","","","","","","fee schedule","3241.46","10236.2",""
"X-ray assay calculus","82370","HCPCS","","","","","","","facility","outpatient","","","","","","Bcbs","Highmark All Commercial Plans","18.47","","","","","","","fee schedule","8.14","37.56","Radiology"
"X-ray exam abdomen 3+ views","74021","HCPCS","","","","","","","facility","outpatient","","","","","","Amerihealth","Medicare Managed Care Plan","122.01","","","","","","","fee schedule","107.33","338.93","APC"
"X-ray exam abdomen 3+ views","74021","HCPCS","","","","","","","facility","outpatient","","","","","","Bcbs","Highmark Wholecare Medicare Managed Care Plan","124.27","","","","","","","fee schedule","107.33","338.93","APC"
"X-ray exam chest 1 view","71045","HCPCS","","","","","","","facility","outpatient","","","","","","Jefferson Health Plan","Health Partners Medicaid Managed Care/Aca Plan","282.13","","","","","","","fee schedule","89.34","282.13","APC"
"X-ray exam chest 3 views","71047","HCPCS","","","","","","","facility","outpatient","","","","","","Unitedhealthcare","All Commercial Plans","144.57","","","","","","","fee schedule","89.34","282.13",""
"X-ray exam entire spi 1 vw","72081","HCPCS","","","","","","","facility","outpatient","","","","","","Jefferson Health Plan","Health Partners Medicare Managed Care Plan","98.74","","","","","","","fee schedule","89.34","282.13","APC"
"X-ray exam neck spine 2-3 vw","72040","HCPCS","","","","","","","facility","outpatient","","","","","","Aetna","All Commercial Plans","131.66","","","","","","","fee schedule","89.34","282.13","Radiology"
"X-ray exam neck spine 6/>vws","72052","HCPCS","","","","","","","facility","outpatient","","","","","","Amerihealth","Caritas Next Other Commercial Plan","180.76","","","","","","","fee schedule","107.33","338.93","Radiology"
"X-ray exam neck spine 6/>vws","72052","HCPCS","","","","","","","facility","outpatient","","","","","","Bcbs","Highmark All Commercial Plans","166.69","","","","","","","fee schedule","107.33","338.93","Radiology"
"X-ray exam of ankle","73600","HCPCS","","","","","","","facility","outpatient","","","","","","Healthspring","Medicare Managed Care Plan","94.04","","","","","","","fee schedule","89.34","282.13","APC"
"X-ray exam of body section","76100","HCPCS","","","","","","","facility","outpatient","","","","","","Aetna","Medicare Managed Care Plan","116.36","","","","","","","fee schedule","107.33","338.93","APC"
"X-ray exam of elbow","73080","HCPCS","","","","","","","facility","outpatient","","","","","","Jefferson Health Plan","Health Partners Medicare Managed Care Plan","98.74","","","","","","","fee schedule","89.34","282.13","APC"
"X-ray exam of eye sockets","70190","HCPCS","","","","","","","facility","outpatient","","","","","","Aetna","All Commercial Plans","131.66","","","","","","","fee schedule","89.34","282.13","Radiology"
"X-ray exam of facial bones","70140","HCPCS","","","","","","","facility","outpatient","","","","","","Cigna","All Commercial Plans","137.77","","","","","","","fee schedule","89.34","282.13",""
"X-ray exam of facial bones","70150","HCPCS","","","","","","","facility","outpatient","","","","","","Cigna","All Commercial Plans","193.48","","","","","","","fee schedule","107.33","338.93",""
"X-ray exam of foot","73630","HCPCS","","","","","","","facility","outpatient","","","","","","Bcbs","Highmark All Commercial Plans","138.76","","","","","","","fee schedule","89.34","282.13","Radiology"
"X-ray exam of humerus","73060","HCPCS","","","","","","","facility","outpatient","","","","","","Amerihealth","Caritas Next Other Commercial Plan","150.47","","","","","","","fee schedule","89.34","282.13","Radiology"
"X-ray exam of jaw joint","70332","HCPCS","","","","","","","facility","outpatient","","","","","","Ambetter","All Commercial Plans","386.76","","","","","","","fee schedule","244.95","773.52","Radiology"
"X-ray exam of knee 1 or 2","73560","HCPCS","","","","","","","facility","outpatient","","","","","","Aetna","Medicare Managed Care Plan","96.86","","","","","","","fee schedule","89.34","282.13","APC"
"X-ray exam of knee 3","73562","HCPCS","","","","","","","facility","outpatient","","","","","","Amerihealth","Caritas Next Other Commercial Plan","150.47","","","","","","","fee schedule","89.34","282.13","Radiology"
"X-ray exam of leg infant","73592","HCPCS","","","","","","","facility","outpatient","","","","","","Bcbs","Highmark Wholecare Medicare Managed Care Plan","103.45","","","","","","","fee schedule","89.34","282.13","APC"
"X-ray exam of lower leg","73590","HCPCS","","","","","","","facility","outpatient","","","","","","Bcbs","Highmark All Commercial Plans","138.76","","","","","","","fee schedule","89.34","282.13","Radiology"
"X-ray exam of mastoids","70120","HCPCS","","","","","","","facility","outpatient","","","","","","Aetna","All Commercial Plans","158.17","","","","","","","fee schedule","107.33","338.93","Radiology"
"X-ray exam of mastoids","70120","HCPCS","","","","","","","facility","outpatient","","","","","","Amerihealth","Caritas Next Other Commercial Plan","180.76","","","","","","","fee schedule","107.33","338.93","Radiology"
"X-ray exam of neck","70360","HCPCS","","","","","","","facility","outpatient","","","","","","Bcbs","Highmark Health Options Medicare Managed Care Plan","96.39","","","","","","","fee schedule","89.34","282.13","APC"
"X-ray exam of salivary gland","70380","HCPCS","","","","","","","facility","outpatient","","","","","","Jefferson Health Plan","Health Partners Medicaid Managed Care/Aca Plan","282.13","","","","","","","fee schedule","89.34","282.13","APC"
"X-ray exam of shoulder blade","73010","HCPCS","","","","","","","facility","outpatient","","","","","","Bcbs","Highmark Health Options Medicare Managed Care Plan","115.8","","","","","","","fee schedule","107.33","338.93","APC"
"X-ray exam of shoulder","73020","HCPCS","","","","","","","facility","outpatient","","","","","","Jefferson Health Plan","Health Partners Medicare Managed Care Plan","98.74","","","","","","","fee schedule","89.34","282.13","APC"
"X-ray exam of shoulders","73050","HCPCS","","","","","","","facility","outpatient","","","","","","Amerihealth","Caritas Next Other Commercial Plan","150.47","","","","","","","fee schedule","89.34","282.13","Radiology"
"X-ray exam of sinuses","70210","HCPCS","","","","","","","facility","outpatient","","","","","","Amerihealth","Caritas Next Other Commercial Plan","150.47","","","","","","","fee schedule","89.34","282.13","Radiology"
"X-ray exam of sinuses","70220","HCPCS","","","","","","","facility","outpatient","","","","","","Jefferson Health Plan","Health Partners Medicare Managed Care Plan","98.74","","","","","","","fee schedule","89.34","282.13","APC"
"X-ray exam of teeth","70310","HCPCS","","","","","","","facility","outpatient","","","","","","Amerihealth","Caritas Next Other Commercial Plan","412.54","","","","","","","fee schedule","244.95","773.52","Radiology"
"X-ray exam of wrist","73110","HCPCS","","","","","","","facility","outpatient","","","","","","Jefferson Health Plan","Health Partners Medicaid Managed Care/Aca Plan","282.13","","","","","","","fee schedule","89.34","282.13","APC"
"X-ray exam ribs uni 2 views","71100","HCPCS","","","","","","","facility","outpatient","","","","","","Jefferson Health Plan","Health Partners Medicare Managed Care Plan","98.74","","","","","","","fee schedule","89.34","282.13","APC"
"X-ray exam si joints 3/> vws","72202","HCPCS","","","","","","","facility","outpatient","","","","","","Amerihealth","Medicare Managed Care Plan","122.01","","","","","","","fee schedule","107.33","338.93","APC"
"X-ray exam si joints","72200","HCPCS","","","","","","","facility","outpatient","","","","","","Cigna","All Commercial Plans","193.48","","","","","","","fee schedule","107.33","338.93",""
"X-ray exam thorac spine 3vws","72072","HCPCS","","","","","","","facility","outpatient","","","","","","Bcbs","Highmark All Commercial Plans","166.69","","","","","","","fee schedule","107.33","338.93","Radiology"
"X-ray eye for foreign body","70030","HCPCS","","","","","","","facility","outpatient","","","","","","Bcbs","Highmark Wholecare Medicare Managed Care Plan","103.45","","","","","","","fee schedule","89.34","282.13","APC"
"X-ray eye for foreign body","70030","HCPCS","","","","","","","facility","outpatient","","","","","","Unitedhealthcare","All Commercial Plans","144.57","","","","","","","fee schedule","89.34","282.13",""
"X-ray guide gu dilation","74485","HCPCS","","","","","","","facility","outpatient","","","","","","Bcbs","Highmark Wholecare Medicare Managed Care Plan","2484.82","","","","","","","fee schedule","2145.98","6776.79","APC"
"X-ray nose to rectum","76010","HCPCS","","","","","","","facility","outpatient","","","","","","Bcbs","Highmark Wholecare Medicare Managed Care Plan","103.45","","","","","","","fee schedule","89.34","282.13","APC"
"X-ray of lower spine disk","72295","HCPCS","","","","","","","facility","outpatient","","","","","","Bcbs","Highmark All Commercial Plans","3113.56","","","","","","","fee schedule","2004.66","6330.52","Radiology"
"X-ray of mammary ducts","77054","HCPCS","","","","","","","facility","outpatient","","","","","","Bcbs","Highmark Health Options Medicare Managed Care Plan","264.29","","","","","","","fee schedule","244.95","773.52","APC"
"X-ray strenoclavic jt 3/>vws","71130","HCPCS","","","","","","","facility","outpatient","","","","","","Unitedhealthcare","All Commercial Plans","144.57","","","","","","","fee schedule","89.34","282.13",""
"X-ray taken using computed radiography technology/cassette-based imaging","","","","","","","","","facility","both","","","FY","","","Aetna","Medicare Managed Care Plan","","","","","","","","","","","The modified price is presented in the standard charge value."
"X-ray taken using computed radiography technology/cassette-based imaging","","","","","","","","","facility","both","","","FY","","","BCBS","Highmark All Commercial Plans","","","","","","","","","","","The modified price is presented in the standard charge value."
"X-ray taken using computed radiography technology/cassette-based imaging","","","","","","","","","facility","both","","","FY","","","BCBS","Highmark WholeCare Medicare Managed Care Plan","","","","","","","","","","","The modified price is presented in the standard charge value."
"X-ray urethra/bladder","74450","HCPCS","","","","","","","facility","outpatient","","","","","","Aetna","Medicare Managed Care Plan","265.58","","","","","","","fee schedule","244.95","773.52","APC"
"X-ray xm esophagus 2cntrst","74221","HCPCS","","","","","","","facility","outpatient","","","","","","Ambetter","All Commercial Plans","284.32","","","","","","","fee schedule","180.07","568.63","Radiology"
"X-ray xm esophagus 2cntrst","74221","HCPCS","","","","","","","facility","outpatient","","","","","","Bcbs","Highmark All Commercial Plans","279.67","","","","","","","fee schedule","180.07","568.63","Radiology"
"X-ray xm esophagus 2cntrst","74221","HCPCS","","","","","","","facility","outpatient","","","","","","Healthspring","Medicare Managed Care Plan","189.54","","","","","","","fee schedule","180.07","568.63","APC"
"X-ray xm esophagus 2cntrst","74221","HCPCS","","","","","","","facility","outpatient","","","","","","Unitedhealthcare","All Commercial Plans","319.25","","","","","","","fee schedule","180.07","568.63",""
"X-rays bone length studies","77073","HCPCS","","","","","","","facility","outpatient","","","","","","Bcbs","Highmark All Commercial Plans","166.69","","","","","","","fee schedule","107.33","338.93","Radiology"
"XRAY,ABDOMEN,SINGLE ANTEROPOSTERIOR VIEW GLR","Jnpc542504","CDM","320","RC","74018","HCPCS","","","facility","both","","","","143.97","143.97","","","","","","","","","","","","","Gross Charge Type: Acute Discounted"
"XRAY,ABDOMEN,SINGLE ANTEROPOSTERIOR VIEW GLR","Wilm542504","CDM","320","RC","74018","HCPCS","","","facility","both","","","","188.01","188.01","","","","","","","","","","","","","Gross Charge Type: Main Acute Price List"
"XRAY,ACROMIOCLAVICULAR JOINTS,BIL,W/W DISTRACTION PFR","Jnpc54P2148","CDM","975","RC","73050","HCPCS","","","facility","both","","","26","51.04","51.04","","","","","","","","","","","","","Gross Charge Type: Main Acute Price List | The modified price is presented in the standard charge value. | Modifier 26: Professional Component"
"XRAY,ACROMIOCLAVICULAR JOINTS,BIL,W/W DISTRACTION PFR","MDIA54P2148","CDM","975","RC","73050","HCPCS","","","facility","both","","","26","51.04","51.04","","","","","","","","","","","","","Gross Charge Type: Main Acute Price List | The modified price is presented in the standard charge value. | Modifier 26: Professional Component"
"XRAY,ANKLE,1 VIEW,LT GLR","MDIA546542","CDM","320","RC","73600","HCPCS","","","facility","both","","","52LT","113.21","113.21","","","","","","","","","","","","","Gross Charge Type: Acute Discounted | The modified price is presented in the standard charge value. | Modifier 52: Reduced Services | Modifier LT: Left side (used to identify procedures performed on the left side of the body)"
"XRAY,ANKLE,1 VIEW,RT GLR","S107XR6550","CDM","320","RC","73600","HCPCS","","","facility","both","","","52RT","113.21","113.21","","","","","","","","","","","","","Gross Charge Type: Acute Discounted | The modified price is presented in the standard charge value. | Modifier 52: Reduced Services | Modifier RT: Right side (used to identify procedures performed on the right side of the body)"
"XRAY,ANKLE,2 VIEWS,LT GLR","BRML542379","CDM","320","RC","73600","HCPCS","","","facility","both","","","LT","113.21","113.21","","","","","","","","","","","","","Gross Charge Type: Acute Discounted | The modified price is presented in the standard charge value. | Modifier LT: Left side (used to identify procedures performed on the left side of the body)"
"XRAY,ANKLE,2 VIEWS,LT GLR","CPCMXR542379","CDM","320","RC","73600","HCPCS","","","facility","both","","","LT","182.41","182.41","","","","","","","","","","","","","Gross Charge Type: Main Acute Price List | The modified price is presented in the standard charge value. | Modifier LT: Left side (used to identify procedures performed on the left side of the body)"
"XRAY,ANKLE,2 VIEWS,LT GLR","Ccsp542379","CDM","320","RC","73600","HCPCS","","","facility","both","","","LT","182.41","182.41","","","","","","","","","","","","","Gross Charge Type: Main Acute Price List | The modified price is presented in the standard charge value. | Modifier LT: Left side (used to identify procedures performed on the left side of the body)"
"XRAY,ANKLE,2 VIEWS,LT GLR","Jnpc542379","CDM","320","RC","73600","HCPCS","","","facility","both","","","LT","113.21","113.21","","","","","","","","","","","","","Gross Charge Type: Acute Discounted | The modified price is presented in the standard charge value. | Modifier LT: Left side (used to identify procedures performed on the left side of the body)"
"XRAY,ANKLE,2 VIEWS,LT GLR","WilmXR2379","CDM","320","RC","73600","HCPCS","","","facility","both","","","LT","113.21","113.21","","","","","","","","","","","","","Gross Charge Type: Acute Discounted | The modified price is presented in the standard charge value. | Modifier LT: Left side (used to identify procedures performed on the left side of the body)"
"XRAY,ANKLE,2 VIEWS,RT GLR","CcsmXR6552","CDM","320","RC","73600","HCPCS","","","facility","both","","","RT","182.41","182.41","","","","","","","","","","","","","Gross Charge Type: Main Acute Price List | The modified price is presented in the standard charge value. | Modifier RT: Right side (used to identify procedures performed on the right side of the body)"
"XRAY,ANKLE,2 VIEWS,RT GLR","Ccsp546552","CDM","320","RC","73600","HCPCS","","","facility","both","","","RT","113.21","113.21","","","","","","","","","","","","","Gross Charge Type: Acute Discounted | The modified price is presented in the standard charge value. | Modifier RT: Right side (used to identify procedures performed on the right side of the body)"
"XRAY,ANKLE,COMPLETE,MINIMUM 3 VIEWS,LT GLR","Ccsb542334","CDM","320","RC","73610","HCPCS","","","facility","both","","","LT","191.5","191.5","","","","","","","","","","","","","Gross Charge Type: Main Acute Price List | The modified price is presented in the standard charge value. | Modifier LT: Left side (used to identify procedures performed on the left side of the body)"
"XRAY,ANKLE,COMPLETE,MINIMUM 3 VIEWS,RT GLR","Wilm542377","CDM","320","RC","73610","HCPCS","","","facility","both","","","RT","146.77","146.77","","","","","","","","","","","","","Gross Charge Type: Acute Discounted | The modified price is presented in the standard charge value. | Modifier RT: Right side (used to identify procedures performed on the right side of the body)"
"XRAY,ANKLE,COMPLETE,MINIMUM 3 VIEWS,RT PFR","BRML54P2377","CDM","975","RC","73610","HCPCS","","","facility","both","","","26RT","39.15","39.15","","","","","","","","","","","","","Gross Charge Type: Main Acute Price List | The modified price is presented in the standard charge value. | Modifier 26: Professional Component | Modifier RT: Right side (used to identify procedures performed on the right side of the body)"
"XRAY,ARTHROGRAPHY,ELBOW,RS&I,RT GLP","CPCM546135","CDM","320","RC","73085","HCPCS","","","facility","both","","","RTTC","564.7","564.7","","","","","","","","","","","","","Gross Charge Type: Acute Discounted | The modified price is presented in the standard charge value. | Modifier RT: Right side (used to identify procedures performed on the right side of the body) | Modifier TC: Technical Component; represents the costs of equipment, supplies, and technician personnel for a procedure, excluding the physician's interpretation. It is used when only the technical portion of a test is billed, typically by hospitals, imaging centers, or independent diagnostic testing facilities"
"XRAY,ARTHROGRAPHY,KNEE,RS&I GLP","CPCM546038","CDM","320","RC","73580","HCPCS","","","facility","both","","","TC","916.95","916.95","","","","","","","","","","","","","Gross Charge Type: Main Acute Price List | The modified price is presented in the standard charge value. | Modifier TC: Technical Component; represents the costs of equipment, supplies, and technician personnel for a procedure, excluding the physician's interpretation. It is used when only the technical portion of a test is billed, typically by hospitals, imaging centers, or independent diagnostic testing facilities"
"XRAY,ARTHROGRAPHY,KNEE,RS&I GLP","ChrsXR6038","CDM","320","RC","73580","HCPCS","","","facility","both","","","TC","916.95","916.95","","","","","","","","","","","","","Gross Charge Type: Main Acute Price List | The modified price is presented in the standard charge value. | Modifier TC: Technical Component; represents the costs of equipment, supplies, and technician personnel for a procedure, excluding the physician's interpretation. It is used when only the technical portion of a test is billed, typically by hospitals, imaging centers, or independent diagnostic testing facilities"
"XRAY,ARTHROGRAPHY,WRIST,RS&I,LT GLP","Chrs546119","CDM","320","RC","73115","HCPCS","","","facility","both","","","LTTC","426.33","426.33","","","","","","","","","","","","","Gross Charge Type: Acute Discounted | The modified price is presented in the standard charge value. | Modifier LT: Left side (used to identify procedures performed on the left side of the body) | Modifier TC: Technical Component; represents the costs of equipment, supplies, and technician personnel for a procedure, excluding the physician's interpretation. It is used when only the technical portion of a test is billed, typically by hospitals, imaging centers, or independent diagnostic testing facilities"
"XRAY,ARTHROGRAPHY,WRIST,RS&I,LT GLP","ChrsXR6119","CDM","320","RC","73115","HCPCS","","","facility","both","","","LTTC","426.33","426.33","","","","","","","","","","","","","Gross Charge Type: Acute Discounted | The modified price is presented in the standard charge value. | Modifier LT: Left side (used to identify procedures performed on the left side of the body) | Modifier TC: Technical Component; represents the costs of equipment, supplies, and technician personnel for a procedure, excluding the physician's interpretation. It is used when only the technical portion of a test is billed, typically by hospitals, imaging centers, or independent diagnostic testing facilities"
"XRAY,ARTHROGRAPHY,WRIST,RS&I,RT GLP","CPCM546186","CDM","320","RC","73115","HCPCS","","","facility","both","","","TCRT","554.92","554.92","","","","","","","","","","","","","Gross Charge Type: Main Acute Price List | The modified price is presented in the standard charge value. | Modifier TC: Technical Component; represents the costs of equipment, supplies, and technician personnel for a procedure, excluding the physician's interpretation. It is used when only the technical portion of a test is billed, typically by hospitals, imaging centers, or independent diagnostic testing facilities | Modifier RT: Right side (used to identify procedures performed on the right side of the body)"
"XRAY,CALCANEUS,1 VIEW, RT PFR","MDIA54P2514","CDM","975","RC","73650","HCPCS","","","facility","both","","","2652RT","29.35","29.35","","","","","","","","","","","","","Gross Charge Type: Main Acute Price List | The modified price is presented in the standard charge value. | Modifier 26: Professional Component | Modifier 52: Reduced Services | Modifier RT: Right side (used to identify procedures performed on the right side of the body)"
"XRAY,CALCANEUS,1 VIEW, RT PFR","RdpfXRP2514","CDM","975","RC","73650","HCPCS","","","facility","both","","","2652RT","29.35","29.35","","","","","","","","","","","","","Gross Charge Type: Main Acute Price List | The modified price is presented in the standard charge value. | Modifier 26: Professional Component | Modifier 52: Reduced Services | Modifier RT: Right side (used to identify procedures performed on the right side of the body)"
"XRAY,CALCANEUS,1 VIEW,LT GLR","Cccc562371","CDM","320","RC","73650","HCPCS","","","facility","both","","","52LT","89.45","89.45","","","","","","","","","","","","","Gross Charge Type: Main Acute Price List | The modified price is presented in the standard charge value. | Modifier 52: Reduced Services | Modifier LT: Left side (used to identify procedures performed on the left side of the body)"
"XRAY,CALCANEUS,1 VIEW,LT GLR","CcspXR2371","CDM","320","RC","73650","HCPCS","","","facility","both","","","52LT","89.45","89.45","","","","","","","","","","","","","Gross Charge Type: Main Acute Price List | The modified price is presented in the standard charge value. | Modifier 52: Reduced Services | Modifier LT: Left side (used to identify procedures performed on the left side of the body)"
"XRAY,CALCANEUS,MINIMUM 2 VIEWS,LT GLR","Ccic542369","CDM","320","RC","73650","HCPCS","","","facility","both","","","LT","125.8","125.8","","","","","","","","","","","","","Gross Charge Type: Acute Discounted | The modified price is presented in the standard charge value. | Modifier LT: Left side (used to identify procedures performed on the left side of the body)"
"XRAY,CALCANEUS,MINIMUM 2 VIEWS,LT GLR","Ccsb542369","CDM","320","RC","73650","HCPCS","","","facility","both","","","LT","125.8","125.8","","","","","","","","","","","","","Gross Charge Type: Acute Discounted | The modified price is presented in the standard charge value. | Modifier LT: Left side (used to identify procedures performed on the left side of the body)"
"XRAY,CALCANEUS,MINIMUM 2 VIEWS,LT GLR","S107XR2369","CDM","320","RC","73650","HCPCS","","","facility","both","","","LT","125.8","125.8","","","","","","","","","","","","","Gross Charge Type: Acute Discounted | The modified price is presented in the standard charge value. | Modifier LT: Left side (used to identify procedures performed on the left side of the body)"
"XRAY,CALCANEUS,MINIMUM 2 VIEWS,LT PFR","RdpcXRP2369","CDM","975","RC","73650","HCPCS","","","facility","both","","","26LT","37.74","37.74","","","","","","","","","","","","","Gross Charge Type: Main Acute Price List | The modified price is presented in the standard charge value. | Modifier 26: Professional Component | Modifier LT: Left side (used to identify procedures performed on the left side of the body)"
"XRAY,CALCANEUS,MINIMUM 2 VIEWS,RT GLR","CcimXR2512","CDM","320","RC","73650","HCPCS","","","facility","both","","","RT","125.8","125.8","","","","","","","","","","","","","Gross Charge Type: Acute Discounted | The modified price is presented in the standard charge value. | Modifier RT: Right side (used to identify procedures performed on the right side of the body)"
"XRAY,CALCANEUS,MINIMUM 2 VIEWS,RT GLR","Chrs542512","CDM","320","RC","73650","HCPCS","","","facility","both","","","RT","125.8","125.8","","","","","","","","","","","","","Gross Charge Type: Acute Discounted | The modified price is presented in the standard charge value. | Modifier RT: Right side (used to identify procedures performed on the right side of the body)"
"XRAY,CALCANEUS,MINIMUM 2 VIEWS,RT GLR","WilmXR2512","CDM","320","RC","73650","HCPCS","","","facility","both","","","RT","125.8","125.8","","","","","","","","","","","","","Gross Charge Type: Acute Discounted | The modified price is presented in the standard charge value. | Modifier RT: Right side (used to identify procedures performed on the right side of the body)"
"XRAY,CHEST,2 VIEWS,FRONTAL/LATERAL GLR","CPCMXR541656","CDM","320","RC","71046","HCPCS","","","facility","both","","","","225.03","225.03","","","","","","","","","","","","","Gross Charge Type: Main Acute Price List"
"XRAY,CHEST,2 VIEWS,FRONTAL/LATERAL GLR","CcicXR1656","CDM","320","RC","71046","HCPCS","","","facility","both","","","","225.03","225.03","","","","","","","","","","","","","Gross Charge Type: Main Acute Price List"
"XRAY,CHEST,2 VIEWS,FRONTAL/LATERAL GLR","MDIA541656","CDM","320","RC","71046","HCPCS","","","facility","both","","","","173.32","173.32","","","","","","","","","","","","","Gross Charge Type: Acute Discounted"
"XRAY,CHEST,2 VIEWS,FRONTAL/LATERAL GLR","S107541656","CDM","320","RC","71046","HCPCS","","","facility","both","","","","225.03","225.03","","","","","","","","","","","","","Gross Charge Type: Main Acute Price List"
"XRAY,CHEST,2 VIEWS,FRONTAL/LATERAL PFR","GLNM54P1656","CDM","975","RC","71046","HCPCS","","","facility","both","","","26","51.04","51.04","","","","","","","","","","","","","Gross Charge Type: Main Acute Price List | The modified price is presented in the standard charge value. | Modifier 26: Professional Component"
"XRAY,CHEST,4VIEWS,FRONTAL/LATERAL/OBLIQUE PROJECTIONS GLR","BRML541532","CDM","320","RC","71048","HCPCS","","","facility","both","","","","638.79","638.79","","","","","","","","","","","","","Gross Charge Type: Acute Discounted"
"XRAY,CHEST,4VIEWS,FRONTAL/LATERAL/OBLIQUE PROJECTIONS GLR","MDIA541532","CDM","320","RC","71048","HCPCS","","","facility","both","","","","638.79","638.79","","","","","","","","","","","","","Gross Charge Type: Acute Discounted"
"XRAY,CHEST,SINGLE VIEW,FRONTAL GLR","CcsmXR1508","CDM","320","RC","71045","HCPCS","","","facility","both","","","","131.39","131.39","","","","","","","","","","","","","Gross Charge Type: Acute Discounted"
"XRAY,CHEST,SINGLE VIEW,FRONTAL GLR","FcinXR1508","CDM","320","RC","71045","HCPCS","","","facility","both","","","","131.39","131.39","","","","","","","","","","","","","Gross Charge Type: Acute Discounted"
"XRAY,CHEST,SINGLE VIEW,FRONTAL GLR","S107541508","CDM","320","RC","71045","HCPCS","","","facility","both","","","","131.39","131.39","","","","","","","","","","","","","Gross Charge Type: Acute Discounted"
"XRAY,COLON,AIR CONTRAST W BARIUM GLR","Midd542660","CDM","320","RC","74280","HCPCS","","","facility","both","","","","599.65","599.65","","","","","","","","","","","","","Gross Charge Type: Acute Discounted"
"XRAY,COLON,CONTRAST ENEMA,W/WO KUB GLR","CPCM542652","CDM","320","RC","74270","HCPCS","","","facility","both","","","","597.56","597.56","","","","","","","","","","","","","Gross Charge Type: Main Acute Price List"
"XRAY,COLON,CONTRAST ENEMA,W/WO KUB GLR","Chhn542652","CDM","320","RC","74270","HCPCS","","","facility","both","","","","459.86","459.86","","","","","","","","","","","","","Gross Charge Type: Acute Discounted"
"XRAY,COLON,CONTRAST ENEMA,W/WO KUB PFR","RdpcXRP2652","CDM","975","RC","74270","HCPCS","","","facility","both","","","26","157.95","157.95","","","","","","","","","","","","","Gross Charge Type: Main Acute Price List | The modified price is presented in the standard charge value. | Modifier 26: Professional Component"
"XRAY,ELBOW,1 VIEW,LT GLR","CcicXR6461","CDM","320","RC","73070","HCPCS","","","facility","both","","","52LT","143.97","143.97","","","","","","","","","","","","","Gross Charge Type: Acute Discounted | The modified price is presented in the standard charge value. | Modifier 52: Reduced Services | Modifier LT: Left side (used to identify procedures performed on the left side of the body)"
"XRAY,ELBOW,1 VIEW,LT GLR","S107546461","CDM","320","RC","73070","HCPCS","","","facility","both","","","52LT","143.97","143.97","","","","","","","","","","","","","Gross Charge Type: Acute Discounted | The modified price is presented in the standard charge value. | Modifier 52: Reduced Services | Modifier LT: Left side (used to identify procedures performed on the left side of the body)"
"XRAY,ELBOW,1 VIEW,RT GLR","CcimXR6488","CDM","320","RC","73070","HCPCS","","","facility","both","","","52RT","143.97","143.97","","","","","","","","","","","","","Gross Charge Type: Acute Discounted | The modified price is presented in the standard charge value. | Modifier 52: Reduced Services | Modifier RT: Right side (used to identify procedures performed on the right side of the body)"
"XRAY,ELBOW,1 VIEW,RT GLR","Chrs546488","CDM","320","RC","73070","HCPCS","","","facility","both","","","52RT","143.97","143.97","","","","","","","","","","","","","Gross Charge Type: Acute Discounted | The modified price is presented in the standard charge value. | Modifier 52: Reduced Services | Modifier RT: Right side (used to identify procedures performed on the right side of the body)"
"XRAY,ELBOW,2 VIEWS,LT GLR","Fcin542059","CDM","320","RC","73070","HCPCS","","","facility","both","","","LT","188.01","188.01","","","","","","","","","","","","","Gross Charge Type: Main Acute Price List | The modified price is presented in the standard charge value. | Modifier LT: Left side (used to identify procedures performed on the left side of the body)"
"XRAY,ELBOW,2 VIEWS,LT GLR","Star542059","CDM","320","RC","73070","HCPCS","","","facility","both","","","LT","143.97","143.97","","","","","","","","","","","","","Gross Charge Type: Acute Discounted | The modified price is presented in the standard charge value. | Modifier LT: Left side (used to identify procedures performed on the left side of the body)"
"XRAY,ELBOW,COMPLETE,MINIMUM 3 VIEWS,LT GLR","Ccsb542067","CDM","320","RC","73080","HCPCS","","","facility","both","","","LT","159.35","159.35","","","","","","","","","","","","","Gross Charge Type: Acute Discounted | The modified price is presented in the standard charge value. | Modifier LT: Left side (used to identify procedures performed on the left side of the body)"
"XRAY,ELBOW,COMPLETE,MINIMUM 3 VIEWS,RT GLR","Ccsp542069","CDM","320","RC","73080","HCPCS","","","facility","both","","","RT","159.35","159.35","","","","","","","","","","","","","Gross Charge Type: Acute Discounted | The modified price is presented in the standard charge value. | Modifier RT: Right side (used to identify procedures performed on the right side of the body)"
"XRAY,ELBOW,COMPLETE,MINIMUM 3 VIEWS,RT GLR","S107542069","CDM","320","RC","73080","HCPCS","","","facility","both","","","RT","206.87","206.87","","","","","","","","","","","","","Gross Charge Type: Main Acute Price List | The modified price is presented in the standard charge value. | Modifier RT: Right side (used to identify procedures performed on the right side of the body)"
"XRAY,EXAMINATION,SURGICAL SPECIMEN GLP","CPCMXR543527","CDM","320","RC","76098","HCPCS","","","facility","both","","","","150.26","150.26","","","","","","","","","","","","","Gross Charge Type: Main Acute Price List"
"XRAY,EXAMINATION,SURGICAL SPECIMEN GLP","ChrsXR3527","CDM","320","RC","76098","HCPCS","","","facility","both","","","","150.26","150.26","","","","","","","","","","","","","Gross Charge Type: Main Acute Price List"
"XRAY,FEMUR,1 VIEW,RT PFR","BRML54P6593","CDM","975","RC","73551","HCPCS","","","facility","both","","","26RT","33.55","33.55","","","","","","","","","","","","","Gross Charge Type: Main Acute Price List | The modified price is presented in the standard charge value. | Modifier 26: Professional Component | Modifier RT: Right side (used to identify procedures performed on the right side of the body)"
"XRAY,FEMUR,2 VIEWS,LT GLR","MDIA542288","CDM","320","RC","73552","HCPCS","","","facility","both","","","LT","159.35","159.35","","","","","","","","","","","","","Gross Charge Type: Acute Discounted | The modified price is presented in the standard charge value. | Modifier LT: Left side (used to identify procedures performed on the left side of the body)"
"XRAY,FEMUR,2 VIEWS,LT PFR","Jnpc54P2288","CDM","975","RC","73552","HCPCS","","","facility","both","","","26LT","41.93","41.93","","","","","","","","","","","","","Gross Charge Type: Main Acute Price List | The modified price is presented in the standard charge value. | Modifier 26: Professional Component | Modifier LT: Left side (used to identify procedures performed on the left side of the body)"
"XRAY,FEMUR,2 VIEWS,RT GLR","CcicXR2555","CDM","320","RC","73552","HCPCS","","","facility","both","","","RT","206.87","206.87","","","","","","","","","","","","","Gross Charge Type: Main Acute Price List | The modified price is presented in the standard charge value. | Modifier RT: Right side (used to identify procedures performed on the right side of the body)"
"XRAY,FEMUR,2 VIEWS,RT GLR","Ccsb542555","CDM","320","RC","73552","HCPCS","","","facility","both","","","RT","159.35","159.35","","","","","","","","","","","","","Gross Charge Type: Acute Discounted | The modified price is presented in the standard charge value. | Modifier RT: Right side (used to identify procedures performed on the right side of the body)"
"XRAY,FEMUR,2 VIEWS,RT GLR","Fcin542555","CDM","320","RC","73552","HCPCS","","","facility","both","","","RT","206.87","206.87","","","","","","","","","","","","","Gross Charge Type: Main Acute Price List | The modified price is presented in the standard charge value. | Modifier RT: Right side (used to identify procedures performed on the right side of the body)"
"XRAY,FEMUR,2 VIEWS,RT GLR","S107542555","CDM","320","RC","73552","HCPCS","","","facility","both","","","RT","159.35","159.35","","","","","","","","","","","","","Gross Charge Type: Acute Discounted | The modified price is presented in the standard charge value. | Modifier RT: Right side (used to identify procedures performed on the right side of the body)"
"XRAY,FINGER,MINIMUM 2 VIEWS,LT FIFTH FINGER GLR","CPCM546291","CDM","320","RC","73140","HCPCS","","","facility","both","","","F4LT","116.02","116.02","","","","","","","","","","","","","Gross Charge Type: Acute Discounted | The modified price is presented in the standard charge value. | Modifier F4: Left hand, fifth digit | Modifier LT: Left side (used to identify procedures performed on the left side of the body)"
"XRAY,FINGER,MINIMUM 2 VIEWS,LT FIFTH FINGER GLR","HcccXR6291","CDM","320","RC","73140","HCPCS","","","facility","both","","","F4LT","116.02","116.02","","","","","","","","","","","","","Gross Charge Type: Acute Discounted | The modified price is presented in the standard charge value. | Modifier F4: Left hand, fifth digit | Modifier LT: Left side (used to identify procedures performed on the left side of the body)"
"XRAY,FINGER,MINIMUM 2 VIEWS,LT MIDDLE FINGER GLR","CPCM546275","CDM","320","RC","73140","HCPCS","","","facility","both","","","F2LT","116.02","116.02","","","","","","","","","","","","","Gross Charge Type: Acute Discounted | The modified price is presented in the standard charge value. | Modifier F2: Left hand, third digit | Modifier LT: Left side (used to identify procedures performed on the left side of the body)"
"XRAY,FINGER,MINIMUM 2 VIEWS,LT MIDDLE FINGER GLR","ChrsXR6275","CDM","320","RC","73140","HCPCS","","","facility","both","","","F2LT","150.26","150.26","","","","","","","","","","","","","Gross Charge Type: Main Acute Price List | The modified price is presented in the standard charge value. | Modifier F2: Left hand, third digit | Modifier LT: Left side (used to identify procedures performed on the left side of the body)"
"XRAY,FINGER,MINIMUM 2 VIEWS,LT RING FINGER GLR","Chhn546283","CDM","320","RC","73140","HCPCS","","","facility","both","","","F3LT","150.26","150.26","","","","","","","","","","","","","Gross Charge Type: Main Acute Price List | The modified price is presented in the standard charge value. | Modifier F3: Left hand, fourth digit | Modifier LT: Left side (used to identify procedures performed on the left side of the body)"
"XRAY,FINGER,MINIMUM 2 VIEWS,LT RING FINGER GLR","Fcin546283","CDM","320","RC","73140","HCPCS","","","facility","both","","","F3LT","116.02","116.02","","","","","","","","","","","","","Gross Charge Type: Acute Discounted | The modified price is presented in the standard charge value. | Modifier F3: Left hand, fourth digit | Modifier LT: Left side (used to identify procedures performed on the left side of the body)"
"XRAY,FINGER,MINIMUM 2 VIEWS,LT THUMB GLR","CcspXR6259","CDM","320","RC","73140","HCPCS","","","facility","both","","","FALT","116.02","116.02","","","","","","","","","","","","","Gross Charge Type: Acute Discounted | The modified price is presented in the standard charge value. | Modifier FA: Left hand, thumb | Modifier LT: Left side (used to identify procedures performed on the left side of the body)"
"XRAY,FINGER,MINIMUM 2 VIEWS,LT THUMB GLR","S107546259","CDM","320","RC","73140","HCPCS","","","facility","both","","","FALT","116.02","116.02","","","","","","","","","","","","","Gross Charge Type: Acute Discounted | The modified price is presented in the standard charge value. | Modifier FA: Left hand, thumb | Modifier LT: Left side (used to identify procedures performed on the left side of the body)"
"XRAY,FINGER,MINIMUM 2 VIEWS,RT FIFTH FINGER GLR","CcccCR6240","CDM","320","RC","73140","HCPCS","","","facility","both","","","F9RT","150.26","150.26","","","","","","","","","","","","","Gross Charge Type: Main Acute Price List | The modified price is presented in the standard charge value. | Modifier F9: Right hand, fifth digit | Modifier RT: Right side (used to identify procedures performed on the right side of the body)"
"XRAY,FINGER,MINIMUM 2 VIEWS,RT FIFTH FINGER GLR","CcspXR6240","CDM","320","RC","73140","HCPCS","","","facility","both","","","F9RT","150.26","150.26","","","","","","","","","","","","","Gross Charge Type: Main Acute Price List | The modified price is presented in the standard charge value. | Modifier F9: Right hand, fifth digit | Modifier RT: Right side (used to identify procedures performed on the right side of the body)"
"XRAY,FINGER,MINIMUM 2 VIEWS,RT FIFTH FINGER GLR","HcccXR6240","CDM","320","RC","73140","HCPCS","","","facility","both","","","F9RT","116.02","116.02","","","","","","","","","","","","","Gross Charge Type: Acute Discounted | The modified price is presented in the standard charge value. | Modifier F9: Right hand, fifth digit | Modifier RT: Right side (used to identify procedures performed on the right side of the body)"
"XRAY,FINGER,MINIMUM 2 VIEWS,RT FIFTH FINGER GLR","MDIA546240","CDM","320","RC","73140","HCPCS","","","facility","both","","","F9RT","150.26","150.26","","","","","","","","","","","","","Gross Charge Type: Main Acute Price List | The modified price is presented in the standard charge value. | Modifier F9: Right hand, fifth digit | Modifier RT: Right side (used to identify procedures performed on the right side of the body)"
"XRAY,FINGER,MINIMUM 2 VIEWS,RT INDEX FINGER GLR","Chrs546216","CDM","320","RC","73140","HCPCS","","","facility","both","","","F6RT","150.26","150.26","","","","","","","","","","","","","Gross Charge Type: Main Acute Price List | The modified price is presented in the standard charge value. | Modifier F6: Right hand, second digit | Modifier RT: Right side (used to identify procedures performed on the right side of the body)"
"XRAY,FINGER,MINIMUM 2 VIEWS,RT INDEX FINGER PFR","BRML54P6216","CDM","975","RC","73140","HCPCS","","","facility","both","","","26F6","33.55","33.55","","","","","","","","","","","","","Gross Charge Type: Main Acute Price List | The modified price is presented in the standard charge value. | Modifier 26: Professional Component | Modifier F6: Right hand, second digit"
"XRAY,FINGER,MINIMUM 2 VIEWS,RT MIDDLE FINGER GLR","CcsbXR6224","CDM","320","RC","73140","HCPCS","","","facility","both","","","F7RT","116.02","116.02","","","","","","","","","","","","","Gross Charge Type: Acute Discounted | The modified price is presented in the standard charge value. | Modifier F7: Right hand, third digit | Modifier RT: Right side (used to identify procedures performed on the right side of the body)"
"XRAY,FINGER,MINIMUM 2 VIEWS,RT MIDDLE FINGER GLR","Wilm546224","CDM","320","RC","73140","HCPCS","","","facility","both","","","F7RT","150.26","150.26","","","","","","","","","","","","","Gross Charge Type: Main Acute Price List | The modified price is presented in the standard charge value. | Modifier F7: Right hand, third digit | Modifier RT: Right side (used to identify procedures performed on the right side of the body)"
"XRAY,FINGER,MINIMUM 2 VIEWS,RT MIDDLE FINGER GLR","WilmXR6224","CDM","320","RC","73140","HCPCS","","","facility","both","","","F7RT","150.26","150.26","","","","","","","","","","","","","Gross Charge Type: Main Acute Price List | The modified price is presented in the standard charge value. | Modifier F7: Right hand, third digit | Modifier RT: Right side (used to identify procedures performed on the right side of the body)"
"XRAY,FINGER,MINIMUM 2 VIEWS,RT RING FINGER GLR","GLNM546232","CDM","320","RC","73140","HCPCS","","","facility","both","","","F8RT","116.02","116.02","","","","","","","","","","","","","Gross Charge Type: Acute Discounted | The modified price is presented in the standard charge value. | Modifier F8: Right hand, fourth digit | Modifier RT: Right side (used to identify procedures performed on the right side of the body)"
"XRAY,FINGER,MINIMUM 2 VIEWS,RT RING FINGER GLR","StarXR6232","CDM","320","RC","73140","HCPCS","","","facility","both","","","F8RT","116.02","116.02","","","","","","","","","","","","","Gross Charge Type: Acute Discounted | The modified price is presented in the standard charge value. | Modifier F8: Right hand, fourth digit | Modifier RT: Right side (used to identify procedures performed on the right side of the body)"
"XRAY,FOOT,1 VIEW,LT GLR","S107XR6607","CDM","320","RC","73620","HCPCS","","","facility","both","","","52LT","182.41","182.41","","","","","","","","","","","","","Gross Charge Type: Main Acute Price List | The modified price is presented in the standard charge value. | Modifier 52: Reduced Services | Modifier LT: Left side (used to identify procedures performed on the left side of the body)"
"XRAY,FOOT,1 VIEW,LT PFR","RdpfXRP6607","CDM","975","RC","73620","HCPCS","","","facility","both","","","2652LT","24.47","24.47","","","","","","","","","","","","","Gross Charge Type: Main Acute Price List | The modified price is presented in the standard charge value. | Modifier 26: Professional Component | Modifier 52: Reduced Services | Modifier LT: Left side (used to identify procedures performed on the left side of the body)"
"XRAY,FOOT,1 VIEW,RT GLR","CcicXR6615","CDM","320","RC","73620","HCPCS","","","facility","both","","","52RT","182.41","182.41","","","","","","","","","","","","","Gross Charge Type: Main Acute Price List | The modified price is presented in the standard charge value. | Modifier 52: Reduced Services | Modifier RT: Right side (used to identify procedures performed on the right side of the body)"
"XRAY,FOOT,1 VIEW,RT GLR","Fcin546615","CDM","320","RC","73620","HCPCS","","","facility","both","","","52RT","182.41","182.41","","","","","","","","","","","","","Gross Charge Type: Main Acute Price List | The modified price is presented in the standard charge value. | Modifier 52: Reduced Services | Modifier RT: Right side (used to identify procedures performed on the right side of the body)"
"XRAY,FOOT,1 VIEW,RT GLR","HcccXR6615","CDM","320","RC","73620","HCPCS","","","facility","both","","","52RT","139.77","139.77","","","","","","","","","","","","","Gross Charge Type: Acute Discounted | The modified price is presented in the standard charge value. | Modifier 52: Reduced Services | Modifier RT: Right side (used to identify procedures performed on the right side of the body)"
"XRAY,FOOT,1 VIEW,RT GLR","Jnpc546615","CDM","320","RC","73620","HCPCS","","","facility","both","","","52RT","182.41","182.41","","","","","","","","","","","","","Gross Charge Type: Main Acute Price List | The modified price is presented in the standard charge value. | Modifier 52: Reduced Services | Modifier RT: Right side (used to identify procedures performed on the right side of the body)"
"XRAY,FOOT,1 VIEW,RT GLR","StarXR6615","CDM","320","RC","73620","HCPCS","","","facility","both","","","52RT","182.41","182.41","","","","","","","","","","","","","Gross Charge Type: Main Acute Price List | The modified price is presented in the standard charge value. | Modifier 52: Reduced Services | Modifier RT: Right side (used to identify procedures performed on the right side of the body)"
"XRAY,FOOT,2 VIEWS,LT GLR","Ccsm542342","CDM","320","RC","73620","HCPCS","","","facility","both","","","LT","139.77","139.77","","","","","","","","","","","","","Gross Charge Type: Acute Discounted | The modified price is presented in the standard charge value. | Modifier LT: Left side (used to identify procedures performed on the left side of the body)"
"XRAY,FOOT,2 VIEWS,RT GLR","MiddXR2571","CDM","320","RC","73620","HCPCS","","","facility","both","","","RT","182.41","182.41","","","","","","","","","","","","","Gross Charge Type: Main Acute Price List | The modified price is presented in the standard charge value. | Modifier RT: Right side (used to identify procedures performed on the right side of the body)"
"XRAY,FOOT,COMPLETE,MINIMUM 3 VIEWS,LT GLR","BRML542393","CDM","320","RC","73630","HCPCS","","","facility","both","","","LT","146.77","146.77","","","","","","","","","","","","","Gross Charge Type: Acute Discounted | The modified price is presented in the standard charge value. | Modifier LT: Left side (used to identify procedures performed on the left side of the body)"
"XRAY,FOOT,COMPLETE,MINIMUM 3 VIEWS,LT GLR","CPCM542393","CDM","320","RC","73630","HCPCS","","","facility","both","","","LT","146.77","146.77","","","","","","","","","","","","","Gross Charge Type: Acute Discounted | The modified price is presented in the standard charge value. | Modifier LT: Left side (used to identify procedures performed on the left side of the body)"
"XRAY,FOOT,COMPLETE,MINIMUM 3 VIEWS,LT GLR","ChrsXR2393","CDM","320","RC","73630","HCPCS","","","facility","both","","","LT","146.77","146.77","","","","","","","","","","","","","Gross Charge Type: Acute Discounted | The modified price is presented in the standard charge value. | Modifier LT: Left side (used to identify procedures performed on the left side of the body)"
"XRAY,FOOT,COMPLETE,MINIMUM 3 VIEWS,RT GLR","Ccsm542598","CDM","320","RC","73630","HCPCS","","","facility","both","","","RT","146.77","146.77","","","","","","","","","","","","","Gross Charge Type: Acute Discounted | The modified price is presented in the standard charge value. | Modifier RT: Right side (used to identify procedures performed on the right side of the body)"
"XRAY,FOOT,COMPLETE,MINIMUM 3 VIEWS,RT GLR","Jnpc542598","CDM","320","RC","73630","HCPCS","","","facility","both","","","RT","191.5","191.5","","","","","","","","","","","","","Gross Charge Type: Main Acute Price List | The modified price is presented in the standard charge value. | Modifier RT: Right side (used to identify procedures performed on the right side of the body)"
"XRAY,FOOT,COMPLETE,MINIMUM 3 VIEWS,RT GLR","S107542598","CDM","320","RC","73630","HCPCS","","","facility","both","","","RT","191.5","191.5","","","","","","","","","","","","","Gross Charge Type: Main Acute Price List | The modified price is presented in the standard charge value. | Modifier RT: Right side (used to identify procedures performed on the right side of the body)"
"XRAY,FOREARM,1 VIEW,LT GLR","Ccsb546674","CDM","320","RC","73090","HCPCS","","","facility","both","","","52LT","144.68","144.68","","","","","","","","","","","","","Gross Charge Type: Main Acute Price List | The modified price is presented in the standard charge value. | Modifier 52: Reduced Services | Modifier LT: Left side (used to identify procedures performed on the left side of the body)"
"XRAY,FOREARM,1 VIEW,RT GLR","Hccc546682","CDM","320","RC","73090","HCPCS","","","facility","both","","","RT52","143.97","143.97","","","","","","","","","","","","","Gross Charge Type: Acute Discounted | The modified price is presented in the standard charge value. | Modifier RT: Right side (used to identify procedures performed on the right side of the body) | Modifier 52: Reduced Services"
"XRAY,FOREARM,1 VIEW,RT GLR","S107XR6682","CDM","320","RC","73090","HCPCS","","","facility","both","","","RT52","144.68","144.68","","","","","","","","","","","","","Gross Charge Type: Main Acute Price List | The modified price is presented in the standard charge value. | Modifier RT: Right side (used to identify procedures performed on the right side of the body) | Modifier 52: Reduced Services"
"XRAY,FOREARM,1 VIEW,RT GLR","Star546682","CDM","320","RC","73090","HCPCS","","","facility","both","","","RT52","144.68","144.68","","","","","","","","","","","","","Gross Charge Type: Main Acute Price List | The modified price is presented in the standard charge value. | Modifier RT: Right side (used to identify procedures performed on the right side of the body) | Modifier 52: Reduced Services"
"XRAY,FOREARM,2 VIEWS,LT GLR","Chhn542075","CDM","320","RC","73090","HCPCS","","","facility","both","","","LT","143.97","143.97","","","","","","","","","","","","","Gross Charge Type: Acute Discounted | The modified price is presented in the standard charge value. | Modifier LT: Left side (used to identify procedures performed on the left side of the body)"
"XRAY,FOREARM,2 VIEWS,LT PFR","MDIA54P2075","CDM","975","RC","73090","HCPCS","","","facility","both","","","26LT","39.15","39.15","","","","","","","","","","","","","Gross Charge Type: Main Acute Price List | The modified price is presented in the standard charge value. | Modifier 26: Professional Component | Modifier LT: Left side (used to identify procedures performed on the left side of the body)"
"XRAY,FOREARM,2 VIEWS,RT GLR","BRML542156","CDM","320","RC","73090","HCPCS","","","facility","both","","","RT","188.01","188.01","","","","","","","","","","","","","Gross Charge Type: Main Acute Price List | The modified price is presented in the standard charge value. | Modifier RT: Right side (used to identify procedures performed on the right side of the body)"
"XRAY,FOREARM,2 VIEWS,RT GLR","Hccc542156","CDM","320","RC","73090","HCPCS","","","facility","both","","","RT","143.97","143.97","","","","","","","","","","","","","Gross Charge Type: Acute Discounted | The modified price is presented in the standard charge value. | Modifier RT: Right side (used to identify procedures performed on the right side of the body)"
"XRAY,FOREIGN BODY DETECTION,RT GLR","MDIA541045","CDM","320","RC","70030","HCPCS","","","facility","both","","","RT","150.49","150.49","","","","","","","","","","","","","Gross Charge Type: Main Acute Price List | The modified price is presented in the standard charge value. | Modifier RT: Right side (used to identify procedures performed on the right side of the body)"
"XRAY,GASTROINTESTINAL TRACT,UPPER,AIR CONTRAST,W KUBv","Midd545775","CDM","320","RC","74246","HCPCS","","","facility","both","","","","591.25","591.25","","","","","","","","","","","","","Gross Charge Type: Main Acute Price List"
"XRAY,HAND,1 VIEW,LT GLR","Midd546569","CDM","320","RC","73120","HCPCS","","","facility","both","","","52LT","120.9","120.9","","","","","","","","","","","","","Gross Charge Type: Main Acute Price List | The modified price is presented in the standard charge value. | Modifier 52: Reduced Services | Modifier LT: Left side (used to identify procedures performed on the left side of the body)"
"XRAY,HAND,1 VIEW,LT GLR","MiddXR6569","CDM","320","RC","73120","HCPCS","","","facility","both","","","52LT","136.97","136.97","","","","","","","","","","","","","Gross Charge Type: Acute Discounted | The modified price is presented in the standard charge value. | Modifier 52: Reduced Services | Modifier LT: Left side (used to identify procedures performed on the left side of the body)"
"XRAY,HAND,1 VIEW,LT GLR","Wilm546569","CDM","320","RC","73120","HCPCS","","","facility","both","","","52LT","136.97","136.97","","","","","","","","","","","","","Gross Charge Type: Acute Discounted | The modified price is presented in the standard charge value. | Modifier 52: Reduced Services | Modifier LT: Left side (used to identify procedures performed on the left side of the body)"
"XRAY,HAND,1 VIEW,RT GLR","CcccCR6577","CDM","320","RC","73120","HCPCS","","","facility","both","","","52RT","136.97","136.97","","","","","","","","","","","","","Gross Charge Type: Acute Discounted | The modified price is presented in the standard charge value. | Modifier 52: Reduced Services | Modifier RT: Right side (used to identify procedures performed on the right side of the body)"
"XRAY,HAND,2 VIEWS,LT GLR","Ccsp546570","CDM","320","RC","73120","HCPCS","","","facility","both","","","LT","182.41","182.41","","","","","","","","","","","","","Gross Charge Type: Main Acute Price List | The modified price is presented in the standard charge value. | Modifier LT: Left side (used to identify procedures performed on the left side of the body)"
"XRAY,HAND,2 VIEWS,RT GLR","CcccCR6578","CDM","320","RC","73120","HCPCS","","","facility","both","","","RT","136.97","136.97","","","","","","","","","","","","","Gross Charge Type: Acute Discounted | The modified price is presented in the standard charge value. | Modifier RT: Right side (used to identify procedures performed on the right side of the body)"
"XRAY,HAND,2 VIEWS,RT GLR","CcimXR6578","CDM","320","RC","73120","HCPCS","","","facility","both","","","RT","182.41","182.41","","","","","","","","","","","","","Gross Charge Type: Main Acute Price List | The modified price is presented in the standard charge value. | Modifier RT: Right side (used to identify procedures performed on the right side of the body)"
"XRAY,HAND,2 VIEWS,RT GLR","CcsmXR6578","CDM","320","RC","73120","HCPCS","","","facility","both","","","RT","136.97","136.97","","","","","","","","","","","","","Gross Charge Type: Acute Discounted | The modified price is presented in the standard charge value. | Modifier RT: Right side (used to identify procedures performed on the right side of the body)"
"XRAY,HAND,2 VIEWS,RT GLR","ChrsXR6578","CDM","320","RC","73120","HCPCS","","","facility","both","","","RT","136.97","136.97","","","","","","","","","","","","","Gross Charge Type: Acute Discounted | The modified price is presented in the standard charge value. | Modifier RT: Right side (used to identify procedures performed on the right side of the body)"
"XRAY,HAND,MINIMUM 3 VIEWS,LT GLR","CcsbXR2113","CDM","320","RC","73130","HCPCS","","","facility","both","","","LT","146.77","146.77","","","","","","","","","","","","","Gross Charge Type: Acute Discounted | The modified price is presented in the standard charge value. | Modifier LT: Left side (used to identify procedures performed on the left side of the body)"
"XRAY,HAND,MINIMUM 3 VIEWS,RT GLR","Ccsp542164","CDM","320","RC","73130","HCPCS","","","facility","both","","","RT","146.77","146.77","","","","","","","","","","","","","Gross Charge Type: Acute Discounted | The modified price is presented in the standard charge value. | Modifier RT: Right side (used to identify procedures performed on the right side of the body)"
"XRAY,HAND,MINIMUM 3 VIEWS,RT GLR","FcinXR2164","CDM","320","RC","73130","HCPCS","","","facility","both","","","RT","191.5","191.5","","","","","","","","","","","","","Gross Charge Type: Main Acute Price List | The modified price is presented in the standard charge value. | Modifier RT: Right side (used to identify procedures performed on the right side of the body)"
"XRAY,HIP,UNI,1 VIEW,LT GLR","ChrsXR2415","CDM","320","RC","73501","HCPCS","","","facility","both","","","LT","170.52","170.52","","","","","","","","","","","","","Gross Charge Type: Main Acute Price List | The modified price is presented in the standard charge value. | Modifier LT: Left side (used to identify procedures performed on the left side of the body)"
"XRAY,HIP,UNI,1 VIEW,LT GLR","Fcin542415","CDM","320","RC","73501","HCPCS","","","facility","both","","","LT","170.52","170.52","","","","","","","","","","","","","Gross Charge Type: Main Acute Price List | The modified price is presented in the standard charge value. | Modifier LT: Left side (used to identify procedures performed on the left side of the body)"
"XRAY,HIP,UNI,1 VIEW,LT GLR","Hccc542415","CDM","320","RC","73501","HCPCS","","","facility","both","","","LT","170.52","170.52","","","","","","","","","","","","","Gross Charge Type: Main Acute Price List | The modified price is presented in the standard charge value. | Modifier LT: Left side (used to identify procedures performed on the left side of the body)"
"XRAY,HIP,UNI,1 VIEW,RT GLR","Ccic542806","CDM","320","RC","73501","HCPCS","","","facility","both","","","RT","131.39","131.39","","","","","","","","","","","","","Gross Charge Type: Acute Discounted | The modified price is presented in the standard charge value. | Modifier RT: Right side (used to identify procedures performed on the right side of the body)"
"XRAY,HIP,UNI,1 VIEW,RT GLR","Ccic542806","CDM","320","RC","73501","HCPCS","","","facility","both","","","RT","170.52","170.52","","","","","","","","","","","","","Gross Charge Type: Main Acute Price List | The modified price is presented in the standard charge value. | Modifier RT: Right side (used to identify procedures performed on the right side of the body)"
"XRAY,HIP,UNI,1 VIEW,RT GLR","Ccsb542806","CDM","320","RC","73501","HCPCS","","","facility","both","","","RT","170.52","170.52","","","","","","","","","","","","","Gross Charge Type: Main Acute Price List | The modified price is presented in the standard charge value. | Modifier RT: Right side (used to identify procedures performed on the right side of the body)"
"XRAY,HIP,UNI,1 VIEW,RT GLR","Ccsm542806","CDM","320","RC","73501","HCPCS","","","facility","both","","","RT","170.52","170.52","","","","","","","","","","","","","Gross Charge Type: Main Acute Price List | The modified price is presented in the standard charge value. | Modifier RT: Right side (used to identify procedures performed on the right side of the body)"
"XRAY,HIP,UNI,1 VIEW,RT PFR","BRML54P2806","CDM","975","RC","73501","HCPCS","","","facility","both","","","26RT","41.93","41.93","","","","","","","","","","","","","Gross Charge Type: Main Acute Price List | The modified price is presented in the standard charge value. | Modifier 26: Professional Component | Modifier RT: Right side (used to identify procedures performed on the right side of the body)"
"XRAY,HIP,UNI,COMPLETE,2-3 VIEWS,LT GLR","CcspXR1915","CDM","320","RC","73502","HCPCS","","","facility","both","","","LT","206.87","206.87","","","","","","","","","","","","","Gross Charge Type: Main Acute Price List | The modified price is presented in the standard charge value. | Modifier LT: Left side (used to identify procedures performed on the left side of the body)"
"XRAY,HIP,UNI,COMPLETE,2-3 VIEWS,LT GLR","ChrsXR1915","CDM","320","RC","73502","HCPCS","","","facility","both","","","LT","159.35","159.35","","","","","","","","","","","","","Gross Charge Type: Acute Discounted | The modified price is presented in the standard charge value. | Modifier LT: Left side (used to identify procedures performed on the left side of the body)"
"XRAY,HIP,UNI,COMPLETE,2-3 VIEWS,LT GLR","ChrsXR1915","CDM","320","RC","73502","HCPCS","","","facility","both","","","LT","206.87","206.87","","","","","","","","","","","","","Gross Charge Type: Main Acute Price List | The modified price is presented in the standard charge value. | Modifier LT: Left side (used to identify procedures performed on the left side of the body)"
"XRAY,HIP,UNI,COMPLETE,2-3 VIEWS,LT PFR","RdpfXRP1915","CDM","975","RC","73502","HCPCS","","","facility","both","","","26LT","53.83","53.83","","","","","","","","","","","","","Gross Charge Type: Main Acute Price List | The modified price is presented in the standard charge value. | Modifier 26: Professional Component | Modifier LT: Left side (used to identify procedures performed on the left side of the body)"
"XRAY,HIP,UNI,MINIMUM 4 VIEWS,LT PFR","MDIA54P1426","CDM","975","RC","73503","HCPCS","","","facility","both","","","26LT","60.1","60.1","","","","","","","","","","","","","Gross Charge Type: Main Acute Price List | The modified price is presented in the standard charge value. | Modifier 26: Professional Component | Modifier LT: Left side (used to identify procedures performed on the left side of the body)"
"XRAY,HIPS,BIL,2 VIEWS,W/WO PELVIS GLR","CcsbXR1923","CDM","320","RC","73521","HCPCS","","","facility","both","","","","239.72","239.72","","","","","","","","","","","","","Gross Charge Type: Main Acute Price List"
"XRAY,HIPS,BIL,2 VIEWS,W/WO PELVIS GLR","CcspXR1923","CDM","320","RC","73521","HCPCS","","","facility","both","","","","184.5","184.5","","","","","","","","","","","","","Gross Charge Type: Acute Discounted"
"XRAY,HIPS,BIL,2 VIEWS,W/WO PELVIS GLR","Chrs541923","CDM","320","RC","73521","HCPCS","","","facility","both","","","","184.5","184.5","","","","","","","","","","","","","Gross Charge Type: Acute Discounted"
"XRAY,HIPS,BIL,2 VIEWS,W/WO PELVIS GLR","MDIA541923","CDM","320","RC","73521","HCPCS","","","facility","both","","","","184.5","184.5","","","","","","","","","","","","","Gross Charge Type: Acute Discounted"
"XRAY,HIPS,BIL,2 VIEWS,W/WO PELVIS GLR","MDIA541923","CDM","320","RC","73521","HCPCS","","","facility","both","","","","239.72","239.72","","","","","","","","","","","","","Gross Charge Type: Main Acute Price List"
"XRAY,HIPS,BIL,MIN 5 VIEWS,W/WO PELVIS GLR","CcspXR1423","CDM","320","RC","73523","HCPCS","","","facility","both","","","","378.1","378.1","","","","","","","","","","","","","Gross Charge Type: Main Acute Price List"
"XRAY,HUMERUS,1 VIEW,LT GLR","CcimXR6623","CDM","320","RC","73060","HCPCS","","","facility","both","","","52LT","167.03","167.03","","","","","","","","","","","","","Gross Charge Type: Main Acute Price List | The modified price is presented in the standard charge value. | Modifier 52: Reduced Services | Modifier LT: Left side (used to identify procedures performed on the left side of the body)"
"XRAY,HUMERUS,1 VIEW,LT GLR","CcsbXR6623","CDM","320","RC","73060","HCPCS","","","facility","both","","","52LT","159.35","159.35","","","","","","","","","","","","","Gross Charge Type: Acute Discounted | The modified price is presented in the standard charge value. | Modifier 52: Reduced Services | Modifier LT: Left side (used to identify procedures performed on the left side of the body)"
"XRAY,HUMERUS,1 VIEW,LT GLR","Wilm546623","CDM","320","RC","73060","HCPCS","","","facility","both","","","52LT","167.03","167.03","","","","","","","","","","","","","Gross Charge Type: Main Acute Price List | The modified price is presented in the standard charge value. | Modifier 52: Reduced Services | Modifier LT: Left side (used to identify procedures performed on the left side of the body)"
"XRAY,HUMERUS,1 VIEW,LT PFR","Rdpf54P6623","CDM","975","RC","73060","HCPCS","","","facility","both","","","2652LT","32.14","32.14","","","","","","","","","","","","","Gross Charge Type: Main Acute Price List | The modified price is presented in the standard charge value. | Modifier 26: Professional Component | Modifier 52: Reduced Services | Modifier LT: Left side (used to identify procedures performed on the left side of the body)"
"XRAY,HUMERUS,1 VIEW,RT GLR","Fcin546631","CDM","320","RC","73060","HCPCS","","","facility","both","","","52RT","159.35","159.35","","","","","","","","","","","","","Gross Charge Type: Acute Discounted | The modified price is presented in the standard charge value. | Modifier 52: Reduced Services | Modifier RT: Right side (used to identify procedures performed on the right side of the body)"
"XRAY,HUMERUS,1 VIEW,RT GLR","S107546631","CDM","320","RC","73060","HCPCS","","","facility","both","","","52RT","159.35","159.35","","","","","","","","","","","","","Gross Charge Type: Acute Discounted | The modified price is presented in the standard charge value. | Modifier 52: Reduced Services | Modifier RT: Right side (used to identify procedures performed on the right side of the body)"
"XRAY,HUMERUS,MINIMUM 2 VIEWS,LT GLR","Cccc562040","CDM","320","RC","73060","HCPCS","","","facility","both","","","LT","206.87","206.87","","","","","","","","","","","","","Gross Charge Type: Main Acute Price List | The modified price is presented in the standard charge value. | Modifier LT: Left side (used to identify procedures performed on the left side of the body)"
"XRAY,HUMERUS,MINIMUM 2 VIEWS,LT GLR","Ccic542040","CDM","320","RC","73060","HCPCS","","","facility","both","","","LT","206.87","206.87","","","","","","","","","","","","","Gross Charge Type: Main Acute Price List | The modified price is presented in the standard charge value. | Modifier LT: Left side (used to identify procedures performed on the left side of the body)"
"XRAY,HUMERUS,MINIMUM 2 VIEWS,RT PFR","Jnpc54P2172","CDM","975","RC","73060","HCPCS","","","facility","both","","","26RT","39.15","39.15","","","","","","","","","","","","","Gross Charge Type: Main Acute Price List | The modified price is presented in the standard charge value. | Modifier 26: Professional Component | Modifier RT: Right side (used to identify procedures performed on the right side of the body)"
"XRAY,KNEE,1 OR 2 VIEWS,RIGHT GLR","ChrsXR2296","CDM","320","RC","73560","HCPCS","","","facility","both","","","RT","143.97","143.97","","","","","","","","","","","","","Gross Charge Type: Acute Discounted | The modified price is presented in the standard charge value. | Modifier RT: Right side (used to identify procedures performed on the right side of the body)"
"XRAY,KNEE,3 VIEWS,LT GLR","Midd542180","CDM","320","RC","73562","HCPCS","","","facility","both","","","LT","159.35","159.35","","","","","","","","","","","","","Gross Charge Type: Acute Discounted | The modified price is presented in the standard charge value. | Modifier LT: Left side (used to identify procedures performed on the left side of the body)"
"XRAY,KNEE,3 VIEWS,RT GLR","Cccc562318","CDM","320","RC","73562","HCPCS","","","facility","both","","","RT","159.35","159.35","","","","","","","","","","","","","Gross Charge Type: Acute Discounted | The modified price is presented in the standard charge value. | Modifier RT: Right side (used to identify procedures performed on the right side of the body)"
"XRAY,KNEE,3 VIEWS,RT GLR","Ccic542318","CDM","320","RC","73562","HCPCS","","","facility","both","","","RT","206.87","206.87","","","","","","","","","","","","","Gross Charge Type: Main Acute Price List | The modified price is presented in the standard charge value. | Modifier RT: Right side (used to identify procedures performed on the right side of the body)"
"XRAY,KNEE,3 VIEWS,RT GLR","CcsmXR2318","CDM","320","RC","73562","HCPCS","","","facility","both","","","RT","159.35","159.35","","","","","","","","","","","","","Gross Charge Type: Acute Discounted | The modified price is presented in the standard charge value. | Modifier RT: Right side (used to identify procedures performed on the right side of the body)"
"XRAY,KNEE,3 VIEWS,RT PFR","GLNM54P2318","CDM","975","RC","73562","HCPCS","","","facility","both","","","26RT","44.04","44.04","","","","","","","","","","","","","Gross Charge Type: Main Acute Price List | The modified price is presented in the standard charge value. | Modifier 26: Professional Component | Modifier RT: Right side (used to identify procedures performed on the right side of the body)"
"XRAY,KNEE,BOTH KNEES,STANDING,AP GLR","S107546520","CDM","320","RC","73565","HCPCS","","","facility","both","","","","182.41","182.41","","","","","","","","","","","","","Gross Charge Type: Main Acute Price List"
"XRAY,KNEE,BOTH KNEES,STANDING,AP GLR","S107XR6520","CDM","320","RC","73565","HCPCS","","","facility","both","","","","139.77","139.77","","","","","","","","","","","","","Gross Charge Type: Acute Discounted"
"XRAY,KNEE,BOTH KNEES,STANDING,AP PFR","BRML54P6520","CDM","975","RC","73565","HCPCS","","","facility","both","","","26","44.04","44.04","","","","","","","","","","","","","Gross Charge Type: Main Acute Price List | The modified price is presented in the standard charge value. | Modifier 26: Professional Component"
"XRAY,KNEE,COMPLETE,4 OR > VIEWS,LT GLR","GLNM542792","CDM","320","RC","73564","HCPCS","","","facility","both","","","LT","173.32","173.32","","","","","","","","","","","","","Gross Charge Type: Acute Discounted | The modified price is presented in the standard charge value. | Modifier LT: Left side (used to identify procedures performed on the left side of the body)"
"XRAY,KNEE,COMPLETE,4 OR > VIEWS,LT GLR","WilmXR2792","CDM","320","RC","73564","HCPCS","","","facility","both","","","LT","225.03","225.03","","","","","","","","","","","","","Gross Charge Type: Main Acute Price List | The modified price is presented in the standard charge value. | Modifier LT: Left side (used to identify procedures performed on the left side of the body)"
"XRAY,KNEE,COMPLETE,4 OR > VIEWS,RT GLR","Ccic545287","CDM","320","RC","73564","HCPCS","","","facility","both","","","RT","173.32","173.32","","","","","","","","","","","","","Gross Charge Type: Acute Discounted | The modified price is presented in the standard charge value. | Modifier RT: Right side (used to identify procedures performed on the right side of the body)"
"XRAY,LOWER EXTREMITY,INFANT,MINIMUM 2 VIEWS,LT PFR","Rdpf54P5312","CDM","975","RC","73592","HCPCS","","","facility","both","","","26LT","37.74","37.74","","","","","","","","","","","","","Gross Charge Type: Main Acute Price List | The modified price is presented in the standard charge value. | Modifier 26: Professional Component | Modifier LT: Left side (used to identify procedures performed on the left side of the body)"
"XRAY,MANDIBLE,COMPLETE,MINIMUM 4 VIEWS GLR","CcimXR1117","CDM","320","RC","70110","HCPCS","","","facility","both","","","","173.32","173.32","","","","","","","","","","","","","Gross Charge Type: Acute Discounted"
"XRAY,MANDIBLE,COMPLETE,MINIMUM 4 VIEWS GLR","CcsbXR1117","CDM","320","RC","70110","HCPCS","","","facility","both","","","","225.75","225.75","","","","","","","","","","","","","Gross Charge Type: Main Acute Price List"
"XRAY,NECK,SOFT TISSUE GLR","Ccsp541281","CDM","320","RC","70360","HCPCS","","","facility","both","","","","116.02","116.02","","","","","","","","","","","","","Gross Charge Type: Acute Discounted"
"XRAY,NECK,SOFT TISSUE GLR","Chrs541281","CDM","320","RC","70360","HCPCS","","","facility","both","","","","116.02","116.02","","","","","","","","","","","","","Gross Charge Type: Acute Discounted"
"XRAY,NECK,SOFT TISSUE GLR","StarXR1281","CDM","320","RC","70360","HCPCS","","","facility","both","","","","150.26","150.26","","","","","","","","","","","","","Gross Charge Type: Main Acute Price List"
"XRAY,ORBITS,COMPLETE,MINIMUM 4 VIEWS GLR","StarXR5643","CDM","320","RC","70200","HCPCS","","","facility","both","","","","225.03","225.03","","","","","","","","","","","","","Gross Charge Type: Main Acute Price List"
"XRAY,ORBITS,COMPLETE,MINIMUM 4 VIEWS PFR","BRML54P5643","CDM","975","RC","70200","HCPCS","","","facility","both","","","26","63.61","63.61","","","","","","","","","","","","","Gross Charge Type: Main Acute Price List | The modified price is presented in the standard charge value. | Modifier 26: Professional Component"
"XRAY,OSSEOUS SURVEY,COMPLETE GLR","CcicXR3179","CDM","320","RC","77075","HCPCS","","","facility","both","","","","387.17","387.17","","","","","","","","","","","","","Gross Charge Type: Acute Discounted"
"XRAY,OSSEOUS SURVEY,COMPLETE GLR","Fcin543179","CDM","320","RC","77075","HCPCS","","","facility","both","","","","387.17","387.17","","","","","","","","","","","","","Gross Charge Type: Acute Discounted"
"XRAY,OSSEOUS SURVEY,COMPLETE GLR","S107543179","CDM","320","RC","77075","HCPCS","","","facility","both","","","","503.2","503.2","","","","","","","","","","","","","Gross Charge Type: Main Acute Price List"
"XRAY,OSSEOUS SURVEY,COMPLETE GLR","Wilm543179","CDM","320","RC","77075","HCPCS","","","facility","both","","","","387.17","387.17","","","","","","","","","","","","","Gross Charge Type: Acute Discounted"
"XRAY,OSSEOUS SURVEY,LIMITED GLR","S107543187","CDM","320","RC","77074","HCPCS","","","facility","both","","","","352.24","352.24","","","","","","","","","","","","","Gross Charge Type: Main Acute Price List"
"XRAY,PELVIS,1 OR 2 VIEWS GLR","Hccc541796","CDM","320","RC","72170","HCPCS","","","facility","both","","","","188.01","188.01","","","","","","","","","","","","","Gross Charge Type: Main Acute Price List"
"XRAY,PELVIS/HIPS,PEDIATRIC,2-3 VIEWS GLR","Cccc562261","CDM","320","RC","73502","HCPCS","","","facility","both","","","","159.35","159.35","","","","","","","","","","","","","Gross Charge Type: Acute Discounted"
"XRAY,PELVIS/HIPS,PEDIATRIC,2-3 VIEWS GLR","CcicXR2261","CDM","320","RC","73502","HCPCS","","","facility","both","","","","206.87","206.87","","","","","","","","","","","","","Gross Charge Type: Main Acute Price List"
"XRAY,PELVIS/HIPS,PEDIATRIC,2-3 VIEWS GLR","S107XR2261","CDM","320","RC","73502","HCPCS","","","facility","both","","","","159.35","159.35","","","","","","","","","","","","","Gross Charge Type: Acute Discounted"
"XRAY,PHARYNX AND/OR CERVICAL ESOPHAGUS GLR","Midd542601","CDM","320","RC","74210","HCPCS","","","facility","both","","","","415.83","415.83","","","","","","","","","","","","","Gross Charge Type: Main Acute Price List"
"XRAY,RIBS W POSTEROANTERIOR CHEST,MINIMUM 3 VIEWS,UNIL,LT GLR","Cccc561700","CDM","320","RC","71101","HCPCS","","","facility","both","","","LT","292.13","292.13","","","","","","","","","","","","","Gross Charge Type: Acute Discounted | The modified price is presented in the standard charge value. | Modifier LT: Left side (used to identify procedures performed on the left side of the body)"
"XRAY,RIBS W POSTEROANTERIOR CHEST,MINIMUM 3 VIEWS,UNIL,LT GLR","CcccCR1700","CDM","320","RC","71101","HCPCS","","","facility","both","","","LT","292.13","292.13","","","","","","","","","","","","","Gross Charge Type: Acute Discounted | The modified price is presented in the standard charge value. | Modifier LT: Left side (used to identify procedures performed on the left side of the body)"
"XRAY,RIBS W POSTEROANTERIOR CHEST,MINIMUM 3 VIEWS,UNIL,LT GLR","Wilm541700","CDM","320","RC","71101","HCPCS","","","facility","both","","","LT","292.13","292.13","","","","","","","","","","","","","Gross Charge Type: Acute Discounted | The modified price is presented in the standard charge value. | Modifier LT: Left side (used to identify procedures performed on the left side of the body)"
"XRAY,RIBS W POSTEROANTERIOR CHEST,MINIMUM 3 VIEWS,UNIL,LT PFR","RdpcXRP1700","CDM","975","RC","71101","HCPCS","","","facility","both","","","26LT","60.8","60.8","","","","","","","","","","","","","Gross Charge Type: Main Acute Price List | The modified price is presented in the standard charge value. | Modifier 26: Professional Component | Modifier LT: Left side (used to identify procedures performed on the left side of the body)"
"XRAY,RIBS W POSTEROANTERIOR CHEST,MINIMUM 3 VIEWS,UNIL,RT GLR","Chhn541702","CDM","320","RC","71101","HCPCS","","","facility","both","","","RT","292.13","292.13","","","","","","","","","","","","","Gross Charge Type: Acute Discounted | The modified price is presented in the standard charge value. | Modifier RT: Right side (used to identify procedures performed on the right side of the body)"
"XRAY,RIBS W POSTEROANTERIOR CHEST,MINIMUM 3 VIEWS,UNIL,RT GLR","FcinXR1702","CDM","320","RC","71101","HCPCS","","","facility","both","","","RT","292.13","292.13","","","","","","","","","","","","","Gross Charge Type: Acute Discounted | The modified price is presented in the standard charge value. | Modifier RT: Right side (used to identify procedures performed on the right side of the body)"
"XRAY,RIBS W POSTEROANTERIOR CHEST,MINIMUM 3 VIEWS,UNIL,RT GLR","GLNM541702","CDM","320","RC","71101","HCPCS","","","facility","both","","","RT","380.19","380.19","","","","","","","","","","","","","Gross Charge Type: Main Acute Price List | The modified price is presented in the standard charge value. | Modifier RT: Right side (used to identify procedures performed on the right side of the body)"
"XRAY,RIBS W POSTEROANTERIOR CHEST,MINIMUM 3 VIEWS,UNIL,RT GLR","HcccXR1702","CDM","320","RC","71101","HCPCS","","","facility","both","","","RT","292.13","292.13","","","","","","","","","","","","","Gross Charge Type: Acute Discounted | The modified price is presented in the standard charge value. | Modifier RT: Right side (used to identify procedures performed on the right side of the body)"
"XRAY,RIBS W POSTEROANTERIOR CHEST,MINIMUM 3 VIEWS,UNIL,RT GLR","S107541702","CDM","320","RC","71101","HCPCS","","","facility","both","","","RT","292.13","292.13","","","","","","","","","","","","","Gross Charge Type: Acute Discounted | The modified price is presented in the standard charge value. | Modifier RT: Right side (used to identify procedures performed on the right side of the body)"
"XRAY,RIBS,2 VIEWS,UNI,LT GLR","CcccCR1708","CDM","320","RC","71100","HCPCS","","","facility","both","","","LT","248.8","248.8","","","","","","","","","","","","","Gross Charge Type: Acute Discounted | The modified price is presented in the standard charge value. | Modifier LT: Left side (used to identify procedures performed on the left side of the body)"
"XRAY,RIBS,2 VIEWS,UNI,LT GLR","Ccsm541708","CDM","320","RC","71100","HCPCS","","","facility","both","","","LT","324.28","324.28","","","","","","","","","","","","","Gross Charge Type: Main Acute Price List | The modified price is presented in the standard charge value. | Modifier LT: Left side (used to identify procedures performed on the left side of the body)"
"XRAY,RIBS,2 VIEWS,UNI,LT GLR","Chhn541708","CDM","320","RC","71100","HCPCS","","","facility","both","","","LT","324.28","324.28","","","","","","","","","","","","","Gross Charge Type: Main Acute Price List | The modified price is presented in the standard charge value. | Modifier LT: Left side (used to identify procedures performed on the left side of the body)"
"XRAY,RIBS,2 VIEWS,UNI,LT GLR","GLNM541708","CDM","320","RC","71100","HCPCS","","","facility","both","","","LT","248.8","248.8","","","","","","","","","","","","","Gross Charge Type: Acute Discounted | The modified price is presented in the standard charge value. | Modifier LT: Left side (used to identify procedures performed on the left side of the body)"
"XRAY,RIBS,2 VIEWS,UNI,LT GLR","Midd541708","CDM","320","RC","71100","HCPCS","","","facility","both","","","LT","248.8","248.8","","","","","","","","","","","","","Gross Charge Type: Acute Discounted | The modified price is presented in the standard charge value. | Modifier LT: Left side (used to identify procedures performed on the left side of the body)"
"XRAY,RIBS,3 VIEWS,BIL GLR","FcinXR1577","CDM","320","RC","71110","HCPCS","","","facility","both","","","","244.6","244.6","","","","","","","","","","","","","Gross Charge Type: Acute Discounted"
"XRAY,RIBS,3 VIEWS,BIL GLR","Midd541577","CDM","320","RC","71110","HCPCS","","","facility","both","","","","318.68","318.68","","","","","","","","","","","","","Gross Charge Type: Main Acute Price List"
"XRAY,RIBS,MINIMUM 4 VIEWS,W POSTEROANTERIOR CHEST,BIL GLR","CPCM541704","CDM","320","RC","71111","HCPCS","","","facility","both","","","","478.76","478.76","","","","","","","","","","","","","Gross Charge Type: Main Acute Price List"
"XRAY,RIBS,MINIMUM 4 VIEWS,W POSTEROANTERIOR CHEST,BIL GLR","StarXR1704","CDM","320","RC","71111","HCPCS","","","facility","both","","","","367.61","367.61","","","","","","","","","","","","","Gross Charge Type: Acute Discounted"
"XRAY,SACROILIAC JOINTS,< 3 VIEWS GLR","Cccc561993","CDM","320","RC","72200","HCPCS","","","facility","both","","","","143.97","143.97","","","","","","","","","","","","","Gross Charge Type: Acute Discounted"
"XRAY,SACROILIAC JOINTS,< 3 VIEWS GLR","CcimXR1993","CDM","320","RC","72200","HCPCS","","","facility","both","","","","143.97","143.97","","","","","","","","","","","","","Gross Charge Type: Acute Discounted"
"XRAY,SACROILIAC JOINTS,< 3 VIEWS GLR","Chhn541993","CDM","320","RC","72200","HCPCS","","","facility","both","","","","188.01","188.01","","","","","","","","","","","","","Gross Charge Type: Main Acute Price List"
"XRAY,SACROILIAC JOINTS,< 3 VIEWS GLR","HcccXR1993","CDM","320","RC","72200","HCPCS","","","facility","both","","","","188.01","188.01","","","","","","","","","","","","","Gross Charge Type: Main Acute Price List"
"XRAY,SACROILIAC JOINTS,< 3 VIEWS GLR","MiddXR1993","CDM","320","RC","72200","HCPCS","","","facility","both","","","","188.01","188.01","","","","","","","","","","","","","Gross Charge Type: Main Acute Price List"
"XRAY,SACROILIAC JOINTS,< 3 VIEWS PFR","Jnpc54P","CDM","975","RC","72200","HCPCS","","","facility","both","","","26","39.15","39.15","","","","","","","","","","","","","Gross Charge Type: Main Acute Price List | The modified price is presented in the standard charge value. | Modifier 26: Professional Component"
"XRAY,SACROILIAC JOINTS,< 3 VIEWS PFR","RdpfXRP1993","CDM","975","RC","72200","HCPCS","","","facility","both","","","26","39.15","39.15","","","","","","","","","","","","","Gross Charge Type: Main Acute Price List | The modified price is presented in the standard charge value. | Modifier 26: Professional Component"
"XRAY,SACROILIAC JOINTS,MINIMUM 3 VIEWS GLR","Wilm541990","CDM","320","RC","72202","HCPCS","","","facility","both","","","","173.32","173.32","","","","","","","","","","","","","Gross Charge Type: Acute Discounted"
"XRAY,SACRUM/COCCYX,MINIMUM 2 VIEWS GLR","Cccc561761","CDM","320","RC","72220","HCPCS","","","facility","both","","","","206.87","206.87","","","","","","","","","","","","","Gross Charge Type: Main Acute Price List"
"XRAY,SACRUM/COCCYX,MINIMUM 2 VIEWS GLR","Ccsm541761","CDM","320","RC","72220","HCPCS","","","facility","both","","","","206.87","206.87","","","","","","","","","","","","","Gross Charge Type: Main Acute Price List"
"XRAY,SACRUM/COCCYX,MINIMUM 2 VIEWS GLR","HcccXR1761","CDM","320","RC","72220","HCPCS","","","facility","both","","","","206.87","206.87","","","","","","","","","","","","","Gross Charge Type: Main Acute Price List"
"XRAY,SACRUM/COCCYX,MINIMUM 2 VIEWS GLR","MDIA541761","CDM","320","RC","72220","HCPCS","","","facility","both","","","","206.87","206.87","","","","","","","","","","","","","Gross Charge Type: Main Acute Price List"
"XRAY,SACRUM/COCCYX,MINIMUM 2 VIEWS PFR","Rdpc54P1761","CDM","975","RC","72220","HCPCS","","","facility","both","","","26","39.15","39.15","","","","","","","","","","","","","Gross Charge Type: Main Acute Price List | The modified price is presented in the standard charge value. | Modifier 26: Professional Component"
"XRAY,SCAPULA,COMPLETE,LEFT GLR","CcsmXR2016","CDM","320","RC","73010","HCPCS","","","facility","both","","","LT","188.01","188.01","","","","","","","","","","","","","Gross Charge Type: Main Acute Price List | The modified price is presented in the standard charge value. | Modifier LT: Left side (used to identify procedures performed on the left side of the body)"
"XRAY,SCAPULA,COMPLETE,LEFT GLR","StarXR2016","CDM","320","RC","73010","HCPCS","","","facility","both","","","LT","143.97","143.97","","","","","","","","","","","","","Gross Charge Type: Acute Discounted | The modified price is presented in the standard charge value. | Modifier LT: Left side (used to identify procedures performed on the left side of the body)"
"XRAY,SCAPULA,COMPLETE,RIGHT GLR","CcimXR1664","CDM","320","RC","73010","HCPCS","","","facility","both","","","RT","143.97","143.97","","","","","","","","","","","","","Gross Charge Type: Acute Discounted | The modified price is presented in the standard charge value. | Modifier RT: Right side (used to identify procedures performed on the right side of the body)"
"XRAY,SCAPULA,COMPLETE,RIGHT GLR","Ccsb541664","CDM","320","RC","73010","HCPCS","","","facility","both","","","RT","188.01","188.01","","","","","","","","","","","","","Gross Charge Type: Main Acute Price List | The modified price is presented in the standard charge value. | Modifier RT: Right side (used to identify procedures performed on the right side of the body)"
"XRAY,SCAPULA,COMPLETE,RIGHT GLR","Star541664","CDM","320","RC","73010","HCPCS","","","facility","both","","","RT","143.97","143.97","","","","","","","","","","","","","Gross Charge Type: Acute Discounted | The modified price is presented in the standard charge value. | Modifier RT: Right side (used to identify procedures performed on the right side of the body)"
"XRAY,SHOULDER,1 VIEW,LT GLR","CPCMXR546658","CDM","320","RC","73020","HCPCS","","","facility","both","","","LT","170.52","170.52","","","","","","","","","","","","","Gross Charge Type: Main Acute Price List | The modified price is presented in the standard charge value. | Modifier LT: Left side (used to identify procedures performed on the left side of the body)"
"XRAY,SHOULDER,1 VIEW,LT GLR","Ccim546658","CDM","320","RC","73020","HCPCS","","","facility","both","","","LT","170.52","170.52","","","","","","","","","","","","","Gross Charge Type: Main Acute Price List | The modified price is presented in the standard charge value. | Modifier LT: Left side (used to identify procedures performed on the left side of the body)"
"XRAY,SHOULDER,1 VIEW,LT GLR","FcinXR6658","CDM","320","RC","73020","HCPCS","","","facility","both","","","LT","131.39","131.39","","","","","","","","","","","","","Gross Charge Type: Acute Discounted | The modified price is presented in the standard charge value. | Modifier LT: Left side (used to identify procedures performed on the left side of the body)"
"XRAY,SHOULDER,1 VIEW,LT GLR","S107546658","CDM","320","RC","73020","HCPCS","","","facility","both","","","LT","170.52","170.52","","","","","","","","","","","","","Gross Charge Type: Main Acute Price List | The modified price is presented in the standard charge value. | Modifier LT: Left side (used to identify procedures performed on the left side of the body)"
"XRAY,SHOULDER,1 VIEW,LT GLR","Wilm546658","CDM","320","RC","73020","HCPCS","","","facility","both","","","LT","170.52","170.52","","","","","","","","","","","","","Gross Charge Type: Main Acute Price List | The modified price is presented in the standard charge value. | Modifier LT: Left side (used to identify procedures performed on the left side of the body)"
"XRAY,SHOULDER,1 VIEW,RT PFR","GLNM54P6666","CDM","975","RC","73020","HCPCS","","","facility","both","","","26RT","36.36","36.36","","","","","","","","","","","","","Gross Charge Type: Main Acute Price List | The modified price is presented in the standard charge value. | Modifier 26: Professional Component | Modifier RT: Right side (used to identify procedures performed on the right side of the body)"
"XRAY,SHOULDER,COMPLETE,MINIMUM 2 VIEWS,LT GLR","Hccc542024","CDM","320","RC","73030","HCPCS","","","facility","both","","","LT","206.87","206.87","","","","","","","","","","","","","Gross Charge Type: Main Acute Price List | The modified price is presented in the standard charge value. | Modifier LT: Left side (used to identify procedures performed on the left side of the body)"
"XRAY,SHOULDER,COMPLETE,MINIMUM 2 VIEWS,LT PFR","MDIA54P2024","CDM","975","RC","73030","HCPCS","","","facility","both","","","26LT","44.04","44.04","","","","","","","","","","","","","Gross Charge Type: Main Acute Price List | The modified price is presented in the standard charge value. | Modifier 26: Professional Component | Modifier LT: Left side (used to identify procedures performed on the left side of the body)"
"XRAY,SHOULDER,COMPLETE,MINIMUM 2 VIEWS,RT GLR","CcimXR5716","CDM","320","RC","73030","HCPCS","","","facility","both","","","RT","159.35","159.35","","","","","","","","","","","","","Gross Charge Type: Acute Discounted | The modified price is presented in the standard charge value. | Modifier RT: Right side (used to identify procedures performed on the right side of the body)"
"XRAY,SHOULDER,COMPLETE,MINIMUM 2 VIEWS,RT GLR","Chrs545716","CDM","320","RC","73030","HCPCS","","","facility","both","","","RT","159.35","159.35","","","","","","","","","","","","","Gross Charge Type: Acute Discounted | The modified price is presented in the standard charge value. | Modifier RT: Right side (used to identify procedures performed on the right side of the body)"
"XRAY,SHOULDER,COMPLETE,MINIMUM 2 VIEWS,RT GLR","Chrs545716","CDM","320","RC","73030","HCPCS","","","facility","both","","","RT","206.87","206.87","","","","","","","","","","","","","Gross Charge Type: Main Acute Price List | The modified price is presented in the standard charge value. | Modifier RT: Right side (used to identify procedures performed on the right side of the body)"
"XRAY,SHOULDER,COMPLETE,MINIMUM 2 VIEWS,RT GLR","MDIA545716","CDM","320","RC","73030","HCPCS","","","facility","both","","","RT","206.87","206.87","","","","","","","","","","","","","Gross Charge Type: Main Acute Price List | The modified price is presented in the standard charge value. | Modifier RT: Right side (used to identify procedures performed on the right side of the body)"
"XRAY,SHOULDER,COMPLETE,MINIMUM 2 VIEWS,RT GLR","S107545716","CDM","320","RC","73030","HCPCS","","","facility","both","","","RT","206.87","206.87","","","","","","","","","","","","","Gross Charge Type: Main Acute Price List | The modified price is presented in the standard charge value. | Modifier RT: Right side (used to identify procedures performed on the right side of the body)"
"XRAY,SHOULDER,COMPLETE,MINIMUM 2 VIEWS,RT GLR","S107XR5716","CDM","320","RC","73030","HCPCS","","","facility","both","","","RT","206.87","206.87","","","","","","","","","","","","","Gross Charge Type: Main Acute Price List | The modified price is presented in the standard charge value. | Modifier RT: Right side (used to identify procedures performed on the right side of the body)"
"XRAY,SINUSES/PARANASAL,COMPLETE,MINIMUM 3 VIEWS GLR","CcccCR1192","CDM","320","RC","70220","HCPCS","","","facility","both","","","","283.05","283.05","","","","","","","","","","","","","Gross Charge Type: Main Acute Price List"
"XRAY,SINUSES/PARANASAL,COMPLETE,MINIMUM 3 VIEWS GLR","Jnpc541192","CDM","320","RC","70220","HCPCS","","","facility","both","","","","218.05","218.05","","","","","","","","","","","","","Gross Charge Type: Acute Discounted"
"XRAY,SKULL,COMPLETE,MINIMUM 4 VIEWS GLR","CcicXR1222","CDM","320","RC","70260","HCPCS","","","facility","both","","","","244.6","244.6","","","","","","","","","","","","","Gross Charge Type: Acute Discounted"
"XRAY,SKULL,COMPLETE,MINIMUM 4 VIEWS GLR","CcimXR1222","CDM","320","RC","70260","HCPCS","","","facility","both","","","","244.6","244.6","","","","","","","","","","","","","Gross Charge Type: Acute Discounted"
"XRAY,SKULL,COMPLETE,MINIMUM 4 VIEWS GLR","Midd541222","CDM","320","RC","70260","HCPCS","","","facility","both","","","","318.68","318.68","","","","","","","","","","","","","Gross Charge Type: Main Acute Price List"
"XRAY,SKULL,COMPLETE,MINIMUM 4 VIEWS GLR","S107541222","CDM","320","RC","70260","HCPCS","","","facility","both","","","","244.6","244.6","","","","","","","","","","","","","Gross Charge Type: Acute Discounted"
"XRAY,SKULL,LESS THAN 4 VIEWS GLR","CPCM541230","CDM","320","RC","70250","HCPCS","","","facility","both","","","","173.32","173.32","","","","","","","","","","","","","Gross Charge Type: Acute Discounted"
"XRAY,SKULL,LESS THAN 4 VIEWS GLR","CcsbXR1230","CDM","320","RC","70250","HCPCS","","","facility","both","","","","173.32","173.32","","","","","","","","","","","","","Gross Charge Type: Acute Discounted"
"XRAY,SKULL,LESS THAN 4 VIEWS GLR","Chrs541230","CDM","320","RC","70250","HCPCS","","","facility","both","","","","225.03","225.03","","","","","","","","","","","","","Gross Charge Type: Main Acute Price List"
"XRAY,SKULL,LESS THAN 4 VIEWS GLR","Wilm541230","CDM","320","RC","70250","HCPCS","","","facility","both","","","","225.03","225.03","","","","","","","","","","","","","Gross Charge Type: Main Acute Price List"
"XRAY,SKULL,LESS THAN 4 VIEWS PFR","RdpcXRP1230","CDM","975","RC","70250","HCPCS","","","facility","both","","","26","58.01","58.01","","","","","","","","","","","","","Gross Charge Type: Main Acute Price List | The modified price is presented in the standard charge value. | Modifier 26: Professional Component"
"XRAY,SMALL INTESTINE,INCL MULTIPLE SERIAL FILMS GLR","Ccsb542628","CDM","320","RC","74250","HCPCS","","","facility","both","","","","452.88","452.88","","","","","","","","","","","","","Gross Charge Type: Main Acute Price List"
"XRAY,SMALL INTESTINE,INCL MULTIPLE SERIAL FILMS GLR","MiddXR2628","CDM","320","RC","74250","HCPCS","","","facility","both","","","","348.06","348.06","","","","","","","","","","","","","Gross Charge Type: Acute Discounted"
"XRAY,SMALL INTESTINE,INCL MULTIPLE SERIAL FILMS GLR","Star542628","CDM","320","RC","74250","HCPCS","","","facility","both","","","","348.06","348.06","","","","","","","","","","","","","Gross Charge Type: Acute Discounted"
"XRAY,SPINE,CERVICAL,5 VIEWS GLR","Fcin541729","CDM","320","RC","72050","HCPCS","","","facility","both","","","","320.09","320.09","","","","","","","","","","","","","Gross Charge Type: Main Acute Price List"
"XRAY,SPINE,CERVICAL,=>6 VIEWS GLR","CcsbXR1885","CDM","320","RC","72052","HCPCS","","","facility","both","","","","399.06","399.06","","","","","","","","","","","","","Gross Charge Type: Main Acute Price List"
"XRAY,SPINE,CERVICAL,=>6 VIEWS GLR","Ccsp541885","CDM","320","RC","72052","HCPCS","","","facility","both","","","","399.06","399.06","","","","","","","","","","","","","Gross Charge Type: Main Acute Price List"
"XRAY,SPINE,CERVICAL,=>6 VIEWS GLR","GLNM541885","CDM","320","RC","72052","HCPCS","","","facility","both","","","","399.06","399.06","","","","","","","","","","","","","Gross Charge Type: Main Acute Price List"
"XRAY,SPINE,ENTIRE,SURVEY ST,4-5 VIEWS GLR","CcccXR1381","CDM","320","RC","72083","HCPCS","","","facility","both","","","FY","378.1","378.1","","","","","","","","","","","","","Gross Charge Type: Main Acute Price List | The modified price is presented in the standard charge value. | Modifier FY: X-ray taken using computed radiography technology/cassette-based imaging"
"XRAY,SPINE,ENTIRE,SURVEY ST,MIN 6 VIEWS GLR","Ccsb541382","CDM","320","RC","72084","HCPCS","","","facility","both","","","FY","378.1","378.1","","","","","","","","","","","","","Gross Charge Type: Main Acute Price List | The modified price is presented in the standard charge value. | Modifier FY: X-ray taken using computed radiography technology/cassette-based imaging"
"XRAY,SPINE,ENTIRE,SURVEY ST,MIN 6 VIEWS GLR","Chrs541382","CDM","320","RC","72084","HCPCS","","","facility","both","","","FY","378.1","378.1","","","","","","","","","","","","","Gross Charge Type: Main Acute Price List | The modified price is presented in the standard charge value. | Modifier FY: X-ray taken using computed radiography technology/cassette-based imaging"
"XRAY,SPINE,ENTIRE,SURVEY ST,MIN 6 VIEWS GLR","Fcin541382","CDM","320","RC","72084","HCPCS","","","facility","both","","","FY","290.74","290.74","","","","","","","","","","","","","Gross Charge Type: Acute Discounted | The modified price is presented in the standard charge value. | Modifier FY: X-ray taken using computed radiography technology/cassette-based imaging"
"XRAY,SPINE,ENTIRE,SURVEY ST,MIN 6 VIEWS GLR","S107XR1382","CDM","320","RC","72084","HCPCS","","","facility","both","","","FY","290.74","290.74","","","","","","","","","","","","","Gross Charge Type: Acute Discounted | The modified price is presented in the standard charge value. | Modifier FY: X-ray taken using computed radiography technology/cassette-based imaging"
"XRAY,SPINE,ENTIRE,SURVEY ST,MIN 6 VIEWS PFR","RdpcXRP1382","CDM","975","RC","72084","HCPCS","","","facility","both","","","26","84.57","84.57","","","","","","","","","","","","","Gross Charge Type: Main Acute Price List | The modified price is presented in the standard charge value. | Modifier 26: Professional Component"
"XRAY,SPINE,ENTIRE,SURVEY STUDY,1 VIEW PFR","BRML54P1380","CDM","975","RC","72081","HCPCS","","","facility","both","","","26","55.92","55.92","","","","","","","","","","","","","Gross Charge Type: Main Acute Price List | The modified price is presented in the standard charge value. | Modifier 26: Professional Component"
"XRAY,SPINE,ENTIRE,SURVEY STUDY,1 VIEW PFR","GLNM54P1380","CDM","975","RC","72081","HCPCS","","","facility","both","","","26","55.92","55.92","","","","","","","","","","","","","Gross Charge Type: Main Acute Price List | The modified price is presented in the standard charge value. | Modifier 26: Professional Component"
"XRAY,SPINE,ENTIRE,SURVEY STUDY,AP AND LATERAL GLR","CPCMXR541968","CDM","320","RC","72082","HCPCS","","","facility","both","","","","361.33","361.33","","","","","","","","","","","","","Gross Charge Type: Main Acute Price List"
"XRAY,SPINE,ENTIRE,SURVEY STUDY,AP AND LATERAL GLR","Ccim541968","CDM","320","RC","72082","HCPCS","","","facility","both","","","","278.15","278.15","","","","","","","","","","","","","Gross Charge Type: Acute Discounted"
"XRAY,SPINE,ENTIRE,SURVEY STUDY,AP AND LATERAL GLR","ChrsXR1968","CDM","320","RC","72082","HCPCS","","","facility","both","","","","361.33","361.33","","","","","","","","","","","","","Gross Charge Type: Main Acute Price List"
"XRAY,SPINE,ENTIRE,SURVEY STUDY,AP AND LATERAL PFR","Rdpf54P1968","CDM","975","RC","72082","HCPCS","","","facility","both","","","26","107.63","107.63","","","","","","","","","","","","","Gross Charge Type: Main Acute Price List | The modified price is presented in the standard charge value. | Modifier 26: Professional Component"
"XRAY,SPINE,LUMBOSACRAL,2 OR 3 VIEWS GLR","BRML541745","CDM","320","RC","72100","HCPCS","","","facility","both","","","","184.5","184.5","","","","","","","","","","","","","Gross Charge Type: Acute Discounted"
"XRAY,SPINE,LUMBOSACRAL,2 OR 3 VIEWS GLR","MDIA541745","CDM","320","RC","72100","HCPCS","","","facility","both","","","","184.5","184.5","","","","","","","","","","","","","Gross Charge Type: Acute Discounted"
"XRAY,SPINE,LUMBOSACRAL,BENDING,FLEX/EXT ONLY GLR","CPCMXR541907","CDM","320","RC","72120","HCPCS","","","facility","both","","","","146.77","146.77","","","","","","","","","","","","","Gross Charge Type: Acute Discounted"
"XRAY,SPINE,LUMBOSACRAL,BENDING,FLEX/EXT ONLY GLR","MDIA541907","CDM","320","RC","72120","HCPCS","","","facility","both","","","","146.77","146.77","","","","","","","","","","","","","Gross Charge Type: Acute Discounted"
"XRAY,SPINE,LUMBOSACRAL,BENDING,FLEX/EXT ONLY GLR","S107541907","CDM","320","RC","72120","HCPCS","","","facility","both","","","","146.77","146.77","","","","","","","","","","","","","Gross Charge Type: Acute Discounted"
"XRAY,SPINE,LUMBOSACRAL,COMPLETE,W BENDING VIEWS,MIN 6 VIEWS GLR","Cccc561753","CDM","320","RC","72114","HCPCS","","","facility","both","","","","320.09","320.09","","","","","","","","","","","","","Gross Charge Type: Acute Discounted"
"XRAY,SPINE,LUMBOSACRAL,COMPLETE,W BENDING VIEWS,MIN 6 VIEWS GLR","Chhn541753","CDM","320","RC","72114","HCPCS","","","facility","both","","","","320.09","320.09","","","","","","","","","","","","","Gross Charge Type: Acute Discounted"
"XRAY,SPINE,LUMBOSACRAL,MINIMUM 4 VIEWS GLR","CPCM541877","CDM","320","RC","72110","HCPCS","","","facility","both","","","","248.8","248.8","","","","","","","","","","","","","Gross Charge Type: Acute Discounted"
"XRAY,SPINE,LUMBOSACRAL,W BENDING VIEWS,2-3 VIEWS GLR","Ccsp541879","CDM","320","RC","72120","HCPCS","","","facility","both","","","","146.77","146.77","","","","","","","","","","","","","Gross Charge Type: Acute Discounted"
"XRAY,SPINE,SINGLE VIEW GLR","Ccim541451","CDM","320","RC","72020","HCPCS","","","facility","both","","","","150.26","150.26","","","","","","","","","","","","","Gross Charge Type: Main Acute Price List"
"XRAY,SPINE,SINGLE VIEW GLR","Fcin541451","CDM","320","RC","72020","HCPCS","","","facility","both","","","","150.26","150.26","","","","","","","","","","","","","Gross Charge Type: Main Acute Price List"
"XRAY,SPINE,SINGLE VIEW GLR","Jnpc541451","CDM","320","RC","72020","HCPCS","","","facility","both","","","","116.02","116.02","","","","","","","","","","","","","Gross Charge Type: Acute Discounted"
"XRAY,SPINE,THORACIC,2 VIEWS GLR","Cccc561737","CDM","320","RC","72070","HCPCS","","","facility","both","","","","229.23","229.23","","","","","","","","","","","","","Gross Charge Type: Main Acute Price List"
"XRAY,SWALLOWING FUNCTION,W VIDEORADIOGRAPHY GLR","Chhn543314","CDM","320","RC","74230","HCPCS","","","facility","both","","","","348.06","348.06","","","","","","","","","","","","","Gross Charge Type: Acute Discounted"
"XRAY,TEMPOROMANDIBULAR JOINT,BIL GLR","CcimXR1273","CDM","320","RC","70330","HCPCS","","","facility","both","","","","296.33","296.33","","","","","","","","","","","","","Gross Charge Type: Main Acute Price List"
"XRAY,TEMPOROMANDIBULAR JOINT,BIL GLR","CcspXR1273","CDM","320","RC","70330","HCPCS","","","facility","both","","","","296.33","296.33","","","","","","","","","","","","","Gross Charge Type: Main Acute Price List"
"XRAY,TEMPOROMANDIBULAR JOINT,BIL GLR","Wilm541273","CDM","320","RC","70330","HCPCS","","","facility","both","","","","296.33","296.33","","","","","","","","","","","","","Gross Charge Type: Main Acute Price List"
"XRAY,TEMPOROMANDIBULAR JOINT,BIL PFR","Rdpf54P1273","CDM","975","RC","70330","HCPCS","","","facility","both","","","26","58.01","58.01","","","","","","","","","","","","","Gross Charge Type: Main Acute Price List | The modified price is presented in the standard charge value. | Modifier 26: Professional Component"
"XRAY,THORACIC,MINIMUM 4 VIEWS GLR","CPCM541931","CDM","320","RC","72074","HCPCS","","","facility","both","","","","324.28","324.28","","","","","","","","","","","","","Gross Charge Type: Main Acute Price List"
"XRAY,THORACIC,MINIMUM 4 VIEWS GLR","GLNM541931","CDM","320","RC","72074","HCPCS","","","facility","both","","","","324.28","324.28","","","","","","","","","","","","","Gross Charge Type: Main Acute Price List"
"XRAY,TIBIA/FIBULA,1 VIEW,LT GLR","CcsmXR6526","CDM","320","RC","73590","HCPCS","","","facility","both","","","52LT","150.26","150.26","","","","","","","","","","","","","Gross Charge Type: Main Acute Price List | The modified price is presented in the standard charge value. | Modifier 52: Reduced Services | Modifier LT: Left side (used to identify procedures performed on the left side of the body)"
"XRAY,TIBIA/FIBULA,1 VIEW,LT GLR","Jnpc546526","CDM","320","RC","73590","HCPCS","","","facility","both","","","52LT","150.26","150.26","","","","","","","","","","","","","Gross Charge Type: Main Acute Price List | The modified price is presented in the standard charge value. | Modifier 52: Reduced Services | Modifier LT: Left side (used to identify procedures performed on the left side of the body)"
"XRAY,TIBIA/FIBULA,1 VIEW,LT GLR","Midd546526","CDM","320","RC","73590","HCPCS","","","facility","both","","","52LT","150.26","150.26","","","","","","","","","","","","","Gross Charge Type: Main Acute Price List | The modified price is presented in the standard charge value. | Modifier 52: Reduced Services | Modifier LT: Left side (used to identify procedures performed on the left side of the body)"
"XRAY,TIBIA/FIBULA,1 VIEW,LT GLR","Star546526","CDM","320","RC","73590","HCPCS","","","facility","both","","","52LT","143.97","143.97","","","","","","","","","","","","","Gross Charge Type: Acute Discounted | The modified price is presented in the standard charge value. | Modifier 52: Reduced Services | Modifier LT: Left side (used to identify procedures performed on the left side of the body)"
"XRAY,TIBIA/FIBULA,1 VIEW,LT PFR","MDIA54P6526","CDM","975","RC","73590","HCPCS","","","facility","both","","","2652LT","32.14","32.14","","","","","","","","","","","","","Gross Charge Type: Main Acute Price List | The modified price is presented in the standard charge value. | Modifier 26: Professional Component | Modifier 52: Reduced Services | Modifier LT: Left side (used to identify procedures performed on the left side of the body)"
"XRAY,TIBIA/FIBULA,1 VIEW,RT GLR","FcinXR6534","CDM","320","RC","73590","HCPCS","","","facility","both","","","52RT","150.26","150.26","","","","","","","","","","","","","Gross Charge Type: Main Acute Price List | The modified price is presented in the standard charge value. | Modifier 52: Reduced Services | Modifier RT: Right side (used to identify procedures performed on the right side of the body)"
"XRAY,TIBIA/FIBULA,1 VIEW,RT GLR","HcccXR6534","CDM","320","RC","73590","HCPCS","","","facility","both","","","52RT","143.97","143.97","","","","","","","","","","","","","Gross Charge Type: Acute Discounted | The modified price is presented in the standard charge value. | Modifier 52: Reduced Services | Modifier RT: Right side (used to identify procedures performed on the right side of the body)"
"XRAY,TIBIA/FIBULA,1 VIEW,RT GLR","Star546534","CDM","320","RC","73590","HCPCS","","","facility","both","","","52RT","143.97","143.97","","","","","","","","","","","","","Gross Charge Type: Acute Discounted | The modified price is presented in the standard charge value. | Modifier 52: Reduced Services | Modifier RT: Right side (used to identify procedures performed on the right side of the body)"
"XRAY,TIBIA/FIBULA,1 VIEW,RT PFR","RdpcXRP6534","CDM","975","RC","73590","HCPCS","","","facility","both","","","2652RT","32.14","32.14","","","","","","","","","","","","","Gross Charge Type: Main Acute Price List | The modified price is presented in the standard charge value. | Modifier 26: Professional Component | Modifier 52: Reduced Services | Modifier RT: Right side (used to identify procedures performed on the right side of the body)"
"XRAY,TIBIA/FIBULA,2 VIEWS,LT PFR","BRML54P2326","CDM","975","RC","73590","HCPCS","","","facility","both","","","26LT","39.15","39.15","","","","","","","","","","","","","Gross Charge Type: Main Acute Price List | The modified price is presented in the standard charge value. | Modifier 26: Professional Component | Modifier LT: Left side (used to identify procedures performed on the left side of the body)"
"XRAY,TIBIA/FIBULA,2 VIEWS,RT GLR","S107545309","CDM","320","RC","73590","HCPCS","","","facility","both","","","RT","143.97","143.97","","","","","","","","","","","","","Gross Charge Type: Acute Discounted | The modified price is presented in the standard charge value. | Modifier RT: Right side (used to identify procedures performed on the right side of the body)"
"XRAY,TIBIA/FIBULA,2 VIEWS,RT GLR","WilmXR5309","CDM","320","RC","73590","HCPCS","","","facility","both","","","RT","188.01","188.01","","","","","","","","","","","","","Gross Charge Type: Main Acute Price List | The modified price is presented in the standard charge value. | Modifier RT: Right side (used to identify procedures performed on the right side of the body)"
"XRAY,TOE(S),MINIMUM 2 VIEWS,2ND TOE,LT GLR","FcinXR6372","CDM","320","RC","73660","HCPCS","","","facility","both","","","T1LT","150.26","150.26","","","","","","","","","","","","","Gross Charge Type: Main Acute Price List | The modified price is presented in the standard charge value. | Modifier T1: Left foot, second digit | Modifier LT: Left side (used to identify procedures performed on the left side of the body)"
"XRAY,TOE(S),MINIMUM 2 VIEWS,2ND TOE,LT GLR","S107XR6372","CDM","320","RC","73660","HCPCS","","","facility","both","","","T1LT","116.02","116.02","","","","","","","","","","","","","Gross Charge Type: Acute Discounted | The modified price is presented in the standard charge value. | Modifier T1: Left foot, second digit | Modifier LT: Left side (used to identify procedures performed on the left side of the body)"
"XRAY,TOE(S),MINIMUM 2 VIEWS,2ND TOE,LT PFR","MDIA54P6372","CDM","975","RC","73660","HCPCS","","","facility","both","","","26T1","32.14","32.14","","","","","","","","","","","","","Gross Charge Type: Main Acute Price List | The modified price is presented in the standard charge value. | Modifier 26: Professional Component | Modifier T1: Left foot, second digit"
"XRAY,TOE(S),MINIMUM 2 VIEWS,2ND TOE,RT GLR","Ccsp546313","CDM","320","RC","73660","HCPCS","","","facility","both","","","T6RT","116.02","116.02","","","","","","","","","","","","","Gross Charge Type: Acute Discounted | The modified price is presented in the standard charge value. | Modifier T6: Right foot, second digit | Modifier RT: Right side (used to identify procedures performed on the right side of the body)"
"XRAY,TOE(S),MINIMUM 2 VIEWS,2ND TOE,RT GLR","Jnpc546313","CDM","320","RC","73660","HCPCS","","","facility","both","","","T6RT","116.02","116.02","","","","","","","","","","","","","Gross Charge Type: Acute Discounted | The modified price is presented in the standard charge value. | Modifier T6: Right foot, second digit | Modifier RT: Right side (used to identify procedures performed on the right side of the body)"
"XRAY,TOE(S),MINIMUM 2 VIEWS,3RD TOE,LT GLR","Ccic546380","CDM","320","RC","73660","HCPCS","","","facility","both","","","T2LT","150.26","150.26","","","","","","","","","","","","","Gross Charge Type: Main Acute Price List | The modified price is presented in the standard charge value. | Modifier T2: Left foot, third digit | Modifier LT: Left side (used to identify procedures performed on the left side of the body)"
"XRAY,TOE(S),MINIMUM 2 VIEWS,3RD TOE,LT GLR","Ccsb546380","CDM","320","RC","73660","HCPCS","","","facility","both","","","T2LT","150.26","150.26","","","","","","","","","","","","","Gross Charge Type: Main Acute Price List | The modified price is presented in the standard charge value. | Modifier T2: Left foot, third digit | Modifier LT: Left side (used to identify procedures performed on the left side of the body)"
"XRAY,TOE(S),MINIMUM 2 VIEWS,3RD TOE,RT GLR","ChrsXR6321","CDM","320","RC","73660","HCPCS","","","facility","both","","","T7RT","150.26","150.26","","","","","","","","","","","","","Gross Charge Type: Main Acute Price List | The modified price is presented in the standard charge value. | Modifier T7: Right foot, third digit | Modifier RT: Right side (used to identify procedures performed on the right side of the body)"
"XRAY,TOE(S),MINIMUM 2 VIEWS,4TH TOE,LT GLR","Ccsb546399","CDM","320","RC","73660","HCPCS","","","facility","both","","","T3LT","150.26","150.26","","","","","","","","","","","","","Gross Charge Type: Main Acute Price List | The modified price is presented in the standard charge value. | Modifier T3: Left foot, fourth digit | Modifier LT: Left side (used to identify procedures performed on the left side of the body)"
"XRAY,TOE(S),MINIMUM 2 VIEWS,4TH TOE,RT GLR","S107XR6348","CDM","320","RC","73660","HCPCS","","","facility","both","","","T8RT","150.26","150.26","","","","","","","","","","","","","Gross Charge Type: Main Acute Price List | The modified price is presented in the standard charge value. | Modifier T8: Right foot, fourth digit | Modifier RT: Right side (used to identify procedures performed on the right side of the body)"
"XRAY,TOE(S),MINIMUM 2 VIEWS,4TH TOE,RT GLR","WilmXR6348","CDM","320","RC","73660","HCPCS","","","facility","both","","","T8RT","116.02","116.02","","","","","","","","","","","","","Gross Charge Type: Acute Discounted | The modified price is presented in the standard charge value. | Modifier T8: Right foot, fourth digit | Modifier RT: Right side (used to identify procedures performed on the right side of the body)"
"XRAY,TOE(S),MINIMUM 2 VIEWS,5TH TOE,LT GLR","CcsmXR6402","CDM","320","RC","73660","HCPCS","","","facility","both","","","T4LT","150.26","150.26","","","","","","","","","","","","","Gross Charge Type: Main Acute Price List | The modified price is presented in the standard charge value. | Modifier T4: Left foot, fifth digit | Modifier LT: Left side (used to identify procedures performed on the left side of the body)"
"XRAY,TOE(S),MINIMUM 2 VIEWS,5TH TOE,LT PFR","GLNM54P6402","CDM","975","RC","73660","HCPCS","","","facility","both","","","26T4","32.14","32.14","","","","","","","","","","","","","Gross Charge Type: Main Acute Price List | The modified price is presented in the standard charge value. | Modifier 26: Professional Component | Modifier T4: Left foot, fifth digit"
"XRAY,TOE(S),MINIMUM 2 VIEWS,5TH TOE,RT GLR","Ccic546356","CDM","320","RC","73660","HCPCS","","","facility","both","","","T9RT","150.26","150.26","","","","","","","","","","","","","Gross Charge Type: Main Acute Price List | The modified price is presented in the standard charge value. | Modifier T9: Right foot, fifth digit | Modifier RT: Right side (used to identify procedures performed on the right side of the body)"
"XRAY,TOE(S),MINIMUM 2 VIEWS,5TH TOE,RT GLR","Hccc546356","CDM","320","RC","73660","HCPCS","","","facility","both","","","T9RT","150.26","150.26","","","","","","","","","","","","","Gross Charge Type: Main Acute Price List | The modified price is presented in the standard charge value. | Modifier T9: Right foot, fifth digit | Modifier RT: Right side (used to identify procedures performed on the right side of the body)"
"XRAY,TOE(S),MINIMUM 2 VIEWS,5TH TOE,RT GLR","HcccXR6356","CDM","320","RC","73660","HCPCS","","","facility","both","","","T9RT","116.02","116.02","","","","","","","","","","","","","Gross Charge Type: Acute Discounted | The modified price is presented in the standard charge value. | Modifier T9: Right foot, fifth digit | Modifier RT: Right side (used to identify procedures performed on the right side of the body)"
"XRAY,TOE(S),MINIMUM 2 VIEWS,5TH TOE,RT GLR","MiddXR6356","CDM","320","RC","73660","HCPCS","","","facility","both","","","T9RT","116.02","116.02","","","","","","","","","","","","","Gross Charge Type: Acute Discounted | The modified price is presented in the standard charge value. | Modifier T9: Right foot, fifth digit | Modifier RT: Right side (used to identify procedures performed on the right side of the body)"
"XRAY,TOE(S),MINIMUM 2 VIEWS,5TH TOE,RT GLR","S107546356","CDM","320","RC","73660","HCPCS","","","facility","both","","","T9RT","150.26","150.26","","","","","","","","","","","","","Gross Charge Type: Main Acute Price List | The modified price is presented in the standard charge value. | Modifier T9: Right foot, fifth digit | Modifier RT: Right side (used to identify procedures performed on the right side of the body)"
"XRAY,TOE(S),MINIMUM 2 VIEWS,5TH TOE,RT GLR","StarXR6356","CDM","320","RC","73660","HCPCS","","","facility","both","","","T9RT","150.26","150.26","","","","","","","","","","","","","Gross Charge Type: Main Acute Price List | The modified price is presented in the standard charge value. | Modifier T9: Right foot, fifth digit | Modifier RT: Right side (used to identify procedures performed on the right side of the body)"
"XRAY,TOE(S),MINIMUM 2 VIEWS,5TH TOE,RT GLR","Wilm546356","CDM","320","RC","73660","HCPCS","","","facility","both","","","T9RT","116.02","116.02","","","","","","","","","","","","","Gross Charge Type: Acute Discounted | The modified price is presented in the standard charge value. | Modifier T9: Right foot, fifth digit | Modifier RT: Right side (used to identify procedures performed on the right side of the body)"
"XRAY,TOE(S),MINIMUM 2 VIEWS,5TH TOE,RT PFR","Jnpc54P6356","CDM","975","RC","73660","HCPCS","","","facility","both","","","26T9","32.14","32.14","","","","","","","","","","","","","Gross Charge Type: Main Acute Price List | The modified price is presented in the standard charge value. | Modifier 26: Professional Component | Modifier T9: Right foot, fifth digit"
"XRAY,TOE(S),MINIMUM 2 VIEWS,GREAT TOE,RT GLR","Ccsm546305","CDM","320","RC","73660","HCPCS","","","facility","both","","","T5RT","116.02","116.02","","","","","","","","","","","","","Gross Charge Type: Acute Discounted | The modified price is presented in the standard charge value. | Modifier T5: Right foot, great toe | Modifier RT: Right side (used to identify procedures performed on the right side of the body)"
"XRAY,TOE(S),MINIMUM 2 VIEWS,GREAT TOE,RT GLR","CcspXR6305","CDM","320","RC","73660","HCPCS","","","facility","both","","","T5RT","150.26","150.26","","","","","","","","","","","","","Gross Charge Type: Main Acute Price List | The modified price is presented in the standard charge value. | Modifier T5: Right foot, great toe | Modifier RT: Right side (used to identify procedures performed on the right side of the body)"
"XRAY,UPPER EXTREMITY,INFANT,MINIMUM 2  VIEWS PFR","Rdpc54P6565","CDM","975","RC","73092","HCPCS","","","facility","both","","","26","39.15","39.15","","","","","","","","","","","","","Gross Charge Type: Main Acute Price List | The modified price is presented in the standard charge value. | Modifier 26: Professional Component"
"XRAY,UPPER GI TRACT,INL SCOUT ABD,SINGLE-CONTRAST STUDY GLR","CPCMXR542636","CDM","320","RC","74240","HCPCS","","","facility","both","","","","522.77","522.77","","","","","","","","","","","","","Gross Charge Type: Main Acute Price List"
"XRAY,UPPER GI TRACT,INL SCOUT ABD,SINGLE-CONTRAST STUDY GLR","Wilm542636","CDM","320","RC","74240","HCPCS","","","facility","both","","","","402.56","402.56","","","","","","","","","","","","","Gross Charge Type: Acute Discounted"
"XRAY,WRIST,1 VIEW, LT GLR","CcspXR6445","CDM","320","RC","73100","HCPCS","","","facility","both","","","52LT","122.99","122.99","","","","","","","","","","","","","Gross Charge Type: Acute Discounted | The modified price is presented in the standard charge value. | Modifier 52: Reduced Services | Modifier LT: Left side (used to identify procedures performed on the left side of the body)"
"XRAY,WRIST,1 VIEW, LT GLR","WilmXR6445","CDM","320","RC","73100","HCPCS","","","facility","both","","","52LT","146.08","146.08","","","","","","","","","","","","","Gross Charge Type: Main Acute Price List | The modified price is presented in the standard charge value. | Modifier 52: Reduced Services | Modifier LT: Left side (used to identify procedures performed on the left side of the body)"
"XRAY,WRIST,1 VIEW,RT GLR","WilmXR6453","CDM","320","RC","73100","HCPCS","","","facility","both","","","52RT","122.99","122.99","","","","","","","","","","","","","Gross Charge Type: Acute Discounted | The modified price is presented in the standard charge value. | Modifier 52: Reduced Services | Modifier RT: Right side (used to identify procedures performed on the right side of the body)"
"XRAY,WRIST,2 VIEWS,LT GLR","CPCM542085","CDM","320","RC","73100","HCPCS","","","facility","both","","","LT","182.41","182.41","","","","","","","","","","","","","Gross Charge Type: Main Acute Price List | The modified price is presented in the standard charge value. | Modifier LT: Left side (used to identify procedures performed on the left side of the body)"
"XRAY,WRIST,2 VIEWS,LT GLR","CPCMXR542085","CDM","320","RC","73100","HCPCS","","","facility","both","","","LT","122.99","122.99","","","","","","","","","","","","","Gross Charge Type: Acute Discounted | The modified price is presented in the standard charge value. | Modifier LT: Left side (used to identify procedures performed on the left side of the body)"
"XRAY,WRIST,2 VIEWS,LT GLR","Hccc542085","CDM","320","RC","73100","HCPCS","","","facility","both","","","LT","182.41","182.41","","","","","","","","","","","","","Gross Charge Type: Main Acute Price List | The modified price is presented in the standard charge value. | Modifier LT: Left side (used to identify procedures performed on the left side of the body)"
"XRAY,WRIST,2 VIEWS,LT GLR","Jnpc542085","CDM","320","RC","73100","HCPCS","","","facility","both","","","LT","122.99","122.99","","","","","","","","","","","","","Gross Charge Type: Acute Discounted | The modified price is presented in the standard charge value. | Modifier LT: Left side (used to identify procedures performed on the left side of the body)"
"XRAY,WRIST,2 VIEWS,RT GLR","Fcin542229","CDM","320","RC","73100","HCPCS","","","facility","both","","","RT","182.41","182.41","","","","","","","","","","","","","Gross Charge Type: Main Acute Price List | The modified price is presented in the standard charge value. | Modifier RT: Right side (used to identify procedures performed on the right side of the body)"
"XRAY,WRIST,2 VIEWS,RT GLR","GLNM542229","CDM","320","RC","73100","HCPCS","","","facility","both","","","RT","182.41","182.41","","","","","","","","","","","","","Gross Charge Type: Main Acute Price List | The modified price is presented in the standard charge value. | Modifier RT: Right side (used to identify procedures performed on the right side of the body)"
"XRAY,WRIST,COMPLETE,MINIMUM 3 VIEWS,LT GLR","Ccsm542202","CDM","320","RC","73110","HCPCS","","","facility","both","","","LT","146.77","146.77","","","","","","","","","","","","","Gross Charge Type: Acute Discounted | The modified price is presented in the standard charge value. | Modifier LT: Left side (used to identify procedures performed on the left side of the body)"
"XRAY,WRIST,COMPLETE,MINIMUM 3 VIEWS,LT GLR","Fcin542202","CDM","320","RC","73110","HCPCS","","","facility","both","","","LT","191.5","191.5","","","","","","","","","","","","","Gross Charge Type: Main Acute Price List | The modified price is presented in the standard charge value. | Modifier LT: Left side (used to identify procedures performed on the left side of the body)"
"XRAY,WRIST,COMPLETE,MINIMUM 3 VIEWS,LT GLR","Star542202","CDM","320","RC","73110","HCPCS","","","facility","both","","","LT","146.77","146.77","","","","","","","","","","","","","Gross Charge Type: Acute Discounted | The modified price is presented in the standard charge value. | Modifier LT: Left side (used to identify procedures performed on the left side of the body)"
"XRAY,WRIST,COMPLETE,MINIMUM 3 VIEWS,RT GLR","Hccc545783","CDM","320","RC","73110","HCPCS","","","facility","both","","","RT","191.5","191.5","","","","","","","","","","","","","Gross Charge Type: Main Acute Price List | The modified price is presented in the standard charge value. | Modifier RT: Right side (used to identify procedures performed on the right side of the body)"
"Xcapsl ctrc rmvl w/ecp","66988","HCPCS","","","","","","","facility","outpatient","","","","","","Amerihealth","Medicare Managed Care Plan","4824.03","","","","","","","fee schedule","4243.36","13400.1","APC"
"Y-PLATE, BROAD 2 HOLE","CcthChSup108554","CDM","278","RC","C1713","HCPCS","","","facility","both","","","","6062.78","6062.78","","","","","","","","","","","","","Gross Charge Type: Main Acute Price List"
"Y-PLATE, BROAD 4 HOLE","ScpuChSup109812","CDM","278","RC","C1713","HCPCS","","","facility","both","","","","6447.77","6447.77","","","","","","","","","","","","","Gross Charge Type: Main Acute Price List"
"Y-PLATE, BROAD 6-HOLE","PacuWmSup117884","CDM","278","RC","C1713","HCPCS","","","facility","both","","","","6062.78","6062.78","","","","","","","","","","","","","Gross Charge Type: Main Acute Price List"
"Y-PLATE, BROAD 7-HOLE","GyscChSup119137","CDM","278","RC","C1713","HCPCS","","","facility","both","","","","6062.78","6062.78","","","","","","","","","","","","","Gross Charge Type: Main Acute Price List"
"Y-PLATE, DOUBLE  X-LONG","EplbChSup115381","CDM","278","RC","C1713","HCPCS","","","facility","both","","","","2155.74","2155.74","","","","","","","","","","","","","Gross Charge Type: Main Acute Price List"
"Y-PLATE, DOUBLE 23MM LONG","OperWmSup111024","CDM","278","RC","C1713","HCPCS","","","facility","both","","","","1324.34","1324.34","","","","","","","","","","","","","Gross Charge Type: Main Acute Price List"
"Y-PLATE, DOUBLE 6-HOLE XTRA LONG 18MM","PacuWmSup118228","CDM","278","RC","C1713","HCPCS","","","facility","both","","","","745.8","745.8","","","","","","","","","","","","","Gross Charge Type: Main Acute Price List"
"Y-PLATE, MIDFACE MATRIX TI 1X3-HOLE 0.5MM THK","PacuChSup48930","CDM","278","RC","C1713","HCPCS","","","facility","both","","","","2797.51","2797.51","","","","","","","","","","","","","Gross Charge Type: Main Acute Price List"
"Y-PLATE, MIDFACE MATRIX TI 1X3-HOLE 0.5MM THK","ScanWmSup48930","CDM","278","RC","C1713","HCPCS","","","facility","both","","","","2797.51","2797.51","","","","","","","","","","","","","Gross Charge Type: Main Acute Price List"
"Y-PLATE, NEURO LOW PROFILE TI 5-HOLES","CcthChSup49270","CDM","278","RC","C1713","HCPCS","","","facility","both","","","","1079.74","1079.74","","","","","","","","","","","","","Gross Charge Type: Main Acute Price List"
"Y-PLATE, SLIM T8 6 SHAFT HOLES","ScanWmSup115646","CDM","278","RC","C1713","HCPCS","","","facility","both","","","","4854.78","4854.78","","","","","","","","","","","","","Gross Charge Type: Main Acute Price List"
"Y-PLATE, SLIM T8 7 SHAFT HOLE","ScanWmSup109265","CDM","278","RC","C1713","HCPCS","","","facility","both","","","","5165.26","5165.26","","","","","","","","","","","","","Gross Charge Type: Main Acute Price List"
"Y-PLATE, V2 MINI FRAG","PacuWmSup108563","CDM","278","RC","C1713","HCPCS","","","facility","both","","","","5450.13","5450.13","","","","","","","","","","","","","Gross Charge Type: Main Acute Price List"
"Y-PLATE,LCP 2.0MM 2-HOLE HEAD 7-H SHAFT","AnesChSup58752","CDM","278","RC","C1713","HCPCS","","","facility","both","","","","2466.05","2466.05","","","","","","","","","","","","","Gross Charge Type: Main Acute Price List"
"Y-PLATE,LCP 2.0MM 2-HOLE HEAD 7-H SHAFT","CcthChSup58752","CDM","278","RC","C1713","HCPCS","","","facility","both","","","","2466.05","2466.05","","","","","","","","","","","","","Gross Charge Type: Main Acute Price List"
"Y-PLATE,LCP 2.0MM 2-HOLE HEAD 7-H SHAFT","OperWmSup58752","CDM","278","RC","C1713","HCPCS","","","facility","both","","","","2466.05","2466.05","","","","","","","","","","","","","Gross Charge Type: Main Acute Price List"
"Y-PLATE,LCP 2.0MM 2-HOLE HEAD 7-H SHAFT","ScorWmSup58752","CDM","278","RC","C1713","HCPCS","","","facility","both","","","","2466.05","2466.05","","","","","","","","","","","","","Gross Charge Type: Main Acute Price List"
"YERSINIA,STOOL EXAM-CULTURE","MicrCh1558","CDM","306","RC","87046","HCPCS","","","facility","both","","","","92.25","92.25","","","","","","","","","","","","","Gross Charge Type: Main Acute Price List"
"Yt gnotyp ache exon 2","0201U","HCPCS","","","","","","","facility","outpatient","","","","","","Amerihealth","Caritas Next Other Commercial Plan","185.2","","","","","","","fee schedule","175.94","555.6","Laboratory"
"ZIPWIRE, STANDARD SHAFT ANGLED TIP .038/150CM","OperChSup53316","CDM","272","RC","C1769","HCPCS","","","facility","both","","","","219.52","219.52","","","","","","","","","","","","","Gross Charge Type: Main Acute Price List"
"ZIPWIRE, STANDARD SHAFT STRAIGHT TIP .032/150CM","EplbChSup53312","CDM","272","RC","C1769","HCPCS","","","facility","both","","","","319.81","319.81","","","","","","","","","","","","","Gross Charge Type: Main Acute Price List"
"ZIPWIRE, STANDARD SHAFT STRAIGHT TIP .035/150CM","PacuWmSup53313","CDM","272","RC","C1769","HCPCS","","","facility","both","","","","219.52","219.52","","","","","","","","","","","","","Gross Charge Type: Main Acute Price List"
"ZIPWIRE, STIFF SHAFT ANGLED TIP 0.25","ScorWmSup53315","CDM","272","RC","C1769","HCPCS","","","facility","both","","","","1599.01","1599.01","","","","","","","","","","","","","Gross Charge Type: Main Acute Price List"
"ZIPWIRE, STIFF SHAFT STRAIGHT TIP .035/150CM","ScanWmSup53311","CDM","272","RC","C1769","HCPCS","","","facility","both","","","","319.81","319.81","","","","","","","","","","","","","Gross Charge Type: Main Acute Price List"
